data/maxent_model/Sphagnum_lindbergii_avg.asc
ncols         84
nrows         158
xllcorner     -352686.604927571
yllcorner     -535181.610689381
cellsize      10000.0
NODATA_value  -9999
[rows 30 to 59 of 158, columns 0 to 67 of 84]
-9999 -9999 -9999 -9999 -9999 -9999 -9999 -9999 -9999 -9999 -9999 -9999 -9999 -9999 -9999 -9999 -9999 -9999 -9999 -9999 -9999 -9999 -9999 -9999 -9999 -9999 -9999 -9999 -9999 -9999 9.84754E-2 9.59114E-2 9.3756E-2 1.53446E-1 2.61528E-1 2.47676E-1 2.84822E-1 3.85804E-1 4.64641E-1 4.5215E-1 6.68297E-1 5.58396E-1 5.15603E-1 6.40065E-1 6.5258E-1 7.53234E-1 8.5973E-1 8.96672E-1 9.06139E-1 8.4936E-1 8.75654E-1 8.40404E-1 7.88879E-1 7.82837E-1 8.28489E-1 8.35807E-1 8.40465E-1 8.31722E-1 8.109E-1 8.07127E-1 7.14397E-1 6.62689E-1 6.73472E-1 7.0982E-1 7.72635E-1 7.77887E-1 7.73937E-1 -9999
-9999 -9999 -9999 -9999 -9999 -9999 -9999 -9999 -9999 -9999 -9999 -9999 -9999 -9999 -9999 -9999 -9999 -9999 -9999 -9999 -9999 -9999 -9999 -9999 -9999 -9999 -9999 -9999 -9999 -9999 1.00058E-1 9.90091E-2 1.07867E-1 1.25158E-1 2.20488E-1 3.33512E-1 4.2058E-1 4.61123E-1 5.54022E-1 5.93071E-1 6.60219E-1 7.04592E-1 6.75315E-1 7.42655E-1 7.53827E-1 7.70227E-1 8.43267E-1 8.76279E-1 9.14999E-1 8.81374E-1 8.90654E-1 8.72434E-1 8.02986E-1 7.31567E-1 7.84114E-1 7.98105E-1 7.84831E-1 8.15462E-1 7.33715E-1 7.92369E-1 7.75078E-1 6.88402E-1 6.77802E-1 6.72975E-1 7.52009E-1 7.67803E-1 7.63791E-1 7.5521E-1
-9999 -9999 -9999 -9999 -9999 -9999 -9999 -9999 -9999 -9999 -9999 -9999 -9999 -9999 -9999 -9999 -9999 -9999 -9999 -9999 -9999 -9999 -9999 -9999 -9999 -9999 -9999 -9999 -9999 -9999 9.56699E-2 9.39393E-2 1.19905E-1 2.12721E-1 2.865E-1 3.07868E-1 3.57042E-1 4.86936E-1 6.14942E-1 6.22809E-1 6.26435E-1 7.16214E-1 7.61243E-1 7.20356E-1 8.29595E-1 8.26182E-1 8.51479E-1 8.73557E-1 8.96504E-1 9.04058E-1 9.00861E-1 9.00566E-1 8.12709E-1 7.83091E-1 7.21481E-1 7.51018E-1 7.432E-1 7.55835E-1 6.5305E-1 7.27818E-1 7.54273E-1 7.25419E-1 7.12422E-1 6.75388E-1 7.52194E-1 7.58107E-1 7.58556E-1 7.52952E-1
-9999 -9999 -9999 -9999 -9999 -9999 -9999 -9999 -9999 -9999 -9999 -9999 -9999 -9999 -9999 -9999 -9999 -9999 -9999 -9999 -9999 -9999 -9999 -9999 -9999 -9999 -9999 -9999 -9999 -9999 1.74079E-1 1.64793E-1 1.20247E-1 1.81065E-1 2.41215E-1 3.8294E-1 4.53593E-1 5.25931E-1 6.36197E-1 6.8804E-1 6.31175E-1 7.21776E-1 7.51415E-1 8.01828E-1 8.54147E-1 8.47579E-1 8.43964E-1 8.59014E-1 8.93907E-1 9.05865E-1 9.06273E-1 9.02753E-1 8.20563E-1 7.8588E-1 6.88555E-1 7.22385E-1 7.49181E-1 6.70577E-1 6.36303E-1 6.83561E-1 7.12484E-1 6.93334E-1 6.86283E-1 6.85922E-1 7.40481E-1 7.4615E-1 7.47194E-1 7.45405E-1
-9999 -9999 -9999 -9999 -9999 -9999 -9999 -9999 -9999 -9999 -9999 -9999 -9999 -9999 -9999 -9999 -9999 -9999 -9999 -9999 -9999 -9999 -9999 -9999 -9999 -9999 -9999 1.19443E-1 1.62048E-1 1.62483E-1 1.94603E-1 2.25226E-1 2.03687E-1 1.96392E-1 2.67329E-1 3.05101E-1 4.25234E-1 5.68065E-1 6.45803E-1 6.94228E-1 7.46677E-1 7.70137E-1 7.63337E-1 7.4378E-1 8.3921E-1 8.73193E-1 8.84054E-1 8.84968E-1 9.11715E-1 9.13476E-1 9.06233E-1 9.02912E-1 8.71831E-1 8.50276E-1 6.96083E-1 7.27373E-1 7.42378E-1 7.02096E-1 6.03566E-1 6.38062E-1 6.74734E-1 6.79918E-1 6.4967E-1 6.50843E-1 7.17902E-1 7.35094E-1 7.39024E-1 7.38933E-1
-9999 -9999 -9999 -9999 -9999 -9999 -9999 -9999 -9999 -9999 -9999 -9999 -9999 -9999 -9999 -9999 -9999 -9999 -9999 -9999 -9999 -9999 -9999 -9999 -9999 -9999 1.23324E-1 1.67035E-1 1.5614E-1 1.23658E-1 2.11254E-1 1.29232E-1 1.58663E-1 2.80655E-1 2.37204E-1 3.28233E-1 4.3689E-1 5.17977E-1 6.6546E-1 7.18996E-1 7.5131E-1 7.91269E-1 7.95473E-1 8.16059E-1 8.34614E-1 8.8593E-1 8.98268E-1 9.06976E-1 9.12185E-1 9.05832E-1 8.57946E-1 8.64825E-1 8.76149E-1 8.33556E-1 7.18615E-1 6.63773E-1 7.04837E-1 6.71075E-1 6.07893E-1 5.81366E-1 5.70397E-1 6.22687E-1 6.2374E-1 6.46283E-1 6.86227E-1 7.07835E-1 7.29377E-1 7.31623E-1
-9999 -9999 -9999 -9999 -9999 -9999 -9999 -9999 -9999 -9999 -9999 -9999 -9999 -9999 -9999 -9999 -9999 -9999 -9999 -9999 -9999 -9999 -9999 -9999 -9999 -9999 8.86577E-2 1.02096E-1 1.79942E-1 1.62361E-1 2.47511E-1 2.25009E-1 2.21121E-1 3.50565E-1 3.50505E-1 3.29366E-1 3.86894E-1 5.35685E-1 6.55166E-1 7.28952E-1 7.8061E-1 8.11805E-1 8.2561E-1 8.27972E-1 8.57598E-1 8.8477E-1 8.94553E-1 9.02115E-1 8.86543E-1 8.99559E-1 8.45044E-1 7.6314E-1 8.58827E-1 8.54081E-1 8.15979E-1 7.68129E-1 6.48663E-1 6.42872E-1 5.65731E-1 5.86366E-1 5.61371E-1 5.73412E-1 5.62458E-1 6.20844E-1 6.45678E-1 6.73997E-1 6.99822E-1 7.03581E-1
-9999 -9999 -9999 -9999 -9999 -9999 -9999 -9999 -9999 -9999 -9999 -9999 -9999 -9999 -9999 -9999 -9999 -9999 -9999 -9999 -9999 -9999 -9999 -9999 -9999 -9999 1.1445E-1 8.72716E-2 1.59817E-1 8.79253E-2 2.63355E-1 2.90004E-1 2.67043E-1 3.2846E-1 4.6936E-1 4.81269E-1 5.03959E-1 5.83702E-1 6.90019E-1 7.39758E-1 7.87824E-1 8.2102E-1 8.14449E-1 8.34427E-1 8.71506E-1 8.84055E-1 8.91411E-1 8.97608E-1 8.98395E-1 8.86783E-1 8.50016E-1 7.91185E-1 7.2817E-1 7.78083E-1 7.94849E-1 7.45796E-1 6.86882E-1 6.06353E-1 5.2635E-1 5.25447E-1 5.56503E-1 5.41445E-1 5.66352E-1 5.58338E-1 6.1413E-1 6.11034E-1 6.5791E-1 6.7453E-1
-9999 -9999 -9999 -9999 -9999 -9999 -9999 -9999 -9999 -9999 -9999 -9999 -9999 -9999 -9999 -9999 -9999 -9999 -9999 -9999 -9999 -9999 -9999 -9999 -9999 -9999 1.79574E-1 2.08409E-1 2.56681E-1 1.23807E-1 3.07758E-1 3.54484E-1 3.23802E-1 3.62204E-1 4.15987E-1 5.64605E-1 6.09671E-1 6.1704E-1 7.03611E-1 7.29715E-1 7.95938E-1 8.17361E-1 8.42651E-1 8.47657E-1 8.47658E-1 8.85554E-1 8.90311E-1 8.93789E-1 8.93902E-1 8.91804E-1 8.83695E-1 8.73147E-1 8.49033E-1 7.35188E-1 7.5241E-1 6.74566E-1 6.63896E-1 6.59536E-1 5.63845E-1 5.1969E-1 4.99844E-1 4.988E-1 4.86407E-1 5.58571E-1 5.72097E-1 5.82756E-1 6.47873E-1 6.6734E-1
-9999 -9999 -9999 -9999 -9999 -9999 -9999 -9999 -9999 -9999 -9999 -9999 -9999 -9999 -9999 -9999 -9999 -9999 -9999 -9999 -9999 -9999 -9999 -9999 -9999 -9999 1.78467E-1 2.18192E-1 2.70135E-1 3.47066E-1 3.91389E-1 3.39697E-1 3.46834E-1 4.46406E-1 4.78484E-1 5.00962E-1 5.93823E-1 6.94172E-1 7.40516E-1 7.27592E-1 8.04449E-1 8.30476E-1 8.51184E-1 8.64109E-1 8.73672E-1 8.82581E-1 8.89245E-1 8.90916E-1 8.91244E-1 8.84402E-1 8.76454E-1 8.67025E-1 8.36247E-1 7.28149E-1 7.27663E-1 6.44272E-1 6.5796E-1 6.75211E-1 6.00867E-1 5.06118E-1 4.92946E-1 5.00159E-1 5.11322E-1 5.13842E-1 -9999 -9999 -9999 -9999
-9999 -9999 -9999 -9999 -9999 -9999 -9999 -9999 -9999 -9999 -9999 -9999 -9999 -9999 -9999 -9999 -9999 -9999 -9999 -9999 -9999 -9999 -9999 -9999 -9999 -9999 1.21424E-1 1.12102E-1 2.24081E-1 3.62812E-1 4.16844E-1 3.35963E-1 4.55137E-1 4.31821E-1 5.43861E-1 6.119E-1 6.43735E-1 7.02472E-1 7.60643E-1 7.90016E-1 8.17304E-1 8.3527E-1 8.54762E-1 8.65609E-1 8.73129E-1 8.7848E-1 8.84432E-1 8.83933E-1 8.84038E-1 8.78369E-1 8.69028E-1 8.5784E-1 8.44218E-1 8.21152E-1 7.81251E-1 7.19931E-1 6.24092E-1 6.56514E-1 5.40954E-1 4.96461E-1 5.02416E-1 4.95254E-1 4.9747E-1 5.07178E-1 -9999 -9999 -9999 -9999
-9999 -9999 -9999 -9999 -9999 -9999 -9999 -9999 -9999 -9999 -9999 -9999 -9999 -9999 -9999 -9999 -9999 -9999 -9999 -9999 -9999 -9999 -9999 -9999 -9999 -9999 1.43158E-1 1.96497E-1 2.60785E-1 3.58146E-1 4.18795E-1 3.6122E-1 4.42799E-1 5.41879E-1 5.14681E-1 5.74919E-1 6.6174E-1 7.22625E-1 7.65042E-1 8.11476E-1 8.33107E-1 8.47927E-1 8.59352E-1 8.64003E-1 8.65915E-1 8.75055E-1 8.7319E-1 8.79336E-1 8.76272E-1 8.68853E-1 8.6066E-1 8.48676E-1 8.35048E-1 8.16053E-1 7.85987E-1 7.4722E-1 6.18715E-1 5.92834E-1 5.24627E-1 4.96523E-1 4.71223E-1 4.72781E-1 4.87298E-1 4.98437E-1 -9999 -9999 -9999 -9999
-9999 -9999 -9999 -9999 -9999 -9999 -9999 -9999 -9999 -9999 -9999 -9999 -9999 -9999 -9999 -9999 -9999 -9999 -9999 -9999 -9999 -9999 -9999 -9999 -9999 -9999 1.43019E-1 1.87469E-1 2.44637E-1 3.61829E-1 4.54795E-1 4.92963E-1 5.58723E-1 6.04402E-1 6.19045E-1 6.42875E-1 6.75419E-1 7.41928E-1 7.79215E-1 8.20961E-1 8.41114E-1 8.54332E-1 8.61784E-1 8.65359E-1 8.72433E-1 8.70072E-1 8.69171E-1 8.70793E-1 8.691E-1 8.61686E-1 8.53451E-1 8.38955E-1 8.24405E-1 8.06282E-1 7.86688E-1 7.53897E-1 6.17172E-1 5.5058E-1 5.05663E-1 4.89888E-1 4.65412E-1 4.664E-1 4.62234E-1 -9999 -9999 -9999 -9999 -9999
-9999 -9999 -9999 -9999 -9999 -9999 -9999 -9999 -9999 -9999 -9999 -9999 -9999 -9999 -9999 -9999 -9999 -9999 -9999 -9999 -9999 -9999 -9999 -9999 -9999 -9999 1.46008E-1 2.12886E-1 3.20412E-1 3.67373E-1 3.98229E-1 3.16899E-1 4.69782E-1 6.2592E-1 6.54285E-1 6.78123E-1 6.89752E-1 7.43065E-1 7.84951E-1 8.26894E-1 8.47543E-1 8.57258E-1 8.63122E-1 8.66781E-1 8.70692E-1 8.71871E-1 8.69294E-1 8.67739E-1 8.6361E-1 8.55918E-1 8.4158E-1 8.27736E-1 8.10733E-1 7.94466E-1 7.73998E-1 7.50606E-1 6.55789E-1 5.30616E-1 5.13824E-1 4.86419E-1 -9999 -9999 -9999 -9999 -9999 -9999 -9999 -9999
-9999 -9999 -9999 -9999 -9999 -9999 -9999 -9999 -9999 -9999 -9999 -9999 -9999 -9999 -9999 -9999 -9999 -9999 -9999 -9999 -9999 -9999 -9999 -9999 -9999 1.43823E-1 1.91411E-1 2.22359E-1 3.36292E-1 3.56804E-1 3.56336E-1 3.65817E-1 5.68463E-1 6.17324E-1 6.60553E-1 6.90355E-1 7.24663E-1 7.08299E-1 7.34419E-1 8.35002E-1 8.52786E-1 8.59145E-1 8.63424E-1 8.66729E-1 8.67781E-1 8.66586E-1 8.64515E-1 8.59916E-1 8.54435E-1 8.46388E-1 8.34372E-1 8.17896E-1 7.99823E-1 7.82226E-1 7.6224E-1 7.39857E-1 7.31148E-1 6.03179E-1 5.26931E-1 4.83027E-1 4.63319E-1 -9999 -9999 -9999 -9999 -9999 -9999 -9999
-9999 -9999 -9999 -9999 -9999 -9999 -9999 -9999 -9999 -9999 -9999 -9999 -9999 -9999 -9999 -9999 -9999 -9999 -9999 -9999 -9999 -9999 -9999 -9999 -9999 1.19119E-1 1.81185E-1 2.12804E-1 3.28138E-1 3.13956E-1 3.98077E-1 5.57882E-1 6.21229E-1 6.42626E-1 6.66944E-1 6.97074E-1 7.47322E-1 7.87365E-1 7.9383E-1 8.40866E-1 8.56858E-1 8.61415E-1 8.62214E-1 8.65278E-1 8.64505E-1 8.59377E-1 8.56869E-1 8.48354E-1 8.43874E-1 8.35607E-1 8.23743E-1 8.08237E-1 7.90178E-1 7.70449E-1 7.4891E-1 7.35775E-1 6.84605E-1 6.32674E-1 5.47051E-1 4.89801E-1 -9999 -9999 -9999 -9999 -9999 -9999 -9999 -9999
-9999 -9999 -9999 -9999 -9999 -9999 -9999 -9999 -9999 -9999 -9999 -9999 -9999 -9999 -9999 -9999 -9999 -9999 -9999 -9999 -9999 -9999 -9999 -9999 1.3189E-1 1.39778E-1 1.64807E-1 2.2652E-1 3.10947E-1 3.03007E-1 3.17179E-1 5.37936E-1 6.14977E-1 6.51311E-1 6.80315E-1 7.00403E-1 7.34742E-1 7.9689E-1 8.29312E-1 8.49582E-1 8.58885E-1 8.6113E-1 8.61004E-1 8.61702E-1 8.60424E-1 8.56992E-1 8.53913E-1 8.41004E-1 8.31602E-1 8.21232E-1 8.10243E-1 7.97479E-1 7.78682E-1 7.54857E-1 7.3717E-1 7.21051E-1 6.59506E-1 5.82375E-1 5.21155E-1 -9999 -9999 -9999 -9999 -9999 -9999 -9999 -9999 -9999
-9999 -9999 -9999 -9999 -9999 -9999 -9999 -9999 -9999 -9999 -9999 -9999 -9999 -9999 -9999 -9999 -9999 -9999 -9999 -9999 -9999 -9999 -9999 -9999 1.88166E-1 1.69776E-1 1.77079E-1 2.73008E-1 3.84703E-1 4.32383E-1 5.11118E-1 5.99707E-1 6.37602E-1 6.53582E-1 6.8267E-1 6.95478E-1 7.52758E-1 7.99419E-1 8.32619E-1 8.50624E-1 8.57641E-1 8.60577E-1 8.597E-1 8.54643E-1 8.54373E-1 8.48036E-1 8.45366E-1 8.37641E-1 8.26107E-1 8.10491E-1 7.94062E-1 7.79625E-1 7.65798E-1 7.45908E-1 7.36978E-1 7.02736E-1 6.31579E-1 5.53747E-1 -9999 -9999 -9999 -9999 -9999 -9999 -9999 -9999 -9999 -9999
-9999 -9999 -9999 -9999 -9999 -9999 -9999 -9999 -9999 -9999 -9999 -9999 -9999 -9999 -9999 -9999 -9999 -9999 -9999 -9999 -9999 -9999 -9999 1.60312E-1 1.8018E-1 2.4088E-1 2.33034E-1 2.41573E-1 2.64168E-1 4.50207E-1 5.48239E-1 6.10854E-1 6.41621E-1 6.63932E-1 6.7452E-1 7.15108E-1 7.51255E-1 7.98495E-1 8.29296E-1 8.49088E-1 8.56509E-1 8.53866E-1 8.5436E-1 8.49814E-1 8.46057E-1 8.37293E-1 8.33572E-1 8.26507E-1 8.19125E-1 8.05869E-1 7.88024E-1 7.65998E-1 7.51682E-1 7.41999E-1 6.94778E-1 6.45051E-1 5.73934E-1 5.33429E-1 -9999 -9999 -9999 -9999 -9999 -9999 -9999 -9999 -9999 -9999
-9999 -9999 -9999 -9999 -9999 -9999 -9999 -9999 -9999 -9999 -9999 -9999 -9999 -9999 -9999 -9999 -9999 -9999 -9999 -9999 -9999 -9999 -9999 1.60777E-1 1.86262E-1 2.513E-1 2.46198E-1 3.31852E-1 3.95598E-1 4.57059E-1 4.45875E-1 5.83059E-1 5.90884E-1 6.80117E-1 6.94781E-1 7.23246E-1 7.61702E-1 7.98176E-1 8.21599E-1 8.31534E-1 8.51812E-1 8.53817E-1 8.4888E-1 8.43496E-1 8.36376E-1 8.29189E-1 8.26795E-1 8.14755E-1 8.08457E-1 7.94738E-1 7.7934E-1 7.58508E-1 7.42651E-1 7.28547E-1 6.75678E-1 6.21681E-1 5.87191E-1 5.64993E-1 -9999 -9999 -9999 -9999 -9999 -9999 -9999 -9999 -9999 -9999
-9999 -9999 -9999 -9999 -9999 -9999 -9999 -9999 -9999 -9999 -9999 -9999 -9999 -9999 -9999 -9999 -9999 -9999 -9999 -9999 -9999 -9999 1.53205E-1 1.6099E-1 2.21354E-1 2.13E-1 2.70064E-1 3.54746E-1 4.55302E-1 5.07082E-1 5.93824E-1 6.20515E-1 6.63437E-1 6.13988E-1 6.74017E-1 7.39952E-1 7.74526E-1 7.98791E-1 8.19332E-1 8.29928E-1 8.4716E-1 8.53397E-1 8.44401E-1 8.37605E-1 8.32588E-1 8.22962E-1 8.15897E-1 8.01032E-1 7.95737E-1 7.84792E-1 7.67716E-1 7.48293E-1 7.33403E-1 7.12053E-1 6.42481E-1 6.26026E-1 5.59447E-1 5.203E-1 -9999 -9999 -9999 -9999 -9999 -9999 -9999 -9999 -9999 -9999
-9999 -9999 -9999 -9999 -9999 -9999 -9999 -9999 -9999 -9999 -9999 -9999 -9999 -9999 -9999 -9999 -9999 -9999 -9999 -9999 -9999 -9999 1.3323E-1 1.61555E-1 2.35905E-1 2.24278E-1 3.12833E-1 4.08209E-1 4.42367E-1 5.22413E-1 5.55904E-1 5.89775E-1 6.67654E-1 6.89083E-1 6.54685E-1 7.33798E-1 7.78386E-1 8.03935E-1 8.19071E-1 8.22923E-1 8.3683E-1 8.4661E-1 8.43259E-1 8.34769E-1 8.26151E-1 8.16632E-1 8.09466E-1 7.99878E-1 7.8365E-1 7.7442E-1 7.55376E-1 7.37061E-1 7.29199E-1 7.19654E-1 6.45475E-1 6.10725E-1 5.43956E-1 5.04224E-1 4.57755E-1 -9999 -9999 -9999 -9999 -9999 -9999 -9999 -9999 -9999
-9999 -9999 -9999 -9999 -9999 -9999 -9999 -9999 -9999 -9999 -9999 -9999 -9999 -9999 -9999 -9999 -9999 -9999 -9999 -9999 -9999 1.32455E-1 1.54252E-1 1.67059E-1 2.41787E-1 2.89266E-1 3.65081E-1 4.03924E-1 4.77442E-1 5.56587E-1 5.20114E-1 5.85493E-1 6.5007E-1 6.82717E-1 7.12887E-1 7.31755E-1 7.7638E-1 8.049E-1 8.21724E-1 8.24134E-1 8.23684E-1 8.32416E-1 8.31366E-1 8.29853E-1 8.23229E-1 8.01814E-1 7.98106E-1 7.85488E-1 7.58208E-1 7.62365E-1 7.45056E-1 7.27268E-1 7.21501E-1 7.01185E-1 6.21886E-1 5.76132E-1 5.4156E-1 5.10678E-1 4.47774E-1 4.27856E-1 -9999 -9999 -9999 -9999 -9999 -9999 -9999 -9999
-9999 -9999 -9999 -9999 -9999 -9999 -9999 -9999 -9999 -9999 -9999 -9999 -9999 -9999 -9999 -9999 -9999 -9999 -9999 -9999 -9999 -9999 1.69014E-1 2.08906E-1 2.43838E-1 3.10321E-1 3.83978E-1 4.28175E-1 4.94842E-1 5.48863E-1 4.95474E-1 5.68262E-1 5.95235E-1 6.95218E-1 7.03221E-1 7.51702E-1 7.77004E-1 8.0303E-1 8.20579E-1 8.25561E-1 8.23059E-1 8.21271E-1 8.19744E-1 8.20673E-1 8.14017E-1 8.03787E-1 7.85555E-1 7.56183E-1 7.33878E-1 7.43961E-1 7.30252E-1 7.1823E-1 7.12635E-1 6.75217E-1 6.32374E-1 6.00208E-1 5.31967E-1 4.69421E-1 4.32522E-1 4.1795E-1 -9999 -9999 -9999 -9999 -9999 -9999 -9999 -9999
-9999 -9999 -9999 -9999 -9999 -9999 -9999 -9999 -9999 -9999 -9999 -9999 -9999 -9999 -9999 -9999 -9999 -9999 -9999 -9999 -9999 -9999 -9999 2.47471E-1 2.58253E-1 2.77186E-1 3.24089E-1 4.50643E-1 4.88872E-1 5.65872E-1 5.16003E-1 5.4172E-1 5.74197E-1 6.71574E-1 7.24441E-1 7.55066E-1 7.70584E-1 8.00964E-1 8.17001E-1 8.23456E-1 8.21974E-1 8.17792E-1 8.1107E-1 8.06729E-1 8.02229E-1 7.95509E-1 7.83514E-1 7.44217E-1 7.15636E-1 7.06955E-1 7.12799E-1 7.11408E-1 7.03886E-1 6.8371E-1 6.29926E-1 5.99441E-1 4.98657E-1 4.50402E-1 4.08234E-1 -9999 -9999 -9999 -9999 -9999 -9999 -9999 -9999 -9999
-9999 -9999 -9999 -9999 -9999 -9999 -9999 -9999 -9999 -9999 -9999 -9999 -9999 -9999 -9999 -9999 -9999 -9999 -9999 -9999 -9999 -9999 -9999 -9999 3.26464E-1 3.76398E-1 3.83296E-1 4.13602E-1 4.21769E-1 4.63456E-1 5.47081E-1 5.2944E-1 6.67594E-1 5.53457E-1 6.62084E-1 7.27937E-1 7.70376E-1 7.99334E-1 8.11093E-1 8.15371E-1 8.20529E-1 8.11673E-1 8.07891E-1 8.02104E-1 7.91575E-1 7.82798E-1 7.68084E-1 7.38007E-1 7.20244E-1 6.83942E-1 7.06707E-1 7.03293E-1 6.9567E-1 6.78917E-1 6.07112E-1 5.62225E-1 4.56751E-1 4.192E-1 3.89453E-1 -9999 -9999 -9999 -9999 -9999 -9999 -9999 -9999 -9999
-9999 -9999 -9999 -9999 -9999 -9999 -9999 -9999 -9999 -9999 -9999 -9999 -9999 -9999 -9999 -9999 -9999 -9999 -9999 -9999 -9999 -9999 -9999 -9999 3.02229E-1 4.37041E-1 4.83308E-1 4.53225E-1 4.63151E-1 4.57226E-1 4.83719E-1 5.27901E-1 6.57256E-1 5.83036E-1 6.52369E-1 6.98253E-1 7.63945E-1 7.93235E-1 8.05668E-1 8.11833E-1 8.1316E-1 8.07967E-1 8.00958E-1 7.92573E-1 7.75323E-1 7.71414E-1 7.26938E-1 7.27797E-1 6.93474E-1 6.68905E-1 6.46038E-1 6.62485E-1 6.6817E-1 6.07487E-1 5.8457E-1 5.12513E-1 4.31554E-1 3.89055E-1 -9999 -9999 -9999 -9999 -9999 -9999 -9999 -9999 -9999 -9999
-9999 -9999 -9999 -9999 -9999 -9999 -9999 -9999 -9999 -9999 -9999 -9999 -9999 -9999 -9999 -9999 -9999 -9999 1.62778E-1 1.77717E-1 1.81728E-1 -9999 -9999 3.02249E-1 4.10119E-1 4.20681E-1 5.30896E-1 5.59343E-1 5.45495E-1 4.82503E-1 5.24499E-1 5.12043E-1 5.17449E-1 5.80972E-1 6.38675E-1 6.94921E-1 7.5547E-1 7.86001E-1 7.83115E-1 7.9092E-1 8.00797E-1 7.96435E-1 7.89421E-1 7.80254E-1 7.70986E-1 7.57729E-1 7.14985E-1 6.8779E-1 6.55688E-1 6.56641E-1 6.46193E-1 6.07226E-1 6.12072E-1 5.69682E-1 5.3622E-1 4.59428E-1 3.90959E-1 -9999 -9999 -9999 -9999 -9999 -9999 -9999 -9999 -9999 -9999 -9999
-9999 -9999 -9999 -9999 -9999 -9999 -9999 -9999 -9999 -9999 -9999 -9999 -9999 -9999 -9999 -9999 1.56193E-1 1.58326E-1 1.69956E-1 1.96731E-1 1.94187E-1 2.64317E-1 2.91042E-1 2.93671E-1 3.81816E-1 5.19556E-1 5.44082E-1 6.01406E-1 5.26156E-1 4.96996E-1 5.46089E-1 6.14853E-1 5.21034E-1 5.72785E-1 5.73935E-1 6.96944E-1 7.68926E-1 7.87411E-1 7.66033E-1 7.69615E-1 7.85025E-1 7.85773E-1 7.76682E-1 7.68107E-1 7.47505E-1 7.4905E-1 7.33155E-1 6.60207E-1 6.41619E-1 6.33861E-1 6.05093E-1 5.89012E-1 5.65608E-1 5.35806E-1 4.7541E-1 4.23383E-1 3.76807E-1 -9999 -9999 -9999 -9999 -9999 -9999 -9999 -9999 -9999 -9999 -9999
-9999 -9999 -9999 -9999 -9999 -9999 -9999 -9999 -9999 -9999 -9999 -9999 -9999 -9999 -9999 -9999 1.66429E-1 1.65506E-1 1.90311E-1 2.2773E-1 2.22389E-1 2.78244E-1 3.48907E-1 3.3097E-1 3.56679E-1 5.09652E-1 5.99899E-1 6.01014E-1 5.44766E-1 4.70979E-1 5.25249E-1 5.38896E-1 5.27496E-1 5.62185E-1 5.3269E-1 6.32659E-1 7.62402E-1 7.81068E-1 7.3847E-1 7.79803E-1 7.80084E-1 7.72361E-1 7.64914E-1 7.41001E-1 6.97796E-1 7.2502E-1 6.79502E-1 6.45535E-1 6.07476E-1 5.92055E-1 5.43876E-1 5.51383E-1 5.43603E-1 4.73504E-1 4.24795E-1 3.90088E-1 3.6227E-1 -9999 -9999 -9999 -9999 -9999 -9999 -9999 -9999 -9999 -9999 -9999
