data/maxent_model/Sphagnum_cuspidatum_avg.asc
ncols         84
nrows         158
xllcorner     -352686.604927571
yllcorner     -535181.610689381
cellsize      10000.0
NODATA_value  -9999
[rows 30 to 59 of 158, columns 0 to 67 of 84]
-9999 -9999 -9999 -9999 -9999 -9999 -9999 -9999 -9999 -9999 -9999 -9999 -9999 -9999 -9999 -9999 -9999 -9999 -9999 -9999 -9999 -9999 -9999 -9999 -9999 -9999 -9999 -9999 -9999 -9999 1.60696E-3 8.27461E-4 3.04039E-4 1.53015E-3 1.14799E-2 2.4919E-3 2.06679E-3 3.68293E-3 4.73571E-3 3.8302E-3 1.10418E-2 5.02913E-3 3.6272E-3 5.6088E-3 4.75906E-3 5.63984E-3 7.81358E-3 8.27422E-3 7.06544E-3 6.81173E-3 7.39245E-3 9.09291E-3 1.08277E-2 1.07764E-2 8.79166E-3 7.96739E-3 7.31913E-3 7.05604E-3 7.7325E-3 6.85785E-3 1.39362E-2 1.84849E-2 1.85985E-2 1.70924E-2 1.3248E-2 1.07905E-2 1.39412E-2 -9999
-9999 -9999 -9999 -9999 -9999 -9999 -9999 -9999 -9999 -9999 -9999 -9999 -9999 -9999 -9999 -9999 -9999 -9999 -9999 -9999 -9999 -9999 -9999 -9999 -9999 -9999 -9999 -9999 -9999 -9999 1.37402E-3 6.27572E-4 4.02424E-4 3.9197E-4 2.41517E-3 7.4915E-3 8.83864E-3 6.4998E-3 8.00144E-3 7.48619E-3 8.67886E-3 9.6066E-3 6.63509E-3 7.87103E-3 6.34115E-3 5.18788E-3 5.78383E-3 5.16922E-3 5.70629E-3 5.94595E-3 6.20951E-3 7.64632E-3 9.97273E-3 1.21645E-2 9.9324E-3 9.03193E-3 9.43894E-3 7.8353E-3 1.26368E-2 9.03303E-3 1.02912E-2 1.7219E-2 1.90841E-2 2.10328E-2 1.55145E-2 1.18257E-2 1.54088E-2 1.85525E-2
-9999 -9999 -9999 -9999 -9999 -9999 -9999 -9999 -9999 -9999 -9999 -9999 -9999 -9999 -9999 -9999 -9999 -9999 -9999 -9999 -9999 -9999 -9999 -9999 -9999 -9999 -9999 -9999 -9999 -9999 6.59501E-4 3.17814E-4 4.70641E-4 3.43969E-3 6.15035E-3 3.48585E-3 3.23987E-3 6.77345E-3 1.14123E-2 7.75425E-3 6.15581E-3 8.90838E-3 9.77654E-3 5.91525E-3 9.07663E-3 6.5341E-3 5.61909E-3 4.5961E-3 4.09963E-3 4.83877E-3 4.81992E-3 6.2335E-3 9.26093E-3 9.98412E-3 1.31131E-2 1.15342E-2 1.22164E-2 1.15839E-2 1.90003E-2 1.35646E-2 1.19558E-2 1.48552E-2 1.69386E-2 2.17416E-2 1.57885E-2 1.35991E-2 1.39551E-2 1.61698E-2
-9999 -9999 -9999 -9999 -9999 -9999 -9999 -9999 -9999 -9999 -9999 -9999 -9999 -9999 -9999 -9999 -9999 -9999 -9999 -9999 -9999 -9999 -9999 -9999 -9999 -9999 -9999 -9999 -9999 -9999 7.94279E-3 3.11764E-3 3.62088E-4 1.09252E-3 1.92107E-3 6.96474E-3 7.4875E-3 7.81372E-3 1.14459E-2 1.11949E-2 5.48602E-3 8.01867E-3 7.6871E-3 8.61788E-3 1.0351E-2 6.79924E-3 4.64873E-3 3.64391E-3 3.7956E-3 4.05923E-3 4.53064E-3 6.04203E-3 8.75003E-3 9.81649E-3 1.57445E-2 1.38288E-2 1.23721E-2 1.80768E-2 2.12166E-2 1.76184E-2 1.56375E-2 1.80691E-2 2.01716E-2 2.15671E-2 1.77832E-2 1.78449E-2 1.69814E-2 1.7591E-2
-9999 -9999 -9999 -9999 -9999 -9999 -9999 -9999 -9999 -9999 -9999 -9999 -9999 -9999 -9999 -9999 -9999 -9999 -9999 -9999 -9999 -9999 -9999 -9999 -9999 -9999 -9999 1.21112E-2 2.05183E-2 1.01634E-2 1.08876E-2 1.00497E-2 2.549E-3 1.19159E-3 2.25231E-3 2.0254E-3 4.42425E-3 9.29559E-3 1.01208E-2 9.30751E-3 1.06522E-2 9.95516E-3 7.40987E-3 5.03181E-3 7.61325E-3 7.78693E-3 6.09345E-3 4.3116E-3 4.57982E-3 4.85076E-3 5.68173E-3 5.18394E-3 6.82449E-3 7.31175E-3 1.59115E-2 1.41156E-2 1.33868E-2 1.64861E-2 2.52381E-2 2.25435E-2 1.96279E-2 2.00705E-2 2.46798E-2 2.65945E-2 2.11876E-2 1.93938E-2 2.09411E-2 2.0737E-2
-9999 -9999 -9999 -9999 -9999 -9999 -9999 -9999 -9999 -9999 -9999 -9999 -9999 -9999 -9999 -9999 -9999 -9999 -9999 -9999 -9999 -9999 -9999 -9999 -9999 -9999 3.61307E-2 8.67061E-2 1.73243E-2 2.09584E-3 1.05376E-2 5.3898E-4 6.97024E-4 3.9947E-3 1.09993E-3 2.18325E-3 4.03403E-3 4.98516E-3 1.08441E-2 1.07758E-2 9.65295E-3 1.03264E-2 8.1183E-3 7.21758E-3 6.35414E-3 8.15108E-3 7.28316E-3 6.50556E-3 5.66982E-3 6.31643E-3 7.60128E-3 7.08492E-3 6.46416E-3 7.97791E-3 1.49828E-2 1.9347E-2 1.67872E-2 1.96972E-2 2.58056E-2 2.92283E-2 3.20916E-2 2.79972E-2 2.9664E-2 2.87275E-2 2.61999E-2 2.60198E-2 2.43605E-2 2.21189E-2
-9999 -9999 -9999 -9999 -9999 -9999 -9999 -9999 -9999 -9999 -9999 -9999 -9999 -9999 -9999 -9999 -9999 -9999 -9999 -9999 -9999 -9999 -9999 -9999 -9999 -9999 4.53131E-3 5.40227E-3 2.34733E-2 4.86388E-3 1.49177E-2 4.17252E-3 2.1603E-3 7.82354E-3 4.23087E-3 1.96536E-3 2.47134E-3 5.07285E-3 7.40163E-3 9.42372E-3 1.10249E-2 1.06641E-2 9.17037E-3 7.1887E-3 7.26257E-3 9.4247E-3 8.08834E-3 6.76988E-3 7.52202E-3 6.49065E-3 7.95622E-3 1.14367E-2 6.93238E-3 7.17692E-3 9.46494E-3 1.26918E-2 2.2203E-2 2.3227E-2 3.09002E-2 3.09101E-2 3.57043E-2 3.61498E-2 3.77254E-2 3.33074E-2 3.17768E-2 3.04231E-2 2.89065E-2 2.70555E-2
-9999 -9999 -9999 -9999 -9999 -9999 -9999 -9999 -9999 -9999 -9999 -9999 -9999 -9999 -9999 -9999 -9999 -9999 -9999 -9999 -9999 -9999 -9999 -9999 -9999 -9999 9.16558E-3 2.5326E-3 9.45322E-3 2.42798E-4 1.32717E-2 9.4219E-3 3.55686E-3 4.6559E-3 1.20422E-2 7.45992E-3 5.23036E-3 6.18748E-3 8.82764E-3 9.10539E-3 1.04615E-2 1.0329E-2 7.38969E-3 6.72453E-3 7.52919E-3 8.38235E-3 7.29511E-3 6.99363E-3 6.9037E-3 6.90002E-3 7.69102E-3 1.03814E-2 1.44325E-2 1.196E-2 1.12034E-2 1.4976E-2 2.01208E-2 2.73625E-2 3.63797E-2 3.90853E-2 3.86736E-2 4.13172E-2 3.92222E-2 4.0214E-2 3.57455E-2 3.69067E-2 3.29069E-2 3.1708E-2
-9999 -9999 -9999 -9999 -9999 -9999 -9999 -9999 -9999 -9999 -9999 -9999 -9999 -9999 -9999 -9999 -9999 -9999 -9999 -9999 -9999 -9999 -9999 -9999 -9999 -9999 4.53918E-2 6.12303E-2 8.31732E-2 7.48317E-4 1.84703E-2 1.74241E-2 6.08681E-3 5.56411E-3 5.70527E-3 1.29667E-2 1.09225E-2 6.8695E-3 8.45366E-3 7.58286E-3 9.63334E-3 8.64413E-3 8.33335E-3 6.79544E-3 5.23104E-3 7.34434E-3 5.5178E-3 4.78164E-3 6.34644E-3 5.70554E-3 6.37169E-3 6.31718E-3 7.9466E-3 1.53951E-2 1.48983E-2 2.14614E-2 2.31539E-2 2.42997E-2 3.50864E-2 4.21309E-2 4.74797E-2 4.86962E-2 5.1382E-2 4.22623E-2 4.114E-2 4.00901E-2 3.47303E-2 3.20034E-2
-9999 -9999 -9999 -9999 -9999 -9999 -9999 -9999 -9999 -9999 -9999 -9999 -9999 -9999 -9999 -9999 -9999 -9999 -9999 -9999 -9999 -9999 -9999 -9999 -9999 -9999 6.6803E-2 5.53347E-2 8.50777E-2 6.37778E-2 4.41564E-2 1.02497E-2 6.51897E-3 1.10153E-2 8.64209E-3 6.16083E-3 7.96916E-3 1.39608E-2 1.27741E-2 6.76435E-3 9.2087E-3 8.569E-3 9.24572E-3 8.28323E-3 6.69422E-3 6.4301E-3 6.87235E-3 4.95693E-3 5.3757E-3 5.81769E-3 6.13312E-3 5.65656E-3 9.13028E-3 1.66392E-2 1.75305E-2 2.45512E-2 2.46345E-2 2.44008E-2 3.3897E-2 4.61068E-2 5.08738E-2 5.11258E-2 5.04378E-2 4.97729E-2 -9999 -9999 -9999 -9999
-9999 -9999 -9999 -9999 -9999 -9999 -9999 -9999 -9999 -9999 -9999 -9999 -9999 -9999 -9999 -9999 -9999 -9999 -9999 -9999 -9999 -9999 -9999 -9999 -9999 -9999 7.56576E-3 2.53118E-3 1.60247E-2 6.32854E-2 5.18834E-2 8.04606E-3 1.66807E-2 7.84826E-3 1.28314E-2 1.34712E-2 1.07063E-2 1.22593E-2 1.45444E-2 1.12364E-2 9.71276E-3 8.10651E-3 8.58471E-3 7.68672E-3 6.46886E-3 5.78232E-3 6.88016E-3 6.63027E-3 5.65877E-3 5.31903E-3 5.3208E-3 4.13218E-3 5.99966E-3 9.79151E-3 1.42065E-2 2.00924E-2 2.89167E-2 2.85604E-2 4.12734E-2 4.98729E-2 5.13864E-2 5.27156E-2 5.28203E-2 5.19698E-2 -9999 -9999 -9999 -9999
-9999 -9999 -9999 -9999 -9999 -9999 -9999 -9999 -9999 -9999 -9999 -9999 -9999 -9999 -9999 -9999 -9999 -9999 -9999 -9999 -9999 -9999 -9999 -9999 -9999 -9999 1.16194E-2 2.26869E-2 2.51045E-2 8.60563E-2 3.50339E-2 8.76639E-3 1.22973E-2 1.78019E-2 8.36312E-3 8.3501E-3 1.21095E-2 1.36241E-2 1.17061E-2 1.4449E-2 1.22734E-2 1.0308E-2 8.78237E-3 6.856E-3 5.03101E-3 5.81E-3 4.22718E-3 5.11283E-3 5.86219E-3 5.78922E-3 4.72385E-3 4.42662E-3 4.76868E-3 8.55186E-3 1.44737E-2 1.87788E-2 3.09437E-2 3.55835E-2 4.47494E-2 5.12809E-2 5.5541E-2 5.6438E-2 5.52097E-2 5.36722E-2 -9999 -9999 -9999 -9999
-9999 -9999 -9999 -9999 -9999 -9999 -9999 -9999 -9999 -9999 -9999 -9999 -9999 -9999 -9999 -9999 -9999 -9999 -9999 -9999 -9999 -9999 -9999 -9999 -9999 -9999 1.0031E-2 1.48583E-2 1.43072E-2 2.98694E-2 5.24646E-2 3.08291E-2 3.27416E-2 2.56942E-2 1.73617E-2 1.34334E-2 1.20078E-2 1.48319E-2 1.20541E-2 1.33306E-2 1.24701E-2 1.02798E-2 8.3714E-3 6.67201E-3 6.77468E-3 5.37238E-3 4.63793E-3 4.52734E-3 6.02549E-3 6.61746E-3 5.40443E-3 4.95426E-3 6.41588E-3 6.82733E-3 9.00078E-3 1.85151E-2 3.29176E-2 4.13138E-2 4.87731E-2 5.29082E-2 5.72235E-2 5.77717E-2 5.8884E-2 -9999 -9999 -9999 -9999 -9999
-9999 -9999 -9999 -9999 -9999 -9999 -9999 -9999 -9999 -9999 -9999 -9999 -9999 -9999 -9999 -9999 -9999 -9999 -9999 -9999 -9999 -9999 -9999 -9999 -9999 -9999 9.08065E-3 2.07094E-2 3.95654E-2 2.4983E-2 1.56494E-2 3.75217E-3 1.13331E-2 3.18322E-2 2.90538E-2 2.04367E-2 1.18365E-2 1.17646E-2 1.12924E-2 1.25607E-2 1.1666E-2 1.16362E-2 8.64821E-3 7.62742E-3 6.70226E-3 7.28179E-3 6.21403E-3 5.98238E-3 5.07162E-3 5.37309E-3 7.50915E-3 8.09846E-3 9.15753E-3 7.88311E-3 9.31569E-3 1.4471E-2 3.19384E-2 4.60796E-2 5.02938E-2 5.47761E-2 -9999 -9999 -9999 -9999 -9999 -9999 -9999 -9999
-9999 -9999 -9999 -9999 -9999 -9999 -9999 -9999 -9999 -9999 -9999 -9999 -9999 -9999 -9999 -9999 -9999 -9999 -9999 -9999 -9999 -9999 -9999 -9999 -9999 9.69137E-3 2.04764E-2 1.87221E-2 3.82958E-2 1.71158E-2 8.43424E-3 5.66388E-3 2.2514E-2 2.07065E-2 2.1911E-2 2.68407E-2 1.79267E-2 8.64007E-3 7.12237E-3 1.21758E-2 1.25024E-2 1.18692E-2 1.0339E-2 8.35282E-3 8.2731E-3 7.83511E-3 6.79678E-3 6.9474E-3 5.89237E-3 5.99272E-3 7.43269E-3 8.79437E-3 1.0248E-2 9.6767E-3 1.23238E-2 1.65365E-2 2.46986E-2 4.14239E-2 5.01678E-2 5.64617E-2 5.91772E-2 -9999 -9999 -9999 -9999 -9999 -9999 -9999
-9999 -9999 -9999 -9999 -9999 -9999 -9999 -9999 -9999 -9999 -9999 -9999 -9999 -9999 -9999 -9999 -9999 -9999 -9999 -9999 -9999 -9999 -9999 -9999 -9999 4.54345E-3 1.44305E-2 1.05584E-2 2.49857E-2 7.42995E-3 1.11455E-2 3.00085E-2 3.05729E-2 2.45038E-2 2.17556E-2 2.27217E-2 2.44159E-2 1.97544E-2 1.10197E-2 1.14546E-2 1.18704E-2 1.05275E-2 1.03991E-2 9.0775E-3 8.32998E-3 8.47003E-3 7.60491E-3 8.98787E-3 8.06534E-3 7.72884E-3 7.71739E-3 8.56769E-3 9.34727E-3 1.24097E-2 1.42563E-2 2.348E-2 3.33459E-2 4.08589E-2 4.98761E-2 5.69911E-2 -9999 -9999 -9999 -9999 -9999 -9999 -9999 -9999
-9999 -9999 -9999 -9999 -9999 -9999 -9999 -9999 -9999 -9999 -9999 -9999 -9999 -9999 -9999 -9999 -9999 -9999 -9999 -9999 -9999 -9999 -9999 -9999 7.03577E-3 7.14793E-3 7.77787E-3 1.03166E-2 1.43803E-2 5.48823E-3 3.87799E-3 2.08782E-2 2.44478E-2 2.41848E-2 2.41579E-2 2.07833E-2 1.47854E-2 2.11963E-2 1.64944E-2 1.43628E-2 1.14621E-2 1.03502E-2 9.49149E-3 9.1956E-3 7.67582E-3 6.57754E-3 7.09071E-3 9.83709E-3 1.17218E-2 1.1026E-2 1.0872E-2 1.07701E-2 1.16526E-2 1.59172E-2 1.49677E-2 2.63708E-2 3.77116E-2 4.67784E-2 5.36979E-2 -9999 -9999 -9999 -9999 -9999 -9999 -9999 -9999 -9999
-9999 -9999 -9999 -9999 -9999 -9999 -9999 -9999 -9999 -9999 -9999 -9999 -9999 -9999 -9999 -9999 -9999 -9999 -9999 -9999 -9999 -9999 -9999 -9999 2.42731E-2 1.24931E-2 7.11739E-3 1.83647E-2 3.19973E-2 2.196E-2 2.40591E-2 3.09423E-2 2.80336E-2 2.22344E-2 2.22847E-2 1.57039E-2 1.83092E-2 1.98444E-2 1.95964E-2 1.49807E-2 1.24572E-2 1.07972E-2 9.23765E-3 1.02008E-2 8.96248E-3 9.32317E-3 8.51753E-3 8.062E-3 1.03813E-2 1.37085E-2 1.54382E-2 1.49943E-2 1.30505E-2 1.72738E-2 2.17474E-2 2.90266E-2 4.16051E-2 5.073E-2 -9999 -9999 -9999 -9999 -9999 -9999 -9999 -9999 -9999 -9999
-9999 -9999 -9999 -9999 -9999 -9999 -9999 -9999 -9999 -9999 -9999 -9999 -9999 -9999 -9999 -9999 -9999 -9999 -9999 -9999 -9999 -9999 -9999 4.38529E-2 6.82946E-2 5.37782E-2 2.05745E-2 6.81784E-3 3.94811E-3 2.066E-2 2.87093E-2 2.91959E-2 3.42256E-2 2.31158E-2 1.75869E-2 1.90696E-2 1.58893E-2 1.69902E-2 1.40614E-2 1.14184E-2 1.19004E-2 1.20775E-2 1.07329E-2 1.06902E-2 1.08333E-2 1.19561E-2 1.15747E-2 1.04338E-2 9.56293E-3 1.02012E-2 1.36249E-2 1.75513E-2 1.77124E-2 1.92909E-2 2.9523E-2 3.87856E-2 4.8864E-2 5.39646E-2 -9999 -9999 -9999 -9999 -9999 -9999 -9999 -9999 -9999 -9999
-9999 -9999 -9999 -9999 -9999 -9999 -9999 -9999 -9999 -9999 -9999 -9999 -9999 -9999 -9999 -9999 -9999 -9999 -9999 -9999 -9999 -9999 -9999 5.88953E-2 1.11097E-1 4.3065E-2 1.75013E-2 2.30662E-2 2.02094E-2 1.75091E-2 9.64922E-3 2.01704E-2 4.56221E-2 2.92793E-2 2.30126E-2 1.97778E-2 1.75485E-2 1.59509E-2 1.18858E-2 8.15991E-3 8.10677E-3 1.09905E-2 1.15851E-2 1.14948E-2 1.26503E-2 1.29574E-2 1.19143E-2 1.26419E-2 1.03188E-2 1.03615E-2 1.33981E-2 1.66533E-2 1.86321E-2 2.31172E-2 3.27582E-2 4.20277E-2 4.78973E-2 5.05506E-2 -9999 -9999 -9999 -9999 -9999 -9999 -9999 -9999 -9999 -9999
-9999 -9999 -9999 -9999 -9999 -9999 -9999 -9999 -9999 -9999 -9999 -9999 -9999 -9999 -9999 -9999 -9999 -9999 -9999 -9999 -9999 -9999 4.42144E-2 1.00462E-1 8.27514E-2 1.65752E-2 1.70885E-2 2.19216E-2 4.55486E-2 5.33311E-2 3.22669E-2 2.38634E-2 2.8275E-2 4.10113E-2 3.33614E-2 2.59587E-2 2.1458E-2 1.61048E-2 1.12907E-2 7.89261E-3 8.10787E-3 8.39207E-3 1.11545E-2 1.19426E-2 1.20489E-2 1.32552E-2 1.35241E-2 1.56991E-2 1.40998E-2 1.09528E-2 1.28397E-2 1.57634E-2 1.71112E-2 2.54319E-2 3.81788E-2 4.04858E-2 5.14116E-2 5.62789E-2 -9999 -9999 -9999 -9999 -9999 -9999 -9999 -9999 -9999 -9999
-9999 -9999 -9999 -9999 -9999 -9999 -9999 -9999 -9999 -9999 -9999 -9999 -9999 -9999 -9999 -9999 -9999 -9999 -9999 -9999 -9999 -9999 1.73104E-1 1.98802E-1 7.14875E-2 1.2586E-2 2.26327E-2 3.4097E-2 1.87819E-2 5.30011E-2 5.33158E-2 4.594E-2 2.63822E-2 2.95522E-2 3.5658E-2 2.90412E-2 2.46513E-2 1.91125E-2 1.24551E-2 7.42507E-3 7.12045E-3 8.50275E-3 9.34936E-3 1.05754E-2 1.25606E-2 1.39922E-2 1.34282E-2 1.29425E-2 1.60144E-2 1.32477E-2 1.3934E-2 1.7487E-2 1.82142E-2 2.23967E-2 3.71023E-2 4.25607E-2 5.23751E-2 5.69266E-2 6.44477E-2 -9999 -9999 -9999 -9999 -9999 -9999 -9999 -9999 -9999
-9999 -9999 -9999 -9999 -9999 -9999 -9999 -9999 -9999 -9999 -9999 -9999 -9999 -9999 -9999 -9999 -9999 -9999 -9999 -9999 -9999 1.19901E-1 1.43582E-1 2.81085E-1 9.44066E-2 2.88484E-2 3.90153E-2 6.60613E-2 5.72523E-2 4.41401E-2 6.65619E-2 4.73633E-2 3.67472E-2 2.0846E-2 2.77638E-2 2.98109E-2 2.62011E-2 2.01754E-2 1.49205E-2 8.66671E-3 6.00729E-3 6.60191E-3 7.25893E-3 9.49976E-3 1.14525E-2 1.58992E-2 1.52208E-2 1.59112E-2 1.89228E-2 1.56029E-2 1.6234E-2 1.84298E-2 1.8628E-2 2.52815E-2 4.06368E-2 4.86704E-2 5.15294E-2 5.40812E-2 6.53515E-2 7.25569E-2 -9999 -9999 -9999 -9999 -9999 -9999 -9999 -9999
-9999 -9999 -9999 -9999 -9999 -9999 -9999 -9999 -9999 -9999 -9999 -9999 -9999 -9999 -9999 -9999 -9999 -9999 -9999 -9999 -9999 -9999 2.09515E-1 1.88236E-1 1.54182E-1 5.2961E-2 4.70615E-2 6.49239E-2 5.81332E-2 5.32653E-2 7.60655E-2 5.16028E-2 4.53161E-2 2.32863E-2 1.75471E-2 2.62279E-2 2.59109E-2 2.09807E-2 1.7043E-2 1.10353E-2 7.03152E-3 5.97236E-3 5.93214E-3 7.79837E-3 1.08796E-2 1.05136E-2 1.60286E-2 1.91021E-2 2.06324E-2 1.78428E-2 1.73637E-2 1.98138E-2 2.05921E-2 2.94313E-2 3.76938E-2 4.3265E-2 5.22192E-2 5.98187E-2 6.69078E-2 7.43861E-2 -9999 -9999 -9999 -9999 -9999 -9999 -9999 -9999
-9999 -9999 -9999 -9999 -9999 -9999 -9999 -9999 -9999 -9999 -9999 -9999 -9999 -9999 -9999 -9999 -9999 -9999 -9999 -9999 -9999 -9999 -9999 5.30815E-2 1.18305E-1 1.95924E-1 1.52312E-1 6.46989E-2 7.28617E-2 4.93494E-2 6.81178E-2 5.85992E-2 4.927E-2 3.50385E-2 2.37205E-2 2.33234E-2 2.67883E-2 1.93811E-2 1.82455E-2 1.29718E-2 9.34277E-3 7.04886E-3 5.89984E-3 6.32852E-3 9.13415E-3 1.26668E-2 1.42582E-2 1.95496E-2 2.16647E-2 2.20117E-2 2.0823E-2 1.94665E-2 2.19379E-2 2.62733E-2 3.69821E-2 4.22415E-2 5.73617E-2 6.31421E-2 7.02995E-2 -9999 -9999 -9999 -9999 -9999 -9999 -9999 -9999 -9999
-9999 -9999 -9999 -9999 -9999 -9999 -9999 -9999 -9999 -9999 -9999 -9999 -9999 -9999 -9999 -9999 -9999 -9999 -9999 -9999 -9999 -9999 -9999 -9999 2.32456E-2 4.92279E-2 1.01011E-1 1.13683E-1 1.13654E-1 8.94148E-2 5.77056E-2 6.17726E-2 3.62132E-2 5.01441E-2 3.52826E-2 2.99624E-2 2.60411E-2 2.16191E-2 1.64625E-2 1.24689E-2 1.22557E-2 8.19754E-3 8.03932E-3 8.32427E-3 8.29699E-3 1.46288E-2 1.54804E-2 1.91147E-2 2.00773E-2 2.45329E-2 2.05567E-2 1.87038E-2 2.19102E-2 2.60894E-2 4.10006E-2 4.93528E-2 6.4801E-2 7.0019E-2 7.40293E-2 -9999 -9999 -9999 -9999 -9999 -9999 -9999 -9999 -9999
-9999 -9999 -9999 -9999 -9999 -9999 -9999 -9999 -9999 -9999 -9999 -9999 -9999 -9999 -9999 -9999 -9999 -9999 -9999 -9999 -9999 -9999 -9999 -9999 7.74776E-3 2.86462E-2 4.26204E-2 9.31672E-2 9.10627E-2 9.21713E-2 7.82082E-2 6.15885E-2 3.78115E-2 4.4924E-2 3.61074E-2 3.23423E-2 2.65524E-2 2.2232E-2 1.65361E-2 1.6301E-2 1.35038E-2 1.16992E-2 1.26233E-2 1.24473E-2 6.73196E-3 1.09305E-2 1.98837E-2 1.88925E-2 2.19093E-2 2.60521E-2 3.11037E-2 2.78655E-2 2.70069E-2 4.06767E-2 4.49812E-2 5.761E-2 7.02642E-2 7.76305E-2 -9999 -9999 -9999 -9999 -9999 -9999 -9999 -9999 -9999 -9999
-9999 -9999 -9999 -9999 -9999 -9999 -9999 -9999 -9999 -9999 -9999 -9999 -9999 -9999 -9999 -9999 -9999 -9999 1.26869E-1 3.42201E-2 7.44851E-3 -9999 -9999 1.06679E-1 2.29337E-2 1.39242E-2 2.61573E-2 4.54222E-2 5.82173E-2 8.10618E-2 6.40947E-2 6.49617E-2 6.01215E-2 4.48318E-2 3.75005E-2 3.25347E-2 2.69826E-2 2.26338E-2 2.13137E-2 1.83288E-2 1.13575E-2 9.52647E-3 1.43161E-2 1.42434E-2 1.39198E-2 9.73523E-3 1.97399E-2 2.19187E-2 2.66408E-2 2.70273E-2 2.96585E-2 3.96889E-2 3.89272E-2 4.826E-2 5.52122E-2 6.71588E-2 8.00571E-2 -9999 -9999 -9999 -9999 -9999 -9999 -9999 -9999 -9999 -9999 -9999
-9999 -9999 -9999 -9999 -9999 -9999 -9999 -9999 -9999 -9999 -9999 -9999 -9999 -9999 -9999 -9999 8.49887E-2 1.17736E-1 4.02549E-2 1.36307E-2 4.71429E-3 1.04838E-2 6.41772E-2 1.49597E-1 8.57353E-2 3.0857E-2 2.29179E-2 4.2799E-2 6.65008E-2 7.53655E-2 5.8843E-2 4.49894E-2 5.83245E-2 4.56659E-2 4.35079E-2 3.20085E-2 2.47484E-2 1.96822E-2 2.1684E-2 1.97087E-2 1.61464E-2 1.18143E-2 1.02215E-2 1.23084E-2 1.63392E-2 1.37547E-2 1.51458E-2 2.38793E-2 2.79461E-2 3.02943E-2 3.81243E-2 4.31559E-2 4.86638E-2 5.55534E-2 6.55288E-2 7.50913E-2 8.50283E-2 -9999 -9999 -9999 -9999 -9999 -9999 -9999 -9999 -9999 -9999 -9999
-9999 -9999 -9999 -9999 -9999 -9999 -9999 -9999 -9999 -9999 -9999 -9999 -9999 -9999 -9999 -9999 2.21163E-2 1.16996E-1 2.36855E-2 1.24632E-2 4.78422E-3 7.70283E-3 3.80498E-2 1.23661E-1 1.47674E-1 5.59851E-2 4.11784E-2 5.08691E-2 6.37765E-2 8.36512E-2 6.38701E-2 5.75301E-2 5.61739E-2 4.68101E-2 4.95011E-2 3.6619E-2 2.49316E-2 2.0949E-2 2.29255E-2 1.65766E-2 1.44589E-2 1.16703E-2 1.30525E-2 1.66393E-2 2.02049E-2 1.62002E-2 2.07038E-2 2.50031E-2 3.3875E-2 3.88978E-2 5.223E-2 5.08959E-2 5.29318E-2 6.71863E-2 7.6124E-2 8.3537E-2 8.91937E-2 -9999 -9999 -9999 -9999 -9999 -9999 -9999 -9999 -9999 -9999 -9999
