data/maxent_model/Sphagnum_lindbergii_avg.asc
ncols         84
nrows         158
xllcorner     -352686.604927571
yllcorner     -535181.610689381
cellsize      10000.0
NODATA_value  -9999
[rows 90 to 119 of 158, columns 0 to 67 of 84]
-9999 -9999 -9999 -9999 -9999 -9999 -9999 -9999 -9999 -9999 -9999 -9999 -9999 -9999 -9999 5.85289E-1 6.89639E-1 6.57834E-1 5.94673E-1 5.03347E-1 5.12068E-1 5.19328E-1 4.08918E-1 3.98827E-1 4.77193E-1 3.45557E-1 3.21783E-1 2.94254E-1 3.28941E-1 2.92013E-1 2.91379E-1 2.71455E-1 3.35894E-1 2.5376E-1 2.35993E-1 2.17527E-1 2.3527E-1 2.37885E-1 2.30011E-1 -9999 -9999 -9999 -9999 -9999 -9999 -9999 -9999 -9999 -9999 -9999 -9999 -9999 -9999 -9999 -9999 -9999 -9999 -9999 -9999 -9999 -9999 -9999 -9999 -9999 -9999 -9999 -9999 -9999
-9999 -9999 -9999 -9999 -9999 -9999 -9999 -9999 -9999 -9999 -9999 -9999 -9999 4.7294E-1 -9999 5.58065E-1 6.22895E-1 6.72619E-1 5.56958E-1 5.10397E-1 4.73113E-1 4.72569E-1 3.6963E-1 3.34335E-1 2.88783E-1 2.92033E-1 3.6504E-1 3.12455E-1 2.81001E-1 3.491E-1 2.73827E-1 3.04391E-1 3.55509E-1 3.29802E-1 2.82761E-1 2.63396E-1 2.38029E-1 2.36291E-1 2.22795E-1 2.20923E-1 -9999 -9999 -9999 -9999 -9999 -9999 -9999 -9999 -9999 -9999 -9999 -9999 -9999 -9999 -9999 -9999 -9999 -9999 -9999 -9999 -9999 -9999 -9999 -9999 -9999 -9999 -9999 -9999
-9999 -9999 -9999 -9999 -9999 -9999 -9999 -9999 -9999 -9999 -9999 -9999 5.5557E-1 5.05865E-1 4.94274E-1 5.70143E-1 6.00981E-1 5.67354E-1 5.46102E-1 5.34855E-1 4.37888E-1 4.38629E-1 4.69043E-1 3.57981E-1 2.6899E-1 2.94885E-1 3.05666E-1 3.35925E-1 3.05119E-1 3.08742E-1 2.97402E-1 2.9855E-1 3.3322E-1 3.0347E-1 2.77313E-1 2.7042E-1 2.36183E-1 2.34921E-1 2.23183E-1 2.04613E-1 -9999 -9999 -9999 -9999 -9999 -9999 -9999 -9999 -9999 -9999 -9999 -9999 -9999 -9999 -9999 -9999 -9999 -9999 -9999 -9999 -9999 -9999 -9999 -9999 -9999 -9999 -9999 -9999
-9999 -9999 -9999 -9999 -9999 -9999 -9999 -9999 -9999 -9999 -9999 -9999 4.66143E-1 4.31593E-1 5.08002E-1 5.43309E-1 5.24134E-1 5.53667E-1 5.24727E-1 5.21423E-1 4.46894E-1 3.56383E-1 4.01358E-1 3.72699E-1 2.71311E-1 2.58271E-1 2.67802E-1 2.82042E-1 2.53858E-1 2.5625E-1 2.83268E-1 2.88192E-1 3.30412E-1 2.81649E-1 2.45628E-1 2.40948E-1 2.31228E-1 2.22059E-1 2.09133E-1 1.97676E-1 -9999 -9999 -9999 -9999 -9999 -9999 -9999 -9999 -9999 -9999 -9999 -9999 -9999 -9999 -9999 -9999 -9999 -9999 -9999 -9999 -9999 -9999 -9999 -9999 -9999 -9999 -9999 -9999
-9999 -9999 -9999 -9999 -9999 -9999 -9999 -9999 -9999 -9999 -9999 -9999 -9999 5.36085E-1 4.98245E-1 4.73221E-1 5.18697E-1 5.82935E-1 4.74631E-1 5.23214E-1 4.5572E-1 3.54368E-1 3.43501E-1 3.27588E-1 3.1383E-1 2.49318E-1 2.41873E-1 2.39157E-1 2.80221E-1 3.19905E-1 2.47139E-1 2.56928E-1 3.22786E-1 2.86553E-1 2.51E-1 2.39415E-1 2.15457E-1 2.24965E-1 2.02182E-1 1.93679E-1 -9999 -9999 -9999 -9999 -9999 -9999 -9999 -9999 -9999 -9999 -9999 -9999 -9999 -9999 -9999 -9999 -9999 -9999 -9999 -9999 -9999 -9999 -9999 -9999 -9999 -9999 -9999 -9999
-9999 -9999 -9999 -9999 -9999 -9999 -9999 -9999 -9999 -9999 -9999 -9999 -9999 4.19217E-1 4.42812E-1 4.04427E-1 5.18951E-1 4.82678E-1 4.37115E-1 3.95586E-1 4.21123E-1 3.41095E-1 3.21072E-1 3.49791E-1 3.71553E-1 2.58185E-1 2.43181E-1 2.58892E-1 2.74275E-1 2.87625E-1 2.41695E-1 1.94816E-1 2.3179E-1 2.62762E-1 2.51271E-1 2.35648E-1 2.25338E-1 2.1415E-1 2.06714E-1 1.90257E-1 -9999 -9999 -9999 -9999 -9999 -9999 -9999 -9999 -9999 -9999 -9999 -9999 -9999 -9999 -9999 -9999 -9999 -9999 -9999 -9999 -9999 -9999 -9999 -9999 -9999 -9999 -9999 -9999
-9999 -9999 -9999 -9999 -9999 -9999 -9999 -9999 -9999 -9999 -9999 -9999 -9999 4.41387E-1 4.47712E-1 4.56979E-1 3.78655E-1 4.61098E-1 4.76605E-1 4.11343E-1 3.58894E-1 3.89139E-1 3.38574E-1 3.53456E-1 3.16017E-1 2.84846E-1 2.6896E-1 2.4097E-1 2.51411E-1 2.04334E-1 1.64511E-1 1.60014E-1 2.27471E-1 2.3323E-1 2.32739E-1 2.13843E-1 2.04485E-1 2.00647E-1 1.87568E-1 1.85861E-1 -9999 -9999 -9999 -9999 -9999 -9999 -9999 -9999 -9999 -9999 -9999 -9999 -9999 -9999 -9999 -9999 -9999 -9999 -9999 -9999 -9999 -9999 -9999 -9999 -9999 -9999 -9999 -9999
-9999 -9999 -9999 -9999 -9999 -9999 -9999 -9999 -9999 -9999 -9999 -9999 -9999 5.02591E-1 4.5855E-1 4.13255E-1 3.43462E-1 3.68992E-1 4.52738E-1 4.25076E-1 3.63002E-1 3.44795E-1 2.97282E-1 2.78178E-1 2.8427E-1 2.96837E-1 2.57203E-1 2.36834E-1 2.44216E-1 2.27933E-1 1.66125E-1 1.69764E-1 2.31021E-1 2.25317E-1 2.26031E-1 1.79053E-1 1.74321E-1 1.79615E-1 1.89052E-1 1.78896E-1 1.6926E-1 1.64502E-1 1.55402E-1 1.51889E-1 -9999 -9999 -9999 -9999 -9999 -9999 -9999 -9999 -9999 -9999 -9999 -9999 -9999 -9999 -9999 -9999 -9999 -9999 -9999 -9999 -9999 -9999 -9999 -9999
-9999 -9999 -9999 -9999 -9999 -9999 -9999 -9999 -9999 -9999 -9999 -9999 -9999 -9999 4.40545E-1 3.56241E-1 3.29292E-1 3.03684E-1 3.87307E-1 4.17429E-1 3.43978E-1 2.93725E-1 2.76387E-1 2.63439E-1 2.6463E-1 2.51058E-1 2.40832E-1 2.40308E-1 2.39289E-1 1.99765E-1 1.42946E-1 1.89806E-1 2.3065E-1 2.14551E-1 2.0005E-1 1.60479E-1 1.63182E-1 1.79646E-1 1.86358E-1 1.75007E-1 1.60056E-1 1.49509E-1 1.47754E-1 1.43867E-1 -9999 1.31696E-1 -9999 -9999 -9999 -9999 -9999 -9999 -9999 -9999 -9999 -9999 -9999 -9999 -9999 -9999 -9999 -9999 -9999 -9999 -9999 -9999 -9999 -9999
-9999 -9999 -9999 -9999 -9999 -9999 -9999 -9999 -9999 -9999 -9999 -9999 -9999 3.76739E-1 3.59666E-1 3.0894E-1 2.94499E-1 3.00286E-1 3.43622E-1 3.64434E-1 3.22791E-1 3.15889E-1 2.85658E-1 2.7206E-1 2.50014E-1 2.49448E-1 2.48491E-1 2.7261E-1 2.40813E-1 2.04231E-1 1.64614E-1 1.61147E-1 1.6884E-1 1.8974E-1 2.09341E-1 1.81834E-1 1.74746E-1 1.70798E-1 1.70702E-1 1.59325E-1 1.56816E-1 1.45214E-1 1.41602E-1 1.30796E-1 1.26021E-1 1.28057E-1 1.19534E-1 -9999 -9999 -9999 -9999 -9999 -9999 -9999 -9999 -9999 -9999 -9999 -9999 -9999 -9999 -9999 -9999 -9999 -9999 -9999 -9999 -9999
-9999 -9999 -9999 -9999 -9999 -9999 -9999 -9999 -9999 -9999 -9999 -9999 -9999 3.38262E-1 2.99879E-1 2.88264E-1 2.81113E-1 3.22937E-1 2.85808E-1 3.05608E-1 3.03435E-1 3.47425E-1 3.16906E-1 3.05887E-1 2.57824E-1 2.48229E-1 2.44613E-1 2.49828E-1 2.44517E-1 2.37184E-1 2.31948E-1 2.06675E-1 1.69431E-1 2.18727E-1 2.18661E-1 1.99088E-1 1.62568E-1 1.59513E-1 1.59578E-1 1.63747E-1 1.53608E-1 1.49536E-1 1.43022E-1 1.33412E-1 1.16809E-1 1.13558E-1 1.15444E-1 -9999 -9999 -9999 -9999 -9999 -9999 -9999 -9999 -9999 -9999 -9999 -9999 -9999 -9999 -9999 -9999 -9999 -9999 -9999 -9999 -9999
-9999 -9999 -9999 -9999 -9999 -9999 -9999 -9999 -9999 -9999 -9999 -9999 -9999 3.20657E-1 3.03871E-1 2.63151E-1 2.61754E-1 2.79057E-1 2.71722E-1 2.75046E-1 2.81762E-1 3.0337E-1 2.88067E-1 2.97277E-1 2.5956E-1 2.49611E-1 2.44423E-1 2.44076E-1 2.43602E-1 2.37335E-1 2.34431E-1 2.25816E-1 1.73752E-1 2.09861E-1 1.85943E-1 1.78935E-1 1.50794E-1 1.46015E-1 1.56441E-1 1.49652E-1 1.44901E-1 1.37769E-1 1.31036E-1 1.29627E-1 1.03247E-1 1.01472E-1 1.00251E-1 1.0345E-1 -9999 -9999 -9999 -9999 -9999 -9999 -9999 -9999 -9999 -9999 -9999 -9999 -9999 -9999 -9999 -9999 -9999 -9999 -9999 -9999
-9999 -9999 -9999 -9999 -9999 -9999 -9999 -9999 -9999 -9999 -9999 -9999 -9999 2.96405E-1 2.99705E-1 2.64719E-1 2.48485E-1 2.74198E-1 2.56541E-1 2.65319E-1 2.57332E-1 2.69801E-1 2.56732E-1 2.70024E-1 2.80733E-1 2.45709E-1 2.46393E-1 2.41984E-1 2.37891E-1 2.29195E-1 2.28727E-1 2.27342E-1 2.12748E-1 1.64933E-1 1.49268E-1 1.41902E-1 1.34998E-1 1.39436E-1 1.35627E-1 1.28586E-1 1.31711E-1 1.26025E-1 1.19764E-1 1.12059E-1 9.42726E-2 8.9888E-2 8.30141E-2 9.17283E-2 -9999 -9999 -9999 -9999 -9999 -9999 -9999 -9999 -9999 -9999 -9999 -9999 -9999 -9999 -9999 -9999 -9999 -9999 -9999 -9999
-9999 -9999 -9999 -9999 -9999 -9999 -9999 -9999 -9999 -9999 -9999 -9999 2.60498E-1 2.7498E-1 2.79537E-1 2.73604E-1 2.46929E-1 2.60908E-1 2.61277E-1 2.42398E-1 2.50004E-1 2.60733E-1 2.44205E-1 2.4628E-1 2.45263E-1 2.47063E-1 2.49127E-1 2.46948E-1 2.4121E-1 2.34487E-1 2.22055E-1 2.26387E-1 2.19746E-1 1.78105E-1 1.54692E-1 1.33225E-1 1.26251E-1 1.31509E-1 1.25751E-1 1.22988E-1 1.24645E-1 1.11148E-1 1.13787E-1 9.00312E-2 7.23517E-2 7.36808E-2 7.5477E-2 8.21775E-2 8.3373E-2 -9999 -9999 -9999 -9999 -9999 -9999 -9999 -9999 -9999 -9999 -9999 -9999 -9999 -9999 -9999 -9999 -9999 -9999 -9999
-9999 -9999 -9999 -9999 -9999 -9999 -9999 -9999 -9999 -9999 2.4859E-1 2.49608E-1 2.48883E-1 2.60592E-1 2.64914E-1 2.59934E-1 2.41308E-1 2.45802E-1 2.47147E-1 2.35056E-1 2.56882E-1 2.48441E-1 2.4362E-1 2.39584E-1 2.43036E-1 2.45442E-1 2.47928E-1 2.48324E-1 2.44803E-1 2.39716E-1 2.29021E-1 2.14878E-1 1.95739E-1 1.5898E-1 1.49852E-1 1.31294E-1 1.15256E-1 1.16245E-1 1.30905E-1 1.19859E-1 1.07018E-1 9.53477E-2 8.73018E-2 6.40834E-2 5.81959E-2 6.13193E-2 6.37235E-2 7.35634E-2 7.06712E-2 -9999 -9999 -9999 -9999 -9999 -9999 -9999 -9999 -9999 -9999 -9999 -9999 -9999 -9999 -9999 -9999 -9999 -9999 -9999
-9999 -9999 -9999 -9999 -9999 -9999 -9999 -9999 -9999 2.3572E-1 2.44377E-1 2.46809E-1 2.41957E-1 2.4576E-1 2.63081E-1 2.54631E-1 2.31304E-1 2.41568E-1 2.38333E-1 2.34473E-1 2.46447E-1 2.37804E-1 2.39257E-1 2.38973E-1 2.4104E-1 2.4367E-1 2.43485E-1 2.46814E-1 2.4486E-1 2.39634E-1 2.30222E-1 2.20827E-1 1.86245E-1 1.74495E-1 1.24345E-1 1.07499E-1 1.00676E-1 1.05915E-1 1.126E-1 1.02217E-1 8.91212E-2 7.78867E-2 6.48394E-2 5.16596E-2 4.76734E-2 5.08175E-2 5.12947E-2 5.85529E-2 6.2142E-2 6.42745E-2 -9999 -9999 -9999 -9999 -9999 -9999 -9999 -9999 -9999 -9999 -9999 -9999 -9999 -9999 -9999 -9999 -9999 -9999
-9999 -9999 -9999 -9999 -9999 -9999 -9999 -9999 -9999 -9999 2.37655E-1 2.46223E-1 2.41017E-1 2.39E-1 2.55183E-1 2.59736E-1 2.30713E-1 2.30607E-1 2.2862E-1 2.3583E-1 2.34751E-1 2.35648E-1 2.37226E-1 2.39402E-1 2.39535E-1 2.41195E-1 2.42823E-1 2.39027E-1 2.41186E-1 2.37303E-1 2.24662E-1 2.16419E-1 1.92829E-1 1.67962E-1 1.16981E-1 9.19182E-2 8.22563E-2 8.37056E-2 8.301E-2 8.05152E-2 7.10698E-2 6.43234E-2 4.83957E-2 4.43982E-2 3.99978E-2 4.11561E-2 4.24436E-2 4.43211E-2 5.37909E-2 5.52061E-2 5.89285E-2 -9999 -9999 -9999 -9999 -9999 -9999 -9999 -9999 -9999 -9999 -9999 -9999 -9999 -9999 -9999 -9999 -9999
-9999 -9999 -9999 -9999 -9999 -9999 -9999 -9999 2.27372E-1 2.37598E-1 2.33865E-1 2.45357E-1 2.43943E-1 2.17607E-1 2.37372E-1 2.33426E-1 2.3175E-1 2.26364E-1 2.23604E-1 2.28635E-1 2.33131E-1 2.33751E-1 2.33941E-1 2.38248E-1 2.37738E-1 2.3903E-1 2.43296E-1 2.35222E-1 2.36574E-1 2.21665E-1 2.08103E-1 1.86114E-1 1.89332E-1 1.40284E-1 9.87429E-2 7.07164E-2 6.46561E-2 5.77989E-2 5.57611E-2 5.57009E-2 4.85609E-2 4.70129E-2 3.93569E-2 3.07595E-2 2.86145E-2 3.21166E-2 3.60951E-2 3.86828E-2 4.35388E-2 4.98845E-2 4.72425E-2 -9999 -9999 -9999 -9999 -9999 -9999 -9999 -9999 -9999 -9999 -9999 -9999 -9999 -9999 -9999 -9999 -9999
-9999 -9999 -9999 -9999 -9999 -9999 -9999 -9999 2.25356E-1 2.34253E-1 2.38577E-1 2.42087E-1 2.449E-1 2.06331E-1 2.25434E-1 2.18226E-1 2.28296E-1 2.26339E-1 2.06862E-1 2.18237E-1 2.28653E-1 2.30103E-1 2.31101E-1 2.37108E-1 2.37934E-1 2.38947E-1 2.34128E-1 2.318E-1 1.97637E-1 1.91203E-1 1.69801E-1 1.48969E-1 1.43259E-1 1.07803E-1 7.46638E-2 5.23903E-2 4.84931E-2 4.69135E-2 4.72414E-2 4.58124E-2 3.99396E-2 3.66848E-2 2.82495E-2 2.36758E-2 2.19177E-2 3.13996E-2 3.39889E-2 3.24903E-2 3.63435E-2 3.76475E-2 -9999 -9999 -9999 -9999 -9999 -9999 -9999 -9999 -9999 -9999 -9999 -9999 -9999 -9999 -9999 -9999 -9999 -9999
-9999 -9999 -9999 -9999 -9999 -9999 -9999 -9999 2.24242E-1 2.23628E-1 2.42813E-1 2.37349E-1 2.45009E-1 2.3186E-1 2.15991E-1 2.0384E-1 2.1941E-1 2.08018E-1 1.98729E-1 1.96761E-1 2.11422E-1 2.26793E-1 2.23605E-1 2.35218E-1 2.3856E-1 2.37963E-1 2.32763E-1 2.07027E-1 1.28027E-1 1.26148E-1 1.12256E-1 1.06446E-1 7.70282E-2 6.40749E-2 4.86311E-2 3.50607E-2 3.7149E-2 3.48436E-2 3.54004E-2 3.49149E-2 3.14064E-2 3.22533E-2 2.36149E-2 1.66202E-2 1.82667E-2 2.53001E-2 2.72272E-2 2.6525E-2 2.99459E-2 3.51519E-2 -9999 -9999 -9999 -9999 -9999 -9999 -9999 -9999 -9999 -9999 -9999 -9999 -9999 -9999 -9999 -9999 -9999 -9999
-9999 -9999 -9999 -9999 -9999 -9999 -9999 -9999 2.22107E-1 1.98797E-1 2.3811E-1 2.45075E-1 2.45634E-1 2.42748E-1 2.20063E-1 1.9791E-1 2.03145E-1 1.89927E-1 1.79457E-1 1.81742E-1 1.74147E-1 2.1424E-1 2.19015E-1 2.26217E-1 2.34709E-1 2.33189E-1 2.32288E-1 1.76484E-1 9.20247E-2 8.23163E-2 7.47658E-2 6.66207E-2 5.34133E-2 4.64795E-2 4.02633E-2 3.28487E-2 3.10144E-2 3.17762E-2 3.02985E-2 2.78568E-2 2.39644E-2 2.03194E-2 1.91174E-2 1.54361E-2 1.52559E-2 1.7078E-2 2.09876E-2 2.24896E-2 2.78454E-2 2.83653E-2 -9999 -9999 -9999 -9999 -9999 -9999 -9999 -9999 -9999 -9999 -9999 -9999 -9999 -9999 -9999 -9999 -9999 -9999
-9999 -9999 -9999 -9999 -9999 -9999 -9999 -9999 -9999 1.85282E-1 2.18941E-1 2.35489E-1 2.46137E-1 2.39935E-1 2.03089E-1 1.89163E-1 1.6268E-1 1.5438E-1 1.45785E-1 1.30354E-1 1.27161E-1 1.3952E-1 2.17118E-1 2.13637E-1 2.1458E-1 2.32897E-1 2.33224E-1 9.63164E-2 8.63689E-2 8.38399E-2 6.89558E-2 6.42954E-2 6.34835E-2 5.7914E-2 4.68255E-2 3.73784E-2 3.39682E-2 3.10049E-2 2.96777E-2 2.58677E-2 2.05053E-2 1.73587E-2 1.51696E-2 1.27976E-2 1.25932E-2 1.46872E-2 1.74214E-2 1.969E-2 2.522E-2 2.47735E-2 -9999 -9999 -9999 -9999 -9999 -9999 -9999 -9999 -9999 -9999 -9999 -9999 -9999 -9999 -9999 -9999 -9999 -9999
-9999 -9999 -9999 -9999 -9999 -9999 -9999 -9999 1.83653E-1 1.83292E-1 1.93844E-1 1.99111E-1 2.38121E-1 2.07198E-1 1.74394E-1 1.81203E-1 1.48776E-1 1.35891E-1 1.25895E-1 1.12094E-1 1.0333E-1 1.09901E-1 2.02977E-1 2.01032E-1 1.99515E-1 2.22131E-1 1.39196E-1 6.53443E-2 5.80522E-2 5.13165E-2 4.94176E-2 4.93466E-2 5.08338E-2 4.70373E-2 4.37336E-2 4.03219E-2 3.98992E-2 3.61033E-2 3.0171E-2 2.27469E-2 1.89345E-2 1.61249E-2 1.24113E-2 1.26785E-2 1.28565E-2 1.37119E-2 1.66309E-2 1.85215E-2 2.14255E-2 -9999 -9999 -9999 -9999 -9999 -9999 -9999 -9999 -9999 -9999 -9999 -9999 -9999 -9999 -9999 -9999 -9999 -9999 -9999
-9999 -9999 -9999 -9999 -9999 7.79169E-2 8.12417E-2 -9999 1.61404E-1 1.83071E-1 1.95432E-1 2.11782E-1 2.33685E-1 1.95832E-1 1.58182E-1 1.53363E-1 1.43955E-1 1.21984E-1 1.08914E-1 9.7448E-2 9.01149E-2 9.85516E-2 1.66012E-1 1.65589E-1 1.97942E-1 1.41279E-1 6.44819E-2 5.35179E-2 5.08868E-2 4.65857E-2 4.14435E-2 4.13696E-2 4.99565E-2 5.20601E-2 5.49162E-2 5.0816E-2 4.27579E-2 4.06122E-2 3.70504E-2 2.89055E-2 2.21438E-2 1.77421E-2 1.38918E-2 1.41962E-2 1.29842E-2 1.44112E-2 1.33045E-2 1.7353E-2 -9999 -9999 -9999 -9999 -9999 -9999 -9999 -9999 -9999 -9999 -9999 -9999 -9999 -9999 -9999 -9999 -9999 -9999 -9999 -9999
-9999 -9999 -9999 -9999 6.05272E-2 6.85616E-2 8.27311E-2 -9999 1.75571E-1 1.7221E-1 1.83146E-1 1.95542E-1 2.22441E-1 1.57352E-1 1.30924E-1 1.34133E-1 1.36672E-1 1.07425E-1 9.54497E-2 8.70237E-2 8.12085E-2 8.30076E-2 1.17655E-1 1.29241E-1 1.07009E-1 7.75975E-2 5.94493E-2 5.06752E-2 6.00037E-2 6.42538E-2 5.71031E-2 5.24056E-2 4.39013E-2 5.33148E-2 4.65577E-2 4.01093E-2 3.49774E-2 3.40526E-2 2.83979E-2 2.16079E-2 2.26325E-2 1.46837E-2 1.31874E-2 1.35965E-2 1.05043E-2 1.13357E-2 1.25052E-2 1.5983E-2 -9999 -9999 -9999 -9999 -9999 -9999 -9999 -9999 -9999 -9999 -9999 -9999 -9999 -9999 -9999 -9999 -9999 -9999 -9999 -9999
-9999 -9999 -9999 -9999 4.93333E-2 5.95319E-2 8.69348E-2 1.33699E-1 1.71901E-1 1.65137E-1 1.70149E-1 1.78733E-1 1.66491E-1 1.26195E-1 1.17667E-1 1.18009E-1 1.23058E-1 9.20554E-2 7.98782E-2 7.55479E-2 7.02222E-2 7.82783E-2 8.42784E-2 1.26281E-1 1.03292E-1 1.0244E-1 9.42962E-2 8.8591E-2 8.5466E-2 6.58778E-2 5.94478E-2 4.43896E-2 3.93773E-2 4.05782E-2 3.48872E-2 3.22889E-2 3.16557E-2 2.70033E-2 2.56572E-2 2.07827E-2 1.69618E-2 1.18362E-2 1.04109E-2 9.62459E-3 8.38268E-3 1.10315E-2 1.12938E-2 -9999 -9999 -9999 -9999 -9999 -9999 -9999 -9999 -9999 -9999 -9999 -9999 -9999 -9999 -9999 -9999 -9999 -9999 -9999 -9999 -9999
-9999 -9999 -9999 -9999 4.71786E-2 5.83183E-2 9.85162E-2 1.14381E-1 1.46853E-1 1.51256E-1 1.75139E-1 1.87868E-1 1.28552E-1 1.14266E-1 1.11808E-1 1.10384E-1 1.00563E-1 7.93978E-2 7.09131E-2 6.56916E-2 6.25557E-2 8.62124E-2 9.79241E-2 1.54092E-1 1.28368E-1 1.43199E-1 9.02417E-2 1.02969E-1 8.32576E-2 5.94225E-2 5.22629E-2 3.90925E-2 3.62685E-2 3.41496E-2 3.18309E-2 2.71632E-2 2.75556E-2 2.91189E-2 2.48076E-2 2.08007E-2 1.4499E-2 9.94152E-3 8.56158E-3 7.61787E-3 8.23915E-3 8.80962E-3 -9999 -9999 -9999 -9999 -9999 -9999 -9999 -9999 -9999 -9999 -9999 -9999 -9999 -9999 -9999 -9999 -9999 -9999 -9999 -9999 -9999 -9999
-9999 -9999 -9999 -9999 4.57785E-2 5.69689E-2 9.21848E-2 1.0702E-1 1.28592E-1 1.49483E-1 1.69092E-1 1.70137E-1 1.08042E-1 1.05826E-1 1.06246E-1 1.03902E-1 8.55564E-2 7.03535E-2 6.31992E-2 6.23262E-2 5.98542E-2 8.61721E-2 1.24197E-1 1.36046E-1 1.34867E-1 1.0539E-1 6.7108E-2 1.07028E-1 6.58189E-2 5.00186E-2 4.00221E-2 3.39184E-2 3.4235E-2 3.54004E-2 3.19263E-2 2.36225E-2 2.23012E-2 2.4941E-2 2.24849E-2 1.68487E-2 1.32356E-2 8.81048E-3 6.41673E-3 6.09095E-3 7.28348E-3 -9999 -9999 -9999 -9999 -9999 -9999 -9999 -9999 -9999 -9999 -9999 -9999 -9999 -9999 -9999 -9999 -9999 -9999 -9999 -9999 -9999 -9999 -9999
-9999 -9999 -9999 -9999 -9999 5.31701E-2 8.07949E-2 1.09177E-1 1.115E-1 1.31762E-1 1.7263E-1 1.26921E-1 1.01781E-1 1.01342E-1 1.00267E-1 9.80493E-2 7.68214E-2 6.18978E-2 5.5691E-2 5.35302E-2 6.22764E-2 7.53714E-2 1.06766E-1 1.02792E-1 1.55289E-1 7.20969E-2 6.51125E-2 9.34972E-2 6.01819E-2 3.41428E-2 3.19125E-2 3.1537E-2 3.9105E-2 4.02937E-2 3.77144E-2 2.70798E-2 2.27453E-2 2.17146E-2 1.8867E-2 1.46065E-2 1.03809E-2 7.46712E-3 -9999 4.72791E-3 -9999 -9999 -9999 -9999 -9999 -9999 -9999 -9999 -9999 -9999 -9999 -9999 -9999 -9999 -9999 -9999 -9999 -9999 -9999 -9999 -9999 -9999 -9999 -9999
-9999 -9999 -9999 -9999 -9999 5.40609E-2 7.19017E-2 9.44079E-2 1.12986E-1 1.19574E-1 1.39956E-1 1.00312E-1 9.76455E-2 9.60559E-2 9.68615E-2 9.45558E-2 7.03743E-2 6.88696E-2 6.05108E-2 6.35661E-2 6.15528E-2 7.04469E-2 7.60086E-2 1.01801E-1 7.29186E-2 4.78883E-2 5.80478E-2 5.48438E-2 3.15104E-2 2.87264E-2 2.82535E-2 2.2645E-2 2.76184E-2 2.84411E-2 3.53483E-2 3.35318E-2 2.83156E-2 2.1437E-2 1.5191E-2 -9999 7.76189E-3 -9999 -9999 -9999 -9999 -9999 -9999 -9999 -9999 -9999 -9999 -9999 -9999 -9999 -9999 -9999 -9999 -9999 -9999 -9999 -9999 -9999 -9999 -9999 -9999 -9999 -9999 -9999
