data/maxent_model/Sphagnum_cuspidatum_avg.asc
ncols         84
nrows         158
xllcorner     -352686.604927571
yllcorner     -535181.610689381
cellsize      10000.0
NODATA_value  -9999
[rows 90 to 119 of 158, columns 0 to 67 of 84]
-9999 -9999 -9999 -9999 -9999 -9999 -9999 -9999 -9999 -9999 -9999 -9999 -9999 -9999 -9999 8.61141E-2 4.28171E-2 5.75791E-2 7.64353E-2 9.19314E-2 8.67682E-2 8.11187E-2 9.69636E-2 9.30501E-2 7.32255E-2 1.06035E-1 1.14292E-1 1.23717E-1 1.08605E-1 1.23306E-1 1.242E-1 1.35091E-1 1.05659E-1 1.52464E-1 1.9061E-1 2.34309E-1 2.37545E-1 2.45496E-1 2.62475E-1 -9999 -9999 -9999 -9999 -9999 -9999 -9999 -9999 -9999 -9999 -9999 -9999 -9999 -9999 -9999 -9999 -9999 -9999 -9999 -9999 -9999 -9999 -9999 -9999 -9999 -9999 -9999 -9999 -9999
-9999 -9999 -9999 -9999 -9999 -9999 -9999 -9999 -9999 -9999 -9999 -9999 -9999 1.02769E-1 -9999 8.89776E-2 7.10421E-2 4.58811E-2 8.22824E-2 8.8596E-2 9.32055E-2 8.77773E-2 1.03626E-1 1.15348E-1 1.41456E-1 1.34296E-1 9.70892E-2 1.18397E-1 1.32122E-1 1.0085E-1 1.34201E-1 1.21527E-1 9.88461E-2 1.10238E-1 1.41382E-1 1.70987E-1 2.3981E-1 2.56027E-1 2.75498E-1 2.9024E-1 -9999 -9999 -9999 -9999 -9999 -9999 -9999 -9999 -9999 -9999 -9999 -9999 -9999 -9999 -9999 -9999 -9999 -9999 -9999 -9999 -9999 -9999 -9999 -9999 -9999 -9999 -9999 -9999
-9999 -9999 -9999 -9999 -9999 -9999 -9999 -9999 -9999 -9999 -9999 -9999 8.59256E-2 9.65423E-2 9.87001E-2 8.33674E-2 7.40003E-2 7.96269E-2 8.22242E-2 8.11946E-2 9.88691E-2 9.30169E-2 8.21515E-2 1.06589E-1 1.65016E-1 1.34532E-1 1.24561E-1 1.09767E-1 1.231E-1 1.19991E-1 1.26054E-1 1.26265E-1 1.1169E-1 1.27838E-1 1.49505E-1 1.67987E-1 2.50811E-1 2.64993E-1 2.87196E-1 2.99871E-1 -9999 -9999 -9999 -9999 -9999 -9999 -9999 -9999 -9999 -9999 -9999 -9999 -9999 -9999 -9999 -9999 -9999 -9999 -9999 -9999 -9999 -9999 -9999 -9999 -9999 -9999 -9999 -9999
-9999 -9999 -9999 -9999 -9999 -9999 -9999 -9999 -9999 -9999 -9999 -9999 9.78632E-2 1.05164E-1 9.25566E-2 8.53019E-2 8.75509E-2 7.95207E-2 8.45831E-2 8.20915E-2 9.52148E-2 1.11394E-1 9.48995E-2 1.00898E-1 1.67888E-1 1.75067E-1 1.57212E-1 1.39462E-1 1.56561E-1 1.50044E-1 1.35673E-1 1.35043E-1 1.14955E-1 1.45067E-1 1.86086E-1 2.16854E-1 2.66617E-1 2.85647E-1 2.99996E-1 3.04128E-1 -9999 -9999 -9999 -9999 -9999 -9999 -9999 -9999 -9999 -9999 -9999 -9999 -9999 -9999 -9999 -9999 -9999 -9999 -9999 -9999 -9999 -9999 -9999 -9999 -9999 -9999 -9999 -9999
-9999 -9999 -9999 -9999 -9999 -9999 -9999 -9999 -9999 -9999 -9999 -9999 -9999 8.15279E-2 9.09578E-2 9.683E-2 8.5934E-2 6.90443E-2 9.39044E-2 7.91351E-2 9.13324E-2 1.13548E-1 1.18737E-1 1.2458E-1 1.31316E-1 1.91489E-1 1.93476E-1 1.85826E-1 1.42464E-1 1.19637E-1 1.5848E-1 1.55549E-1 1.20868E-1 1.46136E-1 1.84885E-1 2.26411E-1 2.84869E-1 2.9301E-1 3.15872E-1 3.27946E-1 -9999 -9999 -9999 -9999 -9999 -9999 -9999 -9999 -9999 -9999 -9999 -9999 -9999 -9999 -9999 -9999 -9999 -9999 -9999 -9999 -9999 -9999 -9999 -9999 -9999 -9999 -9999 -9999
-9999 -9999 -9999 -9999 -9999 -9999 -9999 -9999 -9999 -9999 -9999 -9999 -9999 1.01099E-1 9.95174E-2 1.08662E-1 8.343E-2 9.08553E-2 1.00894E-1 1.0762E-1 9.78605E-2 1.22467E-1 1.32753E-1 1.15235E-1 1.03216E-1 1.87896E-1 2.00703E-1 1.6696E-1 1.49302E-1 1.40172E-1 1.67014E-1 2.05981E-1 1.90878E-1 1.68015E-1 1.8901E-1 2.45798E-1 2.89752E-1 3.08366E-1 3.25414E-1 3.39646E-1 -9999 -9999 -9999 -9999 -9999 -9999 -9999 -9999 -9999 -9999 -9999 -9999 -9999 -9999 -9999 -9999 -9999 -9999 -9999 -9999 -9999 -9999 -9999 -9999 -9999 -9999 -9999 -9999
-9999 -9999 -9999 -9999 -9999 -9999 -9999 -9999 -9999 -9999 -9999 -9999 -9999 9.45106E-2 9.52518E-2 9.59381E-2 1.13638E-1 9.40948E-2 8.92043E-2 1.03343E-1 1.16062E-1 1.01956E-1 1.26185E-1 1.15619E-1 1.35679E-1 1.54449E-1 1.65725E-1 2.00923E-1 1.74337E-1 2.12663E-1 2.233E-1 2.37176E-1 2.12538E-1 2.16467E-1 2.37468E-1 2.89822E-1 3.09252E-1 3.2543E-1 3.42913E-1 3.49586E-1 -9999 -9999 -9999 -9999 -9999 -9999 -9999 -9999 -9999 -9999 -9999 -9999 -9999 -9999 -9999 -9999 -9999 -9999 -9999 -9999 -9999 -9999 -9999 -9999 -9999 -9999 -9999 -9999
-9999 -9999 -9999 -9999 -9999 -9999 -9999 -9999 -9999 -9999 -9999 -9999 -9999 7.99181E-2 8.97033E-2 1.03541E-1 1.28438E-1 1.17129E-1 9.30882E-2 9.83708E-2 1.16339E-1 1.26464E-1 1.57002E-1 1.75732E-1 1.62057E-1 1.50174E-1 1.86986E-1 2.21828E-1 1.91193E-1 2.10889E-1 2.36075E-1 2.44347E-1 2.15286E-1 2.4992E-1 2.68748E-1 3.16931E-1 3.3175E-1 3.43893E-1 3.52466E-1 3.65301E-1 3.74268E-1 3.8432E-1 3.99916E-1 4.0315E-1 -9999 -9999 -9999 -9999 -9999 -9999 -9999 -9999 -9999 -9999 -9999 -9999 -9999 -9999 -9999 -9999 -9999 -9999 -9999 -9999 -9999 -9999 -9999 -9999
-9999 -9999 -9999 -9999 -9999 -9999 -9999 -9999 -9999 -9999 -9999 -9999 -9999 -9999 9.14301E-2 1.2327E-1 1.3999E-1 1.63159E-1 1.09955E-1 9.82905E-2 1.30563E-1 1.67278E-1 1.91055E-1 2.0741E-1 1.94932E-1 2.14338E-1 2.28891E-1 2.23566E-1 2.16263E-1 2.54869E-1 2.74397E-1 2.53079E-1 2.31546E-1 2.72824E-1 2.99134E-1 3.34974E-1 3.48859E-1 3.53011E-1 3.63113E-1 3.7494E-1 3.88423E-1 3.99136E-1 4.07489E-1 4.15244E-1 -9999 4.48779E-1 -9999 -9999 -9999 -9999 -9999 -9999 -9999 -9999 -9999 -9999 -9999 -9999 -9999 -9999 -9999 -9999 -9999 -9999 -9999 -9999 -9999 -9999
-9999 -9999 -9999 -9999 -9999 -9999 -9999 -9999 -9999 -9999 -9999 -9999 -9999 1.1184E-1 1.20724E-1 1.57339E-1 1.80803E-1 1.70346E-1 1.35723E-1 1.23356E-1 1.49082E-1 1.53566E-1 1.77473E-1 1.91993E-1 2.31964E-1 2.21602E-1 2.1148E-1 1.73881E-1 2.31927E-1 2.82757E-1 2.8969E-1 2.97359E-1 3.04014E-1 3.04562E-1 3.06654E-1 3.38867E-1 3.5622E-1 3.67379E-1 3.78094E-1 3.91067E-1 3.97459E-1 4.08835E-1 4.20328E-1 4.29472E-1 4.44969E-1 4.6179E-1 4.7331E-1 -9999 -9999 -9999 -9999 -9999 -9999 -9999 -9999 -9999 -9999 -9999 -9999 -9999 -9999 -9999 -9999 -9999 -9999 -9999 -9999 -9999
-9999 -9999 -9999 -9999 -9999 -9999 -9999 -9999 -9999 -9999 -9999 -9999 -9999 1.35101E-1 1.70692E-1 1.95176E-1 2.11849E-1 1.53709E-1 1.98804E-1 1.68232E-1 1.69641E-1 1.36535E-1 1.56019E-1 1.6543E-1 2.13766E-1 2.28998E-1 2.45357E-1 2.07614E-1 2.26123E-1 2.60852E-1 2.6204E-1 2.96469E-1 3.27675E-1 3.04196E-1 3.15138E-1 3.36545E-1 3.72055E-1 3.83233E-1 3.911E-1 4.00356E-1 4.09562E-1 4.17956E-1 4.28926E-1 4.39684E-1 4.53639E-1 4.71275E-1 4.83945E-1 -9999 -9999 -9999 -9999 -9999 -9999 -9999 -9999 -9999 -9999 -9999 -9999 -9999 -9999 -9999 -9999 -9999 -9999 -9999 -9999 -9999
-9999 -9999 -9999 -9999 -9999 -9999 -9999 -9999 -9999 -9999 -9999 -9999 -9999 1.51198E-1 1.69064E-1 2.58794E-1 2.61865E-1 2.18101E-1 2.33832E-1 2.21533E-1 2.00186E-1 1.76571E-1 1.86399E-1 1.79124E-1 2.15278E-1 2.29404E-1 2.82742E-1 2.88024E-1 2.6585E-1 2.9084E-1 2.85818E-1 3.05726E-1 3.51122E-1 3.29872E-1 3.51996E-1 3.58506E-1 3.88018E-1 3.98045E-1 4.01135E-1 4.13924E-1 4.23546E-1 4.29906E-1 4.41725E-1 4.52325E-1 4.53754E-1 4.74381E-1 4.90999E-1 5.12679E-1 -9999 -9999 -9999 -9999 -9999 -9999 -9999 -9999 -9999 -9999 -9999 -9999 -9999 -9999 -9999 -9999 -9999 -9999 -9999 -9999
-9999 -9999 -9999 -9999 -9999 -9999 -9999 -9999 -9999 -9999 -9999 -9999 -9999 1.80784E-1 1.78812E-1 2.62453E-1 3.03495E-1 2.33533E-1 2.77517E-1 2.51636E-1 2.64802E-1 2.23209E-1 2.46958E-1 2.15241E-1 1.98129E-1 2.77033E-1 2.97711E-1 3.49748E-1 3.51403E-1 3.57698E-1 3.36627E-1 3.3122E-1 3.52072E-1 3.81443E-1 3.88076E-1 3.9185E-1 4.01859E-1 4.1151E-1 4.18953E-1 4.26292E-1 4.30232E-1 4.39477E-1 4.49256E-1 4.57788E-1 4.59014E-1 4.7589E-1 4.89312E-1 5.26265E-1 -9999 -9999 -9999 -9999 -9999 -9999 -9999 -9999 -9999 -9999 -9999 -9999 -9999 -9999 -9999 -9999 -9999 -9999 -9999 -9999
-9999 -9999 -9999 -9999 -9999 -9999 -9999 -9999 -9999 -9999 -9999 -9999 2.91161E-1 2.4116E-1 2.26403E-1 2.44862E-1 3.1872E-1 2.75913E-1 2.71684E-1 3.20173E-1 2.93509E-1 2.50937E-1 2.93538E-1 2.75228E-1 2.70018E-1 2.75756E-1 2.87481E-1 3.32135E-1 3.61422E-1 3.78864E-1 3.92525E-1 3.66716E-1 3.76567E-1 3.98274E-1 3.99119E-1 4.05084E-1 4.06841E-1 4.1352E-1 4.24184E-1 4.27414E-1 4.34472E-1 4.4408E-1 4.52352E-1 4.5329E-1 4.46021E-1 4.67445E-1 4.9606E-1 5.29159E-1 5.46479E-1 -9999 -9999 -9999 -9999 -9999 -9999 -9999 -9999 -9999 -9999 -9999 -9999 -9999 -9999 -9999 -9999 -9999 -9999 -9999
-9999 -9999 -9999 -9999 -9999 -9999 -9999 -9999 -9999 -9999 3.65243E-1 3.51402E-1 3.46236E-1 2.99884E-1 2.81498E-1 2.94432E-1 3.46241E-1 3.27311E-1 3.18829E-1 3.51288E-1 2.76507E-1 2.95592E-1 3.02461E-1 3.48652E-1 3.30752E-1 3.41032E-1 3.47884E-1 3.30683E-1 3.48729E-1 3.75221E-1 4.06512E-1 4.19576E-1 4.23008E-1 4.30383E-1 4.21305E-1 4.16419E-1 4.21661E-1 4.21329E-1 4.20737E-1 4.32885E-1 4.38644E-1 4.38575E-1 4.40832E-1 4.25277E-1 4.23023E-1 4.51377E-1 4.88478E-1 5.28254E-1 5.46358E-1 -9999 -9999 -9999 -9999 -9999 -9999 -9999 -9999 -9999 -9999 -9999 -9999 -9999 -9999 -9999 -9999 -9999 -9999 -9999
-9999 -9999 -9999 -9999 -9999 -9999 -9999 -9999 -9999 3.32755E-1 3.62823E-1 3.88211E-1 4.07643E-1 3.66897E-1 2.96045E-1 3.22178E-1 3.90334E-1 3.52127E-1 3.55058E-1 3.65674E-1 3.19157E-1 3.43573E-1 3.39655E-1 3.8522E-1 4.01253E-1 4.08014E-1 4.4548E-1 3.8188E-1 3.71092E-1 4.07114E-1 4.36883E-1 4.47851E-1 4.50183E-1 4.5081E-1 4.45517E-1 4.32324E-1 4.27475E-1 4.30324E-1 4.33972E-1 4.40825E-1 4.37004E-1 4.33775E-1 4.19651E-1 3.92832E-1 3.88855E-1 4.25077E-1 4.57456E-1 5.07716E-1 5.33573E-1 5.57324E-1 -9999 -9999 -9999 -9999 -9999 -9999 -9999 -9999 -9999 -9999 -9999 -9999 -9999 -9999 -9999 -9999 -9999 -9999
-9999 -9999 -9999 -9999 -9999 -9999 -9999 -9999 -9999 -9999 3.80817E-1 4.50463E-1 4.61807E-1 4.30971E-1 3.35651E-1 3.11763E-1 4.22271E-1 4.11641E-1 4.23056E-1 3.72227E-1 3.84151E-1 3.93075E-1 4.03593E-1 4.15339E-1 4.65695E-1 4.80244E-1 4.74292E-1 4.89508E-1 4.56132E-1 4.59881E-1 4.7906E-1 4.76862E-1 4.76948E-1 4.73487E-1 4.59869E-1 4.37085E-1 4.28964E-1 4.34499E-1 4.36119E-1 4.3663E-1 4.35503E-1 4.24407E-1 3.78524E-1 3.61986E-1 3.54978E-1 3.81112E-1 4.12323E-1 4.53043E-1 5.20014E-1 5.37707E-1 5.63219E-1 -9999 -9999 -9999 -9999 -9999 -9999 -9999 -9999 -9999 -9999 -9999 -9999 -9999 -9999 -9999 -9999 -9999
-9999 -9999 -9999 -9999 -9999 -9999 -9999 -9999 5.10742E-1 5.11927E-1 4.19393E-1 4.24533E-1 4.65534E-1 5.00801E-1 4.42117E-1 4.49326E-1 4.4451E-1 4.6998E-1 4.81081E-1 4.54981E-1 4.28559E-1 4.4714E-1 4.76942E-1 4.6902E-1 5.07637E-1 5.15519E-1 4.87348E-1 5.26724E-1 5.09239E-1 5.19691E-1 5.12959E-1 5.00265E-1 5.01651E-1 4.84841E-1 4.67603E-1 4.32028E-1 4.23985E-1 4.1807E-1 4.17677E-1 4.19606E-1 3.91965E-1 3.83985E-1 3.38453E-1 2.85876E-1 2.80843E-1 3.25765E-1 3.77648E-1 4.25012E-1 4.79102E-1 5.23712E-1 5.23675E-1 -9999 -9999 -9999 -9999 -9999 -9999 -9999 -9999 -9999 -9999 -9999 -9999 -9999 -9999 -9999 -9999 -9999
-9999 -9999 -9999 -9999 -9999 -9999 -9999 -9999 5.4654E-1 5.49732E-1 5.06531E-1 4.55895E-1 4.81153E-1 5.3308E-1 5.20195E-1 5.10601E-1 5.00505E-1 4.99581E-1 5.20172E-1 5.20144E-1 4.99213E-1 5.10732E-1 5.33198E-1 5.15413E-1 5.31031E-1 5.39407E-1 5.61368E-1 5.58896E-1 5.48865E-1 5.39731E-1 5.23708E-1 5.09691E-1 5.07847E-1 4.84535E-1 4.57236E-1 4.10423E-1 3.9035E-1 3.9165E-1 3.97862E-1 3.89931E-1 3.54955E-1 3.32147E-1 2.72512E-1 2.38373E-1 2.30966E-1 3.28674E-1 3.71996E-1 3.789E-1 4.41739E-1 4.65105E-1 -9999 -9999 -9999 -9999 -9999 -9999 -9999 -9999 -9999 -9999 -9999 -9999 -9999 -9999 -9999 -9999 -9999 -9999
-9999 -9999 -9999 -9999 -9999 -9999 -9999 -9999 6.0284E-1 6.40309E-1 5.93241E-1 4.81441E-1 5.31205E-1 5.5812E-1 5.50987E-1 5.41861E-1 5.38595E-1 5.38311E-1 5.484E-1 5.50403E-1 5.62714E-1 5.59744E-1 5.74859E-1 5.57463E-1 5.51026E-1 5.68056E-1 5.89385E-1 5.86855E-1 5.39345E-1 5.31624E-1 5.10334E-1 5.013E-1 4.46806E-1 4.28577E-1 4.00801E-1 3.34898E-1 3.43338E-1 3.33834E-1 3.41944E-1 3.38713E-1 3.13363E-1 3.11055E-1 2.44128E-1 1.83448E-1 2.05169E-1 2.86289E-1 3.23282E-1 3.33352E-1 3.81234E-1 4.59179E-1 -9999 -9999 -9999 -9999 -9999 -9999 -9999 -9999 -9999 -9999 -9999 -9999 -9999 -9999 -9999 -9999 -9999 -9999
-9999 -9999 -9999 -9999 -9999 -9999 -9999 -9999 6.72219E-1 6.93617E-1 6.44024E-1 5.82394E-1 5.34531E-1 5.34995E-1 5.7991E-1 5.707E-1 5.66608E-1 5.60886E-1 5.6577E-1 5.67368E-1 5.70032E-1 5.91728E-1 5.97704E-1 6.01831E-1 5.94147E-1 6.09659E-1 6.1339E-1 6.02347E-1 5.16965E-1 4.9247E-1 4.69958E-1 4.49057E-1 4.02445E-1 3.88334E-1 3.8207E-1 3.33258E-1 3.21658E-1 3.26794E-1 3.19636E-1 3.02158E-1 2.68294E-1 2.32681E-1 2.16552E-1 1.79223E-1 1.83148E-1 2.14118E-1 2.775E-1 3.08194E-1 3.85083E-1 4.02577E-1 -9999 -9999 -9999 -9999 -9999 -9999 -9999 -9999 -9999 -9999 -9999 -9999 -9999 -9999 -9999 -9999 -9999 -9999
-9999 -9999 -9999 -9999 -9999 -9999 -9999 -9999 -9999 7.27626E-1 6.97912E-1 6.6669E-1 6.11567E-1 6.12383E-1 6.09954E-1 5.9688E-1 5.68935E-1 5.59419E-1 5.61632E-1 5.55044E-1 5.59834E-1 5.79805E-1 6.15542E-1 6.24165E-1 6.30912E-1 6.2956E-1 6.30303E-1 5.61031E-1 5.30741E-1 5.18694E-1 4.79333E-1 4.58657E-1 4.53956E-1 4.45522E-1 4.22605E-1 3.79905E-1 3.56645E-1 3.36453E-1 3.25916E-1 2.96713E-1 2.47276E-1 2.14421E-1 1.87998E-1 1.60206E-1 1.62702E-1 1.98018E-1 2.46691E-1 2.86652E-1 3.69443E-1 3.68561E-1 -9999 -9999 -9999 -9999 -9999 -9999 -9999 -9999 -9999 -9999 -9999 -9999 -9999 -9999 -9999 -9999 -9999 -9999
-9999 -9999 -9999 -9999 -9999 -9999 -9999 -9999 7.88634E-1 7.63845E-1 7.37466E-1 7.09482E-1 6.73579E-1 6.59146E-1 6.2705E-1 6.16194E-1 5.71538E-1 5.56248E-1 5.58055E-1 5.54446E-1 5.52962E-1 5.70611E-1 6.30189E-1 6.38436E-1 6.48094E-1 6.5449E-1 6.38046E-1 5.18381E-1 4.83124E-1 4.54259E-1 4.40851E-1 4.33901E-1 4.3207E-1 4.23207E-1 4.22546E-1 4.14738E-1 4.13824E-1 3.88589E-1 3.4518E-1 2.79115E-1 2.42137E-1 2.1203E-1 1.67407E-1 1.6917E-1 1.76204E-1 1.94145E-1 2.45266E-1 2.78812E-1 3.25924E-1 -9999 -9999 -9999 -9999 -9999 -9999 -9999 -9999 -9999 -9999 -9999 -9999 -9999 -9999 -9999 -9999 -9999 -9999 -9999
-9999 -9999 -9999 -9999 -9999 7.57951E-1 7.57955E-1 -9999 8.14287E-1 7.96839E-1 7.71225E-1 7.42379E-1 7.09158E-1 6.89565E-1 6.31632E-1 6.10017E-1 5.86386E-1 5.54943E-1 5.52047E-1 5.55158E-1 5.5534E-1 5.78045E-1 6.36616E-1 6.46934E-1 6.67444E-1 6.5532E-1 5.45626E-1 5.07553E-1 4.83073E-1 4.56581E-1 4.29384E-1 4.14813E-1 4.49711E-1 4.60443E-1 4.78348E-1 4.69908E-1 4.34955E-1 4.29322E-1 4.14112E-1 3.48805E-1 2.86947E-1 2.40849E-1 1.95342E-1 1.99687E-1 1.89455E-1 2.16454E-1 2.10402E-1 2.77794E-1 -9999 -9999 -9999 -9999 -9999 -9999 -9999 -9999 -9999 -9999 -9999 -9999 -9999 -9999 -9999 -9999 -9999 -9999 -9999 -9999
-9999 -9999 -9999 -9999 7.25144E-1 7.52267E-1 7.95875E-1 -9999 8.56962E-1 8.22897E-1 7.93397E-1 7.67194E-1 7.43782E-1 6.74474E-1 5.93503E-1 5.90053E-1 5.94676E-1 5.53556E-1 5.54467E-1 5.52203E-1 5.525E-1 5.6787E-1 6.30952E-1 6.52207E-1 6.41324E-1 6.02083E-1 5.54526E-1 5.20901E-1 5.37969E-1 5.42311E-1 5.0897E-1 4.83683E-1 4.43911E-1 4.84485E-1 4.58234E-1 4.33403E-1 4.04809E-1 3.9985E-1 3.54875E-1 2.92623E-1 3.05083E-1 2.16481E-1 1.98193E-1 2.05945E-1 1.66637E-1 1.84908E-1 2.08958E-1 2.57435E-1 -9999 -9999 -9999 -9999 -9999 -9999 -9999 -9999 -9999 -9999 -9999 -9999 -9999 -9999 -9999 -9999 -9999 -9999 -9999 -9999
-9999 -9999 -9999 -9999 6.91983E-1 7.39834E-1 8.42648E-1 8.80802E-1 8.82648E-1 8.44518E-1 8.06905E-1 7.79719E-1 7.3821E-1 6.19969E-1 5.77018E-1 5.69909E-1 5.82272E-1 5.49002E-1 5.49008E-1 5.50128E-1 5.44623E-1 5.78175E-1 6.07009E-1 6.71736E-1 6.59399E-1 6.65492E-1 6.54685E-1 6.39993E-1 6.2498E-1 5.70653E-1 5.37713E-1 4.73578E-1 4.40063E-1 4.46507E-1 4.14236E-1 3.96872E-1 3.93625E-1 3.5319E-1 3.41539E-1 2.94674E-1 2.54958E-1 1.90809E-1 1.72717E-1 1.62468E-1 1.45486E-1 1.90594E-1 1.96758E-1 -9999 -9999 -9999 -9999 -9999 -9999 -9999 -9999 -9999 -9999 -9999 -9999 -9999 -9999 -9999 -9999 -9999 -9999 -9999 -9999 -9999
-9999 -9999 -9999 -9999 6.92034E-1 7.56013E-1 8.81653E-1 8.75386E-1 8.85604E-1 8.48122E-1 8.3585E-1 8.11965E-1 6.80108E-1 6.07238E-1 5.79173E-1 5.651E-1 5.62532E-1 5.44144E-1 5.43241E-1 5.44528E-1 5.42165E-1 6.17389E-1 6.43675E-1 6.96851E-1 6.96006E-1 7.09105E-1 6.65527E-1 6.77426E-1 6.42055E-1 5.71268E-1 5.33519E-1 4.69533E-1 4.44616E-1 4.25966E-1 4.06856E-1 3.61601E-1 3.67272E-1 3.84349E-1 3.45848E-1 3.07583E-1 2.34812E-1 1.71965E-1 1.5381E-1 1.39395E-1 1.52386E-1 1.61987E-1 -9999 -9999 -9999 -9999 -9999 -9999 -9999 -9999 -9999 -9999 -9999 -9999 -9999 -9999 -9999 -9999 -9999 -9999 -9999 -9999 -9999 -9999
-9999 -9999 -9999 -9999 6.94321E-1 7.6042E-1 8.75001E-1 8.7498E-1 8.7363E-1 8.65404E-1 8.53886E-1 8.16945E-1 6.43243E-1 6.00602E-1 5.75939E-1 5.62016E-1 5.49101E-1 5.41202E-1 5.38899E-1 5.54471E-1 5.57606E-1 6.3689E-1 6.8839E-1 7.03113E-1 7.11893E-1 7.00078E-1 6.35673E-1 6.94337E-1 6.23319E-1 5.57803E-1 5.00676E-1 4.45147E-1 4.45459E-1 4.51875E-1 4.21425E-1 3.36414E-1 3.23842E-1 3.55588E-1 3.33282E-1 2.71591E-1 2.27334E-1 1.60116E-1 1.26361E-1 1.20534E-1 1.40025E-1 -9999 -9999 -9999 -9999 -9999 -9999 -9999 -9999 -9999 -9999 -9999 -9999 -9999 -9999 -9999 -9999 -9999 -9999 -9999 -9999 -9999 -9999 -9999
-9999 -9999 -9999 -9999 -9999 7.41822E-1 8.46793E-1 8.89448E-1 8.52286E-1 8.48968E-1 8.77428E-1 7.5214E-1 6.45564E-1 6.07025E-1 5.72226E-1 5.58469E-1 5.4678E-1 5.35104E-1 5.36682E-1 5.38443E-1 5.8781E-1 6.35882E-1 6.93887E-1 6.9962E-1 7.32949E-1 6.64848E-1 6.44964E-1 6.95056E-1 6.26906E-1 4.78181E-1 4.46542E-1 4.37401E-1 5.0113E-1 4.97341E-1 4.75111E-1 3.86211E-1 3.42758E-1 3.31876E-1 2.99588E-1 2.49647E-1 1.91193E-1 1.45653E-1 -9999 1.00374E-1 -9999 -9999 -9999 -9999 -9999 -9999 -9999 -9999 -9999 -9999 -9999 -9999 -9999 -9999 -9999 -9999 -9999 -9999 -9999 -9999 -9999 -9999 -9999 -9999
-9999 -9999 -9999 -9999 -9999 7.47108E-1 8.16574E-1 8.67578E-1 8.71164E-1 8.39822E-1 8.38546E-1 7.03648E-1 6.61949E-1 6.13039E-1 5.80514E-1 5.60957E-1 5.44811E-1 5.75826E-1 5.6832E-1 5.97078E-1 6.04882E-1 6.4376E-1 6.63871E-1 7.10282E-1 6.75596E-1 5.96789E-1 6.39116E-1 6.30385E-1 4.77146E-1 4.35234E-1 4.2384E-1 3.56673E-1 4.09729E-1 4.16874E-1 4.73272E-1 4.56246E-1 4.1669E-1 3.42246E-1 2.61111E-1 -9999 1.5391E-1 -9999 -9999 -9999 -9999 -9999 -9999 -9999 -9999 -9999 -9999 -9999 -9999 -9999 -9999 -9999 -9999 -9999 -9999 -9999 -9999 -9999 -9999 -9999 -9999 -9999 -9999 -9999
