data/rasters/s1.29.06.cu.5_xyz_08_.asc
NCOLS 100 
NROWS 100 
XLLCORNER -4 
YLLCORNER -4 
CELLSIZE 0.08 
NODATA_value -9999 
[rows 63 to 83 of 100, columns 48 to 95 of 100]
-0.130598789068502 -0.077649555556192 -0.154919279123098 -0.165975281226317 -0.0267034586738713 0.191574218522012 0.207044852376535 0.265806072390933 0.290806313756443 0.300469312990514 0.285498634356602 0.28229066994013 0.295031110514222 0.339513019153258 0.380083690366798 0.428270769564974 0.449755882944649 0.477731880214085 0.28492685519005 0.25080550216255 0.117550119043883 0.0371608354515029 -0.00525919744004939 -0.0497421934276979 -0.0354239939259462 0.0129792665042393 0.0257074600513296 0.0181900199032258 -0.00402885862604388 -0.0101947649429975 0.06036187679859 0.075515799453908 0.10410927731846 0.0697920608383546 -0.031397808815051 -0.0721776185593339 -0.0597453314702552 -0.190976020982959 -0.264679839244402 -9999 -9999 -9999 -9999 -9999 -9999 -9999 -9999 -9999
-0.143352676645351 -0.109019755530229 -0.140178012739351 -0.146354998413316 0.00304724282112543 0.111289607157326 0.154910315555446 0.33876395817409 0.295778877248914 0.291791096114849 0.297801858701139 0.309978009890989 0.304633218989848 0.391674467017454 0.357976593785821 0.379133076473326 0.493495492860831 0.443460607194237 0.358641039433238 0.244332820314708 0.130282587280137 0.00574138754755989 0.025633011073329 -0.0469605262958734 -0.0171333645901676 -0.0448383598929958 -0.0600515990853359 -0.00767066419867058 0.01926129744895 -0.0457540843657118 -0.0610876769996985 -0.000304818840972081 -0.0108457054923365 -0.0400857938297172 -0.160136574983321 -0.185669560859115 -0.170983323055079 -0.156759754216733 -9999 -9999 -9999 -9999 -9999 -9999 -9999 -9999 -9999 -9999
-0.137075800467552 -0.131634914403331 -0.154008822849762 -0.129011926014458 -0.0957591568071722 -0.00575692032152177 0.172385295369599 0.280361587712194 0.314254087985776 0.294446535626389 0.332559741377013 0.332891160361756 0.305145667098444 0.353058035568464 0.363363801485976 0.358285397307139 0.466209729535161 0.498137716776829 0.386759775190278 0.237927289520309 0.12386317758492 0.0468770724717133 0.000256369703682437 -0.0407412092089059 -0.0134803551329277 -0.0533271129224899 0.0236378643896746 0.0355143520800558 0.0194392216985192 -0.0544443534251571 -0.0630089380042296 -0.0748942299154945 -0.102105576080879 -0.12603313144433 -0.0881012486738517 -0.12486852889898 -0.123715972165988 -0.254365465716211 -9999 -9999 -9999 -9999 -9999 -9999 -9999 -9999 -9999 -9999
-0.10657776850283 -0.151199395764753 -0.117281565586266 -0.124156394191384 -0.0828270592869258 -0.0339277308262871 0.191259887494928 0.279968956414993 0.277189823632088 0.27990205391051 0.338200078390589 0.342494083829945 0.359142235864596 0.302906098506608 0.304866808185648 0.310126383659934 0.468163724698416 0.505011447752015 0.377011620375152 0.258085607476781 0.163348639049586 0.0537190740954662 0.0243524579593639 -0.00200802068638125 -0.0133377127539153 -0.0450714819809445 0.0625487802936012 0.03256754802847 0.0205835360378451 -0.127687793648464 -0.120445712072763 -0.0917017810107797 -0.142542741747471 -0.194531163638773 -0.152886219731635 -0.196379703874294 -0.196713194235331 -0.229142622085096 -9999 -9999 -9999 -9999 -9999 -9999 -9999 -9999 -9999 -9999
-0.0405997825261505 -0.0548708558425495 -0.085149110875109 -0.0771803543096509 -0.062461060031728 0.0567080725934766 0.181317051195609 0.222840170722613 0.327083885734066 0.300770350251001 0.29131908829465 0.311201263694532 0.275993947641373 0.240310885211264 0.257335685735951 0.279992488035104 0.463974614778821 0.408702537486367 0.345052389522969 0.229469246489269 0.18180361309757 0.130555639208944 0.06989368368954 0.0417077424886199 0.0127716399046005 -0.0187429658215825 0.0133994380057321 0.0116472946179876 -0.00989201848603857 -0.197120524628278 -0.226499625670243 -0.125106632398264 -0.238464974926477 -0.291359219158676 -0.21147559141118 -0.216420186244859 -0.199370392295507 -9999 -9999 -9999 -9999 -9999 -9999 -9999 -9999 -9999 -9999 -9999
-0.00883327736357194 -0.0362360045376923 -0.0439852122206803 0.0151105753372299 0.0378236201752174 0.104572908844065 0.271034867275046 0.415632199642424 0.320787342955569 0.291424685019412 0.251523978882664 0.235456778462777 0.256679835251358 0.283514383388777 0.307942628895721 0.312824280754115 0.425650579108674 0.457566872357138 0.373918025699465 0.314714115775065 0.273921415666401 0.207970794057816 0.155231003045181 0.113083767408942 0.0970264787051348 0.056905109439155 0.112875517653119 0.0905334791506905 -0.114566791059021 -0.230020200182598 -0.227023374217722 -0.236430440564986 -0.308190908237501 -0.314633543697271 -0.313344026104269 -0.228347415125275 -0.190420203317856 -9999 -9999 -9999 -9999 -9999 -9999 -9999 -9999 -9999 -9999 -9999
0.108061108479013 0.0960513956768274 0.0964744884289257 0.206234485985781 0.256326031006488 0.258866138332562 0.312554253898098 0.247893152287594 0.160825057532956 0.214303900117482 0.20536494820856 0.227126192290964 0.388052762440356 0.366854907547757 0.389000533805204 0.401181328664964 0.428392935390095 0.424000585006476 0.35406589826584 0.314463659679793 0.269132716823056 0.273858756345701 0.289337096816939 0.159536253829813 0.0895426607777578 0.118185925850741 0.146671239698263 0.0438117967452965 -0.139486103062189 -0.190101108670938 -0.197404297718888 -0.284646526645088 -0.311932421098639 -0.338258648132309 -0.347898236478988 -0.260397479653817 -9999 -9999 -9999 -9999 -9999 -9999 -9999 -9999 -9999 -9999 -9999 -9999
0.183606700636501 0.254047173683382 0.217383548673152 0.244610185690177 0.242356056740761 0.158547484641994 0.150709168472348 0.1488723298864 0.104913703410137 0.112216661950451 0.150608573291198 0.374739742453259 0.397319528192111 0.481184009277977 0.425472834887694 0.391469007543795 0.341516027576316 0.340470568618644 0.293483114156909 0.230891615690549 0.211263441710223 0.193948252829497 0.397042740877956 0.186046983952098 -0.0604769233474274 -0.0343141624538013 0.0435703788644349 -0.00831611369177568 -0.134009817203868 -0.155106713065427 -0.251651942282518 -0.32078021808435 -0.378254420584355 -0.412070916762972 -0.383229545704649 -9999 -9999 -9999 -9999 -9999 -9999 -9999 -9999 -9999 -9999 -9999 -9999 -9999
0.239659237191031 0.256514759428261 0.295729132630697 0.233895778205113 0.201193156074744 0.0646572259456744 0.0450784985299626 0.0475427010759522 0.10781631722544 0.109442365791054 0.284860510419319 0.450163602450405 0.453926144328502 0.469875902112772 0.526498881051345 0.439617964993867 0.218918534812027 0.264873084177134 0.166322757936634 0.15009869773114 0.0920991559963057 0.132520979963486 0.0874734578365821 0.171166321079401 0.0106637345396923 -0.0500884947186533 -0.0277835304566628 -0.00669867275687458 -0.118316101197459 -0.161369773423436 -0.297549425527779 -0.328163806531682 -0.390777835553161 -0.413495878051098 -0.369004543717797 -9999 -9999 -9999 -9999 -9999 -9999 -9999 -9999 -9999 -9999 -9999 -9999 -9999
0.35326044259013 0.3033919500033 0.270938889944842 0.22535925182781 0.113176070513107 0.0779060166819524 0.0880985769634795 0.0287869387284679 0.0732816031221077 0.107680715912774 0.233845007346772 0.424607422491224 0.437421694602537 0.444880893648316 0.492449706664455 0.320356395210443 0.250000229441164 0.0917237450766584 0.0852630916444364 0.0396748637663522 0.0284555342855118 0.033628015125216 0.0901221292423203 0.165765479690494 0.171468212314831 0.155154930025845 0.0864426649710145 0.0433530162492762 -0.0813806531306555 -0.133584142353548 -0.275050952456087 -0.356060661685179 -0.390063490463055 -0.420934348527328 -9999 -9999 -9999 -9999 -9999 -9999 -9999 -9999 -9999 -9999 -9999 -9999 -9999 -9999
0.397714528342666 0.338378678391658 0.266680840296249 0.174508205024652 0.0683197252239163 0.0781785650938026 0.0794798779845917 0.0450719332000048 0.0611067634456417 0.116860294211349 0.317312768092765 0.361842093941177 0.405787918162568 0.341729367142394 0.295722759702193 0.290364430391268 0.0798126059382664 0.0433928606297969 0.0107308119872504 -0.018498221776481 -0.00626838761272736 0.0406431999517797 0.0718344540076713 0.185629792497448 0.229908434462386 0.265535851989038 0.186316096661084 0.119422429549181 -0.0166037028756134 -0.160143872071892 -0.254103800290035 -0.370729232978456 -0.400637094111861 -9999 -9999 -9999 -9999 -9999 -9999 -9999 -9999 -9999 -9999 -9999 -9999 -9999 -9999 -9999
0.428744754758763 0.335398524088605 0.256249025559641 0.167258672305599 0.113474481071643 0.0830599951380026 0.0718730313026855 0.0439043274603839 0.0777026257598283 0.25305814075978 0.434701373938482 0.451757220695215 0.434057424860684 0.420393664151177 0.351585390246041 0.233223055430743 0.076664603228388 0.0082555103416747 -0.0467917865693349 -0.0273603024165165 0.00166963559202659 -0.0148695638952545 0.026545411928538 0.0330688558301707 0.0836175543594207 0.204869470722811 0.150695998413131 0.0809434016617031 -0.00435003957131011 -0.133252108040562 -0.230319980610422 -0.341876953654169 -0.39435041972838 -9999 -9999 -9999 -9999 -9999 -9999 -9999 -9999 -9999 -9999 -9999 -9999 -9999 -9999 -9999
0.484660089399497 0.391129947929221 0.328059191388745 0.160625872627669 0.111545842293378 0.0943041320241792 0.120528854446988 0.17118848802017 0.191098605668772 0.384045009989806 0.404391118958716 0.442352162912338 -9999 0.569034691607213 -9999 0.340067115457404 0.101917123938938 0.0241958816673923 -0.0126916278288416 0.0067183224082548 0.0571908030119951 -0.0102558276253375 0.0874281496897234 0.0838845885552836 0.126954676806067 0.215816837788478 0.10718206237995 0.0332246184053721 -0.0527280202732294 -0.170128745896577 -0.177461215364424 -0.243699573787481 -9999 -9999 -9999 -9999 -9999 -9999 -9999 -9999 -9999 -9999 -9999 -9999 -9999 -9999 -9999 -9999
0.322524066445884 0.413520107276808 0.382535383609216 0.335075308006678 0.204142970932544 0.109435518546862 0.183880321619483 0.250554915755741 0.32281210018863 0.326214982157891 0.297802387153117 0.348340756671916 0.470432075762605 0.40711919698178 0.410818471237941 0.32482149176496 0.216340714155082 0.152568671784064 0.0811826675445325 0.128971921009394 0.133951148434373 0.0500073575817892 0.117262764803499 0.172329838427934 0.203428478919447 0.192098910555193 0.0762203079032174 0.0100487659295079 -0.042653062486596 -0.150887092187135 -0.191067107613037 -9999 -9999 -9999 -9999 -9999 -9999 -9999 -9999 -9999 -9999 -9999 -9999 -9999 -9999 -9999 -9999 -9999
0.211798872608855 0.262926007649856 0.322482962040832 0.346018228322237 0.477811218088273 0.242656271156324 0.290874994199814 0.212919913614508 0.267695806537951 0.280552491115371 0.242072274583743 0.266451973988847 0.336349852861734 0.358627691830705 0.203752825589068 0.228625358080232 0.190477492043667 0.0729681894312772 0.0860690215865678 0.144966625876245 0.185989283323855 0.127691740609109 0.116503296470446 0.0796779355519545 0.1502013441084 0.0376514335638839 0.0418385986657532 -0.0480856035804094 -0.0904396933071873 -0.215951836637582 -9999 -9999 -9999 -9999 -9999 -9999 -9999 -9999 -9999 -9999 -9999 -9999 -9999 -9999 -9999 -9999 -9999 -9999
0.00225600718400168 -0.0204846859207226 0.165068304204016 0.218734657355153 0.215217076077246 0.0165320039050009 0.0819219333954908 0.218131184330686 0.28893178916898 0.22787059877163 0.181311753685499 0.186504000622819 0.183853270019305 0.185128023948618 0.108228061138597 0.138470420243056 0.102357997594046 0.0968950163009672 0.0332244005243403 0.0983233597994331 0.130748118195294 0.205146153537482 0.140340200413399 0.0147527940993194 0.0267364708421257 0.0606180696462825 -0.0104923428723031 -0.0586730196843428 -0.110967302367524 -9999 -9999 -9999 -9999 -9999 -9999 -9999 -9999 -9999 -9999 -9999 -9999 -9999 -9999 -9999 -9999 -9999 -9999 -9999
-0.0629943580767124 -0.0656347287182768 -0.0364372469156623 0.00906228977976042 0.0105876631961434 -0.00278604023561789 0.0547285000321144 0.0595849631894365 0.0593368085971221 0.122675843135389 0.129256497755712 0.126093700209886 0.127454181048456 0.141427178818105 0.109265624353712 0.133171060516813 0.129766026673319 0.0792360767254678 -0.0171786510738598 0.0624607534632819 0.19989685698414 0.244039843339553 0.102603946532914 0.00449196011876389 -0.0610420665465579 -0.0144819839390398 -0.0623539173856588 -0.120864625926062 -9999 -9999 -9999 -9999 -9999 -9999 -9999 -9999 -9999 -9999 -9999 -9999 -9999 -9999 -9999 -9999 -9999 -9999 -9999 -9999
-0.190033781962762 -0.125766919597648 -0.154033739754867 -0.195829317377566 -0.197620436588796 -0.170166069621834 -0.207020266943871 -0.125135965241359 -0.0775618854314388 -0.0726004805786632 0.0341262520435037 0.0610922228269123 0.0926199508407386 0.111971085286172 0.119527827089597 0.114477049660789 0.0981461497542556 0.115460558159636 0.115707783456854 0.158075141595364 0.211819608133913 0.177067189809607 0.118519924382863 -0.075074086369772 -0.0881945141383014 -0.152082368403315 -0.0749408632669784 -9999 -9999 -9999 -9999 -9999 -9999 -9999 -9999 -9999 -9999 -9999 -9999 -9999 -9999 -9999 -9999 -9999 -9999 -9999 -9999 -9999
-0.188696847859963 -0.117396065210607 -0.162364169497177 -0.245122420874975 -0.303186202146962 -0.297593370706998 -0.254496009414907 -0.227998086445555 -0.214274961967279 -0.0939646475814021 0.00255516416762284 0.0482782494353689 0.0638867577461017 0.114049570416554 0.189770753500777 0.0996399183484491 0.0744332667265449 0.118777441386367 0.127931781806552 0.127766711443716 0.181076380766925 0.133887917033526 0.0899465579001204 -0.0445084932666707 -0.145520034911727 -9999 -9999 -9999 -9999 -9999 -9999 -9999 -9999 -9999 -9999 -9999 -9999 -9999 -9999 -9999 -9999 -9999 -9999 -9999 -9999 -9999 -9999 -9999
-0.181286486523058 -0.221186958938009 -0.233659950402186 -0.255348018129066 -0.284534486280369 -0.331145135191024 -0.312888722223667 -0.28617267787137 -0.204530755790578 -0.0731244267654763 0.030280248708282 0.0442702987428123 0.0333898769159519 0.130473103417635 0.110018784973043 0.082272407770768 0.10231741595124 0.0974969947159996 0.116965787781923 0.12208303438593 0.152761819978765 0.0819461897678844 0.0771675196523894 0.0898496377419861 -9999 -9999 -9999 -9999 -9999 -9999 -9999 -9999 -9999 -9999 -9999 -9999 -9999 -9999 -9999 -9999 -9999 -9999 -9999 -9999 -9999 -9999 -9999 -9999
-0.13681343303972 -0.158042601970488 -0.180364777771752 -0.238218037249201 -0.307728303381466 -0.301701395748787 -0.311293395204372 -0.27396881090657 -0.203095052112618 -0.116924952755361 -0.00728009974698622 0.0852732118191963 0.159790407992648 0.171403062986354 0.095946593949899 0.120616991108282 0.155761854005047 0.0894948320520522 0.0689785440207898 0.115378260560491 0.142188098558346 0.0410435035183213 -9999 -9999 -9999 -9999 -9999 -9999 -9999 -9999 -9999 -9999 -9999 -9999 -9999 -9999 -9999 -9999 -9999 -9999 -9999 -9999 -9999 -9999 -9999 -9999 -9999 -9999
