data/rasters/s1.29.06.cu.3_xyz_08_.asc
NCOLS 100 
NROWS 100 
XLLCORNER -4 
YLLCORNER -4 
CELLSIZE 0.08 
NODATA_value -9999 
[rows 42 to 62 of 100, columns 48 to 95 of 100]
-0.0575120031741576 0.0135730811717631 0.0579259729357673 0.125237371973886 0.153874193826201 0.166027115546298 0.192102606233628 0.160227767310295 0.147240927454105 0.0279780338776097 0.00566355546842768 -0.160009197984995 -0.114350959722927 -0.224602973063297 -0.10892034230811 -0.0726174499043158 -0.0289939392131765 -0.0383997038381006 -0.123149940343209 -0.171699895511173 -0.202349026652483 -0.184459363691263 -0.223178695213229 -0.275996066050944 -0.276527857978456 -0.0811355322274442 0.0262135550181551 0.0607425605616755 0.118723902252886 0.134755527032491 0.0726652441637789 0.0951503027418572 0.093981260416364 0.201260419028991 0.134336795542839 0.105840623181155 0.108941217140651 0.133049977644621 0.107104834992828 0.129744708527237 -9999 -9999 -9999 -9999 -9999 -9999 -9999 -9999
-0.0595624205042235 0.0320397845056975 0.0907556290356904 0.155658275712351 0.177159277608038 0.173541973645079 0.199463809292292 0.171248267719917 0.138565565260533 0.0712902338442371 0.0010399418780517 -0.14928043717984 -0.130365097060939 -0.128048248719908 -0.0247117147009116 -0.044351394043505 0.0357053195428688 0.0393521757674401 -0.0388432150053583 -0.131899284876568 -0.121886922360282 -0.158323642832701 -0.21211814953542 -0.207156823949669 -0.229163158332186 -0.115418556624075 -0.0192489524741024 0.0199036607783726 0.0282265300990832 0.0620599107645679 0.0490886742195272 0.0413764499015994 -0.00503789008958532 0.106307969636996 0.144666581265561 0.103825165521434 0.0668152112912505 0.0929109222714759 0.211468611716761 0.135856064903771 0.104136958541081 -9999 -9999 -9999 -9999 -9999 -9999 -9999
-0.0307286431185649 0.0124303160511644 0.0501900012582768 0.153998343810217 0.144934287071149 0.177885885695017 0.182180314103681 0.193666907655086 0.125747608062683 0.00689126017496361 -0.0870251732467367 -0.112736062342169 -0.0989807642278575 -0.0704992741002246 -0.0140355552611795 0.0554150645598451 0.0330276461265155 0.0150419529684675 -0.0332060424383875 -0.140053640669891 -0.242443769794 -0.182866956275514 -0.234008287623257 -0.193991447212428 -0.211298500318867 -0.221599052164512 -0.105694998304653 -0.0741358703560585 0.00634376383881574 0.0741733772862714 0.0660729208505912 0.0311491108513492 -0.0195541069947108 0.108058339737895 0.0957987868406285 0.0745265369726394 0.0809471785595842 0.119269827748377 0.237064762008232 0.16177092260019 0.142175979904728 -9999 -9999 -9999 -9999 -9999 -9999 -9999
-0.0682878201967466 -0.00565433273539222 0.0520017669202678 0.0730735195691827 0.114888482934602 0.125511332983624 0.148205191769762 0.17040816835892 0.110961458202175 0.0489158761235414 -0.204179642603846 -0.108377005686261 -0.108327233905428 -0.0249198056124911 0.0213112366284873 0.0244055760113117 0.0285505327095599 -0.0356980696760534 -0.0518005529442643 -0.141139427421435 -0.178666758679496 -0.164681608205716 -0.180465121572679 -0.156766753032316 -0.161760505478857 -0.240803709161294 -0.251916672442591 -0.205174483661304 -0.053217285950911 0.0364399864249458 0.0683883796688855 0.0171839913795622 0.00817308379555866 0.0737874024742177 0.0535293253308044 0.0648542481524752 0.0825252709529498 0.161030663925954 0.182673946939693 0.170730195046509 0.183452550204176 -9999 -9999 -9999 -9999 -9999 -9999 -9999
-0.116535683907132 -0.0667633982608319 0.0137941207930034 0.0751828362991139 0.105669031685032 0.0935457599162936 0.0416497445308382 0.0828032310585728 0.065687726670478 -0.0792472364420689 -0.172498283115033 -0.203145415658983 -0.144565222986954 -0.0551272780663968 0.00308403631154796 0.0109339851412356 -0.0287672766347573 -0.0153435214556302 -0.0866549895190711 -0.152280413312655 -0.159969594047283 -0.171362077108892 -0.134219828322524 -0.191432004605027 -0.207983672903446 -0.240716382952903 -0.286919076348581 -0.276413193357426 -0.149755875786667 -0.127643461581675 -0.0692111936404151 -0.104843361099289 -0.0358818014357716 -0.00800876575662683 0.00294901697943026 0.0299838625213575 0.103873375758371 0.139522447670816 0.18147673776272 0.187533962356624 0.185364919121988 -9999 -9999 -9999 -9999 -9999 -9999 -9999
-0.174414157219923 -0.0503847524835162 0.00886760289962051 0.0755594068557385 0.0699118932726749 0.0526703219011201 -0.0280248072983453 -0.00626344287792724 -0.0498197161163094 -0.0420486352848733 -0.0943972013293265 -0.162311774829369 -0.204089296452468 -0.104724741678478 -0.0199124518705356 0.00305986956552599 -0.0380935143733876 -0.0283003625110492 -0.0746709316299977 -0.0901607657191459 -0.199967214328859 -0.159971081059281 -0.148696665057541 -0.207379495947709 -0.23179374786459 -0.170103173291363 -0.253628880867942 -0.332424068813401 -0.262505394593355 -0.139073769756627 -0.108647929352575 -0.0948998322528089 -0.0774246561331964 -0.0186913135215563 -0.0206794332474501 0.0634038706493666 0.0741831567774248 0.0886669316388376 0.120273630235172 0.168954955490217 0.159703597339837 -9999 -9999 -9999 -9999 -9999 -9999 -9999
-0.267202763540955 -0.168658228798237 0.00720902259579067 -0.00349485302951087 0.0594622973455161 -0.0413251598615896 -0.0322016904618615 -0.0133083763850348 -0.051740742365347 -0.0453637194551619 -0.0322560380290305 -0.143922517778391 -0.174269910791427 -0.156327002968802 -0.0647518465757936 -0.068536691441815 -0.0443095819304349 -0.114145648990701 -0.140852348673568 -0.114894591809126 -0.132716863315993 -0.0910642871526941 -0.0904832902232714 -0.142227694082588 -0.168514464546556 -0.183371250839051 -0.212749544040405 -0.306199962374297 -0.216521123640067 -0.0870690438746422 -0.0285869494934114 -0.037555230029172 -0.027627738314575 -0.036491562931528 0.0176113714366356 -6.23631137713607e-05 -0.0511777086565613 0.0360314024599917 0.0494710427201612 0.0880902682147862 0.0512016612692578 -9999 -9999 -9999 -9999 -9999 -9999 -9999
-0.246056503654462 -0.289142238536161 -0.213897947582697 -0.153196858079676 -0.0163897903590285 -0.0675313098142659 -0.0250083550063014 -0.00339356835978326 -0.00843749402193626 -0.0388353201226954 -0.0251455696762549 -0.082078617365055 -0.207571850318484 -0.192772930113946 -0.240338573558902 -0.181095858602407 -0.142672808713372 -0.152285753869884 -0.192080515365812 -0.261161040331167 -0.170417571054145 -0.106438821442928 -0.00189791503492117 -0.0597127046621894 -0.0697719734896639 -0.139071835229274 -0.272450910668715 -0.224025052868222 -0.140645547254936 -0.0415933257422927 0.014979563387577 0.010940713532019 0.0403635131985138 0.0628254274642362 0.041739385663347 -0.000891315998381329 -0.0591389375043631 -9999 -0.217908130679055 -0.101939639492873 -0.0291103113669426 -9999 -9999 -9999 -9999 -9999 -9999 -9999
-0.122859160903794 -0.360524323852478 -0.269912997798693 -0.114543324223437 -0.0405432129567364 0.0109739615092838 0.043021909658234 0.0538576031170662 -0.0427694953948111 0.0882083955343131 0.00427911331966752 -0.0255710632734348 -0.23305437611859 -0.273318316174334 -0.286194843237065 -0.262950920093408 -0.252008461711544 -0.201828176844449 -0.155732253308731 -0.193390719985684 -0.169094201106106 -0.0572133618546532 -0.000335829062385076 -0.0323998425778483 -0.0146857641698288 -0.126528009207278 -0.181410583461455 -0.0738512739889568 -0.0699942033689638 0.00431195311543865 0.0499058149968789 0.0208386159904551 0.0552690744717385 0.0476935433633773 0.0289358480991372 0.0577465454858114 -0.0134826594249393 -0.154552482603096 -0.21433687740097 -0.356282332665251 -0.380583332810092 -9999 -9999 -9999 -9999 -9999 -9999 -9999
0.0219814173155377 -0.166072529918571 -0.186919615647441 -0.170009507559125 -0.0516124267649481 0.0474828585883998 0.147563887480617 0.121809326313256 0.170901089242836 0.166537511873263 0.108498506413425 0.00126918720531998 -0.145119620195151 -0.197534566740942 -0.273216362997324 -0.235509771737588 -0.2127604102264 -0.191053834220434 -0.157807681849141 -0.119412511086503 -0.0777320424868351 0.0586255333315066 0.0745273394068494 0.0337560194165256 -0.0160122382310049 -0.0843427208512242 -0.103813060937402 -0.0643287346185206 -0.0241530296219728 -0.0134690729602103 0.0261691997177464 0.0426368880858831 0.0596442199100703 0.0438654604888252 0.0114519881867442 0.0559862829138278 0.019267855590334 0.0183903969319486 -0.228137498679963 -0.329802694147637 -0.384531770602025 -9999 -9999 -9999 -9999 -9999 -9999 -9999
0.0744580964110498 -0.0745090452082154 -0.115981686368366 -0.0980879745110026 -0.0786355667824099 0.0732028634750561 0.139371606047521 0.175441834110459 0.147326625086142 0.149252208287007 0.115926147626605 0.0135443223009769 -0.0138292466558719 -0.168055781572484 -0.214713170756521 -0.20834656222047 -0.1675704028703 -0.0898993627170074 -0.0838040645475325 -0.0490563403164945 -0.0252559615074476 0.07896115423256 0.0960641949701873 0.0990253613367109 0.0908931907789106 -0.0906479090947049 -0.0911406956412195 -0.0937188728571966 -0.0543980272548605 0.0131392363012791 0.049915485707442 0.0470478799611884 0.0362645783951999 0.0728903494795189 0.027849959971945 0.0509402192428015 0.0568328003007105 -0.0585648847389381 -0.197808651685873 -0.253108043673216 -0.281123207749871 -9999 -9999 -9999 -9999 -9999 -9999 -9999
0.163034247785985 0.0981450487106556 0.00421268800277779 -0.0163280204316365 -0.0959546387994404 0.0871676381321495 0.129568277340283 0.183865361127733 0.160829280838529 0.120035331778965 -0.00757807418756471 -0.0103596828029697 0.0161094920147854 -0.096018394198465 -0.216525725626172 -0.183298330369877 -0.0550235498667427 -0.0450154387624179 -0.00368468974217779 0.0028565126577708 0.00260238819010274 0.11667805975428 0.154134362819476 0.140831887588968 0.09931834732133 -0.0171582647471573 0.00685333624285416 -0.0449583198970619 -0.0444964667836622 -0.00980632511051678 0.0727666656844211 0.0588530559387955 0.0453964641842346 0.00790664416619225 0.0393921353844392 0.0427249144534255 0.0369526296632036 -0.0765016682475582 -0.156499080175352 -0.1943188774291 -0.228892342940896 -9999 -9999 -9999 -9999 -9999 -9999 -9999
0.205027074860136 0.159865170608336 0.0296754747747809 0.0458566906221183 -0.0445032593816211 0.0375551115123309 0.0969661909050008 0.12951163394492 0.137657003246022 0.121450896908584 -0.0179536325589012 -0.0575097414889219 -0.0766811029017894 -0.112945726595579 -0.198986859004721 -0.137959528705633 -0.0792722149595814 -0.0169748178737118 -0.00125087064132618 0.0442135550941393 0.045142605230375 0.0182572162644039 0.186082150657762 0.164443074316649 0.166094551854227 0.0730178268086354 0.0354175105523339 -0.0376534034945743 -0.0601999117318732 -0.0340819793879169 0.0533670288003269 0.080526729875018 0.0983943012122313 0.0902426872014701 0.0501298021874242 0.0723725123803288 0.0146153247927689 -0.084210930718677 -0.21798702101038 -0.143761646566862 -0.184573440247228 -9999 -9999 -9999 -9999 -9999 -9999 -9999
0.21540408392423 0.153142414220636 0.157922684709325 0.082217954240561 -0.0319830227967361 -0.0543302245697244 0.0454523502857571 0.111583159174636 0.0763444934612795 0.0115959276028557 -0.00664192691643369 -0.0744125130579084 -0.127743800692746 -0.167448759043221 -0.180423743969891 -0.139439559829804 -0.120982624949657 -0.100624932253526 -0.030222397849306 0.059048527584936 0.115295952404476 0.146136455510981 0.134345254415603 0.1974954021196 0.155921350199935 0.0584613952715448 -0.0176926801183043 0.00314873085981794 -0.00511426200301587 0.00264693594745077 0.0828398423558839 0.0736964326911313 0.0871243698670641 0.0609287445415954 0.11839397787044 0.105940438977316 0.0824390374902063 -0.0835979426693418 -0.144009950025734 -0.156506086442766 -0.174927469744857 -9999 -9999 -9999 -9999 -9999 -9999 -9999
0.227935504792104 0.187665715398739 0.101949574669366 -0.0914775551325599 -0.114412767579317 -0.145503837710723 0.00147522018385522 -0.0260929638027481 0.00517329137221936 -0.00459624579549152 -0.0101098422192978 -0.0621981210108503 -0.106306512971836 -0.157167808068013 -0.185622246885294 -0.242561253025073 -0.19206149491714 -0.102652937188744 -0.0435575298405291 0.0270511711400066 0.0925674085366846 0.104866642384438 0.119157905152268 0.155062416068084 0.122493211037465 0.0668761299128772 0.0112046683815749 -0.00643247477937561 0.0216745779288002 0.0295596841496334 0.02124544047518 0.0303750848976431 0.107211434059881 0.13135705599375 0.180024049673818 0.162207426888408 0.118784142652362 0.0552682418833982 -0.0637499539917291 -0.147159651860805 -9999 -9999 -9999 -9999 -9999 -9999 -9999 -9999
0.178259312768782 0.201789294307017 0.0085654995656793 -0.0846410925327351 -0.0909355537910596 -0.180711977593186 -0.135111935085638 -0.0474075728865739 0.017293262741262 0.0185895255044009 -0.117079211326244 -0.0577367734463192 -0.00937561376036854 -0.08048438782619 -0.107427993104705 -0.085861029924681 -0.23911188595461 -0.211657730567046 -0.0207913201060425 -5.80827530828008e-05 0.0732855684671083 0.100361092807201 0.119747458628362 0.130431926124457 0.0744747879594152 0.0413075736921881 0.00222380146618848 -0.0139020333358115 -0.0265406116685039 -0.0752274824739519 0.0491295371361414 0.0135626925587281 0.131185224419899 0.191151865563812 0.23388040024549 0.225301613267107 0.190940222155648 0.136393277348607 0.0492038970375172 -0.0395748273553572 -9999 -9999 -9999 -9999 -9999 -9999 -9999 -9999
0.15863992632246 0.135795371935473 -0.0238707329229208 -0.0672461008588792 -0.173281803374991 -0.263177985655422 -0.191688920913285 -0.0647856552203385 -0.0551480343830079 -0.013153030708345 -0.0257142528663379 -0.0458819671700052 0.0649359452964904 0.0108790466919433 -0.114649092271284 -0.123543870601382 -0.201048405599742 -0.209587105344795 -0.117397310956954 -0.0498696513500174 0.0623685758589777 0.0653450551596236 0.0685314489970755 0.0796124103851283 0.0761735084657931 -0.0257093200803441 -0.028769385159634 -0.03465505633081 -0.0289213113429147 -0.0100544808494567 0.073533917043914 0.136362567310501 0.18077728108432 0.254592058598901 0.232370081446882 0.240501511225745 0.209607840655995 0.161066182911068 0.109138296812578 0.0181249900277005 -9999 -9999 -9999 -9999 -9999 -9999 -9999 -9999
0.17367548640532 0.102095234870899 -0.0119491239169318 -0.234008967586487 -0.240154130677941 -0.297443807764935 -0.216024976689189 -0.0363984053074357 0.00557542515286594 0.0731808495317309 0.0460980757741159 0.0606177568687098 0.0898596142899898 0.114403846817962 0.0116146002885747 -0.0730023777045251 -0.142967674980563 -0.238933932329385 -0.135492114437443 -0.0652160403746316 -0.0533286510282548 -0.0848852768792487 -0.0200058097467015 0.00912674765939448 -0.0402831530307142 -0.0347981763196212 -0.0582115282917362 -0.0532699718106608 -0.0418271313345268 0.0141443766613874 0.081102109047698 0.234145288888582 0.27377870697922 0.282754223960061 0.23889889832755 0.261519312788361 0.244790471413316 0.22657230424522 0.152594147742915 0.00571801995235698 -9999 -9999 -9999 -9999 -9999 -9999 -9999 -9999
0.09689079802648 0.0680617980519108 -0.0246519823662204 -0.202118365400707 -0.282682625649081 -0.292743408014871 -0.213674715081601 -0.0655744910735598 0.0412782590332546 0.101873582702986 0.102749643802513 0.104892880832068 0.141399158702778 0.139296413017055 0.0742265295529159 -0.0856531194707811 -0.10382302922155 -0.276147723932315 -0.212762185932056 -0.0808663243278879 -0.100677676057646 -0.175853687794009 -0.118776868224912 -0.0613846010438134 -0.085675655692822 -0.0826630661075684 -0.147285809573827 -0.0168974657261734 0.0475848312715898 0.104903949800535 0.11351940116982 0.177300600350925 0.155726515157415 0.229249702357855 0.256313066460208 0.203498628650843 0.224728663636836 0.188735310605355 0.111612899310414 0.10079911818818 -9999 -9999 -9999 -9999 -9999 -9999 -9999 -9999
-0.112087690596723 -0.196216099286828 -0.0896473905122161 -0.185891487441314 -0.211157108931977 -0.201595429417803 -0.147739344356179 -0.162523871748213 -0.0156764995507546 0.049210058697558 0.0720878490302096 0.114243554593209 0.131401713455557 0.111916675220747 0.0826234207763914 -0.0274536168849427 -0.129850943001677 -0.364282463791968 -0.320249376348974 -0.20089231388311 -0.156364127473726 -0.138324249675881 -0.132567473335029 -0.156502092209904 -0.211196015446331 -0.249980859795024 -0.169017127560871 -0.0196677575291637 0.043165728519336 0.0661368468343116 0.0907817749247232 0.0893985045517862 0.108566199390095 0.137505300673708 0.18347999647685 0.221520448499174 0.241089668776109 0.14410667998931 0.0856511235159566 0.118254262169664 -9999 -9999 -9999 -9999 -9999 -9999 -9999 -9999
-0.181159958066383 -0.12892777120063 -0.0352949636156902 -0.142033446787731 -0.148196117739023 -0.0944399668124473 -0.114479430588284 -0.188951000367169 -0.146058704735903 -0.0361274365527229 0.0684508510306546 0.0858517609938495 -0.125007513204756 -0.0294632255203878 -0.0927649144951582 -0.107093668830288 -0.147796986532965 -0.372209323788363 -0.315485510793577 -0.167285850494971 -0.130461109901129 -0.125500648083856 -0.0591230919246618 -0.210790228449185 -0.274926525386131 -0.229368020357558 -0.195355125548418 -0.0750578021607756 -0.0562224824457606 -0.0419111079814071 -0.0156800611920762 0.0349139548093871 0.064394806216148 0.128845456822623 0.149398146909117 0.206811629623251 0.129270183536171 0.09572991153217 0.0290878921041461 -9999 -9999 -9999 -9999 -9999 -9999 -9999 -9999 -9999
