data/rasters/s1.29.06.cu.1_xyz_08_.asc
NCOLS 100 
NROWS 100 
XLLCORNER -4 
YLLCORNER -4 
CELLSIZE 0.08 
NODATA_value -9999 
[rows 21 to 41 of 100, columns 48 to 95 of 100]
0.153579156445201 0.151931681151939 0.202191638946266 0.16743791208776 0.144280251237927 0.0609115287761879 0.00232672783975539 -0.0685154328059658 -0.11896333735615 -0.207131321256519 -0.301216827351905 -0.323250850928869 -0.43432544301544 -0.435624951587285 -0.33673691039725 -0.287068767155452 -0.269706665147922 -0.222521298186935 -0.332223552020254 -0.0500676705558029 -0.0281937594616211 -0.181113399849615 -0.276774980897713 -0.307275164446894 -0.278003833488462 -0.172115048203279 -0.134201578300076 -0.077998142544936 -0.125152408377618 -9999 -9999 -9999 -9999 -9999 -9999 -9999 -9999 -9999 -9999 -9999 -9999 -9999 -9999 -9999 -9999 -9999 -9999 -9999
0.0840764717660675 0.153027472790943 0.198941375080391 0.192074825233783 0.16775855878392 0.0495601072536895 0.0577820499697501 -0.0772760989205744 -0.140684282050183 -0.236469712002553 -0.243167715232982 -0.336337869647824 -0.385747131291933 -0.314461527337244 -0.299787348782622 -0.280817800777049 -0.275344457255841 -0.190152397076441 -0.223219024977307 -0.0607670505018016 -0.0629825427339705 -0.127705276719822 -0.230862965408964 -0.176090909978794 -0.20025688571282 -0.168381976464135 -0.156096956819739 -0.116890726548192 -0.150893441628519 -0.117675549324855 -9999 -9999 -9999 -9999 -9999 -9999 -9999 -9999 -9999 -9999 -9999 -9999 -9999 -9999 -9999 -9999 -9999 -9999
0.140286852352303 0.135554976974132 0.194415619600738 0.193930983203196 0.158827146886675 0.130516244596375 0.0930892714719115 -0.0489163077172624 -0.178413374422337 -0.291134427733796 -0.243432946475448 -0.340103078385759 -0.33437660857621 -0.295926901356675 -0.255500139117835 -0.236603410853258 -0.297541096089995 -0.165556781680144 -0.0431024165560545 -0.00102344319330541 -0.110085439144836 -0.130806742784355 -0.0623417985254384 -0.0670266135172043 -0.202451054748343 -0.207591648700274 -0.190302236422109 -0.148119144770752 -0.0403141119933507 -0.0296859537009282 0.0491279580480169 -9999 -9999 -9999 -9999 -9999 -9999 -9999 -9999 -9999 -9999 -9999 -9999 -9999 -9999 -9999 -9999 -9999
0.112122908589616 0.136444232204963 0.194949500405167 0.209787006880896 0.138152034220253 0.140585794986444 0.099973858717208 0.0893561646820289 -0.11880985937969 -0.244863363813709 -0.25258641055837 -0.229331342162674 -0.0812894709226075 0.0086287534029274 -0.227992360442191 -0.109865938643644 -0.143599310099905 -0.100565146273926 -0.0161002082671351 0.0512117764409197 -0.0980093838147832 -0.131973680856525 -0.13236057575909 -0.160319987552849 -0.180487854532231 -0.180101252208037 -0.207326224931673 -0.0555296423067734 -0.0288479856931338 0.0463031606434274 0.10451520053633 0.104742927688127 -9999 -9999 -9999 -9999 -9999 -9999 -9999 -9999 -9999 -9999 -9999 -9999 -9999 -9999 -9999 -9999
-0.000358623311309081 0.0277998784595898 0.0973275910235074 0.156451113663722 0.101893873102745 0.0193389103547616 0.0595748701987164 0.0351620952927066 -0.0600091329193855 -0.167385172135877 -0.226735197141479 -0.185907857130825 -0.0391412046424024 -0.083919675298536 -0.0759517701610763 -0.0961908165021431 -0.0601739999367048 -0.0299982673172137 -0.0279770029575407 0.037093982882579 -0.00876826448231318 -0.0300945073326681 -0.106268420152371 -0.16373400359135 -0.205228511050746 -0.244833086998327 -0.208413300043866 0.0876597569448385 0.0756342559670917 0.0870764325065349 0.0991702065266307 0.0776886633304807 -9999 -9999 -9999 -9999 -9999 -9999 -9999 -9999 -9999 -9999 -9999 -9999 -9999 -9999 -9999 -9999
-0.0486939549985051 0.036484611882812 0.123643632236576 0.139878555940718 0.0351829154768823 0.0141906314578617 0.00723289626281657 0.00756884502376768 -0.111042593012075 -0.208258745969984 -0.248524815259718 -0.113146015449577 -0.0976240650321552 -0.0913210402728425 -0.0956151448156666 -0.151102115530163 -9999 -0.184249749121943 -0.126922151622907 -0.0244769356805602 -0.0785310172610311 -0.0532860462989396 -0.0895314630984072 -0.0998363003023002 -0.145288274216589 -0.25884397607693 -0.118683703239296 0.0377884542549509 0.122460671345546 0.171191609308357 0.132740542308107 0.0544043531602472 0.10490890194359 -9999 -9999 -9999 -9999 -9999 -9999 -9999 -9999 -9999 -9999 -9999 -9999 -9999 -9999 -9999
-0.117239523345592 -0.0961642028201667 0.0551431657200603 0.0808897045533805 0.0808246629162169 0.0259577976793137 -0.0760795337372323 -0.0619837601299512 -0.13676705908835 -0.182583722684941 -0.224325384223456 -0.192466382940251 -0.117161676114737 -0.0453804092011987 -0.0372215288385912 -0.118581033786905 -0.214255516113684 -0.19901849324005 -0.208483529729708 -0.108084701569326 -0.0390964433546749 0.0149541793736551 -0.0267485417889657 -0.0614966154722628 -0.0743438402787593 -0.282078907661323 -0.17238823450916 -0.0293896600260739 0.0911855864403798 0.161373152241807 0.144536887375305 0.049902658531076 0.0652270506005174 0.00552315001404363 -9999 -9999 -9999 -9999 -9999 -9999 -9999 -9999 -9999 -9999 -9999 -9999 -9999 -9999
-0.146273525842698 -0.0103733349683086 -0.00939931664268121 -0.000934373717644967 0.0551415006332089 -0.00275508866578826 -0.0757733676837854 -0.108713491181876 -0.169908331390105 -0.21501734129852 -0.172151043976853 -0.177960172288441 -0.124876396681551 -0.0832139454775746 -0.0524473364920888 -0.138622189333409 -0.210941363473366 -0.26732068220114 -0.195077445368259 -0.118765285120217 0.0599077668798514 0.0632702908958803 0.0480027687451777 0.0122285086206019 -9999 0.115949893077579 -0.0861698926405439 0.00955700568845223 0.0749758522932685 0.111321899905562 0.101866790455625 -0.00502547582986993 0.0323868399936334 -0.0681293171548106 -0.0747736546608615 -9999 -9999 -9999 -9999 -9999 -9999 -9999 -9999 -9999 -9999 -9999 -9999 -9999
-0.0600175291162782 -0.239832511296903 -0.0842643585042989 -0.0748144153572692 0.0102357073845335 -0.00310042245674953 -0.0472745547712717 -0.0650609025704648 -0.129511226391491 -0.172546893621172 -0.16233778429427 -0.115216022001174 -0.107465425664495 -0.0690793507710699 -0.0788768506695681 -0.174917857194255 -0.218983056017885 -0.0898793166743639 -0.101915083869223 -0.0359921171904627 0.0728152128530766 0.12247463700633 0.100573059686233 0.135760465890488 0.166466603336422 0.107290689610636 -0.0187248232587685 0.00643776840753672 0.0600134479354631 0.0387908418295191 -0.0232246220715931 -0.0226335344747445 -0.0620032840951108 -0.0845236462998045 -0.109749314141062 -9999 -9999 -9999 -9999 -9999 -9999 -9999 -9999 -9999 -9999 -9999 -9999 -9999
-0.0522669061100345 -0.0495971161943524 -0.0407851283006422 -0.0887598520748986 -0.0661985034809175 -0.0147144409491756 0.0471079310423705 0.0848529918842239 0.064734170437626 -0.0782648525065998 -0.0495352260956009 -0.0719920244087733 -0.0609250803093397 -0.11146154125818 -0.19070623399159 -0.202781445742031 -0.291712138336289 -0.200680910763362 0.00577064614138551 0.13196778998483 0.114950981004968 0.144763649056747 0.217336985110194 0.228265394082421 0.235889808218833 0.160486487795362 0.0373091966235694 -9999 0.0115782195145148 0.0460548363128859 0.00847462249736646 -0.0443860252282696 -0.131480146057777 -0.138223362559757 -0.134730798401912 -0.19674102896523 -9999 -9999 -9999 -9999 -9999 -9999 -9999 -9999 -9999 -9999 -9999 -9999
-0.0271542610227181 -0.0454125276872286 -0.0568144142266688 -0.0815007886480845 -0.0709852368152398 0.00202564672841406 0.129509680669644 0.150205706611787 0.185559595044608 0.033296077172351 -0.067663730451091 0.126961287389838 0.108110624538336 -0.00676651260953548 -0.0595742775572022 -0.104880062512275 -0.225537864659166 -0.204662020670528 -0.0395783154149904 0.129372397540419 0.157560172215695 0.161289240605795 0.268935228893334 0.28702506671878 0.25468247896422 0.191923678829049 0.0476055125611759 -9999 0.00620306928088689 -0.0181831264673404 -0.0581008097203217 -0.254021325593339 -0.228429208541547 -0.19574587352053 -0.17924393042062 -0.202464168439089 -9999 -9999 -9999 -9999 -9999 -9999 -9999 -9999 -9999 -9999 -9999 -9999
-0.0652923349414592 -0.0491512381836048 -0.0532002702909871 0.0236599164924682 -0.00464779244869614 0.0088440261594662 0.0506807213959297 0.170844588237187 0.234608118498967 0.233917912789547 0.116602317032821 0.165270108692002 0.144705868544557 0.0730191772316009 0.0206309371257711 -0.0576834555483632 -0.115725449461866 -0.140535645508487 -0.0685869423138282 0.122487339085226 0.200998532076376 0.252733989765711 0.241644219633921 0.247962665975489 0.173723461766473 0.247938765632407 0.178785218764112 0.0693628309604712 0.000697015473667023 -0.0780563987275579 -0.159075019308954 -0.228310660631966 -0.24089220629901 -0.222832518485564 -0.219704773581842 -0.231370859795937 -0.216275152861472 -9999 -9999 -9999 -9999 -9999 -9999 -9999 -9999 -9999 -9999 -9999
-0.018008590137007 0.0324880527152905 0.0141023434741001 0.0671427088828442 0.0199165765802554 0.0380263179016387 0.13292360298571 0.233840489227591 0.281368238329081 0.325753252220285 0.268887705629771 0.202891513959509 0.217093115614795 0.205419624905333 0.10636317954253 0.0429976574948052 -0.0463554797685033 -0.186228508965946 -0.1205495305492 -0.056677096786758 0.203296917190119 0.256258859267622 0.267828881723259 0.285345233324623 0.228797630581582 0.209097064250126 0.112137727857645 0.0712773141544945 0.0567988102418455 -0.0279580214827833 -0.131706811613799 -0.193880732276657 -0.224009030734505 -0.243782617378322 -0.237617252497824 -0.211731816496109 -0.106740591237897 -0.189305555683654 -9999 -9999 -9999 -9999 -9999 -9999 -9999 -9999 -9999 -9999
0.0783697116580596 -0.0543684573962492 0.0655359606989938 0.093858481371588 0.149513313455053 0.0655173841245624 0.174714501968802 0.307632042075469 0.341679157352705 0.362261592180979 0.25995512349898 0.245523617015112 0.258174725740045 0.265545981089457 0.160156872650686 0.0385488179788963 -0.0156608085708981 -0.12101592002632 -0.0181376070628834 0.104606260696863 0.204000336266772 0.232803232036095 0.281544309802066 0.214387604971273 0.1888209296124 0.188615420976536 0.154616991963951 0.0723867072234374 -0.0133759323863306 -0.132342785372313 -0.0870136382029479 -0.177705604740288 -0.194346463749671 -0.127582377194464 -0.0837538988814853 -0.13693948419871 -0.105826125395409 -0.160462471287401 -9999 -9999 -9999 -9999 -9999 -9999 -9999 -9999 -9999 -9999
0.100909810746837 0.0473622782780354 0.0133937621559922 0.130822151096024 0.10833559740261 0.161116149799786 0.209091474567641 0.285769574024232 0.343462930553214 0.359198916814244 0.286742348739815 0.253342210019365 0.273722866402169 0.253610114341915 0.173933934578581 0.0756856721764395 0.0138018264766959 -0.0732490239857294 0.0825278359984651 0.101306321757983 0.163698545201073 0.159614238837499 0.172618146546217 0.150141242741146 0.148392774825084 0.0945080591975442 0.049981530087762 0.0699817745321644 0.0389382634292334 -0.0467629020943108 -0.0915655133239121 -0.0646050525142437 -0.0566428082245631 -0.0412990195874658 -0.0408122078612542 -0.0768248382613351 -0.0931757434832338 -0.107042363460081 -9999 -9999 -9999 -9999 -9999 -9999 -9999 -9999 -9999 -9999
0.172668526411843 0.184457173275428 0.18377223945213 0.00585534206268655 0.07752314690953 0.121448932792251 0.158662506976145 0.22988118418565 0.291922393549659 0.297975350873106 0.304175721656728 0.241198955432034 0.242288151283617 0.21877743547989 0.187277857612907 0.104270573323525 0.00614860851496375 0.0109019510882735 -0.0142744016252914 0.0313807834007677 0.049057921905421 0.075385510176516 0.109684464906975 0.115323859366877 0.15748073006567 0.0840129656599261 0.0108876603503218 -0.0335673487646354 -0.0634353698502103 -0.101697974622779 -0.0457945309265316 0.00489929204944104 -0.00293987035856185 0.00508019287486942 -0.00461210542304313 -0.0959711484999192 -0.146150145579733 -0.21174616206881 -0.216982172502629 -9999 -9999 -9999 -9999 -9999 -9999 -9999 -9999 -9999
0.04481502629784 0.167219017688025 0.272139795190485 -0.0832912318513916 0.00477626537129896 0.0228130059709855 -0.0299491249918727 0.176154441103242 0.241587452171876 0.197483464819222 0.256211827080694 0.221378776814441 0.22880803513728 0.207321237295671 0.214170986705775 -9999 0.0236515187395448 0.0822818060860495 0.0591000311832094 0.0912375793055247 0.0664034366739647 0.080305623403267 0.153298045877057 0.0901080979214794 0.121385954071659 0.0939729829509161 0.00209526269859423 -0.0687134934829029 -0.0580542985132191 -0.0623487874216321 -0.0456642609857742 -0.0665265446738735 0.0137262382792047 0.0394707418541566 -0.00523574956993439 -0.0886929134929765 -0.219523844451635 -0.308030459805405 -0.265733577104 -9999 -9999 -9999 -9999 -9999 -9999 -9999 -9999 -9999
0.0411530687896658 0.0511944587012942 -0.0551249432238172 -0.0824067158126469 -0.0411755275562888 -0.0113986718891834 -0.0367335562275614 -0.00592613969112644 0.188716347877819 0.150869402205335 0.104536362963804 0.178882037685346 0.21724238700222 0.15288961649677 0.0979975087677056 0.224538642995218 0.221524928628261 0.149174472690643 0.154870470854444 0.20283372720136 0.0548031123337053 0.0594620292434568 0.0960217044793556 -0.0567525267260144 0.00785583407117914 0.0293667432505029 -0.00876818549506278 -0.0397813826607999 -0.100678589539125 -0.132582342304188 -0.112304192705262 -0.0439517259820709 0.0173382433211419 0.0330539217561769 -0.0243219799440621 -0.137843809446472 -0.233004644871876 -0.415712107790482 -0.275363172088407 -9999 -9999 -9999 -9999 -9999 -9999 -9999 -9999 -9999
0.0763778213771866 0.0774756529672494 0.176311566955686 -0.0072415109760016 0.0674485578038147 0.0826728977068285 0.202730560633712 -0.0180429021344189 0.0181712827667443 0.0412057994989598 0.0889773571737331 0.0971039538656914 0.111815789284616 0.108158608001733 0.114089629359791 0.189447111043884 0.213962316652312 0.249228917759107 0.24740911803497 0.184589540394936 0.165121355695112 0.108912755717092 0.0888011324734018 -0.0262062903556741 -0.124539379721805 -0.0575161430705316 -0.0371239494489477 -0.0102716769026369 -0.0767820320256213 -0.172002535484244 -0.0903645024842248 -0.0634902132601215 -0.0728470629002888 -0.0652029621884894 0.00159640543748613 -0.0267021738628261 -0.172977575813316 -0.230789344986516 -0.306847488980082 -9999 -9999 -9999 -9999 -9999 -9999 -9999 -9999 -9999
0.0809058587710156 0.215900098627802 0.177585145454171 0.121394352303122 0.168702561265167 0.150854500452948 0.0887622418169804 0.0512325616886629 0.0343776623922673 0.0661546838657671 0.0402083759338318 0.0292068816440867 0.034067392274272 0.0751456701650341 0.104855895315479 0.173534615409679 0.248118405734732 0.308921616458878 0.301768002718926 0.301181501543455 0.275862271518651 0.229333020895119 0.0757613763461459 -0.00644666625387211 -0.106073611830627 -0.136217460205483 -0.120525582492202 0.00409143233855917 -0.0143221808687373 -0.0770428057461558 -0.0611949322274829 -0.0928546875292029 -0.126029590846325 -0.118169049532542 -0.123383842189879 -0.12745824486987 -0.134759523117142 -0.185837150381847 -0.247125855953216 -0.362767478838993 -9999 -9999 -9999 -9999 -9999 -9999 -9999 -9999
0.151927215803062 0.154276006165121 0.173619249448081 0.174085147606738 0.213979454625978 0.205071221183736 0.136263566130941 0.165773323202527 0.056671163756705 0.0999019439917986 0.0975127440922385 0.0564010318741902 0.032099271708588 0.0408787988406561 0.109748291395689 0.180961576739168 0.278581623208234 0.34825376090948 0.341264024648182 0.305168621708993 0.235595745740393 0.196206485096061 0.0933517987468119 -0.161189296040762 -0.188570834870651 -0.124389016672432 -0.0617085874458289 -0.0316131803185847 -0.0658991240381256 -0.0926528713991602 -0.0663168096891328 -0.0468541717065982 -0.157163903234978 -0.133457343695553 -0.12529975083838 -0.150692145746528 -0.178632419340389 -0.211403100543196 -0.324816500070315 -0.409265397503832 -9999 -9999 -9999 -9999 -9999 -9999 -9999 -9999
