data/rasters/s1.29.06.cu.4_xyz_08_.asc
NCOLS 100 
NROWS 100 
XLLCORNER -4 
YLLCORNER -4 
CELLSIZE 0.08 
NODATA_value -9999 
[rows 21 to 41 of 100, columns 0 to 47 of 100]
-9999 -9999 -9999 -9999 -9999 -9999 -9999 -9999 -9999 -9999 -9999 -9999 -9999 -9999 -9999 -9999 -9999 -9999 -9999 -9999 -9999 -9999 -9999 -0.0700259974485219 -0.105783986646846 -0.174777145938404 -0.216907486982259 -0.213792476327536 -0.25608393920459 -0.231560115056575 -0.215185135690538 -0.182153477459427 -0.223842815472984 -0.340708884814611 -0.247784917082628 -0.303111054848546 -0.170355074198422 -0.0902203817890672 -0.0162886073344815 0.048024130521615 0.0357409343567953 0.113659447397038 0.0823489999531519 0.0193645019697669 -0.0610988740642471 -0.0255346133922461 -0.0649564255633684 -0.0817395373948609
-9999 -9999 -9999 -9999 -9999 -9999 -9999 -9999 -9999 -9999 -9999 -9999 -9999 -9999 -9999 -9999 -9999 -9999 -9999 -9999 -9999 -9999 -0.0999658539353301 -0.102692133496738 -0.0947329151390396 -0.111081201649911 -0.170023162820781 -0.191496565056405 -0.211127515096669 -0.194580732196132 -0.233161232703283 -0.300496924651724 -0.25186403301233 -0.39412739263619 -0.318865161839945 -0.362174562504451 -0.323948201081656 -0.232029428757456 -0.111246309181063 0.0444761579359716 -0.0418970066382745 0.102869539175373 0.134437949032417 0.00612278850193968 -0.0963446460961636 -0.128847518638533 -0.123108546702423 -0.132692443157251
-9999 -9999 -9999 -9999 -9999 -9999 -9999 -9999 -9999 -9999 -9999 -9999 -9999 -9999 -9999 -9999 -9999 -9999 -9999 -9999 -9999 -0.0403270576446854 -0.0869724927897878 -0.0658586916209835 -0.074920296406692 -0.176761859735489 -0.126078110829878 -0.132394953554473 -0.144549617148664 -0.130358587718649 -0.24834176916455 -0.318771237827381 -0.379041682549078 -0.408737171881058 -0.267258930180877 -0.350214464458756 -0.33919710846663 -0.311583145240362 -0.241744317514937 -0.0841147168038872 0.316765190006055 0.116291552717805 0.143182119143496 0.017919000381361 -0.0755267886133187 -0.150084949668495 -0.141663416802599 -0.163774839614481
-9999 -9999 -9999 -9999 -9999 -9999 -9999 -9999 -9999 -9999 -9999 -9999 -9999 -9999 -9999 -9999 -9999 -9999 -9999 -9999 -0.0035685987030207 -0.0215900045943525 -0.0579843124462008 -0.0212376272966984 -0.0975568334662969 -0.127315838257949 -0.0886612260580974 -0.0741733253077643 -0.0879549218740952 -0.0966902770324619 -0.215402188102949 -0.32306469304294 -0.331213165183021 -0.317961202987192 -0.360780271367567 -0.361419821786909 -0.326443060506152 -0.291763202687339 -0.245837794665821 -0.034744225648137 0.175904093349171 0.307229569874659 0.29712258761734 0.119329846753208 -0.0518998471025556 -0.151994376703352 -0.120908432702435 -0.124734756450136
-9999 -9999 -9999 -9999 -9999 -9999 -9999 -9999 -9999 -9999 -9999 -9999 -9999 -9999 -9999 -9999 -9999 -9999 -9999 -9999 0.0209015103321931 0.074652375373973 -0.0229814958033255 -0.0354376021294565 -0.074812783601456 -0.109427170814418 -0.0663694466242048 -0.01719212831863 -0.0874250597930804 -0.172460171846711 -0.212019188483791 -0.268170228729078 -0.268453850114711 -0.347361830209117 -0.353592976141809 -0.317010490615501 -0.291378030185971 -0.262226024426106 -0.0988712416751416 0.191145526133947 0.222332333166414 0.395603175641178 0.323872177889547 0.476631994261938 0.0122565678737757 -0.1169649614816 -0.104083489200357 -0.135879550787894
-9999 -9999 -9999 -9999 -9999 -9999 -9999 -9999 -9999 -9999 -9999 -9999 -9999 -9999 -9999 -9999 -9999 -9999 -9999 0.127061536936145 0.0780646184182554 0.0139932868590785 0.036447126376791 0.0809999811785576 0.00315702665915119 0.0378899366463527 -0.0114206067843277 -0.00799500699333768 -0.0600519619731542 -0.132104903745606 -0.165155641295027 -0.326663878871646 -0.332866347472424 -0.415161556142356 -0.280986498354507 -0.233754512434362 -0.202788149161508 -0.149022742691946 0.0951052514178253 0.226814158173648 0.367550212696252 0.468951000747434 0.530842613117592 0.614529171122213 0.432709311443951 0.0119440653391548 0.0570223734375586 -0.0193085345597231
-9999 -9999 -9999 -9999 -9999 -9999 -9999 -9999 -9999 -9999 -9999 -9999 -9999 -9999 -9999 -9999 -9999 -9999 0.297660605080209 0.397466648172927 0.36360679020555 0.195502352496179 0.197870889708289 0.262051723626343 0.189095347975828 0.225978109631906 0.164410550226818 0.108206941495556 -0.00172176318071881 -0.099952387595988 -0.144505025395841 -0.25001599562767 -0.362286307580691 -0.41390303352382 -0.27579908899528 -0.138639669258634 -0.0545313443532215 0.0673026197784203 0.113050339748606 0.17912000718697 0.282249120380776 0.430422774134582 0.653142531336427 0.553033471516246 0.505261486100105 -9999 0.148318517142643 0.0975179782366657
-9999 -9999 -9999 -9999 -9999 -9999 -9999 -9999 -9999 -9999 -9999 -9999 -9999 -9999 -9999 -9999 -9999 0.0861488589255257 0.326430954804449 0.319844102022745 0.258358548521971 0.389137614768597 0.354694796987031 0.446525944148716 0.400282372915078 0.385142684117312 0.335954363546116 0.217300262467044 0.0985390045936894 -0.0492146339310816 -0.0918254490003742 -0.123918691379358 -0.180825675780376 -0.217689770154307 -0.215223313007018 -0.0951068685431012 -0.0356533103700999 -0.00170967606474194 0.0552783068791667 0.123001450886738 0.228611030489346 0.447825303794626 0.502748272066432 0.42555217069802 0.554805702411779 0.459556080282062 0.469681496343179 0.490737150305736
-9999 -9999 -9999 -9999 -9999 -9999 -9999 -9999 -9999 -9999 -9999 -9999 -9999 -9999 -9999 -9999 -9999 0.198251246695332 0.771204970964599 0.681397108727137 0.589812238469757 0.504383759416279 0.436820041769568 0.439871285855524 0.415760936146066 0.371628303295002 0.312414524777068 0.333750774669656 0.213168055545553 0.0304399220194391 -0.0340087293766062 -0.0584834305973061 -0.0955771485620762 -0.141019413614009 -0.170250472738436 -0.115636419119521 -0.0178792600068874 0.0435817234052978 0.11222560958478 0.299590015315145 0.243416429569424 0.270754959754551 0.377797316145524 0.430525653691407 0.416394928875201 0.417956218744948 0.453332997407678 0.452652137169853
-9999 -9999 -9999 -9999 -9999 -9999 -9999 -9999 -9999 -9999 -9999 -9999 -9999 -9999 -9999 -9999 -9999 -9999 0.76160446949644 0.84025266665049 0.66032499091956 0.554219011294906 0.455051664461766 0.4130506066727 0.368893968152956 0.276223942404157 0.268583828019535 0.329672450331352 0.305963137272655 0.195697925261959 0.0560921842231987 0.0299386744481644 0.0366707739996723 -0.0247584284742219 -0.101516418751646 -0.137921176171194 0.00925754967913179 0.0884745871518673 0.172171967555 0.25109581270449 0.256163101170244 0.286991313312169 0.308676448323935 0.316412087881109 0.336108532568646 0.325935451645024 0.35830302525195 0.379408144706893
-9999 -9999 -9999 -9999 -9999 -9999 -9999 -9999 -9999 -9999 -9999 -9999 -9999 -9999 -9999 -9999 -9999 -9999 -9999 -9999 0.62219595553277 0.568144088254211 0.442111092957811 0.341622344775606 0.307832274440065 0.217852864339299 0.247934065353316 0.331144910864344 0.402420847134192 0.429556768496109 0.226866225440116 0.148436370175473 0.151455446311708 0.121797357986593 -0.00242971020245124 -0.0273669609317772 0.0636489459205451 0.147776880853652 0.166082498458051 0.553023700160819 0.244742366155084 0.319597367859895 0.278412488476483 0.331812983531682 0.311149633068208 0.310932672390187 0.297999066923154 0.119796441046626
-9999 -9999 -9999 -9999 -9999 -9999 -9999 -9999 -9999 -9999 -9999 -9999 -9999 -9999 -9999 0.553020333250214 0.541456674550929 -9999 -9999 0.437516611511469 0.486510766275332 0.458935251899164 0.412193135645939 0.316690283344821 0.236136345825415 0.20157927864572 0.226927269452634 0.337827863246392 0.402098663825119 0.467220842928047 0.423557098445014 0.366167737813673 0.306340337703152 0.284686445224903 0.146964709686969 0.0505352490107443 0.118625111177871 0.201002643101531 0.135143608437592 -0.146733646276377 0.22730415673884 0.229286218119167 0.260377183888252 0.324929311782821 0.410376136048601 0.240310123303709 0.12682840464943 0.0130562092134471
-9999 -9999 -9999 -9999 -9999 -9999 -9999 -9999 -9999 -9999 -9999 -9999 -9999 -9999 -9999 0.490449384641669 0.490022827316881 -9999 0.537201825279623 0.455802445582269 0.52350791869613 0.372772061191581 0.272702050866936 0.263315273896692 0.159070053069283 0.0976978065689506 0.154867213337454 0.251044400886534 0.324974244609022 0.503607478810159 0.519016097970439 0.544129665752554 0.441717409207708 0.369137380572332 0.280849632101389 0.205624114943816 0.185985795834004 0.11296822264374 -0.100929168070374 -0.167104300110077 0.239051826049177 0.279123234150935 0.253956523370521 0.352927475628406 0.454861053953806 0.208481902145693 -0.0393431675684063 -0.123939541103816
-9999 -9999 -9999 -9999 -9999 -9999 -9999 -9999 -9999 -9999 -9999 -9999 -9999 -9999 -9999 0.3219647906077 0.424016705965498 0.555645629540458 0.649995784204953 0.53550800424851 0.449516199008903 0.278286188457905 0.198475384955997 0.106064551336107 0.0370637875140414 0.0229118636150012 0.108614758144842 0.174773559412313 0.27361633829925 0.334710623870279 0.411531248001388 0.595762073877983 0.566325714929433 0.37186009993611 0.392101005379518 0.242620268041546 0.0744469341215223 -0.0553712097960659 -0.163843315381422 -0.21134892838864 0.323561933074836 0.320847416773962 0.238478795804705 0.357550765217168 0.462715220502146 0.207474584823869 -0.0492451841438686 -0.0994763845131265
-9999 -9999 -9999 -9999 -9999 -9999 -9999 -9999 -9999 -9999 -9999 -9999 -9999 -9999 -0.0202007059303349 -0.00114044158469886 0.177061576855568 0.20165223910828 0.545880366442472 0.531374926301114 0.337461148247552 0.173776518040229 0.115971183569068 0.0665032325308857 -0.0444762645879264 -0.0322463393928393 0.0415806391004649 0.108673472764244 0.198784812539175 0.281148672591862 0.394650889092701 0.616052953556219 0.646127189670109 0.41362997197328 0.401522434346227 0.0728216558034465 -0.157238230339268 -0.106092105354475 -0.200788844987106 -0.316814231621125 -0.0107884106188836 0.324654603103038 0.286951119381006 0.386888681624453 0.436766896524638 0.211773291058468 -0.00851697081074717 -0.0876736389068005
-9999 -9999 -9999 -9999 -9999 -9999 -9999 -9999 -9999 -9999 -9999 -9999 -9999 -0.128011513795827 -0.118739218833621 -0.0403812399720393 -0.0865432162039317 0.149833033079348 0.311982175558235 0.288369076955066 0.260784888347625 0.128157823880944 0.0544242003700664 -0.0458711420207504 -0.0919050139506783 -0.0851083085547058 -0.0283553730389585 0.0808796406127104 0.135479164845644 0.259634747146949 0.442776693748453 0.644757666002511 0.670772087944081 0.677305496648969 -0.145534963269088 -0.11783170013414 -0.224151019714813 -0.341751024218967 -0.424495410353692 -0.429205680719559 -0.0125213199920494 0.100483117467477 0.315209460083055 0.374312762096592 0.371800292725542 0.208227039899025 0.0174195463614619 -0.0807744434608738
-9999 -9999 -9999 -9999 -9999 -9999 -9999 -9999 -9999 -9999 -9999 -9999 -9999 -0.142207513886907 -0.171515819540688 -0.20935498720984 -0.109690124676784 0.0516118788531194 0.227463043586055 0.205865154554247 0.136931399226565 0.0606616701503027 0.0148563740995304 -0.147391776275716 -0.169132347694411 -0.224612141372223 -0.112317713832336 -0.00251022767362109 0.0556015548875739 0.217688293898157 0.422511923131874 0.583526643724468 0.678256527525193 -0.066998998814017 -0.215903079666861 -0.265235700279409 -0.336439098627513 -0.405173958930973 -0.489124644111067 -0.461173356519358 -0.205390588424558 0.00733184504279563 0.200566671569304 0.316843258073464 0.178656561900073 0.0473876384655748 -0.059004929154234 -0.106802321009382
-9999 -9999 -9999 -9999 -9999 -9999 -9999 -9999 -9999 -9999 -9999 -9999 -9999 -0.139133359170658 -0.159915300919046 -0.177462718064164 -0.130824444028669 -0.0763380949918687 0.163302878146516 0.088238895187338 -0.0142218979300295 -0.0785970728419991 -0.146198778707177 -0.25582677288343 -0.313804740870189 -0.278030769235214 -0.219117114028012 -0.133698450638147 -0.0432680476841736 0.0752485728976821 0.264732290711973 0.507641629994515 0.260653738774399 -0.19937062206163 -0.285361933967381 -0.395929154062964 -0.420546481859824 -0.406471639502339 -0.471038565555124 -0.480268108452014 -0.439847294380436 -0.267678805144788 0.0137907483183467 0.2281020181566 0.131195044912053 -0.0185155619876543 -0.117406409801581 -0.170018425360974
-9999 -9999 -9999 -9999 -9999 -9999 -9999 -9999 -9999 -9999 -9999 -9999 -0.128870737190082 -0.124032178315873 -0.127770831841926 -0.140972950787329 -0.136386920629862 -0.0876527650818763 0.0531251224183724 0.0139304585824287 -0.0947692112624961 -0.158512118655051 -0.176767412490319 -0.333036986950996 -0.400783269392062 -0.380523835107651 -0.248053366906638 -0.240286688217247 -0.113798459325271 0.100248807256695 0.373833114083982 0.402694181923361 0.0665027226269996 -0.242831926921901 -0.394978504341103 -0.422886858434489 -0.438464562630736 -0.446662604598953 -0.47059902448848 -0.498902316392858 -0.465747712537244 -0.332854502374366 -0.0216763628303959 0.140892183921233 0.0620151770182615 -0.0756147874150051 -0.143049004790459 -0.179977622118127
-9999 -9999 -9999 -9999 -9999 -9999 -9999 -9999 -9999 -9999 -9999 -9999 -0.100032170583603 -0.132795784096034 -0.129527519598551 -0.163528543929014 -0.111043607917584 -0.0625771226251041 0.0549327059475911 -0.0362387285873116 -0.225177200393411 -0.300347625881638 -0.374226798374042 -0.323985271718412 -0.328056219430712 -0.375971582800851 -0.323436272615841 -0.293844422234068 -0.230499589750393 -0.0337424920147039 0.388975670538078 0.459862532170505 0.337934455742028 -0.00630025575302247 -0.311545947371924 -0.457959708895064 -0.434139963454611 -0.422532982655171 -0.500772798612099 -0.519210655770697 -0.498056544671717 -0.135243451615401 -0.130389136536627 0.0359564626125419 -0.0244892262322643 -0.0892871923824629 -0.165472329267597 -0.222576951617933
-9999 -9999 -9999 -9999 -9999 -9999 -9999 -9999 -9999 -9999 -9999 -9999 -0.134904997437674 -0.167738100462052 -0.174581995310617 -0.140041257708702 -0.0534900715674092 0.0509375192063624 0.00928847768166366 -0.20233330375489 -0.263049195356097 -0.353866234408009 -0.354915374540014 -0.320101466475572 -0.318074127151037 -0.29345462369802 -0.303348907799827 -0.301918585491649 -0.0198034845901733 0.0796821490025758 0.362633499634583 0.429220365986632 0.44985900268706 0.0883833334614081 -0.23267421947592 -0.291365806246389 -0.331473973188461 -0.307539193206801 -0.441672243289478 -0.493665850450143 -0.379148182423109 -0.0816163826552733 0.132165373984514 0.0890150761867255 -0.0263412106116429 -0.145025103976091 -0.239020184783903 -0.306558192935538
