data/rasters/s1.29.06.cu.5_xyz_08_.asc
NCOLS 100 
NROWS 100 
XLLCORNER -4 
YLLCORNER -4 
CELLSIZE 0.08 
NODATA_value -9999 
[rows 42 to 62 of 100, columns 0 to 47 of 100]
-9999 -9999 -9999 -9999 -9999 -9999 -9999 -9999 -9999 -9999 -9999 -9999 0.0814273405948408 -0.133320127211785 -0.118469443654389 -0.0885199001565169 -0.0315678656937513 -0.160480807698594 -0.0316432662129732 -0.0122165328907389 -0.100688434842144 -0.187178300313157 -0.212013625628875 -0.185803763732 -0.133602254924219 -0.120601982354356 0.000483613899528607 -0.0558606518536101 -0.0971429691504245 -0.0955432225161821 -0.095207254506512 -0.0090962151772899 0.00587771003875462 0.0629299355780019 0.0630954152749608 0.0957430896297336 0.146058372356034 0.0471082235966291 0.0102928751905035 -0.0233139492454204 -0.0262713816834714 -0.0975523451178852 -0.117771842674366 -0.174799781972325 -0.199119815102055 -0.16853815245619 -0.0852720513960139 0.0304714310609044
-9999 -9999 -9999 -9999 -9999 -9999 -9999 -9999 -9999 -9999 -9999 0.0929649406283667 0.0753303336502829 -0.149977474975851 -0.0951604718688216 -0.0384832162875193 0.00852624896482759 0.000864074907691447 -0.0630228962829279 0.0487214249435152 -0.033709130431973 -0.131264143861961 -0.163200706273261 -0.111641111017658 -0.126562158799412 -0.0693000153601973 -0.0223423585454909 0.075670264012083 -0.0237817598674061 0.0258494676743268 -0.0273859476593289 0.0195151628748947 0.0391265724657651 0.104724960627666 0.0591886941117862 0.153115595126242 0.240056818400053 0.156945542339553 0.0706430012575423 0.0267460994293017 -0.0175061984038234 -0.112001346543574 -0.16033947220379 -0.18228536327521 -0.175072735519486 -0.182446010423119 -0.125610216375796 -0.00778085019934216
-9999 -9999 -9999 -9999 -9999 -9999 -9999 -9999 -9999 -9999 -9999 0.0861451831758569 0.096319317151258 -0.142003811075809 0.016502805553442 0.0583065319378984 0.0175471622054495 -0.104178588805541 -0.143400815011005 0.0868651594470809 -0.111569420117863 -0.156117791939698 -0.14552387364438 -0.0586297869254395 -0.0770300210034011 -0.0195540723522146 0.0206485452518702 0.125122970724241 0.0438187451341 0.0766925699762676 0.0436843489194991 0.0798905251981908 0.0906483584784969 0.085474261030692 0.0748042843174828 0.165682541198187 0.218254532678455 0.22990903546353 0.248744570586911 0.0606660493371334 -0.0366054334443162 -0.0897981934740282 -0.156739803948861 -0.12269114464332 -0.173331472678398 -0.156321240923258 -0.0693706390117974 -0.0173316879474433
-9999 -9999 -9999 -9999 -9999 -9999 -9999 -9999 -9999 -9999 -9999 0.0921073781816523 0.00840017670336507 -0.179083639272768 0.0426470175330767 -0.00814787205585474 -0.0682812933235975 -0.0664237459595589 -0.0376399823229395 -0.026484592861652 -0.0565815497245657 -0.100211517660041 -0.0924029504292282 -0.0238128871240522 -0.0788752685479153 0.0317535974291711 -0.0185465694639134 0.0963442632669578 0.0556545462655182 0.0698861465460342 0.0361159756405916 0.0860607402340525 0.0937156463410914 0.112592687377628 0.111964488124967 0.17056931077941 0.225694745284432 0.243648849775686 0.24512670473802 0.111205395544259 -0.021850432520521 -0.161727713449548 -0.160578431823685 -0.0920945337778003 -0.109877265396495 -0.109179307552885 -0.0484236353274002 -0.0510646551714446
-9999 -9999 -9999 -9999 -9999 -9999 -9999 -9999 -9999 -9999 -9999 0.18351769327533 0.0547985132800217 -0.142954294236157 0.204242359530914 0.0161091979150996 -0.061358504723676 -0.0889987147795715 -0.130316310568146 -0.0213888350188449 -0.0594570145796244 -0.146229843522976 -0.112130022227987 -0.0595663859515016 -0.10848054933778 -0.0595199189472786 -0.0926732242360407 -0.0633762512005509 -0.0123525295331593 0.00667312717010844 0.0577418535815309 0.0613654709668908 0.0932338259757795 0.17274401911488 0.137719553291244 0.1665977824267 0.256325560557986 0.11509988856878 0.0850422321767839 0.073802655691745 0.0180453282193055 -0.0664062707938279 -0.000278247298132398 0.0300764113892134 -0.0146483791038339 -0.0102475351238317 -0.00563596399239807 0.0523024067132968
-9999 -9999 -9999 -9999 -9999 -9999 -9999 -9999 -9999 -9999 -9999 0.192600942949371 0.0872677165981117 0.0377995238652952 0.197318043597938 0.0667517035859209 -0.0558444205994859 -0.118664904149599 -0.104257120257969 -0.0409378463015764 -0.0602274990098348 -0.102408172866572 -0.128659091630037 -0.0263417781506807 -0.0713805286337987 -0.105274752085185 -0.127807410011695 -0.0863370430015593 -0.00777563740855655 0.0156023177106645 -0.0199866879251565 -0.0492758436523979 0.0169290256291698 0.0808921476904167 0.163003265007513 0.186234801624615 0.200888506099322 0.153766636425384 0.0914806150237037 0.0748581205929911 0.0962411459906931 0.130011516349938 0.175536615934261 0.123912085764612 0.0200804280600737 0.0409265694412727 -0.0367147780819521 0.0974173636485386
-9999 -9999 -9999 -9999 -9999 -9999 -9999 -9999 -9999 -9999 -9999 0.256035795982738 -0.0544847994170358 0.0581374500581797 0.183018606650353 0.0739784848395114 -0.0188010578789609 -0.0453147011633997 -0.121272185864773 -0.0618269192560045 -0.0378571130050335 -0.0410494769610091 -0.0502279252895266 -0.0463713565343864 -0.0860565415671151 -0.0989183137464086 -0.0976725696614933 -0.077378438413154 -0.0598823266972894 0.109813412302372 -0.0137653527394337 -0.0333284474189057 -0.00155167841541833 -0.0309457823655221 0.099143810595942 0.145116057593693 0.112087437624768 0.273551690210338 0.162564078057987 0.127541969084181 0.146947589896466 0.178738994790377 0.248693430432539 0.236019073027413 0.243897083619756 0.197657157625028 0.0815616736037453 0.0830738941386618
-9999 -9999 -9999 -9999 -9999 -9999 -9999 -9999 -9999 -9999 -9999 -0.0448650406411518 -0.102194532941441 0.0645970104874474 0.157869043699118 0.13304866126352 0.0816779620849232 0.0149597506719608 -0.0182346128999673 0.00580658540247887 0.0588700216219367 0.0178151645003201 0.00942097847348443 0.0178094802163996 -0.0337004329327836 -0.0437882933297001 -0.098667207375393 -0.0290083351330225 0.0448757541407748 0.0872390054993081 0.0218893449158379 -0.0144676647267653 -0.0391940347897293 -0.0191868825505939 0.0872575088064931 0.124774716902322 0.17568675739975 0.130027577187595 0.0847481102901064 0.10670171543044 0.0791534930031987 0.173703475324188 0.271075166660718 0.227555154496114 0.21191805533812 0.231023590717093 0.116297187445555 0.122762462573241
-9999 -9999 -9999 -9999 -9999 -9999 -9999 -9999 -9999 -9999 -9999 -0.139525126624295 0.0340530027632919 0.0394452380585109 0.248475171239504 0.0609806065314838 -0.0780778208623718 0.0752871183170318 0.11814586630922 0.141564052384274 0.115472538902763 0.171873335843257 0.110106484377498 0.113086343093228 0.0786063438297056 0.0925553630941524 -0.0346087402973472 -0.0247691927184343 0.103016538123441 0.093532237172739 0.042695900613211 0.0332529208420584 -0.0219876239482027 0.00915159363691125 0.0981467300975074 0.122352172543397 0.100327224857317 -0.0167499684044474 -0.00212560092555766 0.105162068263274 -0.0405162734702605 0.0386167157912146 0.231580497628359 0.231966704010401 0.130843277020154 0.053237489916776 0.0631629256512231 0.0461092687503974
-9999 -9999 -9999 -9999 -9999 -9999 -9999 -9999 -9999 -9999 -9999 -0.0194609834632048 0.0541362835588092 0.113975181720265 -0.0109249490949551 -0.0107346385510337 0.0137275324690842 0.143379989411684 0.130739322524661 0.142233353964265 0.111752426580232 0.148398250724335 0.20568010030955 0.218554068386513 0.239165522054449 0.215907195317182 -0.00950271021623839 0.0266562875868865 0.196907952753547 0.133629831581949 0.105786318865526 0.0657437844279922 0.0781554064929209 0.0100204316313504 0.0884524863420929 0.0721950864305238 0.0150676248734735 -0.0273670292491923 -0.0426006740089215 -0.02271220961749 0.0136247172243023 0.129597532611995 0.181871229607645 0.176182753409803 0.0929898917570469 -0.015687742890037 -0.0795604981874106 -0.0694792279415872
-9999 -9999 -9999 -9999 -9999 -9999 -9999 -9999 -9999 -9999 -9999 -0.00228923178692303 0.101238653892818 0.107290497761049 0.00509708674117305 0.0621316033878138 0.158308267075974 0.137433200896494 0.154738980614701 -0.00256433879665777 0.00937962963420217 0.142858909943646 0.218954175861793 0.294713475289494 0.329306072804612 0.197199732868355 0.0656006259096442 0.0283611173177699 0.123523603438691 0.174301841547929 0.150054586413468 0.0921797806490254 0.0739039662342507 0.0809080930921929 0.0949838611815897 0.029022155071749 0.0161705160098731 0.00314773365684363 -0.0250793012206668 -0.0366332554798354 0.0383814576879991 0.0843870623728106 0.154474525072383 0.188412610363973 0.120693175592388 -0.0546882974546255 -0.0476493998350637 -0.131463055080781
-9999 -9999 -9999 -9999 -9999 -9999 -9999 -9999 -9999 -9999 -9999 0.206090928976043 0.0891022511005044 0.0769346406469524 0.0923734847414775 0.172472653528302 0.169843370878846 0.159408935790257 0.136850389350055 0.117534511913209 0.0514783731201914 0.145062864557174 0.191681968216411 0.236208951539897 0.240496523923321 0.133936849255796 0.0358816945399139 -0.0289896513354435 -0.00558010306650159 0.03017821664697 0.0959007555992812 0.0886059344238131 0.0560366659025559 0.0123232415038417 -0.0358451779034954 -0.0276198033369893 -0.00523265928405116 0.0196080718638933 0.110104459201623 0.104206861701655 0.0980215740918029 0.0842853221907995 0.145822666710789 0.222568215793288 0.155235921389665 0.00378427741100514 -0.110854472876397 -0.175367487674314
-9999 -9999 -9999 -9999 -9999 -9999 -9999 -9999 -9999 -9999 -9999 0.225960082887588 0.0558882091219683 0.131611451707271 0.140569818445917 0.244575332843393 0.186730435048989 0.193505453220228 0.153638390168459 0.11682943801387 0.0929707169193779 0.138408234106373 0.190935163168428 0.199625882161805 0.186924945837418 0.0164386294418057 -0.0654189776353529 -0.132099422680518 -0.146867711366973 -0.0974831238670047 -0.0328846686202459 0.0517125706287566 0.035747845615804 -0.0178471687955206 -0.080017337199557 -0.0618178545496739 0.00786149400141313 0.0333665433538038 0.128947551626599 0.132308333839947 0.148366963894014 0.154256131334453 0.144016885616742 0.0813537921052342 0.0628663001562051 -0.095693214249391 -0.164458268735415 -0.202628197350873
-9999 -9999 -9999 -9999 -9999 -9999 -9999 -9999 -9999 -9999 -9999 0.0942694075078245 0.103955178324202 0.188920984745411 0.233370290631481 0.211401567967128 0.219395462021024 0.182124441607782 0.171331026448269 0.118906975435116 0.15976589790768 0.163596385950794 0.164161831618972 0.10494396654452 0.0166616257257188 -0.0828820755835076 -0.118778642092947 -0.146758867337968 -0.1533286678939 -0.13615741759799 -0.0839995488260659 -0.0352696635259892 -0.0235048024090471 -0.0572362147905095 -0.0990036184407389 -0.114280980830715 -0.0381190300854666 -0.043358106928917 0.106206934133629 0.121982742029683 0.140331793467592 0.158878049944385 0.147585126319425 0.0903035363918576 -0.0750362166117376 -0.102094496557932 -0.123964183609463 -0.19686196919487
-9999 -9999 -9999 -9999 -9999 -9999 -9999 -9999 -9999 -9999 -9999 0.196406432912658 0.0777885692041803 0.235757626537149 0.152485213395063 0.0492693575320734 0.00764381171351844 -0.00925175582930706 0.0141955800431622 0.133825974609859 0.175864651119698 0.198609750744753 0.137561601772105 0.0748607894632846 -0.0325621812275923 -0.112007342573061 -0.145468892967689 -0.162308141227377 -0.185783734258562 -0.155660476090198 -0.0948404721738239 -0.0225285610705809 -0.0678253273352759 -0.127444295696859 -0.145566602614812 -0.1546106136493 -0.114669322610713 -0.0706427880197105 0.0769564695404309 0.113521920938987 0.114011176818909 0.131533443324978 0.139533103315579 0.0841788520072224 -0.0178546265564529 -0.0737202428773435 -0.0739576583098727 -0.0806693532610808
-9999 -9999 -9999 -9999 -9999 -9999 -9999 -9999 -9999 -9999 -9999 -9999 0.040556318133408 0.26610384587523 0.0585770622568904 0.00652401390564392 -0.00959557307282108 -0.0114540627486189 0.0191134735853138 0.0824078568715533 0.195976874713451 0.255106745276518 0.155547766294563 0.119110471310892 -0.0821865325431412 -0.075016796529357 -0.107922938212604 -0.153582216260793 -0.203831105499806 -0.165260324374169 -0.054420774921978 -0.00402746683372281 -0.11585648106872 -0.106551549391197 -0.123688636307784 -0.162827982165384 -0.150924352382938 -0.132003747837917 0.048593069210947 0.142331182496735 0.117483807877698 0.114750768407274 0.150014367209484 0.105055019430947 0.0144724963381451 -0.0464919946271951 -0.0651922459571653 -0.11798877850575
-9999 -9999 -9999 -9999 -9999 -9999 -9999 -9999 -9999 -9999 -9999 -9999 0.0185130071950149 0.150826807201038 0.0355202808242584 -0.03210514874536 -0.00294278279041539 -0.009220791153013 0.0525188680615832 0.0851829698663534 0.199043482222778 0.220896990122066 0.227887560257889 0.0383505740104936 -0.0202397439449332 -0.0632109288175145 -0.0954296179030938 -0.144497217009421 -0.171590745789199 -0.144696398129207 -0.0929750308011966 -0.0781798819112051 -0.0367351803902229 -0.025102766579442 -0.0265642090919335 -0.0837797435645639 -0.107327662516146 -0.0478123192477824 0.101618268252493 0.184719602596944 0.162192077842408 0.13533110899492 0.128851331505876 0.124658625679285 0.108196465869426 0.0812622271570945 0.0356881661924293 -0.0687321485771397
-9999 -9999 -9999 -9999 -9999 -9999 -9999 -9999 -9999 -9999 -9999 -9999 -0.0069662087998074 0.0560218108405914 0.0511134751814871 0.000426274420034997 -0.00830848890315351 0.0100471868143883 0.0744205451581535 0.0765133409921096 0.176610904807554 0.232861460481443 0.296323422637761 0.151680403503692 0.0829919361903309 -0.00332919787827137 -0.120472006253524 -0.127164462033933 -0.0910866738137366 -0.0927912927614847 -0.047248983922251 0.0593621181105509 -0.0200036877424199 0.0341988446730754 0.0123255039711128 -0.01458658371491 -0.0184301719694043 0.0062582955321383 0.0934882298281243 0.22995532136528 0.159270660358118 0.113428262736823 0.0805524011259196 0.0601954296533534 0.103228060127069 0.0850559873270995 0.060461505825941 0.00853803483406225
-9999 -9999 -9999 -9999 -9999 -9999 -9999 -9999 -9999 -9999 -9999 -9999 -0.0308570722954258 0.0460934890216801 0.0555783168354157 0.0453289492353666 0.0175208953681893 -0.0473718867422256 0.0588500450430326 0.0173642607288834 0.131541267178943 0.194916810591912 0.241595853630911 0.17512379675783 0.117877914674211 0.0429686941728706 0.0193961211055499 -0.035749975863448 0.0475985483419222 -0.0158671768841307 0.0706543550759324 0.140025510119365 -0.0167889074567448 -0.0181869502790786 0.0113847892481072 -0.0310996427456428 -0.0284017712531802 -0.0319322030346287 0.012372451680095 0.263741273479666 0.211734464697446 0.111734128362221 0.0828778433679319 0.0553940948552015 0.134835866893352 0.141207550772732 0.0725542132149339 0.075340048774921
-9999 -9999 -9999 -9999 -9999 -9999 -9999 -9999 -9999 -9999 -9999 -9999 -9999 -0.0305486383889077 0.00767452231582713 -0.0223164689253569 0.024086825881285 0.0653307802116338 0.0468216389124856 0.183024304719408 0.157138255597878 0.157053324621963 0.169344218516271 0.158961159296732 0.102339385763404 0.115570151388878 0.090487929542644 0.0414166266158084 0.185835145998634 0.191626063127497 0.216996740869298 0.167531245138801 0.0212868960799706 -0.0342316979959204 0.0327064159118815 0.0356690079682124 -0.0175152949916926 -0.0361639289782929 0.0883580947418356 0.198135883091804 0.27827120158491 0.146878228933053 0.102852922938664 0.0176072773948683 0.133133376139274 0.142642523256458 0.10742953569023 0.0340920792594883
-9999 -9999 -9999 -9999 -9999 -9999 -9999 -9999 -9999 -9999 -9999 -9999 -9999 -0.0354371120887303 -0.0803772386519128 -0.072251898335491 0.112039933252552 0.0884662354094486 0.0957866738472583 0.158445084920416 0.18694656835683 0.110992199498387 0.112998145613064 0.109871887274686 0.111802414610621 0.197263908663766 0.103383920809993 0.046057098183497 0.177316178238833 0.213324790108043 0.284492806542427 0.147531462269117 0.0435678695741178 -0.0885363818860913 -0.0306450050435418 -0.0641672489817314 -0.0211802547413379 -0.0162056793120109 -0.0496871500887962 0.187590384404874 0.256029184670271 0.248164771091404 0.204688973169251 0.099656586352542 0.0228170611793691 0.0244683070134109 0.036705989143522 0.0245816970503685
