data/rasters/s1.29.06.cu.1_xyz_08_.asc
NCOLS 100 
NROWS 100 
XLLCORNER -4 
YLLCORNER -4 
CELLSIZE 0.08 
NODATA_value -9999 
[rows 42 to 62 of 100, columns 48 to 95 of 100]
0.12154610475938 0.126162766523857 0.185728092878683 0.213795937262246 0.297961230832749 0.297154628369014 0.259417345315456 0.172220208516276 0.141261643220757 0.14605505806364 0.127167136236304 0.121328107851658 0.171555767582154 0.0877182617180647 0.143668052580298 0.223652676065049 0.27497800125457 0.286403405944693 0.278016033131345 0.251078675001188 0.212951807548765 0.202497982433386 0.0446446138643884 0.0563475810798318 -0.0703599151326428 -0.00177449006532198 0.0490971849559802 0.0266256331409684 -0.00891574930730831 -0.0353678212379406 -0.0627542997779151 -0.111369266337427 -0.143384123783526 -0.154094392379139 -0.191539821064812 -0.216163524771565 -0.215122508817953 -0.250439389171006 -0.313090345805128 -0.390019421520781 -9999 -9999 -9999 -9999 -9999 -9999 -9999 -9999
0.218085864161354 0.104255286601866 0.108385260997888 0.152610865740436 0.223586859031711 0.307695554697244 0.297963491768472 0.32604029526637 0.209178536451495 0.172280338308566 0.176997631451067 0.355404551031924 0.291006190705035 0.264084906526492 0.244075936697682 0.179497056951278 0.127080917236043 0.190856506272178 0.234975334573905 0.246676165186274 0.178127675171699 0.160017311417295 0.091092210632542 0.120097147772099 0.0279711625611828 0.0687068970849871 0.103104192607123 0.0672160769743108 0.0548923652704148 0.00278655478701247 -0.0122045884860378 -0.0381373083438024 -0.104074481480649 -0.121537022982976 -0.191861783784795 -0.213694465988559 -0.20190404826338 -0.248807630106645 -0.264045180080183 -0.283314855622195 -9999 -9999 -9999 -9999 -9999 -9999 -9999 -9999
0.203483055198316 0.0536734440129617 0.036598289758748 0.0820607405174302 0.173643892201316 0.208806723240198 0.254090991007236 0.257051002707733 0.340342025196793 0.365278459882011 0.294740583494042 0.384542679466321 0.352820816390682 0.30920991049385 0.235125710641873 0.0998905885059101 0.113863330108283 0.153187693210164 0.193240840580312 0.22866741432152 0.104705198802064 0.142347382093934 0.0869303827716333 -0.0645816118305642 -0.0510736764347523 -0.0148023818944197 0.0618722797254618 0.0446657086732475 0.10241822746771 0.0835673900266358 0.00616014772657037 -0.00481270770134705 -0.0125058929395499 -0.0370135563583735 -0.119654069577866 -0.25242486081807 -0.229420121031701 -0.255356910170107 -0.230157935938757 -0.246141193992494 -0.363241647737767 -9999 -9999 -9999 -9999 -9999 -9999 -9999
0.0602729721665806 0.0214395937093898 -0.00824753721376399 -0.00395342289062257 0.0534049242170226 0.105438772570744 0.0850482710064146 0.167437004619941 0.318809665646549 0.393019487106414 0.382922090572959 0.452339098508551 0.405007723958797 0.324706558055836 0.188378213729552 0.114871816464502 0.113836853700888 0.123378885183628 0.167054143524199 0.201399524312429 0.0524788302938253 0.0607861793848322 -0.0806716103776893 -0.126698513640335 -0.0956140948450338 -0.0233975660549513 -0.0262438087101707 0.0744402053058143 0.136722461619265 0.116980522990646 0.102606702072514 0.061432271940521 -0.0314312792419386 -0.0587269158434833 -0.169070883639888 -0.254072341374193 -0.251591361663827 -0.175950743940785 -0.206380303718302 -0.184921375650807 -0.168163123162515 -9999 -9999 -9999 -9999 -9999 -9999 -9999
0.0298138237038327 0.0297012928965344 -0.0174091842287858 0.001707480666053 0.00682765547562654 0.0783204417846536 0.147636657976185 0.309566745768198 0.275841671904441 0.43986563102171 0.433396596295757 0.457724697673029 0.43540542768882 0.40297270339544 0.301071031837989 0.163055722026123 0.140606693669336 0.117304661174207 0.0575263457500915 0.0535844489452043 0.113954030688453 -0.106380021575171 -0.240697310858969 -0.118228391651302 -0.0647060449257803 -0.0811252283430443 -0.0322646786714274 0.0628108486603246 0.172311074962482 0.186897531754054 0.155290953699283 0.089525418984849 -0.00513693747938798 -0.0742542519210414 -0.128132558734332 -0.19152092048754 -0.257944060030965 -0.254948401985351 -0.278363950984337 -0.299913147760942 -0.247400059081447 -9999 -9999 -9999 -9999 -9999 -9999 -9999
0.0519742138313219 0.0157159347725357 0.00743083376787608 0.00559659304062815 0.00144818486107421 0.0976011376422877 0.156353097109132 0.34360101263794 0.472077845715611 0.481995415725515 0.476580096889379 0.519534524446512 0.491731679123114 0.460126748619002 0.41969913871341 0.335134084606134 0.229157699018942 0.163305940385023 0.075569306440229 -0.00366955945414994 0.0916604394583158 0.0530068076124908 -0.112790066309346 -0.235259018726398 -0.145702376287715 -0.0667100088669724 -0.0065246559566732 0.0813534047506131 0.135533758874789 0.193812267398906 0.207263851965311 0.164449963684063 0.0757632245359712 -0.0528961461479685 -0.0409998558139998 -0.119821069107625 -0.23164857011791 -0.278744810962717 -0.345709566860229 -0.344059983673437 -0.308269140533558 -9999 -9999 -9999 -9999 -9999 -9999 -9999
-0.151799429045682 -0.0477046622348745 0.00436173171783105 -0.0109396314166722 0.00203528837985337 0.0343244311013587 0.13962096564955 0.322854704736207 0.424680328574003 0.474232749541488 0.472007270513941 0.497490454258312 0.476193517166676 0.496681231925954 0.445256613582645 0.259493718607532 0.178128527474942 0.0919875537978617 0.0833330849348353 0.0487677611902771 -0.0779707852919493 -0.0355796049474492 -0.0865390856813598 -0.0535989252858798 -0.0543191490937086 -0.0553788849551662 0.0246354356489473 0.0620367407797773 0.0952275196366888 0.152694549207572 0.203565635336372 0.124647688977806 0.0773973440861787 -0.0258703385119493 -0.0487525322189014 -0.140407839592184 -0.213313224970375 -0.240931048051631 -0.293438903359511 -0.312720091920675 -0.272531234350059 -9999 -9999 -9999 -9999 -9999 -9999 -9999
-0.23500778094548 -0.138127385317429 -0.0814684316902611 -0.0637310122914749 -0.0791791544145672 -0.0793884623739712 0.0963661873089096 0.314813518841176 0.45226379895568 0.454977657790367 0.445363287260401 0.516038680233411 0.529496200033741 0.487488778383751 0.458373910904166 0.278115743734737 0.165651831500913 0.0990250165915715 0.0196599905099424 0.0413227898902468 -9999 0.0175048465547788 0.00275747183949462 -0.0585934017048606 -0.0036275049715366 0.0086090874318706 0.0308047252792526 0.0224293134974078 0.0597665028396505 0.127022085772948 0.173003440766425 0.131186242423762 0.0144054600994328 -0.0561811269030559 -0.0991628974269976 -0.183287683537743 -0.248000315420921 -0.269751589118795 -0.321772967455245 -0.377612459929376 -0.368737951281559 -9999 -9999 -9999 -9999 -9999 -9999 -9999
-0.189051726274821 -0.198961646870476 -0.121795969051798 -0.100830387771123 -0.140387580448634 -0.0990620782090977 -0.02821399628836 0.186250712763327 0.412080082655866 0.320433508581215 0.379086013248851 0.452447100027838 0.450388858850908 0.450295247072242 0.326486425838415 0.281745102359894 0.196604920291521 0.170909248027138 0.0515496578758802 0.0449144454196511 0.0721099401361502 0.132048364075835 0.172868821619002 0.211063193749375 0.172653847390407 0.158242096237139 0.0839476627257808 0.0983551123394224 0.110685847489025 0.130001640907774 0.120543868025 0.0762956813244121 -0.0611620944256558 -0.0358210906950371 -0.071661980810362 -0.19220168254888 -0.247087617142031 -0.295509210246125 -0.325403113670807 -0.376245479772562 -0.434748146334454 -9999 -9999 -9999 -9999 -9999 -9999 -9999
-0.0832057872810824 -0.158777939747108 -0.161424892208481 -0.149309316040849 -0.143092286824246 -0.080847687259077 0.115226100413788 0.290469126576986 0.251872337418457 0.332931971719887 0.341868397071365 0.349475265225475 0.383253481049829 0.39160094911437 0.349250741298637 0.301743139585304 0.255753627322544 0.15697922289188 0.045665958791077 0.00349305033557199 0.11187871101107 0.143817253316059 0.20312740139997 0.241843094390469 0.289668216888146 0.273303154092402 0.281328649913028 0.218553607826083 0.115922416226357 0.106299512699026 0.0434923550721104 -0.027177912989808 -0.0352181995507649 -0.0316823988985736 -0.078141486509737 -0.187912642691777 -0.239245259614594 -0.254980661829592 -0.258577233724202 -0.315218956175965 -0.432171477609508 -9999 -9999 -9999 -9999 -9999 -9999 -9999
-0.0337477400448774 -0.082902478790809 -0.0536882798512397 -0.0584105421618984 -0.0680189063196754 -0.0464413027852816 0.0620832710457322 0.149165263919647 0.222560622594908 0.27846147199265 0.302395907820482 0.279939222872421 0.329185105022718 0.341473262258201 0.32496578128567 0.295488189253646 0.251320354942256 0.166715668699356 0.0680592275106274 0.109879608587879 0.168872214812694 0.215663625275223 0.266244105391021 0.25505639427971 0.303135764525659 0.292896928218797 0.243082145169817 0.1435568818807 0.0987538695218783 0.0447964796178192 0.00575400036404847 -0.104567495137148 -0.103104317309458 -0.112353452421899 -0.149446204674787 -0.216629010149524 -0.242138821578701 -0.218490842757478 -0.216966524575126 -0.331251594849229 -0.378093688848597 -9999 -9999 -9999 -9999 -9999 -9999 -9999
0.131794561835836 0.0729237094431411 0.0247334743796648 -1.18738237028078e-05 -0.0257497072135067 0.018513586321478 0.0554668620184739 0.0485033635156842 0.127001836718508 0.108113469420442 0.150298079187135 0.24574971491707 0.30733151686769 0.299526853316026 0.329770053874796 0.298947011291883 0.24230604691649 0.185581852646936 0.102578458028867 0.116011508427157 0.214467537225188 0.20903942719104 0.292549366155562 0.354405731483148 0.369922046888187 0.361249708145075 0.217526504682448 0.203681876906948 0.147849739306455 0.123077846754082 -0.0335474009974836 -0.145047144094788 -0.139376156237053 -0.201565193912065 -0.245127430460785 -0.260466589287717 -0.267964715032348 -0.216017819744744 -0.174442314633159 -0.238128548216197 -0.230920237831924 -9999 -9999 -9999 -9999 -9999 -9999 -9999
0.200811557051879 0.636757835222487 0.282453563390245 0.0406526218541223 0.0967692629602503 0.153642577803612 0.112280367916904 0.0522383699829609 0.0669644988850002 0.0253462876909643 0.122572112744301 0.304261707441394 0.372458616928472 0.379491341684683 0.330495705343588 0.29623537480012 0.200706478149876 0.129289071213806 -0.0294599201109686 0.103831293698975 0.153261007984114 0.16540150614129 0.263555486219583 0.339394888470108 0.322925533962656 0.317693511767997 0.207099645182543 0.244260540564289 0.133802984875531 0.0642628074706319 -0.117834322487601 -0.151929487378116 -0.130552881208888 -0.184046185910007 -0.326068955314607 -0.291384636936558 -0.245084960386682 -0.15809850155247 -0.130757970911627 -0.208755689156996 -0.247611686226157 -9999 -9999 -9999 -9999 -9999 -9999 -9999
0.236518023506325 0.316001791661017 0.217790379652343 0.00827802859203209 0.192567863759229 0.239213982562293 0.152598996662108 0.0858083780570948 0.0767782936064375 0.0953827690361317 0.208004472607684 0.382936950914664 0.40103680902999 0.460487948498953 0.345391400827445 0.268414067532375 0.181364100657332 0.086359503328707 -0.0706324694986253 -9999 0.24848883841065 0.314705560519803 0.168131135593701 0.332947680201334 0.219717309892254 0.276633262791045 0.325722935291281 0.314516873142402 0.216892891646412 0.0856043200575876 -0.130973872041266 -0.183832944560476 -0.192012646027429 -0.262287057668932 -0.308297923979298 -0.324743641159695 -0.261971429183222 -0.157273043363886 -0.217748574108935 -0.239344306235562 -0.359308705172529 -9999 -9999 -9999 -9999 -9999 -9999 -9999
0.202300410828121 0.144996646059829 0.0476413116442292 0.101933147670496 0.118569753379453 0.176408398323654 0.13697660904809 0.0970565231456646 0.0916005803114823 0.103671926389366 0.174918916126843 0.329626273354606 0.373019418923933 0.372752105777025 0.394631863875429 0.31970647192157 0.193595536642633 0.000612881328025624 -0.0673681343574243 0.116904270305183 0.194994819396115 0.29578064329782 0.344519699465556 0.373423560171619 0.305590263704931 0.26362998790873 0.297518237646095 0.329896154309383 0.226657048447665 0.0345355173561122 -0.0341252073611569 -9999 -0.279348609557058 -0.223085759682594 -0.160548875484133 -0.324428900588764 -0.277422147921787 -0.219785843272793 -0.293461829239343 -0.332752431492697 -0.314638757215719 -9999 -9999 -9999 -9999 -9999 -9999 -9999
0.135982145637989 0.0670196386609282 0.0565696266932076 0.112738895694984 0.162338808909049 0.187714358022635 0.188645786925283 0.229634697134703 0.239480607277351 0.158007965122748 0.173737389991232 0.252394017767619 0.306368823817933 0.323689902392426 0.302230025115179 0.283836198649849 0.126902225254665 -0.0273110993656033 -0.0709846556086997 0.20440784856469 0.192060985414741 0.113083664322219 0.104397918106252 0.320799527167826 0.307157639114099 0.246035257587878 0.260502922519605 0.266814325752789 0.223757872242297 0.0854101655854203 -0.0524405098800365 -0.327686597374839 -0.31321231978991 -0.317961720765486 -0.23506485399267 -0.311024679931253 -0.303571119430627 -0.281022227552339 -0.323762044198264 -0.452435572545327 -9999 -9999 -9999 -9999 -9999 -9999 -9999 -9999
0.184108568012689 0.116162907427961 0.0668598822342917 0.0843367042112211 0.145150424753294 0.20366075445831 0.257742275828789 0.352777060340797 0.269200047359329 0.181991917171208 0.326349321325069 0.373398251251152 0.288890499404071 0.336416837103458 0.322251962272076 0.240481903867343 0.115068449892332 -0.112853094078769 -0.147934540186356 -0.0389529434368325 0.116867286150691 0.0748104640160418 0.140461869027775 0.226465631767913 0.273535112963935 0.225761615263282 0.235845735811558 0.192026594298082 0.12907789136368 0.131050638282809 -0.253017828309485 -0.321420225174101 -0.298128524560489 -0.340267604484543 -0.364442698656995 -0.341186151623002 -0.331601657560383 -0.338227534208377 -0.352273394141494 -0.428470732779475 -9999 -9999 -9999 -9999 -9999 -9999 -9999 -9999
0.149214561197654 0.172180681877792 0.135762133114012 0.129043481652111 0.198643579676696 0.183847249375221 0.252560537265788 0.356633228904646 0.437652354982028 0.378587523845265 0.456005438810561 0.374549616639424 0.372492407096068 0.425558906174393 0.368953197679206 0.270289944985275 0.0748761150810517 -0.197070420862904 -0.190510363232237 -0.0736536191594291 -0.0366444576606514 0.0955195785946916 0.241445156248033 0.199416411458495 0.207883155277243 0.174856066778099 0.161016103883844 0.155190565756838 0.0691930231518109 0.031354589548635 -0.075534468641926 -0.282034843512812 -0.324257340548215 -0.344729408890896 -0.375849167590155 -0.362481670567199 -0.37482947434386 -0.403192776650236 -0.403205862697333 -0.322823735735898 -9999 -9999 -9999 -9999 -9999 -9999 -9999 -9999
0.215692154480463 0.178507910242069 0.189922179428164 0.229061722065656 0.184172349172994 0.198392156030583 0.262475535317984 0.253960933258579 0.46074935803001 0.407207965531842 0.422572187359232 0.447787381773148 0.480175058522537 0.41997601247599 0.339605748458974 0.216372652559425 5.21239178541081e-05 -0.179455633118037 -0.166367147793185 -0.110387968313 -0.0895551899363606 0.0279203588558836 0.0822942510252591 0.127673822764141 0.158170938266723 0.135120805724063 0.0928125504745334 0.0456931277709483 0.0659554773885981 -0.0313674710474623 -0.151282765446668 -0.263084000005809 -0.335082487960094 -0.371627528645505 -0.400476937966878 -0.387237936548029 -0.415978159939397 -0.324972069538866 -0.301792332024018 -9999 -9999 -9999 -9999 -9999 -9999 -9999 -9999 -9999
0.332995477289658 0.317426844697793 0.240899978823994 0.220552824697811 0.335169211379584 0.423182863861398 0.42848928505836 0.433231426062971 0.48038880951984 0.496996630686922 0.463597074822973 0.51638980948424 0.538697224414161 0.449690662043882 0.300697191929537 0.169049198110684 0.113659156736369 0.0455352226040507 0.0312396978033209 -0.164128642496293 -0.161152874914032 -0.0559987162480787 0.0498541208394284 0.0849575040399659 0.143034115265826 0.153841218033938 0.0561033385985778 0.00570903853184009 -0.00347157891381233 -0.106444958775707 -0.145097753124119 -0.310055095596646 -0.393022409707885 -0.412050780167731 -0.460298804830898 -0.425495697201801 -0.404886169649866 -0.299549621643518 -0.312474035759996 -9999 -9999 -9999 -9999 -9999 -9999 -9999 -9999 -9999
0.326501403630573 0.333066462522294 0.277079378032487 0.343621423479842 0.461757722534472 0.453531425902234 0.350755159943273 0.358109923024445 0.464827903464976 0.520683136707307 0.537764320927994 0.568326079828682 0.517790881458277 0.527764792946094 -9999 0.258081099592264 0.244891863686048 0.138937967793794 0.0459615070799235 -0.166444212553995 -0.0480881119248834 -9999 0.110228819822856 0.126769153014255 0.183656717392434 0.166349832875373 0.0856145394967553 0.0369877772593825 -0.0286189295490508 -0.0846687950990554 -0.183780850722768 -0.306162198594398 -0.398443867875144 -0.400662465988997 -0.439761762375472 -0.383646113483116 -0.349722857602343 -0.294937614594282 -0.263077138180475 -9999 -9999 -9999 -9999 -9999 -9999 -9999 -9999 -9999
