data/rasters/s1.29.06.cu.3_xyz_08_.asc
NCOLS 100 
NROWS 100 
XLLCORNER -4 
YLLCORNER -4 
CELLSIZE 0.08 
NODATA_value -9999 
[rows 42 to 62 of 100, columns 0 to 47 of 100]
-9999 -9999 -9999 -9999 -9999 -9999 -9999 -9999 -9999 -9999 -9999 -9999 -0.0326767054232547 -0.00997506603884257 -0.0290061461226268 -0.0890637566293397 -0.127642922126165 -0.127896405769586 0.0283364134824842 -0.0485720961293663 0.00547758132274644 0.0203738620657484 -0.0179013742608556 -0.000273157717516301 0.0669023946238531 0.00860221317261936 -0.0184400470151811 -0.0570708091686831 -0.0521185225808628 -0.00512221963386127 0.148903633458573 0.199813307377528 0.227503657011807 0.247648348428784 0.294822006160599 0.305509185098945 0.267155639395554 0.212935801552678 0.110774855730941 -0.0933815086917432 -0.0727544731119072 -0.0233612869260361 -0.0160814717592238 -0.00278715564233957 -0.0280678840098518 -0.071269007257262 -0.17026090684688 -0.122593700471113
-9999 -9999 -9999 -9999 -9999 -9999 -9999 -9999 -9999 -9999 -9999 -9999 -0.100769362785514 -0.0336884809081604 -0.0433263025867812 -0.0361928964514486 -0.0246416708891859 -0.0584990967206754 0.152900605642329 0.101740679353451 0.143248698863162 0.0325677593635992 -0.0185182844843343 0.00385697682690966 0.0206188252321532 -0.0451235270692111 -0.0334095943768939 -0.0268469710469344 -0.00100387990420095 0.115509509300172 0.231630223900958 0.252271081991131 0.251689724681717 0.31369742473956 0.327439061551202 0.316532565430593 0.28771734627981 0.152902638441117 0.0427987970635418 -0.148362780488642 -0.114368646809506 -0.0567000879301321 -0.0372967586129273 -0.0110147902662458 -0.0289849994982332 -0.0784876205159458 -0.110877565578299 -0.14467990538725
-9999 -9999 -9999 -9999 -9999 -9999 -9999 -9999 -9999 -9999 -9999 -0.263465775747264 -0.179564262870966 -0.0605173556957708 -0.0280305637745177 -0.0131921751219198 0.0580240437671884 0.0662910172929647 0.208188359302734 0.207566100061186 0.17999196606809 0.0465618642159348 -0.0219533249596181 0.0277977630245131 -0.020519839087833 0.000225626204297506 0.0119425905059649 -0.0146669228526345 -0.00456604232027234 0.098193260227551 0.256930213277062 0.254381917488739 0.27056232119769 0.299608078818616 0.322758130038434 0.300376222325162 0.285025364825862 0.175084461347872 0.00616392604352652 -0.135379509717457 -0.131881686434854 -0.100388484282756 -0.0378090518916422 -0.0457633328430402 -0.0129778729276822 -0.0712894444654948 -0.132308160476769 -0.109107199713328
-9999 -9999 -9999 -9999 -9999 -9999 -9999 -9999 -9999 -9999 -9999 -0.261046161414031 -0.200016189005672 -0.131095878547279 -0.0092006803159237 0.0333935633378793 0.148274607837857 0.216632571107697 0.284641621239216 0.28645104518331 0.2591091915803 0.207222055687272 0.195923051206126 0.097067983328034 0.087128945716321 0.0904497383922477 0.0248192838356601 -0.0723828719183859 -0.105162240837904 -0.0260439391999897 0.162967996282082 0.216754233081316 0.183065245877215 0.281675828463421 0.276390959089061 0.23228790512326 0.219777251241099 0.195808163131591 -0.0254664420390851 -0.170174812095729 -0.142454670158531 -0.107540223748701 -0.144611880998787 -0.124309073281723 -0.123142690060091 -0.176022223472329 -0.171579526142471 -0.121432833945452
-9999 -9999 -9999 -9999 -9999 -9999 -9999 -9999 -9999 -9999 -9999 -0.22440999722086 -0.202889828761234 -0.101076590590493 -0.0354360004324844 0.0560127461547166 0.165499531592505 0.23155266042673 0.282335994862095 0.292266968662243 0.285550953028207 0.207186054569269 0.201012983284752 0.125308291559299 0.101940117057543 0.00973646382643725 -0.0243160073617304 -0.159251345846246 -0.187397358981936 -0.117841494587428 -0.0456029323045443 0.136609669192244 0.199406060399546 0.235839372742234 0.230641536957349 0.182047369755358 0.0909146450304377 0.129273020853479 -0.0596274115384494 -0.152675475093062 -0.164645873803938 -0.125711808500782 -0.193534843251262 -0.154759953391348 -0.14508240451452 -0.186647921827391 -0.171826576284917 -0.133645940221171
-9999 -9999 -9999 -9999 -9999 -9999 -9999 -9999 -9999 -9999 -9999 -0.215151480894863 -0.218235515836475 -0.160102165702304 -0.0710269984100854 0.035432196769632 0.161372190855493 0.221492269929473 0.247878744563157 0.244490993695389 0.271418879323464 0.242870640569783 0.135938900597084 0.1178923311763 0.0925774215421055 0.0342912082557573 0.00667282251228917 -0.124632633512166 -0.22756317330814 -0.189469025983074 -0.16052774019969 -0.0590223384570959 0.0782977171156856 0.153810383079431 0.132954877417187 0.0307526967556491 -0.0445974035387888 -0.0279931130753907 -0.0948161253254326 -0.156234421241778 -0.17240849440701 -0.157641374110172 -0.210181032033608 -0.212394455131489 -0.233865067481664 -0.197779551092931 -0.196464238171033 -0.190996280353906
-9999 -9999 -9999 -9999 -9999 -9999 -9999 -9999 -9999 -9999 -9999 -0.140619010991109 -0.109107514996628 -0.164292070678913 -0.0871773623937024 -0.010088945077605 0.0877386644214213 0.199922566941582 0.204758079648249 0.172228779245736 0.258951481739045 0.0957438765108481 0.0188562092892615 -0.010396902466613 -0.00868697251649897 -0.0277452898954693 -0.00521197408878126 -0.0605003104163656 -0.293780679114806 -0.215180517554642 -0.262470456089382 -0.197808202495503 0.0105545144218958 0.1056680897851 0.0389755820306601 -0.0459962615550341 -0.0375749378663584 -0.0141509085365075 -0.0674434297571366 -0.0911636198886904 -0.101130331295965 -0.14262217348825 -0.217515006046194 -0.244333947629219 -0.261510405986302 -0.268097295379476 -0.255165940217237 -0.214793024625642
-9999 -9999 -9999 -9999 -9999 -9999 -9999 -9999 -9999 -9999 -9999 -0.132254915631677 -0.0700696730935388 -0.10142151684319 -0.0401879873592534 0.0124621451407348 0.107417196872259 0.180562939648925 0.179015821444693 0.166243038164021 0.149730182469224 0.207467368148724 0.0904498992165018 0.0305850508920079 0.013881255106365 0.0296958341870756 0.00982877975468349 -0.193372942854419 -0.294723225454639 -0.150343879194083 -0.21787614071293 -0.232715903367788 -0.11508775547818 -0.0626156249694754 -0.122857608810981 -0.0924215718496141 -0.0393487447246417 -0.0439941823373724 -0.0727267980479871 -0.055152308125486 -0.0363391393585226 -0.138311089616586 -0.203953540625387 -0.284012415480758 -0.304332760248023 -0.362209489192743 -0.271027431511963 -0.179647052141286
-9999 -9999 -9999 -9999 -9999 -9999 -9999 -9999 -9999 -9999 -9999 -0.128633970212733 -0.0339998407452338 -0.034793648725707 0.0077109696341195 0.0878538638473169 0.141561067709552 0.152440703247448 0.161749335176356 0.155424520018214 0.109883103474435 0.118354819249244 0.111009879992502 0.0895434135885622 0.0941780222916104 0.148452679979804 0.0801052090225939 -0.173177438476264 -0.180815787929305 -0.116322643472788 -0.118957614898366 -0.295014635073594 -0.283374113189808 -0.270751703013407 -0.115254857886269 -0.127763833486583 -0.060512911059763 -0.0528879012570163 -0.0358638722876549 -0.0220863497144432 0.0316637748739997 -0.0686209409904889 -0.0712218687570561 -0.233800126722626 -0.289305949417194 -0.329811891187094 -0.275879502268012 -0.119170135115981
-9999 -9999 -9999 -9999 -9999 -9999 -9999 -9999 -9999 -9999 -9999 -0.00901013138779123 0.0416258476258716 0.108448479832198 0.115279394818539 0.120924359623194 0.114438624487052 0.075007043258837 0.0886381594090179 0.143113695100728 0.117300997045593 0.114180962317939 0.11492228325756 0.139860565832033 0.143025062086296 0.228846400186849 0.122225579909802 0.064537996902279 -0.0863070619066521 -0.0376554688213113 -0.116994289491841 -0.355648807224492 -0.333993665161961 -0.209729725781383 -0.0716249949302273 -0.0594089647511548 -0.0268686606303084 0.0210154357364988 0.0172106318293626 0.0326163880655465 0.0462132598840059 -0.0292196701857182 -0.0912232676117167 -0.292199155650847 -0.298103550084431 -0.270465469315751 -0.185560094979907 -0.0229936049262331
-9999 -9999 -9999 -9999 -9999 -9999 -9999 -9999 -9999 -9999 -9999 0.0847071098535539 0.0889041308879346 0.152751838226418 0.151678273439699 0.161185218279609 0.168642994940759 0.143460054549859 0.0865098692374296 0.0881978034118658 0.118704613776011 0.0639181787153934 0.205996536395809 0.233692812434614 0.227184363645486 0.242008273745994 0.242778717719141 0.0504513611040294 -0.0174818972719243 -0.0627474186469085 -0.196930406369017 -0.160657273385971 -0.252356863453846 -0.179496759454811 -0.0506809346237485 -0.000534900605800112 0.00399686672393036 0.0590082909174222 0.0519053234833962 0.0433465006918703 0.0753898262105835 -0.0138092536675849 -0.159216004538076 -0.251952021847221 -0.242672612508524 -0.290278132752358 -0.11042298555762 0.0491490427519315
-9999 -9999 -9999 -9999 -9999 -9999 -9999 -9999 -9999 -9999 -9999 0.0484944959920465 0.0848765919097969 0.154567730107119 0.228131085746635 0.226913715555634 0.227547667688775 0.201791592177122 0.15875971861036 0.0823021434195541 0.140109287245958 0.143660603505086 0.202033541613763 0.212593189325564 0.27731560927127 0.261690765519433 0.23860266625468 0.0720039042829937 0.0279538416126988 -0.127451180165227 -0.0689546311009621 -0.0280722208853817 -0.224258559396655 -0.111518141405885 0.053391600100128 0.0562085647297084 0.0320053717342432 0.0201998841437578 0.0481894212797966 0.046114891878837 -0.00902846487376831 -0.0595611009926693 -0.104055194885018 -0.142139478580472 -0.109072466547305 -0.135077301913313 0.02884535227275 0.114152024934407
-9999 -9999 -9999 -9999 -9999 -9999 -9999 -9999 -9999 -9999 -9999 0.0664351981493634 0.120299422909112 0.178026004583661 0.233362328649426 0.298565136468991 0.288252363641552 0.239223210825973 0.189543755463335 0.154998044599479 0.15716980889461 0.209980800919596 0.227864351664738 0.272681636951326 0.280490084532728 0.294416904108152 0.198251826839256 0.178188898020816 0.209719216042606 0.196670561579814 0.114115880297274 0.041328582218677 -0.0320770697660953 0.0555405558080015 0.176641679640573 0.202066687323769 0.0291175533069725 0.0141554522684311 -0.0138576182546113 -0.00386101447577916 -0.0108941064963721 -0.0513003438916099 -0.0428787743763539 -0.0355533591871066 0.0405414241661489 0.0914293714238843 0.161596536213148 0.165679143231708
-9999 -9999 -9999 -9999 -9999 -9999 -9999 -9999 -9999 -9999 -9999 0.0595164939867545 0.0844627400086088 0.147481771319151 0.233104956268358 0.276950628244517 0.282076208565293 0.261984724240464 0.243173287132926 0.210469143031884 0.155289975377369 0.155646701648656 0.175887871751028 0.201669310068654 0.190851577585314 0.230446783069039 0.212153986118939 0.274429540645759 0.270580978046814 0.172147637719043 0.335312688636936 0.297977946229777 0.19000077110007 0.277238192860537 0.245115453649068 0.256121811192625 0.193186195980853 0.113291783980317 0.0573528533452439 0.00800277735256731 -0.0154815741952527 -0.10927866659316 -0.0904020019326296 0.0348932896201643 0.0947807636810935 -0.0342848120307025 0.179321104717573 0.160620685883152
-9999 -9999 -9999 -9999 -9999 -9999 -9999 -9999 -9999 -9999 -9999 0.0942736530285677 0.11155347855877 0.187435125714224 0.202312922854549 0.245469915306096 0.224056287661422 0.159059438163101 0.155769494306214 0.0863710760614971 0.120091819622888 0.0761083855618156 0.0869379488627162 0.15245093395694 0.173694728318228 0.166068733446205 0.228231667971736 0.284313400237053 0.311453493052352 0.285324110228739 0.338344990653012 0.286331337775399 0.212170488445611 0.381044430383455 0.386123399147718 0.267484478880097 0.245828350120223 0.0549406712135088 -0.0506480108278244 -0.0185661490619574 -0.0193346925341271 -0.13948453392181 -0.0694658461398875 0.0132630912260713 0.0870744227477823 0.183247347107806 0.230548822453782 0.215161895346435
-9999 -9999 -9999 -9999 -9999 -9999 -9999 -9999 -9999 -9999 -9999 -9999 0.144671936233599 0.190787437237949 0.156298318394745 0.235612265134473 0.227071142873458 0.154002026413507 0.0355670786718726 -0.0523177844943681 -0.0197076476154735 -0.0659250682546949 0.0290531072587728 0.14675150301457 0.219177311171529 0.190292889724729 0.237766035827506 0.265236872995142 0.220441223312794 0.258306878250845 0.373147757974422 0.414244265549104 0.417097707898893 0.39964606407137 0.399850122500855 0.240560969668668 0.176663993945275 0.0654078801779212 -0.207338925381411 -0.275983723156545 -0.294118614288019 -0.0802544730200436 -0.0200381606019857 0.0222421257016046 0.0964666520319228 0.207051684407283 0.19918817027704 0.194270570427425
-9999 -9999 -9999 -9999 -9999 -9999 -9999 -9999 -9999 -9999 -9999 -9999 -0.035881999156011 0.0517468907111825 0.105028884591201 0.0629136614573181 0.110510991129884 0.049934831993113 -0.144376248639064 -0.197346576748722 -0.191641593508835 -0.219126786216584 0.0303917307779457 0.157493438816223 0.145398478248122 0.141500225516028 0.223311560132716 0.172938805349908 0.198789020440493 0.213904272365062 0.27907522600031 0.420849385677702 0.438684176710263 0.446861729132348 0.410975106823165 0.313684737021913 0.278655751341425 0.240276241629566 0.0141823829807399 -0.130912864910432 -0.144196725380085 -0.118985723063489 0.0257200036699346 0.0368088017965547 0.10797311824307 0.139089154903955 0.173905449860086 0.172199932142612
-9999 -9999 -9999 -9999 -9999 -9999 -9999 -9999 -9999 -9999 -9999 -9999 -0.130598864939795 -0.0419334880779979 0.0534004104783004 -0.00686787771031027 -0.100136864816378 -0.249925507861424 -0.289994777688811 -0.281878736979033 -0.26332184670135 -0.12833280321355 -0.0264708955085243 0.0835318321710105 -9999 -9999 0.159415646055723 0.174610154426935 0.225688866234091 0.251229818067628 0.366734201709898 0.414739364090938 0.393990655886432 0.408561415846024 0.405580565117058 0.360229824429778 0.311680130957578 0.278477729708819 0.233591248022868 -0.0305603662322053 -0.0770196154587848 -0.118140660725279 0.0278207231622268 0.0504292934684923 0.0657899746328675 0.0694236895109456 0.113637000932935 0.103619861335569
-9999 -9999 -9999 -9999 -9999 -9999 -9999 -9999 -9999 -9999 -9999 -9999 -0.1662045489055 -0.0936937707638889 -0.0847402080784667 -0.074200586742573 -0.142636580932255 -0.241706523015845 -0.14095271467669 -0.165021046444854 -0.110786882678776 -0.0743117657361743 0.02619639861489 0.174944334302743 0.220469790601608 0.0537074253092474 0.193413492778993 0.235524354073925 0.277722831089252 0.23281069603141 0.304902351849916 0.336080936342403 0.392044930799822 0.3667543068464 0.369564077779197 0.319874606891514 0.247887212561948 0.249626289490072 0.243158962645468 -0.0136184582154447 -0.00631166359687985 -0.103518650252159 -0.0538547949714764 -0.0864562068420151 0.00750525286539401 -0.0316953383446047 -0.0527488022917886 -0.0540305407223
-9999 -9999 -9999 -9999 -9999 -9999 -9999 -9999 -9999 -9999 -9999 -9999 -0.169874932006669 -0.11441824328483 -0.0964737185401488 -0.183186995186945 -0.103684205898136 -0.00344514040879203 -0.0084745969551588 0.000934003866913341 0.0811513240657412 0.0771463491118123 0.173061997260704 0.253931660286967 0.195653411883818 0.193869432401279 0.200302051666326 0.100540064372723 0.149446328886995 0.216795075177553 0.27165461992877 0.337625527902754 0.360492976377836 0.358877542987278 0.326631773253752 0.270454304386584 0.273985665923757 0.135981433368996 0.0823184843609369 -0.0680784254016354 -0.0995261293140143 -0.0427320564562523 -0.0564199640962389 -0.111418514056921 -0.123884019399168 -0.165500245343304 -0.182422138950217 -0.181582930265403
-9999 -9999 -9999 -9999 -9999 -9999 -9999 -9999 -9999 -9999 -9999 -9999 -9999 -0.0470941012866582 -0.0270090640788473 -0.0938777471407229 -0.0690782352248077 -0.0174158300449932 0.0334489273861548 0.148598181936661 0.160178708872926 0.107916558223522 0.216766673097557 0.238007426089917 0.187334945063059 0.190818823078038 0.166792426415143 -9999 0.0484770245082332 0.176513719159429 0.269370844836841 0.315186728032312 0.311677013330626 0.298657513191995 0.248996993765412 0.115243257221893 0.0529324124446205 -0.0519364995777432 -0.0396764450184428 -0.020261319004826 -0.0696207435253953 -0.0723803141680862 -0.0643333479536301 -0.084366572018391 -0.224009414441966 -0.270734939101811 -0.254389548406975 -0.32760499370963
