data/rasters/s1.29.06.cu.2_xyz_08_.asc
NCOLS 100 
NROWS 100 
XLLCORNER -4 
YLLCORNER -4 
CELLSIZE 0.08 
NODATA_value -9999 
[rows 63 to 83 of 100, columns 0 to 46 of 100]
-9999 -9999 -9999 -9999 -9999 -9999 -9999 -9999 -9999 -9999 -9999 -9999 -9999 -0.138158907032825 -0.118369158135163 -0.101940394100286 -0.136197550248725 -0.154634712521307 0.00938671763164678 0.0784365459448317 0.194015866815232 0.166137339839169 0.183711163867563 0.0262789528006165 -0.0586552706130263 -0.154143467389552 -0.0961773818287128 -0.0360230633674378 -0.0357002729600911 -0.0386253784446268 0.0241347110950628 -0.210846398434465 -0.116035279446263 -0.326496027520746 -0.33066387737072 -0.244760068863369 -0.203455531778613 -0.207132434572088 -0.171536986126374 -0.155875478473001 -0.32996620291086 -0.251014226601869 -0.318350579020236 -0.3815452443393 -0.281219123689028 -0.238529764611365 -0.174173842195648
-9999 -9999 -9999 -9999 -9999 -9999 -9999 -9999 -9999 -9999 -9999 -9999 -9999 -9999 0.0769178821402314 0.0293420806458228 -0.0683536617776297 -0.0887284374072404 -0.000990518471695342 0.140933446004561 0.219328839194162 0.202897177772846 0.13356585398659 0.0586212278674834 -0.0843070509362713 -0.153105912531309 -0.13420366856129 -0.0728542412905315 -0.112649297337828 -0.369542784823942 -9999 -0.303072359404652 -0.318791173946699 -0.391336501282975 -0.37294447013796 -0.325420404812608 -0.311470221769869 -0.313711795496156 -0.325587408681309 -0.278402803530475 -0.331680722178382 -0.307891622010025 -0.314072953499137 -0.341713814032887 -0.331658281401196 -0.255484811835404 -0.179416473343961
-9999 -9999 -9999 -9999 -9999 -9999 -9999 -9999 -9999 -9999 -9999 -9999 -9999 -9999 0.12512404623637 0.106613299854704 -0.0389674378018247 -0.0719861710609565 0.0775911242559751 0.161147349595773 0.193655743218905 0.179713539562593 0.137861201954442 0.123775287705775 0.0495819481917446 -0.00139260631951809 -0.0859138993798186 -0.147629824715733 -0.188618290610709 -0.325425839388782 -0.397268611295856 -0.441014536191508 -0.437748203882516 -0.21529843208571 -0.300890839555217 -0.35564318339938 -0.321529346609349 -0.317868888007251 -0.346199213407762 -0.34585121377041 -0.338683508185657 -0.324881886656731 -0.390320540135502 -0.355699553759133 -0.312931261001322 -0.250553316891324 -0.170021740283361
-9999 -9999 -9999 -9999 -9999 -9999 -9999 -9999 -9999 -9999 -9999 -9999 -9999 -9999 -9999 0.15365998051658 0.0397087136568345 -0.0743602771774149 -0.0220931756406216 0.0997523918293312 0.134419502622731 0.0440764382373773 0.0739739938012344 0.0320646713811122 -0.0300493922830804 -0.0464008624650329 -0.100248569686191 -0.153983643734961 -0.193356050726727 -0.187308754537011 -0.20450564759585 -0.23837816688982 -0.282506179012849 -0.280684166183429 -0.278596049762591 -0.302528168397335 -0.298561941955608 -0.336686899408678 -0.34275039587546 -0.377075174803773 -0.362090775542886 -0.259783159206955 -0.318205367924009 -0.368120102768635 -0.362609265844927 -0.277250655914306 -0.130248188369934
-9999 -9999 -9999 -9999 -9999 -9999 -9999 -9999 -9999 -9999 -9999 -9999 -9999 -9999 -9999 0.196986899138962 0.111524584293752 0.00212952560521377 -0.0377972544211464 -0.0247163561152014 0.0703731343504073 0.0779014381629306 0.00171102783518346 -0.079520424472701 -0.101441785404985 -0.0797398906448642 -0.0953082201658864 -0.12249720758592 -0.119702109852355 -0.147483334514432 -0.132422111262994 -0.166357370184682 -0.200077771136038 -0.201721191848763 -0.246950453872936 -0.272809716555394 -0.319932732935341 -0.395572290823054 -0.383692223507911 -0.363999169576097 -0.320694483603499 -0.255626651026506 -0.309189572076276 -0.389802387652199 -0.439622728180252 -0.3050731560239 -0.11493893866902
-9999 -9999 -9999 -9999 -9999 -9999 -9999 -9999 -9999 -9999 -9999 -9999 -9999 -9999 -9999 0.156069991157269 0.0548667818132395 -0.0616362982482176 -0.0736987839231959 -0.0365363931541737 0.0646907706028714 0.00517495175809916 -0.073856981500289 -0.185147590197787 -0.199622086031273 -0.11339779023646 -0.0708983936097479 -0.101074054746911 -0.120186788206418 -0.146176691870563 -0.0800584615623571 -0.122218592359459 -0.11756729032659 -0.112348656098512 -0.186115715701867 -0.285778915652117 -0.332392879306653 -0.418600244263052 -0.451475135836784 -0.438638780741605 -0.401231592047429 -0.302702408000944 -0.115446902885549 -0.157095856779175 -0.180077866887708 -0.201534798722876 -0.195891162182552
-9999 -9999 -9999 -9999 -9999 -9999 -9999 -9999 -9999 -9999 -9999 -9999 -9999 -9999 -9999 -9999 -0.0168113086565397 -0.154342039638615 -0.133784102213975 -0.0396791010519342 0.0259323235602092 -0.0469119565043612 -0.0949530299496555 -0.235399081133827 -0.20993318583448 -0.124952491494519 -0.100710126177326 -0.130339328520668 -0.158987376518482 -0.175652258770161 -0.0487616121819589 -0.0309141647687474 0.00511930616434703 -0.0305192518247117 -0.0722326565316272 -0.276436040282029 -0.387010119222608 -0.345111181536729 -0.358616771131384 -0.204187430357071 -0.327268517147607 -0.390522231115194 -0.0928885626709766 -0.16391923452294 -0.00939013797305369 0.0570386466448184 -0.0134473789938647
-9999 -9999 -9999 -9999 -9999 -9999 -9999 -9999 -9999 -9999 -9999 -9999 -9999 -9999 -9999 -9999 -9999 -0.1788607929093 -0.183917430661842 -0.0747827833753933 -0.0311732253800978 -0.120567067420266 -0.140269659124406 -0.187815432329812 -0.192071335001197 -0.175807476931257 -0.150487266371107 -0.184162884424826 -0.204515488327987 -0.154496133632646 -0.0599251308122377 -0.0337222350468717 -0.0192837842535854 -0.0631486614195713 -0.109468764684309 -0.264671096303328 -0.31473818990284 -0.271077148778779 -0.29300851056167 -0.371646461323465 -0.308041558050162 -0.428375598429102 -0.205286902662023 -0.0672129098539995 0.110648829900442 0.113704890298508 0.143238819695523
-9999 -9999 -9999 -9999 -9999 -9999 -9999 -9999 -9999 -9999 -9999 -9999 -9999 -9999 -9999 -9999 -9999 -0.144225514743133 -0.10772291967785 -0.0847705157309914 -0.0745022187041379 -0.0996792626799228 -0.114535077253219 -0.143666409014418 -0.172045524161495 -0.168710867259082 -0.176524738388059 -0.21255635320051 -0.207504938174064 -0.136709720524239 -0.117820909215193 -0.111893139277177 -0.1582231814819 -0.198381352819158 -0.164444077307963 -0.271400069245944 -0.309268071879343 -0.212796705498578 -0.1503192310823 -0.121638916554805 -0.209285091657844 -0.545738624317206 -0.311921354933296 0.0879684015546692 0.212316004683938 0.178718550892227 0.228107770718188
-9999 -9999 -9999 -9999 -9999 -9999 -9999 -9999 -9999 -9999 -9999 -9999 -9999 -9999 -9999 -9999 -9999 -9999 -0.0414561928515147 -0.0198269483556922 -0.0449520414298947 -0.0967251487097524 -0.0613469120996155 -0.057823640268194 -0.0750052163686627 -0.104317584697798 -0.205576895089266 -0.250656079402155 -0.253724750143513 -0.221841943108544 -0.202777445948898 -0.211684536948999 -0.281440867505787 -0.213225041997634 -0.206000269916371 -0.259334460898931 -0.183118306103961 -0.185795597111014 -0.217790145392122 -0.144486045724884 -0.189907414454044 -0.118783050892509 0.00769643448023751 0.142338193061405 0.197604601810879 0.223744244827279 0.231565131609726
-9999 -9999 -9999 -9999 -9999 -9999 -9999 -9999 -9999 -9999 -9999 -9999 -9999 -9999 -9999 -9999 -9999 -9999 -9999 -0.0520565824235022 -0.106577802883004 -0.0327466207591359 -0.0145410177842385 0.0372255063374147 -0.0579171061349615 -0.141605340492833 -0.0515007238743359 -0.221818820143425 -0.250228621733942 -0.225902614297579 -0.181888933917931 -0.23331835873953 -0.257021331187228 -0.265936771482915 -0.221495275019358 -0.295703118200408 -0.272105519649983 -0.280624493431934 -0.216550523268682 -0.14059158884597 -0.124249389673242 -0.080007196708174 -0.0435797948388909 0.0909469963845461 0.159397140602326 0.161485232287834 0.133178001175078
-9999 -9999 -9999 -9999 -9999 -9999 -9999 -9999 -9999 -9999 -9999 -9999 -9999 -9999 -9999 -9999 -9999 -9999 -9999 -0.133993931589912 -0.0938095915260591 -0.020900610844619 0.0329148495907783 0.0413825303015265 0.0129856136816356 0.0182981192564092 0.0285028021674477 -0.194953211268296 -0.216265839193186 -0.113052419897816 -0.135832601764015 -0.192400480004697 -0.205941558842524 -0.235569764945107 -0.239899806021149 -0.286298943658146 -0.354471914871187 -0.277215182077156 -0.261609595856543 -0.23720206313609 -0.158398765228543 -0.0480327772109566 0.0141832681552073 0.113411163761081 0.152393874204994 0.181200433050766 0.170864176539743
-9999 -9999 -9999 -9999 -9999 -9999 -9999 -9999 -9999 -9999 -9999 -9999 -9999 -9999 -9999 -9999 -9999 -9999 -9999 -9999 -0.0927860353214261 -0.0534464437797343 -0.0452975530114532 0.00313410829099121 0.0289058948094874 -0.0276131715735702 -0.1736430638397 -0.202615391434643 -0.188009044982103 0.0454812736851609 -0.0636393120310407 -0.155385420443318 -0.0928063838119126 -0.161602536590426 -0.200248124737053 -0.309191493929071 -0.388961932287625 -0.279012481685824 -0.197104369365579 -0.212548243838053 -0.154152955127054 -0.0180505798088962 0.037940376496312 0.0793738174943821 0.174628382788955 0.181908551790754 0.127741812593476
-9999 -9999 -9999 -9999 -9999 -9999 -9999 -9999 -9999 -9999 -9999 -9999 -9999 -9999 -9999 -9999 -9999 -9999 -9999 -9999 -9999 -0.0813504934166941 -0.0552280463830315 -0.0258517626389395 -0.0560624249730337 -0.152884961674046 -0.175346100921185 -0.270134933003824 -0.239367948526522 -0.0955908410550932 -0.0858078675799832 -0.0538062302909392 -0.00538641023927576 -0.0396838009118091 -0.121943119174676 -0.191319534566286 -0.331433809827492 -0.247467941268429 -0.159246336716663 -0.198868455889778 -0.209974670940229 -0.110254824978574 0.0142799398570108 0.0458118410401232 0.124675905113447 0.070825777442874 0.112628796909975
-9999 -9999 -9999 -9999 -9999 -9999 -9999 -9999 -9999 -9999 -9999 -9999 -9999 -9999 -9999 -9999 -9999 -9999 -9999 -9999 -9999 -9999 -0.0762478000904354 -0.0484681940451102 -0.0759085668842211 -0.17629099754059 -0.197157993648245 -0.314194753533553 -0.31313753114526 -0.198440718450388 -0.0557852962009925 -0.0530095537290161 -0.0714093448035322 -0.0773562861539087 -0.0971243979935434 -0.202269713971628 -0.29365178680208 -0.198735327113071 -0.140986229926617 -0.173828611897433 -0.19960917997236 -0.11161350016439 -0.0631902645541692 -0.085831405997363 -0.0797127892982105 -0.0893399981328448 0.0119592752960836
-9999 -9999 -9999 -9999 -9999 -9999 -9999 -9999 -9999 -9999 -9999 -9999 -9999 -9999 -9999 -9999 -9999 -9999 -9999 -9999 -9999 -9999 -9999 -0.0579344405622387 -0.139171679724193 -0.246616335973052 -0.363736025917951 -0.401351794820792 -0.336706117723084 -0.195628077559467 -0.0926058931452204 -0.0868815726389926 -0.121146044567541 -0.109274074476396 -0.113941464905341 -0.155439010592164 -0.202623354664637 -0.155661800646285 -0.176997948422872 -0.168924575504357 -0.18869159035397 -0.166322405503664 -0.205498942356591 -0.155676252234594 -0.169139649640362 -0.153893945692056 -0.0948157612306508
-9999 -9999 -9999 -9999 -9999 -9999 -9999 -9999 -9999 -9999 -9999 -9999 -9999 -9999 -9999 -9999 -9999 -9999 -9999 -9999 -9999 -9999 -9999 -9999 -0.124452540110093 -0.314039752300873 -0.470420074261054 -0.340320418120413 -0.295699219089282 -0.226849888069098 -0.115512971334682 -0.0683477133759792 -0.0949051200111672 -0.109861941604554 -0.0425937648070693 -0.0563957456770343 -0.136179619380573 -0.159810164199241 -0.175868151404916 -0.166784934928652 -0.11616007304521 -0.204519901587401 -0.220646268616386 -0.189623648184961 -0.199665640741037 -0.217206937549264 -0.191760821755354
-9999 -9999 -9999 -9999 -9999 -9999 -9999 -9999 -9999 -9999 -9999 -9999 -9999 -9999 -9999 -9999 -9999 -9999 -9999 -9999 -9999 -9999 -9999 -9999 -9999 -0.562907538241412 -0.370852515622821 -0.314296773980669 -0.274632543262268 -0.223219476670142 -0.101960446505111 -0.0530237197824155 -0.101923597290773 -0.113935662148116 -0.0453388494841799 -0.0200794352851524 -0.110712144183926 -0.0804179855392866 -0.157133070865006 -0.122603040822291 -0.0531674773737981 -0.0231816161634842 0.0110845122197385 -0.0733476037896969 -0.0974270582096582 -0.117400957817306 -0.140145206815168
-9999 -9999 -9999 -9999 -9999 -9999 -9999 -9999 -9999 -9999 -9999 -9999 -9999 -9999 -9999 -9999 -9999 -9999 -9999 -9999 -9999 -9999 -9999 -9999 -9999 -9999 -9999 -0.299127625613079 -0.348485130435348 -0.24313682361345 -0.112394961481806 -0.0488120695175196 0.0102498173486445 -0.0245536663028397 0.0981897085999677 0.116073120275183 0.0389601939370344 -0.0512380602607495 0.0162428293237951 0.0477362467329497 0.0241851520142948 0.142412005352588 0.0766397480775606 -0.00153829161041031 -0.0645376270932904 -0.125068010329005 -0.104027456059473
-9999 -9999 -9999 -9999 -9999 -9999 -9999 -9999 -9999 -9999 -9999 -9999 -9999 -9999 -9999 -9999 -9999 -9999 -9999 -9999 -9999 -9999 -9999 -9999 -9999 -9999 -9999 -9999 -0.343550992527557 -0.242172009856458 -0.0784201860166063 0.00457615564583501 0.0421144138829324 0.0217261378667329 0.105827546969756 0.134821602746645 0.0366643815325172 0.0335823324835322 0.0672420340500731 0.0546581218703068 0.136083361916652 0.229844345677835 0.186545837520029 0.00641994722792942 -0.0942009657426987 -0.124761033967891 -0.067240370813419
-9999 -9999 -9999 -9999 -9999 -9999 -9999 -9999 -9999 -9999 -9999 -9999 -9999 -9999 -9999 -9999 -9999 -9999 -9999 -9999 -9999 -9999 -9999 -9999 -9999 -9999 -9999 -9999 -9999 -9999 -0.10057090666518 -0.0513506223318298 0.0843508454883398 0.071253930021596 0.0689524481101861 0.122953053868083 0.110952170573971 0.0701708178780932 0.0979232237648416 0.0734911743365113 0.147719404827388 0.263902902424393 0.195252380752456 0.0857312704310002 -0.000924310350458266 -0.0484876754858852 -0.0242503972770803
