data/rasters/s1.29.06.cu.1_xyz_08_.asc
NCOLS 100 
NROWS 100 
XLLCORNER -4 
YLLCORNER -4 
CELLSIZE 0.08 
NODATA_value -9999 
[rows 21 to 41 of 100, columns 0 to 47 of 100]
-9999 -9999 -9999 -9999 -9999 -9999 -9999 -9999 -9999 -9999 -9999 -9999 -9999 -9999 -9999 -9999 -9999 -9999 -9999 -9999 -9999 -9999 -9999 -9999 -0.266139623784967 -0.224177266158391 -0.293862384528656 -0.415840317103017 -0.521225072920834 -0.509563871470853 -0.389941954355915 -0.373431591631907 -0.443219182863132 -0.472667211777266 -0.390048846672047 -0.356992443154592 -0.298839568397108 -0.329987714991935 -0.343428475739965 -0.329651337151243 -0.283201047239864 -0.27718689746177 -0.085802319998038 -0.102271198864792 -0.156804471341991 -0.14231343035519 -0.0730695549030314 0.0395165696372975
-9999 -9999 -9999 -9999 -9999 -9999 -9999 -9999 -9999 -9999 -9999 -9999 -9999 -9999 -9999 -9999 -9999 -9999 -9999 -9999 -9999 -9999 -0.559539765559872 -9999 -0.246491820517294 -0.214641350458668 -0.398394411738307 -0.418838224209125 -0.456088813285405 -0.346429315528739 -0.350703376586212 -0.301086178603442 -0.279586083329553 -0.364522010568235 -0.326344513673052 -0.348971595990968 -0.359457822760159 -0.38732813685245 -0.368407411695123 -0.471074631965921 -0.479107729338195 -0.566990960808465 -0.30552942334578 -0.315583259124016 -0.283531396492807 -0.243950410447491 -0.161043314514895 0.0202791115325126
-9999 -9999 -9999 -9999 -9999 -9999 -9999 -9999 -9999 -9999 -9999 -9999 -9999 -9999 -9999 -9999 -9999 -9999 -9999 -9999 -9999 -0.523136273196611 -0.484347512088382 -0.457167975984932 -0.282478461651933 -0.387252680363768 -0.408297798955496 -0.430220142347042 -0.348527333731224 -0.261308477966121 -0.241369927957438 -0.280970272864103 -0.260112528234413 -9999 -0.329818567808011 -0.34908149478497 -0.347752362995855 -0.237612141663157 -0.0331921060393664 -0.163887041681491 -0.405969790065985 -0.531623976196215 -0.305502223156861 -0.306618508647772 -0.212030183882921 -0.178119584718753 -0.114977865133579 0.0421415057968392
-9999 -9999 -9999 -9999 -9999 -9999 -9999 -9999 -9999 -9999 -9999 -9999 -9999 -9999 -9999 -9999 -9999 -9999 -9999 -9999 -0.494572984023496 -0.382084949219465 -0.40803320150025 -0.453542685576291 -0.402455843784374 -0.38087575496192 -0.361581631484028 -0.378740610814425 -0.329785343044514 -0.301129229293487 -0.204628655929038 -0.352347504808808 -0.253278722488656 -0.130526938117846 0.0427525355702311 -0.0949774048067206 -0.0348074535620978 0.0540234952098631 0.291160652455377 0.235475481415194 0.0661050603773279 0.0473571047753504 -0.0924433738767231 -0.0722464197047507 -0.13558126073427 -0.0925214983741756 -0.00466820147443085 0.0611987616736047
-9999 -9999 -9999 -9999 -9999 -9999 -9999 -9999 -9999 -9999 -9999 -9999 -9999 -9999 -9999 -9999 -9999 -9999 -9999 -9999 -0.466731543851567 -0.245599719644449 -0.337878568942153 -0.367291602277652 -0.342496060599254 -0.336342172426065 -0.340450389583562 -0.362852223821203 -0.384232437481523 -0.337343468895553 -0.171106688220902 -0.152468389829805 -0.0122189137605258 -0.0379691604614003 0.0965961489012746 0.214645839161044 0.203858000907226 0.327791069445742 0.36862782005285 0.367595582063354 -9999 0.0755726132309878 0.0909683802581553 0.0641345121952202 0.0209561426018751 -0.223961427804399 -0.048328506474944 0.0247003778998153
-9999 -9999 -9999 -9999 -9999 -9999 -9999 -9999 -9999 -9999 -9999 -9999 -9999 -9999 -9999 -9999 -9999 -9999 -9999 -0.427737260288253 -0.245722366227655 -0.182598464518737 -0.313831054217855 -0.31716060987165 -0.275461346069414 -0.243724340262811 -0.294521725208292 -0.359963981999911 -0.425158189803667 -0.344275221249472 -0.241340086376797 -0.11005872379079 0.109859737182471 0.208520457680362 0.437270890085051 0.469731765406842 0.493897251715875 0.53560399535008 0.5241722933363 0.521742242654175 0.284805532287698 0.190821746921106 0.18381644811883 0.116449361005464 -0.0367563937230991 -0.111049420290655 -0.11197504563353 -0.0434407385393613
-9999 -9999 -9999 -9999 -9999 -9999 -9999 -9999 -9999 -9999 -9999 -9999 -9999 -9999 -9999 -9999 -9999 -9999 -0.242270609078896 -0.261472071427015 -0.248588282907652 -0.162275127500473 -0.168150955927601 -0.0802933493568706 -0.126018574402897 -0.177310018181324 -0.231838020273682 -0.353256873356438 -0.351616533449555 -0.31607833551426 -0.265843606242706 -0.151811113072018 0.1236558921386 0.309459748018296 0.522401305124099 0.570125422384758 0.609838940261718 0.6123557756978 0.584291683247731 0.547162506055525 0.304960772131193 0.190093957152072 0.202618842582064 0.144559159325952 0.0302237161920779 -0.0303406445869905 -0.140564230826983 -0.172290554880376
-9999 -9999 -9999 -9999 -9999 -9999 -9999 -9999 -9999 -9999 -9999 -9999 -9999 -9999 -9999 -9999 -9999 -9999 -0.194472470161229 -0.227925522951683 -0.22619742264307 -0.111910340749737 -0.0319910600374735 -0.0486189266064125 -0.089630188766297 -0.117547714871609 -0.189881760470551 -0.369920130489183 -0.27751209975785 -0.282442334655209 -0.175401892882362 -0.084276088914516 0.206467173510101 0.303135194215153 0.540853042816514 0.585580917300577 0.630082447146221 0.645518359389852 0.638318371376031 0.577171123215645 0.473228219442021 0.341154420251527 0.258472621874541 0.265323820172421 0.00308482527747239 -0.11616412769984 -0.143168912442631 -0.159732532795674
-9999 -9999 -9999 -9999 -9999 -9999 -9999 -9999 -9999 -9999 -9999 -9999 -9999 -9999 -9999 -9999 -9999 0.0208245398824115 0.0313302758290357 -0.0964131662908545 -0.185034412114758 -0.0717082713799533 -0.0158294534824722 -0.0419742585559005 -0.0739266441470201 -0.0456392110520314 -0.0767603543548384 -0.351487924430072 0.0391718217557726 -0.167438640594566 -0.121568707450467 0.120268136419756 0.257111506433614 0.479301173119617 0.539369801211393 0.634907536489021 0.646920148412622 0.658150808974107 0.655847283944767 0.600359462899469 0.499839343481234 0.476530229743808 0.47899150763972 0.293612162422132 0.0188946584789369 -0.0726870396360551 -0.0398212801418212 -0.0370972812425555
-9999 -9999 -9999 -9999 -9999 -9999 -9999 -9999 -9999 -9999 -9999 -9999 -9999 -9999 -9999 -9999 -0.0137833236043453 0.0253430220920737 0.0437884920805584 -0.118256167684714 -0.158964913226997 -0.090213892778803 -0.0597135607034153 -0.0412396143172534 -9999 0.106888310324075 0.150677568351857 0.147773977338074 0.139087428500935 0.0467090673345553 -0.0560187923915347 0.103357579180203 0.320510771970779 0.286695008830402 0.551185345541748 0.559320518843536 0.628182197737045 0.605740328072756 0.604361783190834 0.546895400211324 0.557995773825983 0.560444626186953 0.484245300979107 0.316216875594118 0.200784682166484 -0.00687075631653001 0.0370648518696195 0.0268649313189605
-9999 -9999 -9999 -9999 -9999 -9999 -9999 -9999 -9999 -9999 -9999 -9999 -9999 -9999 -9999 -0.0377593163771704 -0.00931967122936974 -0.030398915751144 0.0056749402851117 -0.0926512726428253 -0.214602537328032 -0.161196547199957 -0.12039885915667 -0.0905912800573653 0.0910112052756657 0.142905198831834 0.220334601376962 0.217303586979868 0.208591727126876 -0.025622263044865 0.014043294601891 0.130753040891506 0.110886628381422 0.261677568121229 0.380250580678306 0.527090467197044 0.589203543804926 0.63646630521526 0.456012171068324 0.403640170630467 0.484242701902313 0.407561708449855 0.323541725865683 0.189212754340722 0.160268068156453 0.117878426522641 0.16300309423419 0.0274857156818338
-9999 -9999 -9999 -9999 -9999 -9999 -9999 -9999 -9999 -9999 -9999 -9999 -9999 -9999 -9999 -9999 0.0294780962811527 -0.0256175224313972 -0.0448885953281255 -0.357767019560628 -0.185718417594371 -0.126569660678604 -0.0882181175009021 -0.0654730032352168 0.0886153442577745 0.165857875271601 0.254594516418671 0.276737469772222 0.268048536328257 0.160553603481205 0.149872447411336 0.322964523943674 0.202508306881639 0.22576306209157 0.137788701557472 0.46391251418466 0.537755973560425 0.559731661123088 0.486590143606625 0.472394589769014 0.425368161296637 0.310460875660942 0.201869102310617 0.134232108758842 0.109064852518636 0.130732050611191 0.0503465545550362 0.00955142447068802
-9999 -9999 -9999 -9999 -9999 -9999 -9999 -9999 -9999 -9999 -9999 -9999 -9999 -9999 0.0545019298072357 0.0421047932832211 0.0457355225692463 -0.069849949365801 -0.44897182165086 -0.271187269521748 -0.127168942091229 -0.109446627026775 -0.126814740618041 -0.0473183644723392 0.139594626095821 0.211671104006432 0.251571334288483 0.278963754002678 0.285225684872426 0.231134252577784 0.162305692650395 0.0992925649855539 0.0521262091212747 0.219860807887692 0.242714784571558 0.422746706471807 0.51228367026372 0.463447778033469 0.484056536370128 0.316297071448971 0.280500435259252 0.282845731263028 0.274878842694496 0.219078452001246 0.21797572628878 0.186083106147162 0.154973341464339 0.057940019847307
-9999 -9999 -9999 -9999 -9999 -9999 -9999 -9999 -9999 -9999 -9999 -9999 -9999 -9999 -0.000859804519617108 0.00343508361004027 -0.0264119061827724 -0.275960611910635 -0.386819576899394 -0.210410086016029 -0.193797103440949 -0.17345095793168 -0.127291236120714 -0.0984411849313734 0.104383027479261 0.187500611920348 0.278761599487919 0.269434467238853 0.244283342348582 0.25326853875374 0.21607347238857 0.186564628897144 0.189077652439022 0.187688193108304 0.322793479468849 0.252976832489004 0.460778345704157 0.425208780504414 0.435235118725874 0.264522068980032 0.20290980921582 0.21355788983951 0.223564894250064 0.231872040853543 0.224674788010276 0.176909687497102 0.19396696099115 0.150866153358855
-9999 -9999 -9999 -9999 -9999 -9999 -9999 -9999 -9999 -9999 -9999 -9999 -9999 -9999 -0.177843745546746 -0.199306319944701 -0.209535986172295 -0.312859165875969 -0.263462091806315 -0.21059954683671 -0.189344495374751 -0.284718841346819 -0.314292201304431 -0.328217973391965 -0.215232803717866 0.0812695183889288 0.183664185886377 0.21700288852365 0.222943886218687 0.237893027237367 0.209685092952611 0.232526171706176 0.213533415550922 0.221460278675211 0.301839880928864 0.419558784888141 0.46536346387413 0.389301018324381 0.346798634649368 0.279279216083383 0.220598524390816 0.137060724461476 0.141209319235666 0.151682406629866 0.169315301245007 0.166030675419062 0.198464079636034 0.1762310747996
-9999 -9999 -9999 -9999 -9999 -9999 -9999 -9999 -9999 -9999 -9999 -9999 -9999 -0.0904794081227849 -0.0958950613443856 -0.230105394474366 -0.419038433178014 -0.508339146044735 -0.373619307042679 -0.279936234508048 -0.293907283992997 -0.397493186873498 -0.165935635525867 -0.121520419811196 -0.149452903617333 0.114337098736268 0.124188091158161 0.171746257634001 0.17311770966706 0.190997138332569 0.220206116792197 0.2442580438921 0.309283480101981 0.303447626793533 0.281423175723578 0.197370459139607 0.253764189421518 0.112920465219644 0.198285289681923 0.232920129320271 0.168276099083243 0.0803611769776657 0.0761220004987783 0.113010276233257 0.116187732926545 0.0971995727712357 0.131787440471985 0.139225783186354
-9999 -9999 -9999 -9999 -9999 -9999 -9999 -9999 -9999 -9999 -9999 -9999 -9999 -0.0843735720584091 -0.156372275800432 -0.358602226041396 -0.474597217790887 -0.6206145382844 -0.452573366960805 -0.277142370439722 -0.502497682016544 -0.61359184074314 -0.559138776683297 0.0374483521740651 -0.145727710619867 -0.153440986287596 0.182763200062468 0.184411848760843 0.224124749143471 0.292525448262126 0.262302130674021 0.342136629467407 0.385218478073331 0.353991180144471 0.378521713604055 0.40448089369361 0.230286487966376 0.235779183156733 0.137758470969203 0.0999253757557475 0.0709044106422929 -0.00879327858208995 -0.0222223691741936 0.0229187604742988 0.0360218676106326 0.0286701960060172 0.0457083432769615 0.0612273231006943
-9999 -9999 -9999 -9999 -9999 -9999 -9999 -9999 -9999 -9999 -9999 -9999 -9999 -0.130864707376696 -0.333622149831988 -0.404471884726051 -0.553888769874303 -0.741599763536611 -0.621920772950018 -0.662227543058891 -0.590388861294273 -0.570117116982641 -0.508171098590288 -0.15333672167661 -0.0600015079870442 -0.0975911173627026 0.0146952875501813 0.137418949698452 0.208496200279041 0.339402411412365 0.324575769993543 0.397173313177845 0.424847799824113 0.394292253207042 0.38611747524896 0.340113041794498 0.314021947844695 0.229620553381909 0.11577090608719 -0.0101540863974284 -0.0665918822541447 -0.064752104581849 -0.0242515181112322 -0.0331497316433415 0.0390661766937507 -0.0532640509724481 -0.0599623742203926 -0.0538067664785675
-9999 -9999 -9999 -9999 -9999 -9999 -9999 -9999 -9999 -9999 -9999 -9999 -9999 -0.182766401675392 -0.425035905050184 -0.500198727261439 -0.529311551858288 -0.568341612984731 -0.530751525552404 -0.601935891275487 -0.531215889698089 -0.503003977305389 -0.325588009826592 -0.198975676189562 -0.189420293957875 -0.254680287361745 -0.0478368648949958 -0.0572783484250854 0.200593806416016 0.295724945969687 0.418984910110921 0.412666214972724 0.425097587984111 0.438004657929404 0.370668681521452 0.364952979058734 0.321713753075185 0.233678559772604 0.130641986133563 0.065788585614255 -0.0136913842044688 0.0220462241638633 -0.0395134750680369 -0.0604402192986336 0.144919046986709 0.123599305410689 0.00123464774650922 0.00113942917564019
-9999 -9999 -9999 -9999 -9999 -9999 -9999 -9999 -9999 -9999 -9999 -9999 0.0238290805390537 -0.0665568145943541 -0.314517095031441 -0.51127734085387 -0.542547457744239 -0.636319127238189 -0.593673147788595 -0.470212800547195 -0.479027170142194 -0.478020344039475 -0.433539207715516 -0.282157713704686 -0.275030213389444 -0.169649907814678 -0.168643298835017 0.0269323538533634 -0.0611705335347505 0.31556529338597 0.396414334387135 0.412696399894745 0.452073808004545 0.454341865516346 0.386233051036259 0.343073488356588 0.316537266862979 0.257725522039476 0.156914898823992 0.0484959974783599 0.00467528644118329 0.0426244654665782 0.0819430838877509 0.0269592660038852 0.220446339709779 0.184463478130798 0.187048920615341 0.224573127481035
-9999 -9999 -9999 -9999 -9999 -9999 -9999 -9999 -9999 -9999 -9999 -9999 -0.0222143089354043 -0.128643915204353 -0.349189048427808 -0.546495120226715 -0.615651761457656 -0.542511535508517 -0.496948566583349 -0.481961080016137 -0.436216188954779 -0.4507748755768 -0.472722177964912 -0.38678471856326 -0.286858056915802 -0.264188240398592 -0.243455054413172 0.0379272131531341 0.0968260613710342 0.32890228823475 0.37462750740774 0.371044575999714 0.380460025395438 0.455127345606324 0.44596539657599 0.335635843427668 0.265135163103515 0.186247792602243 0.194648286793842 -0.00513509713132569 -0.04830164772857 -9999 0.0142372259991587 0.155580929934356 0.260093097448574 0.243751084739082 0.214199564458006 0.250109758815597
