data/rasters/s1.29.06.cu.4_xyz_08_.asc
NCOLS 100 
NROWS 100 
XLLCORNER -4 
YLLCORNER -4 
CELLSIZE 0.08 
NODATA_value -9999 
[rows 42 to 62 of 100, columns 0 to 47 of 100]
-9999 -9999 -9999 -9999 -9999 -9999 -9999 -9999 -9999 -9999 -9999 -9999 -0.130414533869924 -0.186101831447815 -0.148586755511819 -0.140794989747107 -0.0898884331394285 0.0634756667582111 0.0332470857987928 -0.193795755149494 -0.296136467627686 -0.279391434943367 -0.28700701903832 -0.375062598426746 -0.417039832723357 -0.346854505755483 -0.368661407656391 -0.326751719862364 -0.077026977826823 0.157907406713018 0.507101310861032 0.442801289340412 0.383624960308527 0.114615551651143 -0.0771625123061232 -0.175720564464904 -0.216005697689812 -0.217156357515074 -0.252723659975643 -0.326964166852768 -0.242301500783986 0.0301562186598769 0.237568833264721 0.0595388679747832 -0.100364369471405 -0.246415359525614 -0.313934390106662 -0.29217558530278
-9999 -9999 -9999 -9999 -9999 -9999 -9999 -9999 -9999 -9999 -9999 -0.089475960712676 -0.101913865911639 -0.123565075830995 -0.164907908532187 -0.123504252653633 -0.0700365192356753 0.0731283061687675 0.106181580906852 -0.128154445029806 -0.276447950220179 -0.236946589822633 -0.259230253332326 -0.367409024300825 -0.368993366187406 -0.289223577723771 -0.305602779514273 -0.235728535544625 -0.0801327658061356 0.212362019537954 0.392939473699753 0.453643010468374 0.229594166660024 0.162728876957718 0.0142970301937 -0.127562391904049 -0.136545030061741 -0.147804242323482 -0.173017588705314 -0.166949111350972 -0.124867800529373 0.0223960419128475 0.379348283944118 0.0850116979085318 -0.223851965331924 -0.288175416381521 -0.343710798196703 -0.367658357428335
-9999 -9999 -9999 -9999 -9999 -9999 -9999 -9999 -9999 -9999 -9999 -0.101223233719975 -0.108016720166527 -0.114963757856297 -0.124213104811084 -0.108056864108204 -0.0604689060978065 0.0528157235272435 0.0738589444791078 -0.0384799002042878 -0.204261692423204 -0.0937111460526769 -0.212005928403073 -0.268139638808095 -0.264387956859992 -0.246695371079876 -0.271717828481821 -0.16137814086866 0.168442502898425 0.296665114990997 0.224805660666616 0.376284936847262 0.163639774874284 0.090073809491805 0.0375437251364512 -0.0858986896262045 -0.0386659422200699 -0.109639755597473 -0.138241000429489 -0.0976725426701296 -0.0843228003004401 0.059024256972917 0.313276229933538 -0.0220180846849439 -0.221794788455123 -0.256839378893582 -0.36806802148069 -0.339099887333175
-9999 -9999 -9999 -9999 -9999 -9999 -9999 -9999 -9999 -9999 -9999 -0.123171264844768 -0.127517838134498 -0.14598737036396 -0.148097359834008 -0.0919776069626446 -0.0195843257554112 0.0474498173671943 0.0521889751084824 -0.0270852006123375 -0.1034910279401 -0.131164554418329 -0.0672974831287714 -0.154317165373826 -0.141894362231565 -0.22440488504112 -0.216919586829215 -0.157912848791477 -0.0820734988499572 0.139857759570642 0.169849570067703 0.317719564506436 0.19016367890669 0.0657418241713301 0.0224648388116698 -0.0498014012949843 -0.125975827854058 -0.119178132687374 -0.10215759408794 -0.03498566429935 0.0215280040065324 0.141899840359996 0.21169626098272 0.0545493238042398 -0.0238662858355534 -0.136411306325891 -0.140886371904792 -0.225388977827745
-9999 -9999 -9999 -9999 -9999 -9999 -9999 -9999 -9999 -9999 -9999 -0.0952767453279282 -0.11376921731625 -0.107272576912 -0.104335328365332 -0.085117211107333 0.00831220840175175 0.107825005831029 0.0627273054731562 -0.0166808739935093 -0.124431820296706 -0.193227227099435 -0.120647963155643 -0.144615606121968 -0.0966818897112788 -0.181503203233853 -0.229388982734725 -0.251529618356743 -0.243744835673061 -0.126524910881097 0.0212703088528335 0.226059434927622 0.138683667445662 0.0494929881562794 -0.0351766586431115 -0.0750041433124179 -0.109738423826248 -0.0659934502764968 -0.0234329198002378 0.0390833246118912 0.0888702447629538 0.138325970641967 0.171413975708203 0.10284473442783 0.195364682926985 0.164234230323103 0.147481668346504 0.018840313428704
-9999 -9999 -9999 -9999 -9999 -9999 -9999 -9999 -9999 -9999 -9999 -0.0796366955566946 -0.105930175721484 -0.0913082928830942 -0.0611146914406293 0.0157311299672372 0.0861411953571357 0.229685763003944 0.101062886327733 -0.0312460278796357 -0.114351534607801 -0.160862129757509 -0.191566325989078 -0.183427440433389 -0.194976915156983 -0.201583331400636 -0.253028460472068 -0.312720378020686 -0.335079747429271 -0.283170256270421 -0.16584005170411 -0.0207754568107971 0.102906429228507 0.0703538235429358 -0.0218275610657783 -0.0169426494557322 0.0201080368534408 0.00443915755698623 0.057713091589439 0.0919225973680289 0.0656897876133057 0.0705415853494013 0.111906336087883 0.161223788355168 0.131914235036378 0.200679121951867 0.23915820430924 0.0772092674220432
-9999 -9999 -9999 -9999 -9999 -9999 -9999 -9999 -9999 -9999 -9999 -0.19150748361108 -0.203336781061112 -0.199160266312459 -0.109495403470914 0.0484250997432479 0.262922605550251 0.303863070612515 0.153225763874781 -0.03916846884439 -0.092453444120532 -0.198162254439293 -0.230618584306514 -0.240144939667766 -0.252373275545646 -0.217552643717866 -0.297891072355801 -0.324943926392348 -0.325607146047321 -0.310273254352152 -0.200304863411532 -0.0817166633583427 0.102333706487982 0.0773406404911375 0.0063065219204998 0.0474284628900862 0.230332662459839 0.115850727678844 0.184615673506659 0.0786943430215611 0.0125530666599186 -0.110634379654856 -0.0376773487591327 -0.0394335265464471 -0.00157612691185113 0.171584768629342 0.197763542750142 0.116902270096668
-9999 -9999 -9999 -9999 -9999 -9999 -9999 -9999 -9999 -9999 -9999 -0.266806729704953 -0.291457388161879 -0.257766700247277 -0.194662222939444 0.0152328930954684 0.207139798631139 0.345004413135844 0.175522287833686 0.0505789790892676 -0.0577382386542346 -0.154347807738896 -0.234742513623229 -0.255155586692806 -0.251235783137145 -0.27029583147973 -0.277365131973238 -0.332876398461738 -0.35389585212947 -0.298533399270804 -0.221716424878742 -0.00588584756387911 0.0306232919369836 0.0698429928525825 0.0602951416508514 0.208296449182838 0.365494727891312 0.164727651885268 0.170460054632819 -0.0835327956565613 -0.147559121301939 -0.170643794915638 -0.267648014520549 -0.182785476198732 -0.0748706681628688 0.0625755155891657 0.127825415412565 0.265356960066151
-9999 -9999 -9999 -9999 -9999 -9999 -9999 -9999 -9999 -9999 -9999 -0.303267577180174 -0.305337696853242 -0.260479115075399 -0.154696678453785 0.0664139324810431 0.259127352802893 0.190073704952373 0.315280929927065 0.130250383297219 0.0759626904028047 0.0120076076381649 -0.0893149654784044 -0.190675541385628 -0.240399005896575 -0.317976023953637 -0.306341772884684 -0.376254000685846 -0.357420357826329 -0.339740436922008 -0.221367405658651 -0.058084749088632 -0.01504735082918 0.0196944769187426 0.111603062488899 0.34256472985606 0.427455950069322 0.289691927153748 0.0421815492362155 -0.161450211510614 -0.260075329019737 -0.396173812347071 -0.333043268181221 -0.205298541164588 -0.190400426736582 -0.105185793725314 -0.0261409369823217 0.0615337245770324
-9999 -9999 -9999 -9999 -9999 -9999 -9999 -9999 -9999 -9999 -9999 -0.29856991647032 -0.278358521159982 -0.23031004839668 -0.146998111226107 0.0302084699185289 0.0605012570573047 0.150267944397473 0.290951998069215 -9999 0.148162600750236 0.230058289492851 0.0707692930461068 -0.0983342346621189 -0.220447203979391 -0.352373158391653 -0.378297673736538 -0.327368079440088 -0.299778295030301 -0.34310977553762 -0.263049172525065 -0.156299861969842 -0.116995775339024 -0.0716037907901964 0.036367786461585 0.278792452299933 0.156665573696323 0.0983814914753206 -0.151610383347158 -0.362917207343392 -0.547919177584783 -0.507138648545337 -0.295200527788378 -0.268070747475906 -0.320250557722143 -0.322220142430149 -0.260476033340456 -0.0826788693918818
-9999 -9999 -9999 -9999 -9999 -9999 -9999 -9999 -9999 -9999 -9999 -0.277597200404907 -0.265310941705182 -0.219452942116047 -0.0893722203489358 0.000264270244633543 0.0747484051087815 0.104455440584489 0.202857273879183 0.311960594255126 0.349176343075837 0.288668525892238 0.129783590715496 0.0473555584699287 -0.158249939779345 -0.318032683151422 -0.28910791035149 -0.305989171854127 -0.32953620033384 -0.283489013294681 -0.215550773174611 -0.16565410883673 -0.140779599594821 -0.124324721307097 -0.114963756452512 0.0800234253671924 0.0688913916076096 -0.0767029006055519 -0.309132016786353 -0.528017869223992 -0.583817408214021 -0.575683153950273 -0.586411032233482 -0.492533036009805 -0.454622159259686 -0.445514721425704 -0.282059963876373 -0.058548938612331
-9999 -9999 -9999 -9999 -9999 -9999 -9999 -9999 -9999 -9999 -9999 -0.19446325255505 -0.185487250874155 -0.137480501983265 -0.0267491915349176 0.162463789852734 0.139721850375769 0.117964803018489 0.122182638416023 0.308317749797594 0.397250194725537 0.328538139696948 0.226810298885348 0.244895046935808 -0.0136234981562475 -0.116315524215536 -0.205261991632928 -0.20078709389245 -0.226169889147819 -0.204812569557459 -0.197674910525118 -0.203655059052335 -0.179149755291651 -0.171978433335988 -0.148089513227493 -0.0347139501892947 -0.0306717123754875 -0.199698565632396 -0.484300214957699 -0.558385689569636 -0.610728337227091 -0.563799453112028 -0.628469599673669 -0.538824231975569 -0.542385689556213 -0.423907732214402 -0.398588872665198 -0.189869572489186
-9999 -9999 -9999 -9999 -9999 -9999 -9999 -9999 -9999 -9999 -9999 0.0521109428331488 -0.0416582459570496 0.0980813200202936 0.170760407812219 0.223667058304366 0.194063457670604 0.175721710887673 0.199974277346136 0.278188746265855 0.36800218865764 0.341245262018247 0.341945817833284 0.273066953857213 0.0524404528309698 0.0733171953799418 -0.058394444868075 -0.0780914043595926 -0.0744600836746355 -0.147882555715167 -0.199441451124742 -0.218086769966607 -0.209320182761258 -0.181735423183812 -0.173536839415804 -0.13310891698573 -0.182433190522001 -0.251705517359032 -0.521906485598464 -0.574379206173688 -0.591631504148384 -0.598658037766237 -0.627244581972105 -0.625892476678105 -0.553427395155699 -0.456799626632519 -0.42912597601088 -0.204482722391149
-9999 -9999 -9999 -9999 -9999 -9999 -9999 -9999 -9999 -9999 -9999 -0.0365857583110277 0.0103968527861187 0.151446711080054 0.189332397167921 0.237919774652163 0.246979846938028 0.180310289570327 0.238248804512975 0.291347113216242 0.405196205645801 0.402037730396412 0.36806735368177 0.291591956406204 0.169890157866092 0.0876456991097188 0.0269532782770236 -0.0134342952022239 -0.112376549219551 -0.15952885048653 -0.203927430762162 -0.188548545058286 -0.201780532534407 -0.190666159128842 -0.156731212484792 -0.0605656432105702 -0.180041681878252 -0.331966640497911 -0.469516720044392 -0.551717438654976 -0.588080062041779 -0.621572865419386 -0.605832419743619 -0.59838470346723 -0.538409777127601 -0.443540397034095 -0.412166179950203 -0.22912590555774
-9999 -9999 -9999 -9999 -9999 -9999 -9999 -9999 -9999 -9999 -9999 -9999 0.121250745570895 0.138648897658836 0.14604728383725 0.127961518003054 0.0412548902442843 -0.0131962808601726 0.169865235712717 0.174463525227962 0.382067068427862 0.364927195487745 0.27149128523722 0.189148567536243 0.130482326768173 0.04002355167917 0.0263703378957868 -0.0139634444533297 -0.0881977215848246 -0.112158414797568 -0.187670340284992 -0.185277195233295 -0.208921827505027 -0.17540561050392 -0.100825080964227 -0.0333803272983645 -0.230840467658233 -0.345305960347872 -0.440968820274459 -0.445917923546277 -0.527720797975046 -0.558373667879633 -0.577831787769712 -0.543467774927965 -0.527605796351447 -0.404060697364499 -0.451958959012197 0.0975018311888786
-9999 -9999 -9999 -9999 -9999 -9999 -9999 -9999 -9999 -9999 -9999 -9999 0.127705408997304 0.0761045593147062 -0.00630345355909889 -0.0782907203493253 -0.103884182839798 -0.207377387978147 -0.110170764505421 -0.00905931353714862 0.0837360334632816 0.28306210093361 0.174250620730921 0.0967122113127619 0.0909299691028901 0.0358990923085106 -0.0351699948129272 -0.0729831676901124 -0.0871474232336661 -0.0871148687587674 -0.124128817138628 -0.146880283615801 -0.145310734391778 -0.119283965784189 -0.0675701816438938 -0.0418301218105823 -0.180513260428008 -0.34227962386915 -0.393538081767727 -0.452491166042642 -0.451447783355217 -0.562562827244861 -0.526203307175675 -0.546826189208995 -0.531681114718174 -0.478744283413189 -0.37878323896703 -0.0296478738535706
-9999 -9999 -9999 -9999 -9999 -9999 -9999 -9999 -9999 -9999 -9999 -9999 0.0858381727281589 -0.054095820509417 -0.1536980370837 -0.193669795248272 -0.261143114529583 -0.344583705549601 -0.316498545894471 -0.18932408530358 -0.0338667199433774 0.108909909995702 0.0914642401279849 0.076545996603666 0.069781750187115 0.0502047369139568 0.041616810110892 -0.0881395327313437 -0.137246409195345 -0.156694389785081 -0.107035311390163 -0.0467816909006037 -0.0603657374763198 -0.0171652625361544 0.0477877225185233 0.14957488213964 0.0400270044847437 -0.227191862317933 -0.25975623550402 -0.347545893541512 -0.391109652191747 -0.486132688550521 -0.347436763690996 -0.465724251171151 -0.428460884026993 -0.13802508379251 -0.0239296479041788 0.112976517439672
-9999 -9999 -9999 -9999 -9999 -9999 -9999 -9999 -9999 -9999 -9999 -9999 0.023059869183149 -0.15079163075063 -0.20503254925233 -0.184665503801165 -0.277060686242602 -0.399631998987525 -0.3312354535676 -0.326276873896759 -0.285203497264111 -0.130321505049037 -0.0155384983635211 0.069983576925367 0.0781651457334349 0.0716999971452095 0.0671472162998162 -0.0290037168207054 -0.110425364288883 -0.142415318692838 -0.122724687502478 -0.0669031256097333 0.0112065825527058 0.0712818964671706 0.141539527847516 0.129382367369259 0.0715110128575893 0.0115435529800044 -0.00914342497304791 -0.148721520062489 -0.3026770633244 -0.33428164130555 -0.226030853317645 -0.24717933222679 -0.0917898473750853 -0.0381286093562185 0.290380368926931 0.313832857734365
-9999 -9999 -9999 -9999 -9999 -9999 -9999 -9999 -9999 -9999 -9999 -9999 0.0234025396709742 -0.198263909213844 -0.181569438516771 -0.231335069394756 -0.319042952497245 -0.452460616858479 -0.411350444044583 -0.362756481346592 -0.358509711217572 -0.304688106454455 -0.136552234490456 0.00667771387494151 0.0702604282353907 0.0811270852283492 0.0631942352789219 0.0639598808812257 0.0892504081803608 -0.0611301391918493 -0.0554131660865054 0.0174866801854557 0.0713532123880026 0.0672185362648683 0.140050599147017 0.0781674345423397 0.0250594583927721 -0.00131957342566081 0.00169521660230747 -0.104883030912364 -0.147660255722692 -0.019919731682548 -0.0195899238259085 -0.0456253922434922 0.221817316635818 0.3674239329979 0.417440502900304 0.501015719061861
-9999 -9999 -9999 -9999 -9999 -9999 -9999 -9999 -9999 -9999 -9999 -9999 -9999 -0.185267731843573 -0.211758517553107 -0.245989454029749 -0.360104131952114 -0.452581558567083 -0.409261235654222 -0.402462174930711 -0.375740070913694 -0.318391288366049 -0.178786913571414 -0.0532090511230684 0.124309433647835 0.146681464075206 0.103293636966646 0.0464815935349914 0.0138719925648665 -0.0300074998666628 0.0682671927902117 0.12568478507177 0.077886506952286 0.0362062625242022 0.095743443715489 0.0591791262127335 -0.00531831191246627 -0.0529306883789034 -0.0182993222498061 0.00243055746345897 0.041121318723708 0.151882855992409 0.166610610205984 0.20888695605078 -9999 0.124536290735785 0.0084281638452179 0.267322370406101
-9999 -9999 -9999 -9999 -9999 -9999 -9999 -9999 -9999 -9999 -9999 -9999 -9999 -0.209423607927908 -0.231788069445749 -0.242892626053938 -0.326459652249194 -0.386837257070818 -0.349086007677772 -0.351701090272951 -0.316941428107421 -0.247710205199799 -0.122954876940591 0.0134104561005813 0.10042697919825 0.101229831214503 0.03729414151879 -0.032777196841327 -0.0965151871961965 -0.0912508979510517 -0.0336883023779332 0.0910282905807957 0.130916692435038 0.0742216146696741 0.0469320362663877 0.0384826614832563 -0.0321546304431188 -0.101792686404816 -0.0282539624428166 -0.032874100909457 0.0310719368365372 0.174764525392441 0.226414906388932 0.284077193171621 0.190609384122954 0.195059163785155 -0.0274009407891507 0.227216101065334
