data/rasters/s1.29.06.cu.3_xyz_08_.asc
NCOLS 100 
NROWS 100 
XLLCORNER -4 
YLLCORNER -4 
CELLSIZE 0.08 
NODATA_value -9999 
[rows 63 to 83 of 100, columns 0 to 47 of 100]
-9999 -9999 -9999 -9999 -9999 -9999 -9999 -9999 -9999 -9999 -9999 -9999 -9999 0.0687983734066925 0.0882391724137638 0.0339143357955753 -0.039481106459003 0.0108986357289757 0.160821407901976 0.178085865976601 0.20964589303463 0.199411943803895 0.258794623861214 0.273459422331489 0.176687647164696 0.14069744170862 0.0612987621278854 -0.0392895314693205 -0.0424582633647938 0.0781705534615456 0.148118459297474 0.199569018077511 0.246165772064701 0.20775427367706 0.185046067004856 0.0318110454447982 -0.0118459815106396 -0.115123739781978 -0.135892035519194 -0.0453453691997912 -0.141012424983526 -0.155758702421264 -0.0573542706605807 -0.092517044473297 -0.146612883411781 -0.215710848177259 -0.231856571109606 -0.25732061307363
-9999 -9999 -9999 -9999 -9999 -9999 -9999 -9999 -9999 -9999 -9999 -9999 -9999 -9999 0.065951962311231 0.0584167279377381 0.0252881384240526 0.0212373047709798 0.106888133926191 0.215407619108349 0.259187250899488 0.260865857563591 0.265576292241088 0.299333340736157 0.225541024277883 0.138470762821292 0.0785917378397432 -0.0192455068224581 0.0261479169861181 0.120262077381115 0.111107677986602 0.0938227369095041 0.111350898911761 0.0774928634321244 -0.00868594428021507 -0.0685219379291839 -0.153712893348663 -0.204584250294594 -0.219513690911529 -0.22204196120997 -0.197698824686919 -0.0678732827824423 -0.00592389480733536 -0.0559086519379824 -0.135443616799145 -0.164009291651851 -0.203190488475247 -0.171187082635369
-9999 -9999 -9999 -9999 -9999 -9999 -9999 -9999 -9999 -9999 -9999 -9999 -9999 -9999 0.0624659358143288 0.0550004059445174 0.0566561097449999 0.00832930205496624 0.0917629110952349 0.187859100154549 0.279889638068447 0.279610179487951 0.290726720222077 0.235083717159567 0.19392129805372 0.178197970311975 0.122745899285205 -0.0156675374396909 0.0015709622718185 0.0972728615986761 0.1335459914305 0.106406157704086 0.112862322766381 0.0982289334652215 -0.0136659375206203 -0.152509815762555 -0.237143582631731 -0.281423566393039 -0.238582093448781 -0.239603934507506 -0.214502728865685 0.00304590562379377 0.0940585852728407 0.0101054937925991 -0.108154742122042 -0.153286111591261 -0.211263132140558 -0.193342182430607
-9999 -9999 -9999 -9999 -9999 -9999 -9999 -9999 -9999 -9999 -9999 -9999 -9999 -9999 0.0839625947395764 0.123913461008817 0.0956923686047035 0.0306852704374516 0.125844742511339 0.189158607760966 0.248245736548256 0.256317934012723 0.215728609018081 0.21508805298327 0.120745584179697 0.130261025856205 -0.00984861381271966 -0.0355823983044715 0.0603689571555828 0.0995079781397947 0.135275590622362 0.124956312694114 0.155212658388502 0.0635949350826572 -0.0116587465458064 -0.0554693091503209 -0.171161785108291 -0.17038222342595 -0.145445672107577 -0.233829237016004 -0.120842367563893 -0.0644683334518238 0.0517941549959354 0.00274839053076183 -0.0742520338027873 -0.096904590289192 -0.183789848008241 -0.183818589259875
-9999 -9999 -9999 -9999 -9999 -9999 -9999 -9999 -9999 -9999 -9999 -9999 -9999 -9999 -9999 0.0562426656704448 0.0697413150170207 0.0501747752432139 0.11476297634692 0.184375253952601 0.219493239200771 0.175112742544313 0.094271394205073 0.141757894213253 0.069182735919759 -0.00456298571258236 -0.00865948401613522 -0.0172431429384114 0.0219364758226866 0.0663583477544812 0.129965237957664 0.151941055828865 0.119278810950675 0.0811022581440447 0.0586103009929411 -0.0716076247380309 -0.158999010503429 -0.133867741056036 -0.105650225302814 0.0462241186645592 0.00652878989012643 -0.00105776163525304 -0.0174138723389568 -0.0200491120612319 -7.11858133136525e-05 -0.0844772479041755 -0.129065220291692 -0.0663624534767239
-9999 -9999 -9999 -9999 -9999 -9999 -9999 -9999 -9999 -9999 -9999 -9999 -9999 -9999 -9999 -9999 0.0901752578702116 0.166548817819496 0.231111931466938 0.255805399542851 0.234402508029793 0.173123944262707 0.107356051281457 0.0759804241177214 0.012699273464211 -0.066460943435736 -0.111621690047455 -0.0887862990459691 0.0311148592073878 0.0801458000469188 0.116205361969712 0.12281801166898 0.0994024819867953 0.0130493328431927 0.0327485566567721 -0.0749039654699104 -0.0572144189787086 -0.0232141913094578 0.00777136643778735 0.0297463297068653 0.0281591749874737 -0.0154000649561923 -0.0254829420632531 -0.0447966115120343 0.00859910879494187 -0.0627672245476111 -0.0818727390611836 -0.0279830857314059
-9999 -9999 -9999 -9999 -9999 -9999 -9999 -9999 -9999 -9999 -9999 -9999 -9999 -9999 -9999 -9999 0.213024222330635 0.274887756619719 0.284907001038839 0.306434429017906 0.277689799536674 0.268269708176481 0.194050818144208 0.164909334595026 -0.00329672199052796 -0.108066108286333 -0.0778765793714202 -0.0308403976578758 0.0463878437722546 0.0500985815301855 0.0788743603300575 -0.00151406875685936 0.0209224286140941 -0.0793337010723555 -0.101158124388903 -0.0495205972526411 -0.00768422994867281 -0.00467201440822012 0.0339513685220812 0.0233228469380441 -0.0313272873438002 -0.00817868842688445 -0.00986775475531292 -0.0565881260615982 0.0388637291841212 -0.101360135175253 -0.0963731822329559 -0.0627042212233375
-9999 -9999 -9999 -9999 -9999 -9999 -9999 -9999 -9999 -9999 -9999 -9999 -9999 -9999 -9999 -9999 -9999 0.300501381103872 0.310608242567467 0.291054994124354 0.331689431751396 0.300362477205402 0.200355309678168 0.145056360611343 0.029425751685947 0.0278319823700738 0.0299814145949979 0.016017371515261 0.0238668376550583 0.0215057650298495 -0.0103357133023472 0.0361764272275674 -0.0166322260891632 -0.220779491512992 -0.136943806779202 -0.0537667380852461 -0.0179344454354072 -0.0242486809305112 0.0273730543441363 -0.0315537185378475 -0.0308102318055938 -0.045149042166053 0.0286768733357191 -0.00731498097443412 0.0276441768008867 -0.0331390690120352 -0.092375227189403 -0.103100284374166
-9999 -9999 -9999 -9999 -9999 -9999 -9999 -9999 -9999 -9999 -9999 -9999 -9999 -9999 -9999 -9999 -9999 0.281067635320445 0.327626091237821 0.374275193787083 0.393094769186589 0.321180634576763 0.26592360024752 0.253755860825108 0.123560357348525 0.0848727609292567 0.0778908255363421 0.0463022079748896 0.0104091065611659 0.0105139594473018 0.0126450647288061 -0.0326836931728411 -0.155697544921217 -0.209272511166465 -0.212552481967069 -0.136182013408698 -0.0945761004023713 -0.0812046946524836 -0.0229595763570478 -0.0599716000404415 -0.0876019258953324 -0.10458423665211 -0.0260395649825582 0.0168389797204352 0.0870967533223872 0.0304247647305124 -0.0220195482691954 0.00584718593021423
-9999 -9999 -9999 -9999 -9999 -9999 -9999 -9999 -9999 -9999 -9999 -9999 -9999 -9999 -9999 -9999 -9999 -9999 0.343572017001017 0.375939984894557 0.377729324570271 0.335557022878751 0.324718497771923 0.298786730688755 0.255662875251317 0.150843586741201 0.150177102911659 0.134805008177693 0.109220909009493 0.126578652065725 0.00300840600698007 -0.0810172735207611 -0.147945182327599 -0.207538986955545 -0.216694611121871 -0.241466150051573 -0.15821465980675 -0.0947667915782283 -0.0995058639596345 -0.113608022577754 -0.0960114458496043 -0.110234801515149 -0.0594468335594515 0.0460780363613918 0.0755514938620209 0.103703952311235 0.088417307586071 0.0936513663425478
-9999 -9999 -9999 -9999 -9999 -9999 -9999 -9999 -9999 -9999 -9999 -9999 -9999 -9999 -9999 -9999 -9999 -9999 -9999 0.352232815225207 0.350141304649182 0.308922174888054 0.308185780873643 0.263944900692308 0.253271303663778 0.159459968857995 0.16767280918207 0.159790946802387 0.159605802677193 0.15163644742957 -0.000907585996090315 -0.0426560538727138 -0.131004686819981 -0.184964712347073 -0.158585874056732 -0.187224852238879 -0.0904288635577712 -0.114669466244505 -0.130696442735252 -0.137919981234053 -0.0237744065404986 -0.0509451407007749 0.00600838978565622 0.0778517250521447 0.108976570773584 0.116267643249679 0.145056419479454 0.0796066938499066
-9999 -9999 -9999 -9999 -9999 -9999 -9999 -9999 -9999 -9999 -9999 -9999 -9999 -9999 -9999 -9999 -9999 -9999 -9999 0.329634723624118 0.307849945990415 0.262903661155043 0.25874285108673 0.241198502589379 0.221801466262202 0.200571321114743 0.14564249583902 0.185502497060477 0.1703296579169 0.133038088134182 0.0662520850535945 -0.0457550047892326 -0.143230033604365 -0.127636272831042 -0.0240299911900612 -0.0404036512881185 -0.123544402218115 -0.177666891321104 -0.26447170807321 -0.255729936257198 -0.0817066964296656 -0.0414058723299984 0.0418895551443195 0.0826733033569356 0.127995608361077 0.115610255944089 0.107455952904263 0.0570697081722025
-9999 -9999 -9999 -9999 -9999 -9999 -9999 -9999 -9999 -9999 -9999 -9999 -9999 -9999 -9999 -9999 -9999 -9999 -9999 -9999 0.311364666491732 0.196250433076672 0.2101065536911 0.159575172994923 0.194323362105749 0.166130837821637 0.157174822626872 0.186777013271867 0.114505875088667 0.0635452098080859 -0.0795283161117433 -0.133675311128007 -0.157867972056646 -0.117865801868196 -0.0376708612990837 -0.00292923067722771 -0.165356578713597 -0.143474733961237 -0.155157132127708 -0.211366591081228 -0.162280284122247 -0.139656960499513 -0.0444600531887763 0.00245636587500745 0.0434266532898318 0.0530621771138675 0.0307015079532391 -0.0111235821831561
-9999 -9999 -9999 -9999 -9999 -9999 -9999 -9999 -9999 -9999 -9999 -9999 -9999 -9999 -9999 -9999 -9999 -9999 -9999 -9999 -9999 0.185927613194416 0.173070735467438 0.141868058411961 0.11546107989555 0.113597563152744 0.0911247349291018 0.0614544765120629 0.0825134726650559 0.066256960750793 -0.0656254843712838 -0.0470198275678531 -0.137499512943307 -0.162435659634307 -0.0977433270543909 -0.0596414828483447 -0.12283143081849 -0.107644657583731 -0.0302604057745098 -0.0865659652928143 -0.117365117081759 -0.0771519039860181 -0.020636747156463 -0.0240674672598436 -0.0470791963337268 -0.0268646989848891 -0.0091195393857192 -0.0621421442851489
-9999 -9999 -9999 -9999 -9999 -9999 -9999 -9999 -9999 -9999 -9999 -9999 -9999 -9999 -9999 -9999 -9999 -9999 -9999 -9999 -9999 -9999 0.116686870273364 0.0904368220001828 0.0817300903578487 0.0427628542643862 0.0582182761502114 0.0625020215019871 0.0167535581030615 0.0102072442182752 -0.101020619460833 -0.123411922396767 -0.130189161465706 -0.136352901280007 -0.125426489343524 -0.107352495487095 -0.077888729482433 -0.0564598430862567 -0.0199702593422225 -0.00427897481300826 -0.0613140616296569 -0.0794490869500426 -0.062969651495273 -0.0721700935327506 -0.141245959937353 -0.0897985559985843 -0.137243468724785 -0.179195255325029
-9999 -9999 -9999 -9999 -9999 -9999 -9999 -9999 -9999 -9999 -9999 -9999 -9999 -9999 -9999 -9999 -9999 -9999 -9999 -9999 -9999 -9999 -9999 0.0677135944212334 0.0572269383415035 0.03027805548255 0.0514286746986708 0.0643306687428705 0.0510444882138978 -0.0386403567600801 -0.106248066000514 -0.169183795260635 -0.125476400817058 -0.144389271364226 -0.12277947009033 -0.0987734045205049 -0.0639255003850227 -0.027767533790219 0.0106723059435072 0.0128991083262346 0.0105286807008301 -0.049937701892655 -0.102973764652877 -0.0675990538475459 -0.0608890953600376 -0.0865595262014355 -0.065785209602809 -0.200027491550185
-9999 -9999 -9999 -9999 -9999 -9999 -9999 -9999 -9999 -9999 -9999 -9999 -9999 -9999 -9999 -9999 -9999 -9999 -9999 -9999 -9999 -9999 -9999 -9999 0.0177812579571778 -0.035413582793705 0.00106102734762327 0.0134185428096989 0.0210705797953681 -0.0372152585328754 -0.219404090970417 -0.245095772898677 -0.195879463229911 -0.181818978476406 -0.13919762817946 -0.120788898270996 -0.115946279660628 -0.0989597210675826 -0.0268463626252064 0.0226343776102468 0.0935263767802139 0.0281665221700678 -0.0366524514986301 0.0578211978915715 0.00307118667293701 -0.00656854561392123 -0.0351578156634532 -0.133738699567844
-9999 -9999 -9999 -9999 -9999 -9999 -9999 -9999 -9999 -9999 -9999 -9999 -9999 -9999 -9999 -9999 -9999 -9999 -9999 -9999 -9999 -9999 -9999 -9999 -9999 -0.0336155529722368 0.00726250702334857 0.0669328074451232 0.00303674215858152 -0.0540103292793375 -0.183559464722881 -0.237131485327291 -0.210607890967772 -0.21466832396045 -0.153161437950164 -0.171557972210424 -0.160420697501255 -0.124385844250335 -0.0134376441591541 0.0120498917041542 0.0651508737439051 0.114778870026186 0.0257055676446133 0.0145830385093212 -0.00131560011912031 0.0340748212336414 -0.0741456004206851 -0.0938797768722293
-9999 -9999 -9999 -9999 -9999 -9999 -9999 -9999 -9999 -9999 -9999 -9999 -9999 -9999 -9999 -9999 -9999 -9999 -9999 -9999 -9999 -9999 -9999 -9999 -9999 -9999 -9999 0.0531546216361203 -0.0307675306180004 -0.100858321774264 -0.149948899188661 -0.200137875676409 -0.184340608283425 -0.177934687296444 -0.155173114561344 -0.125031531828098 -0.150369018902792 -0.077650235520014 -0.0317148001954758 0.0107076669084777 0.0331598906163658 0.0696354424570491 0.0472963413307133 0.0129738941744246 -0.0820864712882141 -0.134165074979794 -0.0756060885793106 -0.0344940018818008
-9999 -9999 -9999 -9999 -9999 -9999 -9999 -9999 -9999 -9999 -9999 -9999 -9999 -9999 -9999 -9999 -9999 -9999 -9999 -9999 -9999 -9999 -9999 -9999 -9999 -9999 -9999 -9999 -0.0617404854668228 -0.0810321004731618 -0.138741752432124 -0.19113155922901 -0.145087484833854 -0.149828963831928 -0.0655107613653945 -0.181591874260298 -0.202231118187027 -0.123890812231798 -0.0455567585648046 -0.0425218870241113 -0.00385079724472598 0.0373821712415396 0.00544725457007899 -0.0969886923709388 -0.150174936148317 -0.175076162867893 -0.0934085119056445 -0.0375387323352279
-9999 -9999 -9999 -9999 -9999 -9999 -9999 -9999 -9999 -9999 -9999 -9999 -9999 -9999 -9999 -9999 -9999 -9999 -9999 -9999 -9999 -9999 -9999 -9999 -9999 -9999 -9999 -9999 -9999 -9999 -0.137908975373539 -0.125635271589084 -0.145931208835928 -0.135844073382965 -0.0693978646323682 -0.119479366951382 -0.145560808578439 -0.101202183505171 -0.111838412444031 -0.129414732362189 -0.0742839392735815 -0.053352427538304 -0.0190827996271877 -0.125077948711766 -0.158142597915953 -0.149328220840265 -0.0513666222658208 0.0149036527770001
