data/rasters/s1.29.06.cu.2_xyz_08_.asc
NCOLS 100 
NROWS 100 
XLLCORNER -4 
YLLCORNER -4 
CELLSIZE 0.08 
NODATA_value -9999 
[rows 42 to 62 of 100, columns 47 to 93 of 100]
-0.252945573559389 -0.0825395301778688 -0.0496508625538465 -0.104508677932375 -0.120291016986392 -0.139544648936115 -0.172591527933039 -0.164918518926209 -0.0990618571807919 -0.100337796567567 -0.0404725400156728 -0.00619035476869888 -0.0451022888693658 -0.127439638084967 -0.194275299294768 -0.199639120429433 -0.0915891639556435 -0.0577825408413074 -0.0334309581572527 -0.00802363748658916 -0.0612770450622886 -0.128369290857065 -0.113817744949522 -0.211786615013774 -0.388377199781564 -0.280519181379273 -0.339188683108863 -0.280382854375948 -0.251131955321967 -0.259057620126498 -0.210099494066464 -0.156948495255694 -0.153206570032166 -0.146570647163693 -0.14837698805525 -0.235770482260764 -0.237934472059508 -0.206784245324966 -0.161333117119005 -0.134114298550184 -0.017262546722591 -9999 -9999 -9999 -9999 -9999 -9999
-0.1281981576904 -0.078801382780338 -0.0352024447259354 -0.0286152467105822 -0.0445342310197037 -0.0128593427236035 -0.0754839363329499 -0.133782094235271 -0.0740082313002406 -0.0606697622884523 -0.0493354050448784 0.0213209222807917 -0.0295321444258792 -0.0676283545800885 -0.185061447105122 -0.215758652178634 -0.189181470428751 -0.134749356029472 -0.113975914812248 -0.121784465679898 -0.067724550335888 -0.165196984628443 -0.119492454421295 -0.209686298093699 -0.260022192182954 -0.317865342952784 -0.325569258994753 -0.287370263562737 -0.244446148491387 -0.211218031921431 -0.189333844949452 -0.132568105631847 -0.154575138658634 -0.213169390615683 -0.262162217058979 -0.275997388906802 -0.248889722690216 -0.208771613260181 -0.210774047795492 -0.0993774082187891 -0.00123493638875549 0.116621491311374 -9999 -9999 -9999 -9999 -9999
-0.00112005990019366 -0.0194077600574048 0.0311211797929345 0.0173121247914164 -0.0226655543180312 -0.0600457568412146 -0.11374816604583 -0.110230597685477 -0.0679159373562555 -0.0679845501855425 -0.112742437363752 -0.146489785277448 -0.0963751609590861 -0.161107627244455 -0.367526426314008 -0.37463014449032 -0.322396528101039 -0.178377878445519 -0.14149625900667 -0.0978397528359901 -0.101360789984738 -0.129806977271571 -0.143459045193943 -0.162605990951654 -0.208939693782299 -0.308603744191788 -0.261472376469398 -0.223369292253388 -0.263120725689185 -0.219049969598295 -0.208451204830627 -0.12801687051548 -0.213259521670925 -0.249958421704583 -0.347676208992283 -0.397945278059852 -0.297756254400038 -0.301870769953799 -0.203645959732742 -0.0557831054723917 -0.0176768699305014 0.0497037880424625 -9999 -9999 -9999 -9999 -9999
-0.0381591989048089 -0.0180837875183341 -0.0206285712935974 -0.0497282852756545 -0.100487497011915 -0.112432893088006 -0.132075419779399 -0.139347968260953 -0.126973199954199 -0.134909472761423 -0.147848271405562 -0.157177884429609 -0.224281542849847 -0.311231902630022 -0.376261074389282 -0.355189446299489 -0.365162058933806 -0.346997509822003 -0.268582956533827 -0.227608831685319 -0.164412087733425 -0.207559068464327 -0.216596357092846 -0.188289593739612 -0.191026434513328 -0.18055573440626 -0.145795570038994 -0.12805503221488 -0.138798856559308 -0.233389270905755 -0.25471240704388 -0.209780921129298 -0.241889439854928 -0.335823749254561 -0.396033415922163 -0.407156589406878 -0.473053083597404 -0.380403080913123 -0.187973097188327 -0.0817267983884755 -0.0563244723986876 0.00909988330006612 -9999 -9999 -9999 -9999 -9999
-0.0410472445763246 -0.0829013333766597 -0.100070499123279 -0.115979362606735 -0.140344383082857 -0.139947607287868 -0.14253003554739 -0.130903217726562 -0.211885512584868 -0.185140470683182 -0.137157425043606 -0.156967651162191 -0.290288647604607 -0.294180301605331 -0.306879232905006 -0.351120422417737 -0.36787954376669 -0.376454246957541 -0.345332158354301 -0.269698454379788 -0.277325802951404 -0.302381688420285 -0.31751585134168 -0.234534969286852 -0.151349947802985 -0.118087923084824 -0.056202478291882 -0.0598759959936564 -0.0954002111306773 -0.160000543320253 -0.274744080476789 -0.432344758552768 -0.46551076353335 -0.574296986405735 -0.575974422963382 -0.689997485983679 -0.490088506207818 -0.41095753402286 -0.264011592954124 -0.131641536860851 -0.0600488110448592 -0.00291480768203232 -9999 -9999 -9999 -9999 -9999
-0.0346066479680075 -0.0362549939303491 -0.0680249322408032 -0.134124004074913 -0.142156207687315 -0.103076092116947 -0.0533414036802176 -0.0411054942657322 -0.0283839388009142 -0.138415192957446 -0.0547228161478024 -0.129401165337674 -0.254016700208242 -0.362035690658084 -0.305566602760731 -0.321652412388144 -0.319518997371375 -0.306994317951475 -0.471772691845018 -0.333122870904008 -0.366241901559846 -0.354533104364962 -0.317821462846538 -0.237379126286958 -0.214247008454102 -0.155991302448633 -0.0354942459821326 -0.0613837397473241 -0.112684554272131 -0.149753191686663 -0.257329387365156 -0.283148165497134 -0.390447145051584 -0.548977466067711 -0.587064039648338 -0.579150838643606 -0.491638400039466 -0.471072994102113 -0.377135408607322 -0.16184057285885 -0.0784720039710042 -0.093017965166299 -9999 -9999 -9999 -9999 -9999
-0.0409645385864612 -0.0250771977146264 -0.033978208345588 -0.065963790980109 -0.0963664556471436 -0.0986588201965534 0.105428043732159 0.13329782556478 0.147541863217812 0.0458771646985668 0.063931729058871 0.0119518821345703 -0.161289948612967 -0.363645614983961 -0.326989022726453 -0.26547010831705 -0.250510492138383 -0.285498542742233 -0.447969982575693 -0.389793386559457 -0.383526277432504 -0.383242682615849 -0.341169723254749 -0.272456329386853 -0.144520256553415 -0.114349468718796 -0.0999576018725212 -0.104945184056582 -0.165307649689225 -0.190130801156584 -0.217709993497162 -0.24444173409406 -0.179396441181311 -0.1895267010862 -0.345673570485745 -0.293002463555398 -0.425786112753977 -0.432077176626668 -0.526926520366904 -0.288823016491343 -0.197075492022791 -0.217546151864361 -9999 -9999 -9999 -9999 -9999
-0.0205635049013344 0.0165873421533303 0.0169108659153578 0.0284448948812747 0.0389827308825897 -0.0662332335699094 0.133815118783709 0.188990684554165 0.21697117419143 0.152479037665874 0.1318808832651 -0.0321600144343537 -0.197575549137389 -0.449147848683483 -0.339424985925836 -0.328066274985737 -0.297928011226682 -0.330620256282662 -0.44397689628144 -0.413512756911397 -0.385167140051598 -0.412029245941659 -0.458908867898168 -0.374834312242421 -0.206404111639531 -0.12591538928755 -0.171659036482757 -0.216319642070862 -0.200471253227594 -0.19880754331663 -0.194306138604108 -0.158657814335434 -0.0319016633104509 -0.109922098028686 -0.129296721450696 -0.212218195294879 -0.263825817069987 -0.244889617401858 -0.355400030643889 -0.277780730464161 -0.2193753414961 -0.0161793028013412 -9999 -9999 -9999 -9999 -9999
0.0606643205685325 0.0590232566075485 0.0806313899344017 0.158941553435966 0.222608755218328 0.153036528331463 0.19938337881864 0.233731262777219 0.224104485202451 0.189879805277915 0.110399014313649 -0.0259955607318698 -0.233917878168186 -0.41790262806151 -0.480020075494418 -0.376753669831542 -0.329462662701788 -0.223610574078816 -0.361764885583481 -0.398717840140609 -0.35715555462799 -0.353854597071444 -0.371145568340602 -0.296580208918146 -0.133436901547794 -0.0820563124659118 -0.152624253713213 -0.272168696526324 -0.250679987608643 -0.1621625940413 -0.132829672395066 -0.14352450660268 0.0150587110705385 0.00334029864638898 -0.000495298970460067 -0.125798143218756 -0.123691640575988 -0.173639458820837 -0.234186003348749 -0.311950403700339 -0.239939891368535 -0.117130169492079 -9999 -9999 -9999 -9999 -9999
0.116597304986367 0.0907427601741732 0.0973256997929894 0.093238146168569 0.190668561283509 0.179718484843039 0.2580678645377 0.254026420872805 0.235685580248215 0.230665510917807 0.161782507764755 -0.133178850412489 -0.350731261576544 -0.500696383269544 -0.399882858407898 -0.32986092935063 -0.248722545720387 -0.167330660429186 -0.107150565919155 -0.18718021605424 -0.22361953532444 -0.19426746641866 -0.385320334977302 -0.306361054534733 -0.146283874256572 -0.0881571983583391 -0.197164721652273 -0.324627341627304 -0.290778650028846 -0.175337724300669 -0.0322212670458451 0.002356681386698 0.0432643849005691 0.0416589682374363 0.105701264824344 0.086930611729914 0.0459624172957326 -0.0794802924755622 -0.221460607143284 -0.217938840862989 -0.11322844222677 -0.0831361088189948 -9999 -9999 -9999 -9999 -9999
0.227087467543232 0.139532636123554 0.0937223818898404 0.0653434516502563 0.0864108918159745 0.100194164437291 0.186323897162996 0.184400359245839 0.234456521219632 0.177424453556597 0.096049828427851 -0.0529609413372551 -0.242860150914409 -0.426044657972923 -0.355425575243387 -0.215915041205239 -0.290401333204438 -0.0108643109792008 0.0273496800719787 -0.00671869118888275 -0.145939528600133 -0.16820341060895 -0.373124271165699 -0.343185749311137 -0.215545482601405 -0.255746134531037 -0.234680238966513 -0.426726461676779 -0.310199233591978 -0.184677592710622 0.0308062415829106 0.0134000335798884 0.0778234562650192 0.118741899598114 0.168039944915998 0.131919926739921 0.0156326972199719 -0.0937748116031839 -0.142817337053328 -0.179356792890895 -0.174433985985907 -0.0854137415618961 -9999 -9999 -9999 -9999 -9999
0.229986289534702 0.125152804785138 0.0763599331455801 0.0671645583027548 0.0919090077881115 0.131896059175111 0.190876026406494 0.271010181528452 0.256449457898734 0.250500478966308 0.147019216531398 0.00753471540192885 -0.0809883052568657 -0.223596302735455 -0.288626362727362 -0.0799634167005924 -0.0140303751277155 -0.00769643072441378 0.0435204345819185 0.0600478157852204 -0.000681661843530763 -0.205958878824325 -0.377436711868277 -0.393442298828145 -0.308475131722043 -0.298036997708353 -0.273124019354318 -0.379273006938872 -0.16700695815757 -0.19590630895012 0.0145868666447325 0.0960039832352235 0.115882278933173 0.121062290443648 0.148047811326477 0.0973763429398295 0.038401139965748 -0.0299485312144614 -0.131582666915112 -0.245497625744888 -0.359802639818055 -0.2618327853796 -9999 -9999 -9999 -9999 -9999
0.174037936919578 0.121429573312282 0.0682040320018893 0.0422604931786271 0.029383794603442 0.0678401330067509 0.185480050075241 0.225967060823696 0.254995460302223 0.204829757195665 0.114838179154851 -0.00851023032385691 -0.145370119890166 -0.263651666519763 -0.101463956873476 -0.00976090191769742 0.00964522107434132 -0.0311107584026132 0.0235798356396487 -0.0110569590957168 -0.0182357677431626 -0.165614587038448 -0.194510458524325 -0.308890568379176 -0.336782723924574 -0.269420628549403 -0.264649781208204 -0.321351306462748 -0.250642248597903 -0.143954162499871 0.0285783059826693 0.111404688953302 0.138614519499151 0.135479470417552 0.116537327101681 0.0256796416723425 -0.0149561798772141 -0.051939448414853 -0.205851714453256 -0.286886744290058 -0.267214240280348 -0.199394264821482 -9999 -9999 -9999 -9999 -9999
0.180316072038711 0.118654600354499 0.0503080931663338 0.0260208871381183 -0.00281813833413642 0.058165975969437 0.192692940621186 0.18550551715408 0.190345920689129 0.0951862824210543 0.0530938485902399 -0.0669739672414533 -0.171427002830572 -0.274826999513832 -0.153738735777944 0.0136133707445768 0.0160074024699901 -0.0850393339704116 -0.0912821815452518 -0.0612852778460425 -0.0443554138289059 -0.0586339051304876 -0.00579690711195505 -0.105176706553183 -0.224946659856824 -0.257936365717606 -0.2459103934116 -0.257817314998294 -0.201147135138918 -0.0745654516257447 -0.0234899423887785 -0.0366322757884841 0.0508769031547605 0.0523705488634566 0.00222976283996841 -0.0828833837516021 -0.0575162056834045 -0.18311297797699 -0.288165314851608 -0.267968462040596 -0.356768139672582 -0.178238031693212 -9999 -9999 -9999 -9999 -9999
0.14124837923813 0.0766187299705637 0.0540230185807103 0.0305075415611765 -0.0191400031582331 -0.0388917836715223 0.00516069954781431 0.0946961385496097 0.0460479392025676 -0.00599830340999733 -0.0993064462302549 -0.195240908024362 -0.22392348729585 -0.288071554390804 -0.293964751421988 -0.172349666831127 -0.0663582610574477 -0.092162397862904 -0.0862083185761383 -0.108673708792541 -0.0493906453998698 -0.115681110030983 -0.0709836768670085 -0.00698336005587121 -0.189575321680275 -0.202469370446816 -0.142417179409942 -0.176593580170747 -0.174646415064987 -0.181789286228859 -0.0854627933712579 -0.10376653905632 -0.0789724967192657 -0.216556916388302 -0.204791228082986 -0.107372917512217 -0.107523490876893 -0.179144234138702 -0.0619803627633219 -0.219781018651781 -0.273151021156689 -0.26250017149692 -9999 -9999 -9999 -9999 -9999
0.120118254057215 0.0671854609335824 0.0254954305684105 0.0098255732210778 -0.0538112785742459 -0.125214710254883 -0.0924819746238782 -0.00441077135274084 0.0165118042131126 0.0396465487409284 -0.0238988547753387 -0.0723162892597555 -0.174250802544159 -0.120111296879075 -0.253719881076735 -0.228963555846654 -0.219746682046009 -0.139674475741386 -0.0606637704020745 -0.0738015762623722 -0.117695036978589 -0.235465065537071 -0.315279276525693 -0.251371258781594 -0.197533915903648 -0.157439141444874 -0.122403266258856 -0.204367510938613 -0.237027452972762 -0.28840305585553 -0.410847974438107 -0.355285090044027 -0.268196350863747 -0.28891536379844 -0.249878027597636 -0.0644552377319492 -0.0695163573151966 0.00349928517125602 0.0363018859995563 -0.0307300820099965 -0.0557743481255767 -9999 -9999 -9999 -9999 -9999 -9999
0.0819693652863927 0.0422926813837301 -0.012845061152365 -0.0222155987023961 -0.0745558402287293 -0.0453110380158269 -0.0399428378585505 0.0465133591861822 0.0479164128086068 0.0755649570027465 0.0436412309464215 -0.0836302163023796 -0.102736247653517 -0.117374825928782 -0.12497359883801 -0.102896797056832 -0.140916356125982 -0.154796193583897 -0.0387488748903939 -0.050149683051908 -0.125429595181394 -0.212841395098614 -0.272976189112564 -0.278502988949517 -0.200831088865211 -0.158932882977381 -0.204398282111137 -0.249876886751343 -0.2338612621228 -0.322288325031541 -0.385962780500374 -0.420058519537254 -0.371991019299523 -0.335943847557091 -0.20815482418527 -0.0810155562132033 0.0893728681046293 0.154481019007979 0.146557705716184 0.154709669683266 0.17325557515857 -9999 -9999 -9999 -9999 -9999 -9999
-0.00387593154758491 -0.042293527705689 -0.0442269711390931 -0.064148183375093 -0.0220824406684822 -0.0130427797136177 -0.0260871830176789 -0.020173032207712 0.0276038315308642 0.0203484723455449 -0.0470849696427921 -0.0627964599202556 -0.0788588421671436 -0.047256487444877 -0.0468459140519157 0.0253118448655881 -0.0716016553176916 -0.0480940406704848 0.0308942709645595 -0.025609214705821 -0.0617976987018278 -0.132401998772985 -0.237210105816422 -0.254658870441261 -0.212199555490152 -0.242224622128553 -0.269867256660483 -0.251980826744805 -0.236750019638959 -0.341187754857449 -0.350877319788918 -0.485906457425792 -0.371899410492528 -0.307793322143573 -0.057665471583382 0.104290878739159 0.177727438556047 0.216521166390545 0.21023309229639 0.273169568867483 0.252947957208705 -9999 -9999 -9999 -9999 -9999 -9999
-0.0717328793389069 -0.0836077508632758 -0.0392106673135454 -0.00801655013596033 0.048135250765101 0.0416658746992063 0.0176708025456924 0.019499142228067 -0.00764256396504119 0.0148479665276913 -0.0663278205873115 -0.190810946336933 -0.124704354760003 -0.100346716797558 0.0290067254562695 0.0600030308500736 0.00750634674113722 -0.070679603929145 0.0321608290998373 -0.0501890071680721 -0.0857497714379419 -0.149222742984057 -0.226011176393863 -0.283096258393058 -0.279001202946203 -0.352000849109251 -0.315616691746796 -0.266803839156877 -0.296451529014511 -0.322022771381181 -0.349223670984046 -0.502260203988278 -0.367323505626742 -0.190423055265208 -0.0597195718820804 0.163599113577542 0.264062878264678 0.29068284715732 0.225877733971124 0.296033507181842 0.316210240232986 -9999 -9999 -9999 -9999 -9999 -9999
-0.126182683961303 -0.05707484266547 0.00178220299556544 0.0562112752866172 0.0621869213447624 0.0211339055177806 0.0398230829245407 0.0498999100184386 0.0461712607617156 0.0169334369573617 -0.0523957106426667 -0.145543138385877 -0.200418539242079 -0.0934116333525518 -0.0020535180369424 0.0826943466528319 0.153806131131836 0.0901725035907075 0.0314113459477229 -0.0150151339076302 -0.0825551267099823 -0.213400743734462 -0.256877017308045 -0.241075015806278 -0.283045812825023 -0.384983774337683 -0.363159420390249 -0.334622405864889 -0.342349725451552 -0.358728225416236 -0.416403636962445 -0.498133350412711 -0.406889594007016 -0.160911322474682 0.110404861369471 0.220132818835425 0.26835436016497 0.319247417383034 0.277909412692008 0.337770183861541 0.310811618248628 -9999 -9999 -9999 -9999 -9999 -9999
-0.159455741503564 -0.0838115726938258 -0.0469519303033994 0.0175106137280371 0.0173031364874263 0.00795735915005905 0.0621934400043458 0.0475839917782121 0.0291672915005575 0.00449883696464427 0.00304458758142381 -0.116335203016598 -0.0533345788610563 -0.0375609211371742 0.108586151577038 0.167101294221765 0.15878930757341 0.102798749960173 0.0837348005014207 -0.140920507516347 -0.211858210856043 -0.266335737204808 -0.194182259407592 -0.178250345453634 -0.262239874741598 -0.335600108710793 -0.177723071959747 -0.307607334840825 -0.408075487149277 -0.38612605430006 -0.417191601744512 -0.443806865243007 -0.346034989739247 -0.12435594980786 0.0944090951475418 0.247184001662733 0.238672363540049 0.239922726682567 0.273427141846598 0.298692613421958 -9999 -9999 -9999 -9999 -9999 -9999 -9999
