data/rasters/s1.29.06.cu.5_xyz_08_.asc
NCOLS 100 
NROWS 100 
XLLCORNER -4 
YLLCORNER -4 
CELLSIZE 0.08 
NODATA_value -9999 
[rows 21 to 41 of 100, columns 0 to 47 of 100]
-9999 -9999 -9999 -9999 -9999 -9999 -9999 -9999 -9999 -9999 -9999 -9999 -9999 -9999 -9999 -9999 -9999 -9999 -9999 -9999 -9999 -9999 -9999 0.258313323024401 0.197768493312981 0.230158230266563 0.182404964482803 0.281886316039897 0.243354851359395 0.175240320821737 0.0629524559291051 0.114449533421201 0.0535601986428274 0.162634108531889 0.171968136798795 0.214307293865196 0.203098434920816 -0.0249048231193082 -0.0985943603582304 -0.111440490006132 -0.116796548068533 -0.14517370765111 -0.144527301907173 -0.102408771110303 0.00916358595443579 0.149172783509393 0.217979784123829 0.243531919162946
-9999 -9999 -9999 -9999 -9999 -9999 -9999 -9999 -9999 -9999 -9999 -9999 -9999 -9999 -9999 -9999 -9999 -9999 -9999 -9999 -9999 -9999 0.181868988628786 0.184104633764466 0.141400385176874 0.19042656293139 0.164964976003581 0.250271209746376 0.249471721950021 0.180498057464768 0.039689340932146 0.0718333460283633 0.0957994693400029 0.237743745814967 0.308942554662927 0.283848452618169 0.378242730621466 0.120218191801044 -0.0157124572686843 -0.0883213269945535 -0.110878717495919 -0.127759677074402 -0.165992016279389 -0.132639284715423 -0.0650468869671929 -0.000820493300196954 0.104072932263115 0.200123646105502
-9999 -9999 -9999 -9999 -9999 -9999 -9999 -9999 -9999 -9999 -9999 -9999 -9999 -9999 -9999 -9999 -9999 -9999 -9999 -9999 -9999 0.223800526687096 0.203387421377544 0.163550688287305 0.162412855236527 0.120878306181366 0.139197801946196 0.156280995197848 0.115263914960071 0.0559359296873697 0.0536462870070579 0.0245968359618036 -0.00930753765370952 0.0716680634133852 0.333346138142653 0.383474494973682 0.238832372590746 0.168210201791205 0.0163437535389304 -0.111128800731466 -0.0969825940390596 -0.129574017202257 -0.173838677640093 -0.151801158294041 -0.0820407132108675 0.0904599158845952 0.144150990436778 0.197987880219395
-9999 -9999 -9999 -9999 -9999 -9999 -9999 -9999 -9999 -9999 -9999 -9999 -9999 -9999 -9999 -9999 -9999 -9999 -9999 -9999 0.277581956656112 0.242685235861928 0.179245843686954 0.153837875493354 0.0856446728410033 0.105407158116252 0.120987617071749 0.168791060710874 0.119662378947853 0.0317470171713419 -0.0291739076811896 -0.0595292603671282 -0.0538800313186412 -0.0116336109103064 0.088225323380197 0.207231077263398 0.189039550080153 0.109230638353607 -0.025454491849571 -0.0582642072371804 -0.0507415233311272 -0.1302230282372 -0.121067104063829 -0.10964494649138 -0.0463780760003532 0.148128761632862 0.168002377150281 0.138859974878823
-9999 -9999 -9999 -9999 -9999 -9999 -9999 -9999 -9999 -9999 -9999 -9999 -9999 -9999 -9999 -9999 -9999 -9999 -9999 -9999 0.329543775016433 0.270127308912327 0.223157327174358 0.227099443922563 0.12719805627972 0.0972495396092237 0.129175130769962 0.131790933751078 0.0684858588252432 0.0267809646823269 -0.0180752376579579 -0.07666896727892 -0.0447689687107433 -0.0249989442548586 0.0310650049566368 0.0830377552549015 0.25600870313595 0.227858649335293 0.00881618824383204 -0.0102807435427297 -0.0142214468051739 -0.0789300437502926 -0.0368257189265215 -0.0131088802968519 -0.0201454814276081 0.15924077130162 0.169424564252084 0.093126095138411
-9999 -9999 -9999 -9999 -9999 -9999 -9999 -9999 -9999 -9999 -9999 -9999 -9999 -9999 -9999 -9999 -9999 -9999 -9999 0.293633257824087 0.366991010553909 0.327985222388569 0.26010797245631 0.236660045993584 0.186008235984562 0.12492804432407 0.140999509975163 0.120565508010089 0.0673425220780489 -0.00229519512325476 -0.0455829729741909 -0.0212401717321948 0.0100390883925394 -0.0482685166448356 -0.0154490232466495 0.032494597080392 0.235316018994391 0.297785165932503 0.138396079623839 -0.0433836931485959 -0.0537088776554843 -0.0897236381377113 -0.048989684193917 -0.0533094581409788 0.011939200074371 0.197681175877686 0.176441635385295 0.074336134275947
-9999 -9999 -9999 -9999 -9999 -9999 -9999 -9999 -9999 -9999 -9999 -9999 -9999 -9999 -9999 -9999 -9999 -9999 -9999 0.20248117480959 0.313702435089145 0.287327075829054 0.243249997337841 0.248363575685536 0.183794616605952 0.154697841625906 0.126714124473739 0.109991861501926 0.0679689815199567 0.0170200981461674 -0.028475349829876 -9999 0.0243000587658291 -0.0158340520011179 0.0508344281017659 0.17119051609221 0.25313801247844 0.118302620296554 0.155310851893966 -0.0164444296578026 -0.0792462622812172 -0.109656819936618 -0.114577502638038 -0.087974037315272 0.0219951784440356 0.0718616024151041 0.100641867330642 -0.0651898933527996
-9999 -9999 -9999 -9999 -9999 -9999 -9999 -9999 -9999 -9999 -9999 -9999 -9999 -9999 -9999 -9999 -9999 -9999 -0.0255146995022702 -0.019889938827198 0.153605075625536 0.15584339355998 0.180243532533287 0.0949412286630185 0.114473720424655 0.150063453171015 0.16340665891038 0.119009200519168 0.0789725005233747 0.0480376344170955 0.0158500021706068 0.00193012576777139 0.0224266968482126 0.0470313099235926 0.0971520031218479 0.186200925032823 0.133551970671012 -0.0158238651709349 -0.069561258409426 -0.0622966134609957 -0.0904972787840748 -0.168345556053539 -0.173055284985741 -0.134303313073922 -0.0497459034491118 -0.0422502151817655 -0.0484560904080955 -0.154549353950871
-9999 -9999 -9999 -9999 -9999 -9999 -9999 -9999 -9999 -9999 -9999 -9999 -9999 -9999 -9999 -9999 -9999 -0.187384930115363 -0.186566955004796 -0.134070855903492 0.0824886387822973 0.107427964491763 0.0327207444086965 0.0306773760834481 0.0409708274726779 0.0605075947813949 0.0487505094171175 0.038352562067356 0.116998859538574 0.108249709377663 0.0755974298290011 0.0772275614421596 0.066930565491117 0.0701654745962088 0.160195842144952 0.256523213465046 0.102102944667452 -0.055193522208978 -0.108400992772364 -0.130338784499025 -0.14927781286495 -0.182607807040963 -0.132709006116844 -0.0626104882747248 -0.0303776040671749 -0.103151375111378 -0.124910356964225 -0.0823382486144686
-9999 -9999 -9999 -9999 -9999 -9999 -9999 -9999 -9999 -9999 -9999 -9999 -9999 -9999 -9999 -9999 -0.224158516875463 -0.216805827413171 -0.195535154544159 -0.15732734035669 -0.0824015514890782 0.0392545766496918 0.0155698585556918 -0.00526513128218401 -0.0316837324078483 -0.0257658062561391 -0.0422671291511732 -0.059153387081802 -0.0276457109120577 0.0378747917039637 0.0336771492645436 0.151388038338636 0.175185538683562 0.112336938136077 0.237066689788164 0.0818031060509649 -0.014829635675908 -0.0659708601991435 -0.0932429257251671 -0.183028506070051 -0.225378965939224 -0.214356353219476 -0.176437876591659 -0.0221930308555366 -0.00508041941635011 -0.212471761942286 -0.164331193978283 -0.194807679398612
-9999 -9999 -9999 -9999 -9999 -9999 -9999 -9999 -9999 -9999 -9999 -9999 -9999 -9999 -9999 -0.244273733695773 -0.236515530956637 -0.236362420175629 -0.239782430993072 -0.072843512738723 -0.0683506965678217 0.0105395698876933 0.028675681905584 0.0210087864314285 -0.0653306741293196 -0.0896957120799043 -0.162170267714313 -0.118630328237838 -0.0416937809746968 -0.0306427864374669 0.000866672609851348 0.129343708179857 0.186911843721201 0.181220970409067 0.154831309720373 0.129708075771151 0.0457004111239778 -0.0558278603411762 -0.0653480095299368 -0.210926910911881 -0.228525280329077 -0.217171714509185 -0.147439833908261 -0.050697614305426 -0.0364763839961535 -0.065825877904508 0.0145741348468515 -0.150621620197595
-9999 -9999 -9999 -9999 -9999 -9999 -9999 -9999 -9999 -9999 -9999 -9999 -9999 -9999 -9999 -0.245781781683789 -0.225926926838635 -0.229344840761859 -0.128775954975376 -0.0588650889750435 -0.106769610788186 -0.0294271905547641 0.0207473181943852 0.010017543317849 -0.0342573264648449 -0.146986345665988 -0.20823921777731 -0.191266959880382 -0.105086639855555 -0.0777236660255245 0.0524909689820552 0.0875451851779808 0.126319978476495 0.151600845105712 0.156218232191754 0.0605898788253557 0.0407759427228962 -0.0738411681347474 -0.123552246023017 -0.203952841310708 -0.174087904946074 -0.191724350328465 -0.116325195812012 -0.0989823095072859 -0.0141123806335612 -0.0748985854835869 0.0100100768676499 0.0327145954652299
-9999 -9999 -9999 -9999 -9999 -9999 -9999 -9999 -9999 -9999 -9999 -9999 -9999 -9999 -0.247820408905524 -0.241032930174784 -0.182244167808623 -0.190194314317298 -0.136075195372219 -0.106127751220605 -0.0618910281648126 -0.00663068030995773 0.0471763097572277 0.0530435070672642 0.0141871166211275 -0.113912326062315 -0.191971997234985 -0.179501915486295 -0.135877948695808 -0.0169666687654827 0.0747158068928523 0.122626679854334 0.0757941078530022 0.0289459344234904 -0.057318075620508 -0.0498659599414342 -0.0266532457176341 -0.0784741581711652 -0.086773297400335 -0.119101607570046 -0.149820807978789 -0.0896763444102903 -0.058379341199922 -0.0326539675469712 0.00471116218156872 -0.0221813198025926 0.111659143184832 0.0895044666129772
-9999 -9999 -9999 -9999 -9999 -9999 -9999 -9999 -9999 -9999 -9999 -9999 -9999 -9999 -0.258364509969932 -0.191647068474393 -0.125731794821741 0.00167192174309405 -0.112494541454105 -0.0423004488045323 0.0692028996627023 0.0517580281026974 0.0967126549903963 0.132496273725572 0.0989528037546125 -0.0711233514239921 -0.149429896702752 -0.0637078433942517 -0.137350216823403 -0.140686006701081 0.048873115108465 0.063813071916806 -0.0434701796278673 -0.0966215120746273 -0.169932231556831 -0.112291256670898 -0.104447950966797 -0.0523602230889591 -0.0494418278540296 -0.164348425496972 -0.129824582297439 -0.0110434416983475 0.0972476900368096 0.0712920597083163 0.0702683782580579 0.118611638549018 0.164873708916345 0.0679692323235461
-9999 -9999 -9999 -9999 -9999 -9999 -9999 -9999 -9999 -9999 -9999 -9999 -9999 -9999 -0.189975796396135 -0.0800761724972912 -0.0614919587723891 -0.043573979365193 0.0194721961781869 0.0463588335228913 -0.0159353000239165 0.0381554497985637 0.101400815385556 0.1531444734179 0.16501661035466 0.0280454490634061 -0.0359425681225084 0.0186656726948704 0.029016815375191 0.0257958582607795 0.109305460237166 0.0172935358030222 -0.0785586904032844 -0.132958925956331 -0.157707314701254 -0.134588017052539 -0.13150260971668 -0.151318611249316 -0.168220767574668 -0.114712580744505 -0.0899923404835028 0.0364514471512299 0.0949858757554958 0.112268335500745 0.104531705593525 0.145766831324183 0.157653226737043 0.0652072956300252
-9999 -9999 -9999 -9999 -9999 -9999 -9999 -9999 -9999 -9999 -9999 -9999 -9999 -0.120643131386269 -0.156166447624465 -0.0335972151418908 0.0254180418331125 -0.039976858233269 -0.0183220315540928 -0.00865291423385346 -0.0330135050945855 -0.0932881511870557 0.0233842502212109 0.139107707757571 0.203618135610543 0.0787648507951672 0.0625696281778449 0.0279680175855623 0.0840376514225409 0.0858055179899993 0.0293231084879805 0.0233639320132904 -0.0405800364027497 -0.0907696205261949 -0.144180726067696 -0.242495989566406 -0.240985992116287 -0.172934475318992 -0.165486269474911 -0.198203543152933 -0.0673581866486124 0.0365624824757456 0.0648610537184105 0.129310296591875 0.156275016067691 0.168741628915846 0.179138948617748 0.0516975561047209
-9999 -9999 -9999 -9999 -9999 -9999 -9999 -9999 -9999 -9999 -9999 -9999 -9999 -0.098979377215518 -0.146980163995554 0.0378989446285987 0.0302006520817846 -0.0496375292893128 -0.110570778899578 -0.00219709163585246 -0.154399332368294 -0.186596576314054 -0.156208566892928 -0.0981064992195625 -0.0774889786995121 -0.0428674277372986 -0.0486481693871666 0.00553879047669488 -0.066805890276499 -0.0797375635870068 -0.0488872676241298 -0.0163878295849354 -0.0193400151662254 -0.0940656960237941 -0.138735866216225 -0.198008149419544 -0.255614883134002 -0.255912420999171 -0.26430425622192 -0.243312435351182 -0.178574524028549 -0.218721275577899 0.128005612906531 0.184498097789472 0.212689850383946 0.246915045310048 0.233381766990314 0.0534717100872537
-9999 -9999 -9999 -9999 -9999 -9999 -9999 -9999 -9999 -9999 -9999 -9999 -9999 -0.0692031506656501 -0.184331317222045 -0.0113918565544464 -0.0361771003766577 -0.153160308562861 -0.170575069408588 -0.139372316048634 -0.224152327248806 -0.231864152683533 -0.193773426844053 -0.221567700626281 -0.0421264063554614 -0.120668421737242 -0.0457997403162875 -0.101835928632713 -0.14001065337494 -0.151008727122107 -0.116110140800728 -0.0635572413402783 -0.00600345793716646 -0.0797731432989783 -0.194980453008254 -0.231823580492027 -0.261483422581231 -0.281726352251871 -0.256332786454358 -0.224668734007564 -0.185661540017178 -0.0623742118544994 0.137531549999496 0.222300928147485 0.217515224604298 0.274838564655177 0.1707144150752 0.0286154362552103
-9999 -9999 -9999 -9999 -9999 -9999 -9999 -9999 -9999 -9999 -9999 -9999 -0.085869913928924 -0.161147898717193 -0.239751801848946 -0.143243402711355 -0.0995438931662087 -0.146007526085846 -0.205006768672012 -0.237762621874121 -0.209458167566919 -0.22632122629043 -0.182534379747912 -0.232934534356271 -0.226957301674244 -0.102577606590978 -0.0643819387850125 -0.145298734920177 -0.189404024175875 -0.195669869124 -0.147945770747158 -0.143055031911003 -0.0305453171880307 -0.0958618696446844 -0.140857541774199 -0.213820630201366 -0.25213210627429 -0.27739155219642 -0.242340104694542 -0.212060951595501 -0.125705716428219 0.0122904334064219 0.108949280772878 0.0960647019148518 0.12078252674888 0.140570681671763 0.0241158126366883 -0.0981315750358572
-9999 -9999 -9999 -9999 -9999 -9999 -9999 -9999 -9999 -9999 -9999 -9999 -0.0554594724131625 -0.204710724084722 -0.204852381191427 -0.121544323784846 -0.0981277123867622 -0.115562114381712 -0.171453178185164 -0.157345721972087 -0.184169749092669 -0.245996717644848 -0.255199795500959 -0.2559884979479 -0.233163539136277 -0.112751656335215 -0.02993021583477 -0.083163745632695 -0.184813391225298 -0.18946357428285 -0.162034050945321 -0.123594131485439 -0.00732459137309643 0.0416132092694702 -0.0802541975829893 -0.118132647357044 -0.177215487767096 -0.198642865367163 -0.175550388306322 -0.176601153159083 -0.12485734027566 0.0440109909753613 -0.047642615006376 -0.0957170282833137 -0.013055295367041 0.0945469786507043 -0.058487691300915 -0.0193595588446962
-9999 -9999 -9999 -9999 -9999 -9999 -9999 -9999 -9999 -9999 -9999 -9999 -0.0326486706282714 -0.203940679065404 -0.187241252312026 -0.150962896588705 -0.146620066561954 -0.161966983548833 -0.0798347750040515 -0.0351789851636772 -0.146901567054763 -0.248487954653746 -0.256881533104292 -0.237529522985299 -0.201023705961651 -0.182886052907009 0.0132516625715621 -0.0617400984769841 -0.165056729412825 -0.139840254225421 -0.13442387699015 -0.0610180576026341 -0.053599463488202 0.0263787829555511 -0.0180973195805778 -0.0254180093511523 -0.0938413649747076 -0.079144392105078 -0.033690988863287 -0.120347283280643 -0.0267103606309952 -0.0632439688368676 -0.0975195857666307 -0.140135107513877 -0.0887451968318112 -0.122509352374357 -0.11901207125273 0.00316717040850422
