data/rasters/s1.29.06.cu.4_xyz_08_.asc
NCOLS 100 
NROWS 100 
XLLCORNER -4 
YLLCORNER -4 
CELLSIZE 0.08 
NODATA_value -9999 
[rows 42 to 62 of 100, columns 48 to 95 of 100]
-0.329169171032377 -0.436324141579953 -0.34719404930501 -0.28957826135234 -0.22809844284719 -0.171256743432411 -0.0996656067536297 -0.00536842264252757 0.162443441152805 0.329092223144675 0.398440978450257 0.419780054269259 0.365825218487361 0.172145186242774 0.140706648904067 0.150797653736182 0.056220006843681 -0.0238072134315102 -0.0766498776948645 -0.0746405779351544 -0.051213735273172 -0.0260066209862204 -0.175504495500508 -0.267899484335067 -0.335650881648223 -0.442975212941553 -0.406113010454584 -0.304023931229576 -0.259288040000822 -0.187712300018841 -0.219315266423696 -0.171652355708673 0.0268132619591017 -0.0159750205358794 0.161489391484529 0.194618626527446 0.136621630223113 0.157521114486405 0.199323498334679 0.239039148118895 -9999 -9999 -9999 -9999 -9999 -9999 -9999 -9999
-0.347948758575075 -0.347733748080154 -0.389557544199731 -0.307201698972305 -0.215284396983552 -0.167339114364996 -0.1094137367605 -0.0042038967035234 0.191402314319253 0.362735158894438 0.443654058110774 0.387398948965201 0.353038854006715 0.177019917070353 0.046634547896876 0.0916732378361958 0.0699904469821241 -0.0242641373716018 -0.0402055184640803 -0.0474219005905292 -0.0331349562532534 -0.0325489934746089 -0.10155848873031 -0.194209728404626 -0.250301580358201 -0.35388597065991 -0.439979418832626 -0.375625389398914 -0.364308367572216 -0.372442601403218 -0.292016847556358 0.0879789575065529 0.0296434745605486 0.0769850935233322 0.176248174805976 0.228604657426963 0.21384338383229 0.186416588966334 0.203823732334364 0.203805437660692 0.182724943962935 -9999 -9999 -9999 -9999 -9999 -9999 -9999
-0.269817242659225 -0.365637923953785 -0.354137855774821 -0.279595643293064 -0.167941170282323 -0.0865324425025104 -0.0227355758585276 0.113712145794652 0.266179775818815 0.359948963931766 0.410944683427009 0.42066312315085 0.242069992166235 0.108359206597824 0.01591579182047 0.0465391571363531 0.0547406806515267 0.0687764639547197 0.0648897743897802 0.0142245154317274 -2.75512317994734e-05 0.00607250692700872 -0.046125137880349 -0.126744754840073 -0.230729190938575 -0.294139831437458 -0.346690055071238 -0.365774885902187 -0.356465858899906 -0.347739788629079 -0.0178183652743368 0.202193170488371 0.387240308347903 0.219450576491355 0.243811436215941 0.159333641718644 0.18499519551309 0.19915464068658 0.196868090072136 0.149752109021275 0.146912067469073 -9999 -9999 -9999 -9999 -9999 -9999 -9999
-0.176123768046164 -0.323709945276136 -0.334086404043332 -0.228881079550404 0.0469642796079743 0.0279779603096595 0.115901657793836 0.129004340604818 0.282868052581653 0.369281117529275 0.435587381229452 0.431271295411599 0.41770403414145 0.0503517722882926 -0.0210419715702287 -0.0654685982951763 -0.027755553972386 0.0818151807408868 0.09163596500099 0.0446033235628509 0.0195549747139505 0.0583780386725092 -0.0186915892121498 -0.152451078554472 -0.245388858185589 -0.293288904352925 -0.289071204599886 -0.27732090049113 -0.255262219671106 -0.184293256674488 -0.02974139336275 0.0426135812341724 0.243896474780279 0.245483464638814 0.202905076815205 0.140475428757784 0.130006569374706 0.134198233674802 0.154145592485039 0.169526281495477 0.143678611844888 -9999 -9999 -9999 -9999 -9999 -9999 -9999
-0.0370500601008064 -0.264401064184748 0.280081033585965 -0.159783867166188 0.0851353388918173 0.239378807669742 0.215067483236427 0.283489382808148 0.334605472183718 0.37020316459751 0.444940352148915 0.415815636393356 0.332287776461189 0.0927581159983033 -0.0701554172520255 -0.109078420150072 -0.0197191729793906 0.0230971890480496 0.0663935978189525 0.0603159385989566 0.037968527742506 0.0953484569798022 0.0746124840757301 -0.0651987171388085 -0.210925482628032 -0.232017225746696 -0.254482531174197 -0.240053715979718 -0.232743986920818 -0.201462675137443 -0.0849592523331469 0.222577662915416 0.396343279504482 0.254944665573097 0.183660478019057 0.11372879130335 0.0941191583097555 0.0596248515676683 0.0732789815916284 0.10096327287545 0.143420927625761 -9999 -9999 -9999 -9999 -9999 -9999 -9999
-0.054235986403584 -0.226569739996031 0.232923388547384 0.180305034720737 0.286524828166335 0.205053252754371 0.312832798751534 0.35280660437568 0.342467768373123 0.376027104702409 0.360748008432983 0.310502945146993 0.166321385626636 0.0655353598981478 -0.064613312531131 -0.0907007848576608 -0.0404966955181066 -0.00671736330074459 0.048533051996938 0.00442874585266112 0.0884383888760257 0.0761630918559743 0.00777538270754024 -0.132639271764831 -0.158669975272635 -0.159622203000722 -0.167735432266748 -0.139756504072111 -0.141127973639246 -0.115529942189199 -0.0264878587776822 0.176977635655789 0.390307916615795 0.248994534503976 0.146534870202394 0.0398027372053757 0.0133942931682472 0.0551654911375677 0.0139495550449369 0.0776498869764061 0.171755251278582 -9999 -9999 -9999 -9999 -9999 -9999 -9999
0.0039530855318811 -0.158303293529861 0.263070822305257 0.398279972645924 0.226531146142922 0.25726560141403 0.291377082943102 0.218302600401501 0.262535634616469 0.279725620706913 0.348397713921928 0.242204443792212 0.0814281231805752 0.00532302724584321 -0.0557084609840931 -0.0668985866346167 -0.0495576722759234 -0.0173765442949129 0.073163712947293 0.0399600889076358 0.143997225239131 0.0212248353415001 -0.0673036945762617 -0.0875145085229415 -0.0761345003404443 -0.11784854296987 -0.107348813470014 -0.0377016275355914 -0.0416338141517931 0.0307569676384666 0.216522024087421 0.274602369464104 0.355025862502609 0.160054015497204 0.0208905469794083 0.00368224189460332 -0.0256040510979862 0.00816971407094971 0.0236984605581092 0.065664235756676 0.205736593826446 -9999 -9999 -9999 -9999 -9999 -9999 -9999
0.159251871001804 0.322439967203345 0.457816201013617 0.249170712857669 0.159521347003466 0.158114303284661 0.226093847261424 0.213473966307082 0.196153032839058 0.208146948850463 0.267830651190478 0.180203076992987 0.105474455984498 0.0702559130881411 0.0104695764472452 -0.0721185576243578 -0.0528430816554923 -0.0130715373344977 0.0502307541623346 0.136146638877988 0.20665989672758 0.0525760076013116 -0.0208590730431748 -0.0525240877380552 -0.0514488998028008 -0.0599486284207965 -0.0426325283985834 0.0162137545074993 0.0351560523678376 0.0918268000626433 0.339836611827121 0.339774245746812 0.308499533252999 0.221558804692028 0.126747908396518 0.030503398332041 -0.0225283568135049 0.0318337291063877 0.0736819825391893 0.102803720654861 0.150281590882209 -9999 -9999 -9999 -9999 -9999 -9999 -9999
0.191737527136437 0.458956644193582 0.389050377408667 0.208328389680202 0.136234153459259 0.0127998563907504 0.113844277232435 0.148069329448011 0.17345087505919 0.183633384497553 0.237673231219452 0.185211621592245 0.160531730236899 0.117296622272399 0.083041767766857 -0.0223599443572965 -0.00490456094342851 0.0507816280001619 0.0659380080578542 0.136059966868864 0.1739862518484 0.044561093274138 -0.0339186237434193 -0.0899325060699392 -0.0918931712354999 -0.177350963189819 -0.131627169001538 -0.058120300831813 -0.0602969844019119 -0.0088727069012097 0.234263212577308 0.268169186868294 0.237905877294355 0.197328326954747 0.0710396945642457 0.0559386719034033 0.0159697687606687 0.0539243855756215 0.155361916582282 0.197750478615987 0.206757945957981 -9999 -9999 -9999 -9999 -9999 -9999 -9999
0.107140908539835 0.549790252799661 0.414529266305003 0.109823536602661 -0.000374195136074819 -0.0618868630548215 -0.0157342835465747 0.0885636931380525 0.104430137809148 0.161050051301084 0.106904548988034 0.0788029230459504 0.0775908348300938 0.0988164231411069 0.103598251801527 0.0915395630478964 0.113706216834169 0.147348567834889 0.190733365054168 0.189720717229427 0.0753616646787332 -0.0530394557518776 -0.173882854137066 -0.158616665446648 -0.195155331480663 -0.281327902310381 -0.243358253211615 -0.14730266255153 -0.133263307849388 -0.0530761092811886 0.14403370004433 0.230344094259066 0.184089886784381 0.15704279996741 0.146496479483439 0.131492893688318 0.106921608859798 0.15049534881262 0.227653492806114 0.248269137695671 0.244872363706651 -9999 -9999 -9999 -9999 -9999 -9999 -9999
0.14437209454734 0.591214389548658 0.387582635888496 0.220070355363435 -0.0165803309804527 -0.00762302578816298 -0.00337268285908346 0.0299502679634315 0.183758111153372 0.161768820097874 0.0530174468243568 0.0078806639702626 0.0175145960382648 0.0575911807704481 0.0776252585841582 0.101547363065699 0.138846425518449 0.201924063299653 0.292136521037304 0.20081249055245 -0.117855984104951 -0.163974792377769 -0.214398269625967 -0.195980138249699 -0.229300269394281 -0.218715257611732 -0.224145481329403 -0.227924753002517 -0.122307598379205 0.0114389632366196 0.199387118327697 0.251148719829908 0.228625214308751 0.151276774706035 0.151806345142649 0.160273986507792 0.146076062633422 0.163758201082962 0.0631724191357357 0.0523539380308703 0.124443804957223 -9999 -9999 -9999 -9999 -9999 -9999 -9999
0.191218798682566 0.524545820897463 0.319795330049584 0.135931491578407 0.0625526917385674 0.0457707187940274 0.103684085062733 0.0813553931132109 0.163113158974702 0.119867656314579 -0.00799554761844263 0.00395168143711562 0.0083903526963859 -0.00451863739673872 0.00522845976261076 0.0311737777357812 0.0860892832762769 0.154518512337267 0.272962321265195 0.176573923782333 0.0343924686490913 -0.041546473987952 -0.169019870348784 -0.232630414567394 -0.260573069552513 -0.271564746008359 -0.197665904498311 -0.169946067060195 -0.00125976661064334 0.158153987745554 0.267406800833602 0.293416027246199 0.230830544250143 0.168851084316097 0.135573309186083 0.128061487605066 0.0953004697971138 0.000733102698949882 -0.0385949500272322 -0.109301134566228 -0.0346732981263244 -9999 -9999 -9999 -9999 -9999 -9999 -9999
0.0753149610885335 0.536919515015303 0.35285861983354 0.184292149664474 0.10709287513751 0.0870006683624589 0.123983120418636 0.175201627337727 0.184198283290469 0.0538152603992366 -0.0193226423518799 -0.0229414658128614 -0.00669847527209193 -0.00952597531416429 0.00482581623797464 0.0467208640772731 0.0840318140933892 0.178326135521519 0.193856811627848 0.114570665800977 0.0570304389566485 0.00793992688051075 -0.13026261333169 -0.235525138980395 -0.262444322467685 -0.261324355000718 -0.15263717321035 -0.162919644104856 0.0645352031508089 0.293282896119455 0.326901162598721 0.310242542603091 0.236519865639037 0.101618184070064 0.0030971613222487 -0.0486587858384837 -0.0505689709336581 -0.165829368302106 -0.210928316624314 -0.188204033227755 -0.206850663523163 -9999 -9999 -9999 -9999 -9999 -9999 -9999
0.205413525621045 0.491888984869793 0.509746508350886 0.128867848680596 0.14435006096963 0.367281774541986 0.323220782304456 0.317298474534266 0.355075003362257 0.184300697371074 0.0793818263119734 -0.00337674944497429 -0.0503462487356112 -0.0642594801424813 -0.0363784363232744 0.0299019933281663 0.0216745130286669 0.216612904318896 0.233064982770862 0.203404211312067 0.00632743442223173 -0.0114549886098243 -0.156887817795084 -0.277152583477194 -0.179772533218031 -0.176309688082577 -0.0832254872670188 0.0698924041065304 0.0584829746947808 0.255575670092039 0.292499869075911 0.325554658244867 0.243139212220099 0.0712639796886292 -0.0801652173266842 -0.205903017843321 -0.262075143563933 -0.227251814589534 -0.251275355468362 -0.271865433756185 -0.276156022530643 -9999 -9999 -9999 -9999 -9999 -9999 -9999
0.380477268173164 0.478179558854892 0.488547777576904 0.165019985487612 0.0771808658962638 0.215205734173705 0.305731937997838 0.281660968706375 0.204783139134714 0.133744423397009 -0.0411510731128284 -0.0125662648223267 -0.0125126121627719 -0.125003830585956 -0.12606897126002 -0.0784044456565476 -0.0578875888717827 0.172182719094507 0.327206301281636 0.0930612634207561 -0.0246779402617397 -0.024316124710811 -0.0601465979509649 -0.186576505854978 -0.17520033848288 -0.0790763523587668 -0.0419206465154802 0.0934680767099677 0.199620229178259 0.163852512715099 0.150975923504423 0.235231082542899 0.139812358945798 0.00849160815364338 -0.100088214381339 -0.192805997569731 -0.268993887683238 -0.250048389780586 -0.305484302031471 -0.37256706996892 -0.396034877846788 -9999 -9999 -9999 -9999 -9999 -9999 -9999
0.630668283410962 0.731256910660049 0.535118039554071 0.196439216974805 0.15370787919392 0.113758087055245 0.173865608354117 0.00478053850251292 0.0108750654028403 -0.102240456580929 -0.0620713306495136 -0.198701692996233 -0.0671494645745576 -0.113043713343732 -0.222874074761912 -0.278652752804954 -0.275776753533975 -0.00654291421161784 0.259890064428775 0.123748963582249 -0.0196747595551564 0.127318772937704 0.0777845644965134 -0.0445920108814233 -0.0918169985100405 -0.0293639637253024 0.1665629945976 0.189055052488694 0.118014929231267 0.0653952303891722 -0.00160059255067009 0.00149453169115371 0.103801740884205 0.0734911629620325 0.0240747266805313 -0.118983856111668 -0.227887110908255 -0.295281344975897 -0.351677337607044 -0.404519436543844 -9999 -9999 -9999 -9999 -9999 -9999 -9999 -9999
0.709633686082948 0.691378377263365 0.499573948917088 0.384653236628453 0.143390599841501 0.0848885619200629 0.0129799094374576 -0.0944263921256411 -0.0934990163740902 -0.174162896279607 -0.157776486366627 -0.164656630794556 -0.156177994526504 -0.0983545755195415 -0.299599761368567 -0.299559210999883 -0.337660814195224 -0.207891681851964 0.0617490799824534 0.139124464901851 0.197803463738811 0.339903032587225 0.336553101639374 0.224999299176781 0.0464842116948596 0.149655743446456 0.18362525982291 0.070199770195998 0.0215502980696012 -0.0182441944134111 -0.0913400779746373 -0.0762528663415158 -0.014443565085667 0.0666571150682819 0.0540014933619918 -0.0940911125893931 -0.199575836865603 -0.258957289982953 -0.308711502599268 -0.378664914622335 -9999 -9999 -9999 -9999 -9999 -9999 -9999 -9999
0.481326491073032 0.282622226052528 0.575543007978576 0.0884647284228364 0.0271570829477175 -0.0593884677879092 -0.0763790287977805 -0.247381161261056 -0.21434525852569 -0.13476628042103 -0.115143922011355 -0.160289281113916 -0.267709673301306 -0.337042689968792 -0.366841786983706 -0.35346598465729 -0.339831241538302 -0.229698652227517 -0.0462621927015904 0.10110789240127 0.198087374757603 0.263181681685884 0.243502776308028 0.174873130572186 0.19808687317353 0.201491487517279 0.0981957287127085 -0.00586194460441369 -0.0902984273704086 -0.0889007130109825 -0.13507888959756 -0.129383574417635 -0.106075856583706 -0.0295655762167254 0.0403391570088167 -0.0358724849127434 -0.176878589300631 -0.222911018903871 -0.28636565074235 -0.321709833927314 -9999 -9999 -9999 -9999 -9999 -9999 -9999 -9999
0.378772186535319 0.317515745711113 0.338874740204303 -0.00247164102926376 -0.110620258987036 -0.177246307474266 -0.153967836139396 -0.161645378038776 -0.246886926928152 -0.179295579085962 -0.120658641544723 -0.193223766008956 -0.263845145043014 -0.385311554584443 -0.390547247077007 -0.36428475946028 -0.39147101948633 -0.287263521871247 -0.0857458401855438 0.0483196520713916 0.174071733283723 0.17603407470488 0.149074592665888 0.104020002009142 0.1210592035602 0.114015175589414 0.0411055006447809 -0.0164744398645266 -0.0601904012486351 -0.114468447237861 -0.162487762523798 -0.159103161418279 -0.127128294602827 -0.0840186532236793 -0.00917102462592439 0.0483805440504845 -0.148106141906488 -0.187900311816285 -0.206038922408355 -0.281066113706793 -9999 -9999 -9999 -9999 -9999 -9999 -9999 -9999
0.237004575456051 0.359255166997469 0.161170468208254 -0.00373625649108979 -0.13702194393663 -0.14814491204239 -0.1282447379958 -0.179468663297118 -0.267269546962907 -0.0989867373092003 -0.0843793746499573 -0.197563463522059 -0.355149059615793 -0.398621988027511 -0.365559162987569 -0.283530228061369 -0.280645099603432 -0.232728143121999 -0.0839500262177415 0.049453882246823 0.103350644063005 0.0975980420080521 0.0848182825446039 0.0427288692975809 0.0679172771347322 0.0817720216501358 0.0136626154103057 -0.0474510617249823 -0.0955892925469285 -0.112903630774754 -0.137720828506994 -0.155933420436841 -0.162022192899203 -0.1578806987612 -0.112089816315645 -0.000988418230045802 0.0586408586455099 0.0732202318956868 0.102178872688623 -9999 -9999 -9999 -9999 -9999 -9999 -9999 -9999 -9999
0.208770315090694 0.102594471425965 0.3325614844499 0.0933169245474358 -0.0775692333488067 -0.134625450083575 -0.0889054108844959 -0.151154023810361 -0.164459126525015 -0.104010380087744 0.0357333573952285 -0.0242568801489442 -0.280430251706895 -0.350762979164265 -0.308484556470054 -0.272083467528343 -0.221693657657199 -0.141084189104803 -0.0406710308181943 0.0937523388773755 0.103496729414128 0.0216563847282683 0.0570731626128582 0.0395014111225426 0.0833264744442515 0.0264753649584067 -0.0268717331731078 -0.0649504403251606 -0.134376149797869 -0.153643711736407 -0.146857048170838 -0.177233462213385 -0.197874107736645 -0.197684831078114 -0.159423550753237 -0.0630210604354608 0.176372694004507 0.222193630213385 0.529271989253655 -9999 -9999 -9999 -9999 -9999 -9999 -9999 -9999 -9999
