data/rasters/s1.29.06.cu.2_xyz_08_.asc
NCOLS 100 
NROWS 100 
XLLCORNER -4 
YLLCORNER -4 
CELLSIZE 0.08 
NODATA_value -9999 
[rows 42 to 62 of 100, columns 0 to 46 of 100]
-9999 -9999 -9999 -9999 -9999 -9999 -9999 -9999 -9999 -9999 -9999 -9999 -0.0791458096246747 0.0480073662248359 0.0774486181327278 0.112147758345903 0.141864887695648 0.150329955757524 0.142187293578909 0.129493353892161 0.146437367153813 0.223444649580992 0.180497452038945 0.256968363082806 0.231906733566418 0.33178663826343 0.251868213010021 0.20250511763838 0.0937261999505627 0.0785233634114622 -0.0789301311881422 -0.246997644771424 -0.343304397316393 -0.280285584708966 -0.306589942757877 -0.262290413750406 -0.183937796731703 -0.0614109233159264 -0.0619683906206541 -0.056502656348417 -0.0539633230595052 -0.0522707915445972 -0.0382329382550658 -0.14905441899389 -0.211659439711486 -0.192790978443072 -0.228937388189852
-9999 -9999 -9999 -9999 -9999 -9999 -9999 -9999 -9999 -9999 -9999 -0.182863369702029 -0.0514733327523916 -0.0251089200445264 -0.0319873463271683 0.0827368724904336 0.194056794027975 0.245885682161135 0.266193748786162 0.192112107574868 0.157215940925828 0.192592301030008 0.163629594453756 0.151571289398265 0.191543663819774 0.244332462977751 0.184771990274567 0.166236224076728 0.101940113256781 0.0694334172729677 -0.00218401151166446 -0.0514465599729844 -0.0906706407761818 -0.0809293356237715 -0.171737574190443 -0.227593823695054 -0.303910390721938 -0.265129155137269 -0.0946648104121016 -0.0260430495020468 -0.0735885993348452 -0.054714561148951 -0.201007580457512 -0.226388367886025 -0.19129465908532 -0.198340648900541 -0.199637022037745
-9999 -9999 -9999 -9999 -9999 -9999 -9999 -9999 -9999 -9999 -9999 -0.109285561821951 -0.148800437349609 -0.023546547787969 0.0556126767284319 0.126768047736658 0.277741669239379 0.293705137352319 0.247654960869292 0.203077210838022 0.169940318855212 0.162587948594834 -0.0015773350972497 -0.0274101026429307 0.154371101635395 0.212443967345152 0.0634922730695133 0.0503488940974348 0.0888906511156231 0.12464157442508 0.119269626122027 0.155631807707218 0.0822485653257366 0.0825949646984833 0.000657583386813538 -0.0635412585268795 -0.312558280363823 -0.263999901766696 -0.186283573529988 -0.118009371679554 -0.0498941718267711 -0.0474467030725975 -0.119668267045515 -0.190839911412883 -0.229781836243581 -0.223942683887399 -0.0608985975415001
-9999 -9999 -9999 -9999 -9999 -9999 -9999 -9999 -9999 -9999 -9999 -0.149653055093196 -0.22345496492558 -0.0249678994717295 0.0760600606668125 0.151168503283044 0.243629053132591 0.27033604621044 0.239024401632968 0.26613557335463 0.206613813819867 0.134714112996104 0.0186863926571587 0.0133008627343243 0.0983115570723911 0.125531684527481 0.0961220676031597 0.0102284676005156 0.0683067506202884 0.242018556042056 0.251201299453765 0.238187045838722 0.232676912861918 0.174588556936789 0.108709418168203 -0.00590120985004925 -0.191018499802954 -0.163526082535231 -0.00517547644287287 0.0932719635830476 0.143510394799303 0.130166665246237 0.074870460856092 0.0029655065458685 -0.158544469203375 -0.213619292346467 -0.181909481169373
-9999 -9999 -9999 -9999 -9999 -9999 -9999 -9999 -9999 -9999 -9999 -0.151669165367209 -0.210920895208459 -0.0207729985141396 0.123764196049613 0.173238452671317 0.225461785578467 0.326743370444491 0.282266100815312 0.252645843827658 0.164663832581151 0.111199090676132 0.0524884643574009 -0.0223432428749824 -0.0104184573425207 0.0862347447374943 0.155673206596101 0.0759770425836542 0.101869049341754 0.264956835344073 0.304887154335711 0.306296715190566 0.316126115216493 0.299452524163659 0.158174859399694 -0.0240527808262745 -0.0823127680227756 -0.126529744798461 0.0149317660782103 0.0640073296264061 0.112517628581104 0.143450362359092 0.106113622174691 0.0258184712225933 0.0268468724845806 -0.127326772097388 -0.118737213143008
-9999 -9999 -9999 -9999 -9999 -9999 -9999 -9999 -9999 -9999 -9999 -0.106113142010458 -0.107960838229119 0.0404744353836373 0.153026359227796 0.194823186410766 0.230786568133106 0.279830775364019 0.242149529564138 0.204669395698283 0.163211464949132 0.0907582252451033 0.0471807905418953 -0.00267271451512865 -0.0441338243833013 0.117211412388185 0.206042173140171 0.204359656314286 0.311572013119372 0.311632817829894 0.379215548410503 0.363070626849809 0.374580342076837 0.366363025559993 0.301758633939219 0.223873932927022 -0.00930923449217978 -0.105889560875224 -0.00577565144957805 0.15741133503865 0.236618030174126 0.130669788356637 0.1338689316384 0.0826492171604133 -0.0248581101637001 -0.142372100131511 -0.0897146977329062
-9999 -9999 -9999 -9999 -9999 -9999 -9999 -9999 -9999 -9999 -9999 -0.0892378246968628 -0.0919295973230547 -0.0498188410328614 0.0518337224520364 0.173268330550695 0.147155897296535 0.238561671240244 0.23508044449833 0.260319265122357 0.183694699561566 0.1566583611561 0.109145421841442 0.0301838329628131 -0.038030415135159 0.100791746747791 0.270166239173991 0.297071864598212 0.278626921945454 0.321951167105088 0.366662173253761 0.372344083978997 0.413834841014298 0.36613870770882 0.27644062977242 0.0981119534056178 0.0160751273727108 -0.0339986847904508 -0.00814993425039898 0.185344560572297 0.206114599326503 0.131197914555453 0.110727507142604 0.0509628897276452 -0.0608863555652435 -0.13655723690559 -0.0750742538390517
-9999 -9999 -9999 -9999 -9999 -9999 -9999 -9999 -9999 -9999 -9999 -0.0676169736667763 -0.109274772878314 -0.0834448090149462 -0.0627612980523741 -0.0360323677987909 -0.0172510628934572 0.186529204994199 0.215732163949212 0.21863969162593 0.128089731740375 0.0974567657454262 -0.0194835545347081 -0.0120548220842376 -0.00556872624602741 0.0829614187986418 0.165775240162334 0.240444240196116 0.27065565528756 0.364135236934798 0.341931983907964 0.34410821110659 0.34224947844756 0.292115806181845 0.27368208458694 0.218796844131788 0.0736461968734496 -0.0144274795390929 0.0205816946084027 0.100951336277666 0.102118535896874 0.0599663392985578 0.0513543703556665 0.0305754202048553 -0.0255932339248756 -0.02323381565529 -0.0292750891803784
-9999 -9999 -9999 -9999 -9999 -9999 -9999 -9999 -9999 -9999 -9999 -0.0850810441487879 -0.115924577811514 -0.0484365559977182 -0.1065862648407 -0.140306793697145 -0.109854553587441 0.105804831370149 0.147655386737163 0.141422262271211 0.0522648960558876 0.0310722422723375 0.0395094415390951 0.0773615741374879 0.0547127417182505 0.0627513937077484 0.0941160424225786 0.166208265537206 0.273922553224476 0.345010558323549 0.350120054095231 0.330296243033337 0.285659363800045 0.317457387781448 0.250157103775231 0.104956026286608 -0.00392736351606565 0.0159634381758045 -0.00684786357586973 -0.0167016429654737 -0.0227049987230534 0.0378292229320232 0.0557304508519125 0.0696023680062446 0.0138121697060143 0.056766765380916 0.0848606478954589
-9999 -9999 -9999 -9999 -9999 -9999 -9999 -9999 -9999 -9999 -9999 -0.0924836936250654 -0.0296200803980326 0.00275676168527943 0.00404950312246134 -0.0799712901132165 -0.0281778426724475 -0.0172655951991353 0.0334931641490929 0.0140463690361217 0.0126283478280171 0.0496647564632697 0.0109946833133311 0.102198113496824 0.106262114342541 0.0561176694134857 0.11087797373351 0.189512609349118 0.258680493308849 0.286698831638948 0.326466737174048 0.326851830246611 0.267708177406754 0.236008430864357 0.193791992107116 0.0953408786701374 -0.0154033573184649 -0.0023125480458066 -0.058462228278649 -0.0976601719488491 -0.0404807400345124 0.0333880239767317 0.0539186037394042 0.0284679905447033 0.0234720737274897 0.0925736224749237 0.140265973162845
-9999 -9999 -9999 -9999 -9999 -9999 -9999 -9999 -9999 -9999 -9999 -0.0369823919601311 -0.00245080758470779 0.0528482472484725 0.0820204652266779 0.0602000686199258 0.0656974853143036 0.0565485033256828 0.0397305682812892 0.0624929780562908 0.0990909717364755 0.107317640412525 0.119347661399918 0.138458676812547 0.117816247069469 0.0255308799301096 0.111926451494054 0.209361837184782 0.213487920534114 0.268187655315578 0.276963345254121 0.266882833549839 0.210924479064072 0.182784235705549 0.103331382780362 -0.0038797149710155 -0.128515917064724 -0.0943145045761812 -0.106484106763427 -0.193167453534948 -0.113564209829869 0.00415219570301139 0.0391891383245113 -0.0111353298922235 0.00868846125930312 0.101088173742519 0.225339609960795
-9999 -9999 -9999 -9999 -9999 -9999 -9999 -9999 -9999 -9999 -9999 0.00988512124892004 0.0404637592363011 0.109412666026597 0.143189545792292 0.133269502143389 0.13189275854404 0.0903465658496583 0.0596600622981666 0.0978491166792641 0.157962013505534 0.254248976841281 0.193085661852122 0.126883327255194 0.0460221961826267 0.037418352084426 0.0924082396614573 0.144759840818479 0.137411306013402 0.135848585930239 0.194346860201296 0.194925900104361 0.1773521757002 0.0808499250353425 -0.0302737995326227 -0.0549327757877797 -0.0447519453683488 -0.0387868451784973 -0.0849676284088341 -0.156923372879401 -0.108468217926314 -0.0227421704826294 0.0120843509384766 -0.0125512850721918 0.0607589474573573 0.156385963370028 0.231253206247623
-9999 -9999 -9999 -9999 -9999 -9999 -9999 -9999 -9999 -9999 -9999 0.030210113033332 0.0709375908143976 0.110657349956382 0.151868068786258 0.201963793620448 0.204268839326908 0.159602904885295 0.128501725260653 0.141303555831064 0.18405899213985 0.19657355054122 0.242927439602984 0.186804183845019 0.101403175737312 0.049572865730521 0.0139723734060297 0.0264910794913071 0.0243311880575878 0.00981249647809085 0.104363404242946 0.121462253717229 0.0780349151156099 0.0215447721044797 -0.111065175074167 -0.0613328919368991 -0.0359127847463877 0.014092088136982 0.040114948039153 -0.0557678309198975 -0.0401476465776795 0.00945385328662715 0.0175880862831778 -0.0172494267508564 0.0857066872643495 0.124804150996405 0.158446855925236
-9999 -9999 -9999 -9999 -9999 -9999 -9999 -9999 -9999 -9999 -9999 0.0742415063609907 0.107307633615584 0.140517561678108 0.127878720430224 0.152608493629339 0.189433659440528 0.147369095371181 0.138916688783556 0.20062384290072 0.214321702482325 0.216372270534996 0.21142422344519 0.16138918055786 0.103759118358254 0.0433706646379425 0.0143197253632099 -0.053212177699812 0.0456149411673623 0.0519396052794088 0.0866273527329938 0.0565098972481584 0.0029072860552379 -0.0449756339302717 -0.0296774403222151 0.0489738516726533 0.153701852581622 0.146833867618916 0.101290389453175 0.0619028789085274 0.00432582441899457 0.128614141804002 0.0603497258965815 -0.0142303651408387 0.0784237021909104 0.0995022738718557 0.226662367210587
-9999 -9999 -9999 -9999 -9999 -9999 -9999 -9999 -9999 -9999 -9999 0.1068798149654 0.100324981463424 0.136912745584602 0.138140339735878 0.123252903524301 0.0562319087425566 0.101596669351269 0.110122566445227 0.167828931152125 0.178440094752161 0.117332973070384 0.0574121320635923 0.0839711105967088 0.116770187490645 0.0972323821101792 0.0421629760315243 -0.00981726746265997 0.0990601579957877 0.0566534843233154 0.060613061995872 -0.0870396673719746 -0.0524732271434848 -0.0469753387715364 -0.0885596519208894 0.0133382800224869 0.129124794672467 0.2548054108794 0.149078353077079 0.171506268539995 0.163353535770901 0.156572298593711 0.119586108851272 -0.0336156207258724 -0.0500212098341163 0.0858528682025592 0.195109905013316
-9999 -9999 -9999 -9999 -9999 -9999 -9999 -9999 -9999 -9999 -9999 -9999 0.0351622664812351 0.117396978557071 0.0927713519057313 0.0923006933001891 0.0595686242898049 0.142542885354594 0.0762396500722699 0.0172478437743023 0.0671851860387292 0.103451618830901 0.0869842847440707 0.0216752042160141 0.103331616999517 0.128097298339054 0.11205081606356 0.108049086806917 0.101703947193928 0.107179524627246 0.121959879862887 0.127504847977651 -0.0162781713789255 0.0428287846113598 -0.0545516787793992 0.0172202889506596 0.185497636346222 0.277322811263562 0.227654726084238 0.273713972721492 0.274308375324959 0.140450871396445 0.0337071625047764 0.0207669405589034 -0.00384631926927373 0.027943418425377 0.0745192921963866
-9999 -9999 -9999 -9999 -9999 -9999 -9999 -9999 -9999 -9999 -9999 -9999 0.0518487005790075 0.08252634149583 0.0309297293475344 0.00665444846928469 0.0481450351097939 0.118795161534951 0.0599284906998442 0.0484364668329859 0.0616477581998993 0.0176604490074647 -0.0115327006405689 -0.0378926824558125 0.0706348279140627 0.0978462380818513 0.0970178294524532 0.107212199027459 0.146329151859253 0.202850083003446 0.216373770363486 0.193784182967805 0.152219093758272 0.0522442810157385 0.0529533776308441 0.039145818815525 0.099064741079283 0.177989159158286 0.237138456770039 0.303981703298984 0.252067032632743 0.168344881508826 0.125956592658446 0.0108897776750968 0.0110149324613698 -0.0562955685716733 0.0360542975913889
-9999 -9999 -9999 -9999 -9999 -9999 -9999 -9999 -9999 -9999 -9999 -9999 0.0234898061202095 0.0155832018751466 0.0385374229556488 -0.0428429596939863 -0.136771132906475 0.0145913557393678 0.00712415929808913 -0.034302505965062 0.0162566037223304 -0.0273171332931226 -0.0410641591728235 -0.0226064535103674 0.0514902537091045 0.104361613252172 0.0674204271491402 0.0965051946844301 0.202701919627288 0.27117220255622 0.275614080525017 0.236841593325998 0.154015733869813 0.0101003109069313 -0.0196138369317803 0.0282476201862506 0.104061463403508 0.150890397100269 0.235554871724752 0.240279036079125 0.227275684620216 0.168483039303608 0.116660218035064 -0.0569952645052263 -0.161169829050005 -0.127858359813146 -0.0338634150244234
-9999 -9999 -9999 -9999 -9999 -9999 -9999 -9999 -9999 -9999 -9999 -9999 -0.051024391119217 -0.0679252136751264 -0.0152267938390702 -0.0434855373466158 -0.184798958763226 -0.00841204487337891 0.0137747373046471 -0.100400803260257 -0.111978091895919 -0.0856725073784473 -0.0943306010958862 -0.133795528194247 -0.0179593524653227 0.0374560906718427 0.0131081754041938 0.018079663843446 0.217490645729306 0.243992098397531 0.227298050794029 0.170537615950096 0.0476113394687803 -0.10042587605839 -0.0276867672070616 0.0154558464684638 0.0974715002405177 0.156148099180647 0.100143060382312 0.177687075600996 0.107116549558545 0.0304404222367879 0.00198047793749196 -0.159582554654097 -0.220951020136145 -0.168452435101266 -0.112076010716396
-9999 -9999 -9999 -9999 -9999 -9999 -9999 -9999 -9999 -9999 -9999 -9999 -9999 -0.154815503260098 -0.0707181162332656 -0.11458048117631 -0.218625392339289 -0.0397092857312703 -0.0195221282853336 -0.0251375666710992 -0.124838095691624 -0.104889505467742 -0.0479697391573122 -0.00849776389706253 -0.0589353669342384 -0.110932554488133 -0.06952620563791 0.0872743721671447 0.146030144570584 0.130412564392013 0.125450867020103 0.159212409720922 0.0510027524311007 -0.129973301977949 -0.0429885102322358 -0.017279494176752 0.028883931522857 0.0897076396556843 0.0330049361592899 0.0655253579337922 0.128077688922567 -0.0956911343193151 -0.174017796888493 -0.267104154480968 -0.244172043585831 -0.174596004157734 -0.136105707764064
-9999 -9999 -9999 -9999 -9999 -9999 -9999 -9999 -9999 -9999 -9999 -9999 -9999 -0.191979110207997 -0.130397447448995 -0.176139468133602 -0.239525150379318 -0.181813438084003 -0.0678917257065668 0.0276485554424595 -0.0648561284510664 -0.057583257478971 0.0804387723809072 0.0269675191109804 -0.0804299837742942 -0.130355276447605 -0.107960767856859 0.00132273467041498 0.025907071426015 0.0825079297131474 0.0789908161335088 -0.0476115630837236 -0.104750755740154 -0.244785004831772 -0.173790531357459 -0.186155487355442 -0.0880103535474566 -0.0119934146251849 -0.0538597772182995 -0.151842042654102 -0.1330559418946 -0.151909410628317 -0.216915288663691 -0.316785527005237 -0.254056115264808 -0.18279564118537 -0.13582590921242
