data/rasters/s1.29.06.cu.3_xyz_08_.asc
NCOLS 100 
NROWS 100 
XLLCORNER -4 
YLLCORNER -4 
CELLSIZE 0.08 
NODATA_value -9999 
[rows 63 to 83 of 100, columns 48 to 95 of 100]
-0.116661001456316 -0.102996702055706 -0.0491296711306634 -0.0897889612045089 -0.00820385996127848 -0.0459301620455258 -0.0744784014251455 -0.158374440946752 -0.151830396988504 -0.0581416392505553 0.0227256607498737 0.0190483250770133 -0.0256492871062861 -0.0223808541141323 -0.0566399674402553 -0.0811834344936904 -0.169218864853568 -0.226450003897768 -0.196737750156168 -0.12462797168296 -0.0698561554760837 -0.0607671830708165 -0.0423173192995828 -0.141480446043979 -0.192026444042547 -0.140168829599099 -0.224455208871885 -0.137843188774734 -0.0764773402622678 -0.033496438577733 0.00174543409246284 0.037420986032709 0.0818766841127557 0.12879895027428 0.153853929251035 0.122577792361149 0.0290376333278976 -0.0933028295172861 -0.0778670623013348 -9999 -9999 -9999 -9999 -9999 -9999 -9999 -9999 -9999
-0.105016825340075 -0.0244001057275897 -0.0248317918366184 -0.0458213899409132 0.0961161475331711 0.0215932882344968 -0.00676612472695967 -0.0457815971201866 -0.206078057106718 -0.066945350429426 -0.0126323310295255 -0.0620726325855268 -0.0513730609548725 -0.0635126542052132 -0.0221677726937971 -0.0647659218972745 -0.14340380500071 -0.170736072279372 -0.122692684031353 -0.0675240111407592 -0.0139482855122618 -0.017667694690011 -0.0371883194709984 -0.0946404563755866 -0.148738755483082 -0.153320919958511 -0.195053577307842 -0.127773546743779 -0.0630106372377738 -0.00932474908838761 0.029691116532501 0.054309442060823 0.0595495343574555 0.0939002062546658 0.111932826089273 0.079684439515267 -0.0516275244738411 0.0151521150581721 -9999 -9999 -9999 -9999 -9999 -9999 -9999 -9999 -9999 -9999
-0.025030570923207 0.0343334378256097 0.0413018701954588 0.101622069454281 0.117047616923805 0.122771537407914 0.0793850902402948 0.017791081477631 -0.0553279687945821 -0.129556537888845 -0.089271668882051 -0.0399404172142562 -0.0782401181676753 -0.0675625091899724 0.0689410341239161 0.0301478731150994 -0.0549054201678909 -0.0954764962334734 -0.0411996344005265 -0.0733407506765044 -0.0599204949210385 -0.0221709461244712 -0.0329679219546763 0.000427229305186652 -0.0388114984165124 -0.187215959045686 -0.126076888514308 -0.0567320663519825 -0.0213074528245981 -0.00253545095877518 0.0233798811510571 0.0137326472460491 0.0311282054326457 -0.0119780555864296 -0.0153560740246152 0.00699571075940115 -0.0596187523521695 0.104766713430952 -9999 -9999 -9999 -9999 -9999 -9999 -9999 -9999 -9999 -9999
-0.0816132357811667 0.0629104397637498 0.0966631501896897 0.155137417441012 0.153190934151308 0.136976426981316 0.113146047280562 0.0333152376716422 -0.00965895192111365 -0.20410141698611 -0.204627462730399 -0.0941654005969228 -0.0431420680272596 -0.0209063436240689 0.0848411813967436 0.035691422615768 -0.0198898218821357 -0.0665873466488112 -0.0277379696381205 -0.0941650528095505 -0.0922296031690568 -0.0843804418749148 -0.118894065730456 -0.0325406289447916 -0.0485062679190892 -0.202741477727236 -0.112959562528229 -0.0702333097400341 0.0475020801865295 -0.00560028620880161 0.0042753760400233 0.0236621606038974 0.00434329927754242 -0.0659303836388945 -0.0533098529449929 -0.0492840106146099 -0.0916038799241808 0.112195521423737 -9999 -9999 -9999 -9999 -9999 -9999 -9999 -9999 -9999 -9999
0.0225383385171877 0.0675247080580345 0.0830277582454906 0.143811260024256 0.172416756283776 0.0944845675461659 0.0508313191288014 -0.0394395390215415 -0.0972845988444212 -0.150222516593625 -0.235301329845214 -0.0661424680641256 0.0409603243705315 0.07332235315082 0.125541893487023 0.134369602254217 0.106575901527777 0.0575743643867321 -0.101633642290971 -0.154869752369027 -0.0944601980919573 -0.0940208055090544 -0.0874795490177166 -0.0780385902670014 -0.0742913545255223 -0.0642715073162347 -0.0996591557187722 -0.034743217617764 0.0540154164462107 0.0593949770167396 0.0305120209602606 0.0233703866439101 0.0120651866993747 -0.0378213903923397 -0.0536271501078557 -9999 0.128621966611682 -9999 -9999 -9999 -9999 -9999 -9999 -9999 -9999 -9999 -9999 -9999
0.00435215190043441 0.053930860200337 0.125005891696055 0.17129472646013 0.179384129638684 0.134625694372914 0.0693195999818989 -0.00509331957540678 -0.0868456290368329 -0.184517514114921 -0.0671962323278511 -0.0461261859060431 0.058709106037504 0.0805810171263056 0.122676026205554 0.140283479301923 0.112140844393531 0.0696294503460964 -0.062575000242858 -0.132934487520751 -0.0797567989302801 -0.055848795651837 -0.0369878413456135 -0.0567377864068476 0.00214829780958396 0.0412543080936155 -0.00111710947230983 0.0217647400501637 0.0816483533430413 0.147404498977456 0.146880124535827 0.103347076668207 0.0792361283993623 -0.0234751002525538 -0.039320329673548 -0.0982388405885853 -9999 -9999 -9999 -9999 -9999 -9999 -9999 -9999 -9999 -9999 -9999 -9999
-0.014186994854172 0.107591941333217 0.0847024864801533 0.101116667567214 0.124415626100009 0.10635926340678 -0.00912666131986228 -0.0220148596905334 -0.0653313769031961 -0.155056688041729 -0.192246613121534 -0.0087635462553141 0.0455570881281884 0.0891235581956446 0.128302142105189 0.120388001487535 0.130094343613392 0.065270241757203 0.00263961615207858 -0.0126819113022561 -0.0284158001141384 -0.0665807017763838 -0.00895895810587451 -0.0283730193843556 0.100183699319633 0.071648918772427 0.0628145827459445 0.0949426055552644 0.140752839766199 0.150657622437303 0.1625876003569 0.120548219663299 0.11356505351737 0.05321168111534 0.044034865205229 -0.0539218250482595 -9999 -9999 -9999 -9999 -9999 -9999 -9999 -9999 -9999 -9999 -9999 -9999
-0.0664986808476601 0.00464256663964834 -0.0866092615733991 0.0174020803251031 0.0114924100787666 0.0346704636777436 -0.00483196027015447 -0.065044281071489 -0.0900492419011409 -0.186181660820114 -0.156508312876163 -0.00850432742181924 0.0159235055857701 0.0480383833413978 0.14463472251243 -0.0182964175208027 0.0708379825782854 0.0226022845531079 0.00949280943871886 -0.0367882347544918 0.0364121409801028 0.0187023003071487 0.0748533217338842 0.0181296592126505 0.0338155691165167 0.0771386611866973 0.0824725690637463 0.100608668043879 0.101626976935224 0.106587755430429 0.100734698845976 0.0875007087317986 0.083846515313437 0.0786860041298973 0.0766433558292972 -9999 -9999 -9999 -9999 -9999 -9999 -9999 -9999 -9999 -9999 -9999 -9999 -9999
-0.0369196084971784 -0.0300242584416235 -0.234647562551295 -0.0725034538073682 -0.0151086668691123 -0.0319615153336468 -0.0122817625757446 -0.0430696222239647 -0.053446703922974 -0.164351904469855 -0.119879921454811 -0.0922424729388289 -0.10838037372553 -0.0558699223277629 0.0434027099982919 0.0173530971480222 0.0485409519778146 0.0187711693952404 0.00468697469041734 -0.0113429801051965 0.0340281420536813 0.0632495815484097 0.112331376996418 0.106668630574196 0.0611365752841985 0.0460832888100535 0.0310150790896786 0.0476508028877966 0.00944404305770571 0.0911367049401775 0.113965437583549 0.0791751212352035 0.00038791351439176 -0.00771196050422472 -0.0704337775039898 -9999 -9999 -9999 -9999 -9999 -9999 -9999 -9999 -9999 -9999 -9999 -9999 -9999
-0.0422563998558683 -0.0478571837830255 -0.0927769554688386 -0.0549048284866482 -0.0164789315173156 -0.0670560574969532 -0.0221903268146066 -0.0604598885437021 -0.0784267719356607 -0.159351048326285 -0.135848156665187 -0.126309236830116 -0.15869402249283 -0.0181590221696514 -0.0515855638061643 -0.0808086837355315 -0.0944823966562623 -0.107285531042266 -0.0570722019123474 0.00678175012033814 0.0685053685466353 0.112818513312228 0.152981177559821 0.143751451989483 0.0937556999386972 0.0568758573316267 0.0281976181139419 0.0369869664965926 0.0519354715635761 0.120307163878276 0.107957461968555 0.0272943482422738 -0.0212571371284233 0.0139433523593976 -9999 -9999 -9999 -9999 -9999 -9999 -9999 -9999 -9999 -9999 -9999 -9999 -9999 -9999
-0.0545418303413352 -0.114619469686179 -0.130806976399091 -0.0652491844046221 -0.0419416704784141 -0.0318138402657957 0.0441803309473669 -0.023144781946653 0.0139080672086604 -0.104219790856801 -0.110775153452523 -0.0688006083161471 -0.190963171563785 -0.102062232081846 -0.133828116198612 -0.130082488535328 -0.0908462913256273 -0.0801527561641714 -0.0907970279642828 0.0086499335571492 0.114074714769841 0.142195507926664 0.157916446185628 0.155048572064627 0.108152228937998 0.0517756978054618 -0.0103545050002694 0.00119737084408995 0.070973849893476 0.0924064780912186 0.0521307242938959 -0.151290115963735 -0.133339412689651 -9999 -9999 -9999 -9999 -9999 -9999 -9999 -9999 -9999 -9999 -9999 -9999 -9999 -9999 -9999
-0.045373026552612 -0.0982637865022473 -0.150909546422725 -0.114311887225731 -0.0949582914816702 -0.0797176612679478 -0.031460024901637 -0.027448623141188 0.0295280737246744 -0.0517338642694744 -0.0370079670877972 -0.0388302625965038 -0.173246059754059 -0.213180096723254 -0.238511124988045 -0.204632545973349 -0.166328491785239 -0.0594258661801096 -0.0455400333476934 0.0310663234293706 0.0834596160216104 0.101261757859892 0.126584303773676 0.124586449108056 0.0882129719795912 -0.00228166233175269 -0.0498047529572941 -0.0298735430074754 0.0664792941273846 0.0971435007372721 -0.0614200065941365 -9999 0.236726389934486 -9999 -9999 -9999 -9999 -9999 -9999 -9999 -9999 -9999 -9999 -9999 -9999 -9999 -9999 -9999
-0.08011606665695 -0.144095380814581 -0.272814522188907 -0.189993338471874 -0.141444269150929 -0.0872387565295745 -0.00864473960445862 -0.00712945767649597 0.0342158153428897 0.0341577414326782 0.0352492112860781 -0.161239982022876 -0.205091366305771 -0.225704933373574 -0.258741294335418 -0.230739799825137 -0.134614963402883 -0.0740811778446875 -0.0256137900816364 0.0200705224183881 0.0614726790875585 0.0718162172468348 0.112007224828859 0.134618221916148 0.0569175200526034 0.0341841520586146 0.00531082793811186 -0.0216500018224707 -0.0462092732617854 -0.0594813307067803 -0.171337852348124 -9999 -9999 -9999 -9999 -9999 -9999 -9999 -9999 -9999 -9999 -9999 -9999 -9999 -9999 -9999 -9999 -9999
-0.12373979496382 -0.182199053490198 -0.250108387573666 -0.189958506510056 -0.133345760380423 -0.107877485928436 -0.0504917260987054 0.0117728597970549 0.0129294918698046 -0.10591956708482 -0.163317441810686 -0.117333784840942 -0.249208220854482 -0.20971876431796 -0.164246623461324 -0.156840535251264 -0.0522980826602422 0.00723052292056962 -0.00744614444773397 -0.0101027320341478 0.0302829608995449 0.0620299437509383 0.0972479906439813 0.0751844453055251 0.0378067300627957 0.0427103543444168 -0.0443939907928337 -0.0746228759618335 -0.136588444513872 -0.0389929048022004 0.0398130933727464 -9999 -9999 -9999 -9999 -9999 -9999 -9999 -9999 -9999 -9999 -9999 -9999 -9999 -9999 -9999 -9999 -9999
-0.198189551874675 -0.191814075970246 -0.170208069310668 -0.160283890010618 -0.11956097350839 -0.116050379932148 -0.0734244083228876 -0.0457896208562991 -0.0294975087266332 -0.0825815843500653 -0.104840801869884 -0.108045610906884 -0.28534084413969 -0.137249929358653 -0.118194239050706 -0.110088653271392 0.0310588627826517 0.0484400352186582 0.0289384994756206 0.0243457654075803 -0.0125429036389056 0.0153197311229087 0.0115771747964144 0.0250313247276969 -0.00946435684626757 -0.0715188586985508 -0.131815401933957 -0.181387179157957 -0.104726650950894 -0.140134289949215 -9999 -9999 -9999 -9999 -9999 -9999 -9999 -9999 -9999 -9999 -9999 -9999 -9999 -9999 -9999 -9999 -9999 -9999
-0.203079237408183 -0.100976023627161 -0.109439475955414 -0.0696243507507648 -0.0425241690456709 -0.140785289101387 -0.123578104403592 -0.0739927386814096 -0.0637841824565337 -0.0649963226390534 -0.0960287644848118 -0.125063078055966 -0.193520879579161 -0.0758931662450522 -0.0843632970237207 0.0054140037263871 0.093728996158404 0.107428014074915 0.0414158648102126 0.0225213631873779 -0.0234398323434145 -0.0348715731481881 -0.0935552085398126 -0.0990165180600605 -0.0581118473874711 -0.154564036556212 -0.100239394273646 -0.121046966161931 -0.170071554970287 -9999 -9999 -9999 -9999 -9999 -9999 -9999 -9999 -9999 -9999 -9999 -9999 -9999 -9999 -9999 -9999 -9999 -9999 -9999
-0.152284845828708 -0.0767386443498069 -0.0398683213673326 -0.0628248874689042 0.0113691090777628 -0.0468507968722892 -0.110208483044427 -0.0446443978729932 -0.0496370253133652 -0.0915416390678308 -0.15331525441591 -0.228850432315154 -0.142004908467181 -0.018161029463819 -0.00603975794721514 0.0737299907225601 0.124023342784166 0.0892427139902409 0.101731871694834 0.0750504945403985 0.00115135509608596 -0.102624421691094 -0.113093844720831 -0.135649716166814 -0.157036016304876 -0.174015308613229 -0.101813171676833 -0.0559041361408484 -9999 -9999 -9999 -9999 -9999 -9999 -9999 -9999 -9999 -9999 -9999 -9999 -9999 -9999 -9999 -9999 -9999 -9999 -9999 -9999
-0.0779975167294202 0.0229936596205127 0.0682683945522076 0.0574610422967922 0.061950996102156 0.0296028183799299 0.0129702850214876 -0.0239365071176589 -0.0397435454518843 -0.0422290828805365 -0.0605669194279481 -0.172578592681311 -0.109151852189375 0.0143654850688306 0.0698944898659951 0.129060090250474 0.167158147637961 0.158350203598908 0.12097011468285 0.0924232079079828 0.0189527110996382 -0.0850349590850552 -0.108216920715897 -0.142931882914463 -0.200503038228499 -0.22329152404859 -9999 -9999 -9999 -9999 -9999 -9999 -9999 -9999 -9999 -9999 -9999 -9999 -9999 -9999 -9999 -9999 -9999 -9999 -9999 -9999 -9999 -9999
-0.011902396165872 0.0409156758753986 0.137179050597173 0.157922133033014 0.134325191495654 0.133858763117874 0.0384913913567796 -0.0664456533658847 -0.0287990083032024 -0.038166040893889 -0.062330075841914 -0.10678131187447 -0.0594216545176907 0.0378544206224235 0.088805494091828 0.136054753830659 0.130498343164223 0.149901543021984 0.12050792853717 0.054715877968761 0.0301980468301732 -0.00954236738665286 -0.0292404598723102 -0.0899270313301895 -0.117298071547261 -9999 -9999 -9999 -9999 -9999 -9999 -9999 -9999 -9999 -9999 -9999 -9999 -9999 -9999 -9999 -9999 -9999 -9999 -9999 -9999 -9999 -9999 -9999
0.0439230396375062 0.109524222093652 0.127332952985212 0.177704665737555 0.18127788708547 0.131348216113048 0.0494275273802337 -0.00221831185949976 -0.11336491474543 -0.167314864880391 -0.13839164384972 -0.124975229676719 -0.0534079122208734 0.00360699845535723 0.0650813997892503 0.0675719534144556 0.125906554097603 0.116102754156499 0.1112776538058 0.0711647534645815 0.0656761888536261 0.0953799184010029 -0.0288928566638233 -0.0569814120131046 -9999 -9999 -9999 -9999 -9999 -9999 -9999 -9999 -9999 -9999 -9999 -9999 -9999 -9999 -9999 -9999 -9999 -9999 -9999 -9999 -9999 -9999 -9999 -9999
0.0205035923093608 0.0788995877019187 0.124950116677164 0.137931475607207 0.163657400055357 0.125118273624193 0.10574843442102 0.0467802696402254 -0.134295474517547 -0.256793179015845 -0.196996416878801 -0.10709314903101 -0.0614826604756118 -0.0134125586839493 0.0196215574440326 0.0188071556996544 0.0909418037469399 0.0536799387708525 0.0280072425856012 0.0235870532572544 0.0553641437076107 0.112220674552046 -9999 -9999 -9999 -9999 -9999 -9999 -9999 -9999 -9999 -9999 -9999 -9999 -9999 -9999 -9999 -9999 -9999 -9999 -9999 -9999 -9999 -9999 -9999 -9999 -9999 -9999
