data/rasters/s1.29.06.cu.4_xyz_08_.asc
NCOLS 100 
NROWS 100 
XLLCORNER -4 
YLLCORNER -4 
CELLSIZE 0.08 
NODATA_value -9999 
[rows 21 to 41 of 100, columns 48 to 95 of 100]
-0.0772755326097428 -0.0438983004982638 0.0209472489686289 0.105032405968729 0.181329873896251 0.284067409490327 0.391051977454277 0.42197374233558 0.334244980067298 0.000974271632433224 -0.000654845336971593 -0.0213254684647307 -0.0284795919243063 0.011526209003662 -0.0152202988288508 -0.0336159536651501 -0.0626829045756733 -0.0820207102132892 -0.00753563555958191 0.0354911384915304 0.0665809446873707 0.0403801771898018 0.115496700442031 0.228053310869396 0.24452868364013 0.146737568625332 0.261908874376564 0.343757874363857 -9999 -9999 -9999 -9999 -9999 -9999 -9999 -9999 -9999 -9999 -9999 -9999 -9999 -9999 -9999 -9999 -9999 -9999 -9999 -9999
-0.139111647592131 -0.0568221520422499 -0.0305171037079162 0.0615416932427372 0.211849408556174 0.33548518048325 0.32865035966618 0.341440492138062 0.223104750035418 0.0738957310700185 0.0104995464706678 -0.0157239549379452 0.0386382801929908 -0.0218423431051627 -0.0268297980963708 -0.0435867798683149 -0.0849604079620121 -0.0596829526059393 -0.0312373731349876 -0.0187925263737523 -0.0791982348916512 -0.149714066229113 -0.09473395586769 -0.0447632539924254 0.0719019779592262 0.063613122005603 0.154822844283109 0.258008738042714 0.299539163312864 0.31636093603833 -9999 -9999 -9999 -9999 -9999 -9999 -9999 -9999 -9999 -9999 -9999 -9999 -9999 -9999 -9999 -9999 -9999 -9999
-0.22186711221017 -0.114704811564583 -0.0457484600758913 0.0421681364050582 0.231565452002648 0.276726119557072 0.316352301903928 0.276467281046714 0.217965595093195 0.0807685992280837 -0.00457288445817002 0.0218912363272784 -0.00234830254962197 -0.0127979691381384 -0.0479459056601769 -0.0711181847257219 -0.0813589891876964 -0.0507552303943977 -0.0629362254456143 -0.184678239867284 -0.155795015495817 -0.175270108511437 -0.263728014911995 -0.274056433976442 -0.131993136601076 0.017258013486421 0.141025101131896 0.243298115588603 0.33916699587571 0.368411021383422 0.428011639086958 -9999 -9999 -9999 -9999 -9999 -9999 -9999 -9999 -9999 -9999 -9999 -9999 -9999 -9999 -9999 -9999 -9999
-0.222231048592097 -0.0580111453306995 -0.0251641673908781 0.0799512283817443 0.275787366861612 0.275014309059935 0.287546711312518 0.287759891266987 0.25157668636985 0.149645146611987 0.0685858123453033 0.0304249441835798 -0.0251663450326744 -0.0194501924960759 -0.0741491158681469 -0.0848672141876426 -0.0849199919743845 -0.078356623237914 -0.205466531829879 -0.251598553212423 -0.307290403919805 -0.301991798430395 -0.330035660176846 -0.296789026135672 -0.219730321135099 -0.114499869334866 0.0651417864074171 0.316560059168765 0.389363497014671 0.419191375336584 0.45305810850194 0.361541817991796 -9999 -9999 -9999 -9999 -9999 -9999 -9999 -9999 -9999 -9999 -9999 -9999 -9999 -9999 -9999 -9999
-0.177776846555824 -0.103660700235632 0.0355137058275128 0.157539552289366 0.200788281356132 0.213828683791831 0.212086906981137 0.236103442148502 0.268427865413635 0.358361815807504 0.204109862029828 0.0442880513125708 -0.0159629184577263 -0.0150263054852921 -0.123168959922955 -0.0831613527948362 -0.105478005614841 -0.165173156506669 -0.229604022924967 -0.395987791707025 -0.388274095026678 -0.334994541273065 -0.352202531927071 -0.334771886515607 -0.269696168980451 -0.203040590500249 -0.0936864482149616 0.13836015245117 0.309700993746853 0.402310031431195 0.416970221816337 0.324779583634291 0.340198229829988 -9999 -9999 -9999 -9999 -9999 -9999 -9999 -9999 -9999 -9999 -9999 -9999 -9999 -9999 -9999
-0.02496862473538 -0.0124899021796721 0.109902534039399 0.110384842674104 0.264627549541639 0.143257661588333 0.148048910581475 0.244046321545364 0.265569075934791 0.344163263147538 0.267378248714544 0.142391413188648 0.0485838815097421 -0.0212892371919379 -0.0960556096067898 -0.0329118417895169 -0.101189006928932 -0.258941902544961 -0.320692265821542 -0.388807284143542 -0.405782522613034 -0.382211042595535 -0.443029772534288 -0.415676213264438 -0.366283862824067 -0.257831778979429 -0.140617882963846 0.0905089768876733 0.209562427248837 0.12706093381937 0.0044231072133827 0.325629169317236 0.355111854644012 -9999 -9999 -9999 -9999 -9999 -9999 -9999 -9999 -9999 -9999 -9999 -9999 -9999 -9999 -9999
0.202606058172175 0.0517470322892243 0.14322450024499 0.0698823433094538 0.0311061310206682 0.0527851420846231 0.133449747104214 0.178989964060737 0.195482099854759 0.308050133456343 0.337267920766511 0.26748537063863 0.140609339718776 0.0218680687685723 -0.0936827268300379 -0.0655459410814777 -0.112521626025858 -0.260657671236785 -0.357808373305661 -0.34958267040474 -0.360038607044333 -0.427511160229185 -0.484567537756666 -0.484382164276064 -0.44029707942637 -0.38123658398415 -0.228155235908863 0.0841477363180949 0.113911212766879 0.107951120443515 0.0615969662916928 0.0244051966773775 0.159447493542593 0.364979120960216 -9999 -9999 -9999 -9999 -9999 -9999 -9999 -9999 -9999 -9999 -9999 -9999 -9999 -9999
0.365357216493176 -9999 0.216420726131486 -0.0119209730844169 -0.0196176062242812 0.0209003820055206 0.0669106863598938 0.145375450703598 0.189036165964439 0.245574587595173 0.352962680248162 0.398342272890275 0.310640437825003 0.217281863342428 0.00456653001142028 0.00541045814934442 -0.114287820672171 -0.257904060250346 -0.301597923097664 -0.367851466212792 -0.389562066511402 -0.465280563196665 -0.45458090166277 -0.412889059291257 -0.409895361856282 -0.370884132986717 -0.267883649089779 -0.0216557741529596 -0.00174636257322618 0.00811611643836677 -0.0392587569913934 -0.00029656507728829 0.180900633786508 0.341882143519558 0.192146916439222 -9999 -9999 -9999 -9999 -9999 -9999 -9999 -9999 -9999 -9999 -9999 -9999 -9999
0.288960891327193 0.0909492544204897 0.0661800716979256 -0.0710576650620468 -0.0581129839468266 0.0125332977668855 0.0829439521292704 0.154377256250342 0.183546197521247 0.231199629023883 0.296741212736806 0.423760542805016 0.424384884304444 0.365325223632825 0.249845812046858 0.196345593347758 -0.0203195173746397 -0.259560821143314 -0.332220635077179 -0.372757899203197 -0.397575011914882 -0.425578818659504 -0.419811939425345 -0.456820168540852 -0.433567293735329 -0.397515915237262 -0.318132288455705 -0.146117065185945 -0.0596588611808459 -0.0438951758460542 -0.0446493124541184 -0.039125687930995 0.0269053560581128 0.148658109011979 0.201604972032994 -9999 -9999 -9999 -9999 -9999 -9999 -9999 -9999 -9999 -9999 -9999 -9999 -9999
0.189266526619002 -0.0206254672497756 -0.118563897035962 -0.15602697757852 -0.126063917491086 -0.0564239541756577 0.0210367516375723 0.108725866287259 0.161289353274871 0.261739446151588 0.308659037695638 0.386840130093729 0.4530848520105 0.427936781225963 0.435877615019091 0.337254463690481 0.108498692225524 -0.173786218332964 -0.339715255715088 -0.387084378690881 -0.424310606255917 -0.417890960494915 -0.427954859469864 -0.433116227175305 -0.439103622941063 -0.435279973259388 -0.385591707631445 -0.229798648133882 -0.061785956317977 -0.0793788078014885 -0.0791307996866253 -0.0778732217096101 -0.0105457939449152 0.0817396351063832 0.154837770011344 0.0936601798506893 -9999 -9999 -9999 -9999 -9999 -9999 -9999 -9999 -9999 -9999 -9999 -9999
-0.0372373098198978 -0.101689270670512 -0.17168118634742 -0.182516573124362 -0.13612916032866 -0.0794913325337765 0.0138402213020079 0.105029132414327 0.203342459165322 0.319267833798862 0.351471888691685 0.438376711924864 0.482048181077149 0.453157543395848 0.462991604679764 0.499492288409406 0.414960164005863 -0.0415107050008727 -0.259708639941436 -0.37133099935335 -0.463797715298059 -0.44364093911731 -0.432618695793771 -0.432523239285966 -0.446402548726563 -0.403849284024952 -0.353258940490084 -0.134432221647204 -0.0208310679948828 -0.0320264180014974 -0.0216121761355388 -0.0323556252228064 0.0238801615084028 0.0291552883630776 -0.00135978651409401 -0.0191824366854588 -0.0898273528794505 -9999 -9999 -9999 -9999 -9999 -9999 -9999 -9999 -9999 -9999 -9999
-0.109004519507991 -0.134963797885427 -0.175950333276291 -0.216281498554872 -0.134877775915399 -0.0319462644113916 0.0420057268602829 0.100121420238565 0.226632290728424 0.298686102683933 0.419789381959704 0.516961951056998 0.595941555472683 0.620413177082476 0.600755306853455 0.630195717186373 0.420092150343198 -0.0211212412533818 -0.231144400574587 -0.322550035095029 -0.440785075107464 -0.507573971604427 -0.48951475822408 -0.460081101550046 -0.47477157007699 -0.427284094669254 -0.361125514304244 -0.150878578095897 0.0380820464460317 0.046970254254724 0.049571996466862 -0.0436004006874903 -0.0750954014718179 -0.126050809171604 -0.0802302441222204 -0.118118442223841 -0.127572957685717 -9999 -9999 -9999 -9999 -9999 -9999 -9999 -9999 -9999 -9999 -9999
-0.176437322906058 -0.159885958143519 -0.166614430084711 -0.178479517327549 -0.128660508320982 0.0184593475637049 0.190676341707175 0.15568249516122 0.200898296893022 0.290312247230009 0.414420897638186 0.585620488460731 0.644453702211123 0.659042578812247 0.661697650737777 0.675316618402525 0.613921384840844 0.145163725108421 -0.262096726421445 -0.377477012299633 -0.475743037294954 -0.486517156285262 -0.549991650170167 -0.528321284271451 -0.494145155274285 -0.42521455197073 -0.356048235747974 -0.238789059709464 -0.0027908734223998 0.0684124115168384 -0.00724599169659399 -0.0784765823259871 -0.157577121331157 -0.208731625420026 -0.184914687552863 -0.148322187533272 -0.165564216107757 -0.1625300113673 -9999 -9999 -9999 -9999 -9999 -9999 -9999 -9999 -9999 -9999
-0.135125602066547 -0.131139859058253 -0.206991226227125 -0.176272596000135 -0.155205593295913 -0.0632225517094808 0.0546661624369113 0.114993140005203 0.225193792116451 0.305483372055992 0.406051638999485 0.514862894015128 0.600675406885249 0.599337132357044 0.565372517043435 0.5104867543409 0.445989764620035 0.136528574684544 -0.2558708363796 -0.406332511245889 -0.446911071282772 -0.476624795851688 -0.479204109200095 -0.481871878914249 -0.484587099985978 -0.451286253256107 -0.392901982098769 -0.313774234865698 -0.116322580377087 -0.00677006360808327 -0.106674724282613 -0.1723054534198 -0.198204784966987 -0.207209580693588 -0.226267666922825 -0.20048506004693 -0.203273442511066 -0.216379239455592 -9999 -9999 -9999 -9999 -9999 -9999 -9999 -9999 -9999 -9999
-0.123300500668154 -0.1616396780114 -0.21293662322906 -0.184755403193364 -0.174780111481239 -0.134795978377584 -0.00530601958943483 0.0549809052024053 0.243836871646022 0.374877110525157 0.461398510860535 0.486356385800033 0.545791069981924 0.538293663285061 0.488354261920398 0.436975161415393 0.429356815830364 0.232266560331041 -0.197638792673772 -0.415962579261416 -0.408657579395961 -0.452722767294175 -0.482253902825827 -0.471555397834891 -0.478897312760118 -0.420425583679416 -0.367777891845005 -0.296635821893514 -0.210355329701413 -0.111741315293657 -0.131609946019944 -0.174341457973547 -0.219199533604565 -0.250253458846106 -0.238937029945559 -0.258231662888442 -0.215126307853807 -0.188560380023573 -9999 -9999 -9999 -9999 -9999 -9999 -9999 -9999 -9999 -9999
-0.114991387348354 -0.161890856804322 -0.254651539251277 -0.190793303705668 -0.185938170425422 -0.131501975311376 -0.0566205986228871 0.0107207208116802 0.210318934932741 0.400125641719562 0.520539663056984 0.583888847142241 0.59756657833119 0.516155356235194 0.464805620676094 0.405265128416739 0.388438456314016 0.124679633577932 -0.110448581190735 -0.323860124961006 -0.383768732226066 -0.438482458163974 -0.394838318389392 -0.423872795194825 -0.417335960721736 -0.390891478873881 -0.309756706424315 -0.21996027623528 -0.149393055313243 -0.0868088124487771 -0.0185302165446416 -0.192618010354575 -0.228622257530578 -0.249430439853138 -0.23922966842365 -0.270297279796823 -0.232885691564944 -0.204845618954818 -0.218238936389238 -9999 -9999 -9999 -9999 -9999 -9999 -9999 -9999 -9999
-0.121211070039956 -0.148778205961502 -0.194135550400457 -0.183239160510753 -0.178146785321803 -0.129174708650815 -0.0712890353883174 0.0289935393559442 0.168841381640742 0.355356021625217 0.602691040254418 0.705572084847245 0.621511206340053 0.438354717536438 0.449113780426169 0.433900262046302 0.359874197290378 0.155033773252384 -0.00686536659906291 -0.225883987256517 -0.366678509157263 -0.379824382433752 -0.399380602917623 -0.411345717401511 -0.354165530660693 -0.295870373879163 -0.223544168054033 -0.104333251355443 0.0147358806347443 0.0117520084756261 0.0186300277652669 -0.180568717381063 -0.229251428855584 -0.262010391896289 -0.259828443717551 -0.269062559255414 -0.221761838018501 -0.185065227818272 -0.212160152389261 -9999 -9999 -9999 -9999 -9999 -9999 -9999 -9999 -9999
-0.15628868252767 -0.176807633426253 -0.221467502441843 -0.205106257445873 -0.210514798379313 -0.172727703387178 -0.108191838560267 0.0224023144086129 0.198208457986558 0.385019179890049 0.54224975894495 0.678567977361753 0.752398269592878 0.411210548087667 0.397478333495233 0.277791813541393 0.20820483474605 0.0966672823373348 0.0156086980860553 -0.118195222119394 -0.244073000624853 -0.333970920171027 -0.317829341450017 -0.374249812257778 -0.270085780437299 -0.220762043659204 -0.15001574260099 0.0230196239726215 0.0975419053068206 0.0781837116470449 0.00535322844169625 -0.14851913503944 -0.215339141966922 -0.271242060315747 -0.214801077245017 -0.230320284828079 -0.217519940069636 -0.134565685588121 -0.15613770554125 -9999 -9999 -9999 -9999 -9999 -9999 -9999 -9999 -9999
-0.205284278859584 -0.228391623955342 -0.2396214801106 -0.225558956916323 -0.190406582978696 -0.178257159439446 -0.132231765922878 -0.0123740325617371 0.148529394922179 0.371684218748446 0.542753058304356 0.69083847263024 0.564476318272587 0.366413871992261 0.307396929330369 0.275104523834876 0.107500423932067 0.0532938071907347 -0.0467852861589145 -0.0546542844948156 -0.144276384352836 -0.16710519742953 -0.0725318207351951 -0.304403746562253 -0.206973088015711 -0.208791063030258 -0.0553183597487608 0.0876264506331947 0.100276922749278 0.179626129551142 -0.0462672871813918 -0.150519653262542 -0.190535076731566 -0.242281202731547 -0.242188991885501 -0.172102629981252 -0.13473492260031 -0.0987116334745168 -0.0673016851377168 -0.0549380383852899 -9999 -9999 -9999 -9999 -9999 -9999 -9999 -9999
-0.289850614794744 -0.315046458865426 -0.24778015940201 -0.222738461145866 -0.215213526264816 -0.190694114103311 -0.1280123311495 0.018864608785526 0.257992085095765 0.402158166966328 0.558128027136848 0.608269626347877 0.425407036368877 0.275176912651676 0.295762739489448 0.359037642898692 0.101710902898013 -0.0192972742496819 -0.063530021433987 -0.0723355981681654 -0.0654991440028768 -0.00599789200199667 -0.0133567074415595 -0.152883586293606 -0.243851448345238 -0.217851127022244 -0.0192954128723714 0.0361468664927765 0.02529575002239 0.0780557660595171 -0.106128653651159 -0.14406766554813 -0.183853483307967 -0.219340138352542 -0.168699654937653 -0.0631008762088118 -0.0635733880770247 -0.0233152497401011 0.0269874342245069 0.0413523634326547 -9999 -9999 -9999 -9999 -9999 -9999 -9999 -9999
-0.339971568443178 -0.392714394700065 -0.298121038302232 -0.251367798849521 -0.217685997128528 -0.176051737157037 -0.126282506366569 0.000901754060482779 0.254788600079316 0.401579476520502 0.447809282443023 0.495918909532764 0.31770286830013 0.198192225187514 0.22011047417658 0.196625413578227 0.0234132610335548 -0.0374848967310944 -0.0785009116616674 -0.0934824658735907 -0.0771837917267177 -0.0142793428812761 -0.095388025616774 -0.144601853085006 -0.268552181331681 -0.227201502027976 -0.188780804864415 -0.217689056566476 -0.113900689607245 -0.0382464781821036 -0.11837156878003 -0.174549026620337 -0.0817231566446868 -0.176498159697545 0.00627438020653335 0.157069023532656 0.0183237104613545 0.0818360788455059 0.134736064510148 0.154315696809487 -9999 -9999 -9999 -9999 -9999 -9999 -9999 -9999
