data/rasters/s1.29.06.cu.1_xyz_08_.asc
NCOLS 100 
NROWS 100 
XLLCORNER -4 
YLLCORNER -4 
CELLSIZE 0.08 
NODATA_value -9999 
[rows 42 to 62 of 100, columns 0 to 47 of 100]
-9999 -9999 -9999 -9999 -9999 -9999 -9999 -9999 -9999 -9999 -9999 -9999 -0.144425176624562 -0.197960009134668 -0.288090796969665 -0.515799072431612 -0.623522755327165 -0.584379157770687 -0.554765402496088 -0.471638004970299 -0.517872725026303 -0.318204817691344 -0.381917431164322 -0.34722944104417 -0.251450416851108 -0.291558710538408 -0.188760511997966 0.0571095277533239 -0.078733563325087 0.22332724715526 0.330795032712542 0.390250024031174 0.353876904058712 0.403701348188202 0.42522613032717 0.255801538248193 0.236165849283691 0.182024072058601 0.0374830986047851 -0.0602342814515192 -9999 -9999 0.204604643762637 0.220174387716188 0.325564905028676 0.264469467018352 0.259560961733655 0.279854618240042
-9999 -9999 -9999 -9999 -9999 -9999 -9999 -9999 -9999 -9999 -9999 -9999 0.0941605275770466 0.0135457792892078 -0.0753554123997748 -0.370376108812764 -0.527666380839635 -0.585948978350332 -0.569100610281928 -0.418797587780086 -0.197797009317936 -0.251810380413095 -0.201215291435172 -0.284177700437992 -0.243077987393358 -0.283010065767335 -0.319311547299359 -0.153780662847388 -0.0997501306623896 0.0157915369787172 0.24131409617448 0.363660565168398 0.316310019811843 0.308186043599797 0.314941410767903 0.347555264620928 0.104840197423412 0.216685124752874 0.203681527655502 -9999 -9999 -9999 0.0756461417572045 0.0928111470226872 0.21146506884024 0.228140624261578 0.20118691874451 0.262943282082751
-9999 -9999 -9999 -9999 -9999 -9999 -9999 -9999 -9999 -9999 -9999 0.193612195946377 0.133842763928492 0.124996837847679 -0.048467285562239 -0.241669780959343 -0.441017852687542 -0.495360453151519 -0.61913769791529 -0.430953367727351 -0.100606168019645 -0.0316768584502527 -0.0373139557423391 -0.232866537870838 -0.280301106457422 -0.316495969032562 -0.351373926944688 -0.251773198622829 0.156347284183527 -0.103574418578047 0.169302359580329 0.234415953545277 0.255372859046 0.250272544722527 0.188424251323175 0.161401555547742 0.148647426039761 -0.00592097420751923 0.0726355181749209 -0.0010352214313772 -0.0174828580128329 -0.0236558977140772 0.133064670082308 0.0916579548893305 0.179503912756561 0.148444029591024 0.178731546906725 0.200584956028452
-9999 -9999 -9999 -9999 -9999 -9999 -9999 -9999 -9999 -9999 -9999 0.279611696344837 0.272319880151157 0.252297008924992 0.0913565425097707 0.0161370693085926 -0.191139178789647 -0.119512942075093 -9999 -0.316602290493069 -0.172963737180229 0.00785515700491792 -0.0159794672138962 -0.142291818571449 -0.262979610195077 -0.326190302674085 -0.369024113356746 -0.352860844051665 -0.125719709979343 -0.102050370174466 0.137096187909148 0.0511329317111386 0.117367949455883 0.174619961543987 0.151932265090286 0.101240687557454 0.154413789444009 0.127235780833539 0.140681942961912 0.131897588403358 0.148078750623801 0.104979000585244 0.094357177953357 0.202440353572153 0.198770606797161 0.149338837785455 0.116525213197734 0.0812071323706158
-9999 -9999 -9999 -9999 -9999 -9999 -9999 -9999 -9999 -9999 -9999 0.329183078205082 0.322069015265517 0.312266208550331 0.262345590973352 0.120742896225158 -0.0344417430725283 -0.0412969507599001 -0.0136412921722298 -0.286124112754703 -0.245258779808766 -0.10140219531089 -0.0867493479854727 -0.198265103276203 -0.268684925784451 -0.344506746618135 -0.331439643934969 -0.261315285992553 -0.221818932370386 -0.121836783768398 -0.0186167593711769 -0.00110107826503572 0.0458680530004856 -0.0496287277851633 -0.0942899575628314 0.0200836341504217 0.103827211421497 0.167433536305504 0.195286423471845 0.278435335950337 0.229434586214765 0.123384202281976 0.110913208280162 0.148179761674439 0.118531383775278 0.122362488782435 0.070321775593099 0.0653748768846741
-9999 -9999 -9999 -9999 -9999 -9999 -9999 -9999 -9999 -9999 -9999 0.345095867241875 0.336776055891679 0.336746938751715 0.25846800168755 0.151699889157578 0.0530595127685526 -0.0554280349495916 -0.32559883239281 -0.291370189760714 -0.221777352790131 -0.180813050987368 -0.148417370438273 -0.22649097802333 -0.320928686936013 -0.226540388899503 -0.229237172867783 -0.206347273995777 -0.167599478707541 -0.135729958959321 -0.104123048761995 -0.236708132523197 -0.229856956116988 -0.19569442949817 -0.182689880198286 -0.0615891255110117 0.0862452567933871 0.207145806298611 0.261482231282315 0.293458812263419 0.285337484821415 0.23013597896146 0.242017615316768 0.246631127688031 0.0570122849318513 0.0272238314958268 0.0207738574346328 -0.00522328063892738
-9999 -9999 -9999 -9999 -9999 -9999 -9999 -9999 -9999 -9999 -9999 0.32271295616929 0.323439528938392 0.338656196938511 0.287068187109448 0.211175184027252 0.0746768616142986 -0.00412690170468567 -0.314805110935689 -0.247746363238753 -0.257156741900985 -0.297776514369929 -0.334246129419644 -0.305197224019505 -0.241102657838079 -0.153233632580055 -0.163974390448466 -0.087782587762548 0.0325508400468532 -0.0468255497479114 -0.104557102225167 -0.123756754431561 -0.128777044681593 -0.158229261371031 -0.0511908369818246 -0.0144040566505912 0.00249069104268638 0.222745732004151 0.294379652594659 0.292422028773779 0.322278347953986 0.315671929147666 0.288004767573294 0.27879655832232 0.0924119253123035 -0.023492402943104 -0.0139662354039925 -0.0691231261428453
-9999 -9999 -9999 -9999 -9999 -9999 -9999 -9999 -9999 -9999 -9999 0.287593898138855 0.2827642942479 0.291666636788675 0.216947467374596 0.168497493136968 0.0981015787756755 -0.0927124962813663 -0.283040154580796 -0.291158736125376 -0.264253258319539 -0.266443404347549 -0.3325766056482 -0.449179674095032 -0.181504460258775 -0.0436258500029676 0.0258716749503514 0.0960555873889937 0.100311035944497 0.014261109991851 0.0199767265033155 -0.0836597449634033 -0.0337873715973643 0.00273739007937478 0.0178807621391571 -0.0436312768566517 0.0718003179514261 0.170022077976644 0.306481257370487 0.322442032884688 0.263750833514642 0.266894738153137 0.230695278123144 0.226929514868962 0.198856373364432 0.0913999639825922 -0.102970166942789 -0.150239187498325
-9999 -9999 -9999 -9999 -9999 -9999 -9999 -9999 -9999 -9999 -9999 0.297358938926129 0.269638658578257 0.337987650868368 0.237439337259532 0.0426273654154131 -0.108054353639132 -0.161018421827821 -0.1582269747505 -0.271038760680901 -0.258882184198126 -0.269524062030433 -0.319750040996413 -0.353585827274315 -0.128873931111436 0.0313034416861925 0.135644855231279 0.155336513771355 0.20762062607459 0.207681070036317 0.112087263304832 0.0118762750484339 0.0026729093550835 -0.03858025179247 -0.0315720650340777 -0.0144298302622338 0.0495787999852767 0.195886919535352 0.261415155586393 0.268377901679981 0.285173153613004 0.172974962952454 0.176589508003789 0.154458841810453 0.16371956381257 -0.0627362291375037 -0.124501942273646 -0.156386809733619
-9999 -9999 -9999 -9999 -9999 -9999 -9999 -9999 -9999 -9999 -9999 0.239057248687144 0.25807995239408 0.195160055251719 0.154223362650131 -0.0855884962072903 -0.200180579110632 -0.282118823616257 -0.299729236084532 -0.289613082351633 -0.28614039930857 -0.279755350354235 -0.352429248915223 -0.260610826703167 -0.0270108628241024 0.0549762718779215 0.149001795700224 0.20812043054149 0.218429450688508 0.202716325678768 0.159267189171898 0.0888614846749556 0.0830934194882504 -0.0625592318469482 -0.180675256689984 -0.0261929646484023 0.0301839310817947 0.181123798113639 0.15665296778605 0.199784993552738 0.246143392723068 0.135239193440721 0.102801639607459 0.122627109188362 0.0362855419052293 -0.0805340071058675 0.38996563665926 0.390179044637953
-9999 -9999 -9999 -9999 -9999 -9999 -9999 -9999 -9999 -9999 -9999 0.283121284450728 0.275649172110364 0.2318631621755 -0.22051564104736 -0.154082559980276 -0.103581202378958 -0.333239033212998 -0.305024738023821 -0.293747602250133 -0.324674516251819 -0.213212046259954 -0.247180124335868 -0.21806045031625 0.00293217694681378 0.0437698252777795 0.170670663594956 0.187357785897941 0.202867392198019 0.232503204216393 0.199518505839821 0.13415901723223 0.0916489094650886 -9999 -9999 -0.161511452957621 -0.0606805172250481 0.0796266244920648 0.153861714692899 0.178069729316966 0.100249435273706 -9999 -9999 0.0368006148100551 -0.0660348885577686 -9999 0.477608183611495 0.30849499537342
-9999 -9999 -9999 -9999 -9999 -9999 -9999 -9999 -9999 -9999 -9999 -9999 -9999 -0.282681618636714 -0.238385499188248 -0.326300688000232 -0.347118903596767 -0.466196041287068 -0.315865927065268 -0.331348118340332 -0.263760251773461 -0.159375444744432 -0.14078209974064 -0.145187434039681 0.0475099693226609 0.109551271310386 0.170171345613662 0.100491113128058 0.186802923208139 0.200159044746658 0.20437470801936 0.109474815750357 0.100207391179464 0.0447835056187679 -0.16201430097272 -0.0972308613754054 0.0891585601458775 0.161563731469974 0.168784358086845 0.145705280647217 0.113714101017578 0.117418209142144 0.103191172200182 0.060783017730732 -0.044781342086869 -0.113690026812116 0.309260539925191 0.293479234394517
-9999 -9999 -9999 -9999 -9999 -9999 -9999 -9999 -9999 -9999 -9999 -9999 -9999 -0.401962625555176 -0.371340293317164 -0.440564622428706 -0.495789857925961 -0.305507535525209 -0.325823796829393 -0.319248295316859 -0.247953374721376 -0.194297021547943 -0.132685876239592 -0.154689626332655 -0.0472444427180156 0.0692048921865172 0.173664198235467 0.154616014259752 0.163701117005353 0.144872968786851 0.162813226431582 0.118040659234793 0.0697897726991059 -0.0269928516226501 -0.0666559778850665 -0.0412888610567323 0.172336932275797 0.253361901093297 0.259191945026723 0.21418064822025 0.204256913149417 0.145896864291597 0.0536163599178789 0.034489396580148 -0.0754458010931754 -0.126594034235582 0.0266418693481203 0.12554263544599
-9999 -9999 -9999 -9999 -9999 -9999 -9999 -9999 -9999 -9999 -9999 -0.393943598786819 -0.356312503672995 -0.405856715839121 -0.467346229791296 -0.415908642854046 -0.345898784452153 -0.180256406151707 -0.249703398847511 -0.25027661716121 -0.291704059484926 -0.267306672683413 -0.21887767439855 -0.196859929884432 -0.0445571421682939 0.0558182622587431 0.0879558223526074 0.115886869313842 0.0888572790757431 0.101521990113081 0.111010213501418 0.0525839737956401 0.0804501862730523 0.100656000032245 0.0145184031126186 0.108376212197088 0.288679658844516 0.323547917982634 0.292288053552533 0.327807364740008 0.26316707661625 0.202175663271045 0.0590981017150211 0.14821855160914 0.037717001065725 0.241435845628945 0.0861056262402602 0.0306915810004747
-9999 -9999 -9999 -9999 -9999 -9999 -9999 -9999 -9999 -9999 -9999 -0.45259946872578 -0.476119530004741 -0.248331958980787 -0.19647933971603 -0.215299892006717 -0.255229251257864 -0.181305506021638 -0.192682995547331 -0.122496450157603 -0.194448955117261 -0.225007296474373 -0.291289503589485 -0.183683594304121 -0.118486193745341 -0.0840192063889661 0.0848720286871694 -0.0131070182644283 0.032963302075059 0.0586803294100386 0.0669350868500822 0.088308284916388 0.175905288794699 0.229011068767964 0.216991282489364 0.259699697797763 0.374256564907317 0.408409181969599 0.416685267864018 0.359135151412511 0.331885976392341 0.287731066214857 0.164287504657583 0.23960113718446 0.262491366697213 0.229523742762797 0.132882624584261 0.202840932037887
-9999 -9999 -9999 -9999 -9999 -9999 -9999 -9999 -9999 -9999 -9999 -9999 -0.570033871872061 -0.188708245795677 -0.162144984294682 -0.101347591588583 -0.129762066654682 -0.0744124075101664 -0.0332264204391628 -0.0392096276817144 -0.0953075194879668 -0.193747179911583 -0.205825113485871 -0.186716045442187 -0.158614345988107 -0.151470990588693 -0.111931783611119 -0.114988589050336 0.00685793094934071 0.0126151636071432 -0.00829243146640199 0.0431407991470079 0.0731247423267212 0.0535514954189788 0.210291000814015 0.243184390022421 0.412151361184538 0.430637058766601 0.40486321120149 0.397418023819581 0.374010385661018 0.234243715470388 0.205361428047246 0.208059244451029 0.292137232354012 0.307472384633032 0.301907782702584 0.208695679856318
-9999 -9999 -9999 -9999 -9999 -9999 -9999 -9999 -9999 -9999 -9999 -9999 -0.298670045714255 -0.240295632195494 -0.118235284298234 -0.105146977551367 -0.0341965879959132 -0.00655272471564305 0.0196648368118775 0.00052556781113267 -0.0341573666725363 -0.0779324052610458 -0.195451515323073 -0.1960388609133 -0.19968430361413 -0.220836294509683 -0.166864333029682 -0.202960026934154 -0.115005677216098 -0.0208912066299681 -0.044288807854767 0.0304114972853075 0.167692697573293 0.258869372900363 0.351271075991326 0.382195888132688 0.429103108976943 0.432950165540348 0.434563753662529 0.415489373488501 0.351100427523453 0.337845291047531 0.208567563811464 0.20625865394682 0.328999065449368 0.337017524567943 0.293873654204707 0.205190479231492
-9999 -9999 -9999 -9999 -9999 -9999 -9999 -9999 -9999 -9999 -9999 -9999 -0.211750190995978 -0.205472179577082 -0.16739873525401 -0.0848981669972577 -0.02184479250576 0.0598746372977872 0.0508137584534131 0.0607590773496332 0.022260610409045 -0.0435047996405713 -0.220848096059838 -0.233204730054528 -0.21600955450594 -0.286689214558865 -0.233932291673475 -0.282398798949203 -0.180307261999721 -0.108357322273386 -0.0632720815755393 0.085144147484479 0.101251194674169 0.105874499517526 0.262045560725014 0.319988281751777 0.406458322674261 0.409974264054555 0.439507054236135 0.4246296810665 0.394565564847572 0.33512163829553 0.231391602582993 0.229453801676772 0.332065291712268 0.321681456809358 0.274468748761892 0.220958415013509
-9999 -9999 -9999 -9999 -9999 -9999 -9999 -9999 -9999 -9999 -9999 -9999 -0.268141414309945 -0.184029053268676 -0.0869907890734246 -0.0660103352211395 -0.0263031499354923 0.0354948307920926 0.0597307405104257 0.029409538889665 0.0384124393750757 -0.0573387079700107 -0.160442732083446 -0.278997562297522 -0.28071413886288 -0.395109060985517 -0.210551620731132 -0.111109068129531 -0.180076145275803 0.00719540652207786 -0.141434841486542 -0.0235426271211501 -0.0379698835008719 0.0362531807684611 0.145489868191892 0.230807251482236 0.323254038334624 0.386386155123022 0.395164549141357 0.383773734480518 0.352501266417187 0.334718822654378 0.243153495179151 0.170732427559026 0.295460292940625 0.326474644833692 0.31559333831658 0.290799203847199
-9999 -9999 -9999 -9999 -9999 -9999 -9999 -9999 -9999 -9999 -9999 -9999 -9999 -0.182214549751786 -0.0819428881246626 -0.0747933610711453 -0.0589905545856475 -0.0300821830870095 0.0524839556756887 0.0484964625116823 0.0178318676062919 -0.069316561018391 -0.230587279128781 -0.1105301131867 -0.118398542487456 -0.117672273445213 -0.0753607902005327 0.0416262293457811 0.100980173367353 0.0923915102756698 0.071263940718301 0.086617690113004 0.0955593973858126 0.077675011585387 0.0815020157398937 0.173705813768097 0.305103258746694 0.316626086471245 0.316773956928999 0.30421283812478 0.2079246029616 0.21587893029313 0.159234090158974 0.15571859284083 0.300564828497575 0.351750692877326 0.40128748277311 0.405254700354828
-9999 -9999 -9999 -9999 -9999 -9999 -9999 -9999 -9999 -9999 -9999 -9999 -9999 -0.192503663589499 -0.166969557895707 -0.019756487782385 -0.0647429092977572 -0.0888217498738193 -0.0197049058377945 -0.0446937750097555 -0.0489352131880306 -0.0899221180694408 -0.145828872694291 -0.150752895332109 -0.0351755883958876 -0.00133050911648015 0.168561002430788 0.139187736677333 0.19499954411316 0.256583000899857 0.115417620462623 0.190574826437408 0.129555038198967 0.0659810118627831 0.0364985891453561 0.152188887809715 0.152427690469519 0.258128761906485 0.254634945097619 0.241374182870201 0.253799167844458 0.229972941535705 0.119681617290111 0.134680019849155 0.242374390429462 0.252647219480429 0.26937502353171 0.30507563852267
