data/rasters/s1.29.06.cu.5_xyz_08_.asc
NCOLS 100 
NROWS 100 
XLLCORNER -4 
YLLCORNER -4 
CELLSIZE 0.08 
NODATA_value -9999 
[rows 42 to 62 of 100, columns 48 to 95 of 100]
0.0683566293233782 0.00145617510190552 -0.0728369535451499 -0.0999139914938392 -0.0652373466486039 -0.0912096246440993 -0.0959988110690873 -0.0956965488800557 -0.00868327627262563 0.144009333549166 0.158647204829835 -0.073638279781053 -0.0385149783496345 -0.0760988370666607 -0.0888884432848889 -0.0973400275889069 -0.0419597721471149 0.00779809715014807 0.00685493418731256 0.0163863919701069 0.101045513466062 0.0327888342825592 -0.00530328935983422 0.0933396515613318 0.0713645731071 0.0242944802790148 0.0106556357268004 -0.0132000568968797 0.0413458190750102 0.0276522571205497 0.111154197073567 0.217913428289029 0.229892286976716 0.212014524784575 0.170361392092557 0.114867557909121 0.128546758019678 0.137133518484191 0.167297562191823 0.200037177805245 -9999 -9999 -9999 -9999 -9999 -9999 -9999 -9999
0.0909328348227465 -0.0863553292314924 -0.0895840914014089 -0.159004635645568 -0.0940279224897768 -0.190622335661393 -0.285122252071297 -0.195257015241413 -0.00929912655789985 0.112955211643408 -0.0365568733415633 -0.123878258999645 -0.0969969792783385 -0.167728525282133 -0.0986508560624412 -0.123934041587051 -0.0754206044911372 0.00272713450457259 0.0529442665614218 0.092700593023637 0.219022583128721 0.237284858818924 0.132817850029754 0.200216393092394 0.0753550655353912 0.0214823763933611 -0.0688756012244816 -0.0795586901609021 -0.0587973320217725 -0.035554521277034 0.0548210161866401 0.190815043112654 0.295268922908772 0.207965846563246 0.0821487495042919 0.0991687493054716 0.0667058998857453 0.098244304843688 0.0973676556573692 0.200545155815035 0.250246748595646 -9999 -9999 -9999 -9999 -9999 -9999 -9999
0.172038323447937 0.0672640282225039 0.0204827975647458 -0.176248999876135 -0.113106210006429 -0.0915488475003368 -0.193331025557544 -0.0384883761736559 0.0873926448670392 0.0834959693805852 -0.0373049327937593 -0.103051463410916 -0.0489340074673839 -0.152406600314745 -0.136237625151365 -0.143863481199416 -0.0717794167254901 -0.053496070094407 0.0802252651159863 0.173924126168463 0.269867315843256 0.295764642755517 0.198928067713503 0.148542229468815 0.0492294352276725 -0.00174260264859 -0.0580326714897393 -0.0567324817806335 -0.0785091238421543 -0.0090379758711911 0.0111135822751074 0.163869450281651 0.317930121660803 0.216471285932457 0.110890738401933 0.115011502859346 0.0646873031796543 0.0390608469433271 0.0931708472848418 0.20338250356688 0.271592283165245 -9999 -9999 -9999 -9999 -9999 -9999 -9999
0.0726922683751318 0.0763065029911318 -0.0331659892586687 -0.158857088368461 -0.111359903571294 -0.136769975495437 -0.118105907443113 -0.0522443775226052 0.0455759088891047 0.137261384265334 -0.0285344478188988 -0.0880892916957522 -0.0673989545872599 -0.127415402372293 -0.116459683622377 -0.10912081763808 -0.026214245339051 0.000905748843519979 0.13965943797701 0.173490570561975 0.267464752904273 0.248947511402622 0.164468776603721 0.171189210805757 0.0522023296379399 0.0108905953506195 -0.0228331520710854 -0.0150313004174316 -0.0237548035607901 0.000256251304987086 0.031403169757067 0.145423059830447 0.166659211894431 0.150292721416241 0.11696681079483 0.120198248467983 0.0640271329676884 0.0395962089322715 0.046621093157876 0.16021069718439 0.244866384252012 -9999 -9999 -9999 -9999 -9999 -9999 -9999
0.0718249225778731 0.0364885968389578 -0.00144831380533986 -0.0746660060594136 -0.09768184138503 -0.131715914388151 -0.0889044466703919 -0.0489631360327209 0.0392452820996467 0.0233070087078067 0.000990765519107313 -0.0811209853790444 -0.0980692025481448 -0.0535808652545839 -0.0555809096197608 -0.0334849453635783 0.010369694596078 0.108283184339265 0.129348900467155 0.0924773554866801 0.0667053357646199 0.170622521846051 0.140493129231389 0.140313942879622 0.0698269946939326 0.0569719147458114 0.0326632642817753 0.0588246239569335 0.0642664602892463 0.0535581626310276 0.131734396673871 0.122020309100927 0.129841310831892 0.120560115653736 0.104377723185876 0.027890135055182 -0.000921008210436397 -0.00285894959126925 0.0282014870099251 0.0560275501585475 0.189797070472268 -9999 -9999 -9999 -9999 -9999 -9999 -9999
0.101620088657698 0.0153008079458798 0.0269888734840174 -0.0157779156226986 -0.100950873900397 -0.129302225352432 -0.0935404683271492 0.028701269549038 0.0139146969290251 -0.0257497194679861 -0.101242116424784 -0.0798294291905393 -0.0225151903882861 0.033045531150379 0.0122510285747982 0.0816815080937446 0.204130338500641 0.0551232940400277 0.00100116021170532 -0.0205675392266975 0.0327017755826423 0.0411785878655791 0.0734035215413446 0.122759598984555 0.135189687279219 0.192646649938293 0.317897818774272 0.206560561637011 0.227880092659496 0.127402819855954 0.148781057887712 0.161662246388211 0.158149679812415 0.177105566645187 0.143618048815215 0.0932507591534617 0.0510325977566252 0.0116397748429909 0.0541734888650798 0.0986232314292665 0.212476740561867 -9999 -9999 -9999 -9999 -9999 -9999 -9999
0.0934212134728411 0.111023797061573 0.0952739029122145 -0.00646226509693552 0.00435683001260825 0.190387032711584 0.0358838626439946 -0.0271233002833529 -0.0749917395879798 -0.104998427759035 -0.0951656840330508 -0.0810291476276011 0.0231493235728958 0.13902571665276 0.143644390047369 0.182014706221904 0.313856123411496 0.0945720220792911 0.0103208865106011 -0.0114989086886756 -0.0682147627221161 -0.0219700676328019 0.037772269847851 0.0786428620601333 0.19502061334232 0.297009957936881 0.336283474027197 0.211699510030722 0.209652825039508 0.241568799007999 0.181041745566916 0.200282451718315 0.209083980397598 0.161907161648483 0.135933379154186 0.0680244138582958 0.0614026783321021 0.0824371675158711 0.156584598845247 0.158536149370884 0.179477397631972 -9999 -9999 -9999 -9999 -9999 -9999 -9999
0.157314341601916 0.0556225765987533 0.0624829762080416 0.0347635068246213 0.0892427945659949 0.128339771247465 0.0420967804217148 -0.046856214890788 -0.104015747771889 -0.111687917525868 -0.146010279220241 -0.0505400483441399 -0.00563315289141792 0.0650970266394832 0.184218692100728 0.223567732556151 0.190452515067266 0.144575374435573 0.0843916139984985 -0.0193920520085327 -0.0274624258826663 0.0330359177893528 0.0347483488062402 0.0975717549929106 0.308760211933603 0.386316959685064 0.399059777875685 0.437383414747633 0.378324483707166 0.384160612900486 0.241874942582629 0.195552788412793 0.199224877857448 0.145726640623212 0.173988399206732 0.112313638808453 0.104067530809262 0.143298227157226 0.173564818949802 0.0876478970617559 0.107552241633777 -9999 -9999 -9999 -9999 -9999 -9999 -9999
-0.0197398570489057 0.0302591437024955 -0.00741666987267978 -0.00299971830091525 0.0954917801978969 0.0976743185848293 0.0310336226950573 -0.0751703266749581 -0.112525611620318 -0.123108709953108 -0.13336606460676 -0.0975222983900147 -0.0627333597829719 0.0971567448557073 0.212844501936803 0.163692553453591 0.148341215345492 0.172186028434035 0.0768284294722485 0.0281698490495424 0.00295307679774063 0.0527122663346793 0.0608942784828016 0.11990345992242 0.261620388685573 0.320469067245801 0.368473751479613 0.419598619092078 0.447962552152459 0.2823022329157 0.28867731517909 0.191957300004659 0.169649657865434 0.217156863956338 0.141634222381627 0.112665283526675 0.141957860516812 0.151479571538541 0.0961467439089028 0.0494034053849252 -0.016305185951328 -9999 -9999 -9999 -9999 -9999 -9999 -9999
-0.0650346920559565 -0.0953939321994624 -0.072840472147844 -0.0597911319605541 0.0332529632794082 0.104295589898856 0.00197265435807338 -0.0570257523376519 -0.117042356981718 -0.119963880310249 -0.0748870608453297 -0.1034922636714 -0.112591373846917 0.141034887974078 0.164445784048726 0.155057346092644 0.139098733597876 0.182474176657573 0.15447626874922 0.10439492680914 0.0703033126295996 0.0940019489143514 0.0867711910219374 0.139032852260407 0.283745720525739 0.311575770799056 0.346682742912018 0.358984160449046 0.371224179414911 0.433014059465774 0.219110746135048 0.191940589859883 0.184121874159968 0.175200764401382 0.190935303567308 0.185279858453571 0.181292346187388 0.251878773526822 0.210772094064497 0.0606879514588188 -0.0285856823830863 -9999 -9999 -9999 -9999 -9999 -9999 -9999
-0.142448207151274 -0.0928528621130704 -0.164440149598407 -0.0669100935430689 0.00228970003110647 0.0823398457865776 0.0126976312760919 -0.0501299695429125 -0.0574737218439368 -0.0546046155444617 -0.0465845743487744 0.0086404142535067 -0.0208571694772979 0.100350738821974 0.118121502534587 0.140481803112583 0.146648099658036 0.18922374167049 0.139477455871859 0.137444778124243 0.0871084029999472 0.0751740923649559 0.217873535205472 0.368614417083669 0.350050865481045 0.362761188467349 0.322483099648542 0.29915839378225 0.304245359727461 0.29514903459781 0.269627101711675 0.230390852253269 0.197697661032576 0.197652122670251 0.185378060509845 0.218467716006317 0.204265554821173 0.192631962673413 0.127391669674798 0.0475887523195982 -0.00875635213525513 -9999 -9999 -9999 -9999 -9999 -9999 -9999
-0.204881180692257 -0.145038573336068 -0.201967258706567 -0.201329479576955 0.052069523151957 0.0688736062443636 0.0415291728833777 0.0621132807140537 0.0664213155797678 0.0411441403324731 0.0760567997396067 0.0413659385538622 0.0804252757503235 0.0778708933297879 0.0555999839502254 0.0913335415815742 0.184548434869662 0.212518958011403 0.14561225981841 0.0893074153567131 0.0867377103976288 0.0730974301752077 0.202810478378435 0.41223433819433 0.399522050075152 0.378612852312672 0.266638056468421 0.237351482723189 0.280572692591471 0.299254047911769 0.271124110363362 0.217850498859175 0.198176710815493 0.227925261700391 0.158093219843076 0.210590667361164 0.227368696867668 0.380087182388496 0.387628572067068 0.105216700829039 0.0629540797972542 -9999 -9999 -9999 -9999 -9999 -9999 -9999
-0.208138037031594 -0.238465994726958 -0.213490272784271 -0.204955615953098 -0.0515142367867772 0.0477285057754506 0.121742098133759 0.107996578308299 0.0991706439249913 0.0681455602838028 0.00965738509971568 -0.000194144425355314 0.0869526408232212 0.00348153050556895 0.0712838067226013 0.0204971444816326 0.201011214529084 0.155731851335424 0.12655376745435 0.00737164522506072 0.0368876859283845 0.122379599993316 0.206818152629016 0.309817963317821 0.305118428339424 0.271207178256868 0.219291042729439 0.217803660716026 0.206662121382624 0.142272429919035 0.245811762445709 0.201052470272558 0.186511373180369 0.177845319518288 0.151017820583481 0.113833102234965 0.415192946664173 0.323196462676295 0.319425737629171 0.206857355555619 0.176316647088024 -9999 -9999 -9999 -9999 -9999 -9999 -9999
-0.218783574646937 -0.245260740985837 -0.195753085554949 -0.0829060323280718 -0.0656033648194597 0.0156303682403082 0.138310554598378 0.120319691407725 0.107236787645518 0.0758670289207121 0.0477498804100275 0.0218188407728783 0.0373827008624293 0.0410115682379652 0.0728905872061203 0.0339977376580012 0.0545924048087526 0.0743177874130941 0.00622402160079497 -0.0362841568251289 -0.016786464078281 0.0303583975771161 0.0563350661499716 0.066679854434527 0.209070284952858 0.224100058819708 0.159315927573318 0.189277098302409 0.124217967457499 0.0748549661237453 0.128896630760213 0.208868940042019 0.209358388043659 0.167008118221203 0.0726487386039087 0.150350736144269 0.169963458989362 -0.0654439491652073 0.0553284999947975 0.0809604508543478 0.0496421569123848 -9999 -9999 -9999 -9999 -9999 -9999 -9999
-0.171806601365092 -0.198088497865453 -0.125809589715449 -0.051746212253718 -0.0433309574847439 0.0569863322552252 0.0917673329258794 0.0824878630165817 0.0757861187748494 0.09019366865289 0.0560727480379685 2.94958935830396e-05 0.0186522893144856 0.0154905403967814 -0.0129076027922562 0.0720561272409115 0.127179825543271 0.0868651084753587 0.0165179860832216 -0.0397539631114345 -0.00781753412811787 0.0651556095615844 0.0498096248443649 0.0398802367425857 0.170562282694526 0.223461740227111 0.169186049189045 0.067668827068711 0.0615905583241438 0.114155800698714 0.148570758608857 0.188394553500315 0.180003082496608 0.0971428160274386 -0.00615458247812934 -0.0082453989242958 0.0137542496524304 0.00838602320250855 0.0555744727960493 0.104607545260366 0.000975470680712158 -9999 -9999 -9999 -9999 -9999 -9999 -9999
-0.123274308130963 -0.137096225805828 -0.0702109364301425 -0.0480254049928728 0.0397024177048014 0.0591488391211053 0.0349809313972299 0.0318244764133029 0.140831541808347 0.186728491813295 0.125647672604435 0.0214329567442615 0.00874217118722528 0.00559343325383274 0.0320849403579546 0.171032141845877 0.19421954732553 0.087249705740898 0.00523562530929547 -0.0229932093392251 0.0192789647329356 0.0438505596829718 0.116615754910334 0.147810399024378 0.190452349784544 0.219843477806852 0.188027051916976 0.0719909509688971 0.0312146969992275 0.0640938575997602 0.0755980953728452 0.0876979473450917 0.0960235179761479 0.0523770457045536 -0.0771927528481538 -0.125084423816084 -0.165708817477854 -0.181408880223209 -0.191919405262419 -0.104011202306009 -9999 -9999 -9999 -9999 -9999 -9999 -9999 -9999
-0.113891357995118 -0.140997007005907 -0.0609812920546296 0.0035168241323536 0.0303783972718164 0.0537905045999258 -0.00807169773955253 -0.0155466574975128 0.114853707348902 0.17373778883816 0.145315770175893 0.149038509797399 0.0906785957689756 0.0696003361064843 0.105323078006666 0.14607880679132 0.181537646769388 0.0683728599260405 0.0564310947491676 0.0290588388507987 0.054440016482492 0.0413986121487091 0.0807958309541174 0.238009884274808 0.258068494736249 0.215125419429292 0.138369767855891 0.0922119373657906 0.0806446888094438 0.073153621860308 0.0455417880498109 0.0577504276113502 0.0425763218532013 -0.0484110775746993 -0.159617031836348 -0.208254127796742 -0.208333955598199 -0.205979475326086 -0.198803662303557 -0.169692581789538 -9999 -9999 -9999 -9999 -9999 -9999 -9999 -9999
-0.0397050160882125 -0.0143219895958199 -0.0805703910488865 0.0494802726520332 0.0590447314697882 0.0517570454015683 -0.0110691663383188 -0.000414358128679438 0.0590346014926242 0.129618473808571 0.125625575521496 0.163395527761369 0.195443262172943 0.157644130061736 0.247204482619191 0.198149213880048 0.222012694352349 0.142800347738485 0.135099199069891 0.101153815388349 0.0548825439129268 0.0142661278404309 0.0529585423104385 0.241293148283142 0.274297920513029 0.239659079082315 0.17348728148585 0.125897670871051 0.130985215352075 0.0682981823235861 0.0848659905859965 0.118821444041929 0.0970403807765142 0.0258488556036452 -0.106649940265502 -0.218893170082252 -0.259005574142491 -0.232079991548957 -0.213150374080293 -0.163737449656125 -9999 -9999 -9999 -9999 -9999 -9999 -9999 -9999
0.0357065109315936 0.0418412214517684 0.0311634325221088 0.0661546727930928 0.0726429330421414 -0.0104081200049045 0.0208839756727066 0.0227524072525905 0.111219665544892 0.210298035203786 0.216891191737025 0.237235937846741 0.286008086736799 0.306953912133263 0.36051954144335 0.299938736444553 0.291727559415993 0.269217243215832 0.246027352514469 0.0899062993314783 0.023873386967341 0.00916415175802292 0.0508413899715921 0.146170356056221 0.212661481612771 0.216129324942375 0.21204773562139 0.175187422498501 0.152011597377438 0.121355671412623 0.119377324681571 0.125910393808589 0.156350331153314 -0.0244610892898046 -0.00375395092290492 -0.179179242037549 -0.202949605777924 -0.183506721843689 -0.150478042897577 -0.227051619135353 -9999 -9999 -9999 -9999 -9999 -9999 -9999 -9999
0.0472996993196106 0.0358372968341766 0.116453653165231 -0.0253766946208676 -0.04505595836723 0.0185219266383642 0.0809120215513469 0.137306138619572 0.147656741034399 0.243835309704101 0.26831289648357 0.263980017208115 0.247757501911502 0.334896123825803 0.389366965504904 0.39949690069618 0.402133494033854 0.393458555343005 0.287021128241711 0.149444603294759 0.0697739085275185 0.0204335905772873 -0.0023091210790814 0.0887605474644758 0.0470087740411135 0.140343509193946 0.16644819237053 0.217742502009312 0.185393466628356 0.105021645720618 0.0919206062975256 0.079510579674101 0.117670336819789 0.154328303278381 -0.125869800040515 -0.151109453942757 -0.123391030147778 -0.120881493382352 -0.161628474949833 -9999 -9999 -9999 -9999 -9999 -9999 -9999 -9999 -9999
-0.0117420855842514 -0.0181838198773236 -0.0492656952687044 -0.101033460342337 -0.0511609592041628 0.0808292644613767 0.185417416645065 0.16758762989137 0.268309793801724 0.286491894779482 0.275450393902251 0.249663593573673 0.261746519883022 0.31850540503977 0.353241303633511 0.384134949329885 0.42378651278031 0.476810910715067 0.311941157813047 0.182171464791254 0.0420810175795406 0.0273413122754585 0.004694595124344 -0.0341284212594063 -0.0285017589649788 0.0526470187387716 0.100178572722979 0.11677860771947 0.0218125839676795 0.0479600203314917 0.0637604672899273 0.0709079815008267 0.0931893965028039 0.171981688555673 0.0529741165369466 -0.0442411591077378 -0.0431572174958981 -0.161106411796325 -0.238294045195207 -9999 -9999 -9999 -9999 -9999 -9999 -9999 -9999 -9999
