data/rasters/s1.29.06.cu.2_xyz_08_.asc
NCOLS 100 
NROWS 100 
XLLCORNER -4 
YLLCORNER -4 
CELLSIZE 0.08 
NODATA_value -9999 
[rows 21 to 41 of 100, columns 47 to 93 of 100]
0.173949420274785 0.132865311794467 0.174971961684902 0.0469177997774274 -0.0472906056830367 -0.148154603310317 -0.213086265781541 -0.252757102709937 -0.266944688748314 -0.0731830253511048 0.163096616340594 0.298998483386796 0.290117036275724 0.255530363770388 0.28089665343854 0.347355183005492 0.297206645290927 0.0543751260946737 0.025856455214699 0.0451484901458281 0.0436292119624066 0.0475959998393761 0.0759020698229561 0.0722702260162882 0.0980487375603998 0.100895385458896 0.065011931582525 0.0693313280315319 0.0458595931072894 0.0806428829476193 -9999 -9999 -9999 -9999 -9999 -9999 -9999 -9999 -9999 -9999 -9999 -9999 -9999 -9999 -9999 -9999 -9999
0.27109734716593 0.21296514928352 0.23634518714637 0.0837857079505912 -0.106341476376197 -0.21934139196674 -0.255378616933324 -0.234418044048192 -0.183583588592177 -0.111014046611148 0.11838600984154 0.264954373386867 0.354456853579011 0.327030975034862 0.316472700393879 0.364231814125379 0.311293586817708 0.0967508813603445 0.0604839219479333 0.0371265228435027 0.00996517219924267 0.0150069591378619 0.0488886620805049 0.0872403850081604 0.118620663557817 0.126319764633784 0.0285337548127251 0.0714046712726414 0.0539337480509255 0.019865949221086 0.0356784599427974 -9999 -9999 -9999 -9999 -9999 -9999 -9999 -9999 -9999 -9999 -9999 -9999 -9999 -9999 -9999 -9999
0.215326265670475 0.16206478458394 0.117433059567616 0.166752832834486 -0.20072716628699 -0.271383126136862 -0.232529077293412 -0.202454616066673 -0.1720719039126 0.0297004915922868 0.11158793764675 0.247079659702535 0.315878497466359 0.403589561626227 0.401483065687048 0.406741361038455 0.347190563876492 0.150574163666035 0.104516452071191 0.0682237151762296 0.028835926575947 0.00906152322775578 0.0524235860265822 0.138719177796047 0.168609919456857 0.170568163274576 0.115331783475707 0.0627563003902497 0.0360255539987923 0.00962509189387523 0.0190841672262164 0.00906856755679054 -9999 -9999 -9999 -9999 -9999 -9999 -9999 -9999 -9999 -9999 -9999 -9999 -9999 -9999 -9999
0.187972840126858 0.149849886558081 0.0262094964604306 -0.00438507584161108 -0.163222179859166 -0.15404495696613 -0.19135138114323 -0.163270905423457 -0.156556068928112 0.0860090426063073 0.246797415994202 0.233481686734372 0.316560258034629 0.397867126321927 0.398735761222701 0.332216131518822 0.268558248875848 0.238055935519875 0.142003633837301 0.0980976256805007 0.176554782274931 0.181572359193506 0.155746559468042 0.21008717716439 0.196115152545807 0.163411910310287 0.0676862794074403 0.0551812723601815 0.0194223578003689 0.0336055316744059 0.025340402632632 0.0713158463447702 0.137151982215919 -9999 -9999 -9999 -9999 -9999 -9999 -9999 -9999 -9999 -9999 -9999 -9999 -9999 -9999
0.104010890900236 0.0868916038877287 0.0140768321058428 -0.0254764619750239 -0.131048443447806 -0.188030816425484 -0.176656786970288 -0.164910151366639 -0.178307362966034 -0.087610662154814 0.119925225426507 0.209035795670869 0.264500527944679 0.330767817571592 0.318599513991337 0.315055798164536 0.157040598782355 0.172936405513352 0.0723029030622059 0.0192308605024234 0.133693603622476 0.197198738739755 0.219617667415903 0.205048549832428 0.154323153723307 0.0720431323365661 -0.0324900383254233 0.0654088262827043 0.0442878474107132 -0.0186476324739115 0.01892203094164 0.0650580373997479 0.105504433099081 0.101072671296256 -9999 -9999 -9999 -9999 -9999 -9999 -9999 -9999 -9999 -9999 -9999 -9999 -9999
-0.00371005125910447 0.00805582766731952 -0.0630588999132392 -0.156230022003398 -0.152469704625887 -0.216190595757562 -0.195305063917962 -0.151116464116322 -0.161029509140263 -0.152529146518576 0.0281284954859298 0.0922970648625559 0.209082936166914 0.2279533428556 0.197761622561381 0.134998408020697 -0.0361081525031969 0.0436356095398868 -0.066335236355427 0.0302354163373524 0.101531241964397 0.190426670367291 0.198508964290406 0.177475507443148 0.101216160048301 -0.00445652987909827 -0.0145641378250829 0.0307234199877284 -0.0302991191927025 -0.0150114809942017 0.02383637382714 0.0426278832300571 0.100521787820521 0.119575536758659 -9999 -9999 -9999 -9999 -9999 -9999 -9999 -9999 -9999 -9999 -9999 -9999 -9999
-0.0114720570407798 -0.0656567377829253 -0.118886365310475 -0.200272587439932 -0.179239414294978 -0.139022022069295 -0.102823462263294 -0.132229807582584 -0.131914119746537 -0.124398723049725 0.00531145974816719 0.0746422640832862 0.148443120932185 0.090780892993031 0.160893009600533 0.123534853666816 -0.0400595133092343 -0.0425822888096417 -0.0419433494151418 0.0393066095382368 0.121152937297252 0.234800404762054 0.249828358232003 0.192273553661766 0.125251765950485 0.052458333715943 -0.0593611035135286 -0.014717672321478 -0.0429972429034368 -0.0759135813238308 0.0272107153757463 0.101338666179668 0.117284832337997 0.107177553484459 0.125396811371454 -9999 -9999 -9999 -9999 -9999 -9999 -9999 -9999 -9999 -9999 -9999 -9999
-0.0243422655686114 -0.108133388024063 -0.107600340888481 -0.0915776862567861 -0.0770091460045575 -0.00453192634348355 -0.00367060333047672 -0.0144748605114869 -0.0693975883352882 -0.0343412154945098 0.135624889613806 -0.00634325942251934 -0.000229798389832378 -0.0214505778661783 0.0318951150369232 0.0194347371968036 -0.00614681913711666 -0.0109058305128741 -0.00393361602559742 0.0281970860410419 0.130560381187056 0.176966436048107 0.193234826312267 0.227345612080608 0.154810723951991 0.0367993850937738 -0.0689643558243521 -0.113303080427712 -0.151020623155832 -0.0721689307498446 -0.00697769959160452 0.0483731534463066 0.0893614061495502 0.0665735251909223 0.0872670350622481 0.0864150475196686 -9999 -9999 -9999 -9999 -9999 -9999 -9999 -9999 -9999 -9999 -9999
0.0371756005104663 -0.0701065761524407 -0.0344079450495156 -0.101220239513534 -0.0320474268840526 0.0476006679286634 0.0471092713540836 0.1098765428449 0.0733217016761551 0.0388536755814794 0.122505730099973 0.0298689460229705 -0.00796449353035605 -0.0329358819498097 -0.042567663509694 -0.0624476891700486 -0.0577941174329611 -0.0414189631564012 0.0577815509799972 0.139550275646814 0.243755096740799 0.235849192002424 0.264577172858664 0.18462450968324 0.152757904248386 0.0345084676350772 -0.083482001238547 -0.100371455207727 -0.0541557940419416 -0.0297478196294105 -0.0294823541547805 -0.0131004124617036 0.0196729407714881 0.0074040352066092 -0.00095527721274515 0.0268650241819556 0.0234072071038691 -9999 -9999 -9999 -9999 -9999 -9999 -9999 -9999 -9999 -9999
0.049820063408527 -0.00900167311616879 -0.0335493720254573 -0.0930502645013428 -0.102311202515035 -0.0182157468063842 0.126618532523676 0.137834122184467 0.22187217932322 0.170140728284097 0.116017032148283 0.0684031025023764 -0.0861369516140827 -0.0463109158991484 -0.0815073981699909 -0.105750414445648 -0.0763789169222016 -0.0589575511768969 0.0725101230511885 0.191249790600139 0.16802190878124 0.200489809831619 0.239839567832955 0.196864506330331 0.0923585665101626 -0.0139851735693658 -0.0966548047772807 0.0185082691272187 0.0556439948522586 0.0502187311969585 0.0720556639704877 -0.0564135694208799 -0.0270923890561996 -0.0550954508139635 -0.0702976740939974 -0.0360588029347013 -0.0550276665181787 -9999 -9999 -9999 -9999 -9999 -9999 -9999 -9999 -9999 -9999
0.0857544429305598 0.0189961001037954 -0.0281071784445966 -0.0661467282850016 -0.0836665352558141 -0.0110598742912943 0.132843275225475 0.198955687413516 0.190326687020185 0.130416332404653 0.126763170286318 -0.0162134469690013 -0.0896720386001041 -0.00997826263943313 -0.0130611459706029 -0.0479891317914042 -0.0176546144134508 -0.0836332791177934 -0.0435456376207719 0.0576417491612827 0.15625191913663 0.0904902426997199 0.112578542288197 0.100873342591478 0.0242513279832066 -0.109468409766723 -0.0130885942015793 0.116534476734857 0.0759739400254589 0.170397892791448 0.109791945392406 0.129467859680901 -0.0403354094132194 -0.132430533612819 -0.137710031070229 -0.0809339235327132 -0.0612398627794519 -0.0569526120855319 -9999 -9999 -9999 -9999 -9999 -9999 -9999 -9999 -9999
0.0998234116156168 0.0268097013339375 0.0490325605129419 -0.0306439956622494 -0.0873981630302632 0.00269729127671024 0.0403998087192054 0.120644095512506 0.154818177142153 0.196689753337793 0.111004465855961 0.00898549878805101 -0.050578729521376 -0.0781694239805456 0.0566093296935191 0.0950030590826046 -0.00766304045800241 -0.0521683090423613 -0.0946313426658666 0.044277670287914 0.0811313660111419 0.0153584764995424 0.00828856297625675 -0.00354611776888116 -0.0290714192860688 -0.0397799017646685 -0.00623935331751456 0.150387464051212 0.165695927215125 0.166444385128823 0.104479824071686 0.0941077822245818 -0.066660352763032 -0.107745221184384 -0.0395817131936789 -0.00422047911886836 0.0265953039127647 0.0843204256030012 -9999 -9999 -9999 -9999 -9999 -9999 -9999 -9999 -9999
0.0174033588176637 -0.0602904546236527 0.0438546599957296 -0.0491678067895629 -0.0627321171898896 -0.0839210473256005 0.0506981386263537 0.0616584667665024 0.0770012427743749 0.140285664544933 0.0429735144196133 -0.0507824057857747 -0.0134571538241136 -0.0141338257490706 0.0644847701674128 0.120087919805062 0.0207079914744513 0.0333792942436659 -0.0365093716876499 -0.00629086975608321 -0.00357796886792154 -0.0318658338600644 -0.0392238581513032 -0.0406138271493623 -0.0625669927209709 -0.0796057970514636 0.0217345696838643 0.111072044699936 0.156146551653933 0.156953278891838 0.0921570191700058 0.0011039927415254 -0.0883241008168553 -0.132484116104295 -0.0115397573120641 0.10908684635045 0.0751934383967947 0.204496368420966 0.290453272496219 -9999 -9999 -9999 -9999 -9999 -9999 -9999 -9999
-0.0036928531431576 -0.0882935266058805 -0.203184157579099 -0.162923728563181 -0.160479222963252 -0.127025639556999 -0.102215092708632 -0.0767510573579592 0.0272065214659328 0.0362582724845254 -0.00820537910052265 0.0382119977283107 0.0538344510650831 0.101840525437006 0.160134032188498 0.156318461649179 0.11400119178343 0.108617159979681 0.0550850012027386 -0.0732901979255819 -0.102982063989449 -0.0902579025041525 -0.109655100691551 -0.133588466249895 -0.139516529761971 -0.110411848680828 0.00765259592788256 0.0372021076383297 0.0623007841431594 0.0831112218980319 0.055033545590396 -0.0633976760654256 -0.0630276095020334 -0.152264983967142 -0.0859819301960946 0.113726607955196 0.151789490721443 0.207747044461534 0.280233831630163 -9999 -9999 -9999 -9999 -9999 -9999 -9999 -9999
-0.0768291797739747 -0.035081243673774 -0.197556287174547 -0.282441590879706 -0.274492759969413 -0.176111751476961 -0.146849490432828 -0.151238504922835 -0.133299410112986 -0.0765626716985629 -0.0102837708542659 0.0160726740095681 0.0269802709927041 0.0565145257504966 0.186706955036303 0.128854911366415 0.175006002836228 -0.0505869632381328 0.00575256104963012 -0.0440516065367236 -0.129484486557964 -0.11755759244786 -0.135523315549763 -0.179543364966625 -0.26442165516477 -0.132201391910033 -0.0228486017339323 0.0155309594175782 0.103526112424807 0.0799419475668119 0.0190004731877628 0.00981519473364658 -0.0482001193607863 -0.0224004169265344 0.000705260677872172 0.107618707442437 0.129948839864232 0.241851129414727 0.263453523277774 -9999 -9999 -9999 -9999 -9999 -9999 -9999 -9999
0.00846359299205781 -0.0416997207821075 -0.0165896757204778 0.0199967211090113 -0.109296781995986 -0.24310745072116 -0.205519847162106 -0.210866307808813 -0.233406467229292 -0.2003951179879 -0.126183090828615 -0.102253798821072 -0.0335402031637565 0.105506538293956 0.199178473503913 0.124354401543619 0.12224131057718 0.0081610054633755 -0.00502423018537747 -0.0400553418544385 -0.0868493402558112 -0.133720924935542 -0.153173242374953 -0.214258234211488 -0.208092891032886 -0.07752531584583 -0.0269525813871659 -0.0157469220779666 0.0841853255703751 0.0427956868702345 -0.0242608488252211 0.0272239432031849 -0.0180525084190383 -0.00622324174051097 0.0933519128731791 0.0863246160324701 0.177985572837975 0.225274582076934 0.182872883816941 0.184944411997188 -9999 -9999 -9999 -9999 -9999 -9999 -9999
-0.0245939370323749 -0.0497091328174285 -0.0224403571026789 -0.0659169939966383 -0.173848212707697 -0.239298745107341 -0.256222723974199 -0.228934292019317 -0.253110781351359 -0.22715510385607 -0.230319577572639 -0.17714918913575 -0.0977736996357599 0.0938066877861076 0.148811228354915 0.116511617379731 0.0801040988806409 0.0298987836200553 0.0109881796700206 -0.079257477354085 -0.126395316324317 -0.169953682200373 -0.20296745517709 -0.229767688090208 -0.196734762971601 -0.124469770731633 -0.0679706729004704 -0.0849380941414246 -0.0949077664475337 -0.199955288662234 -0.104557832890044 0.0382737637996948 -0.107943949052843 -0.0996234687645048 0.00313514988213496 -0.01637851117417 0.161974719624117 0.174085974011878 0.157093693842169 0.182909122966988 -9999 -9999 -9999 -9999 -9999 -9999 -9999
-0.0577391670404496 0.043702167521291 -0.0393780364682969 -0.0817842243104007 -0.149348569576641 -0.21444632199722 -0.208600508122119 -0.247433161230452 -0.253790998998835 -0.283884577548288 -0.247007469961051 -0.104734920034287 0.0108589980735649 0.0718093110171006 0.0576369871878032 0.0973958281560617 -0.00243741923632666 0.036410904125733 -0.00450654722185489 -0.112971606995898 -0.161728953971781 -0.253458314323342 -0.260239433622676 -0.226805424408823 -0.164494177416716 -0.108670951957162 -0.0855875143713913 -0.117453484196 -0.222165014081066 -0.282574609939415 -0.178856169133367 -0.0492502040891528 -0.136848242329764 -0.191348717677496 -0.174614833495786 -0.0839306421740577 0.101656167036844 0.103205024048495 0.0923543285607675 0.103954862154441 -9999 -9999 -9999 -9999 -9999 -9999 -9999
-0.126611521497162 -0.0213710322254301 -0.113368754337579 -0.0728684320310387 -0.11686901888609 -0.168241791234229 -0.232387936792635 -0.17144618527702 -9999 -9999 -0.214409390678538 -0.17869680296991 -0.0811094686602402 -0.0838738157818077 -0.123849337367565 -0.0236336230879186 -0.0398020625213759 -0.057783662378205 -0.10449383877437 -0.136521658913908 -0.165674432581146 -0.238354201711579 -0.282960496607779 -0.24289014046954 -0.154036434901362 -0.101078232758222 -0.0650229535227293 -0.143301398276881 -0.257535687462429 -0.258670448204999 -0.264182469401998 -0.199223790369819 -0.069486456998901 -0.0773593816931241 -0.116146485192176 -0.0481546632902724 0.0399580297197347 0.0723519111548749 0.0599804361561451 -0.00106493018199808 0.113502518128818 -9999 -9999 -9999 -9999 -9999 -9999
-0.159611904536458 -0.183407846499687 -0.121107326080026 -0.0765985385092581 -0.174585536614791 -0.217574358118334 -0.204582950677224 -0.155819222742546 -0.129677768274911 -0.135398564344071 -0.15606467752324 -0.186038798915233 -0.16371569498336 -0.220928150864811 -0.140754578956935 -0.079533169199807 -0.106276079247178 -0.162840670922856 -0.186843295863269 -0.182850054255101 -0.105820169580808 -0.131541352643882 -0.154139529879005 -0.196155564420686 -0.195045900154203 -0.154397158959654 -0.130211586389903 -0.157315635342631 -0.243337805411407 -0.149080830393932 -0.111840064779551 -0.160673342750294 -0.1048068225646 -0.101009171711438 -0.105091982820568 -0.0585441729899863 -0.0285045931731787 -0.0146480475018898 0.00959770867424851 -0.0830772499827616 -0.0670591582840894 -9999 -9999 -9999 -9999 -9999 -9999
-0.156983137833846 -0.241571954771216 -0.242113771901117 -9999 -0.117837899177045 -0.181866172814111 -0.260911271786321 -0.201306345893739 -0.115603982317692 -0.144918783418346 -0.150219763576781 -0.135641023499118 -0.143758099980941 -0.181204360378091 -0.211129542088381 -0.164867495765648 -0.152560507297611 -0.149166466128288 -0.157872845434372 -0.143076974733927 -0.116265558174408 -0.129552326106782 -0.15693912731661 -0.194728804908193 -0.266804926282272 -0.2245505498165 -0.255610409663236 -0.280393479163049 -0.246321869640367 -0.179044753951206 -0.0721469003282371 -0.0986154133510622 -0.121623303064496 -0.0628479553906393 -0.0674073828146976 -0.125976630094679 -0.14277449081139 -0.1447296628982 -0.0888416460998779 -0.109634095233097 -0.07809911618836 -9999 -9999 -9999 -9999 -9999 -9999
