data/rasters/s10.27.09.li.4_xyz_08_.asc
NCOLS 100 
NROWS 100 
XLLCORNER -4 
YLLCORNER -4 
CELLSIZE 0.08 
NODATA_value -9999 
[rows 44 to 65 of 100, columns 0 to 49 of 100]
-9999 -9999 -9999 -9999 -9999 -9999 -9999 -9999 -9999 -9999 -9999 -0.381593616996574 -0.36387603285858 -0.213980687578015 -0.18135926055128 -0.211717640519338 -0.166965357239237 -0.126264013586161 -0.133948812342021 -0.148282652527322 -0.103169510881826 -0.0871712160799926 -0.0963581717489826 0.0414937892339378 -0.0818622952012933 -0.0814393973922775 -9999 0.211033840696119 0.0410559190576928 0.0496832460164588 0.152016095663216 0.136165164436258 0.111666985491945 0.117448317003897 0.109811018342196 0.0773624453209544 -9999 0.195089803199994 0.224552258312035 0.180428462450102 -9999 0.05149792497927 0.139815754715174 0.0664544578963616 0.105014425410785 0.108023247681088 0.129294414661327 -9999 -9999 0.456800028134251
-9999 -9999 -9999 -9999 -9999 -9999 -9999 -9999 -9999 -9999 -9999 -0.35928838167593 -0.329210416845011 -0.219327594931674 -0.18802801648212 -0.148768260422025 -0.162944057448585 -0.131257570502992 -0.133467283318636 -9999 -0.156756022813917 -0.0644534144530889 -0.0419838978868106 -0.0509191646326766 -0.156922191396165 -0.0896796895227227 -9999 -0.0860815341362557 -0.0321904178956181 0.0791664105692295 0.0985726189529861 0.123117095837932 0.126742267276037 0.172339518602991 0.100446690852376 0.12105826765909 0.0407616846345697 0.158660808805033 -9999 0.102180004632243 -9999 0.0629819699647446 0.0721768766468834 0.0797323221731438 0.0969136985041909 0.206546466211069 0.325627710277541 0.289738481046148 -9999 -9999
-9999 -9999 -9999 -9999 -9999 -9999 -9999 -9999 -9999 -9999 -9999 -0.335217602552955 -0.219484687918803 -0.134730120358071 -0.113453079821789 -0.163548584191388 -0.0885949899546535 -0.180981229565748 -0.13532198121537 -9999 -0.0404886708204073 -0.0708664944375511 -0.0423752588679009 -0.0706611788039759 -0.145102862763233 -0.0680459694514781 -9999 -9999 0.0223575120429985 -9999 0.0754350331314443 0.0308341377701978 0.0931870138761011 0.0785376849658485 0.118825675997163 0.0589262124444592 0.0721930171831105 0.198523812317999 0.0776722881067914 0.0590571547813341 0.149346661081426 0.137644754060623 0.15888029869134 0.0770222750939655 0.15129244087397 0.234785399188037 0.284530135334447 0.234052234109591 0.220667070985166 -9999
-9999 -9999 -9999 -9999 -9999 -9999 -9999 -9999 -9999 -9999 -9999 -0.236623866319112 -0.151731358821581 -0.0463284766781127 -0.0876064718079734 -0.130917648180439 -0.139966436733745 -0.123305106341019 -0.154487481305292 -0.101820225147559 -0.0942392406245423 -0.0417749097669629 -0.0752377631116663 -0.101326809263285 -0.135328768827883 -0.0561281342559292 -0.0280345300646176 -9999 0.0621956401673565 0.116168262841595 0.0515744311700253 0.100966084223568 0.106036231992764 0.0872707482177961 0.0833296401406681 0.185610174525924 0.0609527127956897 0.185436877174104 0.0340865812362289 0.0765332646024957 0.127740461799001 0.146278211227496 0.113593044618874 0.17232548382837 0.148710228034116 -9999 0.191289634059568 0.143750377750329 0.133058187246133 -9999
-9999 -9999 -9999 -9999 -9999 -9999 -9999 -9999 -9999 -9999 -9999 -0.229443120396342 -0.16981149160924 -0.181253544112557 -0.169239355995963 -0.182015103026807 -9999 -0.1719580207168 -0.158433595839585 -0.132294031922921 -0.0997317640057687 -0.066567101618417 -0.0840475218814199 -0.0905270020937408 -0.077997204990603 -0.0693761695516558 -0.0419048467383605 -9999 -9999 0.0684762152180326 0.0655991576336157 0.0623497495845466 0.0830942437130334 0.117041384394273 0.0925403772458121 0.112721122611475 -9999 -9999 0.140839939383939 0.108459657819275 0.117586598598593 0.153015762184355 0.103407705892581 0.123382258350242 -9999 0.161405078114688 0.186811525171887 0.149532067758756 0.0880033410125801 0.187028598365095
-9999 -9999 -9999 -9999 -9999 -9999 -9999 -9999 -9999 -9999 -9999 -0.186142004490825 -0.169547190086599 -0.176321081343347 -0.200360488278875 -0.233040482561347 0.0308424496192548 -0.201112369176611 -0.146352069500567 -0.211852459745776 -0.0946775347401538 -0.113304643272898 -0.0804336748880635 -0.071826077688425 -0.0833971278739925 -0.0268787229676215 -0.0458217288871812 -0.0116586625768251 -9999 0.126417757523712 0.0587360167557918 0.000502809439544518 0.0347907323367921 0.137279250153418 0.141171552834738 0.136126604665137 0.118114516075414 0.0701154498902401 0.0377893461266017 0.0193794356519423 0.112548658388202 0.105978748905419 0.134835275787934 0.160940945705512 -9999 0.13001763130063 0.143575185361514 0.129820297286407 0.143897827778951 0.157453069561864
-9999 -9999 -9999 -9999 -9999 -9999 -9999 -9999 -9999 -9999 -9999 -0.162371262329651 -0.182556514264597 -0.167222598547493 -0.198650844369368 -0.191537854743209 -9999 -9999 -9999 -0.150502075922615 -0.165672916189362 -0.149313898574291 -0.13324929146419 -9999 -0.115684930926442 -0.0262141780270153 -0.042866360116938 -0.0624759788125743 0.0525692900134715 0.103428208745095 0.0556282083829721 0.0438065092727197 0.0244801163958162 0.0928970453647903 0.169955239653515 -9999 -9999 0.0831087347707628 0.0111732366905733 0.0534103450864361 0.0601477161162589 0.0789097897429842 0.0501507006326677 0.113060606640315 -9999 -9999 -9999 -9999 0.133842283011548 0.208807967902726
-9999 -9999 -9999 -9999 -9999 -9999 -9999 -9999 -9999 -9999 -9999 -0.19669563772896 -0.202404019415143 -0.198400673518126 -0.18802835153413 -9999 -9999 -9999 -0.222491826448907 -0.214879831162043 -0.196942788908056 -0.166825431918706 -0.15977745959979 -9999 -0.0976553808017091 -0.0515240014757644 -0.0220138369811423 -0.0994691290754197 -0.0963276336176622 0.106655495757963 0.0128574564504082 0.0351845789293018 0.0600004025288186 0.0667415365804281 0.172187047322898 -9999 -9999 0.0388863528380384 0.0270936689904691 0.0373763792439894 0.11493414204561 -0.00299945813175217 0.0207205530307064 0.0529258363553361 -9999 -0.026314684979854 -0.0397734792494586 0.189522088065619 0.147711329999985 0.00974744819599145
-9999 -9999 -9999 -9999 -9999 -9999 -9999 -9999 -9999 -9999 -9999 -0.200013795086348 -0.240458826573492 -9999 -0.150994764949287 -0.0923059641237408 -0.087197076319293 -0.222672685805688 -0.223675011660708 -0.204230528581051 -0.152808563402988 -0.197545802778648 -0.160375887014532 -0.169481607726265 -9999 -0.137786076292008 -0.155518224941974 -0.176222474910783 -0.147622709974496 -0.0234653396252408 -0.0399704056419629 0.0290478338497044 0.106004905117591 0.158216103107049 -9999 -9999 -9999 -0.0246181621469714 0.0491574625733588 0.0423016427887739 0.000702733021430185 -0.032752181805988 -0.0229909079103154 0.0267896490734018 -0.0079146964628357 -0.0127741394082525 0.0100736413287559 0.205359959494651 0.20083838437939 -0.0134446944895371
-9999 -9999 -9999 -9999 -9999 -9999 -9999 -9999 -9999 -9999 -9999 -0.241880055152811 -0.280625018305022 -0.252656062858155 -0.205713044317401 -0.0532508266511464 -0.0344639408015561 -9999 -0.0900885252032103 -0.139165999189762 -0.14727912166581 -0.195174032204575 -0.163534264810134 -0.160514261596942 -0.144478926248183 -0.071646744278437 -0.144310944627937 -0.124572535293745 -0.131784533962743 -0.101483126952948 -0.0219318425310455 0.0214403079647796 0.0671736754493449 0.100160405039676 0.105345094334146 0.183288536100748 -9999 -9999 -9999 -9999 0.00122579865942352 -0.0160228105102594 0.00257215422966393 -0.014382045168475 0.00646696409922286 0.00469771994197543 0.018309851470405 0.0428467333363364 0.00591752206351772 0.0283913969533194
-9999 -9999 -9999 -9999 -9999 -9999 -9999 -9999 -9999 -9999 -9999 -0.228931152217577 -0.240582485266821 -0.224719133542398 -0.158567905971872 -0.0858135833999917 -0.0362319903687536 -0.0457808042855144 0.0129474401683773 -0.0812632768946376 -0.105465682908329 -0.162499060865896 -0.123821025636414 -0.173758736688803 -0.198562530552222 -0.0764416601120526 -0.0741633919285239 -0.0449620203424217 -0.145119647980869 -0.0614848148568167 0.0103704843652679 0.0392506145836147 0.0902047871271872 0.0940548439818805 0.0726212537127008 0.178970015064695 0.259439536547923 -9999 -9999 0.0364949610203857 0.0352445065844858 0.0461170877724565 0.0601682182145179 0.0582426180248174 0.0637310911315366 0.0313195836443379 0.018421311701661 0.0862002671982431 -0.0318951884816447 -0.00383310523555587
-9999 -9999 -9999 -9999 -9999 -9999 -9999 -9999 -9999 -9999 -9999 -0.177665016652982 -0.190517210709066 -0.194506351616043 -0.139324745967056 -0.0910252773084583 -0.106484549847433 -0.0768021565970093 -0.0718586364388435 -0.0928808747634936 -0.159636562232245 -0.136354225736315 -0.124812339412612 -0.0341155751227976 -0.181099758362733 -0.141073653042285 -0.0209424503132514 -9999 -9999 0.258588438623363 -9999 -9999 0.103114431713579 0.158909757530444 0.105026063384668 0.178189359990673 -9999 -9999 -9999 0.0319812756951853 0.065897278951205 0.110736900929255 0.14393033269275 0.131220166134785 0.0682143296748998 0.0550321704284193 0.0336948787220126 0.0760510836586665 0.0796023415591246 -0.00557645928682293
-9999 -9999 -9999 -9999 -9999 -9999 -9999 -9999 -9999 -9999 -9999 -0.146573135327907 -0.149621546476691 -0.215436417840101 -0.175650148086625 -0.155040709433367 -0.123993534861443 -0.111879351505653 -0.0693455418517766 -0.0155880309530702 -0.0350098985722135 -0.0187810093313383 -0.120373241310917 -0.11149399967916 -9999 -0.165041857808851 -0.103803796360376 -0.0548351860185329 -9999 -9999 -0.096361556786405 -0.111190178078185 -0.0699313691289473 -0.103777874520354 0.118121610576988 0.190833551751019 0.198202575839932 0.105242263643449 0.0628763073791243 0.040005909887417 0.0679848665374062 0.0737675474426749 0.201109014936606 0.16086975707736 -9999 -9999 0.0659038517165422 0.0723401846829768 0.00213555454629818 0.02466839370224
-9999 -9999 -9999 -9999 -9999 -9999 -9999 -9999 -9999 -9999 -9999 -9999 -0.24012736879713 -0.183990598323531 -0.205835204915661 -0.205039174215614 -0.149396438992324 -0.138140502387323 -0.105684025714334 0.00439111324788972 0.0201865165110655 -0.0135965934056426 -9999 -0.115293233836809 -0.170318053483405 -0.169312405302333 -0.147285630077273 -0.0629234536919761 -0.0706542354781746 -9999 -9999 -0.107970329147637 -0.0658356300552562 -0.112393731109048 0.120266408414527 0.169904559613302 0.0139679910401667 0.0662225045904375 0.06899230302993 0.02386134405224 0.071483742222234 0.0718371587869521 0.146616384163263 0.142161359491419 -9999 0.134696381876431 0.0671652786091568 0.0291453481609234 0.00275726815486357 -0.00835660664527012
-9999 -9999 -9999 -9999 -9999 -9999 -9999 -9999 -9999 -9999 -9999 -9999 -0.15917114803677 -0.191535017332541 -0.148697083132055 -0.134823858003647 -0.108662345442835 -9999 -0.127623466720535 -0.060436957451777 0.00149490910701722 -0.154037886020493 -0.127180686650064 -0.0924604778191966 -0.161716140789131 -0.153514895629463 -0.183653932391819 -0.284114139621231 -0.0740765961340357 -9999 -9999 -9999 -0.0737069413923367 -9999 -9999 -9999 0.0788659001708164 0.0438793411710458 0.0646834052032275 0.032543192639994 -0.014934422210449 0.0090927812839253 0.126822067586208 0.210573292654563 0.196858807984314 0.249495010491736 0.131602680503749 0.102366816013132 0.233184396756156 0.150509794557494
-9999 -9999 -9999 -9999 -9999 -9999 -9999 -9999 -9999 -9999 -9999 -9999 -0.0846193014886996 -0.149521558506458 -0.170827288574255 -0.165413552705022 -0.0787272369216521 -9999 -0.158891343367149 -0.0771474630510127 -0.0593431371189993 -0.0804974780262339 -0.164001943522791 -0.154165230783112 -0.207787781696216 -0.187489211436743 -0.164726251077206 -0.073905183685564 -9999 -9999 -9999 -9999 -9999 -9999 -9999 -9999 -9999 0.115481573729507 0.121595642372841 0.123606378083637 0.0148730327166391 0.0407030952295114 0.0636020934690325 0.108323002189406 0.181674180720563 0.243686025291302 0.150752885465297 0.153429648449302 0.180711638301612 0.218444124250471
-9999 -9999 -9999 -9999 -9999 -9999 -9999 -9999 -9999 -9999 -9999 -9999 0.0225390616296888 -0.146365934417896 -0.170659686671048 -0.153920366114074 -0.0633922738847407 -9999 -9999 -0.0244770222381506 -0.0456288487621686 -0.178644884808213 -0.167544829000199 -0.155755329226516 -0.176531194030715 -0.125081208719111 -0.09429385538474 -0.132794719731987 -0.00518563514682375 -9999 -0.101275377972811 -9999 -9999 -9999 -9999 -0.0304290999961128 0.0125808127181378 -9999 0.104037288938187 0.17380480559214 0.071909203816563 0.0561830816283483 0.0960517688247911 0.111655610363365 0.149364877930996 0.201364459069097 0.156118163282707 0.184505043449772 0.251772927496838 -9999
-9999 -9999 -9999 -9999 -9999 -9999 -9999 -9999 -9999 -9999 -9999 -9999 -9999 -0.156528210974126 -0.138510802852309 -0.117920658000474 -9999 -9999 -9999 -9999 0.00859484554926362 -0.13688865236401 -0.15138134046313 -0.143289667349341 -0.112725828507434 -0.100126193977308 -0.0287462125703147 -0.0744916659214975 -0.0403183855771264 -0.0461164014316157 -0.0302817320915743 -9999 -0.0870858025515767 -9999 -9999 -0.0382276435233915 -0.00930117459017853 -9999 0.274231064660197 0.112815362361337 0.0929685718102481 0.0778121673618262 0.0485740363305341 0.0603817712684765 0.159098054399874 0.167721053829652 0.1528324280461 0.125847461577197 0.132650857325928 0.216507313954879
-9999 -9999 -9999 -9999 -9999 -9999 -9999 -9999 -9999 -9999 -9999 -9999 -9999 -0.18125561159285 -0.119545145733394 -0.0259082161137064 -0.0307980478598101 -0.0170735168657275 -9999 -9999 -9999 -9999 -0.17892439886521 -0.120887936871768 -0.0993395901465644 -0.0556557840042744 -0.0668868397772457 -9999 -0.0269857585524069 -0.0251945288023434 -0.00236665551944727 -9999 -0.0567596051034593 -0.0184001946670102 -9999 -0.0369087269816076 0.0117166772423627 0.05237079867764 0.255927268311915 0.217110964252626 0.19980529830393 0.114679858299251 0.11561115847621 -9999 0.139015064618844 0.193600603487976 0.23739100642029 0.150690167850134 0.175121957946766 0.204640444842408
-9999 -9999 -9999 -9999 -9999 -9999 -9999 -9999 -9999 -9999 -9999 -9999 -9999 -0.190504845700173 -0.131857527949039 -0.0119341441576024 0.000915651917022542 0.0160792966000191 -9999 -9999 -9999 -9999 -9999 -9999 -0.0725993182139012 -0.0587814840120018 -0.097909406108655 -0.0803280641242057 0.0236469910318 -0.0345320653861457 -0.0711717189699084 -0.0978814663134658 -0.131377600131933 -0.098522361673243 -0.0494915440270612 0.0162413124977892 0.0522117405780072 0.0263598669265212 0.0871906608144195 0.127786436671778 0.101787455674297 0.140248452952976 0.16702505092678 0.208892643305694 0.219861935242357 0.231674581168611 0.16980295969821 0.245134644481912 0.182366571973311 0.209821626359531
-9999 -9999 -9999 -9999 -9999 -9999 -9999 -9999 -9999 -9999 -9999 -9999 -9999 -9999 -0.120117321038441 -0.0306831987859442 0.0287450131543805 0.0583012344586385 -9999 -9999 -9999 -9999 -9999 -0.0830785422955044 -0.0768061155458269 -0.0624741009105127 -0.0642666752652144 -0.0746286231446508 -0.0896890763042418 -0.0930164159495667 -0.0115834862222272 -0.105830492181268 -9999 -0.0729508266034228 0.0365569401495409 0.0482647749383277 0.069248972609182 0.0384133344920998 0.0934564625013374 -9999 0.0823433693467207 0.122720949104883 0.136455849312765 0.200169643688762 0.222260668514882 0.214613403727224 0.256749045022182 0.342364516274168 0.188166435596972 0.183336139027849
-9999 -9999 -9999 -9999 -9999 -9999 -9999 -9999 -9999 -9999 -9999 -9999 -9999 -9999 -0.0334969893261053 0.0180427908173937 0.059104674672123 0.106912345247724 -9999 -0.0993168280389745 -0.134460004879816 -0.144001995330727 -9999 -0.0837234142701565 -0.0416084154005388 -0.0454101098287332 -0.0434143188644566 -0.011100904182004 -0.111970928371926 -0.0833788201405743 -0.0478327471292405 0.0252352938756614 -0.122618801259134 -0.053371247292182 0.0725403743997028 0.0358434050227849 0.061975765855989 0.0837867143162461 0.0950527707099433 0.0796237291012221 0.123272688801885 0.11441894020262 0.0932562443744731 0.101459884223595 0.179957961430991 0.221129717874847 0.23257722649892 -9999 0.115309446125468 0.195781787129117
