data/rasters/s10.27.09.li.3_xyz_08_.asc
NCOLS 100 
NROWS 100 
XLLCORNER -4 
YLLCORNER -4 
CELLSIZE 0.08 
NODATA_value -9999 
[rows 66 to 87 of 100, columns 50 to 99 of 100]
0.652973562559172 0.303411836723368 -0.0339669972851581 0.123457241784979 0.0910556297735857 0.0729986728880292 0.143590313984193 0.09518602396814 0.156727474893643 0.100405990217008 0.125232361796907 0.119482574057443 0.135983611729987 0.107438984785669 -9999 0.203683777434981 0.158262697420008 0.121199055090241 0.227159048037159 0.206034786941909 0.258594902639265 0.221746307434012 0.094631263573648 0.00229415902131762 0.123482861157042 0.0433900276934302 0.230294759906962 0.232388532572281 0.212723840606029 0.0974916051944326 0.200836642558233 0.124662361212907 0.110472027031644 0.143847230779844 0.635290436703929 -9999 -9999 -9999 -9999 -9999 -9999 -9999 -9999 -9999 -9999 -9999 -9999 -9999 -9999 -9999
0.31580914556496 0.374334110318753 0.094668161423167 0.0476746543116728 0.0777817191571713 0.0430776848952881 0.0749031904903976 0.0663725229278382 0.0715426955510093 0.0639814619409723 0.0639040731344269 0.0799316171027198 0.235892235018993 0.101107734476771 0.0708462866128912 0.0198220176467287 0.0781174637944918 -9999 0.112172976091127 0.159034580492526 0.210814291278893 0.105548176577319 0.0133076126610745 0.0707671632442891 0.0900001797284901 0.0604237539474217 0.106068308399275 0.259287869858011 0.0915652547244555 0.0494782788379328 0.156911626663724 0.10491558076252 0.205817463216399 0.288963410423943 0.282048277260812 -9999 -9999 -9999 -9999 -9999 -9999 -9999 -9999 -9999 -9999 -9999 -9999 -9999 -9999 -9999
0.502969795784227 0.506073604885101 0.084068367740246 -0.0404194974709109 0.0188475848574166 0.0465288297945201 0.0276825805778245 0.0344727502777254 0.0314041564140722 0.00951439737392182 0.0117942343756691 0.11856782101895 0.297361448968111 0.0782465671425647 0.106718684355597 0.0619557967235734 0.0248139064776363 0.114175427967804 0.0676593524008557 0.0313876986868221 0.0764682357893961 0.0494114210095871 0.000520679292808498 0.00358693350492502 0.0562029697687474 0.0608799046463749 0.0763721126488012 0.184079002769069 0.138159173201356 0.0559478863640226 0.00764268957099591 0.24569406807532 0.305488578854466 0.349412637130311 -9999 -9999 -9999 -9999 -9999 -9999 -9999 -9999 -9999 -9999 -9999 -9999 -9999 -9999 -9999 -9999
-9999 -9999 0.0622227661342815 -0.0555859897362327 0.00554203687066212 0.0383329606768258 0.0442840084333179 -0.0277907673444544 -0.0103857995819981 0.0393722675458491 0.20359701725774 -0.00170447547458338 -0.0450948536296579 0.0625667607592332 0.0981917232357114 0.0577265585355939 0.0512780236992585 0.043285194411932 0.0270507187184447 0.00230228754893753 -0.07768294695368 0.00751898766179973 0.0302799730238344 0.0562765642061589 0.0808622842393422 -0.00202444980208865 -0.0834791067488376 -0.0230233806785041 0.0843777585692634 0.038115511015584 -0.0257957141262337 -0.0537625306377833 0.163194299071129 0.253144586189092 -9999 -9999 -9999 -9999 -9999 -9999 -9999 -9999 -9999 -9999 -9999 -9999 -9999 -9999 -9999 -9999
-9999 -9999 -9999 -0.106293434868247 -0.00508441331918959 0.0124151610966474 0.0537220740386816 0.0312260838808121 -0.00144320666009347 0.0894479156005204 0.0509642088222138 0.0328511626508438 0.0630306234895569 0.0208470385195349 0.0552847295660647 0.0192726402157455 0.00632677959712536 -0.000602779215786927 -0.00964412880795977 -0.0292144497180373 0.00992721770956747 0.0897127776374771 0.0451916323100425 0.125275078253439 0.112009229380106 -0.0451351803304682 -0.193682762937413 -0.240167494649205 -0.0037320892334412 0.0686321368527774 0.152975042727929 0.17007030661589 -0.136136833488007 -0.135294353356482 -9999 -9999 -9999 -9999 -9999 -9999 -9999 -9999 -9999 -9999 -9999 -9999 -9999 -9999 -9999 -9999
-9999 -9999 -0.149822224451736 -0.12677288041831 -0.0605470701896664 0.00537937349501288 0.0550793271733148 0.0424517554838086 -0.0625435386536781 -0.0178061607645489 -0.099271538507569 -0.126820496660833 -9999 -9999 -9999 -0.0162121712819008 0.0283585134147865 -0.0242527117985706 -0.0520347324849917 -0.0141313942851644 0.0330799289045038 0.0767439736593899 0.111634112756843 0.236510308934524 0.141311733364672 -0.0173191898469992 0.00712991450213857 0.0300212117462754 0.117241313178224 0.112490114780394 0.0748749608184843 -0.108995350658315 -0.120600375531202 -9999 -9999 -9999 -9999 -9999 -9999 -9999 -9999 -9999 -9999 -9999 -9999 -9999 -9999 -9999 -9999 -9999
0.615899622137772 0.62931052258816 -0.0792198511988988 -0.0731665094022818 0.0415331783821056 0.0110160532401336 -0.0656298201566898 -0.0807231173717007 -0.0996732037715912 -0.0206409928077872 -0.0750503822833987 -0.151456029064204 -9999 -9999 0.0981723550165247 0.0909669200063042 0.0206853076298663 -0.0126661628561265 0.0431329820092701 0.0969618257643566 0.106792579574238 0.126876706790541 0.190978609445562 0.275076091664586 0.27860713302819 0.229794381982189 -0.0590520889722431 -0.106743324776373 0.149481229495 0.163483117810884 0.16231814514942 0.0238501064853867 -9999 -9999 -9999 -9999 -9999 -9999 -9999 -9999 -9999 -9999 -9999 -9999 -9999 -9999 -9999 -9999 -9999 -9999
0.488362992036092 0.223915334228207 0.029760619269775 0.108334572492221 0.308786021966698 0.253717105670925 0.246630770823155 -0.0800794097011123 -0.135333241146909 0.0746411174144642 0.159369071521238 -9999 -9999 0.0212868442904825 0.0659891271698587 0.0327606609578059 0.00286842178666797 0.0774137107787625 0.177678476291555 0.192729103790026 0.244520492280305 0.19243553540468 0.281991962139663 0.28859592104752 0.287438711353304 0.06223801734656 -0.0663651488902489 -0.132342735969556 0.00291254303968506 0.343721313443779 0.28590211432129 -9999 -9999 -9999 -9999 -9999 -9999 -9999 -9999 -9999 -9999 -9999 -9999 -9999 -9999 -9999 -9999 -9999 -9999 -9999
0.184512943443086 0.000483638856661884 -9999 -9999 -9999 0.293675688639048 0.268750403762369 -0.0667923989122807 -0.147948653413274 -0.108178097397691 -0.0238911830433367 -9999 -0.0107217933317649 -0.00400329859011725 0.0354013770429376 0.000309674190874271 0.0921643860161823 0.130796380616983 0.151950066028545 0.179989003069092 0.206390276567865 0.201574427056398 0.230603193247613 0.327893995012563 0.310913992913511 0.285520329474655 0.252472291673979 0.0815423057561437 -0.0943170838462626 0.389626520538331 -9999 -9999 -9999 -9999 -9999 -9999 -9999 -9999 -9999 -9999 -9999 -9999 -9999 -9999 -9999 -9999 -9999 -9999 -9999 -9999
0.109545745197376 0.196972370606095 -9999 -9999 -9999 -9999 -9999 -0.0302616010295107 -0.0557248962589595 -0.0250701154072595 -0.041924977074502 -0.0613310847588804 -0.0509566045661477 -0.0197173336834694 -0.00697371358445172 0.0221114010818961 0.0480939244114853 0.0686329226674873 0.128131540620215 0.0420732762772496 0.173608317556396 0.178846305542427 0.311529139893576 0.292093590353449 0.266120832351662 0.22301043517212 0.206887079645417 0.216209983284505 0.0820675590316623 -9999 -9999 -9999 -9999 -9999 -9999 -9999 -9999 -9999 -9999 -9999 -9999 -9999 -9999 -9999 -9999 -9999 -9999 -9999 -9999 -9999
0.158233726105081 -0.0328272910912236 0.434724563045025 0.0532171315518086 0.0973384331627246 -0.121932378229907 -0.0480839245505047 0.0023199423774209 0.0658382044598828 -0.0348872615350709 -0.102307703164942 -0.0294903005270642 -0.0928933306163275 -0.0516395314032127 0.0199295556123165 0.0331329493915555 0.0256792018144722 0.12036450205207 0.0194271425049069 0.154999373707684 0.0602964103271687 0.110928998136418 0.177575928082032 0.184071527354191 0.203812700886573 0.181259192593703 0.116802881748509 0.11565612409576 -9999 -9999 -9999 -9999 -9999 -9999 -9999 -9999 -9999 -9999 -9999 -9999 -9999 -9999 -9999 -9999 -9999 -9999 -9999 -9999 -9999 -9999
0.119721212384243 -0.00912006779842412 0.415363667001896 0.141250035959969 0.198855307975855 -0.0942017718050044 -0.0445978446366961 0.138403753570463 0.0348916212371448 -0.0117315031117936 -0.0682338168546352 -0.0203738431475138 -0.068119477897432 -0.00116416786057481 -0.00546947411686994 0.0444770493681184 0.0629716532662662 0.0909174685179881 0.0467605334579623 0.167824460191488 0.0456268884580963 0.143724986605218 0.178201748014047 0.142581822543139 0.116499168425186 0.0997128124077649 0.0474253253436747 0.133784108414401 -9999 -9999 -9999 -9999 -9999 -9999 -9999 -9999 -9999 -9999 -9999 -9999 -9999 -9999 -9999 -9999 -9999 -9999 -9999 -9999 -9999 -9999
-0.0899710473546638 -0.0261617061688446 0.306596820006295 0.093589352586825 0.00404095465047087 -0.0434960823826453 -0.0427776263769749 -0.0116795479222732 -0.00254854902846375 -9999 -0.0206033061552018 -0.0306479238369589 -0.0398080922183032 0.00530558468803328 0.0128994767599152 0.0427928719083507 0.0356548291831685 0.027736766732739 0.00939210539285996 0.0474691976122271 -0.00249658165507951 -0.0496971412840027 0.150688931494841 0.103416338385189 0.0744469288112385 0.0571912028847851 0.0454547147927023 -9999 -9999 -9999 -9999 -9999 -9999 -9999 -9999 -9999 -9999 -9999 -9999 -9999 -9999 -9999 -9999 -9999 -9999 -9999 -9999 -9999 -9999 -9999
-0.0704780509341248 0.0702196098608327 0.12395287098694 0.0391794899342023 0.0347607401156228 -0.0178641526282874 0.00708304754582043 0.00303934424734551 -0.0136594270543409 -0.0302268725208874 -0.05263445235194 -0.0920624768962241 -9999 -0.255925103745239 -0.215984707139893 -0.0208046651227746 -0.0549133388669172 -0.0357025899417821 -0.000249493980821291 -0.00601003603402333 0.0397284374290474 -0.0331716739184501 -0.0645881741922239 0.0863190511169637 0.132582083712321 0.0416800320325152 -9999 -9999 -9999 -9999 -9999 -9999 -9999 -9999 -9999 -9999 -9999 -9999 -9999 -9999 -9999 -9999 -9999 -9999 -9999 -9999 -9999 -9999 -9999 -9999
-0.133194594706916 -0.0314760932321955 0.00122765319418738 -0.0712132061796867 0.0886138799218859 0.0316235419101918 0.123299306308052 0.0266297779448143 -0.0638617969126807 -0.0134365068617271 0.0381945565497949 -0.12731070204407 -0.106478556738811 -0.236461424491974 -0.2110616169174 -0.149308945427098 -0.0745245032110541 -0.0650522685525138 -0.0393196054024518 0.00205639695333851 0.0117500944267089 -0.0504139182607842 -0.0135882374382815 0.142844974869759 -9999 -9999 -9999 -9999 -9999 -9999 -9999 -9999 -9999 -9999 -9999 -9999 -9999 -9999 -9999 -9999 -9999 -9999 -9999 -9999 -9999 -9999 -9999 -9999 -9999 -9999
-0.11794886558204 -0.117228179777099 -0.10245187321373 -0.069266977476312 0.129519396912681 0.0642061121520975 0.0508357817097299 0.0378824707652894 -0.0682225295479303 -0.0207776085446682 -9999 -0.142966407373217 -0.0947637147377677 -0.140498613740813 -0.153143119743764 -0.11358002602563 -0.103559857437286 -0.101132274162347 -0.0777148622113245 -0.0260224166031479 -0.0670769064815951 -0.0654534374002612 -0.0183615676157471 -9999 -9999 -9999 -9999 -9999 -9999 -9999 -9999 -9999 -9999 -9999 -9999 -9999 -9999 -9999 -9999 -9999 -9999 -9999 -9999 -9999 -9999 -9999 -9999 -9999 -9999 -9999
-0.114816985206857 -0.133055431628385 -0.134996627234953 -0.141967096636489 -0.146543328303422 -0.0414346980844993 0.0792801995189207 0.0498341042955948 -0.194744861560963 -0.12596145667796 0.0295933356486763 -0.0867373482712071 -0.0812929634524444 -0.145202747851883 -0.162968625266756 -0.0855206875311834 -0.101815424638339 -0.131494590556257 -0.126197883299413 -0.101862881960365 -0.0254334438489454 -0.00839970876767173 -9999 -9999 -9999 -9999 -9999 -9999 -9999 -9999 -9999 -9999 -9999 -9999 -9999 -9999 -9999 -9999 -9999 -9999 -9999 -9999 -9999 -9999 -9999 -9999 -9999 -9999 -9999 -9999
-0.118011630750116 -0.134607602780005 -0.145452782929617 -0.134979566356564 -0.191043167861809 -0.236019890028445 -0.187103128752273 -0.108778456859646 -0.132895775101117 -0.122662856584389 -0.157612357384854 -0.148935324302565 -0.160743298265912 -0.119940471859818 -0.14873383729629 -0.132521695268469 -0.123880251750527 -0.165644881133926 -0.147788909619522 -0.128542053017298 -9999 -9999 -9999 -9999 -9999 -9999 -9999 -9999 -9999 -9999 -9999 -9999 -9999 -9999 -9999 -9999 -9999 -9999 -9999 -9999 -9999 -9999 -9999 -9999 -9999 -9999 -9999 -9999 -9999 -9999
-0.150355932477314 -0.145314301135593 -0.141889788776231 -0.169262992276779 -0.151687979708755 -0.131247628826221 -0.117717703257611 -9999 -0.267578154626368 -0.25416747731365 -0.208103641712845 -0.139031112080303 -0.222249143639434 -0.238686436951883 -0.265646146041445 -0.201993624339526 -0.184762007247907 -0.212711298709544 -9999 -9999 -9999 -9999 -9999 -9999 -9999 -9999 -9999 -9999 -9999 -9999 -9999 -9999 -9999 -9999 -9999 -9999 -9999 -9999 -9999 -9999 -9999 -9999 -9999 -9999 -9999 -9999 -9999 -9999 -9999 -9999
-0.137308812775567 -0.138499043709182 -0.192056977707102 -0.253125676025814 -0.179161457370765 -0.0733318316243382 -0.0989157981830471 -0.109195603862928 -0.185873372609077 -0.227178652259394 -0.242791628420186 -0.19805545616504 -0.178890307499724 -0.12334215837384 -0.118607871116313 -0.203707315277428 -9999 -9999 -9999 -9999 -9999 -9999 -9999 -9999 -9999 -9999 -9999 -9999 -9999 -9999 -9999 -9999 -9999 -9999 -9999 -9999 -9999 -9999 -9999 -9999 -9999 -9999 -9999 -9999 -9999 -9999 -9999 -9999 -9999 -9999
-0.105774806253935 -0.137109803486513 -0.163885271627653 -0.256236715458705 -0.190076829391095 -0.0970400281419393 -0.117921406860822 -0.123940127517102 -0.110466401622076 -0.119344792332345 -0.121601459553792 -0.101561902244739 -0.0783335868998062 -0.0460878712498551 -9999 -9999 -9999 -9999 -9999 -9999 -9999 -9999 -9999 -9999 -9999 -9999 -9999 -9999 -9999 -9999 -9999 -9999 -9999 -9999 -9999 -9999 -9999 -9999 -9999 -9999 -9999 -9999 -9999 -9999 -9999 -9999 -9999 -9999 -9999 -9999
-0.153466827140923 -0.168406238561212 -0.207597971072555 -0.176905032887437 -0.149958765500442 -0.0915675033896648 -0.136128323607921 -0.149209028697634 -0.0817566344812054 -0.0731105000733926 -0.0737081253084779 -9999 -9999 -9999 -9999 -9999 -9999 -9999 -9999 -9999 -9999 -9999 -9999 -9999 -9999 -9999 -9999 -9999 -9999 -9999 -9999 -9999 -9999 -9999 -9999 -9999 -9999 -9999 -9999 -9999 -9999 -9999 -9999 -9999 -9999 -9999 -9999 -9999 -9999 -9999
