data/rasters/s10.27.09.li.1_xyz_08_.asc
NCOLS 100 
NROWS 100 
XLLCORNER -4 
YLLCORNER -4 
CELLSIZE 0.08 
NODATA_value -9999 
[rows 22 to 43 of 100, columns 50 to 99 of 100]
-0.0733277554985605 -0.0512129609012656 0.0649365305301118 0.0469315198690575 0.00920480105220711 -0.0392714766738138 0.0356052730625899 0.111339013457212 0.0879925524739602 -0.0920132446465687 -0.0212883787905565 0.0154822184201138 -0.00640973870719496 0.14211565682154 0.0314580358947308 0.0199406701215625 0.0816823935213311 -9999 -9999 0.0724414470679679 0.0174814807260024 -9999 0.0824925929762896 0.0769213621408238 0.0773509659379583 0.124197281393684 0.244297985358919 0.202471586370809 -9999 -9999 -9999 -9999 -9999 -9999 -9999 -9999 -9999 -9999 -9999 -9999 -9999 -9999 -9999 -9999 -9999 -9999 -9999 -9999 -9999 -9999
-0.0180123022731307 0.0779924955059832 0.0397971831884988 0.0517415065515216 0.0655816660490659 -9999 -9999 -9999 0.021119803293084 0.0164699334332203 0.0381152055943723 0.0299476397554855 0.00461865848065878 -0.0295458242663135 -0.0437940820481873 0.0064576826345379 0.0444509667917243 -0.0533675020391497 -0.0125713914998361 0.0386542881886878 0.0569864445291568 -9999 -9999 0.0431645097482603 0.0473319834281585 0.0847965169514194 0.326754730692172 0.261362416383456 -9999 -9999 -9999 -9999 -9999 -9999 -9999 -9999 -9999 -9999 -9999 -9999 -9999 -9999 -9999 -9999 -9999 -9999 -9999 -9999 -9999 -9999
0.108886913414281 -9999 -0.00136804067890599 0.0500180932512591 0.164446106823311 -0.0515595854116331 -0.0049082385897059 -0.060157438127126 -0.0183674938531779 0.0317710220735662 0.00843060175152581 0.0583550837364366 -0.0359111022631315 -0.026749303976592 -0.0307337616860003 -0.0163871047813612 0.0141492666921707 -0.0493984006945879 -0.0730967088764412 -0.00481114484913067 0.0597774053114297 -9999 -0.0438934831239331 0.0327170160058071 0.0254853825040179 0.0547404419064459 0.119434058410995 0.174019390543596 -9999 -9999 -9999 -9999 -9999 -9999 -9999 -9999 -9999 -9999 -9999 -9999 -9999 -9999 -9999 -9999 -9999 -9999 -9999 -9999 -9999 -9999
0.0870001853509883 0.18321616504619 -9999 0.078992374576988 0.145386956166273 -0.0547221905572589 -0.0428837638453686 0.00861525467907857 -0.0545885316871622 -0.0147734005526423 0.0218760439591565 -0.0182634291678173 -0.0515467237905205 -0.0974373143049784 -0.0751343034707742 -0.024586880821171 -0.00178734103886717 -0.0193846083079931 0.0514562947799841 -0.0287274634811972 0.00583746975564098 0.065824662165115 -0.00980527657600292 -0.060507646819162 -0.0188044984454315 -0.0156545094000708 0.0612327686138919 0.0507899917551835 -9999 -0.0355260758799363 -9999 -9999 -9999 -9999 -9999 -9999 -9999 -9999 -9999 -9999 -9999 -9999 -9999 -9999 -9999 -9999 -9999 -9999 -9999 -9999
0.107234996710023 -9999 -9999 -9999 0.0218922329830871 -0.0782874441061143 -0.0432737310487413 -0.104476698279597 -9999 -9999 -9999 -0.113664300450828 -0.105320690184511 -0.138380731469019 -9999 -0.0649498574920377 -0.00693447197936916 -0.0425437502698569 -0.00888537144698806 -9999 0.331467958413056 0.0169433165382906 -0.12169586635453 -0.0944751985305506 -0.0464509020536983 0.0239295938684052 0.100973561304108 0.0292509211870585 0.0646120013563327 -0.003994904267559 -0.0726018443463494 -9999 -9999 -9999 -9999 -9999 -9999 -9999 -9999 -9999 -9999 -9999 -9999 -9999 -9999 -9999 -9999 -9999 -9999 -9999
0.153577683288442 -9999 -9999 -9999 -9999 0.120324921191681 0.136203465158276 -9999 -9999 -9999 -9999 -0.185008801029904 -0.093528305563488 -0.0872926303520884 -0.0483111319850687 -0.0204040502132584 -0.0459440545088061 -0.0989391654156743 -0.121957890320287 -0.112494180504832 0.0807551520129221 -0.0180358199025093 0.0984015871802945 -0.112279382027017 0.0139894438520264 0.0453849568525655 0.0588151125974229 0.0805147241940299 0.0520276239546806 0.0911796521379195 -0.0178257352810537 -9999 -9999 -9999 -9999 -9999 -9999 -9999 -9999 -9999 -9999 -9999 -9999 -9999 -9999 -9999 -9999 -9999 -9999 -9999
-0.101793213757523 0.00812901645557934 -0.050778296816568 -0.00262232290924994 -9999 -9999 0.00834582857350425 0.101731101133854 0.245688498977513 -9999 -9999 -0.141389631329051 -0.116842738470206 -0.0643499328397003 0.0329194230591883 0.00151597284089432 0.257703281198142 -0.162215731452251 -0.197187992699309 -0.0677609063580397 0.105290373951951 -0.0192504423229335 -0.0097953758562816 -0.00968579452988654 0.037651251333255 -0.0262095352015935 -0.0358566351890496 0.00758824474622665 0.0871923230927941 0.0260334935492228 0.112402910558192 -9999 -9999 -9999 -9999 -9999 -9999 -9999 -9999 -9999 -9999 -9999 -9999 -9999 -9999 -9999 -9999 -9999 -9999 -9999
-0.0520019872127534 -0.0174882236511775 0.026851715520982 0.0442297975563794 0.0164380414221795 -9999 0.00510815149147178 0.0238610517874928 -0.0299883259307985 -0.062840354458251 0.067889194180473 -9999 -0.0574291728888598 -0.0671960911215543 0.00788946583705133 -0.040850473523662 -9999 -0.0750753671121938 -0.101567752596078 -0.0265264429675085 0.027602155760753 0.111581947290622 -9999 0.0538441621437732 0.0227341553826753 -0.0300860892188809 0.00355561630149616 0.0116386433522702 0.0573251393417453 0.125805133154454 -0.078356558694448 -0.164017690113754 -9999 -9999 -9999 -9999 -9999 -9999 -9999 -9999 -9999 -9999 -9999 -9999 -9999 -9999 -9999 -9999 -9999 -9999
0.0239633905766399 -0.0196516499904163 0.00902116796073466 0.0364412409011147 0.0952397782413667 -9999 -0.0269416564723779 0.011680090415637 0.00882364730430546 -0.0653212168846228 0.0843300188490819 -9999 0.0383701627959799 0.0972040307710636 0.0412193118705806 -0.00760607813337233 0.0547393098895265 -0.13669821542762 -0.121466360145044 -0.0538573113373854 0.0611624066839955 0.141097091013543 0.163942785152429 0.084328365095962 -0.0649284940606019 -0.0411607059386806 0.0446583915927863 0.0239781202737678 0.0432046545302008 -0.121270624321035 -0.0738996632584391 -0.112725089637188 -9999 -9999 -9999 -9999 -9999 -9999 -9999 -9999 -9999 -9999 -9999 -9999 -9999 -9999 -9999 -9999 -9999 -9999
-0.0906146441102841 -0.133139920651466 -9999 0.154825704149236 -9999 -9999 -9999 -0.0625697330326462 -0.0303060349189547 -0.104007385333675 -9999 -9999 0.205135756066127 0.0959832694912959 0.0365846999053695 -0.0341791125844889 0.0826459208190205 -9999 -0.15918131778691 0.0184717969680516 -0.0329948116590463 0.0349041148687094 -0.172095972773144 0.0343846291502665 -0.109016773092169 -0.0183995905023067 -0.10988963405056 -9999 -9999 -0.0708644177592297 -0.170378676254913 -0.173632273115497 -9999 -9999 -9999 -9999 -9999 -9999 -9999 -9999 -9999 -9999 -9999 -9999 -9999 -9999 -9999 -9999 -9999 -9999
-0.066281036851224 -0.111506185536683 0.0798858339198352 -9999 -9999 -9999 -9999 -0.018183474775669 0.0131958141361512 -9999 -9999 -9999 0.120079725404393 -0.0346764222679296 -0.0680297846032817 0.0640646368809805 -0.0804758161491275 -0.0743912700257496 -0.171289494298571 -0.295080070711845 -0.262180346174553 -0.296310533953898 -0.0486136820160557 -0.0843894171934221 -0.122204418289494 -0.127699426044241 -0.110576215698909 -0.101202777256968 -9999 -9999 -0.23437559519149 -0.256561856183896 -9999 0.0416328659416624 -0.0002447169680503 -9999 -9999 -9999 -9999 -9999 -9999 -9999 -9999 -9999 -9999 -9999 -9999 -9999 -9999 -9999
-0.0338502558674872 -0.0792942311625131 -9999 -9999 -9999 -9999 0.134640111458302 0.0644449802091326 0.0752085172599531 0.119681898076832 -9999 -9999 0.0413288437834295 -0.0713922522695844 0.0124708864049977 0.00696569474472861 -0.0987496439557064 -0.18381828099923 -0.106422863479105 -0.259326153872388 -0.302609731043324 -0.337027187025566 -0.272494796918594 -0.267073528791799 -0.063182077138831 -0.0259290114174596 -0.0358807352956601 0.00592167309231325 -9999 -9999 -9999 -0.15215466695832 -0.19195479143457 -0.0975511479400394 -0.087620802141688 -9999 -9999 -9999 -9999 -9999 -9999 -9999 -9999 -9999 -9999 -9999 -9999 -9999 -9999 -9999
-0.0410138150733005 -0.0703497138001522 -0.171407235043294 -9999 -9999 -9999 -0.02145512568206 0.0219727273493573 0.0771371946712132 0.153651848452079 0.268291846746251 0.232385420294964 0.0985794961171989 -0.019492917357112 -0.0559811313418922 -0.0383187508966534 -0.0404037101094618 -0.0613923162107614 -0.00531566178762793 -0.201849772598963 -0.27294101762149 -0.304748417206061 -0.24921523291151 -0.203453542843555 0.0596518428779703 0.0887286303850722 -0.103189620131721 -9999 -9999 -9999 -9999 -0.0729982430910436 -0.179701627987043 -0.0970049713525306 -0.0251987444679629 -9999 -9999 -9999 -9999 -9999 -9999 -9999 -9999 -9999 -9999 -9999 -9999 -9999 -9999 -9999
-0.0364144614317538 -0.088322763969498 -0.113680729176943 0.0893487767525349 0.00478408799704342 -0.0169103845059109 -0.0284523284665198 -0.0481544453100177 -0.0170275571179195 0.0784697012846765 0.191219913545931 0.120578039207271 0.103759682864863 0.0397351725747389 0.0226621142238209 -0.0292423903653448 -9999 -9999 -0.18137413702004 -0.240232085457136 -0.241237536916536 -0.283590738670551 -0.263366045550744 -0.255810461716746 0.106513901976066 -9999 -9999 -9999 -9999 -9999 -9999 -0.115672390576143 -0.0958390211451356 -0.0331213147239758 0.04777283980956 -9999 -9999 -9999 -9999 -9999 -9999 -9999 -9999 -9999 -9999 -9999 -9999 -9999 -9999 -9999
-0.0517451473949426 -0.0639715838704772 -0.0581131874565084 -0.00902530590080305 -0.0447568385285397 -0.00158772401099817 -0.0420227584524084 0.00637841248149228 -0.0674695625472209 0.0197345042046192 0.121882111769718 0.0914302021463309 0.0985518694678447 0.085793646876058 0.0566790528175115 -9999 -0.168423747140258 -0.158742018077868 -0.182633767957364 -0.23359370466432 -0.350750716517639 -0.251614395268392 -0.318948705871804 -0.208837166653075 -9999 -9999 -9999 -9999 -9999 -9999 -0.0834417024185089 -0.0698178108440166 -0.0161881715825517 0.0204775423134466 0.00602460070673294 -0.0234240105207714 -9999 -9999 -9999 -9999 -9999 -9999 -9999 -9999 -9999 -9999 -9999 -9999 -9999 -9999
-0.0788881576946468 -0.0662857445333086 -9999 -0.0367454276233273 -0.0353591479502113 0.0443737894791406 -0.021258238826596 -0.00165212993460975 0.0107505549372412 -0.0564775954477782 -0.0499884162098547 -0.0435286760986504 -9999 -9999 -9999 -0.0840045603814636 -0.199813381119436 -0.289310610023846 -0.317077162392515 -0.332317417503519 -0.440014025974516 -0.349162660585801 -0.355038908825761 -0.343028507468037 -0.151799214112272 -0.164963622203584 -0.189296267036165 -0.179301599626675 -0.11066210941149 -9999 -0.0713248935715844 -0.0433947580596813 -0.00417902659895372 -0.0254856053433044 -0.0162805330172379 -0.0361329403953219 -0.039228809723527 -9999 -9999 -9999 -9999 -9999 -9999 -9999 -9999 -9999 -9999 -9999 -9999 -9999
-0.117458910327694 -0.159606244243331 -0.0964156215011569 -0.0699750799853491 -0.0687503334683813 -0.015891690854048 -0.0529740592519704 0.0051660618780046 -0.021776901843701 -0.0165673547729992 -0.0224754755396793 -0.0397277314551054 -0.0119287164412825 -9999 -0.220627034497523 -0.161162282585627 -0.168222386100339 -0.319058437050743 -0.433108861541052 -0.466463059839133 -0.396708135929695 -0.313488104457367 -0.290098657695287 -0.271050857823672 -0.19609757206572 -0.190799282786638 -0.181330083036823 -0.109409693159855 -0.0922242834317471 -9999 -9999 0.00424206978179929 -0.0102241711513797 -0.0640898669879777 -0.0836839669426275 -0.0689247006139573 -0.0254895069914524 -9999 -9999 -9999 -9999 -9999 -9999 -9999 -9999 -9999 -9999 -9999 -9999 -9999
-0.0863557069553178 -0.113047772845291 -0.0485503691419164 -0.0639610548699909 -0.0757108273193711 -0.0635789984634279 -9999 0.0671074937520876 0.0087659406586251 -0.0284863028383384 -0.04648741726909 -0.0652104521176431 -0.0649576738683005 -9999 -0.136805591541404 -0.13686544780271 -0.231766199466858 -0.323766118837493 -0.317327708044421 -0.457088711400692 -0.397560836881071 -0.224586468992485 -0.274162441598379 -0.291679060382933 -0.274763606343435 -0.300858805302189 -0.203175748391265 -0.168732888425931 -0.122383611259032 -0.131303473034098 -0.121846118126983 -0.0930958908457925 -0.121919974420006 -9999 -9999 -9999 -9999 -9999 -9999 -9999 -9999 -9999 -9999 -9999 -9999 -9999 -9999 -9999 -9999 -9999
-0.120050842637895 -9999 -9999 -0.0862202215954381 -0.00927704428445626 -9999 -9999 -9999 -9999 -9999 -0.0305254582806948 0.0355625735464314 0.134818829822986 -0.0645277382726054 -0.0896332564312074 -0.0482739159457965 -0.0425501470058665 -0.120088276119614 -0.167986933300036 -0.323840619143221 -0.263241648146397 -0.221444800989212 -0.307659399384594 -0.331829289232824 -0.329652252365179 -0.301372834738927 -0.241020214574452 -0.169884578740844 -0.111682809275442 -0.089597918023421 -0.0764396245529143 -0.0896410417353354 -0.10865601263299 0.119213746583651 -9999 -9999 0.181129949597657 0.234312530910714 -9999 -9999 -9999 -9999 -9999 -9999 -9999 -9999 -9999 -9999 -9999 -9999
-0.0828494069273241 -9999 -0.143932685520436 -0.0856593635198568 0.0313624508918821 -9999 -9999 -9999 -9999 -9999 -0.0379102652371765 0.00600917903461317 0.0242364983661944 0.0816499603876856 -0.167921388585922 0.040881553630793 -0.210868357708116 -0.302006811721513 -0.315010912849754 -0.278075550885214 -0.166494970231758 -0.0552891047938709 -0.177219868431377 -0.380224232824546 -0.239778391069131 -0.200361165507525 -0.176095775776193 -0.132180523360494 -0.145297978474146 -0.0651664610923326 -0.142360801681455 -0.118816509581597 0.00941265184931101 0.044056363734274 0.0188434102844744 0.0506385582044049 0.224975176846652 0.230837398993003 -9999 -9999 -9999 -9999 -9999 -9999 -9999 -9999 -9999 -9999 -9999 -9999
-0.100577589426271 -0.0889721255122696 -0.0487395193896475 -0.0573310182430619 -0.0210601372662318 -9999 0.0149138626459192 0.0821300015576207 -9999 0.174989125788558 0.0113131592076975 0.0294646998094869 0.058771059638579 0.153830511543348 -9999 0.136074515485214 0.143645327420785 -0.34346995457199 -0.236278771618413 -0.168765283523644 -0.21557254165151 0.0183002750558267 -0.199481858959872 -0.230643359140227 -0.16786037914932 -0.229228569909463 -0.182211331353929 -0.162027567320288 -0.172393492275189 -0.238076396228915 -0.120142455125573 -0.095585127057696 -0.0941254893922719 -0.0334700897462686 0.0745835751298677 0.117675818233431 0.224080312294551 0.205121258366898 -9999 -9999 -9999 -9999 -9999 -9999 -9999 -9999 -9999 -9999 -9999 -9999
-0.0911854305544802 -0.114476008803482 -0.0285494916220457 -0.0115425512265068 -0.0206199617176924 -0.0523689205442095 -0.0251146106854725 0.0663731088315654 0.129975098479618 0.107343081595144 0.0766625756379383 0.047731693519673 0.147524773878507 0.20640973552118 0.233954050791769 0.137391812522242 0.011628524943709 -0.121997920478024 -0.14020159561248 -9999 -0.0482691122712951 -0.0106059456383831 -0.250452925797091 -0.215464305425552 -0.151079984494626 -0.227018340022493 -0.185416706093531 -9999 -0.137484302829496 -0.155966366005857 -0.0974271011403383 -0.094235890059807 -0.116406996596625 -0.129143743441328 0.067358318344237 0.123069867288436 0.0708631006796348 0.134206670483893 0.304979015720928 -9999 -9999 -9999 -9999 -9999 -9999 -9999 -9999 -9999 -9999 -9999
