data/rasters/s10.27.09.li.4_xyz_08_.asc
NCOLS 100 
NROWS 100 
XLLCORNER -4 
YLLCORNER -4 
CELLSIZE 0.08 
NODATA_value -9999 
[rows 44 to 65 of 100, columns 50 to 99 of 100]
0.24285523518228 0.297778436848811 0.176341676928261 0.237439473364647 0.329985669384669 0.133789782024728 0.0900669029406956 0.0395951870702759 0.0161819115353631 0.0524054250804001 0.0426134632260511 0.0483602755228947 -9999 0.00713421301558764 0.0549728684132479 -9999 -0.141032066086206 -0.0693313067811363 -0.087529370387312 -0.0474991897526398 -0.0536459640605832 -0.0689550717667659 -9999 -0.226975426004368 -0.191299110388309 -0.188504653067864 -0.186812770133391 -0.14918678362508 -0.16244160142517 -9999 -0.200303754227994 -0.138750225029751 -0.182373047247031 -0.199195607092067 0.0520375196469362 0.0484563763407121 -0.212788954196415 -0.191964335862345 -0.155205881329779 -9999 -9999 -9999 -9999 -9999 -9999 -9999 -9999 -9999 -9999 -9999
-9999 -9999 0.202630345104976 0.328664431045458 0.291347208748557 0.263224477362397 -9999 -0.0458195235475187 -0.0320725263704379 0.0026994081157675 0.059075645023171 0.0634601790033655 -9999 -9999 -0.0265298478645838 -0.0571766917040752 -0.125681758651026 -0.0486766429290965 -0.0896357191910944 -0.0887662979794219 -0.0972101015891433 -9999 -9999 -0.152192137394618 -0.152180740522708 -0.158227901502395 -0.20368746605687 -0.183416812714706 -0.239461284936915 -0.188084777387782 -0.179630625012146 -0.190823666219907 -0.143082301783702 -0.149535236820391 -0.0909066020474704 -0.0452565706798591 -0.147207422973424 -0.124701093659786 -0.134032502282481 -9999 -9999 -9999 -9999 -9999 -9999 -9999 -9999 -9999 -9999 -9999
0.253300300895097 0.175081159373665 0.194842284901202 0.234873860027281 0.0845777143605644 0.0126785688293355 0.259333518861307 -0.0271606568577663 0.030261244781332 0.0254010372869269 0.0510853835795143 0.052912658372352 -0.00581187698584354 -9999 -0.0449939603553088 -0.0594681708044879 -0.0346872388736003 -0.0285395262167782 -0.0992089253658369 -0.140333982938757 -0.0977965367976622 -9999 -9999 -0.173219102505458 -0.0129185202867276 0.0539398636947967 -0.0405642549969529 -0.246154556149413 -0.245448536231983 -0.212072280593702 -0.132115408765023 -0.102314210387605 -0.108729044314667 -0.186173026971616 -0.0310263017710568 -0.0314096229555501 -0.126555320902373 -0.162996881837835 -0.149710945271077 -9999 -9999 -9999 -9999 -9999 -9999 -9999 -9999 -9999 -9999 -9999
0.254976564071348 0.222239993864369 0.163131892726191 -9999 -0.00935038561777381 0.0313602338001592 0.0461283611072486 -0.0390245543493129 -0.0369737118907306 -0.019202248750574 0.0114157025446902 0.0207998031634191 0.0173859763636311 -9999 -0.153872236314793 -0.0879089858641011 -0.0387577140214218 0.147117719917092 -9999 -0.182855303366283 -0.173115536385571 -9999 -9999 -0.186569566064911 -0.108786212481558 -0.113088263570413 -0.102066610976395 -0.254474048265019 -0.215320707891055 -0.133409690490809 -0.101402245406474 -0.11505299657573 0.032264861630553 -0.0315314702905728 -0.0439069033590253 -0.0184336603027217 -0.0979827701910724 -0.153633222416489 -0.141660618241861 -9999 -9999 -9999 -9999 -9999 -9999 -9999 -9999 -9999 -9999 -9999
0.232828288664194 0.228799254806019 0.232830568182916 0.227133875931143 0.0709335558300333 0.0225137329873032 0.0352569057077807 0.00651387618352373 -0.0315524234187557 0.0145841220171237 0.0322526199998116 0.11032912827599 0.128795177732671 -0.031123607121536 -0.0620745902272685 -0.0270592346000582 -0.115177716960342 -0.101536476997004 -9999 -0.173803912953208 -0.0895570644394554 -9999 0.0573869456861399 -0.151406511544349 -0.140521337265892 -0.159268576186524 -0.142764994324542 -0.179269024088801 -0.182869979425438 -0.154843044216216 -0.168279581754491 -0.208116697054923 -0.147076685656208 -0.0299526681516142 -0.0663953205942188 -0.0944696863045102 -0.102255457462205 -0.129772017419474 -0.130480784927663 -9999 -9999 -9999 -9999 -9999 -9999 -9999 -9999 -9999 -9999 -9999
0.139341686409264 0.136719008887212 0.218103389695687 -9999 0.152706003683725 0.146348408723382 0.121739813029332 0.095874045126662 0.0673928226370211 0.0600894049885536 0.00958974228260909 -9999 -9999 -9999 0.063532579077861 -0.071009448555485 -0.101239281819295 -0.075312507227815 -9999 -0.118835861901549 -0.102754890828948 -9999 -0.0485715667056631 -0.0044495741915308 -0.0336730388612899 -0.0151181818873582 -0.0545374698112278 0.0458581255769925 -9999 -0.0684783832702816 -0.21314597466122 -0.230127597346357 -0.183216302443642 -9999 -0.0923138258881241 -0.0383718757947065 -0.104421467777931 -0.0873628901150398 -0.0894604577878959 -9999 -9999 -9999 -9999 -9999 -9999 -9999 -9999 -9999 -9999 -9999
0.184788596751105 0.189978778095731 0.2197506292379 0.165183547225805 0.16057912833964 0.173440322894977 0.150766592734112 0.083956834412272 0.204726035503216 -0.0425150842328886 -0.0165430713325223 -0.00997223204049889 0.0163216156919369 0.00103257978984984 0.116391593472141 -9999 -9999 -0.184678437770403 -0.119588382357375 -0.0798641010540152 -0.0888354077744946 -9999 -0.0394942900531709 -0.0131088232952785 -0.0187446711435607 0.0160416346568234 0.105676241612041 0.116185932359472 -9999 -9999 -0.199675187763426 -0.217642364637403 -0.110017623912801 -0.181634408951931 -0.212837308152804 0.0648537927227972 -9999 -9999 -0.0944538703618758 -9999 -9999 -9999 -9999 -9999 -9999 -9999 -9999 -9999 -9999 -9999
0.350153328893243 0.277157769561318 0.235856187957049 0.196644458843228 0.18174121119708 0.183437668707391 0.0904242609965579 -0.0104682954500862 -0.0441072147727916 -0.0566345276007546 -0.0322909122647025 -0.0219825085900706 -0.138360858060469 -0.155386861155804 -0.0915368140511525 -0.0643060387245587 -0.294233866807995 -0.273655343232299 -0.197508633032196 -0.159321638081148 -0.096575683981817 -0.0329294150361103 0.0186469785995096 0.00844529035695055 -0.128245125325168 -9999 -9999 -0.241059018686437 -9999 -9999 -0.211437632510419 -0.0661923375688984 -0.210075575622215 -0.218337234599784 -0.205062767219013 -9999 -9999 -0.083771948014157 -0.127800177586934 -9999 -9999 -9999 -9999 -9999 -9999 -9999 -9999 -9999 -9999 -9999
0.0111735956079015 -0.00744301081041307 0.107997486767878 0.230575339143133 0.257415316383373 0.177517319270291 0.0642651880860889 -0.0116544124809792 0.0114996148638115 -0.0917877951626468 -0.0662256250316006 -0.0607604864166406 -0.174863624828645 -0.0220951433000751 -0.150285085960325 -9999 -0.222000969601054 -0.212964104861254 -0.253171616694238 -0.205583940831949 -0.182344249703636 -0.0468168305164466 0.293354855083168 0.403890351004337 -9999 -0.187524662357343 -0.180914612544276 -0.219567886791359 -0.20190301852328 -0.226944540609408 -9999 0.00206496659138439 -0.161665696617732 -9999 -9999 -9999 -9999 -9999 -0.114665062493997 -9999 -9999 -9999 -9999 -9999 -9999 -9999 -9999 -9999 -9999 -9999
0.0424047656506289 -0.0462262510515414 0.0538168496158942 0.158028812699329 0.21141895959083 0.113756071757121 0.0358796180104557 0.0299849788616839 0.0858780786175937 -0.102119248855754 -0.0556066166908698 -0.0645864188355246 -0.0312392491495456 -0.121770942320224 -0.163023231726104 -0.209011494151467 -0.229634216392171 -0.129446107972011 -0.372611123737049 -0.166559383223498 -0.173134472944897 -9999 -0.22688627812622 -9999 -0.242593732515984 -0.118168254341951 -0.17413895192219 -0.182728191575115 -0.20450676727482 -0.213808245768206 -9999 -9999 -9999 -9999 -0.296745290687411 -0.296294034820954 -0.178104168079716 -0.235074990864491 -0.085104160070285 -9999 -9999 -9999 -9999 -9999 -9999 -9999 -9999 -9999 -9999 -9999
0.0163705647647908 -0.0435552032449535 -0.0033995997835595 0.0887721355567152 0.176153028903871 -9999 -9999 -0.02247659101618 -0.0416230467216395 0.0391547245199361 -9999 -9999 -9999 -0.166802181527838 -0.144911826322152 -0.232299035566811 -0.206571074514848 -0.270415490709548 -0.373399482604582 -0.248084207583826 -0.219069530503809 -9999 -0.236917040599114 -0.216898832022724 -0.243050860638438 -0.186678741884838 -0.218280203501279 -0.210516053034941 -9999 -0.186831349974807 -0.291226642502542 -9999 -9999 -0.267281922306501 -0.337351349192021 -0.341204152209853 -0.276275518840906 -0.183609878227039 -9999 -9999 -9999 -9999 -9999 -9999 -9999 -9999 -9999 -9999 -9999 -9999
0.0529581680130396 0.0480118958544959 0.0966132230561302 0.210275109861657 -9999 0.230100143702954 -9999 -0.0407701524620122 -0.014372099105484 0.0546448623043153 -0.108238240972222 -0.0801195117944086 -0.0922927651058966 -0.164435937584012 -0.157060974960529 -0.184034799799126 -0.179953101137211 -0.229912435124809 -0.210307273257758 -0.271599045723708 -0.252530779161238 -0.217420948617045 -0.225051005043564 -0.20424521698826 -0.245606664458828 -0.219321519991994 -0.101922409753946 -0.157084613971829 -0.107583422285823 -0.210032690113894 -0.237696671579233 -0.14860032287242 -0.290631197313143 -0.358952194351854 -0.31028224075718 -0.302655704985118 -0.282443146640946 -0.204702020642686 -9999 -9999 -9999 -9999 -9999 -9999 -9999 -9999 -9999 -9999 -9999 -9999
0.113201012295717 0.104309759700308 0.14005824932042 0.294215156198855 0.249560207934152 0.121085644140882 0.119589295571902 -0.0285722180086862 0.00301776599536993 -0.000404006622681801 -0.0850248037324971 -0.0649689898818559 -0.0533136834529685 -0.0839653294025489 -0.0652251256091811 -0.174381793833706 -0.153477961082386 -0.23233477532488 -0.236876086895058 -0.20356059645893 -0.229677408256759 -0.250029006356414 -0.273356164004478 -0.259028313876315 -0.208866989168901 -0.179474773261582 -0.124684032650743 -0.109193637106905 -0.154581500006403 -0.20115718883458 -0.200757916977516 -0.262123654749515 -0.279843296062525 -0.339085936863722 -0.31927051430155 -0.240276342830757 -9999 -0.319185951894097 -0.25969951749661 -9999 -9999 -9999 -9999 -9999 -9999 -9999 -9999 -9999 -9999 -9999
0.123213136910681 0.0990730577787514 0.182639763529919 0.180610773431751 0.14961651607834 0.118107681715031 0.116956054249622 0.0115422565875643 0.000830957919871708 0.0698414171350261 -0.132486053665405 -0.0865063335887474 -0.0477481311737253 -0.0383512178406605 0.00434528164789316 -0.122014979771893 -0.225175351195961 -0.259970144913511 -0.258027513964305 -0.277973415482837 -9999 -0.174776123840924 -0.260079547735638 -0.224616894138757 -0.185065845866056 -0.211640995454809 -0.140093677922436 -0.0110020486883977 -9999 -0.120981204152424 -0.229156558741656 -0.287590561439415 -0.338557271632436 -0.308076571267346 -0.290404956161914 -0.335114171902422 -0.380158297327474 -0.339093255301305 -9999 -9999 -9999 -9999 -9999 -9999 -9999 -9999 -9999 -9999 -9999 -9999
-9999 0.0818318539165645 -9999 -9999 0.158618976328747 0.111070050842006 0.0863236554155014 0.0621532316262153 -0.0315297055517305 0.128312351165888 -0.154595475946542 -0.0964996566811909 -0.0457233118170915 -0.0613526648203427 -0.0178697838947363 -0.270334996292406 -0.303411936334861 -0.22126517055613 -0.255238458665154 -0.358858732967822 -9999 -9999 -9999 -0.173743758459844 -0.176106472436293 -0.195328504156287 -0.135460230387122 -0.133681430856798 -9999 -0.359031967336903 -0.276641425304635 -0.315325838533672 -0.286599536401821 -0.26564749597145 -0.332864512278345 -0.365109005568091 -0.373462751022008 -0.457077785602383 -9999 -9999 -9999 -9999 -9999 -9999 -9999 -9999 -9999 -9999 -9999 -9999
-9999 0.0423043766194164 0.0877146064560233 0.148152484507663 0.138264780016053 0.0601646975885292 0.129810498106219 0.132986415030504 -0.0862752489968317 -0.0675509637333184 -0.110351304677416 -0.0312941025383163 -0.0280082778928604 -0.0457841483258359 -0.0539975552471052 -0.193947608270505 -0.269382364634499 -9999 -9999 -9999 -0.28907082105623 -9999 -0.283072982718951 -0.262285674526856 -0.14014092002715 -0.136417060825051 -0.120039914662859 -9999 -9999 -0.240676599005028 -0.26847566794137 -0.293658541627747 -0.267978165094504 -0.261732357432081 -0.328344879843135 -9999 -0.358823399969684 -0.331871911460745 -9999 -9999 -9999 -9999 -9999 -9999 -9999 -9999 -9999 -9999 -9999 -9999
-9999 0.155785458323684 0.161250772239571 0.19854733410342 0.105399607390383 0.107123015491913 0.143442977773342 -9999 -0.142515699571149 -0.0609047751627382 -0.121391505021567 -0.120533300475336 -0.0672759573652907 -0.0360824560778019 -0.117133504884055 -0.134769006046447 -0.147634380661045 -0.0848575813230624 -9999 -0.358323342718265 -0.308086611173799 -0.309089751831006 -0.256799154779179 -9999 -0.270889966087075 -0.150592526776516 -0.248781162530626 -0.220624494391199 -0.190243497561555 -0.197218417451833 -0.227102304083919 -0.227781369793737 -0.261397413341374 -0.303757301903498 -0.273174004982591 -0.400858182198827 -0.439337959175196 -0.435576077706219 -9999 -9999 -9999 -9999 -9999 -9999 -9999 -9999 -9999 -9999 -9999 -9999
0.243199299360912 0.240807861409203 0.232774418553447 0.233361953384253 0.179097633751847 0.125298086603494 0.160041332309976 -9999 -0.0261994930276015 -0.0811420004512057 -0.103966816519789 -0.0612243244937082 0.00250283422769063 -0.103938054798615 -0.117827416718674 -0.0943459261565206 -0.154104167467213 -0.112292601867395 -0.241884810541109 -0.280224032961276 -0.263162485951748 -0.284968076085031 0.0783588364450345 -9999 -0.198643042397174 -0.242038970891827 -0.258427363431124 -0.266995583022029 -0.237772237170099 -0.188286611122544 -0.200367262773967 -0.1830090803999 -0.276336915650417 -0.276891285625999 -0.330047827332878 -0.400613301643107 -0.419030078781224 -9999 -9999 -9999 -9999 -9999 -9999 -9999 -9999 -9999 -9999 -9999 -9999 -9999
0.246134038142647 -9999 0.382145820434898 0.186851632021586 0.131093267095256 0.132260256393891 0.209217999406973 -9999 0.0717904207772487 0.0484919987258322 -0.0558575421711645 -0.0218322248183381 -0.0629766425614558 -0.143833487734077 -0.149622402489089 -0.178345999632576 -0.176999130251001 -0.175598493595355 -0.232409659208381 -0.257220672979706 -0.247288000441114 -0.268892761799583 0.0612449794698529 -0.22357888265728 -0.170296628773235 -0.220682764172129 -0.208605375428991 -0.256449239390628 -0.232552673988294 -0.201655106790948 -0.154614161775301 -0.142073454599208 -0.28202428983761 -0.332441840767029 -0.342897009888601 -0.330581083074873 -0.363799716612605 -9999 -9999 -9999 -9999 -9999 -9999 -9999 -9999 -9999 -9999 -9999 -9999 -9999
0.252682234653149 -9999 -9999 -9999 0.169767758057513 0.0888932419217249 0.0677892719666551 0.051379899688758 0.0786500613728997 -0.0361255329981972 -0.0119225509630582 -0.00338494062609475 0.00252411963352813 -0.136706863954023 -0.116764417465817 -0.138351886560149 -0.208896733369271 -0.193837710276087 -0.160178409570494 -0.162074325203633 -9999 -9999 -0.0890446057932811 -0.0285124003005093 -0.230754051836166 -0.185802835839547 -0.155274780305347 -0.214157276743734 -0.187611454882877 -0.133821799471055 -0.0949004581347434 0.0294110287662321 -0.324622248151546 -0.327853067102396 -0.281408431536128 -0.290386061514998 -0.315825073146327 -9999 -9999 -9999 -9999 -9999 -9999 -9999 -9999 -9999 -9999 -9999 -9999 -9999
0.292185461623564 -9999 -9999 -9999 -9999 0.0983135583802563 0.0446374181996706 0.0862536053149948 -0.0375387826856812 0.0338134599532297 0.00397300521836809 0.139052091190734 -0.100605756584007 -0.0713609177489242 -0.110070193629297 -0.0731745806943026 -0.153109581817343 -0.111065565882859 -0.156793442198991 -0.172015258290554 -9999 -9999 -0.25513314775691 -0.194719121281193 -0.263083152059312 -0.203549386609113 -0.126835969766248 -0.129090583191263 -0.16473676640073 -0.168439018556264 -0.194306477431548 -0.13204646126067 -0.351239767252329 -0.293563015377248 -0.315846521077291 -0.278245331356091 -9999 -9999 -9999 -9999 -9999 -9999 -9999 -9999 -9999 -9999 -9999 -9999 -9999 -9999
0.250306483948567 0.257000148872947 0.247040562538638 0.0413704956403309 -0.0205386128373972 0.0495967654078707 0.0558914366645803 0.0591802507925963 -0.0151589806671285 0.018351406317913 0.0563703072986992 0.0710530818539932 -0.0511563244291649 -0.0574660772382475 -0.00812412041445754 -0.0282529976470464 -0.0451996226652968 -0.0977449373822702 -0.169323315407267 -0.151952808444933 -0.175197093229579 -0.193669796212729 -0.212267472828681 -0.245136214028986 -0.253973379234718 -0.196541920826607 -0.0679695534793191 -0.11829372588756 -0.194904031236117 -0.196409509662125 -0.206285288312096 -0.193210932036069 -0.215447583632381 -0.236099789526533 -0.34920868403554 -0.399325400255071 -9999 -9999 -9999 -9999 -9999 -9999 -9999 -9999 -9999 -9999 -9999 -9999 -9999 -9999
