data/rasters/s10.27.09.li.1_xyz_08_.asc
NCOLS 100 
NROWS 100 
XLLCORNER -4 
YLLCORNER -4 
CELLSIZE 0.08 
NODATA_value -9999 
[rows 22 to 43 of 100, columns 0 to 49 of 100]
-9999 -9999 -9999 -9999 -9999 -9999 -9999 -9999 -9999 -9999 -9999 -9999 -9999 -9999 -9999 -9999 -9999 -9999 -9999 -9999 -9999 -9999 -9999 -0.00874907975799918 0.0182016098260286 0.0774140768507166 -9999 -0.1072044115267 -0.0823188543337835 -0.0574391504011575 0.00374504920884994 -0.108661298159512 -0.0797884169805044 -9999 -9999 -9999 -0.116347490940198 -0.0747028015451894 -0.0976543100890232 -0.0706197047307738 -9999 -0.0449436392562085 -0.0207460619360322 0.0146035177905335 0.047383626873155 -9999 -0.0859814101277235 -0.046963323767031 0.000224091031926454 0.0439561299170665
-9999 -9999 -9999 -9999 -9999 -9999 -9999 -9999 -9999 -9999 -9999 -9999 -9999 -9999 -9999 -9999 -9999 -9999 -9999 -9999 -9999 -9999 -9999 -0.0421157909263982 0.0594423969686749 0.0185434083006467 -9999 0.0531887070639423 0.0588857231531591 0.0105068454018919 -9999 -9999 -9999 -9999 -9999 -9999 -0.0575658369368818 -0.0353436302159886 -0.0785207776525182 -0.085027957065801 -0.0918440689800278 -0.0353318529053988 -0.015284520540495 0.00682837381868606 0.0651116107327549 0.0740804523561048 0.103695054395057 0.179190379220493 -9999 -9999
-9999 -9999 -9999 -9999 -9999 -9999 -9999 -9999 -9999 -9999 -9999 -9999 -9999 -9999 -9999 -9999 -9999 -9999 -9999 -9999 -0.0676869083188109 -0.118766191463404 -0.122800200555517 0.0887021479735998 0.104872886692795 -9999 -9999 -0.000607764501040191 0.0436650785306664 -9999 -9999 -9999 -9999 -0.0629020935370564 -9999 -9999 -9999 -0.209058217776973 -0.191941522207913 -0.161572912468118 -0.0774322160291196 -0.0418062612107137 0.0130421663202072 0.0420019753000914 -9999 0.0688676743077477 0.0441619906999545 0.0404510557428794 -0.0163246899082499 0.101180218553562
-9999 -9999 -9999 -9999 -9999 -9999 -9999 -9999 -9999 -9999 -9999 -9999 -9999 -9999 -9999 -9999 -9999 -9999 -9999 -9999 -0.00693498755617798 -0.131782106245764 -0.1164830538912 -0.115873854366321 -0.0689940197200703 -9999 0.0360187371934239 0.0363367973287723 -0.0209297607965228 0.0589091566026683 0.0823895753103885 -9999 -9999 -0.0799745404658325 -0.121001681101115 -9999 -0.183545121148217 -0.181695718961609 -0.145679779594819 -0.156809678647712 -0.0842309210503021 -0.0653575999753967 -0.0230057554716901 0.0120786290970502 -9999 0.054769619803277 0.0608007132493349 0.0145058513259769 0.0518680715958639 0.0201822794012603
-9999 -9999 -9999 -9999 -9999 -9999 -9999 -9999 -9999 -9999 -9999 -9999 -9999 -9999 -9999 -9999 -9999 -9999 -9999 -0.10851275281068 -0.0815459132633804 -0.0989891461150915 -0.107238423815233 -0.120622009032052 -0.154278705774036 -0.0801368807161607 -0.0913734452537551 -0.0841544042013453 0.00656638549795135 0.0881862929087902 -9999 -9999 -9999 -0.116268832031393 -0.0882284497512607 -9999 -0.159180361161495 -0.120900013547944 -0.124102019551092 -0.0840913372675695 -0.103791757871749 -0.012685895725589 0.0286523356539443 0.0882540559872466 0.114592315081135 0.0825199072144942 0.0458782368146449 0.0931243220021569 0.328389067590235 0.0353780408418713
-9999 -9999 -9999 -9999 -9999 -9999 -9999 -9999 -9999 -9999 -9999 -9999 -9999 -9999 -9999 -9999 -9999 -9999 -0.15968567030666 -0.130356260152843 -0.0837091982981 -0.116279359397815 -9999 -0.0267392725462016 -0.153489692798154 -0.108825601404446 -0.157512662067649 -0.0721592601033673 -0.00704102656444519 0.106029268511304 0.269749468938525 -9999 -9999 -9999 0.00281987851208302 0.137910480270479 -9999 -9999 -9999 -0.0812267145080962 -9999 0.182524054196152 -0.0879779380715714 -0.0109215375435886 -0.00971973748783457 0.0209633386410314 -0.0486463405754169 -0.0178685304825922 -9999 0.117965894642661
-9999 -9999 -9999 -9999 -9999 -9999 -9999 -9999 -9999 -9999 -9999 -9999 -9999 -9999 -9999 -9999 -9999 -0.143555604173662 -0.265608528369113 -0.214681957657682 -0.144813863866429 -0.0725528994643274 0.0884058514578162 -0.0621773191382986 -0.123812401160298 -0.0842637492871826 -0.13144894415996 -0.110650210713536 -0.0602216143587477 -0.00460592649410859 -0.0044839517793723 -0.0281362609530849 -9999 0.136287686861367 -0.00596303788666697 -0.00734377193871385 -9999 -9999 -9999 -9999 -9999 -9999 -0.128512333255645 -0.122271223834582 -0.173560356975263 -0.0872207155227577 -0.0755853906836092 -0.0650605871336944 -0.0667272736758681 -0.103070711712827
-9999 -9999 -9999 -9999 -9999 -9999 -9999 -9999 -9999 -9999 -9999 -9999 -9999 -9999 -9999 -9999 -9999 -9999 -0.229707013391625 -0.248429342854911 -0.120870535938522 -0.0294734845039549 -0.0558843351223388 -0.110414917870541 -0.116446334559509 -0.0315936947124144 -0.0967739478332223 -0.0694869659148251 -0.0902048268955446 -0.0167060292156149 0.0372099407777166 0.0605832100193601 0.16592368883764 0.148704702711974 0.0209768179556345 0.00299341113007879 -9999 -9999 -9999 -9999 -9999 -9999 -0.00179513813933585 -0.0435917648290444 -0.11642176423676 -0.0735957592066362 -0.0842124924233353 -0.0966455665290547 -0.0699954870428347 -0.0606550922926177
-9999 -9999 -9999 -9999 -9999 -9999 -9999 -9999 -9999 -9999 -9999 -9999 -9999 -9999 -9999 -9999 0.0144821036812186 -0.120101954747784 -0.204667655335864 -0.199988859766292 -0.10990641222732 -0.0187071413248121 -0.0203908182668072 -9999 -9999 -9999 -9999 -0.0049994564041429 -0.0697468809825262 0.0439004203720695 0.0843636083408487 0.140183166142787 0.173377075230608 0.15103383984813 0.0545339940289517 -9999 -9999 -9999 -9999 -9999 -9999 -9999 -0.0566511852196159 0.0366309738134105 -9999 -0.0562763283334727 -0.0563957586792918 -0.0174953548397751 0.0323475929736551 0.0919702998204991
-9999 -9999 -9999 -9999 -9999 -9999 -9999 -9999 -9999 -9999 -9999 -9999 -9999 -9999 -9999 -9999 -0.0173922033973158 -0.183250450027216 -0.214460274378752 -0.155945379581682 -0.136901834153686 -0.0994481710690284 0.108815295076997 -9999 -9999 -9999 0.0244783612032706 0.0420428632146472 -9999 0.114780407877773 0.194422589623523 -9999 0.169472552354141 0.203252519584663 0.082300459587614 -9999 0.0378860531663447 -9999 -9999 -9999 -9999 -9999 -0.039828694165591 0.0393226114451964 -9999 -0.223863607904814 -0.105313034225178 -0.118566528074674 -0.00970704963895695 0.0971095123854298
-9999 -9999 -9999 -9999 -9999 -9999 -9999 -9999 -9999 -9999 -9999 -9999 -9999 -9999 -9999 -0.0301067496267724 -0.0546927135764169 -0.125060866066885 -0.243393222394272 -0.139529840542501 -0.0211109005900744 -0.114770869517341 0.0899948673638259 -9999 0.219486943666164 0.0937697320825348 0.0923998474583701 0.187560029365643 -9999 -9999 -9999 0.209351795640902 0.224273033436181 0.116558702342116 0.16192868085472 0.0953528014368539 0.0728393667707897 -9999 -9999 -9999 0.0450321027116719 0.000749964442546593 -0.0528476749189669 0.18784648595646 -9999 -0.139099032292945 -0.0965116329394176 -0.104631343597695 -0.115927025663824 -0.0855558314843291
-9999 -9999 -9999 -9999 -9999 -9999 -9999 -9999 -9999 -9999 -9999 -9999 -9999 -9999 -9999 -0.0182728687204376 -0.0319140569142034 -0.0430450505348118 -0.0929168146368659 -0.0908908379958647 -0.043824226908966 0.116864042516911 0.0802119637285975 -9999 0.0809743831887567 0.0890918923231029 0.310983560508351 0.193774569118983 0.193605634845416 -9999 -9999 0.258201148261899 0.453836370163209 0.491752302934676 0.0332621279723871 0.0357421291091795 0.0196840075410169 -9999 0.0583319814385971 -0.00217738735235928 0.008446825778184 -0.0926004521452818 -0.128848944684008 0.132258523218803 -9999 -9999 -0.0357813333131296 -0.160860207026122 -0.129600263765541 0.000809033161279864
-9999 -9999 -9999 -9999 -9999 -9999 -9999 -9999 -9999 -9999 -9999 -9999 -9999 -9999 0.00245229257485826 -8.23457388052619e-05 -9999 -0.120319952833112 -0.0905211987420029 0.0929193379974743 -0.0117391622113585 0.166726220160465 0.245941353842379 0.211647630796623 0.240479146763452 0.331430760229006 -9999 0.382369720792704 0.343660688953964 0.318217822523579 -9999 -9999 0.0690260755589015 0.00980471548415774 0.153646374582515 0.183816060656243 -0.0572457275379695 -0.0234918956127662 -0.00956671581269032 -0.012848439132047 -0.00982337448929326 -0.0990927621205241 -0.0880735493594247 -0.175661012508968 -0.0982494678242708 0.0714745124439955 -0.0730914879822066 -0.259782402356896 -0.239735836199835 0.0300439270944061
-9999 -9999 -9999 -9999 -9999 -9999 -9999 -9999 -9999 -9999 -9999 -9999 -9999 -9999 0.0169594021142191 -0.0073644962079471 0.000326162330803639 -0.120382309190516 -0.102359666050224 -9999 -0.0204734969430154 0.0994223217270287 0.155287087342381 0.203624930307669 0.244474134303634 0.301575766607625 -9999 -9999 0.456463251917627 -9999 -9999 -9999 -9999 0.00357594355079719 0.0189818221571839 0.054141554813519 0.0146369233535152 -0.0173044712827858 -0.0692036747347056 -0.0389761964308419 -0.0297707975225469 -0.0673495467607609 -0.070714941584778 -0.0161347059463949 -0.075947866065496 -0.0868493149139978 -9999 -0.248350105250947 -0.199234105313209 -0.0904372474732114
-9999 -9999 -9999 -9999 -9999 -9999 -9999 -9999 -9999 -9999 -9999 -9999 -9999 -9999 -9999 -9999 -0.0812122791749215 -0.107404180552114 -0.0510435262371774 -9999 -9999 0.120800774144235 0.139501117175777 0.257304432427251 0.207958913888587 0.0237076504072496 -0.011118820985546 0.090368157870401 0.11082459609839 -9999 -9999 -9999 0.00241850722368854 0.0154816793008186 0.0682617726495936 0.0608434584023284 0.0565628181300554 0.0299410227443739 0.0276694742311817 0.0168474534088155 -0.000353917843457501 0.00369785311665774 0.0513722778436889 -0.0262036131900915 0.0303774444808136 -0.0019165134785226 -0.106877666076237 -0.0999371026092627 -0.156879949547447 -0.0832246874180347
-9999 -9999 -9999 -9999 -9999 -9999 -9999 -9999 -9999 -9999 -9999 -9999 -9999 0.201036276654188 0.167530909146014 0.182756987162078 -9999 0.0607077053446327 0.0332850901073075 -9999 -9999 0.298768618643942 0.154308711210957 -9999 0.043660897839448 0.0111310596689613 -0.0198691745246446 -0.0472725169539237 0.0763077271614032 0.148705474027922 -9999 -9999 -0.0458830104886972 -9999 0.0827470178821614 0.00723489026164533 0.0113789682483485 0.0425011013856796 0.0148941701826936 -0.0150658213258184 -0.0269908562103191 0.0105244504408882 0.0387909798835165 0.0593799297899268 0.18132192793666 0.00591239660273555 -0.0535054085664726 -0.133128904570855 -0.126484982791094 -0.106964753850688
-9999 -9999 -9999 -9999 -9999 -9999 -9999 -9999 -9999 -9999 -9999 -9999 -9999 0.150297380592463 0.146560707291324 0.116176125864305 0.128823878830324 -9999 0.0062341048371589 0.0709239583969396 0.0365309177911931 -9999 -9999 -9999 0.0193088354872502 -0.0547927870244688 -0.18957374583735 -0.0705123687713535 0.0511619357901346 0.0339192943855769 -9999 -0.112924101728975 -0.0348052882723123 0.0891861645469745 0.114697970306669 0.0116501577601801 0.0604065590189321 -9999 -9999 -0.0098068408701904 0.035471303046636 -9999 -0.0735716208118801 -0.0677100153098269 0.0297637462365742 0.0285114038378721 -0.0196451644932846 -0.0800468915891722 -0.151892062727896 -0.116086585262606
-9999 -9999 -9999 -9999 -9999 -9999 -9999 -9999 -9999 -9999 -9999 -9999 0.0670838564523118 0.138816632032354 0.154487543156701 0.04673639539475 0.0866296601718412 -0.0314114785067527 0.0467051949179035 0.068085174514863 0.150821658349852 0.0994777509112822 -9999 -9999 -0.0272070468962189 -0.117522595355809 -0.153892927894441 0.00500038744160152 0.0757645546856329 -0.0192562366300378 0.0197630708866165 -0.0974515714870981 -0.0178677812791053 0.0315016755084123 0.0497023214976494 0.0590534209455732 0.0960761533822351 -0.0421132204843352 -0.0033359958499933 -0.0105505926020461 0.0904460907485895 -9999 -0.0161466244337182 -0.0581431323225412 0.0986732854538195 0.0350032452897757 -0.000329535566336218 -0.0196453161635497 -0.126349211162988 -0.0518677093554476
-9999 -9999 -9999 -9999 -9999 -9999 -9999 -9999 -9999 -9999 -9999 -9999 0.115867622003568 0.194369970970329 0.0509920869444533 0.0793050913811945 0.0877066813010621 0.0427890252568771 0.074123420727911 0.135238724912989 0.162467228320518 0.132001238456791 -9999 -9999 -0.0590952854093124 -0.050436313529336 -0.0763933814088287 -0.107180282202141 -0.0737812219103158 -0.0393851990170286 -0.00711334800536225 -0.111224879831907 -0.0798061924567551 -0.0141103716320333 0.118829437274388 0.0924224136429181 0.0233600037580519 -0.0472930218435978 -0.0643054791682765 -0.00900836633042495 0.0465363891895342 -0.0025657687776585 0.134376233992928 0.025664808860748 0.0244208692830788 0.0950448027678988 0.0962612375485937 0.0591958725016608 -0.0244828922291757 0.0710804422006197
-9999 -9999 -9999 -9999 -9999 -9999 -9999 -9999 -9999 -9999 -9999 -9999 0.101142402865702 0.0933304833858724 0.1439311819209 0.0554496194664364 0.0537133168886833 0.110910946428119 0.0831037156310105 0.113901978510334 0.128735352152487 0.119058864413436 -9999 -9999 0.0186777984655012 0.0854445703925663 0.072482569543313 -0.101505235834415 -0.174774511233148 0.049041533082492 -0.0762356376408545 -0.0550091538454711 -0.0388350308627396 0.0490860241118679 0.0556324971332504 0.070910963636853 0.0508739625022432 -0.0281796173253733 -0.0302924802350862 0.050356415819269 0.0171192384435186 -9999 -0.0272245464991283 -9999 -9999 0.0772135758774618 0.0425666146219985 -0.0551585314887246 -0.137012592078987 -0.0731683773101825
-9999 -9999 -9999 -9999 -9999 -9999 -9999 -9999 -9999 -9999 -9999 -9999 -9999 0.0966150298036365 0.0971121485263741 0.0647734847215998 0.0208006137494985 -9999 0.081227833516276 0.0799502854104642 0.0302279210711573 0.0937200931843601 0.09756946232739 0.156850840923601 -0.237361680406732 -0.0734934152241756 -0.146685581282683 -0.112651026214844 -0.176331508494608 -0.0506610365547991 -0.0938267585632063 -0.107344196470051 -9999 -0.0152748153494467 0.0234638535673991 0.0146078245754759 -0.0528088529991535 0.0407397615841911 0.0496690650475392 0.0647071351128285 0.0897302032623544 0.0344947736082594 -0.0409001465124157 -9999 0.0592873307384023 0.0107851859886444 0.116349688669924 -0.168085824110165 -0.176623499603375 -0.110469427436264
-9999 -9999 -9999 -9999 -9999 -9999 -9999 -9999 -9999 -9999 -9999 -9999 -9999 0.0457408157584498 0.0817831552158227 0.0661579636917731 0.0751540246431212 0.114729919442191 0.141608423115221 0.105766141424143 0.0736317029841656 -9999 0.120649192807419 0.138553078829891 -0.126627112846523 -0.19867380795736 -0.109531361654146 0.00701051045344787 -0.0905456503086389 -0.0666281785505187 -0.0528207615334052 -2.71093569692696e-05 0.0149489606989276 -9999 -0.041320801767701 -0.0155917146252 -0.0752899128342012 0.0226913166558476 -0.0118035852576176 0.0795599908089646 0.0935602198246924 0.0234624372400529 0.00853818857059911 0.0433699101953416 -9999 -0.0192665799957596 0.0629972701802777 -0.0223620424269122 -0.138978506374596 -0.119589331729043
