data/rasters/s10.27.09.li.1_xyz_08_.asc
NCOLS 100 
NROWS 100 
XLLCORNER -4 
YLLCORNER -4 
CELLSIZE 0.08 
NODATA_value -9999 
[rows 44 to 65 of 100, columns 50 to 99 of 100]
-0.0425851213193201 -0.158167892014467 -0.0966299239218466 0.0221042957561901 -0.0426829074045215 -0.0844343696396118 -0.0786735998074239 -0.0622205091328147 0.126423023568214 0.145349203813525 0.111802826889507 0.106412753411658 0.141038601179581 0.192980516281622 0.221980566704538 0.0171076902049436 -0.0333639802297407 -0.0903337323359859 -9999 -9999 -0.0587129954659795 -0.155068088758799 -0.209035103235801 -9999 -0.262886343594615 -0.149720014816001 -0.111982049672424 -0.0803452661863092 -0.137263953249298 -0.21284399988895 -0.184290875226803 -0.0455041958165828 -0.0621958487993296 -0.0516764575060364 -0.0417806590443961 0.101704587455343 0.0709722074879479 0.118980501422653 0.20162089715735 -9999 -9999 -9999 -9999 -9999 -9999 -9999 -9999 -9999 -9999 -9999
-9999 -0.178727415489735 -0.141991395921869 -9999 -0.00273325782432001 0.0436970041687477 -0.0912328261933722 -0.0763552191540603 0.223415798303957 0.148512959545036 -9999 0.130273265532919 0.146530423066617 0.107114885555167 0.194231626291133 0.204105933318374 0.146279636773555 -9999 -9999 -9999 -0.0450669541073114 -9999 -0.208065593972629 -0.212558245945852 -0.224740770608144 -0.0886614579894208 -0.087236632349743 -0.0925526902422152 -0.119360553092171 -0.264669269575044 -0.255469752296279 -0.110928088239019 -0.0262180179579961 -0.0331964366160502 -0.0303770882869464 0.0773593505187268 0.11614116074793 0.138527077011536 0.159606162791349 -9999 -9999 -9999 -9999 -9999 -9999 -9999 -9999 -9999 -9999 -9999
-9999 -9999 -9999 -9999 -9999 0.0836591523705056 0.0711405222008672 -0.0456648300568252 0.0949351740203442 0.0525472041677306 -9999 -9999 -9999 0.0945327554291939 0.210522584273061 0.15445822933938 0.135936621812391 -9999 -9999 -9999 -9999 -9999 -9999 -0.225513373933659 -0.126149403633015 -0.0561863516204194 -0.102024536132167 -0.043263358240917 -0.106966478047071 -0.0585532765134166 -0.221908831440706 -0.102297013856331 -0.176525766681139 -0.0753583406995788 0.075336592131358 0.0246832840707262 0.108362897245446 0.0900974378991705 0.123377348970642 -9999 -9999 -9999 -9999 -9999 -9999 -9999 -9999 -9999 -9999 -9999
-9999 -9999 0.00393853604218067 -0.0418462814648219 0.000495858933626456 -9999 0.0287256468669882 0.0564762894608354 0.0997531910051674 0.0632343662873287 -9999 -9999 -9999 0.0514703719877045 0.139984963840242 0.123478645987833 0.0773341373130252 0.0221118105316922 0.02629862429002 0.0708250450656246 0.0841307627294353 -9999 -9999 -9999 -0.0827653649589228 -0.0738730330188942 -0.117694137133707 -0.0698049671151552 -0.0890054199759658 -0.117715119446782 -0.116768821011265 -0.10704113582535 -0.16836454043073 -0.0542276609462812 -0.0870547009011382 -9999 -9999 0.0833710039366179 0.0977538200961351 -9999 -9999 -9999 -9999 -9999 -9999 -9999 -9999 -9999 -9999 -9999
-9999 0.0181455684768097 -0.0158730299758482 -0.0494086268165479 -9999 -9999 0.0248763841258747 -0.000673604437759845 -0.0427519639910052 0.00890330190479093 -9999 -9999 -9999 0.172610244528365 0.213679661975678 0.0944863047331091 0.0739332868194313 0.0145396290381499 0.0315302717465969 0.121045053641102 -0.0574190102429969 -0.0660324187956715 -9999 -9999 -0.0990884809125214 -0.032137185285991 -0.187434225472541 -0.108479450240221 -0.0950261314385906 -0.0819749195785828 -0.0747943844622088 -0.000266979156332199 -0.0664486548204258 0.0263576298945874 -0.0327390504226866 0.00804410305428527 -9999 0.12975502303184 0.0877681718146086 -9999 -9999 -9999 -9999 -9999 -9999 -9999 -9999 -9999 -9999 -9999
0.13223790471472 -0.0563285904184215 -0.0325786762023345 -0.075582830161305 -9999 -0.0630455478820681 -0.0270713692959271 0.0426581215700096 -0.0785087652503098 -0.0063654569462882 -0.0160832008668902 0.0414971765770568 0.119456116009829 -9999 -9999 0.147460220955524 0.0313114649278583 0.0199621421641977 0.0362791714871416 0.116107188425043 -0.0285357236104144 0.082733041763723 -9999 0.0020606265152138 0.0129306491349117 -0.0172742055445802 -0.164763342066926 -0.132296709057229 -0.108808625877117 -0.0561407924211381 -0.0596121436306461 -0.110888338339712 -0.115290091219349 -0.019509043878972 -0.0165320642749832 0.0747904770258626 -9999 -9999 0.10319897294575 -9999 -9999 -9999 -9999 -9999 -9999 -9999 -9999 -9999 -9999 -9999
0.062205210616512 -0.0465882655176195 -0.0411739607737994 -9999 -0.0870739517070951 -0.00956185453476622 -0.0943895843528366 0.0183908567041207 -0.0720457249014272 -0.0208397238070059 0.0561972695480957 0.109030460710426 0.0757329246314709 0.0518246194924462 0.0668227897470707 0.132895967657885 0.069232233320948 0.0371290214431627 0.036464956946831 0.12073359606263 0.0115041138503719 0.00591403258548738 -0.0101484638758728 0.0600165010923659 -0.0276138609375377 0.0056930077951427 -0.154887460726021 -0.0774313076382809 -0.101462550946246 -0.0504941131535163 -0.0648463171502873 -0.0463544205301482 0.106432630736012 -0.0686807742166955 -0.0483645273457241 -0.0228847463523144 -9999 -0.0917526715785251 0.0706625740761629 -9999 -9999 -9999 -9999 -9999 -9999 -9999 -9999 -9999 -9999 -9999
0.0135363041889467 -0.0234491431831156 0.0439901431065 0.216305397724706 -0.115839258229798 -9999 -0.187763942888816 -0.0656684150424654 -0.0854533348472092 -0.00346612305235651 0.0291967705328735 0.0892103798657252 0.0499704714742503 0.0401565770469552 -0.0208730711409875 7.73839557529931e-06 0.0469497090996441 0.0286994382253423 0.0411013215849674 -0.0669136541081308 -0.120705637003077 0.00480330798438336 0.0144915938265613 0.00438266034586994 -0.0473121378314736 0.0109921627057304 -0.021067457158519 -9999 -0.0229660614377918 -0.030679235678203 -0.0439839206746607 -9999 0.163876793174241 0.0908715493834812 -0.0880137113541944 -0.034588540927456 0.0810843781967459 0.0907956061106854 0.0841080510083935 -9999 -9999 -9999 -9999 -9999 -9999 -9999 -9999 -9999 -9999 -9999
-0.120327110656432 -0.111894923723529 0.0132409776466149 -9999 -9999 -9999 -9999 -9999 -9999 -9999 -0.0210026037511311 -0.000469493306143913 -0.0323200186220775 0.0128261227933085 -9999 -0.17148118585045 -0.092545914725024 -0.0449235882300374 0.0627558013428434 0.0423115765694748 -0.0845152916111725 -9.30548215972304e-05 0.00335471425687464 0.00182052494949526 -0.0210780529541398 0.0157119818497304 -9999 0.0700177194428459 0.0534911912017349 0.0110552311214922 0.188444091928144 0.168373147041943 0.13640261926981 0.0790727401049503 0.0668576747751807 -0.0421543193676973 0.0676894365435065 0.0511746782478836 0.0540298807514315 -9999 -9999 -9999 -9999 -9999 -9999 -9999 -9999 -9999 -9999 -9999
-0.12815700872402 -0.226429751491442 -9999 -9999 -0.0940378616363977 -0.184503935138199 -9999 -0.162194709330159 -9999 -9999 -0.119939200879491 -0.116954501868898 -0.135904130234133 -0.0466891520281629 -9999 -0.216498478210664 -0.11541387780432 -0.182319905258759 -0.115873364039412 -0.0772108576945893 -0.101688151940608 -0.064516025793657 -0.0599082319537598 -0.027410101163339 -0.0127871803430726 0.020263892226921 0.0749205871410851 0.22119467512472 0.0732361737617733 0.1512664937157 0.117890530331352 0.0514208612765197 0.088169085601101 0.0718513649172269 -9999 -0.0570957944353425 -0.0548124217452626 0.0407900869854836 0.0173535217521636 -9999 -9999 -9999 -9999 -9999 -9999 -9999 -9999 -9999 -9999 -9999
-0.161293569947396 -0.077856657510536 -0.219524676207048 -0.220592702271445 -0.184760285207072 -0.131575115786135 -0.175222106834064 -0.211556290338292 -0.161737544870655 -9999 -0.113641924150272 -0.138408698186197 -0.206544255602832 -0.0176380266211665 -9999 -0.26909023028532 -0.178700631828932 -0.169964380992247 -0.129500313082522 -0.177970161191451 -0.200998539281459 -0.182853120267702 -0.154419753464784 -0.0642218091422374 -0.035742056653224 -0.027201607202922 0.0120127481079435 0.0466783065192274 0.0490555668993114 0.148979982226425 0.1894404013947 0.0810333268992625 0.0603619767397493 -9999 -0.0640359203129671 -0.109690252009223 -0.00549898408542753 0.0507337676977091 0.0333357065823875 -9999 -9999 -9999 -9999 -9999 -9999 -9999 -9999 -9999 -9999 -9999
-0.00858449729280654 -0.0642464399330074 0.0355409367214475 -0.182054341144398 -0.182833838485796 -0.205227492902016 -0.268542163213806 -0.19801189358904 -0.135434457616296 -9999 -0.129744662934091 -0.157228387265953 -0.143274722718774 -0.194365070617752 -0.264126940717912 -0.24556585286136 -0.232775655786225 -0.222951540675315 -0.106467789101771 -0.135570898907562 -0.178860278111187 -0.160215353990355 -0.0803454674465263 -0.108297475468237 -0.194896013907381 -0.0214402714333341 0.0324984815266349 -0.00219665530415133 -0.0151445687347355 -0.0992367795895975 0.14804002889304 0.0187917193880184 -0.104211534304516 -0.106200926669208 -0.0450627466313948 -0.0201696900225912 -0.0438950797106871 -0.0149045560749309 -9999 -9999 -9999 -9999 -9999 -9999 -9999 -9999 -9999 -9999 -9999 -9999
0.117368527294061 0.137081582824837 0.0402980321741022 -0.18447434053021 -0.213393068132338 -0.149486853605733 -0.218274748820898 -0.222221485211185 -0.156851207741386 -0.206398667400906 -0.136876831407384 -0.178603097757678 -0.164648560526461 -0.163936357126977 -0.292718902852117 -0.32917322904926 -0.276026477075766 -0.177754983669035 -0.315000625765516 -0.306409076739679 -0.213726224088927 -0.158016201103341 -0.065239512683384 -0.0267334550134657 -0.230631377213605 -9999 0.0877905042361234 0.00493928779657281 -0.0656801192584964 0.0444454586347256 0.0808233505267825 0.0292680946202046 -0.0651964629070733 -0.0550909721419624 -0.0575683918832674 -0.0195913630252579 -0.0278576323713212 -0.0181905741459098 -9999 -9999 -9999 -9999 -9999 -9999 -9999 -9999 -9999 -9999 -9999 -9999
0.155892038757991 0.130885101544073 0.0890479819818157 0.0490850316343464 -0.157233241412795 -0.151945934776633 -0.16864440184591 -0.122611483896698 -0.170023067865268 -0.169117336769841 -0.10388359712953 -0.190552161729524 -0.226878882759313 -0.140004458506952 -0.245415077791811 -0.216911356354411 -0.248738771272946 -0.240257015371833 -0.288906528774383 -0.268013567378543 -0.213275801495071 -0.146298995866078 -0.151739749838325 -0.162954625171207 -0.167622941924777 -0.0915029192931474 -9999 -9999 -0.121570484672065 -9999 0.0806864683722731 0.08721075665896 0.0382163199168595 0.0131618539041383 -0.0490156012649424 0.0363857409444786 0.0318033740655854 -0.0222782465918501 -9999 -9999 -9999 -9999 -9999 -9999 -9999 -9999 -9999 -9999 -9999 -9999
0.212225288324382 0.189291065166751 0.178619197768444 0.0811695528005159 -0.0731035500269597 -0.137757057583983 -0.155926398301503 -0.213737440011235 -0.195905429696852 -0.179040126986381 -0.133531114597568 -0.165502419058719 -0.161417461678502 -0.0925572747792203 -0.210331570580936 -0.240964381446372 -0.250317565113707 -0.233429534319102 -0.286759529324117 -0.247884748748946 -0.150935679544419 -0.144280099164315 -0.185361682188376 -0.133130536059495 -0.196554997147955 -0.163508802836334 -9999 -9999 -9999 0.0932123054365581 0.0806903268909157 0.140454785943925 0.11225978287534 0.150932139217495 0.0608789105544362 0.124524286915987 -9999 -9999 -9999 -9999 -9999 -9999 -9999 -9999 -9999 -9999 -9999 -9999 -9999 -9999
-9999 0.0709259142573146 0.135695699788077 0.0620798838546553 -0.0175666223628566 -0.0891040154605709 -0.220218164198874 -0.216155875399372 -0.197693121946487 -0.21440844703454 -0.170062360688435 -0.140475906134384 -0.12251853613151 -0.175067488108125 -0.17306245289465 -9999 -0.139816168914086 -0.322127331006918 -0.22925748860665 -0.150611375429698 -0.0746976709825021 -0.188811596104562 -0.321943476097994 -0.182408157968973 -0.205336350219977 -0.16881755846002 -0.114701023272979 -9999 0.131296037839125 0.0431735641033673 0.00493239094139345 0.0417237087399198 0.062603570530708 0.0623193212420428 0.024630052236958 0.10435982508689 -9999 -9999 -9999 -9999 -9999 -9999 -9999 -9999 -9999 -9999 -9999 -9999 -9999 -9999
-9999 0.123058684077736 -0.0456199870975783 -0.0163015266603344 -0.0951038013572356 -0.0398836340078802 -0.278135912849786 -0.2231166078765 -9999 -0.267900430084168 -0.247577170502794 -9999 -0.192786605431473 -0.169753155728731 -0.177654078614757 -0.0271907471824603 0.0564696039163509 -9999 -0.176467465455597 -0.173230544505211 -0.203243141298049 -0.094317231224123 -0.269245244601159 -0.266864334545699 -0.205565922934356 0.109957912928094 0.0562926654661114 -9999 0.0962433084579634 0.144788443708388 -0.0291156642424645 0.0775403703026596 -0.023047553715906 -0.0130272042723901 -0.00906116917011076 -9999 0.168497565579971 0.157673323447145 -9999 -9999 -9999 -9999 -9999 -9999 -9999 -9999 -9999 -9999 -9999 -9999
-9999 -0.217095640050589 -0.236964922359579 -0.228837801996089 -0.234552944348996 -0.235823809698602 -0.220734552836009 -9999 -9999 -0.229262560211876 -0.133883159171095 -0.153104149773716 -0.206227232322854 -0.0973239945450226 -9999 -0.0977971381876967 -0.0642050494435548 0.0760792953835432 -0.0427162415160775 -0.0181713396754011 0.0506440447583476 -0.0052365715156184 -0.159914605477761 -0.117958076344077 -0.128729643899 0.114683225356352 -9999 -9999 -9999 0.00562436722474716 0.0308297168361214 0.0837274890282455 0.0360843945450347 -0.0293888026412278 -0.000976321273312301 0.120961134527156 0.114214714709107 -9999 -9999 -9999 -9999 -9999 -9999 -9999 -9999 -9999 -9999 -9999 -9999 -9999
-9999 -0.0862247748533793 -0.173792943122791 -0.302322013180446 -0.227015482809221 -0.180847644925247 -0.177134087743802 -0.283811054850241 -0.289325863898606 -0.25139041013051 -0.161875230860014 -0.158881519054778 -0.214091568629285 -0.0625509850561667 -9999 -9999 -0.0629540507656468 -0.0227927815355261 -0.038711787317181 -0.0528077255751515 0.0766943202384785 -0.0227478898270205 -0.140982125999889 -0.060348233725886 0.0619543905837144 0.0355099780146084 0.0946917260012799 -9999 -9999 -0.0250497116949081 0.0740280991791798 0.0164953483161122 0.0499348412833584 -0.00531739971076282 -0.000704038747823919 0.0713339528133129 -9999 -9999 -9999 -9999 -9999 -9999 -9999 -9999 -9999 -9999 -9999 -9999 -9999 -9999
-0.102551724385063 -0.0777292715679061 -0.113480332555199 -0.23727691860549 -0.240746202651987 -0.19793248845252 -0.176940679117156 -0.285803300175741 -0.313266763764658 -0.206999801544733 -0.115907657294982 -0.172713311023663 -0.114328695256317 -0.0654700905288625 -0.0443436778376603 -0.04750795227558 0.0240345407891014 0.00484254370491184 -0.0921228057369546 -0.0576965527395617 0.0646745678124766 0.00328109651983247 0.081133163324191 -0.0313495643400763 0.0275870340157235 -0.0262386505491553 0.0675589160347063 0.20477163966403 0.210421834795421 0.177650235498735 0.058282134991308 0.0518420396785684 0.000228925942379154 0.0625032034279863 0.110561853544203 0.128371012259323 0.0557254858322527 -9999 -9999 -9999 -9999 -9999 -9999 -9999 -9999 -9999 -9999 -9999 -9999 -9999
-0.0244364899921071 -0.0604460680866976 -0.0811490856993432 -0.197157241201763 -0.205280287424008 -0.174463081710421 -0.157636452965858 -0.249574174251786 -0.317995495685702 -0.25413610742165 -0.161858128971216 -0.155840723423382 -0.150966666444409 -0.158175873705738 0.0573056948865773 0.0564044730327137 -9999 -0.048883532049405 0.123472384633779 0.152183508497183 0.143342982986622 -9999 0.11081614073386 -0.0691925878046907 -0.0812240826160473 -0.0466640855690488 0.0511302708498815 0.181050358855533 0.182195112538821 0.216793209971006 0.117449611888168 0.0754563740304807 0.0119009686152361 0.156761841748016 0.183824408028846 0.158294586362534 -9999 -9999 -9999 -9999 -9999 -9999 -9999 -9999 -9999 -9999 -9999 -9999 -9999 -9999
0.00644596885834586 -0.0741661397189819 -0.18019446367415 -0.186867652970224 -0.137165490960165 -0.0523029154910731 -0.174755202721441 -0.258389549717588 -0.313268764368868 -0.159364435760066 -0.149366048415486 -0.223279790768385 -0.199481733085288 -0.0459507875907022 0.00650938640797476 0.0136710383135751 -9999 0.0659485625952028 0.163614866542615 0.119955441137977 0.13498708928338 -9999 -9999 -0.0848832949691193 -0.0779752333625992 -0.0754355164251276 0.0784196435212342 0.178058129647757 0.125939716286632 0.17999524562252 0.147060096063251 0.243472856412121 0.0647679786933196 0.259898623619915 0.203707570482954 0.159864954309457 -9999 -9999 -9999 -9999 -9999 -9999 -9999 -9999 -9999 -9999 -9999 -9999 -9999 -9999
