data/rasters/s10.27.09.li.1_xyz_08_.asc
NCOLS 100 
NROWS 100 
XLLCORNER -4 
YLLCORNER -4 
CELLSIZE 0.08 
NODATA_value -9999 
[rows 44 to 65 of 100, columns 0 to 49 of 100]
-9999 -9999 -9999 -9999 -9999 -9999 -9999 -9999 -9999 -9999 -9999 0.455310323301501 0.537210585222677 0.0897433783099733 0.0743510570019981 0.0434967454672485 0.0766080630769684 0.119483727107857 0.0869296701563029 0.0319657344993844 0.0680092008570995 0.0114276681167691 0.0711188663456269 0.182790816544999 -0.129638506538398 -0.11299811109972 -0.120032139122289 -0.14153387316831 -0.0990753172612616 -0.102528233613369 -9999 -0.0553696282732149 -0.00933205554939853 0.0252045151716594 -0.0332624593907642 -0.0303400149315815 -9999 -0.0362066056754389 -0.00567944421894695 -0.038928698713854 -9999 -0.0171175850437014 0.00518533243909125 -0.0058305603646666 -0.0559149955970792 -0.037401092363788 -0.030521077245246 -0.126421984932941 -0.0784185307994575 -0.075909466168406
-9999 -9999 -9999 -9999 -9999 -9999 -9999 -9999 -9999 -9999 -9999 0.422196692007131 0.320406400741904 0.0114573921797414 0.0433967713880363 0.0763392838248259 0.112424245626678 0.0762220833555644 -0.00766667782567728 -0.00537198358527593 -0.041262668085048 0.00726291829053594 0.0322433985344269 0.0315666902328786 -0.0582942408860835 -0.0251834940228088 -0.0520130055766428 -0.13362015549347 -0.136158927908218 -0.104413810574962 -9999 -0.00105165767402125 -0.0267934478515456 0.0224259215190285 0.0178392450725616 -9999 -9999 0.0520826260781287 0.0730488566674074 0.141291740850176 0.152763932835396 0.086076260309467 0.0257100739470766 0.0349169586371081 -0.0814952415325523 -0.0135719861848164 -0.00652304083636269 -0.205338986961695 -0.147039404025435 -9999
-9999 -9999 -9999 -9999 -9999 -9999 -9999 -9999 -9999 -9999 -9999 -9999 -0.0597525620230122 -0.0369019272753237 0.0145482201958066 0.0907350319409269 0.153687100544847 0.0684450752271962 0.0291962385160211 0.0356796309887274 0.0122441246210828 0.0457640993098247 0.0773825857615589 -0.0395683913784451 -0.0303725669742097 -0.012399521944407 -0.00110334254991681 -0.124061593221676 -0.0908975018229485 -0.10629349225342 -0.0441335388656289 0.0551692087962761 0.00955791083907918 -0.0894553163007266 0.0289892490109394 -9999 0.0653483833072818 0.0475379888670541 0.142245822294972 0.158919495455894 0.181521772545084 0.158158848029051 0.0995285145826028 -0.0109476643037889 -0.0672494839851336 -0.0133301104373082 0.0226888804337547 0.00116563571767281 0.0266388516389917 -9999
-9999 -9999 -9999 -9999 -9999 -9999 -9999 -9999 -9999 -9999 -9999 -9999 -0.0040251091944027 -0.0534961007513331 0.0119319773620078 0.103738984757576 0.161900633068526 0.17066141163254 0.120837950956476 0.0778230457323376 -0.0359953970556147 0.00818286642687042 -9999 -0.0530332213299183 -0.0134952843519938 -0.0334481753808783 -9999 -0.0650534193277648 0.0400412774868881 -0.0664990207952251 -0.00816419062701219 0.0255894594800305 0.160593182476253 -9999 0.0284103273681369 -9999 0.0320173160177092 0.0810287889576379 0.131358416317297 0.206736951545869 -9999 0.22507399336747 0.157275622753212 0.00474805466214757 -0.017651772260274 -9999 0.0463470562024238 0.0450382241945552 0.0702839952161565 -9999
-9999 -9999 -9999 -9999 -9999 -9999 -9999 -9999 -9999 -9999 -9999 -9999 0.107995544247697 0.0416826262636114 0.0880405514140514 0.192255475053208 0.29224024176394 0.0672233139802005 0.107056816985658 0.020540709769564 0.121180517523013 0.00798089536889959 0.0578003812941964 0.0500873480389508 0.105947850081716 0.362301804467837 -9999 -9999 0.0251291046919957 0.0281815189255098 -0.0505644911798302 0.00975874546866395 0.0891703895531734 -9999 -9999 -9999 0.0469907395759155 0.108860575979069 0.127657507332486 0.154284976603517 -9999 0.0845137293362453 0.0097503103163616 0.0367427650126336 -9999 -9999 0.0400166824202602 0.0845838902872551 0.0310633786907132 -9999
-9999 -9999 -9999 -9999 -9999 -9999 -9999 -9999 -9999 -9999 -9999 -9999 0.103072576497677 0.101974892521297 0.152349031668647 0.210220788522714 0.284700522420548 0.113374142544419 0.145410048442232 0.066285335773153 0.0757298647527324 0.0769117882568766 0.0951007354872873 0.181273032144174 0.189156958998101 0.161274419654597 0.0784142478029207 0.00615671146004931 0.00808338527372477 -0.0106233229279324 0.00943123509024109 0.0770697491687878 0.181765278354157 0.116146339462003 0.0471401883443281 -9999 0.0720000239144817 0.107359464292811 0.142952245164638 0.180371820574432 0.0747155319995902 0.127551550414904 -0.00714397194777662 0.00409204896683551 0.127133135867281 -9999 -9999 0.0571625714519019 0.040184764133205 -9999
-9999 -9999 -9999 -9999 -9999 -9999 -9999 -9999 -9999 -9999 -9999 0.0859589053223481 0.0905685830608358 0.136747198532934 0.174471639690449 0.243239319730308 0.261923946323518 0.15817721692663 0.121016534541006 0.0747065949571745 0.0779488256628706 0.127411422550621 0.180503662874654 0.161546772152192 0.19308400253149 0.222526502291802 0.15012091967669 -0.0224950730575386 -0.0235588285850781 0.0613464660097052 0.083488110743108 0.0626986524876237 0.0873831072782385 0.0307837545845465 0.0121404015299838 0.00774463408274588 0.0408434982358089 0.0715674497810718 0.156144332971868 0.0403315820252928 0.0582532311844705 0.0646022803925463 0.129259439745585 -0.0622287271416183 0.0838908653017384 0.144199274432329 0.0125173020870903 -0.00974775266052937 0.0144743049062518 -0.00472877688489922
-9999 -9999 -9999 -9999 -9999 -9999 -9999 -9999 -9999 -9999 -9999 0.133554519353239 0.295136141313435 0.15669319277015 0.160332987086805 0.202630341286433 0.199342468778834 0.152667591702049 0.104267076801813 0.141346089433748 0.103737289778344 0.209480513329152 0.218999023857051 0.172392118798218 0.204180115999 0.248062716775279 0.0878718781066297 -0.0697432313356197 0.166199086856622 0.0452218562915119 0.0608362766223835 0.0965593858907136 0.101905765686196 0.0110384940390842 0.0258575379466914 0.119857497195843 0.0674828375400533 0.0838713842383164 -9999 0.0861722699468962 0.135243563476669 -0.0122135458008026 0.00601924483225417 -0.0414815260399886 0.0308449722868078 0.0697165268445624 0.0320472829351805 0.0144548123487243 0.012911194598174 -0.0259638955749672
-9999 -9999 -9999 -9999 -9999 -9999 -9999 -9999 -9999 -9999 -9999 0.183312030823206 0.284679167153704 0.157005075954261 0.131890346455944 0.154115878092188 0.162278077722279 0.181351512432567 0.148379641592302 0.183221994825666 0.134712069971737 0.106739308823097 -9999 -9999 0.306430880650191 0.192903967045636 0.0814812126402749 -0.0169922805793531 0.109271196888533 0.019838629743098 0.0159196214078464 0.0552798177087523 0.0988239314925722 0.0609350800027351 0.0286228765977978 0.193514747349108 0.0475731484450781 0.0963329489646874 0.161136609159523 0.180536861733528 -0.017969997239886 -0.0237184098057729 0.0585513916821737 0.0865727797658045 0.0923203778456788 0.0732487799324615 0.128831491060371 0.124670328443886 0.0357509309618838 -0.0351382902768435
-9999 -9999 -9999 -9999 -9999 -9999 -9999 -9999 -9999 -9999 -9999 0.190335552546003 0.0868436355051541 0.0977629812625896 0.120882865450922 0.155930921264326 0.184525688244582 0.135342540104002 0.132365980033227 0.0765593348234072 0.115009360677049 0.163811915277527 -9999 -9999 0.185612047400188 0.177776790939012 -9999 0.174348729919733 0.0762062343482909 0.0275853265528768 0.00477540646544764 0.0132175190498503 -9999 0.0805911812024754 0.123749623842443 0.225272755411035 0.0704741106652705 0.177848960207567 0.115091792191249 0.0319659730348367 0.00264404299528299 0.168078087201829 0.0961685875027342 0.16448382605054 0.2547743088728 0.157138478694683 0.159725191544092 0.224182149740775 -0.0130986176400384 -0.0950650203835741
-9999 -9999 -9999 -9999 -9999 -9999 -9999 -9999 -9999 -9999 -9999 0.0306233240800028 0.0128330650680671 0.0459537192369017 0.115466983627835 0.155691656462422 0.123571828912154 0.109233207263911 0.150087395237389 0.0931640169295016 0.063276001455034 -9999 -9999 -9999 -9999 -9999 0.100352874601026 0.0970251330331725 0.0648570628172961 0.047680781121728 0.0154839235667259 0.0477121641974335 0.087566285188868 0.0711291688000759 0.241465935270831 -0.00185605975244792 0.0591397844263385 0.175204981715031 0.165714996929888 0.110241791397797 0.0858819961202258 0.199920724179171 0.27230407122131 0.19709053971988 0.174364607973994 0.219073007806507 0.139078773772388 0.229409491174541 -0.054683932423005 -0.0760203271890797
-9999 -9999 -9999 -9999 -9999 -9999 -9999 -9999 -9999 -9999 -9999 -9999 0.00238796651968335 0.0844963898533458 0.015454850023919 0.204330819575826 0.0999133295173691 0.0775530112810669 0.16248779692123 0.100936099700576 0.0659910845742418 0.0804587119648252 0.0682892389025472 -9999 0.194709496611607 0.148957618967489 0.0972708874166622 -9999 -9999 0.00296131298674296 -0.020051757168989 0.0403823850380391 0.0717739264921995 -9999 0.0284804849352336 -0.038203564068434 -0.0393735198749182 0.145262936307448 0.157806729217309 0.132319135002761 0.256205166372396 0.268364220291611 0.285547886433267 -9999 0.247106742253511 0.30329653867757 0.168626381372098 0.0785223938246014 0.0703438024810126 0.0153330121243497
-9999 -9999 -9999 -9999 -9999 -9999 -9999 -9999 -9999 -9999 -9999 -9999 0.0730401240925939 -0.00257516840041413 0.0421240232026073 0.104963743988529 0.130643299271413 0.0806932255135248 0.0805681355110097 0.103591515444794 0.0459717917143072 0.0817855066560029 0.0892983528730914 0.345881112753508 0.291485734565549 -9999 0.0421845173230556 0.0552063135378877 0.23270280668988 0.075792936325388 -9999 -9999 -9999 -9999 -9999 -0.00327226447352003 -0.019729735855242 0.0574263208360022 0.14656726852263 -9999 0.217803824994601 0.244547871794897 0.243173110317257 0.277785753363108 -9999 0.163165621438243 0.229153573165862 0.0789699873386682 0.0681170108450057 -9999
-9999 -9999 -9999 -9999 -9999 -9999 -9999 -9999 -9999 -9999 -9999 -9999 -0.0129978402184496 -0.0324841704773014 0.0537807938506162 0.0801707176950652 0.127825184408879 0.155144983248628 0.106904655504346 0.141523602394388 0.078829480534593 0.165464300397432 0.103904427218257 0.144965946148807 0.133793249381562 -9999 0.0603167268918093 0.0744767995694316 0.15036994727007 0.0938451144777396 0.212248126087479 -9999 -9999 -9999 -9999 0.0583405840965803 0.00981554069931901 0.0647105350128361 -0.0579376893939261 -9999 -9999 0.225995149984545 0.152507207945037 0.214159145686265 0.276317257619961 0.118668843739 0.133602806946075 0.0982955988387716 0.0792053201719079 0.115940259368323
-9999 -9999 -9999 -9999 -9999 -9999 -9999 -9999 -9999 -9999 -9999 -9999 0.12857782829746 -0.00220295967162011 0.0427816172786516 0.0306266796423288 0.0277617961076957 -0.0101567971357381 0.0182849230201738 -0.0256718176900084 0.171370120490547 0.184960618441721 0.206243583044256 0.25160735064705 0.237567277748291 -9999 0.00749572609580669 0.037864233521041 0.0423192222283532 0.0323726547691031 0.036959289057154 0.0625503061305886 -9999 -9999 -9999 0.0583420425830448 -0.0851086608105427 -0.0751146843406898 -0.0376337645504922 0.0447879496864352 -9999 0.326003029782765 0.0149769783673047 0.108473506693902 0.217917300823021 0.0493769863819193 0.0188648687100171 -9999 -9999 -9999
-9999 -9999 -9999 -9999 -9999 -9999 -9999 -9999 -9999 -9999 -9999 -9999 -0.0397557941869713 0.0107002800884344 -0.0670148413284593 -0.0611950644271189 -0.0303043255305216 0.030504174542699 0.0987959207609404 -0.00359947239445594 0.151378097080363 0.24516273500804 -9999 0.255341941006146 0.267114211977642 0.422408784193301 0.525796077467423 -9999 0.18661410799042 0.029129990216161 0.0138605312186648 0.0568369236978012 -9999 -9999 -9999 0.0865048943113418 0.0473214688988921 0.0368105884099077 0.0854650333865625 0.297047752851127 -9999 -9999 0.0491960682418508 -0.0335124513747171 0.0336585175569883 -0.0228738538974153 -0.0627479503490504 -0.0343939008800388 0.157746276455107 -9999
-9999 -9999 -9999 -9999 -9999 -9999 -9999 -9999 -9999 -9999 -9999 -9999 -9999 -0.0359779350854924 -0.0784772791599097 5.94296964470615e-05 0.0238275132871208 0.0541190141940125 0.0999533059466842 0.19652592161635 0.13045736429872 0.182221949955897 -9999 0.239130137275803 0.210716108203358 0.267454208842455 0.38751868223633 0.338011484601302 0.122281836639764 -0.0375931309873467 0.00427195299280268 0.0407146043086055 -9999 0.270918623335097 -9999 0.0236309337754777 0.0435706883801057 0.113586758811966 -9999 -0.0615440898671354 -0.0537697945640042 0.0765728165980236 0.0419051548966331 -0.107624299741815 -9999 -0.0569709072880191 -0.0528573450126246 -0.0452227907926721 0.0276943492258688 -9999
-9999 -9999 -9999 -9999 -9999 -9999 -9999 -9999 -9999 -9999 -9999 -9999 -9999 0.0698997631535339 0.0371599168490387 0.0811621860654627 0.0800813788726421 -0.00281306237806295 0.0109437917912817 -9999 0.111013958535942 0.174834594475561 -9999 -9999 -9999 0.41067498947994 0.304271187153074 0.275873222645967 0.166137042437629 0.173655814392505 -0.0280467278663755 0.0145032825844986 0.0771055432508877 0.112094540064114 0.0842548763561279 0.0551652763467907 0.0103125232765121 0.0664024961586427 -9999 -0.063714760410654 -0.0519949564407299 0.0454954818232072 0.209311462804023 0.00388775945858769 0.273712047589527 4.05775205079451e-05 -0.0943849737182999 -0.0291297474086087 0.0540516558628344 -9999
-9999 -9999 -9999 -9999 -9999 -9999 -9999 -9999 -9999 -9999 -9999 -9999 -9999 0.0591048959174563 0.0488181959054171 0.0444201712650001 -0.0175670582310244 -0.0475617288728547 -9999 -9999 -9999 -9999 -9999 -9999 0.456985814796782 0.402706756856268 0.341322727688583 0.194432915333183 0.213735787959057 0.362373752867686 -9999 0.147615833591766 0.123193184562094 0.0238819149547005 0.0310798279863974 -0.00885565512715331 -0.0373403208728304 -9999 -9999 -0.157013653499665 -0.0644040663495014 -0.0714002067342739 -0.0153722396011366 -0.029886401049093 -0.0667840593909151 -0.0912972848668855 -0.037857392834093 -9999 -9999 -9999
-9999 -9999 -9999 -9999 -9999 -9999 -9999 -9999 -9999 -9999 -9999 -9999 -9999 0.0117363723329345 0.0422315023125683 0.0151188396621799 -0.018343154758244 -9999 -9999 -9999 -9999 -9999 -9999 -9999 0.426744942462 0.329166121217996 0.290789291734979 0.0556242670024901 0.253625010144893 -9999 0.507521347181691 -9999 0.0375611336227372 0.0646826006207747 0.0103600694220032 -0.052215052089319 -0.0306351817674101 -0.0405276145337961 -0.11008859375733 -0.116728611000689 -0.103079366757103 -0.0616156046132544 -0.0679629845750375 -0.06607352031738 -0.0472610011213768 -9999 -9999 -9999 -9999 -0.144904732154481
-9999 -9999 -9999 -9999 -9999 -9999 -9999 -9999 -9999 -9999 -9999 -9999 -9999 -9999 0.059543686714267 0.0777632263691749 0.0377671213901897 0.027377682990401 -9999 -9999 0.293240770660586 0.341820706588749 -9999 -9999 0.388965347515437 0.328028647159978 0.309597668169009 0.210995296375911 0.264002180375497 -9999 -9999 -9999 -9999 0.0630726955829105 -0.0144611573830136 -0.0123788778968489 -0.0601097797436318 -0.00521716838219943 -0.087874543211547 -0.109210268245868 -0.086782490909369 -0.0288079326225657 -0.0456022007058315 -0.0522502091857708 -0.0312449817609149 -0.0767244257454493 -9999 -9999 -9999 0.0280743273640625
-9999 -9999 -9999 -9999 -9999 -9999 -9999 -9999 -9999 -9999 -9999 -9999 -9999 -9999 -0.0111148641423151 0.0272225295690446 0.0320027137865019 0.0627104885201365 -9999 -9999 0.253284814475167 0.351463205694933 0.311667382646421 0.240929627805065 0.308509936501806 0.341873794445383 0.317475234304132 0.303531591649583 0.239615624122599 -9999 -9999 -9999 -9999 0.0186578700401982 -0.00511019742719838 0.063085681936457 0.0103997592859721 0.00269908858364564 -0.0869376979540136 -0.0510467405151227 -0.114521130566548 0.0194179809721961 -0.0581552229588087 -0.068784388339228 -0.0296637201645755 -0.0601101342103115 -0.0833675155660278 -0.093598579858571 -0.00820868418282816 -9999
