data/rasters/s10.27.09.li.3_xyz_08_.asc
NCOLS 100 
NROWS 100 
XLLCORNER -4 
YLLCORNER -4 
CELLSIZE 0.08 
NODATA_value -9999 
[rows 22 to 43 of 100, columns 0 to 49 of 100]
-9999 -9999 -9999 -9999 -9999 -9999 -9999 -9999 -9999 -9999 -9999 -9999 -9999 -9999 -9999 -9999 -9999 -9999 -9999 -9999 -9999 -9999 -9999 0.442188979320842 0.334530204150511 -0.102259515106311 -0.0400007323131506 -0.140347556247617 -0.227768853847258 -0.202969935359565 -0.3021787528988 -0.294361109883397 -0.319612996530388 -0.392295580262123 -0.385772823096367 -0.367247844752388 -0.366133231841035 -0.382334780821999 -0.289837508262613 -0.331675420648679 -0.370920962546148 -0.42607433103404 0.123824077418841 0.0388495700617477 -9999 -9999 0.539012047161755 0.584359285893906 -9999 -9999
-9999 -9999 -9999 -9999 -9999 -9999 -9999 -9999 -9999 -9999 -9999 -9999 -9999 -9999 -9999 -9999 -9999 -9999 -9999 -9999 -9999 0.561385880811053 0.442409424094586 0.521513115926562 0.478626513270265 0.276133887228892 0.040483766785869 -0.0618651781763964 -0.0487431759770808 -0.294873788067728 -0.29991280100364 -0.22144713980664 -0.475985720228898 -0.446428627588528 -0.415972214304469 -0.30155056685228 -0.451337565780064 -0.37971039376844 -0.320667112015818 -0.302904270664175 -9999 0.271700824882566 0.241856347363395 0.0390405421031916 0.0802507913495425 -9999 0.476743517089991 0.47809599937775 0.406377699837493 0.377394975686038
-9999 -9999 -9999 -9999 -9999 -9999 -9999 -9999 -9999 -9999 -9999 -9999 -9999 -9999 -9999 -9999 -9999 -9999 -9999 -9999 -9999 0.475640299623426 0.446741789032621 0.498966568538315 0.489132686601476 0.538795269457962 0.0201636680963571 -0.134291260841081 -0.255157097563067 -0.333682152067694 -0.364856865121169 -0.149720372609488 -0.369419654231923 -0.269890185378542 -0.369105842771256 -0.353824084659972 -0.340401208173506 -0.413914804149563 -0.304194687816525 -0.00640385344303985 -9999 -9999 -9999 0.20989582442605 -9999 0.185225306426254 0.277686185511781 0.400578247584434 0.35473999626893 0.338155511370861
-9999 -9999 -9999 -9999 -9999 -9999 -9999 -9999 -9999 -9999 -9999 -9999 -9999 -9999 -9999 -9999 -9999 -9999 -9999 0.28962491275774 0.320068214495701 -9999 0.46549377041136 0.512457631897984 0.583572787916895 0.722224245425406 -0.280407997285488 -0.255838183920256 -0.328113378812083 -0.333951423182118 -0.294812387745317 -0.295710044322581 -9999 -9999 -0.33764466952531 -0.375848548397696 -0.351864032850012 -0.363305910757796 -0.28350454714652 -0.285764239921063 -0.232301464982047 -0.185461954293411 0.104578736946262 0.241316656955064 0.336455898594581 0.303157535625341 -9999 0.38180058376424 0.356270803418667 0.354207390887093
-9999 -9999 -9999 -9999 -9999 -9999 -9999 -9999 -9999 -9999 -9999 -9999 -9999 -9999 -9999 -9999 -9999 -9999 -9999 0.134800588877433 0.281601559018778 -9999 0.457848702023237 0.525599878304889 0.596833653845186 0.534067193148473 0.0990456131569232 -0.286279891631851 -0.294436037711231 -0.270301850393341 -0.365766501838514 -0.308296188182254 -0.236787271348079 -0.374307218358395 -0.349023066962273 -0.289142172415725 -0.319218371372809 -0.187254931232577 -0.254695344616589 -0.331696097150028 -0.211426778061849 -0.0991762507910673 0.0992359383088408 0.257496881840931 0.312462951987419 0.45784879899839 0.533708802998414 0.431454532772835 0.383892195933755 0.294049347833643
-9999 -9999 -9999 -9999 -9999 -9999 -9999 -9999 -9999 -9999 -9999 -9999 -9999 -9999 -9999 -9999 -9999 -9999 0.218142234384512 0.362434384421905 0.632962904516145 0.669858265311153 0.474194795275368 0.470843802353803 -9999 0.10133686963232 0.166561573254947 -0.0627183998242025 -0.264099940877493 -0.275136484618622 -0.269412367137569 -0.20304291368349 -0.128137620207589 -0.248537394021979 -0.193591962136954 -0.202488711550979 -0.177506328674122 -0.26142609559444 -0.364311069990213 -0.198252286142286 -0.260228659291481 -0.170107703426979 0.180411720849179 0.245064657238124 0.221029183896394 0.415026329846858 0.438622140520608 0.204469225916251 0.251333566651376 0.214847015207453
-9999 -9999 -9999 -9999 -9999 -9999 -9999 -9999 -9999 -9999 -9999 -9999 -9999 -9999 -9999 -9999 -9999 0.363660600712666 0.331348398197911 0.43474276968786 0.475617360328976 -9999 -9999 -9999 0.317138231097449 0.513036078008539 0.0423982065828569 -0.122101882391554 0.0373202812936086 0.0227959533139557 -0.100657009295004 -0.17023987917691 -0.189092242161872 -0.2756272546315 -0.171943977873228 -0.111185135232691 0.0179370952019295 -0.101393045410846 -0.0841640834292617 -0.0342561495581947 0.0347758329021779 0.124647671492033 0.282737763869453 0.223926165803666 0.2459521254827 0.296888686400409 0.315760746422056 0.302641676286741 0.225987976493678 0.182378915370087
-9999 -9999 -9999 -9999 -9999 -9999 -9999 -9999 -9999 -9999 -9999 -9999 -9999 -9999 -9999 -9999 0.31476480875299 0.364065616105307 0.425968867219174 0.423539834333648 0.461327713891511 0.449586245744621 0.40143432772598 0.440174654346341 0.340226732949311 0.411609655730268 0.31166157604862 0.116999516204357 0.0127551051992332 -0.120612625899309 -0.142169032931894 -0.0690094832457972 -0.00830369048861567 -0.0304464052308785 -0.0217134964616985 0.0306365810331069 0.0316079643812143 -0.0460008036647106 -0.00987849178821803 -0.00964002457046749 -0.0149805369068419 0.24378262966501 0.364061748482372 0.400412151970626 0.399457334252454 0.459918781930515 0.569035322345087 0.615128595428524 0.0677569909497169 0.107811639575792
-9999 -9999 -9999 -9999 -9999 -9999 -9999 -9999 -9999 -9999 -9999 -9999 -9999 -9999 -9999 -9999 0.454909460678883 0.286235929492522 0.44265025139589 0.336016790982584 0.400348349196592 0.509636241161832 0.445586717898498 0.484334291348008 0.513575062296382 0.500581627869086 0.122218512902248 0.124807583812001 -0.0463411964792652 -0.0397302233393993 -0.0273476318332039 -0.0175519190588637 0.0185959642499507 0.0166456474277245 0.032768403281881 0.0185369456512178 0.00437503080561623 -0.0620234074066391 0.136650519381313 0.0953924017199808 0.112316782292669 0.215590264395108 0.285509111972587 0.401050277522149 0.461460280632629 0.481520634475754 0.497324947344118 0.621535524067321 0.0177728034566138 -0.0248902687848624
-9999 -9999 -9999 -9999 -9999 -9999 -9999 -9999 -9999 -9999 -9999 -9999 -9999 -9999 -9999 0.375764132147833 0.422100809178733 -9999 0.199478812945654 0.260678654815109 0.31283570514218 0.470598098175488 0.425153674212189 0.452613443332691 0.479251993301074 0.386871474882728 0.255582682068005 0.150131225580446 0.112674755140937 -0.0147283702697694 -0.0247319792542923 -0.0191511523196038 0.0357902241214673 0.0366380300603121 0.031238062784872 0.0137130783210671 -0.0371139363538174 -0.0727245681781066 0.202761775545521 0.17796659947742 0.229826257348109 0.162760458644779 0.0889115191750196 -9999 -9999 -9999 -9999 0.243380778988176 0.192336404445535 0.119232751268572
-9999 -9999 -9999 -9999 -9999 -9999 -9999 -9999 -9999 -9999 -9999 -9999 -9999 -9999 -9999 0.361718189764762 0.370700502536576 0.272344558295423 0.223415145959976 0.128831501088326 0.0294930938144522 -9999 0.44151114619534 0.474862642372949 0.478730877624413 0.34260248410455 0.232092276764685 0.266626534856112 0.121619570183793 -0.0249180733690428 -0.0754835384648027 -0.00656695370972212 0.0545413275383545 0.00667649924372184 0.0105643531677987 0.0508911367644055 0.157668668188816 0.191559774688576 0.181287430769403 0.201128033425399 0.192545910281379 0.308494736320377 0.340980739585154 0.338361658307283 -9999 -9999 0.273204969915114 0.227050023322228 0.172099592033444 -0.00838861639343234
-9999 -9999 -9999 -9999 -9999 -9999 -9999 -9999 -9999 -9999 -9999 -9999 -9999 -9999 -9999 0.223006162995713 0.303970269222861 0.195981754459542 0.101475207186957 0.0382166001044737 0.0475779374371812 0.124151976474695 0.379346513013852 0.4245326617646 0.560144815486161 0.330223233044083 0.404562633043293 0.272785136379406 0.132157157243401 -0.0357685173473876 -0.0828808279068156 0.0305738678119117 0.0466212012293094 0.019476422080243 0.0972476167069778 0.0974286216236557 0.328609470955815 0.226381628037218 0.271711000903538 0.283704379686356 0.269667033068116 0.350960403396672 0.326237330127474 0.434551549135096 0.587866101701512 0.291096851467074 0.276966492636129 0.350453107810502 0.337046648330405 0.00567518415081154
-9999 -9999 -9999 -9999 -9999 -9999 -9999 -9999 -9999 -9999 -9999 -9999 -9999 -9999 0.105285559043779 0.0917560006152757 0.211326422061445 0.0939997454744477 0.00200887224517808 0.0382235223432706 0.171441485342928 0.130461690860184 0.134881608980641 0.193287448043465 0.355815551884455 0.38444781222158 0.420139450208858 0.277547215575142 0.149275119290609 0.0888501530017625 0.0269807829952365 0.0757521342003424 0.102354650569649 0.0910305961780384 0.0933382037683232 0.0617764611987858 0.171662691652491 0.0590252237988415 0.232319151764249 0.309754037425464 0.374510142504396 0.351481288418613 0.283574882000219 0.330779949706326 0.495208617342051 0.374585460789444 0.394432903540477 0.297036124773149 0.224622268644881 -0.0179701467245947
-9999 -9999 -9999 -9999 -9999 -9999 -9999 -9999 -9999 -9999 -9999 -9999 -9999 -9999 0.0391123785195507 -0.040545279156175 0.0945753297706253 0.0882209188489917 -0.020264613491138 0.0154512329187748 0.179881582647042 0.14809785255345 0.281122808303494 0.17068403920954 0.28438194134318 0.418883512800625 0.228760081026777 0.204630539729532 0.202895836218798 0.20960539032646 -9999 -0.0224977396095521 -0.0418188838948415 0.0276004499007136 -0.00750687618140859 0.0407079987039184 -0.0691780982490597 -0.0425070291790645 0.228097719479585 0.380025638211008 -9999 -9999 -9999 0.575028601381174 0.539367447543847 0.340744114076789 0.284768027338074 0.298351387508465 0.190322523239892 0.216614276873996
-9999 -9999 -9999 -9999 -9999 -9999 -9999 -9999 -9999 -9999 -9999 -9999 -9999 -0.00876397611215094 0.00639521598744594 -0.0105633589726909 -0.000924304737654896 0.00917348576240536 0.0384990510231377 0.0549522467597718 -0.0458996346716196 -0.0172715517089526 0.0730182447658476 0.288194207353546 0.402004092548397 0.499187674505443 0.216456569431778 0.218394099303582 0.207818515226807 0.166444389793817 0.196831731570563 -9999 -0.0843831838155742 -0.0811291725988749 -0.149599751333546 -0.135639757343821 -0.0827968344723703 0.135331705832771 0.253989331219367 0.286066458956937 0.334825055203121 -9999 0.252987769961422 0.372341231931251 0.441384439120043 0.316274470229547 0.184458384482784 0.158798755088243 0.0905767992572094 -0.0312962664649681
-9999 -9999 -9999 -9999 -9999 -9999 -9999 -9999 -9999 -9999 -9999 -9999 -9999 0.00591887492990039 0.0188526379678747 0.0238025449437701 9.4310828016729e-05 -0.0374311824810168 -0.0545768896884628 -0.013594018664024 -0.0204781306457332 0.0766605741065186 0.196360312627018 0.452161590574918 0.489176741552981 -9999 0.206670188450003 0.292828219991085 0.251964112750909 0.174611485771914 0.125256038142375 0.0660621858631398 -0.0435401757613776 -0.084876863731921 -0.0754036899128715 -0.0701810670852823 0.0141068182462087 0.0749122853961673 0.21303706932985 0.233257420837211 0.204076846952819 0.0779107534084473 0.038788483198418 0.140714225123119 0.254283229816146 0.203901016473712 0.18529054243928 0.144523942569321 0.11814232447584 0.111494033037758
-9999 -9999 -9999 -9999 -9999 -9999 -9999 -9999 -9999 -9999 -9999 -9999 -9999 -0.00847369430621525 0.00730722014071278 -0.0270226259834985 -0.0250614076359174 -0.0313082744369385 -0.041289743805652 -0.0188573968191605 0.0349426819651857 0.216623533173396 0.296420824233111 0.468170739758419 0.260676207017639 0.206005106594726 0.202906859191131 0.290367495537104 0.163036198781003 0.143097618488971 0.0720963998557874 0.00116615630999423 -0.0907025246002229 -0.14770476058225 -0.133178557575521 -0.0233449591254511 0.067805055288112 0.10420100683685 0.241214109851183 0.157916242538981 0.154036907985271 0.124121036254902 0.0430201681957285 0.0705198802884665 0.243806782246689 0.0561776644138189 0.0507262019056902 0.0644973193737746 0.0471694568907433 0.0800493433328297
-9999 -9999 -9999 -9999 -9999 -9999 -9999 -9999 -9999 -9999 -9999 -9999 -0.0859853619791748 -0.0536002336443042 -0.0233182143199695 -0.0187713065517415 -0.0274065562192586 -0.0287537105515096 -0.0490728817007431 -0.0680993023603984 -0.0278911480691402 0.00644495754343062 0.134378091494909 0.269338928371277 0.275791193173007 0.16879689141979 0.215279049696733 0.215698271852406 0.147364507254356 0.0924801258968505 0.00603749355364413 -0.0585679531415692 -0.0371581306236318 -0.0180302581036763 -0.0564805630187544 0.00470043355802157 0.0518159421965465 0.112533708491488 -9999 -9999 0.131757214833873 0.0980947901894234 0.265378317445251 0.159348864561136 0.0134652966342503 -0.0373089047728286 -0.0189951875573174 0.0241907501829445 0.0707367382395007 0.0983916891997191
-9999 -9999 -9999 -9999 -9999 -9999 -9999 -9999 -9999 -9999 -9999 -9999 -0.0548196781542079 -0.0444039672463404 -0.0328939136472296 -0.0189220427623051 0.0585993217461157 -0.0445124648230138 -0.0773888073903552 -0.0916336415963699 -0.07306974702043 -0.118243054558639 -0.0518615301347427 0.235351199056768 0.42371829114865 0.162708288736038 0.175983513736959 0.167797631833138 0.143514772743605 0.118292054102502 0.0553982736294328 -0.00760646019619886 0.00927123513757409 -0.0951221271722325 -0.0463421174872634 0.160830422722069 0.0857149788851277 0.143415402781169 0.313703360780623 0.191737454830765 0.160693048066741 0.0965117473909908 0.138690382272067 -9999 0.00094787378238752 -0.0555350906255249 0.0147439900054209 0.00921500580002409 0.0343296370263277 0.067738824641899
-9999 -9999 -9999 -9999 -9999 -9999 -9999 -9999 -9999 -9999 -9999 -9999 -0.0175408018105696 0.0150039824867472 0.00440880203874007 -0.0129023358541667 -0.0161346653529508 -0.0523784161113215 -0.117179735131193 -0.118585153584397 -0.086120333877879 0.0950200008773924 0.0751162205812928 -9999 0.193365558578579 0.158010553658086 0.142866530146841 0.183242173996789 0.21012105131077 0.072372725317872 0.0216405376422992 -0.0119223324746741 0.0200733104355233 -0.0672220488727346 0.0305139802071676 0.0604678582495557 0.00276394652474129 0.197455974834017 0.235042070187371 0.152489949760166 0.169380571990201 -0.0721054527763222 -0.136044913936436 -0.0321856644754671 -9999 0.031569941860832 0.0056875038641573 0.0279681314490376 0.0621030384858183 0.0363896883103642
-9999 -9999 -9999 -9999 -9999 -9999 -9999 -9999 -9999 -9999 -9999 -9999 -0.0200906292389219 -0.0340717691838256 -0.0651885212415365 -0.0638321173908841 -0.0831664092066412 -0.0896429752323578 -0.134530546114088 -0.0793882335303417 -0.0867053551576046 -0.0116895542019808 0.0478700585413082 -9999 0.151734599847651 0.268426904202108 0.201951304963975 0.231424302997185 0.166905916541534 0.0389538256857115 0.00423594752998641 0.0230796925062819 -0.160225965330474 -0.0690046395665443 -0.012299120399391 0.0935004466033116 0.0623823514416842 0.223841112487434 0.150412947632904 0.134881306556422 0.0697710230347626 -0.0738476611542802 -0.117922446074768 -0.125500292199077 -0.0666488207342262 -0.00333477364979892 -0.0251744883220807 -0.0173413730522 -0.0359150322003633 -0.004885209747378
-9999 -9999 -9999 -9999 -9999 -9999 -9999 -9999 -9999 -9999 -9999 -0.079802561170655 -0.0791014123508238 -0.0389097644847071 -0.136662859086145 -0.113076843409825 -0.134894544866914 -0.132353004505653 -0.185784684038475 -0.161724575906184 -0.0992824991376799 0.175507831486249 0.230628398032555 0.252347235011306 0.281421171496825 0.346925662747373 0.376754142415986 0.370754075647107 -0.0282276774659751 -0.0907216867767594 -0.0475260612402951 0.0346194042485726 -0.266553453885876 0.0527993502996228 0.125090057891122 0.117094255248577 0.187815252621047 0.0781048160071876 0.029456582037564 0.0469977303776256 0.0247795378331732 -0.12481402914956 -0.113934291256143 -0.076442461580677 -0.0220460884923113 -0.0619192501225742 -0.0676881665842346 -0.0394289182392992 -0.0391808495144623 -0.0158188138366581
