data/rasters/s10.27.09.li.4_xyz_08_.asc
NCOLS 100 
NROWS 100 
XLLCORNER -4 
YLLCORNER -4 
CELLSIZE 0.08 
NODATA_value -9999 
[rows 22 to 43 of 100, columns 0 to 49 of 100]
-9999 -9999 -9999 -9999 -9999 -9999 -9999 -9999 -9999 -9999 -9999 -9999 -9999 -9999 -9999 -9999 -9999 -9999 -9999 -9999 -9999 -9999 -0.213518213734179 -0.0798849554621126 -0.135830804432989 -0.134099320133752 -0.149812904450767 -0.178934837922972 -0.058237715038799 0.0905492287909885 -9999 -9999 0.114639677076162 -0.0981102892731995 0.128862412808702 0.0980604250822529 0.109984153488256 0.121615736474381 0.0781139958481418 0.109149813719551 0.129556745844773 0.0554755779967566 0.103174196330487 0.177794195500076 0.16202637458567 0.335526520499686 -9999 -9999 -9999 0.0807775714391837
-9999 -9999 -9999 -9999 -9999 -9999 -9999 -9999 -9999 -9999 -9999 -9999 -9999 -9999 -9999 -9999 -9999 -9999 -9999 -9999 -9999 -0.0610902100982457 -0.122021231447525 -0.147797046345621 -0.0718084508658196 -0.11924236555872 -0.146085387003535 -0.139393244765287 -0.0775100306428428 0.0778055044373665 -9999 -9999 0.0046265257287758 -0.0587239745608743 -0.0587723490618854 -9999 0.0312482718999489 0.103820212924026 0.0960865830062323 0.137790535148058 -9999 0.0937111815457021 0.105343137605545 -9999 -9999 0.117459645144765 0.0765398295205786 0.135775072831955 0.108990910718438 0.0932316591842671
-9999 -9999 -9999 -9999 -9999 -9999 -9999 -9999 -9999 -9999 -9999 -9999 -9999 -9999 -9999 -9999 -9999 -9999 -9999 -9999 -9999 -0.227748047875239 -0.212748512584545 -9999 -0.0180278973771062 -0.0132178312044811 -0.174425812797321 -0.105176295088562 -0.0416380185790079 0.00831226395018553 0.176675096369876 0.107554997528394 0.0234357069429155 0.0274533088285317 -0.0259574926718508 0.00859560411953227 0.0699331268404234 0.0450509392515858 0.0278183335659944 -9999 -9999 0.282989241097307 -9999 -9999 -9999 0.0663275883062485 0.0643147968813734 0.0645046454856856 0.127223765673699 0.116394120492659
-9999 -9999 -9999 -9999 -9999 -9999 -9999 -9999 -9999 -9999 -9999 -9999 -9999 -9999 -9999 -9999 -9999 -9999 -9999 -9999 -0.295991156893207 -0.325930961928052 -0.279710998406587 -0.356108601515779 -9999 -0.0211388138438674 -0.0741639606909234 -0.0837077902771714 -0.0473957848966181 -0.0367284698672396 0.0591850805971755 -0.109577760801591 -9999 -0.0348625559108043 -0.0795354322186741 0.0281275851126015 0.0470018278188807 0.072342312578669 -9999 -9999 0.441620088627897 -9999 -9999 -9999 -9999 -0.0145315392513142 0.0195070825589684 0.0854942745239313 0.0934191810338572 0.178470707553754
-9999 -9999 -9999 -9999 -9999 -9999 -9999 -9999 -9999 -9999 -9999 -9999 -9999 -9999 -9999 -9999 -9999 -9999 -9999 -0.202328218726911 -0.244901467862804 -0.309136051677759 -0.261528185154686 -0.196868069277201 -0.207215993834983 -0.145918426737605 -9999 -0.0988832651280726 -0.193538580463538 -0.0532025511323002 0.0775544456850441 0.118553065905616 0.0881960343520121 0.0343310108560476 -0.00113865272656078 0.159072838959198 0.077687488216458 0.0442524149837133 0.125623177425254 0.188672934483039 -9999 0.0861055742395282 -9999 -9999 -9999 -9999 0.142204398302125 0.0692330597346723 0.102612497166846 0.224672259811649
-9999 -9999 -9999 -9999 -9999 -9999 -9999 -9999 -9999 -9999 -9999 -9999 -9999 -9999 -9999 -9999 -9999 -9999 -0.305016527568853 -0.291259520447876 -9999 -0.297237500795556 -0.173289502117749 -0.21002044866179 -0.175853679114831 -9999 -9999 -0.167761285896129 -0.127247142891143 -0.128434791525671 0.123344030045748 0.157675709473583 0.0649053650863664 0.01339872738378 0.0964004409052913 0.177795432566115 0.18281053221012 0.0104255000674227 0.179051050920987 0.128046075047735 0.107729627527968 0.127739136653687 0.180050651815396 -9999 -9999 0.386798119739866 0.163627178666882 0.102388014444683 -9999 0.269083758708123
-9999 -9999 -9999 -9999 -9999 -9999 -9999 -9999 -9999 -9999 -9999 -9999 -9999 -9999 -9999 -9999 -9999 -0.312753640327377 -0.248585883434992 -0.193462695838354 -0.15761161217341 -0.342734184388795 -0.29958668631556 -0.214732195109381 -0.20801424336162 -0.30237441915953 -0.13947453288681 -0.128868168857556 -0.091437602214972 0.06150957467821 0.0990753698603132 0.109228805344889 0.0575481096504987 0.02310779988205 0.099817358610339 0.0945937107772512 0.128585648208454 0.0890104764511754 0.165390897808506 0.166537209467095 0.12277127723484 0.136684871553676 0.13690998734504 0.216395191551079 0.0971894672699454 -9999 0.210474029445272 0.144822081611639 -9999 -9999
-9999 -9999 -9999 -9999 -9999 -9999 -9999 -9999 -9999 -9999 -9999 -9999 -9999 -9999 -9999 -9999 -9999 -0.22859976513951 -0.201801959581101 -0.151875354359296 -0.179749194268597 -0.296715623086695 -0.291639895162327 -0.212361107262652 -0.164017353197148 -0.243852747360907 -0.16438051486083 -0.13254819545444 -0.0638854641465535 0.0538486916568534 0.055637599893661 0.0953674878612688 0.0608608380809009 -9999 0.0824718887792769 0.106362932666007 0.155745548711279 -9999 -9999 0.203391100397168 0.13888349589629 0.16546974086246 0.129447703220927 0.111833866655295 0.106716099668653 -9999 0.132464764417441 0.177145554723345 -9999 0.227864141239888
-9999 -9999 -9999 -9999 -9999 -9999 -9999 -9999 -9999 -9999 -9999 -9999 -9999 -9999 -9999 -9999 -0.362184740486611 -9999 -9999 -0.136473343204265 -0.187256369033212 -9999 -9999 -9999 -0.193804802317633 -0.17116881794128 -0.0835895679943965 -0.111226614944691 -0.101235319287599 -9999 0.069199330812128 0.0633118281594652 0.121178727965169 0.161126683900142 0.0813175483158811 0.0480785166371839 0.100222609842069 0.0464543182245612 0.0145993016925543 0.0142588612893367 0.0756467001328115 0.151443877764175 0.142602533488924 0.175642971596785 0.169037799875298 0.200017313234426 0.170344400448545 0.16584518612579 -9999 -9999
-9999 -9999 -9999 -9999 -9999 -9999 -9999 -9999 -9999 -9999 -9999 -9999 -9999 -9999 -9999 -9999 -0.363900961532901 -9999 -9999 -9999 -0.183558456383 -0.243235591220707 -0.310827261358349 -0.230308451773366 -0.152782682637862 -0.157741327719892 -0.114158070464936 -0.133328509461855 -0.146837255838395 -0.0441716002136776 -0.0060457386342453 0.0499787393281023 0.0691013587512159 0.00876612637650503 0.0811704699632755 0.0231035484241502 0.0939844785484962 0.0975644221177536 0.0211345976049222 0.0266731492682707 0.0542181881947647 -0.0133806313221176 0.189844002095251 0.202771254939983 0.211908265004246 0.115694764042444 0.189591875228179 0.141653947891948 0.120024048563445 0.10994925110084
-9999 -9999 -9999 -9999 -9999 -9999 -9999 -9999 -9999 -9999 -9999 -9999 -9999 -9999 -9999 -0.34850789560429 -0.327410256485363 -0.383178398860547 -9999 -0.23248026793528 -0.30439478337676 -0.331350694326115 -0.237481229196666 -0.234786467479288 -0.193700778912467 -0.122156019913788 -0.140428555868871 -0.0760219633637798 -0.104716301891677 -0.0960770079080676 0.0684963088564709 0.0548466075278366 0.0219919105093737 0.0158702224047215 0.0490243187660591 0.0128701933552929 0.127500229967473 0.113869544945774 0.0369789424260525 0.0485609193830835 -0.014723867317633 0.1266769292066 0.0847444423119756 0.10436750865019 0.148203012895638 0.16954371997883 0.115483379510538 0.130155867797781 -9999 0.105562961509537
-9999 -9999 -9999 -9999 -9999 -9999 -9999 -9999 -9999 -9999 -9999 -9999 -9999 -9999 -0.455525439774203 -0.399151182112127 -0.2022841254183 -0.3682869285395 -9999 -0.256464290321741 -0.327079528605545 -0.317943209636148 -0.239783549089168 -0.19606549545961 -0.159923169316593 -0.155973942451135 -0.232209660265891 -0.101253916106048 -0.0528816101521904 -0.0906455287470604 -0.0288746924651112 0.0662661545262526 0.0578872121964969 -0.00588203120431407 0.0492012149424258 0.0835362505065555 0.14235034564068 0.042511299810377 0.085422593550483 0.0802871027370741 0.0535629746632919 0.103881920557792 0.122866559137901 0.175383497809892 0.197896780243866 0.223061994083726 0.217043885764941 -9999 0.141533249192056 0.158386147998233
-9999 -9999 -9999 -9999 -9999 -9999 -9999 -9999 -9999 -9999 -9999 -9999 -9999 -9999 -0.433144397645675 -0.424827042959325 -0.292137540891274 -0.306256195140163 -0.231559093389433 -9999 -9999 -0.165203549081569 -0.160383603435229 -0.179349995395541 -0.186561456459126 -0.202891235945346 -0.205838035751622 -0.129661356225496 -0.0451281483221154 -0.0188963845446338 -0.0464946838397046 -0.0142186441488698 0.0725943225264418 0.0565271713376067 0.0997277093992503 0.11073628168284 0.0839363598216595 0.01319059488981 0.0378561216649431 0.102237514889627 0.0733276120171487 0.121405447271577 0.176805132763106 0.190424157370428 0.268208129818032 0.29874316858727 0.252276590527791 0.176914833272012 0.154774626475712 0.183945505205888
-9999 -9999 -9999 -9999 -9999 -9999 -9999 -9999 -9999 -9999 -9999 -9999 -9999 -9999 -0.362480411396354 -0.455884113981526 -0.265267823492954 -0.30634678590885 -0.224716702891979 -9999 -0.376380246451288 -0.300127240416953 -0.310508435873422 -0.251687134698708 -0.272299805472936 -0.176435697608764 -9999 0.193680351478864 0.000303838307575756 -0.0647579198426648 -0.0565537832954435 -0.00891258433906017 0.0597904070702977 0.108410864781923 0.148559225342603 0.139664861849318 0.134344447617601 0.197534735195832 0.106499481395811 0.0829757999110247 0.134118017492752 0.136941129459663 0.103456536374371 0.174869694241844 -9999 -9999 0.225493466142842 0.1840879230721 0.180822527490461 0.178178501241696
-9999 -9999 -9999 -9999 -9999 -9999 -9999 -9999 -9999 -9999 -9999 -9999 -9999 -0.211481290047361 -0.246475805262411 -0.288421139312733 -0.110137058459201 -0.251614910081332 -0.239114898142099 -0.246999384449483 -0.361179016170155 -0.331774595212316 -0.286819876438308 -0.23333158337842 -0.212926095181546 -0.193916987731722 -0.118966412079571 -0.113191586282359 -0.148100656203296 -0.0514177025883492 -0.0200030820979272 0.0708203880892908 0.0205796961985925 0.103618290662085 0.150495003913253 0.190452371934933 0.108792402775581 0.0270096826079294 0.0607460163374589 0.0258033801106845 -0.00356036041233052 0.00868181726363496 0.0753660498054533 0.0399231443771881 0.187615589609353 0.377430821155677 0.202159962553599 0.163401581642595 0.185764750224219 0.169245804044889
-9999 -9999 -9999 -9999 -9999 -9999 -9999 -9999 -9999 -9999 -9999 -9999 -9999 -0.223442294194357 -0.206605139172231 -0.191595645432232 -0.358916107680723 -0.34910804947442 -0.107055948067704 -0.248939211054673 -0.26309692174946 -0.313520312291976 -0.229860284350326 -0.273730008470155 -0.254665591212862 -0.183475065819315 -9999 -9999 -0.0766253940829305 -0.0316872770900262 -0.00683683085530269 0.0209289373649294 0.000250528594598733 0.106225922699412 0.18438270841919 0.263021817727559 -0.0249967732400417 -0.0589898307094224 0.0632963511454835 0.0876880754546844 0.0850892938565392 0.0512796433929937 0.050024533364516 0.153866617610902 0.15176691836662 0.179807168676972 0.150590289134544 0.172011439081982 0.227779932930552 0.134596376007103
-9999 -9999 -9999 -9999 -9999 -9999 -9999 -9999 -9999 -9999 -9999 -9999 -9999 -0.184286640652976 -0.199397985342536 -0.148650994174258 -0.247474834392496 -0.213714978257052 -0.127643469858193 -0.222230226167147 -0.235436819929026 -0.273544907046358 -0.232860748337866 -0.284012493492899 -0.307476796405396 -0.130886754478936 0.0316708220267052 -9999 0.186866392051595 0.124394968379944 0.141445610961359 0.0870235275932843 0.0885657896319803 -9999 -9999 -9999 -0.00288161103181872 -0.036421682489871 0.0392797969958816 0.0908536360545874 0.0470447377950778 0.0669144307147455 0.0215543039494806 0.112835157586154 0.185851860299865 0.175998517001337 0.181467154918498 0.228665245400353 0.262230671453862 -9999
-9999 -9999 -9999 -9999 -9999 -9999 -9999 -9999 -9999 -9999 -9999 -9999 -9999 -9999 -9999 -0.180357448123961 -0.15009504068432 -0.134131632826547 -0.138064834108104 -0.135731787466422 -0.226101788344673 -0.271686410859336 -0.260628724174099 -0.14195940049151 -0.108186033288903 -0.10704326538675 -0.0598288630758002 0.0670739419863505 0.0878454034999859 0.0413871094332962 0.0454264478979852 0.0837460842419282 0.0695709228940696 0.0954695294394036 0.162191389137646 0.0748777264548909 -9999 0.214714751761852 -9999 0.1214994264128 0.116120108470067 0.12946155298534 0.00907952769264151 0.197084486055989 0.251419089200047 0.200671895335704 0.213197150728921 0.212506496497297 -9999 -9999
-9999 -9999 -9999 -9999 -9999 -9999 -9999 -9999 -9999 -9999 -9999 -9999 -9999 -9999 -9999 -0.146910628738079 -0.183390503282045 -0.160558812856391 -0.147363681546245 -0.139173790545124 -0.0507955055063626 -0.247215366794391 -0.239844438342562 -0.21121750375073 -0.108361475212596 -0.167814805106088 -0.00134708014656709 0.0120501553758724 0.0554077284238521 0.0322688061934794 0.058831931228654 0.0063527860982752 0.0829750671693485 0.165368529834427 0.177269590232168 0.0862043691593604 0.0993857064635137 0.0817887137327513 0.0497840178835925 0.0823529484652475 0.133969331890996 0.270550666078472 0.369722179463039 0.311381578319162 0.206703663654309 0.244653738809306 0.312876029991283 -9999 -9999 -9999
-9999 -9999 -9999 -9999 -9999 -9999 -9999 -9999 -9999 -9999 -9999 -9999 -9999 -0.175924569546372 -0.111787505257374 -0.135506531694555 -0.163710385376437 -0.142551070130803 -0.151388051620146 -0.163194529481438 -0.127098863979212 -0.0757395164942638 -0.1377972607369 -0.0856639986792408 -0.0520870436214811 -0.0921865972484804 -0.032837132514701 0.0544858466444157 0.182036528013432 0.0190591893171515 -0.00489063010427921 0.00383964945562383 0.055786422252989 0.170444245405437 -9999 -9999 -9999 0.0190111722975891 0.00555617656205844 0.0687995076337244 0.0650641009496532 0.052300937373084 0.0207985663314164 0.2792773316731 0.175322711619893 0.125656656231074 0.0953386010056213 -9999 -9999 0.177914423519258
-9999 -9999 -9999 -9999 -9999 -9999 -9999 -9999 -9999 -9999 -9999 -9999 -0.357573454222452 -0.25109577433554 -0.0495794815587721 -0.180975501671154 -0.169258453488665 -0.175211347394869 -0.147145977074336 -0.239348667226536 -0.172528186431224 -0.0687750835904986 -0.0873436172686459 -0.034660784246756 -0.00567288277438187 -0.0922675553918275 -0.0393771880819785 0.0522877877444808 0.0326709853712422 -0.00242214134810412 0.028929028398824 0.105315076505029 0.117986581028281 0.0806230322999198 -9999 -9999 -9999 -9999 0.0398371206795554 0.091636990225531 0.161696922270991 0.0996827566938138 0.208862208214052 0.195568801263513 -9999 0.170427083059474 0.144319138435694 0.233913388143087 0.289132365657647 0.178551147555524
-9999 -9999 -9999 -9999 -9999 -9999 -9999 -9999 -9999 -9999 -9999 -0.367391805260497 -0.364681633597335 -0.250687990520858 -0.159003902200911 -0.163629726620239 -0.176817836960213 -0.188103566513988 -0.182996319126287 -0.172200173014293 -0.127437455579189 -0.114519870728555 -0.0362352681897987 -0.035833025351131 -0.0848782305495387 -0.119027250996641 -9999 0.0435753218619353 0.0110722606750306 0.0109518227163444 0.0442935791293787 0.137968179635858 0.0888942226761718 0.0901855357231158 0.0742310333616753 0.0482512181883233 -9999 0.188818918216112 0.184964277825416 0.208780154997482 0.165278893741671 0.147050928798891 0.169490777312846 0.123676090487038 0.151803860159838 0.193081601176545 0.117168125256066 0.234831108701096 0.245509635819018 0.147104891725374
