data/rasters/s10.27.09.li.3_xyz_08_.asc
NCOLS 100 
NROWS 100 
XLLCORNER -4 
YLLCORNER -4 
CELLSIZE 0.08 
NODATA_value -9999 
[rows 44 to 65 of 100, columns 0 to 49 of 100]
-9999 -9999 -9999 -9999 -9999 -9999 -9999 -9999 -9999 -9999 -9999 -0.049891782885674 -0.0404770225867352 -0.0365848362266182 -0.0104643251305529 -0.0498199645214933 0.0179961890891593 -0.0824352048928826 -0.0589467367275063 0.122858558953976 0.175411777432998 0.0181260660496915 0.251365376926143 0.301798935972662 0.264693698770848 0.357473893672053 0.384296235030194 0.385878586021839 -9999 -9999 -9999 -9999 0.435682537491233 0.683204740170332 0.0541422989402346 0.146588125320667 0.0570347865454378 -0.000850602469737816 0.132860633995271 0.0496137116804211 0.0344215364554102 0.0486715061414365 -0.0153203577740239 -0.0241905741100815 -0.0305483624321798 -0.117558267607 -0.076590420359298 -0.0500532910732177 -0.0743363863347069 -0.0301668009877079
-9999 -9999 -9999 -9999 -9999 -9999 -9999 -9999 -9999 -9999 -9999 -9999 -0.0290162929637491 -0.0387786829134922 0.0617042495592738 0.160487284248639 0.171270186301867 0.00824391369179498 0.0204614055550889 0.0577019349817069 -0.0371872890322319 -0.0828348335300251 0.350404244385947 0.33937209050659 0.358248306844302 0.350032682850759 0.380923371188251 -9999 0.356211691497105 0.383538869071844 -9999 -9999 -9999 -9999 -9999 0.13488589911014 -0.0243222910622533 -0.0170869993937072 0.0423181974086192 0.156202306451585 0.132334052745503 0.225491825351404 -9999 -0.0893041953823752 -0.102451582850306 -0.0942377490934001 -0.10169496286397 -0.121030133995229 -0.0127150985794058 0.0566343822438184
-9999 -9999 -9999 -9999 -9999 -9999 -9999 -9999 -9999 -9999 -9999 -9999 -9999 0.184924771233371 0.101595925403857 0.295640614774017 0.190575974024287 0.0197559133812179 0.0882098554018171 0.335157837960922 -0.0532368509835163 -0.098239007268603 0.409756659426582 0.426006676413235 0.381663246499347 0.331225196089004 0.393474239632504 0.355765636210404 0.351998957001312 0.33596103610388 0.367775795293678 -9999 -9999 -9999 -9999 0.0304001208604561 0.0649351689352518 0.0682545930154987 0.19438131397698 0.113387735520473 0.105143232011119 0.0934046911253517 0.11853767341723 -0.130743891506091 -0.14427801276858 -0.0812740556878673 -0.00826454500239431 -0.0709858900770763 0.0326811789831574 -0.0151970526421257
-9999 -9999 -9999 -9999 -9999 -9999 -9999 -9999 -9999 -9999 -9999 0.306310166282827 0.234531464937758 0.243886796993422 0.269272869609131 0.290442803346467 0.175109432379651 0.0755008185696095 0.191059431480332 0.358021548773651 0.0435529197358915 0.234706813056013 0.307517428873755 0.347942822926056 0.345710527331492 0.371775075914415 0.395126619360177 0.371975217779201 0.3356297567031 0.312439434347431 0.303802991381443 -9999 0.255464060540586 0.254338358650593 0.275114941361183 0.121911133180902 0.214134192965523 0.167162702276749 0.13921456524385 0.166542456262902 0.0723094047553201 -0.0430609723734146 0.00936553590193719 -0.143181178831977 -0.0714497486233019 -0.05413137201225 -0.0457524289534389 -0.0503283879687252 0.0253747585063375 -0.0431870738164584
-9999 -9999 -9999 -9999 -9999 -9999 -9999 -9999 -9999 -9999 -9999 0.174178898871579 0.153727767639384 0.20212477177529 0.275901130695952 0.359963771911467 0.400563390383142 0.0860966253075141 -9999 0.244804958186436 0.22669027782186 0.271964785565587 0.280500522275564 0.348677869097145 0.318037346002332 0.357186189042874 0.389935906353662 0.36314275672762 0.324140571962215 0.318584292192583 0.308018340431935 0.303086445701732 0.318005795048741 0.313616613037116 0.290797637096235 0.272379521975889 0.246156071378582 0.16189514413122 -9999 0.277254821379409 0.375234685250697 -0.0324699277897556 0.20145197624369 0.135842972190269 -0.0853716995730427 -0.0282411729011416 -0.00945300293098026 -0.0512099318833568 -0.0444163871762932 -0.135728175728994
-9999 -9999 -9999 -9999 -9999 -9999 -9999 -9999 -9999 -9999 -9999 0.03439667299139 0.142882551861979 0.287707936042768 0.303146513215322 0.369918898717574 -9999 -9999 -9999 0.291120052569983 0.297792676315768 0.216094939961027 0.202525414429514 0.404746143408418 0.250030242667 0.321510881901632 0.38925415753989 0.346042733946841 0.298632410133859 0.303870096181611 0.32058409797773 0.317064743809332 0.316619136042778 0.320687324730321 0.342408019812521 0.288022390716221 0.290425750941852 -9999 -9999 0.231746020405172 0.314903156044964 0.254306649086877 0.170680920379421 -9999 0.0448808876196306 0.0729195973694578 -0.0228729537187176 0.199741683218203 -0.0970059434431789 -0.0928649671506106
-9999 -9999 -9999 -9999 -9999 -9999 -9999 -9999 -9999 -9999 -9999 0.127753375438861 0.30038846958547 0.314176193492759 0.393086867467349 0.468958116504534 -9999 -9999 -9999 -9999 0.235831984881754 0.207353803522748 0.193398707076619 0.319865596192655 0.234560796044275 0.179135289321151 0.250529805391553 0.257112989948281 0.311236476139022 -9999 0.278093032563826 0.286814816125855 0.308286268062462 -9999 0.304877787202804 0.261583644753989 0.236746414908145 -9999 -9999 -9999 -9999 0.322900095542028 0.24362007541559 0.222679398129656 -0.0344689691157299 0.122681647405211 0.103153724506477 0.13015983517135 -0.085313377885566 -0.0464537601418201
-9999 -9999 -9999 -9999 -9999 -9999 -9999 -9999 -9999 -9999 -9999 0.200228160012794 0.320434033773758 0.329972956257398 0.350841845683669 0.379600038523094 0.324020086521947 0.351884721084683 -9999 0.313283320610388 0.230359628091495 0.219934970401492 0.268814479371941 0.206211669191267 0.117255524384096 0.0864078161911723 0.113117608293277 0.122838270654064 0.208733859495243 0.250088437476988 0.239396936915275 0.233593894911422 0.266992802589257 0.255914476976599 0.116938082600153 0.138467180359965 0.158731566909332 0.105612603373141 -9999 -9999 -9999 0.284345877862844 0.220160444400981 0.196898484117021 -0.135944861203407 0.109225553892794 0.0390207172527499 0.0411631988890511 0.0250913274869568 -0.121695529440754
-9999 -9999 -9999 -9999 -9999 -9999 -9999 -9999 -9999 -9999 -9999 0.360113872692444 0.254223579333698 0.26899612694509 0.308515599202995 0.289345723479863 0.205909820033275 0.271450318363404 0.298897693066453 0.241380037316061 0.134728305575802 0.238206778973764 0.198697064491366 0.0679710710420462 0.0258647680441043 -0.00609596215270237 -0.0593277643680874 0.00702550701072049 0.1153480544304 0.182863620735536 0.241114195712406 0.219050360155856 0.153328902168178 0.203507454000604 0.176253597985123 0.161712068260504 0.134012856016723 0.142192794907589 0.434447900953909 0.498275135523969 0.282476161995843 -9999 -9999 -9999 -9999 -9999 0.143779317316794 0.0234817362502916 0.00565338928987313 -0.0901214607566197
-9999 -9999 -9999 -9999 -9999 -9999 -9999 -9999 -9999 -9999 -9999 -9999 -9999 0.265985758093673 0.28394979525154 0.267915163780681 0.203947417716949 0.101572432231045 -0.0501314090577587 -0.0268742804093117 0.00019454560738114 0.238242254776008 0.184693435022003 0.0119480338027659 -0.0375714328381492 0.00607680039632579 -0.0773431108999529 -0.00281382732764592 0.0407169383066344 0.113586312647413 0.233333926712016 0.197066304730302 0.14436387856828 0.112594288426035 0.113081859485227 0.154497595473847 0.122808774891764 0.389001644559133 0.452528409927333 0.380624151297829 0.118607062483054 0.171954097887234 -9999 -9999 -9999 -0.0262935719982606 0.10319384401928 0.0130044141792146 0.0112295889023292 -0.0300425904182603
-9999 -9999 -9999 -9999 -9999 -9999 -9999 -9999 -9999 -9999 -9999 -0.0849645449236161 -0.0775428973514987 0.331218408757094 0.0443878140439185 0.134942805898542 0.219701801748285 0.178514115800428 0.0515764787968897 -0.0367678100630081 0.0153333610588619 0.133615422292097 0.140518709022167 0.0455096053488193 -0.0246532691587077 -0.0227048285008723 -0.0672718415940442 -0.0203544238630068 0.0120960450812576 0.070862776039152 0.0873378023254466 0.0847169856496873 0.0626175580851954 0.0619836919819527 0.132456510230936 0.121416725217952 0.136115086361657 0.187954586402365 0.129947373859121 0.128767412777804 0.146084145376248 0.226320232309081 -9999 -9999 -9999 -9999 -9999 -9999 0.0212757586240997 -0.01447134305205
-9999 -9999 -9999 -9999 -9999 -9999 -9999 -9999 -9999 -9999 -9999 -0.00584203870524395 -0.0300862257586488 0.0788504928170373 -0.0244569790202246 0.110230879269536 0.169302893312744 0.00246538267696712 0.032357134424599 -0.0238478229649551 -0.00308411109839112 0.0179654597966143 -0.0205951633974392 -0.0521599066750201 -0.0245670617884942 -0.0328246436631797 -0.133595505855743 -0.0333277185730661 0.022345688679634 -0.0140247105769366 -0.122805573473554 -0.0282791946176357 0.0141731921586339 0.0425144468613121 0.10208440199266 0.0930987081183311 0.0372613611562762 0.106665357001507 0.143964377831553 0.0830030449495391 0.282722556312463 0.33925578225279 0.358241584486066 0.325908100071796 -9999 -9999 0.00854238194059152 0.0335452653933221 0.0107129659401994 -0.10383634919839
-9999 -9999 -9999 -9999 -9999 -9999 -9999 -9999 -9999 -9999 -9999 0.0609424508328164 0.0729746760071379 0.0688020495799958 -0.0564593770403129 0.095734108941274 -0.0314083735616618 -0.0024330389885868 0.0391320763430924 0.00245298048416453 -0.0568722821737884 -0.0654249674016067 -0.0678437563787408 -0.0667811193550678 -0.0376580586662227 -0.0841030858490717 -0.121284805156363 -0.106588154953051 0.0126759348530872 0.107994190969351 -0.133085358053136 -0.0807926095142557 -0.00578372281620293 0.0291623088440969 0.0381285445660459 0.0266873255536568 -0.00873874737612052 0.066814321153144 0.1866488380162 0.200883804323716 0.257765367195871 0.292692654945761 0.290379177890835 0.310477848272235 -9999 -9999 0.0274219281891911 0.00744119861291751 0.0379881649040982 -9999
-9999 -9999 -9999 -9999 -9999 -9999 -9999 -9999 -9999 -9999 -9999 -9999 -0.0163633915370313 0.0530129476422133 -0.00715804477951509 -0.0690240421058922 -0.0781136531835341 -0.105622137669184 -0.0772691426346986 -0.0872213456953733 -0.0784733255065662 -0.0751584457201982 -0.0782354406236274 -0.0721170443978772 -0.0774725244636206 -0.0877876260083241 -0.053459987561773 -0.155078740333144 -0.169241345729141 -0.249156014614735 -0.133142259266776 -0.059486020188931 -0.0198370933089269 -0.00266790301697721 0.0379863485559018 0.0510673824083865 -0.00254404112513087 -0.00096557869258765 0.132541553871336 0.212873327760219 0.10178482225082 0.273672398138284 0.333399640520103 0.29464928923009 -9999 -9999 -9999 -9999 -9999 -9999
-9999 -9999 -9999 -9999 -9999 -9999 -9999 -9999 -9999 -9999 -9999 -9999 -0.0518742629833324 -0.0151496910344324 -0.0111841576327438 -0.0521576586353045 -0.00892175000383293 -0.040611155847305 -0.046707437974252 -0.0731035171388 -0.0876644830578419 -0.0780515026737029 -0.0807554942916607 -0.0953138930161413 -0.106280464284078 -0.0925988807449947 -0.121937679997806 -0.18384011419195 -0.194662140219949 -0.267195009436421 -0.262869731180244 -0.117094588230546 -0.0323406174676802 -0.0202312837433153 0.00500818958318354 0.0641132889949626 0.0163935400117744 0.00635712295322273 0.0200244062005808 0.0154630115332392 0.106910997286209 0.272681975502865 0.318771010738254 0.320742065599456 -9999 -9999 -9999 -9999 -9999 -9999
-9999 -9999 -9999 -9999 -9999 -9999 -9999 -9999 -9999 -9999 -9999 -9999 -0.305308478861032 0.0373791957379522 0.0439671006548054 -0.0269872219970062 0.0278306234460145 0.00729781395224495 0.006206484198851 0.0615041005665951 -0.100402082299424 -0.129383730953987 -0.100994953778736 -0.124978944889238 -0.101268751340568 -0.0901961298947848 -0.154571291076934 -0.19563908777593 -0.250532074466061 -0.275372234021266 -9999 -0.0644858413937588 -0.064352537141599 -0.0582828339441915 -0.0699051549697733 -0.0291826209905227 0.0229843551216795 -0.0395585792913742 0.0134339822406648 0.0997110668168371 0.216278361861124 0.112802517635829 0.356790156398469 -9999 -9999 -9999 -9999 -9999 -9999 -9999
-9999 -9999 -9999 -9999 -9999 -9999 -9999 -9999 -9999 -9999 -9999 -9999 0.19949774945897 0.152487324709592 0.11424669472015 0.106179047376749 -0.129411997022731 0.016147927121597 -0.0183791257404081 -0.0270930776522728 -0.109943104016841 -0.0968833423139667 -0.121054681445882 -0.145825786664548 -0.124894062278573 -0.142491132463731 -0.157928910858304 -0.190254762103019 -0.121011501605865 -0.134697089066502 -0.0548580900709505 -0.117356998511103 -0.0975365906448191 -0.07445128069774 -9999 -0.0250143385769029 0.0108511949324143 0.00673736314862464 0.0493438782049731 0.0296979504658582 0.0179072616983951 0.0609994192075666 0.286387753286051 0.299861223575188 0.415535459941135 0.370272271913798 0.350179280282368 -9999 -9999 1.07529737485905
-9999 -9999 -9999 -9999 -9999 -9999 -9999 -9999 -9999 -9999 -9999 -9999 -9999 0.209495311481579 0.017450935716588 -0.063116641007098 0.025517812580897 -0.0089686750379515 -0.0693434070229366 -0.107641633939997 -0.11617745839976 -0.153141730632263 -0.119885962293254 -0.124361522224304 -0.141592581233119 -0.196311791600722 -0.210529769208677 -0.100258611368862 -0.0930499012483894 -0.217867909071202 -0.0567774307678189 -0.104005611723214 -0.0663217507048982 -0.0346137743262902 -0.0424656272118526 -0.0498421435887917 -0.0397920615158957 0.112724411553038 0.0895346964723863 0.0599039950796109 0.0410142075781143 -0.0298888047334345 0.126180291134709 0.287906044701747 0.512475351378841 0.363535122646791 0.327159722486386 -9999 0.933417386883014 0.967882158218207
-9999 -9999 -9999 -9999 -9999 -9999 -9999 -9999 -9999 -9999 -9999 -9999 -9999 -9999 -9999 -0.273630059090028 -0.0495216666395586 -0.11641084185132 -0.11648074528336 -0.0886310954733341 -0.154864627719215 -0.149668251507243 -0.128401121177143 -0.118672604757965 -0.206930601893595 -0.260944490888111 -0.192204881609147 -0.158254049155127 -0.17368559801598 -0.194232799949422 -0.103998377790252 -0.0826382260966058 -0.0162727871219602 -0.0375467876165205 -0.0419911347281609 -9999 -0.0860611667976898 -9999 0.0838116427735479 0.0513065337763968 0.0768546498300334 0.0359614162965053 0.10533935393788 0.310565895957081 0.413964260183555 0.485022006033039 0.474170161052337 -9999 -9999 -9999
-9999 -9999 -9999 -9999 -9999 -9999 -9999 -9999 -9999 -9999 -9999 -9999 -9999 -9999 0.0334209026105972 -9999 -0.0575076621012652 -0.0396768547482769 -0.0795884466336316 -0.081731494023856 -0.176985612132313 -0.11503567240919 -0.196940092148314 -0.192547583620472 -0.176368278175454 -0.231183263163261 -0.213295625034908 -0.158479943079518 -0.211094893722885 -0.147610711329741 -0.0988684289028566 -0.0373369690475152 0.0153235675333909 -9999 -9999 -9999 -9999 0.0684641539231683 -9999 0.0290186670601929 0.0660455255458079 0.118496914755324 0.305587370077754 0.375914275574406 -9999 0.504242252466889 0.456818355439735 -9999 -9999 -9999
-9999 -9999 -9999 -9999 -9999 -9999 -9999 -9999 -9999 -9999 -9999 -9999 -9999 -9999 0.0428819576366111 -0.0619213969463137 -0.0553420520737268 -0.0243970667246187 -0.0151348030285841 -0.0685525313512964 0.0126333541895554 -0.0872092185866772 -0.223643715475992 -0.266867596412128 -0.170079924838648 -0.194187526287916 -9999 -9999 -0.199995372139094 -0.124950084017334 -0.0703273948098618 -0.027911054547411 -9999 -9999 -9999 -9999 0.067732942685209 0.0828188055394579 -9999 0.150395324891104 0.12222597222658 -9999 -9999 -9999 -9999 -9999 0.696728151499467 0.707917057716686 -9999 1.21483047144141
-9999 -9999 -9999 -9999 -9999 -9999 -9999 -9999 -9999 -9999 -9999 -9999 -9999 -9999 0.00384882695690944 0.127050172247215 0.0777485153913593 -0.0646640145877793 0.0478570658259967 -9999 -9999 -9999 -0.181719565710677 -0.114600438527281 -0.196013099632689 -0.22339519179444 -0.248357143792959 -0.183828989996797 -0.127552094830033 -0.133313604560779 -0.123434666861634 -0.00860610950354966 0.0552464768897136 -9999 -9999 -9999 0.0558236433796226 0.139733290802042 0.238684139592428 0.35469593998808 0.288012936655999 0.324322442393626 0.203643326064737 0.219603897333652 -9999 0.772206585975028 0.745786008491696 0.739287490064408 1.13348845725746 1.29154196367628
