data/rasters/s10.27.09.li.3_xyz_08_.asc
NCOLS 100 
NROWS 100 
XLLCORNER -4 
YLLCORNER -4 
CELLSIZE 0.08 
NODATA_value -9999 
[rows 44 to 65 of 100, columns 50 to 99 of 100]
0.0114814352156197 -0.0172223258822803 -0.0864548691627453 -0.0486135237022993 -0.020829280803725 -0.0302938221238615 0.0848700117748282 -0.121908316714629 -0.176998662794976 -0.269068671218491 -0.274624343860628 -0.254874286598208 -0.261706480818985 -0.246780558887009 -0.205694585168534 -0.235247197381698 -0.245448645524449 -0.1986802649145 -0.205713622803133 -0.297785130935303 -0.0965551187229732 -0.170334204962747 -0.032612854273112 0.215449454477912 -9999 -9999 0.311626554193275 -9999 -9999 -9999 0.157356952537026 0.157962333033082 0.170630621398581 0.0902269703840461 0.0423149119515856 0.0255662205597911 0.0200886066679569 0.0180510141020521 -0.0436288379789341 -9999 -9999 -9999 -9999 -9999 -9999 -9999 -9999 -9999 -9999 -9999
-0.0398273342473971 -0.0343305667185128 -9999 -0.0127597495885536 0.00308725935836189 -0.0276373613243759 -0.0141633750103324 -0.119986314260922 -0.231808410653394 -0.175000013316663 -0.218406296345103 -0.202172597596433 -0.246255120037345 -0.28965921599841 -9999 -0.115715221063178 -0.0351201085195165 -0.0466687627652577 -0.0496163825184788 -0.101632880553126 -0.142437751896865 -0.2042619834479 0.128008667314231 0.295110815057387 0.362649205427966 0.361000557995156 0.429203286130513 -9999 -9999 0.18494036885153 0.160721398763119 0.156069701219682 0.11451162708121 0.0569008419986658 0.026286322845249 0.0644353970195586 0.00366689360695556 -0.0115604170718876 -0.0332707361160376 -9999 -9999 -9999 -9999 -9999 -9999 -9999 -9999 -9999 -9999 -9999
0.00960560526454283 -9999 0.0348837745171263 -0.106812741134457 0.0344939742321449 0.0057953532938283 -0.0431319061207152 -0.127668995196265 -0.0343377915028995 0.0245044233896892 -0.0767352875665847 -0.253418258244621 -0.386625146492382 -0.366121562835756 -0.25832139963927 -0.170246833555781 -0.0244854276808079 0.0113869880071205 0.00513110885373333 0.000492432093550384 -0.129913329744916 -0.147203387395724 0.1053612844904 0.065015495736366 0.267461067461268 0.319773925756375 0.385766318206707 -9999 -9999 0.154393365316733 0.134683966667523 0.0926787020327781 0.0490556998893688 0.0298560723526218 0.154236754951571 -0.139560622429924 0.0516727547782385 0.00558440988118809 0.0714514138976448 -9999 -9999 -9999 -9999 -9999 -9999 -9999 -9999 -9999 -9999 -9999
-0.0380199618531488 -9999 0.0205322744284466 0.0578905780950402 -0.0431071421792501 -0.115073640870929 -0.077657427377608 -0.064423058889573 0.0264654226779978 -0.0363878523888601 -0.123252729475763 -0.249110903806164 -0.381361309981813 -0.308914878846287 -0.179124190420394 -0.245088042862817 -0.0562660687870944 0.0329657082633422 0.0198654463609221 0.0330655056635906 0.0182177444730111 0.0116082248216414 0.122393334081281 0.134657398484605 0.316509445248658 -9999 -9999 -9999 0.193193158153984 0.155439098711656 0.112363190849623 0.178474237910243 -0.00768796299390181 -0.0358594086539572 -0.141730790463124 -0.0102533863931552 0.103973952148974 0.0171917945025149 -0.00704557314468573 -9999 -9999 -9999 -9999 -9999 -9999 -9999 -9999 -9999 -9999 -9999
-9999 -0.0279424461115667 -0.171838086100781 -0.229606938388944 -0.122507411889303 -0.0907163756223517 -0.0638710873772192 -0.0189335971677667 -0.00747312409431637 -0.0590288638543996 -0.278587143662738 -0.355971937612829 -0.370716259161565 -0.390023380447187 -0.135865231267863 -0.205677251640875 -0.0744810345292956 0.0532348900536362 0.0281320985369458 0.0780685362323 0.0231341704402691 0.0643948833801835 0.0611553470437084 0.0975267365204979 -9999 0.224273342919432 0.203648836071422 0.168877141461079 0.172523938618764 0.190053495508175 0.0884138549325097 0.062051577875999 0.0428007313742095 0.021027326083755 -0.0368100019736826 -0.0116769727943065 0.00814722356429063 -0.0304691201281301 0.0252053900738807 -9999 -9999 -9999 -9999 -9999 -9999 -9999 -9999 -9999 -9999 -9999
-9999 0.0891421714961136 -9999 -9999 -0.192977551628215 -0.139245070571331 -0.158284562427262 -0.0459707471851485 -0.11660176222444 -0.185974841280703 -0.27769566101751 -0.420454123035471 -0.498914965737269 -0.186374481011967 -0.0728833966530316 -0.147456059428152 -0.148399607758853 0.0257948858214683 -0.0467301688693216 -0.0120520525777614 0.0263135963542455 0.128431706089555 0.174198290255933 0.137348632921777 0.134820274471478 0.232130754541092 0.18038122053351 0.188979416885003 0.162588695595425 0.167572903650226 0.0926680986490501 0.0435482918487745 0.131843048465497 0.00442190199648271 0.0701854420280806 0.0423451183670845 -0.0552279117539701 -0.148297846704628 -0.0652926899721729 -9999 -9999 -9999 -9999 -9999 -9999 -9999 -9999 -9999 -9999 -9999
-0.0791477796554698 -0.110672311688296 0.180239946410805 0.260764425029153 -0.0135867107603659 -0.206064321893456 -0.239169646253952 -0.144073670736157 -0.05495235490686 -0.220251123509283 -0.293690427860261 -0.310931008158165 -0.340127978837229 -0.20866284359708 -0.238823292740678 -0.173360287817995 -0.0185198837998894 -0.0175757557013132 -0.0375271462417252 0.0450981051072687 0.0662977886933862 0.117656640147327 0.151725431420495 0.104033036675313 0.128956197263033 0.158637527135131 0.199884475786424 0.197423037594856 0.154599053075011 0.256730613405482 0.0375835567856712 0.0924090225740685 0.0563386368774507 -0.00688800548846423 0.00400758478688838 -0.0288724356145229 -0.0449442510993253 -9999 -9999 -9999 -9999 -9999 -9999 -9999 -9999 -9999 -9999 -9999 -9999 -9999
-0.136113196724831 -0.13860612656048 0.183948366135188 -0.272621935962555 -0.198121348195101 -0.260693813565939 -0.188508831193193 -0.139605593989766 -0.142718817451673 -0.0844389554097587 -0.0250721101036724 -0.189467076997491 -0.280512176791121 -0.18224300984971 -0.275135180145241 -0.220233820840515 -0.132392043230259 -0.146060320077977 -0.0923557431031551 0.018283781608162 0.139815345022374 0.142023378219763 0.134741027465734 0.108360694804058 0.13037440280245 0.147672822905135 0.187888144658742 0.117586290627474 0.108260711909783 0.0756037832186535 0.147795023909217 0.0701811812428079 0.0429214918464961 0.00105396525682817 -0.0725236705246159 -0.0268238505207988 0.0327017363613469 -9999 -9999 -9999 -9999 -9999 -9999 -9999 -9999 -9999 -9999 -9999 -9999 -9999
-0.177395482646036 -0.206731053672672 -9999 -0.237431346727813 -0.188398701391698 -0.204025453203559 -0.195998359441884 -0.201200135916057 -0.149326696815481 -0.0491154976110262 -0.0555383660190088 -9999 -0.183874392448429 -0.143814573460796 -0.205995567399747 -0.220668949174323 -0.186283368232697 -0.168070921251638 -0.0917687020515316 -0.00946728073383201 0.0616299407032268 0.069657100101435 0.126327446150498 0.0813932716794325 0.115708424518266 0.240673778088638 0.138171722158962 0.17916327959895 0.215855379262999 0.202125190284816 0.120064761772956 0.0395411740314352 -9999 -9999 0.114315687923009 0.107301130890989 0.0578577963266733 0.0563285273537735 -9999 -9999 -9999 -9999 -9999 -9999 -9999 -9999 -9999 -9999 -9999 -9999
0.0284265319516245 0.0263017119284827 -0.139970502525108 -0.206406731593801 -0.238485220475536 -0.273394299315885 -0.225213004931298 -0.25587955708504 -0.107884598332601 -0.0145719314340273 -9999 -0.227042262772008 -0.211853871499997 -0.194296178208382 -0.163999866370421 -0.203222810344924 -0.191421508713312 -0.200258150748269 -0.175790265173294 -0.178765055673538 0.0944601585724536 0.119045770171397 0.149622725421178 0.13484528712858 0.194512933999271 0.177674084563571 0.193071381383125 0.202347724583919 -9999 0.344912216384948 0.183173486880709 -0.0343936267264155 0.0918467419324277 0.215213679647356 0.120049123209403 -9999 0.115267574300499 -0.0311957952147551 -0.0430028050986865 -9999 -9999 -9999 -9999 -9999 -9999 -9999 -9999 -9999 -9999 -9999
-0.0364080036107409 -0.103460969706017 -0.0560066897724361 -0.152095163879624 -0.169688702912269 -0.252293088649312 -0.245653708108526 -0.187638100100569 -0.125517303526324 -0.159455511461128 -0.188187798260061 -0.204527419768544 -0.126872100395012 -0.160394002637403 -0.200711143480101 -0.225030074374155 -0.199782234200364 -0.213182000220154 -0.199483424173934 -0.249828115382644 -0.0847321236571666 0.0737154476037817 0.127891708714679 0.183604832438399 0.231283652021928 0.193683174571906 0.188264312084584 0.250610198328512 0.222182231418263 0.138672459807339 0.16865612755647 0.00364928822187001 0.147197258305536 0.267370093020265 0.115313423652316 0.128849469453333 0.0773304282895105 0.119824180465145 0.0109555012963417 -9999 -9999 -9999 -9999 -9999 -9999 -9999 -9999 -9999 -9999 -9999
-0.107049514792179 -0.0898000002228259 -0.0241539254349591 0.0414148579684249 -0.120698879259084 -0.159108952542455 -0.0973219052837246 -0.12870251121829 -0.105784367408402 -0.142757353718563 -0.22853252868427 -0.271916844274765 -0.161936507885236 -0.147220319795552 -0.144762391942103 -0.202097135403783 -0.222241095819559 -0.221056612379393 -0.134678300586744 -0.0812482229753786 -0.10740543515935 0.0740905572048688 0.0454590394847588 0.151562374216095 0.200625632797775 0.204315412558357 0.236202411645679 0.254090967223121 0.252742658227536 0.175770507954555 0.21430144021398 0.157598300184398 0.29065290667163 0.428261111894836 0.366613809301932 0.103177376018547 0.0834038033956952 0.051911809698947 -0.0405385193856133 -9999 -9999 -9999 -9999 -9999 -9999 -9999 -9999 -9999 -9999 -9999
-9999 0.134046140111165 0.0600357655636347 0.0277795256349298 -0.00519287124984065 -0.0501460432151318 0.00670790441076445 -0.072533598189659 -0.119819828139623 -0.166354012353688 -0.188773943199659 -0.167593810782645 -0.182640548197814 -0.0893939182426037 -0.0516145081470641 -0.169465495055761 -0.189987549931492 -0.212365195071857 -0.193304070342322 -0.133662862404653 -0.0639685154546714 0.0973412281311938 0.0450138522100548 0.124330981249734 0.142461229492083 0.22793015185435 0.276177023749554 0.269464327894828 0.275548784681966 0.320894291315701 0.187265320210629 0.378960300145991 0.215463574279546 0.253325320877862 0.134681225233066 0.211228595434422 0.143057307127271 0.117862664610466 0.10266289735321 -9999 -9999 -9999 -9999 -9999 -9999 -9999 -9999 -9999 -9999 -9999
-9999 0.0845665747666157 0.0795226269570709 0.0599619474389197 -0.0203523492990656 -0.144774830424495 -0.16243180203994 -0.122055693136536 -0.0985547133287217 -0.160042762871441 -0.194157915352495 -0.117323669409199 -0.00702124298111183 0.0558765315612948 0.0362379553026661 0.0250102373153291 -0.177797711917513 -0.12446328161883 -0.195037117927932 -0.207768654369133 0.0319751920023908 0.0506337310417561 0.120545771530374 0.120713809624425 0.283070532849082 0.327585407169924 0.363051142426993 0.260306657590917 0.326561135360626 0.447446645477748 -9999 0.249754126261519 0.273545036935737 0.367922983487456 0.636242726520513 0.274525007240326 0.217253556926122 -9999 -9999 -9999 -9999 -9999 -9999 -9999 -9999 -9999 -9999 -9999 -9999 -9999
-9999 0.0970969798681656 0.0604130794267978 0.0968403630873126 -0.0232540811913032 -0.0042579181090385 -0.0719894336319975 0.000570824366265684 -0.0244312420297809 -0.009171012655795 0.0238747723539767 0.00783255304738255 0.263895822628888 0.319972927873505 0.0674808580668325 -0.00700571167813703 -0.0967535945921131 -0.163931456165596 -0.203981568995695 -0.0709664569487697 0.175712192736114 0.163080949015698 0.178940684859923 0.247714530039368 0.351513234948168 0.357392037442407 -9999 0.445028619165115 0.628805633705956 -9999 0.437495808372118 -9999 0.337085237433865 0.27861671563329 0.328964153984334 0.278195070024765 -9999 -9999 -9999 -9999 -9999 -9999 -9999 -9999 -9999 -9999 -9999 -9999 -9999 -9999
1.20286701131117 0.225511199644677 0.202407059749489 0.0995065308441425 0.0362392565642236 0.219415676128851 0.111369356889642 0.0918986031854615 0.0893406159046396 0.108265680937933 0.23621886409272 0.133820580441794 0.260054954275712 0.221281275916644 0.126195074939547 0.0134739055925256 -0.160081427298789 -0.164808745061121 -0.0767294988513144 -0.0100830897860791 0.201972372720378 0.239626428917588 0.24679352408316 0.285701370563017 0.351085238212417 0.372937798691386 0.525307965336663 0.527668782101731 0.681006787069633 0.411510558836944 0.429670597171925 0.450877227708559 0.460567899880514 0.487125921184909 0.483957851144858 0.33137158018649 0.432928350135396 -9999 -9999 -9999 -9999 -9999 -9999 -9999 -9999 -9999 -9999 -9999 -9999 -9999
0.974256105453167 0.757217096293997 0.321454607769804 0.214989666915837 0.183716143283294 -9999 -9999 0.15502961863767 0.20838971881758 0.243737365637044 0.402208390128596 0.462075525825642 0.69261618028986 -9999 0.169791709663236 0.00579062325109836 -0.206057624815088 -0.173415040749004 -0.144944632498421 -9999 0.217053913383405 0.306882119197764 0.366969737108505 0.381767979633926 -9999 0.478039352049527 0.449139363254144 0.555384975062151 0.60107594896025 0.373940569421623 0.390440965107351 0.48499791142603 0.472545968576132 0.568897595457449 0.533671078110849 0.355785844325461 0.485847697263835 -9999 -9999 -9999 -9999 -9999 -9999 -9999 -9999 -9999 -9999 -9999 -9999 -9999
1.06219871722006 0.586238593727634 0.505946309325223 0.501162501827207 0.248600033636715 -9999 -9999 0.344624838613075 0.333407382607465 0.288156642251558 0.363508151034928 0.344510316006364 -9999 -9999 0.245142945635919 0.0107043917810666 0.00253954658113641 -0.177072028878476 -0.21563237244083 0.234127896264738 0.314925425729549 0.379330747624452 0.491889240226981 0.533079824420218 -9999 0.419218417076782 0.49062149080293 0.57537433207734 -9999 -9999 -9999 0.516698543664371 0.49272270363835 0.549232679547858 0.531045531577681 0.533524201989195 0.480814522371853 -9999 -9999 -9999 -9999 -9999 -9999 -9999 -9999 -9999 -9999 -9999 -9999 -9999
0.340387442480902 0.343047891194898 0.34428613358241 -9999 -9999 -9999 0.236952526455698 0.234288729823161 0.198260152562485 0.386432818527269 -9999 -9999 -9999 0.357725804349911 0.34865762078857 0.15178392735998 0.0575488300796483 0.0349409138325707 0.176069980987132 0.347637835030938 0.272073032129745 0.373564193389478 0.534658244316253 0.55354610794853 -9999 0.62594759229329 0.571786778848854 -9999 -9999 0.431272796973791 0.469974211846562 0.491586204428685 0.368455974816119 -9999 -9999 0.526319664119074 0.530531807400294 -9999 -9999 -9999 -9999 -9999 -9999 -9999 -9999 -9999 -9999 -9999 -9999 -9999
0.33719399350485 0.299840002358383 0.325487619468312 0.39346992313127 -9999 -9999 0.212956129322415 0.195697314712764 0.347732033677916 0.313094998498267 -9999 -9999 0.347446396959444 0.279411961243661 0.248204903124684 0.214896703779888 0.16877897056529 0.25770948027475 0.240509465991095 0.331241638570794 0.330539375048305 0.245009595724347 -9999 -9999 -9999 0.414253784400961 0.214613014160436 0.317920130798788 0.318752567330894 0.404805540844403 0.640462922445286 0.329780427147741 0.269707347881815 -9999 0.622760401590121 0.567998571047049 -9999 -9999 -9999 -9999 -9999 -9999 -9999 -9999 -9999 -9999 -9999 -9999 -9999 -9999
0.51486594477931 0.381264688237515 -9999 -9999 -9999 -9999 -9999 -9999 0.427299998546982 0.269184380223127 0.167466199982424 0.175753165703079 0.267595573820108 0.233642115749199 0.20273179140801 0.343675178286959 0.25298560435112 0.288996392855321 0.231012334188261 0.273058278081003 0.235587638716369 0.21273377765173 -9999 0.276623683670448 0.42396812097064 0.325578561786835 0.284600977443768 0.332239092576274 0.282037692125753 0.307990359831349 0.337286669028474 0.37075549180258 0.285705724219956 0.0545654316210669 0.265716728823948 0.358534668385615 -9999 -9999 -9999 -9999 -9999 -9999 -9999 -9999 -9999 -9999 -9999 -9999 -9999 -9999
0.713504594477145 0.676770012267623 0.662904859384659 -9999 -9999 -9999 0.180551872432516 0.153374074041714 0.123899146734277 0.20920091614203 0.165480653404633 0.183172849263178 0.212812574066843 0.139316731197387 -9999 0.221089431809788 0.217417317024199 0.203355221326998 0.263756665676362 0.220998092640163 0.236274842546838 0.188706563095576 0.216437804776671 0.267275430995905 0.292351282681267 0.319360831779827 0.225821266632861 0.240091277555866 0.177672733050754 0.107235326985228 0.189418945093322 0.216975546470759 0.197921040006879 0.103121779070027 0.246862754653777 0.433769010009222 -9999 -9999 -9999 -9999 -9999 -9999 -9999 -9999 -9999 -9999 -9999 -9999 -9999 -9999
