data/rasters/s10.27.09.li.5_xyz_08_.asc
NCOLS 100 
NROWS 100 
XLLCORNER -4 
YLLCORNER -4 
CELLSIZE 0.08 
NODATA_value -9999 
[rows 63 to 83 of 100, columns 0 to 47 of 100]
-9999 -9999 -9999 -9999 -9999 -9999 -9999 -9999 -9999 -9999 -9999 -9999 -9999 0.3033522973215 0.217798377311538 0.208718380043146 0.137796139595097 0.06939158977942 0.100242851235629 0.101251101939368 0.0821519716478486 0.167507220856043 0.165383536612706 0.186055569013423 0.1849826725797 0.0797173378899294 0.0955057222800058 0.0675974162929077 0.00758196995476882 -0.00670719661449929 -0.028939701651422 -0.0667445664550616 -0.0680844760362323 -0.0535554482247067 -0.024197652801538 0.00256361197892528 -0.0129945935910964 -0.0130846693119948 -0.0115077656313936 -0.171027558454306 -0.133059135313741 -0.079071862509218 -0.0937919235160411 -0.0568557705141652 -0.143282203466342 -0.0464785650659628 0.0192121280444451 0.0107573423960048
-9999 -9999 -9999 -9999 -9999 -9999 -9999 -9999 -9999 -9999 -9999 -9999 -9999 -9999 0.21628071117055 0.15797612985005 0.0929763222454887 0.10856510218471 0.109038123678242 0.109215027298846 0.15132530525175 0.187019027283475 0.207142863255592 0.261683918153461 0.253616853294113 0.228213929653985 0.194618576886567 0.0763837662964358 0.0434614286937162 0.0504355025117217 -0.00566687405286803 -0.0544969030754732 -0.0741253130714483 0.00207512181216984 -0.0110331163555352 0.0814191610503431 0.0327367593130674 -0.0676796141053293 -0.116634044419453 -0.0218783310613366 -0.0697771455766533 -0.0663851010614046 -0.108824878792026 -0.0375758978558903 -0.122430859173071 -0.119800602933222 -0.0934769641984027 -0.0785968387085118
-9999 -9999 -9999 -9999 -9999 -9999 -9999 -9999 -9999 -9999 -9999 -9999 -9999 -9999 0.112113981295096 0.118696166940355 0.105323426012355 0.0362847626475451 0.116742664125489 0.11801707413815 0.153962610183713 0.210815348837571 0.158503351105218 0.176510072150423 0.207002396105949 0.231436217168569 0.159175241753357 0.066618541395233 0.0127452214014724 0.0801365510948489 0.0802084061561801 0.00979405371420381 -0.0473740450977755 -0.0430606845057044 -0.0267732801646244 0.0203509211645891 0.00389233874217926 -0.0253241010308342 -0.0742630982085666 -0.0360144410566191 -0.0351074850517988 -0.0744282975996276 -0.065839560437791 -0.0485665824397642 -0.108773334028688 -0.141552561248564 -0.138210420942164 -0.207067591364123
-9999 -9999 -9999 -9999 -9999 -9999 -9999 -9999 -9999 -9999 -9999 -9999 -9999 -9999 0.111362646258092 0.144360512447216 0.142323626064645 0.0653917239846342 0.120973989257367 0.160875593229327 0.10798150672871 0.108301243902551 0.0420932639989544 0.111279611132749 0.20107984196203 0.197467732122814 0.264804606192022 0.177873399138448 0.0147963918400994 -0.0109820245881683 0.050538464680137 0.00410626018218077 -0.109929667239427 -0.105682172496971 -0.140980974978015 -0.0809958786800752 -0.0329486955807322 -0.00154043902241459 -0.00545696771242448 0.0232832136967512 0.0161400117014188 -0.143373631877843 -0.146629192033231 -0.0940326781185372 -0.0694828351491609 -0.118166247382834 -0.224070891327022 -0.291735736474502
-9999 -9999 -9999 -9999 -9999 -9999 -9999 -9999 -9999 -9999 -9999 -9999 -9999 -9999 -9999 0.130614332923309 0.0935233193589382 0.135479478770047 0.143289524207716 0.121811826704108 0.116822375944161 0.128943979992545 0.0766991028447329 0.195234138404251 0.221665932006959 0.203862240469373 0.244594882404468 0.235916458384605 0.0918339207128114 -0.0221778255259494 -0.0123603872988132 0.050592038274747 -0.00246161692027768 -0.0880790738614528 -0.0852734121965417 -0.10544336602161 -0.0970161876783403 -0.0335641914908805 0.0116306368783773 -0.0221905043732001 -0.0465463714675178 -0.0461814503030291 -0.114682504574862 -0.0810778618588424 -0.0100686474801405 0.0050542524721176 -0.0974842204478163 -9999
-9999 -9999 -9999 -9999 -9999 -9999 -9999 -9999 -9999 -9999 -9999 -9999 -9999 -9999 -9999 0.127940503900037 0.14763073597932 0.16366760932138 0.12944221405201 0.180239752489983 0.154644829505775 0.167857319892002 0.227785777982432 0.221336828125105 0.265798062566003 0.216426698101714 0.18536693070017 0.137383992401937 0.17165271671081 0.148248559602389 0.0525517947384542 0.0916300733232048 0.0820821532186785 -0.0249451973445817 -0.108733759396265 -0.101476054867884 -0.12449151435595 0.0019503398731735 0.0402973631843087 -0.0291348711740682 -0.0461970381940191 -0.0169511543746853 -0.0855365695640874 -0.0975826987228649 0.0155237453807103 -0.0953880530254259 -0.092185868613585 -0.216421309631928
-9999 -9999 -9999 -9999 -9999 -9999 -9999 -9999 -9999 -9999 -9999 -9999 -9999 -9999 -9999 -9999 0.17049766654626 0.148081092218439 0.155326678208366 0.240389234179121 0.230936994475096 0.177272128968265 0.155385443022455 0.168562833974224 0.264469559036108 0.176106902164213 0.159546300873991 0.215063452347441 0.232856693080364 0.179327793177637 0.0617412279305392 0.0839706426076051 0.0943532695190161 0.00365324226798811 -0.134652929671906 -0.0765876273805157 -0.074206756270897 -0.119563401848513 -0.00249996385155077 -0.0487842919624678 -0.0499370605816487 -0.00697901726309336 -0.0546833919816357 -0.0627809911231074 -0.00998069752876507 -0.0046536387223529 -0.0660479985809632 -0.0776867775013356
-9999 -9999 -9999 -9999 -9999 -9999 -9999 -9999 -9999 -9999 -9999 -9999 -9999 -9999 -9999 -9999 -9999 0.237629292913859 0.205929647375766 0.146249054909091 0.19806698312181 0.152580494593658 0.20135746083138 0.170421217751769 0.172165535868088 0.21176531528328 0.166797036148839 0.179068213040849 0.205421909632147 0.142149713917217 0.0554637403164003 0.0659499742775653 0.0503883939432329 0.0369537722255598 -0.12844622065838 -0.0482623928248645 -0.0570639659163976 -0.157509021523243 -0.16727487634876 -0.0796213713629729 -0.0526388365011148 -0.00562340363190202 -0.0806438109230971 -0.180306796107614 -0.112408314604106 -0.073085803795399 -0.0261338791222508 -0.03315027664973
-9999 -9999 -9999 -9999 -9999 -9999 -9999 -9999 -9999 -9999 -9999 -9999 -9999 -9999 -9999 -9999 -9999 0.222205069993757 0.184038858931305 0.178865819982863 0.140290370469022 0.197827972030821 0.23806732929219 0.242405813570561 0.122584789486133 0.159989038811238 0.12480843735192 0.177789423430902 0.0718040764417398 0.0603319472788493 0.0561550834579074 0.0517580373394107 0.0440937060626206 -0.0300425554076262 -0.098884585741999 -0.0825797402415229 -0.257183003696852 -0.229549402063192 -0.135946272679152 -0.073139581738042 -0.00584361595349055 0.00326697936075688 -0.116157390070768 -0.243912079122989 -0.21586046729174 -0.143770460548706 -0.106219607795236 -0.0771162887868385
-9999 -9999 -9999 -9999 -9999 -9999 -9999 -9999 -9999 -9999 -9999 -9999 -9999 -9999 -9999 -9999 -9999 -9999 0.309268681303715 0.196751966391066 0.22615449305893 0.199928239091412 0.183847162905861 0.14516824444613 0.149826290387805 0.0708627475889595 0.0662420999175544 0.0581149710739208 0.125022649649235 0.0546502106792606 0.0455742349765787 0.0570912064439799 -0.0280366047112797 -0.079822068760558 -0.147520142221229 -0.150946376646728 -0.298993916833489 -0.242014173494689 -0.141378002030101 -0.131507630473771 0.0161627555214438 0.0475522017514466 -0.0808985323443689 -0.00489637788506097 -0.0537490704203919 -0.181369188074173 -0.237972944001201 -0.214233890295747
-9999 -9999 -9999 -9999 -9999 -9999 -9999 -9999 -9999 -9999 -9999 -9999 -9999 -9999 -9999 -9999 -9999 -9999 -9999 0.147523304866386 0.246961365397068 0.240962478576607 0.153382164241875 0.0743866985181919 0.0371287908536308 0.0298176993013919 0.0802212379108157 0.0921081915138713 0.174684556250826 0.0709433317850001 0.0171105986670367 -0.0116082729047181 -0.0528173005688052 -0.152890431819465 -0.173972019599954 -0.213934650802679 -0.194122730352404 -0.175691622217938 -0.141285731536581 -0.0514887456368092 -0.0643132512329125 -0.0138176886135683 -0.0319194130634708 -0.04252532642744 -0.110932052102734 -0.116971154344286 -0.116313797805498 -0.0464230932368612
-9999 -9999 -9999 -9999 -9999 -9999 -9999 -9999 -9999 -9999 -9999 -9999 -9999 -9999 -9999 -9999 -9999 -9999 -9999 0.183252731883144 0.143558111705765 0.178945138289206 0.217728259951175 0.175641739074409 0.0542858206507313 0.00810435818394444 0.0375061343292668 0.0989942121784017 0.135889491922992 0.113228698205336 0.109950871949617 -0.0541671735259947 -0.0755244277892366 -0.0999238450452036 -0.165747896428848 -0.18793853122645 -0.150752350939325 -0.0972853080222131 -0.0755116229135085 0.00847756997456758 -0.00465870417253801 -0.0264567737480977 0.022927345917368 -0.0119317085351477 -0.00613518070267184 -0.0101109612261278 -0.0141844020444175 0.0595307481826136
-9999 -9999 -9999 -9999 -9999 -9999 -9999 -9999 -9999 -9999 -9999 -9999 -9999 -9999 -9999 -9999 -9999 -9999 -9999 -9999 -9999 0.157133809049996 0.215191267853629 0.10447053166806 0.0926345881853784 0.0425600249876824 -0.0343713769554468 0.0320066369932729 0.0429338115469098 0.0971481277387385 0.107600336601738 -0.0437290376747444 -0.0915450665667737 -0.144260601693605 -0.146272744294583 -0.137697666731043 -0.111215972135983 -0.101695378908273 -0.0525913815069251 0.0427452644110377 0.00554601388420355 -0.0419100383023939 -0.0290002906298354 -0.0355207534426735 -0.0422114733645893 -0.00594554393313285 -0.031996435117791 0.0258002073257109
-9999 -9999 -9999 -9999 -9999 -9999 -9999 -9999 -9999 -9999 -9999 -9999 -9999 -9999 -9999 -9999 -9999 -9999 -9999 -9999 -9999 0.114846853889548 0.13158417080195 0.0801412950171828 0.131198878638666 0.0887702236666192 -0.0427892221916405 -0.00547548116245412 -0.0147685674327685 0.0135039870916437 0.132642885852196 0.0591862244897448 -0.0820891263176659 -0.110896823384487 -0.0711827808863813 -0.0149743577306402 -0.0197637247641279 -0.0387824711228983 0.0298542985337716 0.056383780798114 -0.0504700830952912 -0.0147155524983285 0.0589633495076784 -0.00959446148326839 0.000611375936086043 -0.065346161952139 -0.0897432864626721 -0.0837957397116469
-9999 -9999 -9999 -9999 -9999 -9999 -9999 -9999 -9999 -9999 -9999 -9999 -9999 -9999 -9999 -9999 -9999 -9999 -9999 -9999 -9999 -9999 0.110768854169491 0.0531654275637586 0.122479291325103 0.0658667320738903 -0.0255437139822498 -0.0181574160240939 0.0235241089275016 -0.0118375161587172 -0.00162226314546766 -0.0360005763644558 -0.102853983714007 -0.0557303399473144 -0.065625386096842 0.0315218349482177 0.0718363817563947 0.0329070931602568 0.0725668762581381 0.048263342005172 -0.0553799707877588 -0.0375380202559618 0.0100189255487563 0.0386976666223551 0.0218216082929939 -0.0715342782520748 -0.0848243877760121 -0.0651155088173662
-9999 -9999 -9999 -9999 -9999 -9999 -9999 -9999 -9999 -9999 -9999 -9999 -9999 -9999 -9999 -9999 -9999 -9999 -9999 -9999 -9999 -9999 -9999 -9999 0.0294595357970112 0.0456884950803433 0.15009774410017 0.131492765788482 0.0618462757990314 -0.0763749551733086 -0.0934473386537182 -0.0656304454710138 -0.0652634572714492 -0.094610418042126 -0.0806687527939024 -0.0209075658791258 0.0443513275088474 -0.0142064862114878 0.0409876193481011 0.0403154054960963 -0.0378465283920258 -0.0464065263031627 -0.0221764650214897 -0.0281832409559431 -0.010064032266007 -0.0780201596145779 -0.0712181576592883 0.00706605913979187
-9999 -9999 -9999 -9999 -9999 -9999 -9999 -9999 -9999 -9999 -9999 -9999 -9999 -9999 -9999 -9999 -9999 -9999 -9999 -9999 -9999 -9999 -9999 -9999 -0.0323635145640087 -0.000467099830195173 0.0802660667068018 0.0609565867089151 0.00411516127744087 -0.0795344793134961 -0.105122444833431 -0.0845953359544304 -0.0475156514235069 -0.059709152054774 -0.0645537789849506 -0.065313683677148 -0.0601075719285208 -0.124514854955533 -0.0636030158495681 -0.0351950600764705 0.0021309318417435 -0.0256251746361014 -0.0288366426750472 -0.078877042783224 -0.0637615840303285 -0.0446776462846794 -0.04422566852859 -0.0326698005607606
-9999 -9999 -9999 -9999 -9999 -9999 -9999 -9999 -9999 -9999 -9999 -9999 -9999 -9999 -9999 -9999 -9999 -9999 -9999 -9999 -9999 -9999 -9999 -9999 -9999 -9999 0.00334147357436457 0.0171624207004889 0.0143844948582499 -0.104594816937331 -0.136348818780024 -0.0874342684666858 -2.23139474561391e-05 0.0115605626190305 -0.0198502044257978 -0.0363384575558788 -0.0410694159990074 -0.0230959392840699 -0.0732721543920693 -0.0742075889576032 -0.0372657579955403 -0.0168701133192396 -0.0638242944150901 -0.0429337851365562 -0.0388167708393151 -0.0448635197083047 -0.0532033864080698 0.0150353100352444
-9999 -9999 -9999 -9999 -9999 -9999 -9999 -9999 -9999 -9999 -9999 -9999 -9999 -9999 -9999 -9999 -9999 -9999 -9999 -9999 -9999 -9999 -9999 -9999 -9999 -9999 -9999 -0.0236446108046716 -0.0424430922381075 -0.107712599965567 -0.18725991892874 -0.136388911839768 -0.0573722773518156 0.0197811407606056 0.00967012065115949 -0.045695535597067 -0.0305870797635429 0.00797332898548381 -0.00600933989738907 -0.0509018388676569 -0.0704977745900263 -0.0660733296329213 -0.0771469747344961 -0.0100208523832008 -0.0444548990671126 -0.160721412696251 -0.122814579129126 -0.0116428719633243
-9999 -9999 -9999 -9999 -9999 -9999 -9999 -9999 -9999 -9999 -9999 -9999 -9999 -9999 -9999 -9999 -9999 -9999 -9999 -9999 -9999 -9999 -9999 -9999 -9999 -9999 -9999 -9999 -0.114514825939144 -0.0888412213865209 -0.173216363372377 -0.138149690786917 -0.0823120919845112 0.0375610407527587 0.0204888843707185 -0.00105138303031774 -0.0267813530838532 -0.0495197079513126 0.0384322487346013 -0.0457130441566076 -0.0581392414967462 -0.0764013355925736 -0.0729918160777539 -0.0913770606281732 -0.0657818763932513 -0.118094335930944 -0.110809725501456 -0.100330113365272
-9999 -9999 -9999 -9999 -9999 -9999 -9999 -9999 -9999 -9999 -9999 -9999 -9999 -9999 -9999 -9999 -9999 -9999 -9999 -9999 -9999 -9999 -9999 -9999 -9999 -9999 -9999 -9999 -9999 -9999 -0.0921586780371517 -0.0749846128601751 -0.00151207371682413 0.0457881521924106 0.0447505544757801 0.0498384154072459 -0.0406026209138843 -0.053266381047787 -0.0705537103160106 -0.0303962322138984 -0.0419753674245054 -0.0832761867564555 -0.11214225363415 -0.112893716110086 -0.109592526774418 -0.0998296793933431 -0.0925806118373664 -0.104115027452799
