data/rasters/s10.27.09.li.2_xyz_08_.asc
NCOLS 100 
NROWS 100 
XLLCORNER -4 
YLLCORNER -4 
CELLSIZE 0.08 
NODATA_value -9999 
[rows 22 to 43 of 100, columns 49 to 97 of 100]
0.0979220868827497 -9999 -9999 0.254149686075231 0.232642571547452 0.158208511630426 0.182887754231014 0.232988224958108 0.245415825616519 0.215656834268741 0.183986048332331 0.190128444902931 0.152323143515544 0.151076993017788 -0.0216778792218329 0.00843215341736596 -0.0559186095324722 -9999 0.20836930684143 0.166120420804056 0.0877890234790859 0.192475536280353 0.027009768580839 0.00721193805629799 0.0479379514880691 0.00621300298556237 -0.18084774056845 -0.0773661798803078 -9999 -9999 -9999 -9999 -9999 -9999 -9999 -9999 -9999 -9999 -9999 -9999 -9999 -9999 -9999 -9999 -9999 -9999 -9999 -9999 -9999
-9999 -9999 -9999 0.397551815508764 0.208947965086816 0.206655219046678 0.135161179937624 0.226221437584282 0.232799042798616 0.217720074978861 0.220675599850498 0.167754403540737 0.176048620736076 0.10796614682334 0.0123456207590689 0.0129845769608863 -0.0169462810553543 -9999 0.082327232912497 0.0966562024443017 0.0165520129090522 0.0883573195789055 0.0448982140588944 -0.00558749828467358 0.0113011559814366 -0.0120486780338068 -0.0671271372785934 -9999 0.0792910204907905 0.0284557911393442 -9999 -9999 -9999 -9999 -9999 -9999 -9999 -9999 -9999 -9999 -9999 -9999 -9999 -9999 -9999 -9999 -9999 -9999 -9999
-9999 0.159714551041792 -9999 -9999 0.224349260997516 0.254106942288757 0.198130055270676 0.200559622910957 0.218781042157023 0.218290804371614 0.244115891806842 0.212021975516974 0.179849098575686 0.164050411101493 0.077633744500478 0.0954648364070186 0.0120893957047583 0.0463045216559993 0.075163019224141 0.107555039609065 0.0260416630442717 0.129083125747201 0.0617837857801012 0.0203409911514656 0.00900356413689878 0.0306865885518341 0.0419042368575604 0.0296193903161779 0.054760366035413 -0.0123780913387826 -0.0536875799442802 -9999 -9999 -9999 -9999 -9999 -9999 -9999 -9999 -9999 -9999 -9999 -9999 -9999 -9999 -9999 -9999 -9999 -9999
0.19685365084511 0.154559334549723 0.174354757555616 -9999 0.264283526127324 0.221358676037042 0.152350112183828 0.18528233765841 0.227442037862629 0.275515080997791 0.203404963272174 0.182942653663837 0.156718488668037 0.249939613521958 0.100975755621648 0.111507795099204 0.0721797176454446 0.0256984591064434 0.0365520193905745 0.13577556089949 0.0442207647360472 0.0384593812933983 0.0103020682347376 -0.0140494540149718 -0.0283342370463397 0.00519271096588374 0.0016334098459437 -9999 0.0448721206332443 0.0112129675458003 0.00514628889309917 -9999 -9999 -9999 -9999 -9999 -9999 -9999 -9999 -9999 -9999 -9999 -9999 -9999 -9999 -9999 -9999 -9999 -9999
0.15469102876062 0.175645473178968 0.140270533957477 0.14772476543411 0.278100874160426 0.36497073904912 0.287098245601357 0.182548562982326 0.121941162994087 0.165071446568514 0.128569520210674 0.158581537892092 0.122822796936042 0.125630267044505 0.0925747109742696 0.0897513509146563 0.041208491021616 0.00960220198382199 0.0261392494906686 0.0426426787172004 0.0873656589439116 -0.0130285875029599 0.0214494604819777 0.0535410524252829 -0.0402140956099719 -0.00510329637340276 -0.0154627894266851 -9999 0.0505789723426638 0.0301055118733879 -0.038447412669468 0.061174577117092 -9999 -9999 -9999 -9999 -9999 -9999 -9999 -9999 -9999 -9999 -9999 -9999 -9999 -9999 -9999 -9999 -9999
0.18712187118038 0.126418317032862 0.078925689747198 0.204577555950848 0.329958950461128 0.23606939087283 0.284629931294007 0.211733803467433 0.146662011087021 0.0817380178777658 0.0786683767096744 0.0740224771700378 0.00798045392480214 0.0216261757265239 0.0512682296295592 0.0459266185564899 0.0282631314415776 0.0586951532875856 0.0816949054958531 0.0633957399764328 0.045393180078326 -0.148404581487998 -0.00679036376233736 -9999 -9999 0.0200776002939304 -0.0005991993646511 -9999 -9999 -9999 -0.055345047786024 -0.0741987630669974 -9999 -9999 -9999 -9999 -9999 -9999 -9999 -9999 -9999 -9999 -9999 -9999 -9999 -9999 -9999 -9999 -9999
0.303937560759049 -9999 0.395915542092407 0.310867784559737 0.273937662531951 0.293468525433319 0.258972356691409 0.236200965019808 0.12912471465216 0.0861616515251268 0.0528954677108719 0.0122251597285459 0.0468775441816179 0.0139216511230809 0.000960383118613717 0.0173663452630083 0.0658142268913084 0.0780754968611783 0.0687563017602697 0.0676631085278931 -0.0141323424826721 -0.00368330197524486 -0.176452025582946 -0.274200109127464 -9999 0.0409288382345946 -0.013834976853217 -0.00982071357590952 -0.102568734936014 -0.0683824111290759 -0.0736340106257771 -0.0989812599469333 0.12189021571312 0.121144564166757 -9999 -9999 -9999 -9999 -9999 -9999 -9999 -9999 -9999 -9999 -9999 -9999 -9999 -9999 -9999
0.343612732946823 0.292466106147476 0.316721987448127 0.307565555527092 0.337649620115217 0.349468522807934 0.275387734020029 0.176963342171998 0.121620157330806 0.0657125781387542 0.00452523990304956 -0.00616246431142878 0.0490566798135962 0.0253081269239148 -0.0238508036548472 -0.00950014846230514 0.0707848915844772 -9999 0.0708521033642194 -0.0211221968096613 -0.171557666859879 -0.289780852295967 -0.249865021024445 -0.161515297781545 -9999 0.136964883579331 0.00281795180745608 -0.0146232545682095 -0.0941455527188245 -0.101543716915093 -0.120741239373618 -0.0605321071444393 0.0457060550258389 0.0253942076816365 -9999 -9999 -9999 -9999 -9999 -9999 -9999 -9999 -9999 -9999 -9999 -9999 -9999 -9999 -9999
0.285225024310305 0.298780152182401 0.349543609739632 0.367132211518335 0.358539956606404 0.35585615354138 0.279814121422171 0.220938404471075 0.149645910230218 0.109883314529129 0.0618459207285583 0.0354914218240991 0.035995515015311 0.0317613354456123 -0.0144081150119193 -0.0548633354298821 -0.0489232187786394 -0.0775684527310547 -0.0723910927383276 -0.222113843543508 -0.185929973509901 -0.304238423063853 -0.274762400580941 -0.147994098967822 -0.116195527448779 -0.0220003689928149 0.0332413630558211 0.045704238462721 -0.0568608871227349 -0.0908842631510731 -0.0967565205908532 -0.0710841749652728 0.0523101596610395 0.0609180222836969 0.0792035719546782 -9999 -9999 -9999 -9999 -9999 -9999 -9999 -9999 -9999 -9999 -9999 -9999 -9999 -9999
0.339590030521234 0.372813510526956 0.376162694528119 0.386434259452743 0.456321013101138 0.197428753608058 0.14422100264449 -9999 -9999 0.136431927574262 0.0981923428909994 0.0572384954362706 0.0440433817066534 0.0198360458547749 -0.0463032298667814 -0.123688816645752 -0.0974892792739106 -0.0654194627456602 -0.0705682359191661 -0.201068392634849 -0.218931440370928 -0.228191336963948 -0.259649093482914 -0.119073014517325 -0.0654230235843528 -0.0276104260266454 -0.000931960759121197 -0.0300496797823515 -0.149733710621891 -0.159630718740915 -9999 0.0336425113407687 0.0537878509266806 0.100499766585138 0.0934567076532004 -9999 -9999 -9999 -9999 -9999 -9999 -9999 -9999 -9999 -9999 -9999 -9999 -9999 -9999
0.346316344247633 0.456722755563493 0.413992278874093 0.360307999713219 0.366083751909225 0.152786261191635 0.143748142867759 0.445961510961149 0.109737863584288 0.123441465006111 0.0919362031568172 0.0370895033212085 -9999 0.0315910192797538 -0.101765829138607 -0.113769869359939 -0.0742861926732187 -0.0432851443314139 -0.124349783193694 -0.188537317823223 -0.198263936553141 -0.22917175422051 -0.202946490810881 -0.187288757156716 -0.107057374958695 -0.0738931963849911 -0.0334458445836333 -0.103530815230235 -0.146005580789524 -0.196968544446415 0.0690492504898804 -9999 0.147129643524708 0.0573159810282596 -0.0335059729981347 -9999 -9999 -9999 -9999 -9999 -9999 -9999 -9999 -9999 -9999 -9999 -9999 -9999 -9999
0.326758536558329 -9999 0.429418401131673 -9999 -9999 0.194305385887833 0.176081664540163 0.121043888703831 -0.00731081338052408 -9999 -0.107121757278777 0.00688148279373511 -0.0237365506765438 -0.173207032073498 -0.120330517975025 -0.0621807130951265 -0.0847851769422252 -0.131928454636088 -0.1922646673016 -0.241617455245675 -0.187350790853358 -0.224360014424735 -0.206727319443003 -0.194390610441554 -0.282467672353171 -0.140869234266682 -0.081042390722469 -0.111697881201716 -0.162905443229798 -0.176570612288018 -0.21062238015536 -0.13020437967336 0.137784799222121 0.0308819623956497 -0.0220320413606317 0.0840749919267427 -9999 -9999 -9999 -9999 -9999 -9999 -9999 -9999 -9999 -9999 -9999 -9999 -9999
-9999 0.413467038431841 -9999 -9999 0.292608172443937 0.289651163989582 0.157931065889716 0.164156767379719 -0.0182842552835778 0.00379021023964031 -0.0423640299777995 -0.106164963678386 -0.11670606216503 -0.172668299289336 -0.140549203567877 -9999 -0.0984592816142519 -0.193683613360095 -0.226381764364255 -0.241403068393 -0.180408686112044 -0.231045002139479 -0.168551077411386 -0.172714785088955 -0.225459716548328 -0.182398006819442 -0.138822259951865 -0.12232787791124 -0.182557236769354 -0.188865237805512 -0.262754890398737 -0.160177146261371 0.110249406785601 0.0466703499990021 0.0853921146906689 0.143697572954688 -9999 -9999 -9999 -9999 -9999 -9999 -9999 -9999 -9999 -9999 -9999 -9999 -9999
0.225324755083739 0.208523013079201 -9999 -9999 0.408950641029942 0.32529971874398 0.115296199995808 0.111872266062576 0.0377431316863883 -0.0180644593756941 -0.0306885800826609 -0.127193908102835 -0.105927237635754 -0.176220541216094 -0.161107926738854 -0.16496923798137 -0.191613578881056 -0.211229726552346 -0.237116574292674 -0.235108273777029 -0.240529667495354 -0.248954206280191 -0.168967057717763 -0.10321907145436 -0.241994463265747 -0.261823588547387 -0.284039961618988 -0.139331357335763 -0.178136964462909 -0.191576795034223 -0.219651803249774 0.0610269766867215 0.0976496453886511 0.0189487692083762 0.143200856028091 0.129254272658812 0.163467953199618 -9999 -9999 -9999 -9999 -9999 -9999 -9999 -9999 -9999 -9999 -9999 -9999
0.194858508078216 0.252660462324109 0.295318160674445 0.341081587272093 0.439656667226199 0.170929222934689 0.122026127927926 0.0279252601755582 0.187136955988287 -0.0023074925082021 -0.0534964956279579 -0.081703576385696 -0.115094961727856 -0.166235666091434 -0.161654752807482 -0.20661292588398 -0.200810937151325 -0.239201661207044 -0.223296767056764 -0.252335725256876 -0.278614943597756 -0.291919672412671 -0.307703164310219 -0.262994653399479 -0.209885256916054 -0.256925003259735 -0.361495805041213 -0.346933108932833 -0.14448381135318 -0.157356593055058 -0.0824897040622914 -0.0358783429905223 0.00932720638769688 0.00796521935984632 0.10826732879853 0.123921653003639 0.14352427659028 -9999 -9999 -9999 -9999 -9999 -9999 -9999 -9999 -9999 -9999 -9999 -9999
0.246321451355389 0.391242133359308 0.118754409833431 0.186766162515301 0.177271766115705 0.177657181946764 0.111803195008584 0.0734577721131237 0.0468959539098354 0.0190611852163155 -0.0728834185025943 -9999 -0.120205995688452 -0.153372922949451 -0.175160465718187 -0.216362647642873 -0.272424897935288 -0.295730511364587 -0.182941128164078 -0.286309248209292 -0.383844409408181 -0.28177863416497 -0.345060980828545 -0.289760607285475 -0.074486078985835 -0.399466577774638 -0.2963746737278 -0.142379870384677 -0.0635499518424179 -0.0714181073303114 -0.121983740341579 -0.112819694626982 -0.0804481466413655 0.00155529908023564 0.0415485221636814 0.111896077080034 0.123130634700063 0.140144623207133 -9999 -9999 -9999 -9999 -9999 -9999 -9999 -9999 -9999 -9999 -9999
0.274181911643816 0.300576506095489 0.168304852584583 0.159896668926787 0.177909454510223 0.1124260187056 0.129191909702334 0.117289414185977 0.05896742005661 0.0109166440152746 -0.273289963850775 -0.312808881956031 -0.290996435077487 -0.233415478982622 -0.185176256111283 -0.367700640463387 -0.385243316314605 -0.331415583547798 -0.278122082515827 -0.315533222280067 -0.279257142298378 -0.338868449206617 -0.322329775476791 -9999 -0.199176596356752 -0.376999073245839 -0.339025324377595 -0.141903038076167 -0.0646908389502247 -0.0943991801946466 -0.139447185850221 -0.154723512498263 -0.121458786105655 -0.0264145399973397 0.0591329484115454 0.106466729290329 0.120803068122856 0.0991555216674932 -9999 -9999 -9999 -9999 -9999 -9999 -9999 -9999 -9999 -9999 -9999
0.187316161058318 0.21419595985764 0.315567697051608 0.310753200564152 0.21376300733083 0.223340672347966 0.136609254770961 0.170703359827448 0.0693413780097686 -0.00875690275454106 -0.28900982067245 -0.300391840560428 -0.275275376971333 -0.255423738930406 -9999 -0.292535224759251 -0.428098366008162 -0.333650987360739 -0.306721259285059 -0.303670579113399 -0.322156920666446 -0.263754241401976 -0.269190925071415 -0.264112073618782 -0.244801507486242 -0.34041699261889 -0.287277166831392 -0.207406802265268 -0.102935195643032 -0.109950526189223 -0.115742326745298 -0.134066571226529 -0.221142967172776 -0.173360986612342 -0.0189052355401304 0.0958580758893617 0.0738899067672351 0.0993838925790707 0.153269132585106 -9999 -9999 -9999 -9999 -9999 -9999 -9999 -9999 -9999 -9999
0.212088741492738 0.331523616562585 0.227013185773054 0.243570585208165 0.215590031393076 0.260419225968276 0.175400542405958 0.154400928036522 -0.00730460184247351 -0.0870704889254431 -0.138313840854703 -0.22332824438723 -0.221714920002732 -0.291629727044274 -9999 0.0310886014473609 -0.263600368285774 -0.337015533775869 -0.296271133139089 -0.256961854942815 -0.14786809618362 -0.233583638200287 -0.292025066119114 -0.250724135616782 -0.246215972996543 -0.284566295921076 -0.161963385639096 -0.199301923029983 -0.185027049965584 -0.148882750648759 -0.13416168069705 -0.120397327639729 -0.104093410261687 -0.0954986272193638 -9999 0.0886396952426548 0.133039008605052 0.173968656120612 0.189352802956072 -9999 -9999 -9999 -9999 -9999 -9999 -9999 -9999 -9999 -9999
0.240138268698987 0.199425107518903 0.237815331055891 0.198041342062495 0.165122146407435 0.122320854108893 0.0937843852151094 0.252668725771773 0.0494283521914878 0.0175121488669736 -9999 -0.20626369317237 -0.291816865926693 -0.395108222331691 -0.393567097044663 -0.174111335959333 -0.199729858078064 -0.300987292081856 -0.341812941571293 -0.315411860567971 -0.238520288537794 -0.245044707756014 -0.232670556147295 -0.218202371775167 -0.253209091690492 -0.180650732412216 -0.188077925894811 -0.234459543639087 -0.239038233759559 -0.232038646728366 -0.138493153187386 -0.0600180740835712 -0.0340555156772368 -9999 -9999 0.101766425024813 0.0931279404660082 0.137984563033514 -9999 -9999 -9999 -9999 -9999 -9999 -9999 -9999 -9999 -9999 -9999
0.203406397253814 0.206123027549731 0.275222750525381 0.219219425916516 0.192216804844235 0.113326030707682 0.100237650054716 0.0877859345796028 0.112492785428734 0.174729319258328 -9999 -0.145755673302155 -0.392677057440533 -0.424697150794084 -0.389420255381297 -0.276438447810966 -0.189644236744588 -0.229891320802905 -0.309193826911068 -0.388430413340968 -0.283013150780405 -0.242495423662409 -0.228339785784533 -0.175524117030299 -0.217561649068893 -0.204595765837818 -0.209660125527705 -0.246664119567034 -0.246048676556662 -0.0508958169312015 -0.0939017102736734 -0.0966155318586749 0.00261210306713832 0.0138221834072682 0.0352786259443968 0.0153827317101268 0.156418919857498 0.161576886740508 0.160632158537348 -9999 -9999 -9999 -9999 -9999 -9999 -9999 -9999 -9999 -9999
0.163930429955237 0.16419524059369 0.289248894364942 0.299643048190588 0.202004414082869 0.143003691817359 0.0787576620839224 0.077342598847216 0.0597330504311695 -9999 -9999 -0.153727288113909 -0.241716339867764 -0.38805069805666 -0.218891180511288 -0.191512457136488 -0.171423245772557 -0.132546375662487 -0.224063871452229 -0.40719498112661 -0.305204866187828 -0.28980883171574 -0.256747750343177 -0.192522045168582 -0.21184411044396 -0.284777710476121 -0.303349623289876 -0.27846033784998 -0.316706296049496 -0.0702229100401974 -0.105671482029272 -0.0860640854568497 0.0289912182273159 0.0374960446585965 0.0563219708370371 0.0482225229143287 0.134362492856535 0.200494124189068 0.130823108666531 0.146118187331281 -9999 -9999 -9999 -9999 -9999 -9999 -9999 -9999 -9999
