data/rasters/s10.27.09.li.5_xyz_08_.asc
NCOLS 100 
NROWS 100 
XLLCORNER -4 
YLLCORNER -4 
CELLSIZE 0.08 
NODATA_value -9999 
[rows 42 to 62 of 100, columns 0 to 47 of 100]
-9999 -9999 -9999 -9999 -9999 -9999 -9999 -9999 -9999 -9999 -9999 -9999 0.159378649422947 0.205294905611819 0.211026915131652 0.197699191413565 0.0898373662045562 0.0228224051491706 -0.0425944597702164 -0.074968711355837 -0.159779250297618 -0.144439307730291 -0.163823233088221 -0.172521984418184 -0.194018561411644 -0.00434236477560159 0.0323973832048813 0.0243075938100528 0.0205841173995066 -0.00857543839833894 0.0177345594968201 -0.0353942268439291 -0.0647709477780574 -0.0648085354680456 -0.124394962058231 -0.14586255393682 -0.143867689943966 -0.198500527349408 -0.0537282310793294 -0.00123884676906659 -0.114982164169496 -0.0590587780678477 0.013236609931984 -0.0703343860617999 -0.0507962021579739 0.0173236190866957 -0.0376911798902585 -0.112907398895607
-9999 -9999 -9999 -9999 -9999 -9999 -9999 -9999 -9999 -9999 -9999 0.122451230256817 0.229531031634088 0.173983572681466 0.086948462158249 0.085699346880588 0.0520404096681956 0.0750320272186254 -0.0434941787003405 -0.0863313268871846 -0.168822006202123 -0.183039412109725 -0.162571573736633 -0.196471789150777 0.156744401382697 -0.0626657119243201 0.0798245089092564 0.0923296597635636 0.0535422636606056 0.00544165328910049 -0.0918032529893203 -0.12414534992603 -0.0795031420283457 -0.0773086894753095 -0.146824037867243 -0.116018646805923 -0.138595753862783 -0.172243026667942 -0.24355181724364 -0.245608999374104 -0.152050823781057 -0.0492812032781752 -0.125882457562638 -0.044494765344631 0.0442121843784018 0.0191370900888782 -0.0502498243515768 0.000316838445459738
-9999 -9999 -9999 -9999 -9999 -9999 -9999 -9999 -9999 -9999 -9999 0.114771110182397 0.187446054822995 0.185199891831982 0.0775494537265437 0.0198449289414112 0.0481173962601908 0.00737945000748395 -0.0773851953548074 -0.121890616671602 -0.159834337721378 -0.165241739120852 -0.137082763874119 -0.163940925427501 0.161538606244076 0.158296508717946 0.119489199956413 0.14469340952657 0.0871272403056041 0.00360464607523359 -0.100483716838009 -0.145607286218048 -0.106548633904637 -0.118703523492616 -0.0313126203950656 -0.0252047518084632 -0.177310567913936 -0.178741722065918 -0.131038035274424 -0.274522274115861 -0.182269751018194 -0.0988556852814179 -0.114630672932887 -0.0514455947447923 -0.0159603565941384 0.0179978094866755 -0.044677418118942 -0.091629463539576
-9999 -9999 -9999 -9999 -9999 -9999 -9999 -9999 -9999 -9999 -9999 0.197747062632801 0.19584832012948 0.111248929395621 0.0211637492549943 -0.0315830199132239 0.0384760549506541 -0.00343025123994167 -0.0306509220705103 -0.0995716601908757 -0.128651185668412 -0.188254573530598 -0.0424437969662939 -0.051271111369763 -0.061072538253726 -9999 0.138579414136614 0.162066885393201 0.133984215590326 0.0437791329116594 -0.00855819240029822 -0.0289415063060373 -0.0271233369934543 -0.0932430965879654 -0.0145430462290681 -0.0575301493088122 -0.144987315321634 -0.174954848012149 -0.169138696139529 -9999 0.00290403052792175 0.0256741733515762 -0.0699374371547824 -0.0867853295657289 -0.0701196726091275 -0.0614567686789494 -0.109315861025942 -0.0627990382374935
-9999 -9999 -9999 -9999 -9999 -9999 -9999 -9999 -9999 -9999 -9999 0.215612040907487 0.156374759521323 0.0420280233227687 -0.02481063113122 -0.0402253727830533 -0.054023967435552 -0.0186522333925223 0.00384334436342253 -0.110282373982262 -0.105926242717943 -0.0864535646281184 0.017212660055184 0.0492936750053117 -0.0283840163186798 0.0696857319560574 0.198840760150781 0.28633107500275 0.349812505049917 0.0847655940593808 0.127470907734604 0.132363915774581 0.077073470422993 -0.0390364000559849 -0.0660955420570178 -0.0779773687298541 -0.142428851346759 -0.158522791331075 -0.180736205521071 -0.457742611526302 0.055525571228258 -0.0250721746170913 -0.0121738816121427 -0.0675354560757088 -0.00118873462394898 -0.0270358455852333 -0.0803456649466352 -0.0198038930591525
-9999 -9999 -9999 -9999 -9999 -9999 -9999 -9999 -9999 -9999 -9999 0.11700724626476 0.0530015114930304 -1.04322892901571e-05 0.196576281546737 0.184501363960976 0.119755935475576 0.15038767384303 -0.00260057875956127 -0.105267788679425 0.0149188775246506 0.071454101538218 0.104200896760884 -0.0461582795724376 -0.0349790830345731 0.0308808248680727 0.119040937943358 0.237459891037642 0.167981522337977 0.178853672949339 0.077946077302539 0.0986049327846411 0.0577177194923392 0.00419558385450088 -0.0825269205520947 -0.0637809410936755 -0.0404568184929297 -0.163736647237603 -0.227852767143264 -0.403748723345138 0.0121784530497058 -0.0472559684817317 -0.135509358713097 -0.0533674600199538 0.0319979477591762 -0.0570116578491089 -0.0386709583907351 -0.121105399427353
-9999 -9999 -9999 -9999 -9999 -9999 -9999 -9999 -9999 -9999 -9999 -0.0192887107675366 -0.0521004306368764 -0.0987451434145821 0.0101165926138233 0.204259403325472 0.204075629893603 0.264390014696267 0.122717902919608 -0.0381598997138853 0.0523756901458681 0.109216701038894 0.0724384669727105 -0.10486584709041 -0.12511548349718 -0.138101604430528 0.0511771549457895 0.126127397409479 0.188632980898934 0.085434225245108 -0.00416830721964092 -0.0188109479856197 0.0450917244229467 -9999 -0.0881168792629094 -0.0479355188465452 -0.0293657190885582 -0.122577529760098 -0.106151967168567 -0.272845348955042 -0.253392066436733 -0.2517380701527 -0.222099260771596 -0.358004467667924 0.033090692693289 -0.045552826085082 -0.117900798629873 -0.192121835458206
-9999 -9999 -9999 -9999 -9999 -9999 -9999 -9999 -9999 -9999 -9999 -0.0654612844111107 -0.0912508906391537 -0.090577397854451 0.057094570733642 0.107283454434185 0.107560554118397 0.126884783486536 0.0813867345209929 -0.00764759948584411 0.0186741396514351 0.0555708866653723 0.00833694975569197 -0.0983283388269081 -0.152292331190179 -0.26639846889077 -9999 0.00891814990669439 0.0443085063459993 0.0427752691584097 -0.0536019199709216 -0.101270322241689 -9999 -9999 -0.142809545494667 -0.141143390278377 -0.0660008866260504 -0.12501939532487 -0.137428414577586 -0.25290170112403 -0.267312930504903 -0.235502211853145 -0.239761129170048 -0.258007782123568 0.00337718667123341 -9999 -0.162459167956142 -0.163546816685811
-9999 -9999 -9999 -9999 -9999 -9999 -9999 -9999 -9999 -9999 -9999 -0.0799149383393172 -0.0928613072143067 -0.0947360522529813 0.0760757675023294 0.143934322982907 0.102766278815219 0.0497422718347517 0.0207646721839491 -0.0225613317361302 -0.0783578654043819 -0.0162433215636557 -0.004123376219524 -0.0786831417907427 -0.0708776342086852 -0.0229060373377715 0.0049198217784972 -0.0032415065673572 0.0451201192913102 -0.0018047924955388 -0.0794312437630798 -0.115494309361462 -9999 -0.188562116790268 -0.160312736285319 -0.183175109149006 -0.105254975140633 -0.0876745935724436 -0.177353247168518 -0.276911417172819 -0.277583459521366 -0.24306015488994 -0.190588178432623 -0.219756021296459 -0.262597573407686 -0.238475169345454 -0.218182764459548 -0.160409662702801
-9999 -9999 -9999 -9999 -9999 -9999 -9999 -9999 -9999 -9999 -9999 0.0340736329648307 0.0139191931605522 0.0882728552257519 0.176489712123095 0.133590319133225 0.108405161390376 0.0527941207559471 0.000276329402041463 -0.0558694037574837 -0.057049431049734 -0.086211156612306 -0.082163720082656 -0.0861514626134407 -0.0813708700896697 -0.0562731480377745 -0.120582890130818 0.00969130839447036 0.0290231521163904 -0.0990632197645539 -0.0772659795903823 -0.129851815971887 -0.230634660685522 -0.121175826998732 -0.17488234819752 -0.147824030759496 -0.166693782757041 -0.151380304774809 -0.230632248845961 -0.362947655659948 -0.278619796674263 -0.245217924104723 -0.261001285409144 -0.308516378497954 -0.28837293374028 -0.283885623031387 -0.231872806553056 -0.18527169348386
-9999 -9999 -9999 -9999 -9999 -9999 -9999 -9999 -9999 -9999 -9999 -0.0365735175049919 0.00547405273334943 0.225242222430503 0.198259235356116 0.167739494228282 0.179620390514145 0.112865439452644 -0.0224929123348316 -0.0469250307819674 -0.0283935883465693 -0.119356632400655 -0.124201068802044 -0.118720085559122 -0.0845493895444406 -0.0973118848695272 -0.155454796608925 0.051128291956944 0.00254898089722338 -9999 0.082395035705725 -0.0549675528356675 -0.132033425108987 -0.154091790317256 -0.157593015621192 -0.145985161912262 -0.207405825349932 -0.236525981638947 -0.255163048062453 -0.285801256225372 -0.263866556984684 -0.313098815129844 -0.32445425883803 -0.277868637582735 -0.380101029457903 -0.356513137502482 -0.314768027354377 -0.292755601376448
-9999 -9999 -9999 -9999 -9999 -9999 -9999 -9999 -9999 -9999 -9999 -0.0666026044601456 -0.0394083702754502 0.156598437309243 0.159341941173954 0.198595543989665 0.187363567778193 0.144223300062564 -0.00508847784928236 -0.0978825224177062 -0.111056571035268 -0.133767212038064 -0.140564163485156 -0.13153072441744 -0.0952387340867607 -0.105958435557956 -0.117440265524862 -0.113900669439427 -0.0295105095657818 0.0718524784429424 -0.0076661413106674 -0.0164791219931979 -0.0243164320471339 -0.134327709496839 -0.21434603471413 -0.19273835529985 -0.272112943053742 -0.225444051970497 -0.287833298230029 -0.285579524462376 -0.293925284873864 -0.320590873658028 -0.374636697597511 -0.342359701627288 -0.34578344965333 -0.364045801602126 -0.323131311519907 -0.365606658141389
-9999 -9999 -9999 -9999 -9999 -9999 -9999 -9999 -9999 -9999 -9999 -0.00403072136141415 -0.0900969771997352 0.0142091193090871 0.120243924722751 0.126999263844945 0.138587515674186 0.104713905207364 0.00251010202836892 -0.120000961549558 -0.193456049247735 -0.197297280766522 -0.100480719789103 -0.124601489212849 -0.113375532525991 -0.133618657235729 -0.147934327264295 -0.140461782803314 -0.0474009879755246 0.0346546317685284 0.0766378092921216 0.048502493224638 -0.0404068965655769 -0.116061437396591 -9999 -0.219360820170618 -0.283821466092309 -0.323740780833713 -0.286506326839176 -0.244479693871297 -0.235762081022228 -0.237458582329216 -0.369658901968947 -0.280667565715516 -0.313726195056064 -0.226416768080304 -0.217659054699493 -0.370068210280746
-9999 -9999 -9999 -9999 -9999 -9999 -9999 -9999 -9999 -9999 -9999 0.0701296760510926 -0.0364675502987238 0.0223386912781356 0.170245978370197 0.142427052454207 0.150237811680455 0.187647700789215 0.0904070324754739 -0.0660438767432821 -0.119939480361531 -0.151151517114172 -0.0888363068742875 -0.0493789857779976 -0.065653643426442 -0.0994916572370351 -0.14517858218657 -0.0899749424615275 -0.104795697995182 -0.00745762703299429 0.0144586697252522 0.0132622445105343 -0.0370044880558416 -0.137839910035188 -0.145627402945976 -0.189321409057552 -0.148028469562803 -0.236159777508567 -0.207390934464293 -0.216585399816131 -0.265710740433774 -0.26472840290114 -0.231051380397444 -0.301273812839575 -0.255574126519036 -0.142210296700724 -0.188301824386835 -0.154812968662602
-9999 -9999 -9999 -9999 -9999 -9999 -9999 -9999 -9999 -9999 -9999 0.0732224807169842 0.0139399019322675 0.153129428361798 0.18318239875383 0.132545934361903 0.116726587449416 0.15562120889588 0.163721401797215 0.0533790296670326 -0.0122909623223103 -0.0510317482237987 0.0476922787490095 0.0142872266503009 -0.0249729713255831 -0.0890499935339022 -0.161990167949499 -0.135291624995416 -0.105713517978631 -0.0428592512439582 0.0240768099187377 0.00897819807036757 -0.0488949916947126 -0.0636115660452426 -0.0696563567982185 -0.113183889720415 -0.0854054898054516 -0.116949591389901 -0.216654403335789 -0.226941479353692 -0.233273870007628 -0.214411826053782 -0.250953584958243 -0.195454134063981 -0.177692088778613 -0.0675945009659443 -0.0907426211915445 -0.0981004126713706
-9999 -9999 -9999 -9999 -9999 -9999 -9999 -9999 -9999 -9999 -9999 -9999 0.0832586623138362 0.12591680889067 0.150713424659933 0.118183056522549 0.0738301258982041 0.152287035839257 0.155738348326659 0.0782890928443635 0.0329722496683943 0.00674312697686291 0.03753848008696 0.0161023214140518 -0.00843622434584811 -0.0994613597703309 -0.0797856705677202 -0.135772074767473 -0.0531488854039849 -0.014297676847438 -0.0319536371798025 -0.072192207231714 -0.0239765214434622 -0.00351292091459506 -0.0236337385750329 -0.0819732233675281 -0.0520991627712005 -0.0776748239407971 -0.179126227708843 -0.166838761813691 -0.136443379029608 -0.188045307313761 -0.216284935933141 -0.192409287570122 -0.163247155260689 -0.0593997951712123 -0.037536222345262 -0.0683481344220951
-9999 -9999 -9999 -9999 -9999 -9999 -9999 -9999 -9999 -9999 -9999 -9999 0.0767367167701266 0.0983895530070732 0.160414818746961 0.122852677264363 0.124314802458927 0.167338531088695 0.1078971209646 0.0632688617402358 0.0868151475924639 0.0650990102149954 0.042188599875587 0.0701473464797558 0.0866593717425954 0.0480640638109283 -0.0474278251646389 -0.0737328661831015 -0.112432024742129 -0.125556935795129 -0.0624578913986562 -0.0512700449723598 0.00749476523134878 0.0810994763406879 0.0644907112354334 -0.0653076553004526 -0.0265401138552744 -0.08445756191959 -0.14504268800323 -0.229937672875892 -0.114430508500857 -0.159503969240703 -0.15829789856047 -0.0792350954514911 -0.0573338456964999 -0.0428854697720059 -0.0561219589952917 -0.074581941544739
-9999 -9999 -9999 -9999 -9999 -9999 -9999 -9999 -9999 -9999 -9999 -9999 0.107467968976219 0.102091859937783 0.183425361252911 0.137578362929489 0.107528802738271 0.139185461639178 0.0943475398543306 0.0934079909390282 0.110591466380166 0.214149821082146 0.156252513150549 0.0849700257466417 0.147724474076005 0.0305699607967732 0.0199860778814184 -0.0753650795483804 -0.138079410069183 -0.129516910615205 -9999 -0.141640085907395 -0.0967989567889724 -0.0788002579811726 -0.0253124856612637 0.0347708188922563 0.0111458456171658 -0.0262434052424248 -0.114100161520694 -0.105308682270142 -0.0643923555139658 -0.119788101149303 -0.115739748792723 -0.100256146296945 -0.0874861331300823 -0.0526625043182036 -0.0538311406297592 -0.0205698585618412
-9999 -9999 -9999 -9999 -9999 -9999 -9999 -9999 -9999 -9999 -9999 -9999 0.122038977363565 0.0676024319629618 0.113145237938767 0.130425075829928 0.0693820980575401 0.111712028507071 0.0696321461601675 0.0853847562291575 0.121117068781009 0.201950545494307 0.184064044717878 0.137466228002921 0.10121366818526 0.0734864871135828 0.039369154826606 -0.0130084537621439 -0.0530722906656109 -0.0905647306417745 -0.0593583228336912 -0.151674094557313 -0.144346066144043 -0.102643974592188 -0.0559333345982703 -0.0139469642341459 -0.00171581317403556 -0.0400747100473656 -0.0727594769483375 -0.0569513257149915 -0.0511501655233769 -0.141216794448781 -0.138771672116508 -0.119951328807203 -0.101865635966393 -0.0807318904836152 -0.0408163934171625 0.0398530745636991
-9999 -9999 -9999 -9999 -9999 -9999 -9999 -9999 -9999 -9999 -9999 -9999 -9999 0.0268657803264741 0.0556570272143547 0.0481082887010393 0.0626623952828475 0.116702438455718 0.112396996207067 0.054677123229874 0.0715414055484958 0.136714077238793 0.193977901788197 0.234719361154863 0.158508827157012 0.0957114888357129 0.109305992060466 0.0172975832891684 -0.0458874571272291 -0.0819260375076616 -0.0308393788108931 -0.12246127567788 -0.107106797704764 -0.066966739294842 -0.0439060426983955 -0.114114320869311 -0.0688220092275709 0.000105022913591822 -0.0810706263724855 -0.136261633588168 -0.0671233245230712 -0.102088705402729 -0.112704920205301 -0.112405832480568 -0.105866000659613 -0.083046910222373 -0.028240976733166 0.00847779255322179
-9999 -9999 -9999 -9999 -9999 -9999 -9999 -9999 -9999 -9999 -9999 -9999 -9999 0.0681915937149349 0.152631857306101 0.0964528598451933 0.0926397758028931 0.123238229126774 0.142652234919243 0.0691288234190385 0.148985726186395 0.202277078406908 0.232836611969677 0.24744738215629 0.175040878644484 0.144266264821734 0.037333853659358 0.0441628352935848 -0.0128794249011574 -0.0825829026881353 -0.0750773378807895 -0.085872300481032 -0.057849202209957 -0.0401457876467795 -0.0277950750878079 -0.0589350598345762 0.0222396347033737 0.0611442609287331 0.0171139100243098 -0.120525744336883 -0.0783191078364672 -0.10486120921572 -0.0796856471066709 -0.122315283239539 -0.133343010632726 -0.0632101804478837 0.0029391173259529 -0.00151517796968503
