data/rasters/s10.27.09.li.2_xyz_08_.asc
NCOLS 100 
NROWS 100 
XLLCORNER -4 
YLLCORNER -4 
CELLSIZE 0.08 
NODATA_value -9999 
[rows 44 to 65 of 100, columns 0 to 48 of 100]
-9999 -9999 -9999 -9999 -9999 -9999 -9999 -9999 -9999 -9999 -9999 -0.183791915512695 -0.174408087230479 -0.177718950289795 -0.0622919789520834 -0.0982107109830403 -0.0245353786681196 -0.0169917819734929 0.0388069221830269 0.0628899059993062 0.0454406900678334 0.0133443684133976 0.342253874931345 0.270478296298974 0.155117083251918 0.132523046338931 0.126048671797445 0.0700269341257903 0.0300363506941087 0.133762230160262 0.0807646213613608 0.100834831588337 0.0528454503905871 0.0249949213372652 -9999 0.0421719322337604 0.0506359989903572 0.0546037801540319 0.173684196649603 0.265975681633956 -9999 -9999 0.446770740648437 0.454615732639174 0.215622937845313 0.236498444838202 0.253337270299557 0.230057765214421 0.17385152463451
-9999 -9999 -9999 -9999 -9999 -9999 -9999 -9999 -9999 -9999 -9999 -0.19139502304375 -0.139096872276796 -0.121111283070335 -0.113945784455371 -0.055125033312094 -0.0380422322204677 0.0786957851386288 0.0754966460847272 0.0720180347977708 0.139750447603475 0.17566219958966 0.243878656256953 0.214931398067093 0.167796792907234 0.00474173349632427 0.0577849321929523 0.02981663448664 0.0339253476183093 0.0627432517998587 0.0833066551050202 0.0665620763967784 0.0275641603980931 -9999 -9999 -0.0159783736367555 -0.00856615734031211 0.0165795267150991 0.137608500493403 0.201088372082327 -9999 0.310017758958227 0.300577871029568 0.319596800391653 0.272106649433809 0.257504017145629 0.180706484876557 0.292848924283151 0.224745527467535
-9999 -9999 -9999 -9999 -9999 -9999 -9999 -9999 -9999 -9999 -9999 -0.253656633816432 -0.16755642102178 -0.0502807000970854 -0.11094576650289 -0.11791491902736 0.0556450291190853 0.0807875844736233 0.0803598563254386 0.084147916704327 0.153332237176793 0.144801492197507 0.145084634841371 0.121430365341225 -9999 0.226649298575725 -0.00568044126814542 0.0316145905654179 0.0625856914362774 0.0840306680231474 0.177734968318118 0.0545460108669179 0.192533866951493 -0.00375263086972054 -0.045939045110168 0.0613773017019687 0.130133722145537 0.114449093059567 0.158531568056351 -9999 -9999 -9999 0.288008931486195 0.302791476487588 0.319785143672857 0.22028204055745 0.215096307923613 0.309048994389552 0.258992338869917
-9999 -9999 -9999 -9999 -9999 -9999 -9999 -9999 -9999 -9999 -9999 -0.146322618517573 -0.113656109302088 -0.099186161046067 -0.00603591931056924 0.0315295178136348 0.122216721470657 0.0817213155404871 0.0464828894952198 0.0810182898894421 0.173893644233408 0.150385374663085 0.0917796385835391 0.0726863556861696 0.0816972895973384 0.429348305649373 0.154383796357466 0.0222081451227054 0.036283119379142 0.0416057281241536 0.100632585831552 0.133932348256579 0.176618610524755 0.0284174829254587 0.0411544271570199 -0.0124458887152047 0.148202256706886 0.196391084332176 0.19394194471016 0.179072917971196 0.215414932659214 -9999 0.260145086079465 -9999 0.325302373733922 -9999 0.251381881393901 0.252790611565567 0.256838492009094
-9999 -9999 -9999 -9999 -9999 -9999 -9999 -9999 -9999 -9999 -9999 -0.154446491744241 -0.0914718945617338 -0.0169534276558087 0.00631933851346945 0.0542618711081622 0.00433163988855731 -0.0167841485816448 0.0576588265298426 0.0867798421041289 0.161975375562282 0.13838214764817 0.0627619293135973 0.0577627970142085 0.0638699290241493 -9999 -0.088597258268766 -0.0640187925309452 -0.00867819361095447 0.0311076709724181 0.0912394616106883 -0.0487032260556248 -0.0388526422267446 -0.00718584878893715 -0.00365566934743816 0.0741255438268044 0.139443466513858 0.186746867149285 0.213227824560912 0.227868820894689 0.245952237895631 0.294255333244965 0.347766481591863 0.428049693869796 -9999 -9999 -9999 -9999 0.342893333763523
-9999 -9999 -9999 -9999 -9999 -9999 -9999 -9999 -9999 -9999 -9999 -0.101516261968235 -0.0575621299695635 0.033292900650108 0.0242608237146873 -0.0249449088696808 0.0319273587431657 0.0470138913855584 0.0618595012125972 0.0430110950515185 0.0640355044043134 0.0228986663670389 0.0237460418290447 0.016782730846378 -9999 -9999 -0.106837136640017 -0.0633529423069778 -0.0723745303127864 -0.0742969358580903 -0.0152095305645849 -0.013688914605798 -0.0284850388634018 -0.0445100430733828 0.00123972956589768 0.364813919160248 0.107015025656382 0.120406560238395 0.255650493161934 0.245943179136748 0.325466388555753 0.328118415044979 0.346694258560888 -9999 -9999 -9999 -9999 -9999 0.299931558941564
-9999 -9999 -9999 -9999 -9999 -9999 -9999 -9999 -9999 -9999 -9999 -0.0784083818478105 -0.0222725271054113 -9999 0.0825338746357833 -0.0415054653590776 -0.0306379820343045 0.016595843072071 0.142408689838303 -0.0199605660797259 -0.0545602071515599 -0.00803315615437081 -0.00841510737256411 0.00387974709018001 -0.033416190364304 -0.0540091902743206 -0.136226161474311 -0.0463610546404883 -0.107394571186774 -0.0723985948524622 -0.0569886737165818 -0.0373693460280129 -0.0137027767548631 0.0187865021912771 0.0541202723310969 0.162750717396337 0.132495903041966 0.140486585938234 0.3322027906102 0.288554439965269 0.310165914011649 0.48661358107651 0.393725577326106 -9999 -9999 0.261542966696719 0.362396002322394 -9999 0.427910813567993
-9999 -9999 -9999 -9999 -9999 -9999 -9999 -9999 -9999 -9999 -9999 0.0182086184796018 0.0236543953942513 0.14308978321172 -9999 -0.0658406691031873 -0.0249405109746604 -0.00428120871322846 -0.0861216903113125 -0.101545932734742 -0.112328635291218 -0.0999198349181209 -0.0304167831705646 0.0293534789668118 -0.0453290215413044 0.00235184012596483 -0.0907284532124769 -0.116931375959933 -0.1319497400237 -0.0787938664208827 -0.035040429245869 0.0184586222275892 0.0885341253364129 0.0592074150535098 0.0572921269441962 0.316507615654309 0.264725701456947 0.221534250064356 0.314588578687933 0.233939987470057 0.332801221023999 -9999 -9999 0.27995567260097 0.21607866761167 0.257388895440785 0.3936707811675 0.337438597359936 0.63066845036811
-9999 -9999 -9999 -9999 -9999 -9999 -9999 -9999 -9999 -9999 -9999 -0.0358093097396364 0.00462640501658339 0.108539437607762 0.046894173950582 -0.0140391393495158 -0.0318533711709344 -0.0564994255615468 -0.0877428252032215 -0.145101580753527 -0.126774513642866 -0.132328838050475 -0.0225833133405395 0.0135970163314261 0.00804214149996193 0.0555848392037106 -0.101504354105116 -0.12826399126847 -0.114971219105788 -0.00628634091096756 0.0106777018281528 0.0613994346816854 0.123889923218691 0.110375183163504 0.1335101740542 0.218399588084934 0.224444123011998 0.254204018297545 0.281438067941091 0.313909711754351 0.324855997968741 -9999 0.295731148283027 0.312818747043745 0.302474295732154 0.295124048436811 -9999 -9999 -9999
-9999 -9999 -9999 -9999 -9999 -9999 -9999 -9999 -9999 -9999 -9999 -0.0341248023757709 -0.0113294631251921 0.0514840721176827 0.0368690265891469 0.0458741175171009 0.00418626559324817 -0.0624433168088095 -0.12631357112276 -0.126212120611423 -0.148607079134623 -0.10526911813452 -0.0492020428300188 -0.0442832051452946 -0.197946505613664 -0.0762589173514049 -0.0857972916764242 -0.103131534343016 -0.116416185654854 0.0507082065771919 0.153380809403817 0.0939171036685861 0.143700687332874 0.158533341033211 0.142301950258512 0.215869771632436 0.217759690076941 0.280564425458657 0.365271782291959 -9999 -9999 0.338658136622901 0.260932815017099 0.307354667573346 0.298815513651048 0.299928634202168 -9999 -9999 -9999
-9999 -9999 -9999 -9999 -9999 -9999 -9999 -9999 -9999 -9999 -9999 -0.0407888109469096 0.0167778878659146 0.245779582428889 0.0255237223906687 0.0350776831369234 0.0938166210733876 0.0169864995811133 0.018225028190285 -0.109493697891365 -0.137196741231605 -0.09949712659522 -0.0793946828395249 -0.0661791945437759 -0.153264220251116 -0.249882654008003 -0.165550450786933 -0.052734207356819 -0.0640490430136973 0.0133266091367735 -0.0022334642933625 0.03910774845228 0.154912454025266 0.164799308416703 0.161443373469539 0.190103102329325 0.535720983286952 0.375209869422686 -9999 0.201832202712264 0.194544525111444 -9999 0.43270923124213 0.325714457434776 0.327915957766738 0.361728845050096 -9999 -9999 -9999
-9999 -9999 -9999 -9999 -9999 -9999 -9999 -9999 -9999 -9999 -9999 -0.0159110128171994 -0.000600724912628208 -0.099920841019967 0.00475874371631772 0.0223738270070369 0.0632269063455033 0.0405951056577372 -0.00635084898051968 -0.0843624822379913 -0.0688785018894505 -0.147763332523489 -0.129220213493462 -0.139158321522024 -0.173020953825846 -0.177925469384705 -0.0896894707143894 -0.0795589621673451 -0.00591197404928761 -0.0372972236436635 -0.0919732829815234 0.0477169244776287 0.21818102720242 0.180226910964847 0.21494962433877 0.206288330062537 0.194843641130781 0.245246083079349 -9999 0.263445794950632 0.267519808657903 0.571347896380719 0.479264852767932 0.347183605377893 0.537030786558531 -9999 -9999 0.237055954961936 0.19081380801008
-9999 -9999 -9999 -9999 -9999 -9999 -9999 -9999 -9999 -9999 -9999 0.0944265878783068 0.0570908561069242 -0.0317953302766398 -0.00659416532549097 -0.0101174451276784 0.0481885088008469 0.02926411736867 -0.117398451637458 -0.114564822032222 -0.0821270457261465 -0.114642133406597 -0.152974428487757 -0.210078967240305 -9999 -0.0178818372567355 -0.0528522642297194 -0.166978803558555 0.00998441902594854 0.0263185997597191 -0.0165831319481502 0.0753969239408491 0.218424385195227 0.25603243543884 0.229389032154843 0.484691178058495 0.228286720916331 0.207680736820902 0.115618475854822 -9999 0.268840395520252 0.243248520712775 0.0341179746606195 0.179384214827629 0.4389370850908 0.437660463031948 0.083683251157976 0.176980066615257 0.141935536982932
-9999 -9999 -9999 -9999 -9999 -9999 -9999 -9999 -9999 -9999 -9999 -9999 0.0211921408976458 -0.0167211820027061 0.0470612726461455 0.00727604500196453 -0.0153532657048411 0.121819498576592 0.00630383980118943 -0.197353489455305 -0.185846348457694 -0.141714183416844 -0.147971474038644 -0.145817816019887 -9999 -0.178766365046432 -0.157808313146085 -9999 -9999 0.13428967051048 0.0627049688290756 0.0797776933118905 0.186031730835711 0.197092195484931 -9999 0.3789971249081 0.318770428455955 0.18834397061819 0.206612581050631 -9999 0.224643105040974 0.133568191796308 0.10405687598652 0.0847176799200962 0.180564237626135 0.266189225311121 0.154972697432454 0.126301641377369 -9999
-9999 -9999 -9999 -9999 -9999 -9999 -9999 -9999 -9999 -9999 -9999 -9999 -0.0429524436993657 0.0276852380744657 0.00707688931205672 -0.00183177979616729 0.134122469165285 0.0603429092883044 0.0520973986371166 -0.213060381430123 -0.218967478899072 -0.0812515350841105 -0.116483954157457 -0.0624749884065175 -0.0688453641908299 -0.022078023797833 -0.161027510629395 -0.0925453383415278 0.0102874205335107 0.0535769788712477 0.0744526808547889 0.0172493212920586 0.11857845968318 0.18280463846238 0.209864127568419 -9999 0.304671202230669 0.294384559124714 -9999 0.200402444511243 0.245102194274069 0.311198687324472 0.133388243092475 0.138157725209864 0.214274960907879 0.192188995266573 0.187569913782611 0.191775001478014 0.280063556856606
-9999 -9999 -9999 -9999 -9999 -9999 -9999 -9999 -9999 -9999 -9999 -9999 -0.0533891685669931 0.138144765794763 0.0181961133796325 0.0167368496682845 0.0778006944349658 0.022933332539687 -0.0214330526250385 -9999 -0.101925344724619 -0.12068884121646 -0.084576694547964 -0.0557467336509301 -0.0638089408535593 -0.0295717963428318 -0.0029945994035639 0.0145793558808164 -0.0601568157254164 0.0471068661882495 -0.00721934376218817 0.0180632929846047 0.123878798263713 0.0922414275052443 0.0991168218776779 0.278764169592444 0.298865574920688 0.245835930732074 0.201032910451233 0.184526703275126 0.124351555398175 0.157551740739534 0.0783914906027903 0.0915947997582319 0.178453958416618 0.148705202869755 0.152477064859995 0.137268470274796 0.16662496293232
-9999 -9999 -9999 -9999 -9999 -9999 -9999 -9999 -9999 -9999 -9999 -9999 -0.0233090742913881 0.122380478112042 -0.0282427287691509 -0.0328051689637071 0.00797528329176189 0.0712709139860324 -0.0307724354795289 -0.0298342544918136 0.0145304071725518 -0.0797559767940969 0.0323088199266191 -0.066309320119593 0.00570208875699836 0.00963571851109201 0.0259916327019902 0.0262380975995462 -0.105433839795859 -9999 -9999 0.0329748250224489 0.0707438568930082 0.101958415514943 0.160835437922042 0.230415622128669 0.228347320091831 0.178525615062417 0.181981228262254 0.133538035266213 0.126515689036781 0.139959165478338 0.113924638676313 0.105783917035678 0.39912976168451 -9999 0.293353545243658 0.076824284036756 0.134894428054764
-9999 -9999 -9999 -9999 -9999 -9999 -9999 -9999 -9999 -9999 -9999 -9999 -9999 -0.0514965582644554 -0.0351294541180397 -0.0545801778015864 -0.0658907662022788 -0.0383615293939297 -0.0307967318135319 0.0409635763470425 0.0576224676154678 -0.0183135281293938 0.017589754024367 -9999 -9999 -9999 -0.12843522932012 -0.278813957781648 -9999 -9999 -9999 0.182203161983329 0.104673250637831 0.0899511803204878 0.225104080396767 0.201695714255524 0.208728037612992 0.162280381643776 0.155878102938282 0.190459167263309 -9999 0.226700929040065 0.277309879286643 -9999 -9999 -9999 0.15026529566313 0.0626481859260313 0.153309207477718
-9999 -9999 -9999 -9999 -9999 -9999 -9999 -9999 -9999 -9999 -9999 -9999 -9999 -0.150101295431127 -0.183308170592317 -0.0151140104850374 -0.0656452041184072 -0.131573543938982 -0.0544671990067145 -0.0246760257094361 0.0290967412572945 0.0336135304035942 0.0438872467369325 0.0248093768891939 -0.119111133527418 -0.145003226730152 -0.204533672932128 -0.24806421191654 -0.268668254802744 -0.147367632967838 -0.0893913258494293 -0.0279645041270109 0.0184199109371721 0.0144206978113964 0.00677738026556135 0.22518313939112 0.368823265209602 0.191981605756655 0.177517838304686 0.210765687509307 -9999 0.290206322486251 -9999 -9999 -9999 -9999 -9999 -9999 -9999
-9999 -9999 -9999 -9999 -9999 -9999 -9999 -9999 -9999 -9999 -9999 -9999 -9999 -0.21728418438914 -0.186599810815163 -0.0271483853083765 -0.0961620778319102 -0.128767502690803 -0.0871229640502603 -0.131616631913843 -0.0714226321164005 0.137127360509709 0.132935646365574 -0.1655015583489 -0.143239054498384 -0.155112373199762 -0.196990670894707 -0.208005085485371 -0.224905064113585 -0.238489387674121 -0.185452954406608 -0.0537721773770184 0.0260503831744549 0.0507451174163506 0.0379780215113773 0.180551847025473 0.395766573300518 0.136744485251936 0.0384840467178377 0.210342391302709 -9999 -9999 -9999 -9999 -9999 -9999 0.22079316629713 0.216108380183076 0.192309691134186
-9999 -9999 -9999 -9999 -9999 -9999 -9999 -9999 -9999 -9999 -9999 -9999 -9999 -9999 -9999 -9999 -0.0799586172838027 -0.0824127616705882 -0.0610419665468337 -0.0540259821820397 -0.0827071308236494 0.0119630250980463 -0.127226466655091 -0.144721925745602 -0.23993359882974 -0.136760339178977 -0.135693942974825 -0.149485005127754 -0.149292207967663 -0.213517650435006 -0.176459480783714 -0.124942564195771 0.0140203792757986 0.113116017851679 -0.063965848226538 -0.0319169666652809 -9999 -0.137129197980315 -0.0925996444393577 -0.0958486342501036 -0.0226028010666393 0.120993325989644 0.12584363024926 0.135381883179666 0.16867319771048 0.285507462154517 0.210594435257378 0.175184969841303 0.154294535280609
-9999 -9999 -9999 -9999 -9999 -9999 -9999 -9999 -9999 -9999 -9999 -9999 -9999 -9999 -9999 -9999 -0.016331015505975 0.00194126921288187 -0.0145213939428878 -0.0338103163930933 -0.0322600474611388 0.0228667330223173 -0.0359395280041606 -0.110207050700336 -0.163305597985544 -0.0601082427147451 -0.108013371246735 -0.207456536379091 -0.171412776865592 -0.221316200484442 -0.182966531154425 -0.130379767178872 -9999 -0.0347747250900063 -0.106537454686797 -0.148017866876031 -0.0841315035115577 -0.115064845381675 -0.0916079230093163 -0.0652698400593195 0.0273149255108654 0.14123519918888 0.154822709455557 0.139117354570308 0.20071475786546 -9999 -9999 0.112999741809791 0.165636905851552
