data/rasters/s10.27.09.li.2_xyz_08_.asc
NCOLS 100 
NROWS 100 
XLLCORNER -4 
YLLCORNER -4 
CELLSIZE 0.08 
NODATA_value -9999 
[rows 66 to 87 of 100, columns 49 to 97 of 100]
0.229019697040584 -9999 -9999 -9999 -9999 -9999 -9999 0.413306170140733 0.374705955329149 0.272905532702134 0.147743800308321 0.184093641270021 0.0975847276984784 0.0462792441207638 0.174868028359084 0.0522907823495168 0.0331837278558997 0.0838918526991417 0.0726348464577713 0.0540999148454817 -0.0365681557212667 0.00761639937536829 0.00588438268650133 -0.125251624978137 -0.114297640444487 -0.0617386659304995 -0.0242329381854317 0.0156757236076087 -0.106304212475728 -0.0821652236420796 -0.0860962400851789 -0.0504198541186732 -0.0921829156709448 0.00220678973181878 0.0709618444515022 0.0796564036501112 0.0786206978220192 -9999 -9999 -9999 -9999 -9999 -9999 -9999 -9999 -9999 -9999 -9999 -9999
0.105388907755829 0.111533374307305 -0.35403614942695 -0.421479289522437 -9999 -9999 0.359895135955988 0.327138336319713 0.234311240917856 0.236914073848649 0.212651913539894 -9999 -9999 0.0920253241079373 0.100243398756966 0.0526361857660217 0.0917890302262994 0.0862594996965179 -0.0129514193866622 -0.0250079653643478 -0.0792732000829496 -0.0546622951573505 -0.0329772577491861 -0.0533160121433135 -0.107264802758698 -0.125125301050208 -0.101428645172449 -0.0307192909360672 -0.0987800109858861 -0.0843845283281195 -0.0955644512752943 0.0311051336922573 0.0280885488780082 0.0132049630616068 0.0483607685034032 0.0431537856224242 -9999 -9999 -9999 -9999 -9999 -9999 -9999 -9999 -9999 -9999 -9999 -9999 -9999
0.130269279657341 0.0900576725373505 -0.217466745018372 -0.408918252686646 -0.342183760856889 0.475492864834924 0.313041466827148 0.292955839633093 0.239349725886099 0.230557899957993 0.267094147833214 0.0100401655484657 0.115513900745804 0.10979982514214 0.123218919472876 0.268704511651691 0.126114925009391 0.0511463895826718 0.0382654292388558 0.0218018494694544 -0.0767284883628447 -0.042634439528122 -0.0785722410279669 -0.0757439306748978 -0.0923403568914565 -0.176511733335348 -0.155146196116927 -0.121177560287628 -0.0660432535575965 -0.067281852619205 -0.0859327049435352 -9999 0.0156535381142923 0.00128735621746823 0.0108624229235564 0.0110952764297306 -9999 -9999 -9999 -9999 -9999 -9999 -9999 -9999 -9999 -9999 -9999 -9999 -9999
0.0888158644415524 -0.0128397294124026 -0.0314891728674053 -0.0291266584307561 -9999 0.422148411250898 0.367286531114313 0.308218718670275 0.319708091127345 0.252463344447005 0.194650183653636 0.191517538344227 0.213996499137603 0.188749361279161 0.161955482087779 -9999 0.0605460626085079 0.0412429039618969 -0.0593573010024328 -0.0313835718216551 -0.0752309635824372 -0.10084888945036 -0.0809506845258215 -0.0342535425145495 -0.0527243729218248 -0.134571430082455 -0.151110814992821 -0.13212947807771 -0.125794189428104 -0.0525933170682848 -0.0818058581802943 -9999 0.0148950130345678 -0.0364742274995128 -0.0593180476210081 -9999 -9999 -9999 -9999 -9999 -9999 -9999 -9999 -9999 -9999 -9999 -9999 -9999 -9999
0.129692587094418 0.0355637413702033 0.095401647500907 0.264869234066916 0.333608216399879 0.450375334377264 0.425804430060334 0.36744935656281 0.30469907225905 0.232082788508093 0.224598610461868 0.296231325178206 0.266279464490637 0.230564210259315 -9999 -9999 0.0375710422008458 0.0183341150040943 -0.0269881346838106 -0.0291108965229288 0.021582676668799 -0.117012367041466 -0.0671018075402893 -0.0687449242684627 -0.105151690258558 -0.132866263397207 -0.109513035162687 -0.0387550922953848 -0.0781404111435239 -0.124734062096362 -0.0676709428819768 -9999 -0.100433491915578 -0.045276247469479 -9999 -9999 -9999 -9999 -9999 -9999 -9999 -9999 -9999 -9999 -9999 -9999 -9999 -9999 -9999
0.0867606608987956 0.067994292283693 0.137214521278142 0.151028484129917 0.272827060245625 0.385607276270202 0.335173251171584 0.281665649810718 0.259205896896811 0.274065297741892 0.221452980536246 0.252341392286707 0.299813548228882 0.324902090235746 0.194919152450139 0.111228522794511 0.0686179842994918 0.0253574370641245 0.111679699240641 0.0928606185788447 -0.0876950853505359 -0.0903708846128605 -0.107097449322686 -0.0490231018969331 -0.145637396511311 -0.13651836041552 -0.0750711900476716 -0.0424443471301738 -0.0598892517707472 -9999 -0.0725839167508644 -0.0298397926893839 0.00154500726084069 -9999 -9999 -9999 -9999 -9999 -9999 -9999 -9999 -9999 -9999 -9999 -9999 -9999 -9999 -9999 -9999
-9999 -9999 0.299793758727315 0.192510882473405 0.212071076004423 0.357211045648584 0.320979212653329 0.297060081628728 0.281373250112134 0.370124556694934 0.212345620756835 0.269774031281969 0.255741324354894 0.273921541534927 0.289507967570568 0.201614539497685 0.0359192066787068 0.0252281675649416 0.0401743490984893 0.170181169496869 -0.0394388849381532 0.0738734157566327 -0.098107476506288 -0.0600212309693113 -0.0450563076761833 -0.0823974207718964 -0.00134118580937887 -0.0572792417220945 -0.0279717335964521 -0.0347244461701974 -0.0449531260564711 -0.035869044589056 -0.0151170755289074 -9999 -9999 -9999 -9999 -9999 -9999 -9999 -9999 -9999 -9999 -9999 -9999 -9999 -9999 -9999 -9999
0.2765452687536 -9999 -9999 0.301105417567557 0.299152715465278 0.339054767778444 0.302686260969128 0.325590813093408 0.335373087012462 0.364238751925539 0.364196602813477 0.277119410793996 0.239708873183027 0.331611344736007 0.251034971615656 0.103701929255552 0.134252089337693 0.119193258288727 0.169845648389565 0.162993440484651 0.133184019593439 0.125145288535975 -0.0340493909840147 0.00243582083086372 -0.0010635007753816 0.0316729577317554 -0.0681366457939847 -0.0520683047144357 -0.0225498863029016 -0.0596754847941239 -0.115202817601683 -0.134250726535559 -9999 -9999 -9999 -9999 -9999 -9999 -9999 -9999 -9999 -9999 -9999 -9999 -9999 -9999 -9999 -9999 -9999
0.216716873753448 -9999 0.160828394559432 0.35197485666962 0.365579658703104 0.348340404778806 0.338450915272511 0.318230260783164 0.367921172334836 0.35997963417581 0.32472991680054 0.293278584988358 0.294875121497712 0.29718751573195 0.220473775004545 0.197316752159509 0.192985054346093 0.256450077987158 0.246041516323918 0.202167355894972 -9999 -9999 0.0923013554998559 0.1041360581723 0.141723575646945 -0.140899481357247 -0.107100503594501 -0.0754933347075244 -0.0245159773956841 -9999 -0.0394152272374415 -0.0966409624600098 -9999 -9999 -9999 -9999 -9999 -9999 -9999 -9999 -9999 -9999 -9999 -9999 -9999 -9999 -9999 -9999 -9999
0.0694848613998958 0.0101125757236782 0.195261953617814 0.266224052039085 0.390999842988631 0.410189546910331 0.358907310421664 0.369840719520531 0.403700778889658 0.346512296332159 0.371032268899685 0.315265253439198 0.266426176890126 0.284426417773202 0.261065861901786 0.21672513868574 0.200023855996842 0.205320149595319 0.203983923679613 0.230457836315023 0.266576019776517 0.240743374693183 0.192358347894204 0.144484966376079 0.119930980776393 -9999 0.0166881480947761 0.0625969169723346 0.0673491267313674 -9999 -9999 -9999 -9999 -9999 -9999 -9999 -9999 -9999 -9999 -9999 -9999 -9999 -9999 -9999 -9999 -9999 -9999 -9999 -9999
0.0732365416041906 0.152548867167241 0.27821652914384 0.291387792137032 0.30674114524037 0.304894272406608 0.339205036824416 0.339328292250061 0.37957486781205 0.369575393869217 0.38681994403859 0.166266865875973 0.212687514479553 0.154576757391516 0.229289105231057 0.183047757535607 0.183815461918755 0.271886846292996 0.198480267865039 0.200201843788648 0.213160045102609 0.196969030031198 0.185053961817698 0.195026181933866 0.16510112180348 0.151529659293813 0.152290890252119 0.0529517420493397 0.050162784659915 0.0243869757617605 -9999 -9999 -9999 -9999 -9999 -9999 -9999 -9999 -9999 -9999 -9999 -9999 -9999 -9999 -9999 -9999 -9999 -9999 -9999
0.135560171251532 0.172780059378472 0.141822576564562 0.254860541178266 0.329645538815723 0.325545323654756 0.280939890228283 0.30773667566118 0.260235302690674 0.253877678049043 0.38740445598436 0.0928000472741566 0.125532640557085 0.154276289371497 0.256224078288049 0.284876882819259 0.354469230218294 0.313673410409279 0.19360178350173 0.186622879959811 0.210423120324715 0.236994398242384 0.206713948550966 0.181513614580697 0.160798416352301 0.190109823324749 0.0973101848676466 0.0118561113590322 0.00857215942126032 -9999 -9999 -9999 -9999 -9999 -9999 -9999 -9999 -9999 -9999 -9999 -9999 -9999 -9999 -9999 -9999 -9999 -9999 -9999 -9999
0.210374688505603 0.21692361382193 0.28894454508095 0.29272008980734 0.338985725415516 0.337050615584419 0.300380528428276 0.447256110236774 0.291974152012875 0.275675316076712 -9999 -9999 0.238568489007862 0.210617607990018 0.260855759568682 0.306527339218142 0.126912465719135 0.129750799019531 -9999 0.173859765675538 0.207200277704747 0.276904818886092 0.226223543146686 0.234016439139295 0.22176821049535 0.147294798059419 0.115592679042396 -0.0351601519726488 -9999 -9999 -9999 -9999 -9999 -9999 -9999 -9999 -9999 -9999 -9999 -9999 -9999 -9999 -9999 -9999 -9999 -9999 -9999 -9999 -9999
0.325775589212188 0.20300416410539 0.241735545045827 0.226659761937706 0.2576833077221 0.336266074744392 0.252680173750502 -9999 -9999 -9999 -9999 -9999 0.309817094268428 0.313299636166967 0.358153328413218 0.280518918190573 0.160252344598401 0.150516257764882 -9999 0.234274905962008 0.207096978291935 -9999 0.274493476235915 0.283279476743172 0.217265523593326 0.0942308325609268 0.141533992906608 -9999 -9999 -9999 -9999 -9999 -9999 -9999 -9999 -9999 -9999 -9999 -9999 -9999 -9999 -9999 -9999 -9999 -9999 -9999 -9999 -9999 -9999
-9999 0.272341930964291 0.322173742824723 0.217366078281586 0.50600690235393 0.314417519734889 0.333798973380677 0.34383670147467 -9999 -9999 -9999 0.0686739264254243 0.119520648768891 0.166115235373462 0.349785579180619 0.213732063505777 0.139901836809763 0.181236419450671 0.211136546614475 0.257217108178611 0.248890850187524 -9999 0.310917857922504 0.431958131094337 0.208115408366874 -9999 -9999 -9999 -9999 -9999 -9999 -9999 -9999 -9999 -9999 -9999 -9999 -9999 -9999 -9999 -9999 -9999 -9999 -9999 -9999 -9999 -9999 -9999 -9999
-9999 0.348178660371564 0.356333464393453 0.314043027472936 0.294677736102811 -9999 0.341913401810069 0.316067573724942 0.223348512236594 -9999 0.158015368664775 0.11219263429947 0.144823437091093 0.154587937492539 0.0656166176315597 0.0936504980094136 0.172265742629553 0.184478095942467 0.20732373161748 0.241262364924224 0.201628632785659 0.248935117135559 0.310984216640349 0.400385671808362 -9999 -9999 -9999 -9999 -9999 -9999 -9999 -9999 -9999 -9999 -9999 -9999 -9999 -9999 -9999 -9999 -9999 -9999 -9999 -9999 -9999 -9999 -9999 -9999 -9999
-9999 -9999 0.353184129697089 0.324426217972436 0.273585717021661 -9999 0.403692583300359 0.354382693987627 0.279922919385059 0.291054930352227 0.220126357155214 0.188758242893543 0.128549285190998 0.0936262278303575 0.13418648819357 0.0807333497703775 0.113843925995929 0.225353807281352 0.207511551592238 0.167605454742656 0.21786599997731 0.256081018932675 0.302334971081121 -9999 -9999 -9999 -9999 -9999 -9999 -9999 -9999 -9999 -9999 -9999 -9999 -9999 -9999 -9999 -9999 -9999 -9999 -9999 -9999 -9999 -9999 -9999 -9999 -9999 -9999
-9999 -9999 0.410784409854525 0.331983094897222 0.308473875288373 -9999 0.283736109776266 0.302917578703275 0.233111285496842 0.287696036174453 0.241055661795945 -9999 0.107763390684652 0.0780921876878925 0.0901258756769553 0.102675031610955 0.212236643448845 -9999 0.273591692194102 0.186429256052964 0.157423733802039 -9999 -9999 -9999 -9999 -9999 -9999 -9999 -9999 -9999 -9999 -9999 -9999 -9999 -9999 -9999 -9999 -9999 -9999 -9999 -9999 -9999 -9999 -9999 -9999 -9999 -9999 -9999 -9999
-9999 0.427372052382593 0.424889772350379 -9999 -9999 -9999 0.337011711435281 0.309627755973837 0.244893256101921 0.219011585858312 0.387349499785575 0.305276184111759 0.184140094163526 0.0718866085336725 0.0674704185245246 0.133566793604444 0.45519311375837 0.723420882582519 0.347357659264252 -9999 -9999 -9999 -9999 -9999 -9999 -9999 -9999 -9999 -9999 -9999 -9999 -9999 -9999 -9999 -9999 -9999 -9999 -9999 -9999 -9999 -9999 -9999 -9999 -9999 -9999 -9999 -9999 -9999 -9999
0.0922452063807042 -9999 0.267805723458669 0.251740295376475 0.284457784981397 0.297185991009352 0.425765765969195 0.318726883263442 0.287194412633725 0.216437091597451 0.123010579036322 -9999 0.157873845500733 0.0772806973443597 0.0148429091005458 -9999 -9999 0.607537845785721 -9999 -9999 -9999 -9999 -9999 -9999 -9999 -9999 -9999 -9999 -9999 -9999 -9999 -9999 -9999 -9999 -9999 -9999 -9999 -9999 -9999 -9999 -9999 -9999 -9999 -9999 -9999 -9999 -9999 -9999 -9999
0.0919267298603908 0.11298714928565 0.211215213949965 0.274172039397246 0.316334004601692 0.274387711446476 0.284613790781765 0.313164730339107 0.310863994357987 0.176214974243748 0.14204181678209 -0.00842485055965249 0.0670017619777109 0.149850900419326 0.0483283019439669 -9999 -9999 -9999 -9999 -9999 -9999 -9999 -9999 -9999 -9999 -9999 -9999 -9999 -9999 -9999 -9999 -9999 -9999 -9999 -9999 -9999 -9999 -9999 -9999 -9999 -9999 -9999 -9999 -9999 -9999 -9999 -9999 -9999 -9999
0.0789747430414113 0.125781588214481 0.168019821643324 0.295473020652819 0.307554898323276 0.292840047399437 0.291536208083442 -9999 0.353932765590303 0.0379338553516465 0.105437639411187 0.0532946381592467 -9999 -9999 -9999 -9999 -9999 -9999 -9999 -9999 -9999 -9999 -9999 -9999 -9999 -9999 -9999 -9999 -9999 -9999 -9999 -9999 -9999 -9999 -9999 -9999 -9999 -9999 -9999 -9999 -9999 -9999 -9999 -9999 -9999 -9999 -9999 -9999 -9999
