data/rasters/s10.27.09.li.5_xyz_08_.asc
NCOLS 100 
NROWS 100 
XLLCORNER -4 
YLLCORNER -4 
CELLSIZE 0.08 
NODATA_value -9999 
[rows 21 to 41 of 100, columns 0 to 47 of 100]
-9999 -9999 -9999 -9999 -9999 -9999 -9999 -9999 -9999 -9999 -9999 -9999 -9999 -9999 -9999 -9999 -9999 -9999 -9999 -9999 -9999 -9999 -9999 -0.0231789293475684 0.0328614312534348 0.0633776792151834 0.0317251749303713 0.0199030036516958 0.067312932210125 0.0849448100851113 0.0918509923728889 0.0211335190357074 -0.0277479288980102 -0.0483443921777618 -0.0474541127033213 -0.0266653830608615 0.0387278682928983 0.0604995205761416 0.00336201506564877 -0.0067952186505551 -0.0492965556398289 0.0130364690539615 0.0470967860485355 0.0782244901221551 0.0970213527567778 0.0122881581321563 -0.00586562622750723 -0.0258145044516185
-9999 -9999 -9999 -9999 -9999 -9999 -9999 -9999 -9999 -9999 -9999 -9999 -9999 -9999 -9999 -9999 -9999 -9999 -9999 -9999 -9999 -9999 0.0296133497913458 0.0327043099664762 0.0532542101333836 0.0181593818196003 0.0236667886530278 0.062859377198382 0.119823520760554 0.114385066152536 0.0130524177005268 0.00460058107588159 -0.0561010559534502 -0.111809593674006 -0.0668284555049894 -0.0338468035982256 0.0137312611746158 -0.00949981861944063 -0.0389353928902255 0.0394264297577981 -0.0286618276856905 -0.0714330641906152 -0.0381275804481303 -0.000258416545544155 0.0354202512134237 0.0116970654918034 0.00528202446561327 -0.0765669682478865
-9999 -9999 -9999 -9999 -9999 -9999 -9999 -9999 -9999 -9999 -9999 -9999 -9999 -9999 -9999 -9999 -9999 -9999 -9999 -9999 -9999 -9999 -9999 0.06220087320968 0.0875576355762294 0.0646131295669534 0.0123643460733516 0.0121728770322275 0.0453953331099002 0.105121914493643 0.00683679357749029 -0.0306743314369157 -0.0852297452798547 -0.0691879796750488 -0.0647331588129255 -0.0638963266865724 -0.0347186568205469 -0.0955688254880813 -0.0592317000503588 -0.00124676994143466 -0.0404976901536321 -0.038946922557841 0.00372091841808509 0.0597919663954685 0.00143790689029821 -0.0278737344303997 -0.0051525918171007 -0.086076166379734
-9999 -9999 -9999 -9999 -9999 -9999 -9999 -9999 -9999 -9999 -9999 -9999 -9999 -9999 -9999 -9999 -9999 -9999 -9999 -9999 -9999 -9999 -9999 -9999 0.0794140079384762 0.0348246214635238 -0.0433689687133184 -0.121005129799212 -0.0792613962069077 -0.00340175915779359 -0.0391517977541793 -0.066025528099698 -0.0911765581927512 -0.029821860827164 -0.0874998130322024 -0.0520367369738772 -0.0079182902330989 -0.0571687584491663 -0.0887562857072533 -0.0566384647657968 -0.0428944531755782 -0.0606819329244456 -0.0456445473054947 0.00901342361172509 -0.0728174431689897 -0.0691028215164225 -0.0968827852530849 -0.110580791083199
-9999 -9999 -9999 -9999 -9999 -9999 -9999 -9999 -9999 -9999 -9999 -9999 -9999 -9999 -9999 -9999 -9999 -9999 -9999 -0.0151332822120118 -0.0230558485493984 -0.0650744672751661 0.0357277824555 0.0262140405557787 0.0379070288349707 -0.00991986653908057 -0.0422444791835277 -0.13981664859668 -0.150505180236341 -0.0632538052311118 0.0742504693146559 -0.0466162301835528 -0.05240428293659 -0.146659948115636 -0.184980301032005 -0.0573734200472968 -0.0660854453474128 0.005061444267163 -0.0613929368733946 -0.048900445901964 -0.00406522298475204 -0.0320974984267512 -0.0442939864143859 -0.0171856408691531 -0.0630391844041354 -0.0776724587236837 -0.164492167037531 -0.221135251845228
-9999 -9999 -9999 -9999 -9999 -9999 -9999 -9999 -9999 -9999 -9999 -9999 -9999 -9999 -9999 -9999 -9999 -9999 -9999 -0.0430449470732171 -0.0309666296152025 -0.0346931518688454 0.0244795846773788 0.00813357613855328 -0.0259270965777856 -0.0357445344618461 -0.0274583747053285 -0.0424276536204143 -0.0927306190377789 0.0141601461235704 0.0675061133474123 -0.00554293169396634 -0.0826138946497483 -0.176427834018517 -0.167758659079464 -0.0724982872851763 -0.0491946518607511 -0.0131801508443072 -0.00519779128157 -0.0712737300770547 -0.0583132543590839 -0.0760772080827556 -0.045639615625878 -0.0194058064258963 -0.0356842696566459 -0.0513650130781786 -0.209704775645379 -0.270929671914251
-9999 -9999 -9999 -9999 -9999 -9999 -9999 -9999 -9999 -9999 -9999 -9999 -9999 -9999 -9999 -9999 -9999 -9999 -0.00421167298655802 -0.0436146898377734 -0.0637910882564443 -0.00498276079234375 0.0135958829776954 0.0273412033713486 -0.0580399759926655 -0.0536264247048765 0.0182239630843203 -0.00208153109434987 -0.0966306533400983 -0.0424720717818446 -0.0229339447556211 -0.0643927863731229 -0.181061290507529 -0.200584848422893 -0.121346636320242 -0.0821887015087818 -0.0645727553384029 -0.0225252972750544 -0.146321585538115 -0.080930197925765 -0.102378141894112 -0.0911909575238451 -0.0780056563667375 -0.136092123165099 -0.206822072631143 -0.144704829067569 -0.29752130830473 -0.368582821765951
-9999 -9999 -9999 -9999 -9999 -9999 -9999 -9999 -9999 -9999 -9999 -9999 -9999 -9999 -9999 -9999 -9999 0.193312903749743 0.114737769131927 0.037531914516244 -0.072573705840865 -0.0395080914254137 0.0763763024063201 0.0953987546811982 0.0245563351389603 -0.0193585536329546 -0.00109224745806007 -0.0729143316504859 -0.158080211098369 -0.0644012566837567 0.0137938768448251 0.0349596405597501 -0.0156798026303256 -9999 -0.122401890394618 -0.0490883794147745 -0.0557678014229539 -0.0865507376928602 -0.10506231552134 -0.0697719672895867 -0.0843715417800786 -0.0632560402232568 -0.0793473578190387 -0.177801346998743 -0.270656878107556 -0.211508628435619 -0.27455674055795 -0.371795278411177
-9999 -9999 -9999 -9999 -9999 -9999 -9999 -9999 -9999 -9999 -9999 -9999 -9999 -9999 -9999 -9999 0.127897507714828 0.148148766844421 0.0880156165145423 0.040816618381099 0.0650787460495481 0.0107367848224795 0.0720836758914907 0.0312525205034026 0.0216453234256034 -0.0420332255213109 0.0656317636529313 -0.0580398653582548 -0.0565952230463551 -0.0533252460041968 -0.00874992980435195 -0.0453572102665829 -0.00344689765796727 -0.126523524750955 -0.0905213886996494 -0.145673112733826 -0.0934450083367475 -0.107612071970256 -0.0766995546777079 -0.154817943954992 -0.121552213364396 -0.0762654330171102 -0.162055371459351 -0.264005055990394 -0.285214249214869 -0.30949958817442 -0.33469659334678 -0.304837315322774
-9999 -9999 -9999 -9999 -9999 -9999 -9999 -9999 -9999 -9999 -9999 -9999 -9999 -9999 -9999 -9999 0.098025957395465 0.110970663930206 0.126027248125204 0.075592790950831 0.0982667029280336 0.0747247548295027 -0.0490173615802904 0.0334242786893157 0.00672257728086992 -0.0236418738234244 0.00973989573808415 0.0157534611176325 -0.0406471325076241 -0.0766813142225186 -0.00830751952960001 -0.095802683061916 -0.117048247744256 -0.152981838009782 -0.0845615927279412 -0.159900416466316 -0.142295316087202 -0.104871712867963 -0.0775561289800556 -0.10967929400107 -0.146432028416757 -0.162249237915473 -0.17955371711604 -0.275676393088091 -0.275494248031339 -0.296612425813629 -0.365586282494651 -0.368564225731185
-9999 -9999 -9999 -9999 -9999 -9999 -9999 -9999 -9999 -9999 -9999 -9999 -9999 -9999 -9999 -0.00396670775362425 0.0386762042523088 0.0142591406549798 0.0455361133378108 0.0561947793771253 0.197656502083015 0.1509278129988 0.0753506852529815 0.12038045352047 0.0703384799084738 0.0742339876558548 0.0233253878564734 0.0062424645255097 -0.00816523945436797 -0.0519518406565968 -0.0534421258605531 -0.0907634558580672 -0.103354208055177 -0.27305205028554 -0.124052482256059 -0.129181415262012 -0.150649582695563 -0.12357357813856 -0.0782048743403534 -0.0809937713068007 -0.151216830333078 -0.257135495152156 -0.213736405088751 -0.283053236189318 -0.335104923212147 -0.310758898235203 -0.277938234043208 -0.277659408389756
-9999 -9999 -9999 -9999 -9999 -9999 -9999 -9999 -9999 -9999 -9999 -9999 -9999 -9999 -9999 0.0126090685585571 0.00487010452183644 -0.021796922761848 0.00371919638235236 0.0190913133352579 0.169366363159058 0.157608182683235 0.140197014035531 0.147357818635725 0.0674439015230785 0.0608593203509972 0.0174090083542207 -0.0162990476589519 -0.00968475285334758 -0.0323749315003419 -0.14778634828035 -0.121104434849274 -0.162062970242455 -0.172481373104197 -0.107735003305652 -0.0954447029000777 -0.156389567104583 -0.138776777135342 -0.0839489524517804 -0.0693339063160147 -0.167504161973911 -0.26095782627428 -0.191471499116071 -0.266299122187682 -0.13897644192441 -0.151532722049859 -9999 -0.263497570562916
-9999 -9999 -9999 -9999 -9999 -9999 -9999 -9999 -9999 -9999 -9999 -9999 -9999 -9999 -9999 0.0357628748930878 0.0493221807510211 0.0316370165931991 0.0180640113376573 0.0517629916662101 0.15978144673576 0.167441836815283 0.0552334460244154 0.0554640644535828 0.00842809365510692 0.0833589805453607 0.0112751932597853 0.0568768206101814 8.23948386508791e-05 -0.0475623157964052 -0.0800208330305438 -0.102472766485738 -0.111149489886406 -0.190279462392157 -0.181456506025258 -0.131083467547789 -0.211721180272697 -0.136776292501458 -0.169425450662308 -0.150825129717254 -0.202836872652942 -0.16814288924856 -9999 -0.204700844960317 -0.105580625628016 -0.0800313614540011 -9999 -9999
-9999 -9999 -9999 -9999 -9999 -9999 -9999 -9999 -9999 -9999 -9999 -9999 -9999 -9999 0.0417767874173975 -0.0150314153345423 -0.0293882505539511 -0.0568792364273031 -0.00444661559744748 0.0160644381066837 0.14173575049324 0.121249272208974 0.0122329628369889 0.0316163322325262 0.0954395089503359 0.171845879308219 0.0732362152877024 0.0562899839225011 0.000944540095475769 0.00410391610905591 -0.0337192381924822 -0.13018572495181 -0.161212847314281 -0.189825681817667 -0.204299950564489 -0.177195074697697 -0.183101128805112 -0.238237926964467 -0.239461575340965 -0.188861850280376 -0.255387130100981 -0.490074141667089 -9999 -0.180779891592704 -0.107706994044269 -0.0646656075686529 -9999 -9999
-9999 -9999 -9999 -9999 -9999 -9999 -9999 -9999 -9999 -9999 -9999 -9999 -9999 -9999 0.00997086960874627 -0.0362968707729846 -0.025129272201363 -0.0849505659003634 -0.0181638040435991 -0.0315350752769679 0.0174632510224804 0.0349731381180719 -0.0255468483675702 0.0984444865942283 0.0691768384224387 0.0781586144074083 0.0764002224054488 -0.00981739694950381 -0.00241319178401023 0.040241155413137 0.0325719105356265 -0.103917042330135 -0.086004458456127 -0.162821995186164 -0.199452247010789 -0.149524177171124 -0.190198823985111 -0.207822640189215 -0.282385120106424 -0.285058718311444 -0.485931886839847 -0.25953098773499 -0.329103347989635 -0.233342686011057 -0.133364154104037 -0.0742899716389074 -0.123876067618565 -9999
-9999 -9999 -9999 -9999 -9999 -9999 -9999 -9999 -9999 -9999 -9999 -9999 -9999 0.0388473824947633 -0.0516162380431056 0.0654192488396717 0.070818461294567 0.00861183493857716 0.105669369880657 0.0985287207763928 0.0422540152677947 0.0498223030390738 0.189214453138906 0.195122444913814 0.0648959549289561 -0.0889397028275499 -0.00334393575351716 0.0415952617842131 0.0189957887185072 -0.0199879522069112 -0.0268279955149664 -0.138390110566273 -0.100575042850498 -0.112160034137187 -0.252383225104342 -0.0973390487504634 -0.160910095866865 -0.220026100534189 -0.25945972336772 -0.325487243473112 -0.376626639867799 -0.195183939888586 -0.260048730398394 -0.279663375709284 -0.190408484754287 -0.0273335997253491 -0.106084236248395 -0.359953963276388
-9999 -9999 -9999 -9999 -9999 -9999 -9999 -9999 -9999 -9999 -9999 -9999 -9999 0.0756048619258321 0.0366097962530138 0.0726168778393488 0.127253434392981 0.111527906885845 0.107914907985787 0.121218805129806 0.111066158440199 0.113906326029035 0.141851723337262 0.142174198734846 0.0428319827957576 -0.101724070036023 0.0242341868828331 0.0978375381252413 0.0274634609429286 -0.0185692374877258 -0.00551889027454798 -0.0983053368489254 -0.0735192223595412 -0.127366760263403 -0.10306558091441 -0.15696809120415 -0.202359910851558 -0.183182742974862 -0.269889146271465 -0.370515038261035 -0.376565968958517 -0.220573992512857 -9999 -0.255822732417916 -0.213994623839678 -0.106058420074555 0.101685318181583 -9999
-9999 -9999 -9999 -9999 -9999 -9999 -9999 -9999 -9999 -9999 -9999 -9999 -9999 0.0926581718135789 0.105486836247266 0.0744378167251459 0.105059219623948 0.168450629711089 0.0618641807357907 0.0691231324036044 0.0920847682908488 0.0925553199668465 0.163389597344137 0.0743865764149559 0.0296366387571085 -0.0142507773543707 -0.00776208606363077 -0.0980706211497163 -0.0555246372904629 0.0112874332999986 0.0425049669706319 0.0504414235458084 -0.0262206336126193 -0.0819570843756883 -0.0827635532140766 -0.234351012706129 -0.16914656658192 -0.222535898487177 -0.272906513281039 -0.48328678942297 -0.32146590790579 -0.353342217910374 -0.207005444760633 -0.311757447407054 -0.246684118405609 -0.134425568519306 -0.290650939037525 -0.228517656480919
-9999 -9999 -9999 -9999 -9999 -9999 -9999 -9999 -9999 -9999 -9999 -9999 0.0912912042976911 0.103402524735998 0.163792136260168 0.120569080827223 0.0971223179972479 0.147395884469552 0.0690147943050886 0.0652229110646668 0.089417495362753 -0.0540847168088283 0.156537428125919 0.0447813609783942 -0.000546704263579431 0.0149774737502792 0.02614042208892 -0.0490371800368034 -0.0625125847301056 0.0493881645294817 0.0280409659422741 0.00488111118001882 -0.0484989173412175 -0.0615458770822673 -0.0666386240249083 -0.160102346522181 -0.208657236222801 -0.379619129669789 -0.383837375651457 -9999 -0.188662449955673 -0.275142342968028 -0.105614538126902 -0.157699930562513 -0.117866906932225 -0.198131156473454 -0.0460622864282781 -0.0550078258411581
-9999 -9999 -9999 -9999 -9999 -9999 -9999 -9999 -9999 -9999 -9999 -9999 0.161153523658821 0.190929168037981 0.174692314416664 0.173805505538136 0.14070047880638 0.121569361295276 0.034867451075375 0.0281549193406932 0.00855766115084813 0.000595201833726328 -0.0740268521812979 -0.0560140914951934 -0.0557641786264388 0.0434904222082318 0.00804427623789395 0.00678746624447729 -0.0318886596873927 -9999 0.0126060117586192 -0.0564553986693065 -0.0996076870864 -0.0803809848340772 -0.0890478699903016 -0.13434031868455 -0.173947376222628 -0.246473544160354 -0.218558665121052 -0.148032132265286 -0.166007893796018 -0.0461701391598471 0.0956636430377814 0.0380112157182126 0.00272154418918554 0.00928231581105625 0.0175743817046395 -0.0820220800936032
-9999 -9999 -9999 -9999 -9999 -9999 -9999 -9999 -9999 -9999 -9999 -9999 0.196305584552264 0.221422552370472 0.271056640605768 0.267798056488395 0.128066670182743 0.0915222361630628 0.0253091744970358 -0.055024871023266 -0.102255605627316 -0.0839968989190663 -0.172542509574201 -0.0613670107943301 -0.0703002329607467 0.0455947037048296 0.00317119059942383 0.0687710738888718 -0.054292728082295 0.0145766457709701 -6.38005741163742e-05 -0.0189108491880396 -0.132878190135623 -0.0801902112065931 -0.0810204009160005 -0.204691020512436 -0.194110424666405 -0.21128440019276 0.00234134067812558 0.0459780431569521 -0.0362195572811775 0.0325764075978349 0.0581855070890034 0.0206322403175752 0.00927587014537236 0.0120521648355641 -0.00323824313633545 -0.0153740149135817
