data/rasters/s10.27.09.li.2_xyz_08_.asc
NCOLS 100 
NROWS 100 
XLLCORNER -4 
YLLCORNER -4 
CELLSIZE 0.08 
NODATA_value -9999 
[rows 22 to 43 of 100, columns 0 to 48 of 100]
-9999 -9999 -9999 -9999 -9999 -9999 -9999 -9999 -9999 -9999 -9999 -9999 -9999 -9999 -9999 -9999 -9999 -9999 -9999 -9999 -9999 -9999 0.0523347062939756 0.0789002928404318 0.0947472665846548 0.103875043693005 0.126479310448889 0.100433786179403 0.0198695415674575 0.0157735869688491 0.0454569534467839 0.205872167480272 0.0902558645660974 -0.0615719055840273 0.126505862492115 0.129328608710062 -9999 0.0800909357853559 0.182030537086345 0.139120668797127 0.128045423639067 0.1449221826568 0.248350434787662 0.21741049564685 0.125931719622708 0.167250155338591 0.188800908361958 0.178319964840737 0.0912497541239727
-9999 -9999 -9999 -9999 -9999 -9999 -9999 -9999 -9999 -9999 -9999 -9999 -9999 -9999 -9999 -9999 -9999 -9999 -9999 -9999 -9999 0.0301831020530355 0.069452037917182 0.0265272562277681 0.0876881465427247 0.148186578802795 0.125130604259293 0.0755486623145582 0.00189079781433465 0.0278103248233187 0.0481061659298742 0.0161560706521662 0.00810211998449303 -0.0242995224531985 -9999 -9999 0.0501866164397145 0.0204534157465588 0.0903261885659605 0.131241719429161 0.130193807410064 0.141859015856969 0.225226048038584 0.202996793535881 0.189155449618645 0.227700340122341 0.259230663415623 0.229327082351522 0.120238790293505
-9999 -9999 -9999 -9999 -9999 -9999 -9999 -9999 -9999 -9999 -9999 -9999 -9999 -9999 -9999 -9999 -9999 -9999 -9999 -9999 0.104151541356688 0.0646587184420395 0.0691015446568413 0.0109873773564726 0.122464621003873 0.132264747731334 -0.0811184258502166 -0.0647951337537871 0.00885147372114454 0.0335924519545984 -0.0108732758839059 -0.0136367037431644 0.0188348896457096 -0.0925931941296344 -9999 0.0865185248388722 0.0299535418013084 0.0316443505374494 -0.00739409262754406 0.184969250089341 0.146236161806894 0.260131803901453 0.215074961368002 0.155881990092162 0.265069752873156 0.249347346833318 0.2367626486345 0.212940984781267 -9999
-9999 -9999 -9999 -9999 -9999 -9999 -9999 -9999 -9999 -9999 -9999 -9999 -9999 -9999 -9999 -9999 -9999 -9999 -9999 -0.11039174260484 0.000278591741113235 0.0217926941340703 -0.0107772486953543 0.0350529249472086 0.20742350037399 0.171171595137717 0.0786328550260026 0.0332105013294339 -0.0471020974461074 0.00179206136264255 0.0193156001477581 0.0285636333831068 0.0533238457450238 0.0364500282891942 -9999 -0.0908064869668075 -0.0383566287664976 -0.0568018734800248 0.0545192096777305 0.100153866412176 0.118551390890985 0.312795970617429 -9999 -9999 0.280618676047591 0.245990085532204 0.235885659888388 -9999 0.188276363270901
-9999 -9999 -9999 -9999 -9999 -9999 -9999 -9999 -9999 -9999 -9999 -9999 -9999 -9999 -9999 -9999 -9999 -9999 -9999 -0.117151702711716 -0.129452594550209 -0.208131338131276 -0.262913018533958 0.205451603196697 0.0709923611105035 0.0415842938079433 0.0585873022664218 -0.0314222993629799 0.000217220578072283 -0.021232521586309 -9999 -0.00154987030898807 0.0391195326745388 0.0366952017126204 -0.022536198160597 -0.132509875392782 -0.0268502378921456 -0.0448649010125646 0.0189134260669033 0.117354958611373 0.171144862342808 0.275173629744541 -9999 -9999 0.444099962187241 0.360861707195088 0.333334899555483 0.207093771158691 0.157542253227901
-9999 -9999 -9999 -9999 -9999 -9999 -9999 -9999 -9999 -9999 -9999 -9999 -9999 -9999 -9999 -9999 -9999 -9999 -0.057415737186283 -0.162225789330644 -0.26039955761914 -0.217511768832833 -0.18474629651413 -9999 -9999 0.0445449054276608 -0.0532069450159779 -0.0517643357995159 -0.0521977714898365 -0.0576804554062157 -0.00347213665891576 0.0235298294107058 0.0265470650984328 0.0703817564953543 0.0317127643294587 -0.0910141928501379 -0.0682941430335866 -0.0522281392749764 0.0531128463603722 0.231558731272655 0.297112583398548 0.465212974750787 0.315674884818357 0.313764424563466 0.25501008141478 0.343847559423192 0.357895340872437 0.25674897086036 0.18265136053974
-9999 -9999 -9999 -9999 -9999 -9999 -9999 -9999 -9999 -9999 -9999 -9999 -9999 -9999 -9999 -9999 -9999 -0.113293680320193 -0.0575749008042764 -0.13243896946294 -0.171175158716777 -0.132922536464314 -0.0362724324118154 -9999 -0.0353840434152692 -0.0889900712814572 -0.077402916096468 -0.0735026567773519 -0.0255773268406964 -0.0373236897047343 0.0317297942634501 0.018526793349546 0.0637492333767495 0.0392590265466518 0.154199077230091 0.0637397421268042 0.0157664644197444 0.0036446881244771 0.0361891779617454 0.146951706609487 0.19565252505431 0.368307844432442 0.258846507970677 0.325140198509429 0.302650096986996 0.268776606101491 0.358499234799359 0.285059451542638 0.318495892067203
-9999 -9999 -9999 -9999 -9999 -9999 -9999 -9999 -9999 -9999 -9999 -9999 -9999 -9999 -9999 -9999 -9999 -0.0518282650922774 -0.00138995264350536 -0.0833641924302475 -0.108777732363203 -0.105922902514408 -0.0777799089805462 -0.0270534081827829 -0.10833407640745 -0.155488803015664 -0.0819270820799027 -0.0553765650044073 -0.0334461450555422 -0.00964830569403624 0.0938450913093253 0.0477424162888459 0.0942538758211319 0.122209863266504 0.0906778609397601 0.0869856673423671 0.0740413982032442 0.104173801067014 0.175891119775864 0.0913597098631155 0.188689512526598 0.260081786576834 0.293118051840024 0.244649389130508 0.222772235188166 0.336955883797785 0.475608959992599 0.382136704450777 0.334091979193381
-9999 -9999 -9999 -9999 -9999 -9999 -9999 -9999 -9999 -9999 -9999 -9999 -9999 -9999 -9999 -9999 -9999 -9999 0.0268157672526445 -0.121617961272858 -0.176828878089524 -0.177514269288033 -0.0912900307832241 0.050015819714865 0.0593106567708084 -0.100423063745376 -0.0212932715686432 0.00376765280352845 -0.0577992581563342 -0.022626368341072 0.00644296998094893 0.00497578469539682 0.0947536841780001 0.154069478470048 0.148060422770034 0.121347122645631 0.119811423192539 0.11103412351775 0.105420988747765 0.127218327628879 0.249707587646947 0.322187603802015 0.261190540551195 0.278605931278097 0.220294570023867 0.321349841605957 0.41438825401436 0.314655655466948 0.332691474789521
-9999 -9999 -9999 -9999 -9999 -9999 -9999 -9999 -9999 -9999 -9999 -9999 -9999 -9999 -9999 -9999 -0.146727586108577 -0.090057261232098 -0.0583024429637344 -0.0722420657028628 -0.110028255349904 -0.0665511372246161 -0.0411206901766084 0.0316103346333797 0.0528315055098567 -0.09933999108042 -0.0416018538411541 0.0809488981193578 0.0612365988663427 -0.0903068876701948 0.0323446188207483 0.0768101331180524 0.12640765138511 0.127424401829181 0.135642644023325 0.112102690111673 0.130409274322869 0.133231774469169 0.178915580734873 0.211210299235792 0.203761350107119 0.235126635728405 0.243107113754852 0.312953895511717 -9999 0.403475394384018 0.395086713005788 0.357357083016793 0.304641903591181
-9999 -9999 -9999 -9999 -9999 -9999 -9999 -9999 -9999 -9999 -9999 -9999 -9999 -9999 -9999 -0.0605029287051489 -0.0602916949022045 -0.0730000573147604 -0.115534219330357 -0.0771868161987989 -0.0794719999396288 -0.0973818845405555 -0.1180028440623 -0.00695931041909099 0.0759512914206736 -0.00503959789794332 0.00351891207027319 0.152180876669734 0.20796076663774 -0.056515947616559 0.0119950201330169 0.104170239355108 0.07885792833866 0.128247675235822 0.126666743203791 0.101010711871597 0.117156809494278 0.0854363796401728 0.1555663222934 -9999 0.230515874132805 0.212860407202452 0.295285789773773 0.292841162865427 -9999 0.50698677182743 0.388575645661369 0.38798511453275 0.387481869547589
-9999 -9999 -9999 -9999 -9999 -9999 -9999 -9999 -9999 -9999 -9999 -9999 -9999 -9999 -0.178438854996185 -0.0559907811288996 -0.036648366629618 -0.0635997394720809 -0.122572580591624 -0.0619937661338539 -0.0680112925382445 -0.073779276504806 -0.103558451822913 -0.0992293766379432 0.092481100527922 0.0900461244870419 0.121422682015426 0.114853150232109 0.088183208233151 -0.0129275192323135 -9999 0.0985295640653993 0.0686665152345657 0.124659922896296 0.129246294543833 0.107742179124615 0.119777754757708 0.0521588203324661 0.0424393444760878 0.0644595486701186 0.114972060518105 0.214233415506337 0.254692216207929 0.301907531862369 0.277045329972895 0.387134743874128 0.387842617593426 0.372031890647104 0.580010934537115
-9999 -9999 -9999 -9999 -9999 -9999 -9999 -9999 -9999 -9999 -9999 -9999 -9999 -9999 -0.108527398525548 -0.112971350202174 -0.116132587593604 -0.0755622235637604 -0.109921686946874 -0.00413182373743213 -0.0103936731283218 -0.0390913807618245 -0.0419561437689255 -0.00694022634281434 0.099104399623972 0.0753254516547401 0.129110916972466 0.132938598492281 0.026192208660017 -0.00583998567643221 0.0446950401987524 0.0348647471057493 0.0595378488373658 0.136342289853708 0.129981979935408 0.110870599836341 0.107033244932126 0.0752037250084565 0.298924831568212 -9999 -9999 0.14677278444054 0.0953463042402462 0.142704752501125 0.476595374441653 0.367651932294386 -9999 0.193034137980364 0.187057882908501
-9999 -9999 -9999 -9999 -9999 -9999 -9999 -9999 -9999 -9999 -9999 -9999 -9999 -9999 -0.164339995330629 -0.163388515780321 -0.125675171408775 -0.0787284693284368 -0.0671871763442508 -0.0815501756601364 -0.0331933371400261 0.00237246806327628 0.080100437058325 0.0625867080087073 0.0746188513196115 0.0197542306060463 0.0709511835895759 0.0627607508982452 0.0112631090051723 -0.0366584904587032 0.0522370485371106 0.0261711094730937 0.0342576461752957 0.0816451219498588 0.0768484946542425 0.0747009484259157 0.0889466755396534 0.107557785025904 0.0714074147104625 0.074316293618214 -9999 0.168252480888718 0.136921673115136 0.163645959886454 0.20274260443277 0.0261882772225935 -0.132293078956026 0.139550201465839 0.241958211756088
-9999 -9999 -9999 -9999 -9999 -9999 -9999 -9999 -9999 -9999 -9999 -9999 -9999 -0.183322061780798 -0.191753075790247 -0.196126713494737 -0.0710780392685092 -0.0803027094920966 -0.0929790394758837 -0.115527034155135 -0.0479688173018163 0.0457659013374717 0.0442530116860442 0.0962182605198127 0.0410763391672463 -0.01211114089975 0.0531787746777292 -0.00232561300370576 -0.0169221474977991 0.00478987136112053 0.0619966796548096 0.0390964754647006 0.0109776174465688 0.0514765727058454 0.0527383976249623 0.113767373090671 0.108383900810715 0.149617908623819 0.102176476835236 0.0987028468347953 0.14469553260856 0.0982310964480039 0.198055292849754 0.220428272659733 0.213357506623646 0.0919397345287122 -0.162794667804048 -0.167911710494932 0.180437512243505
-9999 -9999 -9999 -9999 -9999 -9999 -9999 -9999 -9999 -9999 -9999 -9999 -9999 -0.12504525682092 -0.112723950612722 -0.156898454182485 -0.10261343284133 -0.127473714424757 -9999 -0.117730340156841 -0.085928582643968 -0.0292368737252333 0.0313030522990584 0.0517881152029657 0.0214764848628027 0.0308807495508949 0.105876069312019 -0.0401083280932601 0.0173936036145478 0.0618527370649173 0.0621041780362811 0.115076346626072 0.145838667303128 0.155120950391988 0.121954830102509 0.111134994117069 0.1089831661551 0.127608100539911 0.1371062920589 0.14198238715926 0.150445062631927 0.181291177308932 0.153804950211403 -9999 0.127595286800274 0.118107165560535 0.0508468695349669 0.0518523607369316 0.251312659821658
-9999 -9999 -9999 -9999 -9999 -9999 -9999 -9999 -9999 -9999 -9999 -9999 -9999 0.00214155013557537 -0.0848499889307405 -0.129370111103404 -0.124429444586569 -0.160371791955715 -0.142574034138455 -0.0960048832138287 -0.073591868761782 0.0452963644128705 0.0976800990969906 0.0500090552494348 -0.0241020480818543 -0.0217797100477373 -0.0728426075267533 -0.00757981775863534 0.0341842881892869 0.0513849243976136 0.0743673394323502 0.130496343122608 0.212656916529556 0.19298672626436 0.144994958051124 0.112447253184614 -9999 -9999 0.165883067424254 0.137639926552306 0.17070159667102 0.442880233125119 0.285833576917213 0.109030452643418 0.0684746459610342 0.132460203138195 0.101672487074789 0.166024895303225 0.263526275617371
-9999 -9999 -9999 -9999 -9999 -9999 -9999 -9999 -9999 -9999 -9999 -9999 -9999 -9999 -0.117715245907018 -0.135373299877428 -0.179077213324169 -0.174881787407846 -0.154203176566143 -0.1091187987571 -0.025823704265932 0.0387083829390333 0.0972276564913654 0.0483416224855457 -0.0427645067098803 0.00276676462870204 0.0163082500290768 0.0409675525684175 0.0775251396483266 0.109184902182694 0.092083667883654 0.129115432761721 0.103317495086012 0.229382585547316 0.240508576231946 -9999 0.229090842172754 0.239796510097519 0.286561262258141 0.289731379325461 -9999 -9999 0.166865388591773 0.15051770277429 0.16861655748992 0.116908002318179 0.119207218729462 0.16801143384918 -9999
-9999 -9999 -9999 -9999 -9999 -9999 -9999 -9999 -9999 -9999 -9999 -9999 -0.232080975759193 -0.152973141112979 -0.15800828297425 -0.14894883636333 -0.141151397530152 -0.173733421312627 -0.177188251549122 -0.104493238707807 0.00748610384853917 0.0988710877702724 0.0927785637878859 0.103097350128811 0.0382122116626831 -0.0327419524855521 -0.010448569717363 0.0785955982831157 0.0854016131537492 0.0713715074296646 0.10366125268037 0.0483583865492161 -0.0137356772611884 -0.063333926957803 -0.00195170469472278 -0.0116025041913091 0.245732551318637 0.255132786253337 0.334747022686547 0.253250167772833 -9999 -9999 0.186935130682688 0.16742927162518 -9999 -9999 -9999 0.106516907451341 0.136538209535
-9999 -9999 -9999 -9999 -9999 -9999 -9999 -9999 -9999 -9999 -9999 -9999 -0.185041779619469 -9999 -0.128332027195888 -0.148824525166462 -0.139163598120509 -0.164981985565072 -0.182950851057085 -0.0699574311977602 0.0449334446982086 0.162290483095152 0.106872806890455 0.0798538293104923 0.0600370424023939 0.0408840182164581 0.0420735515527428 0.117919678709734 0.102753434597098 -9999 0.00701285457046294 -0.0257990019969003 -0.0065668636100781 -0.0201262973466015 -0.074999321288003 0.023791154998967 0.27289299950177 0.246107033484473 0.318705505121039 0.279213911283453 -9999 0.163787203524329 0.202443651612835 0.164535670696286 -9999 0.219012616000274 0.150758950336016 0.138299891421432 0.158620891304883
-9999 -9999 -9999 -9999 -9999 -9999 -9999 -9999 -9999 -9999 -9999 -9999 -0.225579781668358 -0.0925598821331253 -0.208705230182457 -0.133331750870709 -0.124820993041821 -0.110167810364887 -0.0909481581872992 -0.0759174957518648 0.0414649016606322 0.131306513132032 0.175246582264416 0.170719972799689 0.179458907511621 0.0693765338439055 0.065522594942792 0.0334205342806435 0.0602544792678073 0.0861521484820387 0.00408748630354018 0.0121926229777488 -0.0104538303898755 0.0148666313059675 -0.028439113084189 0.298475582889842 0.31861567301584 0.377350094794409 0.313675896618134 0.272683518318391 -9999 0.235587989607083 0.211879357556586 0.204254481426489 0.220514512764125 0.186724016826146 0.160428925289013 0.190196667212681 0.240213645355997
-9999 -9999 -9999 -9999 -9999 -9999 -9999 -9999 -9999 -9999 -9999 -0.301911716389664 -0.216444291235475 -0.110439624079511 -0.0919836574802919 -0.0629109472582022 -0.0521023710313242 -0.0652056085586541 -0.0502724371648438 0.00173787318898613 0.0146109591440612 -0.00996344254224157 0.255043471811256 0.233185617049262 0.157827316711463 0.153741218823018 0.131583474986443 0.0853656030631409 0.0781169529281261 0.0121808622458567 -0.00141965016192579 0.0704230092994738 0.0364808095532228 0.0366166598321966 -9999 0.280357493444672 0.2194329284559 0.292757409983542 0.249934183861593 0.372757398485495 -9999 -9999 0.239289184437266 0.165804037366736 0.217051741409746 -9999 0.226845953466027 0.296920568969883 0.156325234151543
