data/rasters/s10.27.09.li.5_xyz_08_.asc
NCOLS 100 
NROWS 100 
XLLCORNER -4 
YLLCORNER -4 
CELLSIZE 0.08 
NODATA_value -9999 
[rows 21 to 41 of 100, columns 48 to 95 of 100]
-0.0438448772582611 -0.00610256648328338 -0.0690057100571814 -0.0106701014580977 -0.00883962599188595 -0.084556244248307 -0.0976127650087472 -0.14893615180938 -0.116371859358764 -0.210797749394739 -0.183973973957426 -0.0813761909858947 -0.0867844917635978 0.00314167666409337 0.0472527764334739 -0.00341142036746879 0.0837726797369012 0.054090033122094 0.0420373893809625 0.0751602844534988 0.0889885997703193 0.0543019573827765 -0.00714338044157587 0.0340426376924371 -0.00877523993737618 -0.0338936484243904 0.011083198417663 0.00777780656928754 0.0222415771311652 -9999 -9999 -9999 -9999 -9999 -9999 -9999 -9999 -9999 -9999 -9999 -9999 -9999 -9999 -9999 -9999 -9999 -9999 -9999
-0.120389703480437 0.0199489959865493 0.00540070188914767 -0.0243421459675447 -0.096298566408958 -0.209867067745411 -0.199136379856717 -0.239753787427862 -0.187974337656018 -0.228436887360979 -0.00635454654966292 -0.066905070503057 0.0470407238370144 0.0263381040789733 0.0184073884408592 0.0425916137805815 0.055589362672521 0.0631244290894343 0.0566411099468407 0.107149687464936 0.0594228784449909 0.0359126030212136 -0.0149698406984719 -0.0310743324739777 0.0440920737365109 0.00346347117792004 -0.00652147697043857 -0.0127442923030913 0.034350216465782 0.0192925103990193 -9999 -9999 -9999 -9999 -9999 -9999 -9999 -9999 -9999 -9999 -9999 -9999 -9999 -9999 -9999 -9999 -9999 -9999
-0.123902762131971 -0.146584013615334 -0.134977614618999 -0.0881348823688239 -0.154145878651546 -0.199057750366605 -0.221607949834738 -0.310999757586616 -0.235528824447674 -0.220709692109349 -0.105097297967783 0.0229962774720712 0.0392069588235343 0.0594916209133426 0.120984332309965 0.0854592374501201 0.0272591593271153 0.00833192462467135 0.0429442856237431 0.0568023169653497 0.0408205734461735 0.0222853749452339 0.00326940246129629 -0.100533327503231 -0.0818502499978074 0.000499998992299941 -0.0102001535485908 0.00305107728734649 0.025670954426727 -0.15235638207587 0.0432894108998821 -9999 -9999 -9999 -9999 -9999 -9999 -9999 -9999 -9999 -9999 -9999 -9999 -9999 -9999 -9999 -9999 -9999
-0.140591856796532 -0.145059575142632 -0.236539951635175 -0.121380513564394 -0.15220650342188 -0.175365164384502 -0.252227287090708 -0.309565296018046 -0.325641576577441 -0.257160294881956 -0.0468792875074671 -0.0293517790870334 0.00471305121541293 0.107755876463584 0.0872909378281054 0.0453640023270557 0.0294266251448308 0.00306891811728629 0.0311078354236158 0.0157035114142609 -0.019020191891612 0.0211488609635331 0.0448127731192798 0.0629724142303147 -0.104438707587558 -0.0654908948450015 -0.0225970605761345 0.00886948849264238 -9999 -9999 0.0290732900740094 0.0325934818551069 -9999 -9999 -9999 -9999 -9999 -9999 -9999 -9999 -9999 -9999 -9999 -9999 -9999 -9999 -9999 -9999
-0.166143049223481 -0.0992339437689837 -0.229399519929075 -0.188890261530568 -0.225587018455939 -0.158551707481709 -0.209707991227294 -0.236586244039825 -0.356745440169233 -0.267306619415272 -0.138647358477528 -0.0392342351765748 0.00659836418565717 0.0643289103848799 0.0310343041458175 -9999 0.034607668086026 0.0811475993815507 -0.0166769482365739 -0.0985191784941269 -0.0584394130095539 -0.0532582070479218 -0.0364136471563182 -0.258684148949614 -0.0973041496106152 -0.0522218039265515 -0.00038193357799076 -0.00699346813469887 0.0269700004776585 0.0125696685858561 0.0080327137450845 0.0433040276432565 0.096879986987177 -9999 -9999 -9999 -9999 -9999 -9999 -9999 -9999 -9999 -9999 -9999 -9999 -9999 -9999 -9999
-0.213021950690702 -0.159818186168051 -0.213513971300457 -0.227947135715006 -0.151490215788359 -0.120499898055618 -0.217194523803698 -0.304419377440912 -0.366445746765297 -0.291310337285579 -9999 -0.208294409138674 -0.0769500417098184 0.069131945855457 -9999 -9999 -0.0293840636723027 0.0689017832879721 -0.195184037554058 -0.0321961056614651 -0.0839825937435301 -0.120501561817508 -0.197477864867859 -0.200059759330659 -0.149084784160872 -0.00040610998462763 0.0646434788574799 0.0707367887021508 0.115514561587908 0.0730890404991683 0.00581438987027202 0.0322845483836622 0.0540626823560497 0.193559872708379 -9999 -9999 -9999 -9999 -9999 -9999 -9999 -9999 -9999 -9999 -9999 -9999 -9999 -9999
-0.12915317894004 -0.0980363075425504 -0.224748893044067 -0.390494503111485 -0.153819875032247 -0.154231316628546 -0.20763806448593 -0.265269906898564 -9999 -0.179693396445496 -0.165577945750073 -0.223223842707914 -0.213466593892864 -0.160515463708924 -0.131008121483882 -0.11652165834819 -0.0342593335164661 -0.0967921921756399 -0.255881038049165 -0.245973366805282 -9999 -0.251960959935121 -0.236889782586663 -0.178570280924684 -0.118992093183969 -0.0279078000966723 0.00841129803611257 0.0473029389918429 0.167497762135692 0.107294861335185 0.182701809762067 0.0488216792793707 0.144211038957123 0.188627161445903 -9999 -9999 -9999 -9999 -9999 -9999 -9999 -9999 -9999 -9999 -9999 -9999 -9999 -9999
-9999 -9999 -0.299684670370817 -0.360220054852091 -0.465645163421543 -0.221683431843023 -0.123342586784549 -0.148439026864894 -0.141754932425216 -0.318353087334356 -0.295063610106637 -0.137464038515401 -0.141220811110419 -0.138479297476433 -0.209477912621813 -0.150362889290113 -0.14530286330926 -0.201073116138065 -0.220989759868947 -0.229853049886085 -0.225364201831807 -9999 -0.142546140729227 -0.111131339803449 -0.0383426236473881 0.00207899932978984 0.0149853517526316 0.18374719318494 0.208864472251016 0.241505134260983 0.21049561708123 0.108268469480882 0.154923239489189 0.201980105445745 0.213850959337387 -9999 -9999 -9999 -9999 -9999 -9999 -9999 -9999 -9999 -9999 -9999 -9999 -9999
-0.400510626916348 -9999 -0.419067760370211 -9999 -9999 -0.194574959475387 -0.190702162553146 -0.172722337029691 -0.14855522837367 -0.160854056589543 -9999 -0.128400255241581 -0.00425685694344678 -0.154505515291816 -0.222704137368811 -0.203813427026688 -0.274292996232939 -0.275540443677209 -0.225546761054692 -0.196686743298032 -0.185701372159831 -0.220695089838003 -0.0754389642224093 -0.125420701998019 -9999 -0.0161721179756501 0.06058465908607 0.248113689026855 0.198064181716687 0.185643805813935 0.197580306196153 0.0740246729871517 0.106619836675741 0.0373564080024752 -9999 -9999 -9999 -9999 -9999 -9999 -9999 -9999 -9999 -9999 -9999 -9999 -9999 -9999
-0.3989330417913 -0.510169131485243 -9999 -9999 -0.406827638302683 -0.291534423064223 -0.233833173198918 -0.204738443369648 -0.0964360128146816 -0.130335954111502 -0.140583021775241 -0.139279756899959 -0.0667806299346426 -0.10069753612096 -0.147603004506565 -0.272082179240576 -0.320504311124353 -0.306591347899704 -0.262914585483127 -0.158648437491678 -0.22173022248823 -0.235610205020107 -0.00917102269303838 -0.041174089130336 -0.0605120579492611 -0.00335128267206796 0.111261617763909 0.220044202910647 0.16453710882111 0.155335038125535 0.105814398173005 0.0584129802410159 0.0758824941256214 0.0442633268329549 0.102126258396975 0.0290662479960151 -9999 -9999 -9999 -9999 -9999 -9999 -9999 -9999 -9999 -9999 -9999 -9999
-0.317451282242973 -0.386130273021941 -0.453834543910782 -0.388877739125146 -0.388933500212477 -0.382008088830531 -0.180393091596288 -0.213218825718647 -0.12982760738088 -0.0938841816184288 -0.141464257798373 -0.20823962698915 -0.133637820763022 -0.139726004183819 -0.0914979683069542 -0.303206329391006 -0.143896586554428 -0.353615046335454 -0.41555905552165 -9999 -0.196612783705117 -0.215448559650157 -0.111186721761949 -0.0938462644707613 -0.104268241110039 0.0131010296706282 0.00245269838559161 0.0775241880533037 0.0727362856348816 0.1384616858169 0.0811661197772252 0.0552075725699983 0.0849217288755131 -0.00481564750023633 -0.015566723238953 -0.114819529920387 -0.0557321034370049 -9999 -9999 -9999 -9999 -9999 -9999 -9999 -9999 -9999 -9999 -9999
-0.344942932661546 -0.388944971671312 -0.409715171386402 -0.401242666826713 -0.424375518529971 -0.333631488721278 -0.134446850257417 -0.149734261923524 -0.186769681801198 -0.146597881271141 -0.139899854868462 -0.184029344561473 -0.151197756069464 -0.143929606871643 -0.0883715167592517 -0.136892173062768 -0.155233253775314 -0.209862192001423 -0.211375233448146 -0.342736891190824 -0.268268972883542 -0.295630595055304 -0.236257508850905 -0.136230534961638 -0.126736153071823 -0.031896834536248 0.0307413761992904 0.0529795893061906 0.146833847627014 0.161349253333399 0.0420471684970573 0.0416346700539032 0.0754502742957998 -0.0106823507303603 -0.022472406795936 -0.0181957586394692 -0.0357129633026406 -9999 -9999 -9999 -9999 -9999 -9999 -9999 -9999 -9999 -9999 -9999
-0.425527633230673 -0.350704670327562 -0.405843757064509 -0.361319839136243 -0.408618607702023 -0.163013329822524 -0.146660741233045 -0.156930392986579 -0.147573114621106 -0.115804525653651 -0.0736179186689272 -0.255165885038734 -0.192630724695275 -0.139988767564169 -0.144708635860339 -0.252100211055339 -0.201667412312004 -0.168175417231954 -0.129373594729357 -0.255285880370757 -0.233516569574079 -0.360033729794313 -0.301226612090028 -0.235775766393543 -0.168084808120884 -0.114266252039433 0.0235661506362264 0.0675097245728496 0.125418094643298 0.12423767368424 0.0415062913469956 0.0262551966616505 -0.0192520215534847 -0.0360961920344141 -0.0125241038029553 -0.0899657814139614 -0.142252895357877 -0.076614893628793 -9999 -9999 -9999 -9999 -9999 -9999 -9999 -9999 -9999 -9999
-0.356040151467239 -0.373045680967348 -0.333241417191818 -0.225185795300892 -0.269217448902811 -0.171451587139502 -0.17535830217987 -0.108686979221459 -0.250599938192312 -0.215313698295116 -0.145947213911871 -0.184181091757431 -0.177409386872243 -0.206348176435426 -0.206374286633413 -0.247717902846885 -0.201263476905261 -0.193500533234543 -9999 -0.306919385526727 -9999 -0.28753992430466 -0.206857418433045 -0.305971772291577 -0.218369017152704 -0.14702392158474 0.082934708745256 0.0625770261372502 0.119684693230627 0.0674398397556064 0.0219573273264987 0.0439720870263311 -0.111761566566602 -0.140802089093226 -0.115382273588685 -0.145647372329763 -0.161290810582947 -0.135885086311143 -9999 -9999 -9999 -9999 -9999 -9999 -9999 -9999 -9999 -9999
-0.354444607097007 -0.382007177905485 -0.256111998913986 -0.156202986273405 -0.196040823870063 -0.368669843229418 -0.391141632398855 -0.156573474900647 -0.233271430793988 -0.199044279218605 -0.22517897095201 -0.189619049090555 -0.142253474084318 -0.182473865323102 -0.196029219055722 -0.210324232689708 -0.154739250966568 -0.109971006560666 -0.131411958053647 -0.183542397382984 -0.162682832253326 -0.163287724498324 -0.123624918719004 -0.328080532098036 -0.237898104460584 -0.0911409112362242 -0.0448866086627136 0.0340223611368925 0.00773577107790167 -0.0554318582283282 -0.0104953035694622 -0.11736796565433 -0.234111160287019 -0.135996949579591 -0.045354787719605 -0.0778690104992053 -0.125135274251576 -0.0915764472706589 -9999 -9999 -9999 -9999 -9999 -9999 -9999 -9999 -9999 -9999
-0.337111747085073 -0.256748178860879 -0.363069923269738 -0.198998751455606 -0.272947063155472 -0.283108287469106 -0.299257274680009 -0.306527513677854 -0.288673210481449 -0.236581831408354 -0.230392781438525 -0.216494757739782 -0.226503818811196 -0.233627529644597 -0.171940903978867 -0.203357579068027 -0.292333554016004 -0.146562524315851 -0.134232403571557 -0.167531482218849 -0.123452819406328 -0.17620060122043 -0.169740637820673 -0.281150484436437 -0.175402395797546 -0.117824189181799 -0.0416731457210241 0.0575208039698308 0.0176580017804173 0.0140076000322538 -0.0288067500683408 -0.124225396094092 -0.229601024433363 -0.187472503430818 -0.0347884852119739 -0.0467471234803722 -0.0613081397768793 -9999 -9999 -9999 -9999 -9999 -9999 -9999 -9999 -9999 -9999 -9999
-0.330921092290154 -0.234076699767117 -0.092600290662785 -9999 -0.396098834302894 -0.217977921405999 -0.20270145617431 -0.216111349195094 -0.182108192255036 -0.182255435093567 -0.213720252619708 -0.188288174821358 -0.301314889521263 -0.260622172169576 -0.240495379994062 -0.224465426963223 -0.280487464651987 -0.177180508647285 -0.200314868788016 -0.119214933713959 -0.0964534077683064 -9999 -0.218178986488031 -0.212603768491838 -0.166216158862106 -0.0564338689627348 -0.101114323309179 -0.0136869747725162 -0.0360790206181845 -0.0754346448401514 -0.00286678947950514 -0.0849362531481004 -0.0683678155931052 -0.164830200335609 -0.0958432028526704 -0.040760480447642 -0.0952819884272711 -0.0737958418972339 -9999 -9999 -9999 -9999 -9999 -9999 -9999 -9999 -9999 -9999
-0.0924900209449292 -0.111886326277635 -0.163925870549003 -0.216342414141207 -9999 -9999 -0.0956731346076842 -0.17451507898498 -0.138256713514487 -0.219848267689178 -0.278963006959184 -0.23837352333569 -0.329425239356104 -0.304826224538152 -0.241197896397283 -0.22165757446251 -0.166080021033542 -0.12005838698507 -0.148089419053704 -0.115899109628434 -0.0779278444559582 -0.119639028429516 -0.152671040955506 -0.197817102648468 -0.178078044634657 -0.122086661912988 -0.161101225960188 -0.09096217083253 -0.170862553532502 -0.0788412605763366 -0.106127218551354 -0.0721503140821015 -0.0697379281876711 -0.152383366277503 -0.0637904674048693 -0.091709355176667 -0.13786538190367 -0.0992951267854584 -0.104400861377835 -9999 -9999 -9999 -9999 -9999 -9999 -9999 -9999 -9999
-0.0696878626834769 -0.119064660510761 -0.146244890390088 -0.185757042970596 -9999 -9999 -0.141718214040066 -0.287669465002442 -0.331509758326979 -0.275424479935184 -0.254435895749625 -0.284282998403278 -0.32477207106173 -0.226978960026741 -0.206963748647336 -0.122428256305031 -0.177863474249626 -0.0571913484137692 -0.09800638521023 -0.123783103415653 -0.117911193660484 -0.105011700605383 -0.149142893287778 -0.148350343697593 -0.160158682635596 -0.23486211214411 -0.186483475563883 -0.189341469326207 -0.194331496086879 -9999 -0.156176923014145 -0.119691895313063 -0.0672284899585651 -0.109956809131016 -0.113730530018497 -0.116393346531631 -0.0378914809493819 -0.0512626803222704 -0.0913302712792985 -0.0365577066487921 -9999 -9999 -9999 -9999 -9999 -9999 -9999 -9999
-0.117254339532803 -0.137473736808036 -0.164210543322145 -0.211154802555456 -0.223756538340869 -0.266763747406994 -0.381240983998421 -0.351638671098959 -0.304142291839254 -0.276228193246073 -0.245757769547754 -0.270707013849172 -0.288075428263749 -9999 -0.117033878376174 -0.132791081365879 -0.0990224453287331 -0.127983602605873 -0.086432527738833 -0.115766121569709 -0.148488001286601 -0.155638378315619 -0.201621224375596 -0.126292324320974 -0.158017207319565 -0.209514505968667 -0.115655460853277 -0.214231578915293 -0.194924980452062 -0.145978253066898 -0.190375329233339 -0.114704175337566 -0.0820980141267541 0.00230695728733829 -0.0704778752419957 -0.172356460225333 0.0012331266207801 -0.0927604855764422 -0.0869125622799578 0.0355745202151969 -9999 -9999 -9999 -9999 -9999 -9999 -9999 -9999
-0.023633738902708 -0.138087951111246 -0.164841264604762 -0.111271260274029 -0.258687480862339 -0.267573142492117 -0.370367507926259 -0.321135326935009 -0.301361765792078 -0.267041627482051 -0.251851401433916 -0.245809332009637 -0.213609947617305 -9999 -0.31423792954588 -0.175310508718468 -0.199522914640595 -0.0864737110623271 -0.130793665851678 -0.119104576595289 -0.0269744665986133 -0.133496435689554 -0.109586677295196 -0.0826606502547545 -0.14125339660039 -0.169964353224746 -0.14283769570258 -0.189408444720944 -0.148977284182682 -0.0581551385718262 -0.0800768410398314 -0.0905035492246289 -0.123723817236439 -0.0342890692260598 -0.0229899139556166 -0.0238469225596638 -0.00995737482518209 -0.0212199343120829 -0.0339647867571719 -0.0224608437786817 -9999 -9999 -9999 -9999 -9999 -9999 -9999 -9999
