data/rasters/s10.27.09.li.4_xyz_08_.asc
NCOLS 100 
NROWS 100 
XLLCORNER -4 
YLLCORNER -4 
CELLSIZE 0.08 
NODATA_value -9999 
[rows 22 to 43 of 100, columns 50 to 99 of 100]
0.146590070446208 0.177686661973368 0.180664478429905 0.257704441236705 0.162657712845394 0.164191355078387 0.132547829582181 0.197487750646579 0.141120773058959 0.169535588031421 0.0277411346245498 0.0793064795781012 0.177537941270736 0.168918329208432 0.319422187437779 0.259850806807011 0.221916312583203 0.299679707634836 0.3552140983209 0.402488898597012 0.439954610357642 0.108773583860201 0.0987398634081565 0.206312090809682 -9999 0.177934924151172 0.409578463988285 -9999 -9999 -9999 -9999 -9999 -9999 -9999 -9999 -9999 -9999 -9999 -9999 -9999 -9999 -9999 -9999 -9999 -9999 -9999 -9999 -9999 -9999 -9999
0.111767741431674 0.182169811574231 -9999 0.109806265512554 0.0971116831294111 0.122902266779341 0.225721720497946 0.236979899723939 0.214231559313642 0.19197736325568 0.115817322263166 0.130898680253355 0.120680247077048 0.152252073129472 0.209260680670105 0.25783589760101 0.235793851131508 0.22961899887715 -9999 0.150436010542335 0.143213508381909 0.112537595738975 0.179909307711686 0.218836387704037 -9999 -9999 -9999 0.214226937244002 0.249428202767742 -9999 -9999 -9999 -9999 -9999 -9999 -9999 -9999 -9999 -9999 -9999 -9999 -9999 -9999 -9999 -9999 -9999 -9999 -9999 -9999 -9999
0.182455430053735 0.192115301343498 0.186685383048847 0.125932656887883 0.127445271160609 0.155282127062903 0.244018070955718 0.288395659319741 0.275488552768557 0.271445823629395 0.306113925369567 0.288907289016036 0.260512769937394 0.240691962676379 0.245906515502109 0.246856348115869 0.250541503294244 0.167602263649289 0.146971912128964 0.203100931554648 0.137893046883735 0.163400061951528 0.0871639638042893 0.0481335032987024 0.0169760527204004 -0.00166441704453216 -9999 -9999 -9999 0.148157085820734 -9999 -9999 -9999 -9999 -9999 -9999 -9999 -9999 -9999 -9999 -9999 -9999 -9999 -9999 -9999 -9999 -9999 -9999 -9999 -9999
0.216283007852634 0.201965202242575 0.179734913892855 0.105063804406976 0.130472785044664 0.168320041733348 0.198539971192929 0.292812637152525 0.291378940625773 0.306280521780159 0.284889092528836 0.297475206952801 0.251058926502559 0.24029700066935 0.308153283928595 0.291852003456749 0.308487833771469 0.21878970636471 0.142018138109017 0.16913096930699 0.0330417768909596 0.0965429230475288 0.0249020048355451 0.034065595991325 0.00584542677880641 0.00606465403699962 0.0166893508774701 0.304819348284916 -9999 0.153610063519785 -9999 -9999 -9999 -9999 -9999 -9999 -9999 -9999 -9999 -9999 -9999 -9999 -9999 -9999 -9999 -9999 -9999 -9999 -9999 -9999
0.249884437233353 0.228546314479115 0.395568048368523 0.130280303308421 0.141736384766536 0.189231474466878 0.141302978380611 -9999 -9999 -9999 -9999 0.192974742875619 0.206251766161188 0.22205685279142 0.209615076661508 0.283915871056871 0.286555830021063 -0.0425528905959255 0.105386246353199 -0.00781664025913558 -0.0510878804864629 0.00322210669099027 0.0288629358432005 0.0325254543077384 0.0114714977257933 -0.0204585121615415 -0.0113790962415025 0.289701384922822 -9999 0.0469741819244139 0.0947539048521342 -9999 -9999 -9999 -9999 -9999 -9999 -9999 -9999 -9999 -9999 -9999 -9999 -9999 -9999 -9999 -9999 -9999 -9999 -9999
0.256199851974158 0.243267335605191 0.291473276978665 0.21834483078046 0.109799948419178 0.193988419782976 0.220764112177834 -9999 -9999 0.248091273820228 -9999 0.251666880040738 0.159057467808436 0.201590357142399 0.234902633291189 -9999 0.226330951463453 -0.0234325052383738 -0.0217397696746987 0.00522141629750937 0.00450214948641562 0.0430344184635558 -0.00383706036769672 -0.00271164281030463 0.0135678346093419 0.0274748633620884 0.0309323904254088 0.0427075301517926 0.067103142483472 0.116685828641862 0.0351147301144439 0.014947318112742 -9999 -9999 -9999 -9999 -9999 -9999 -9999 -9999 -9999 -9999 -9999 -9999 -9999 -9999 -9999 -9999 -9999 -9999
-9999 0.375294129543274 0.247533329724576 0.131260713008329 0.0898014656734116 0.0756763763121026 0.172748962286954 0.187769257123662 0.151004957945822 0.119529862512967 0.154255794647549 0.106605301347238 0.163647816890425 0.267383096227054 0.259216875684039 0.241377290308647 0.201857193393477 0.0508991937421129 0.0271338552089097 0.0771579636973526 0.0394593977196235 -0.00189988077721967 -0.0428338499149397 0.0278181778815311 0.0564584343361368 0.0351286645989771 0.0256511279497283 0.0392975806929673 0.0967419440534522 0.0985185585061848 0.0831383540941754 0.0281282848035551 0.0287661592203686 -9999 -9999 -9999 -9999 -9999 -9999 -9999 -9999 -9999 -9999 -9999 -9999 -9999 -9999 -9999 -9999 -9999
0.284928688712206 0.0502520106709241 0.247876083530776 0.118546242597582 0.182318761181365 0.0902359576045715 0.151487216140344 0.17080581814238 0.127337051917129 0.14850526754568 0.149263795531764 0.124211859985979 0.241516242142019 0.306198213434723 0.221315432791828 -9999 -9999 0.10706192973699 0.0748044953429286 0.121989154555093 0.0487013944060344 0.043695803264319 0.0144072880413341 0.0562707579551546 0.0643011169069315 0.02126413543387 0.0480837129064742 0.0836275600551461 -9999 -9999 0.112797791434989 0.0614353414341675 0.0522328540021511 -9999 -9999 -9999 -9999 -9999 -9999 -9999 -9999 -9999 -9999 -9999 -9999 -9999 -9999 -9999 -9999 -9999
0.144393315649831 0.110945629766353 0.21329304837898 0.175946410947399 0.17043587675054 0.21475084952607 0.201805993690389 0.186693615103082 0.134815126784606 0.171175462376469 0.197695302408989 0.200281639629479 0.246904390724369 0.158681792817964 0.206094399515459 -0.0777602180101294 -0.0518743232503483 0.0537926064289156 0.0546706611565256 0.0654962400266528 0.0724670500004067 0.0485688076689998 0.242401862694957 -0.0669038529328145 0.0767637127582357 -9999 -9999 -9999 -9999 -0.0430445032370144 0.0192089557204944 0.026572953287327 0.0101385788584383 -0.00103368451804175 -9999 -9999 -9999 -9999 -9999 -9999 -9999 -9999 -9999 -9999 -9999 -9999 -9999 -9999 -9999 -9999
0.115781696892029 0.225031318821233 0.262479339136431 0.214783349322344 0.162016389419033 0.179172824205902 0.158375903207221 0.192867688878445 0.205918416998595 0.237923343981622 0.281502149720349 0.290500884608344 0.254370462416956 0.30106796316108 0.191499970151125 -0.0392913077115421 -0.0741263582741441 -0.0330639877128107 -0.0299002586495452 0.00500762348052303 0.0861071803180394 -9999 -9999 0.0508228371485862 -0.0180629683893917 -0.069322922634267 -0.0477002675784183 -0.00566552365011701 -9999 -0.135174951747756 -0.128789833021814 -0.117305718971815 -0.0737629615671802 -0.0100748046089164 0.0107701786067704 -9999 -9999 -9999 -9999 -9999 -9999 -9999 -9999 -9999 -9999 -9999 -9999 -9999 -9999 -9999
0.168235455890071 0.290939487707472 0.333706455087013 0.247725101669922 0.192678598621144 0.167788899682034 0.182970113252148 0.211753215954147 0.24439099145242 0.250270007984128 0.205179800439099 0.308585257565273 0.310232710294647 0.22566095833897 0.0893219469603534 0.0920432336006418 0.0779808735119911 -0.0435637126488113 0.00610840879855546 0.0165367167543995 -0.0634605936902916 -0.102392826423338 -9999 -9999 0.0455909473744301 -0.0290664177434536 0.0174057945845251 -9999 -9999 -0.086347432115263 -0.0856630700714778 -0.062083484768827 -0.0293564550726789 -0.0090174095909734 0.0430326538987039 -9999 -9999 -9999 -9999 -9999 -9999 -9999 -9999 -9999 -9999 -9999 -9999 -9999 -9999 -9999
0.173650508469827 0.310917755411061 0.183474699240141 0.110434074506334 0.200421838470596 0.174011394225115 0.229351176762263 0.249787529584757 -9999 -9999 0.183297650534553 0.260841400124606 0.130452715629516 0.111725832739743 0.0552658191577505 -0.0245116114984772 -0.0935362590506746 -0.0459860963526651 0.0190984996889114 0.0515741461802314 0.224572487781542 -0.0494054615760917 -0.164845786095211 -9999 -0.0640324426466597 -0.0476940289248318 -9999 -9999 -9999 -9999 -0.0820060753376165 -0.0447734340977232 -9999 -9999 -0.129390710627065 -0.0755362474284162 -9999 -9999 -9999 -9999 -9999 -9999 -9999 -9999 -9999 -9999 -9999 -9999 -9999 -9999
0.189924497113084 0.235326523892794 0.122656617837389 0.118372985464635 0.0936274092663436 0.200668746020643 0.186817624069348 0.264727828608988 -9999 -9999 -9999 -9999 0.0926371047154921 0.074579662996288 0.0914537189543716 -9999 -0.0224080381995412 -0.0413501454338273 0.0890934066252901 -9999 -9999 -9999 -9999 -9999 -9999 -9999 -9999 -9999 -9999 -9999 -9999 -9999 -9999 -9999 -0.144800342320711 -0.129559249679208 -9999 -9999 -9999 -9999 -9999 -9999 -9999 -9999 -9999 -9999 -9999 -9999 -9999 -9999
0.143361095621021 0.181972249862454 0.181518431415507 0.196559771999958 0.210065419291009 0.279514656536561 0.234130996291429 -9999 -9999 0.0659689209433715 0.0660340729245549 0.063535240836685 0.0654527364056874 0.0426305011039474 0.0510368361533268 -0.0673471010510997 -0.0773363300272428 -0.0447678033184488 0.0282161245412238 -0.196490305138478 -0.205392242012258 -0.189114808018381 -9999 -9999 -9999 -9999 -9999 -9999 -0.140941364894981 -0.145799491174353 -9999 -9999 -9999 -0.104198128590997 -0.136887584739382 -0.162457718870889 -9999 -9999 -9999 -9999 -9999 -9999 -9999 -9999 -9999 -9999 -9999 -9999 -9999 -9999
0.138219457532434 0.161017891141181 0.168679755366649 0.222448118687751 0.237362821383944 0.233025684440124 0.258101669129179 -9999 0.0674560927042507 0.0537652857123821 0.0684526047215384 0.0482957313828247 0.0280051132137773 0.0584423752455459 0.0381238935499213 0.0657320697088469 -0.0225757088504312 -0.0210629826595845 0.092478244198835 -0.0200373017840671 -0.119774793366014 -0.164663165952561 -0.186109162074614 -0.065155302237701 -0.056710408137309 -9999 -9999 -9999 -0.148385314898362 -0.210394169488337 -0.196322041921782 -0.159636493392607 -0.0717734534397227 -0.0849053520396516 -0.150390086268116 -0.138940832170144 -0.147322757638884 -9999 -9999 -9999 -9999 -9999 -9999 -9999 -9999 -9999 -9999 -9999 -9999 -9999
0.16769421528707 0.175360281125362 0.215690700015399 0.205844530121899 0.150346726648746 0.236198593236297 -9999 0.0538110598216326 0.00991523282054011 0.0619889142571702 0.0900030844434517 -0.0204028251891816 -0.0210270876502863 0.0349907184693709 -9999 -9999 0.0654018101106845 0.0421767466769089 0.037963055976572 -0.037649804739056 -0.0500609237766069 -0.0849735260360326 -9999 -0.109652863874417 -9999 -9999 -9999 -0.228699285671586 -0.239880919181269 -0.251584589986957 -0.205462906975035 -0.193848210780873 -0.142543045766353 -0.1080730381672 -0.112754250272135 -0.167572219473647 -0.182040878920803 -9999 -9999 -9999 -9999 -9999 -9999 -9999 -9999 -9999 -9999 -9999 -9999 -9999
-9999 0.320396303781619 0.202954617253877 0.214597584096426 0.16527412032704 0.199947115490593 0.0262207870145395 0.0192467486763167 0.0110516962049563 -0.0552011091386582 -0.0447668167620148 -0.0261301469309428 0.0319258239050942 0.0460941461717429 -9999 0.129280880657212 0.116068256485742 0.122547893344292 -9999 -9999 -0.0222394856804467 0.00881718923409533 -0.170936926732136 -0.145995573092446 -0.158704245288367 -9999 -9999 -9999 -0.21158886210274 -0.207200524016596 -0.170095187222055 -0.168506489771678 -0.166775109298247 -0.15545734755242 -0.181449397249554 -0.19041478651891 -0.155437903080226 -9999 -9999 -9999 -9999 -9999 -9999 -9999 -9999 -9999 -9999 -9999 -9999 -9999
-9999 0.290163850896076 0.210172293725458 0.231719085428823 0.151755691672364 0.133001871787925 0.0903284247697062 0.0291499236781682 0.0195595681816109 -0.0254076724235682 -0.0307512531262401 0.033099502203254 0.00308441740000392 -9999 -9999 -9999 0.0779751199088176 -9999 -9999 -9999 -9999 -0.0633572225735675 -0.123533516624473 -0.138316847274433 -9999 -9999 -9999 -9999 -9999 -9999 -0.188189933358454 -0.204408759291301 -0.172231872350237 -0.139631009622328 -0.192836373892094 -0.259812054252735 -0.213937643435258 -9999 -9999 -9999 -9999 -9999 -9999 -9999 -9999 -9999 -9999 -9999 -9999 -9999
0.369347588739565 0.315219631690867 0.286112473234171 0.189391012784666 0.122051707367678 0.308478638032523 -9999 0.149154583083932 0.0735493507777083 0.0470229464689044 0.00809552790839251 0.0675627381755559 0.0610524947859943 -9999 -9999 -9999 -9999 -9999 -9999 -9999 -9999 -0.0881796742087484 -0.0897052860850983 -0.126748471020828 -0.198025304655579 -0.182113678900684 -9999 -9999 -9999 -9999 -9999 -0.216153166014445 -0.15807974702334 -0.259044631092279 -0.136149326805264 -0.153026106271015 -0.111854717668839 0.00873749148580048 -9999 -9999 -9999 -9999 -9999 -9999 -9999 -9999 -9999 -9999 -9999 -9999
0.345126926177822 0.325741847651236 0.141732420841339 0.150561748704086 -9999 -9999 0.0224037551939753 0.0745716796129697 0.142371529758171 0.0863669216685835 0.0474481386598984 0.0604416211843197 -0.00240091649041212 0.0577393385348639 -9999 -9999 -9999 -9999 -9999 -9999 -9999 -0.0111110678676099 -0.0120153201745474 -0.0345410913997906 -0.161908329591372 -0.1597080885318 -9999 -9999 -9999 -9999 -9999 -0.0680220267545176 -0.0940821239107234 -0.185015223601996 -0.118237194918526 -9999 0.0178240623905129 -0.0512437196626118 -9999 -9999 -9999 -9999 -9999 -9999 -9999 -9999 -9999 -9999 -9999 -9999
0.220695194022071 0.290460310792308 0.239072508241944 0.223714652316776 0.205731986607159 0.076415593954995 0.0647996534747114 0.10685083287293 0.182035322996259 0.161568852019739 -9999 0.0199277124788322 0.0243269144723105 0.0848169123854903 0.0675882573069195 -9999 -9999 -9999 -9999 -9999 -0.155092720886277 -0.0574810983093644 -0.00159220159172655 0.058967152047729 -0.134319475757447 -0.128173967191382 -0.144800051138632 -0.142246119629073 -9999 -9999 -9999 -0.209608558419563 -0.153485913051149 -9999 -9999 -9999 -0.224170104174766 -0.109531739603553 -9999 -9999 -9999 -9999 -9999 -9999 -9999 -9999 -9999 -9999 -9999 -9999
0.239273426030218 0.283455556132342 -9999 0.249441865576401 0.251298552655679 0.101374033851221 0.085033234259618 0.145199842100278 0.129610516066179 0.13612446248936 0.128735450947954 0.0806045302187888 0.0969001218623547 0.0509751940915359 0.0677303097650492 -9999 -9999 -0.0476279120630871 -0.0718827338695976 -0.0349907160135256 -0.156042587537147 -0.0939496238634768 0.0583817433223746 0.0438274092143139 -0.316398855505051 -0.257435145810426 -0.223702304547403 -0.135488187396159 -0.168973001171455 -0.115123336299662 -0.170687424205401 -0.186694569470595 -0.155999947878683 -0.094685049701807 0.0238819867051224 -0.177403485991168 -0.227097368473658 -0.252971828606386 -0.211655854587833 -9999 -9999 -9999 -9999 -9999 -9999 -9999 -9999 -9999 -9999 -9999
