data/rasters/s2.04.07.cu.3_xyz_08_.asc
NCOLS 100 
NROWS 100 
XLLCORNER -4 
YLLCORNER -4 
CELLSIZE 0.08 
NODATA_value -9999 
[rows 42 to 62 of 100, columns 0 to 47 of 100]
-9999 -9999 -9999 -9999 -9999 -9999 -9999 -9999 -9999 -9999 -9999 -9999 0.103825880767842 0.173197843840348 0.175343542408972 0.276523427566584 0.3396614479239 0.453614787980063 0.403999114596994 0.495663325599501 0.557591862931889 0.589661319727039 0.433391798616184 0.388029362728193 0.401978668867903 0.236596909356768 0.00709189032914807 -0.149376045260345 -0.218345387118486 -0.158355952108884 -0.100683594145804 -0.125297313036162 0.0738728572335547 0.0901425103711344 0.140216561741398 0.340369847793247 0.373291153734664 0.364881569366681 0.222173099238712 0.248584740720568 0.191826793273441 0.198143639962339 0.605891109956352 0.115676001715983 0.599045554314032 0.273030202485706 -0.107036034922634 0.104949875365028
-9999 -9999 -9999 -9999 -9999 -9999 -9999 -9999 -9999 -9999 -9999 0.0180264112093975 0.0968519005341243 0.113414280758228 0.173490527155975 0.268519715095904 0.45323102783102 0.473019053437073 0.42641213983687 0.503722120993194 0.557843598020597 0.538656009336578 0.470577982234758 0.478227209158212 0.432781011061442 0.300341091877602 0.110470130323327 0.0443187709603029 -0.0638380504108424 -0.00332418001159876 0.0447290152060817 0.0810018053500841 0.0196200971185496 -0.0424712334437615 0.239217948936579 0.402771318313637 0.477026647088168 0.462909679330805 0.564812618359461 0.45514226506875 0.524477619210808 0.43284508891128 0.645608275813683 0.266685765479588 -9999 -0.136294942434769 -0.220322361604983 -0.235787827903494
-9999 -9999 -9999 -9999 -9999 -9999 -9999 -9999 -9999 -9999 -9999 -0.076243225098657 -0.0411714038718478 0.082764149540821 0.232089398719833 0.275601033271191 0.447267965061332 0.49847110879361 0.434964528769762 0.423919964676603 0.789739465594556 0.553839136838183 0.582699279261457 0.567342894680866 0.509517155320964 0.396963013283224 0.214558445955163 0.162654310995764 0.16010759916765 -0.0214740028229215 -0.070528278866951 0.215505807906305 0.205209188907048 0.29234743430449 0.228111116375739 0.352609258703675 0.486871457972795 0.623539717390583 0.549265550675616 0.558023037163842 0.415592391558835 0.516027263076338 0.181144780131933 0.254006418576672 0.262075575643893 0.0969606184280121 -0.230984025777686 -0.111104140545958
-9999 -9999 -9999 -9999 -9999 -9999 -9999 -9999 -9999 -9999 -9999 -0.139505009037693 -0.0779429494802529 0.0389080376611909 0.214656790395658 0.302998270233788 0.350283647027527 0.494664919353146 -9999 -9999 0.826912459158962 0.755279805197882 0.617523032108432 -9999 0.519670172489539 0.476129733794175 0.421831564423514 -0.126534870199358 0.212032503892421 0.180991827056279 0.195897508068214 0.234804268904201 0.226875054051056 0.273259151147227 0.173416707502128 0.217332782308183 0.408742429056493 0.665207404134319 0.615793531706564 0.554983577032327 0.57024959698609 0.615267442014173 -9999 0.177486031012607 0.450499165832614 -9999 -0.214787598738245 -0.176474751156445
-9999 -9999 -9999 -9999 -9999 -9999 -9999 -9999 -9999 -9999 -9999 -0.132606855444892 -0.104126857429337 5.82990584310884e-05 0.147997306188351 0.278194759894727 0.377696760542207 0.265879228239504 0.26217863514553 0.397541730982082 0.511602226212786 0.535013452753275 0.596106536044528 0.599847898789882 -9999 -9999 -9999 -0.113743768296645 0.197691192576966 0.136745699272571 0.0884010964311801 0.0639961116164037 0.142883135210887 0.134539265376227 0.114972186695779 0.177908386845277 0.394236693288448 0.57435025377288 0.616979116710523 0.604102618618017 0.529277335569828 0.502282931871383 0.262346369117117 0.226189013141034 0.10750165076775 0.0373938021567375 -0.0617728252011531 -0.238697755571093
-9999 -9999 -9999 -9999 -9999 -9999 -9999 -9999 -9999 -9999 -9999 -0.116984378188491 -0.0348023000584473 0.0146161168869924 0.00824138612317243 0.199185450843386 0.311186019153242 0.196153655908037 0.229997335914617 0.21587018045068 0.435217743474046 0.573064668019654 0.618647152845833 0.6189568750927 0.693049589652425 0.213291796249428 0.194800234644764 0.206147296317873 0.229536043878274 0.167875829145694 0.0500104299681591 -0.0652618615599203 -0.0809033882840867 0.0321560940473501 -9999 0.148457805993374 0.340484710308882 0.553991402465527 0.547314248083108 0.556739083200849 0.528191741924294 0.395851034135476 0.185656956984002 0.116561422518762 0.144881151207426 -0.0243168984533983 -0.0403687006542099 -0.035017636888348
-9999 -9999 -9999 -9999 -9999 -9999 -9999 -9999 -9999 -9999 -9999 -0.0911234148378152 -0.00620457279596827 0.0199262170482318 -0.0149132964769421 0.0198882513374694 -0.0977168764291837 -0.0456808161714707 0.0134074633660125 -0.0468826236508277 0.0758450345727244 0.24077845742852 0.494929135298475 0.524209831793407 0.604616119437865 0.248185199130937 0.199794665189185 0.190942158309308 0.182605244456978 0.17332902591842 -0.0110703367226788 -0.114143360750751 -0.0420085272427966 0.0193355220471662 -0.0313299642576365 0.0667557329145513 0.302348182223117 0.491654480449591 0.493459959345916 0.49475705614495 0.52643426351904 0.462334377763446 0.270895867382875 0.02107887025211 -0.0145203045088393 -0.0323212075623732 -0.0402879708286925 -0.0428707594130832
-9999 -9999 -9999 -9999 -9999 -9999 -9999 -9999 -9999 -9999 -9999 -0.0554809409405759 -0.0140732143093054 0.022934903105481 -0.0291305735082401 -0.149606103684786 -0.196463506413369 -0.183966297798699 -0.179368304894087 0.0263794676121063 -0.133557218521401 0.141707852728124 0.239970165182298 0.204526489111149 0.353170168362742 0.305930186024714 0.188432433979946 0.157168617901356 0.139530298578652 0.139556534855119 -0.00839316959827329 -0.10330073457261 0.0216367559617794 0.0173882533109797 -0.00385168853272348 0.100601524907268 0.248299577801388 0.375293458701338 0.363304550440322 0.490126829831516 0.525284487387568 0.508372101163681 0.368405191793061 0.206110081961932 -0.0393998737005702 -0.105040563222277 -0.00834914755887151 0.0359976023412334
-9999 -9999 -9999 -9999 -9999 -9999 -9999 -9999 -9999 -9999 -9999 -0.0529504422597791 -0.0415745699560768 0.0329755538206163 -0.0737822174929228 -0.219729491656335 -0.235519208557651 -0.259756168695205 -0.245906383526248 -0.213887080632347 -0.218228958226432 -0.181887660590227 0.0236803180880088 0.106888493324084 0.370204055644996 0.300390726891605 0.189581843942913 0.146017259078016 0.105824581521534 0.0827093084590216 0.0131100637559818 -0.0513038872550973 -0.00478607753135238 -0.0212016472167702 -0.0174018947632145 0.0941992790870856 0.215629346495589 0.260600872754163 0.374414150872558 0.53137518879939 0.552018850017519 0.490933642775233 0.49987795574678 0.157016201236425 -0.0125333265086094 -0.0803654481871656 -0.00638957828849858 0.0897065047237693
-9999 -9999 -9999 -9999 -9999 -9999 -9999 -9999 -9999 -9999 -9999 0.0196364708772149 0.039241333158858 0.0319688215211371 -0.0569166171644745 -0.21037496067344 -0.253867649039661 -0.294018427884676 -0.299012943340676 -0.321471902123174 -0.300975182574136 -0.250149280078398 -0.109373541881948 0.0206567092560854 0.188510266125707 0.297995442869653 0.286965142319573 0.0986268398544149 -0.0358875402239809 0.00609523047662958 -0.00516322957809642 -0.0902257322427061 -0.0439129101748125 -0.0684061977892791 -0.00645254920024597 0.064854654176846 0.229849977762147 0.295233437121859 0.48398946026596 0.733567286613581 0.628124923654522 0.421791587350801 0.501780766842735 0.147442651950847 0.0599714147400173 0.0505274433536778 0.0263907204401813 0.287494747340876
-9999 -9999 -9999 -9999 -9999 -9999 -9999 -9999 -9999 -9999 -9999 -0.0687550092073525 -0.104696861001074 -0.0656139369094837 -0.0769900108609335 -0.18670666158964 -0.255802269870915 -0.352596164734042 -0.366785448902664 -0.37877437652182 -0.375607441473689 -0.305038781580238 -0.251573217223477 -0.0781646914715987 0.187681871912358 0.296465160168364 0.197445565106141 0.127004689245077 0.0929904642758557 0.0589023133554811 0.050097255334393 -0.0484996893695291 0.00705679171767754 0.00841979577924138 0.0551333427626812 0.114724593529372 0.270370855242403 0.323994453395836 0.687172958939631 0.645991223753813 0.711602251678896 -9999 0.577897358468538 0.0805830009046404 0.227950160590893 0.193333054639805 0.261553754604106 0.289111265233028
-9999 -9999 -9999 -9999 -9999 -9999 -9999 -9999 -9999 -9999 -9999 -0.0625919691762939 -0.121637944058253 -0.123571261870779 -0.118322739176957 -0.171484876990447 -0.264186444758619 -0.348872720047953 -0.395208165997389 -0.418836410878758 -0.366107846804344 -0.311343478035577 -0.249889515267705 -0.0453817676180971 0.100976029281043 0.159921005137839 0.144896116693958 0.21007550150677 0.190922856751168 0.0889502880254665 0.0973316376023298 0.0090822719529118 0.0546673999338933 0.0982767091891569 0.135520466762914 0.243474862620895 0.350910919313234 0.721646152477259 0.638492027300249 0.622050996455154 0.660907390477833 0.734571968372607 -9999 0.639203805642788 0.56482257425353 0.374479050167351 0.388430031744305 0.428306854934577
-9999 -9999 -9999 -9999 -9999 -9999 -9999 -9999 -9999 -9999 -9999 -0.084316498585746 -0.101964312462859 -0.121154131046299 -0.146010740196776 -0.21244141170975 -0.270294559108586 -0.308098506235635 -0.321969129253645 -0.356031219888386 -0.400682107225792 -0.287546480444634 -0.20621837748067 -0.0795290095844222 0.0548399352050619 -0.0138792990547674 0.0104053322254553 0.0959358152683249 0.0978959892937886 0.09714687567918 0.107082700443177 0.0735511668040632 0.265375504106482 0.198453037307089 0.262620233918958 0.364871382532858 0.407275007919849 0.411044646819509 0.553728274612311 0.472320154267144 0.53480256468212 0.695328509829428 0.927528304274737 0.552295183745204 0.50001945708846 0.374487384018201 0.543891243084514 0.380154792511762
-9999 -9999 -9999 -9999 -9999 -9999 -9999 -9999 -9999 -9999 -9999 -0.0665332000615663 -0.055883753585739 -0.0949241623736657 -0.137130619082594 -0.174564959333455 -0.299541346636006 -0.343532454535971 -0.285727750791791 -0.284448714543304 -0.296318254003318 -0.215962567983915 -0.193957738998132 -0.136093372269127 -0.0851504067831324 -0.11367162112852 -0.115392681528524 0.0749271323630806 0.0317410009938989 0.0901531015654504 0.134515331417867 0.209103210872941 0.330407349966935 0.394254347571944 0.408609003625487 0.51282449171091 0.350666431565552 0.351642278655698 0.435955903484347 0.314003866046503 0.34157992642203 0.493867461902465 0.447003067399654 0.511027444873285 0.550400129911294 0.477131417856344 0.581311562664984 0.370875790622243
-9999 -9999 -9999 -9999 -9999 -9999 -9999 -9999 -9999 -9999 -9999 -9999 0.0655342577618422 0.0097669572768057 -0.0619503773835 -0.104925250485616 -0.189855977488969 -0.30863301086992 -0.310374574100518 -0.191562573546624 -0.168547974228254 -0.162655117207851 -0.150198738031445 -0.139574240306246 -0.162446936559022 -0.215874799394943 -0.168730264372396 -0.0464829487405889 0.106842007812902 0.140774380599505 0.119473176221546 0.178176699621636 0.418576953035772 0.53996878011612 0.490234758742881 0.523895185915968 0.532056852760306 0.336855051750911 0.34230995028531 0.31533180996603 0.362938049740461 0.39413845826071 0.464180753013306 0.4865473879367 -9999 0.534752710427605 0.481343692515804 0.346415136608875
-9999 -9999 -9999 -9999 -9999 -9999 -9999 -9999 -9999 -9999 -9999 -9999 0.00491435232180482 0.0440790095003424 -0.0880904279840482 -0.09082150007397 -0.0619362516671062 -0.141474270049057 -0.232462835521334 -0.14813293977135 -0.143281506828024 -0.185304222916969 -0.161501941674447 -0.216327141077338 -0.273423735003637 -0.254909934829122 -0.265053264506437 -0.176335549583962 -0.0343091936375935 -0.0336133114758033 -0.0488752235403945 0.104259449028577 0.437918386845625 0.602859715281409 0.627995200223429 0.523207428731647 0.43954228178823 0.294279555747157 0.28843655138422 0.264898920377932 0.378820439286081 0.572457442025381 0.507597540105743 0.567370278593632 0.682710277032567 0.550539175354504 0.349510244957875 0.30462478810514
-9999 -9999 -9999 -9999 -9999 -9999 -9999 -9999 -9999 -9999 -9999 -9999 0.0245045821362326 0.0105322228502027 -0.0809088691094071 -0.0662322790034325 -0.0407364999481361 -0.0548230394788908 -0.091509433296017 -0.101843505438224 -0.168462695296617 -0.226064611869042 -0.226394304866952 -0.295739805672704 -0.250050292330323 -0.345560259346209 -0.299304454576476 -0.294673313062258 -0.167248972017284 -0.209764606150232 -0.158032851203294 0.22926868371406 0.478803927534544 0.681307611259138 0.613778655904227 0.631209993046489 0.508597314387703 0.325213656782675 0.315754019453547 0.280571247170017 0.358561956457517 0.43653961583908 0.634628123431099 0.691767785610585 0.690395439343216 0.424373164842283 0.303130081878497 0.315573429843651
-9999 -9999 -9999 -9999 -9999 -9999 -9999 -9999 -9999 -9999 -9999 -9999 -0.0054434261257296 -0.0375255649053764 -0.0811715865909081 0.107876272912504 0.082246200139028 0.0274968445620552 -0.0116078977616774 -0.0451090359012761 -0.170592966732285 -0.297157562315203 -0.343373670706306 -0.401649062595357 -0.410387504058983 -0.393514862824683 -0.382247306162246 -0.322746877670968 -0.240529961617843 -0.180265339413108 -0.125093286002878 0.0559522572400556 0.470734036998018 0.720129554715105 0.852173356689131 0.709932108408019 0.616489499380659 0.331845590764175 0.404486493676467 0.368689264024178 0.355872442728175 0.353095809922275 0.422888798435007 0.718856333736585 0.749150415005914 0.438067060481155 0.360451087953749 0.325460706535329
-9999 -9999 -9999 -9999 -9999 -9999 -9999 -9999 -9999 -9999 -9999 -9999 -0.0165923295929826 0.0325203428844649 -0.054136895532779 0.127358938498698 0.254974716898303 0.155342687191716 0.0585783788268507 0.0163928175470523 -0.0405420135804838 -0.3321872927213 -0.40865930465677 -0.411508614739446 -0.439677102577535 -0.406272058662166 -0.385071226360436 -0.368496802499273 -0.293704497497726 -0.265992813602215 -0.209239745289503 -0.00243710647429418 0.340334977732141 0.61868970044517 0.800495244435548 0.663232376344844 0.67966333435085 0.509172755397861 0.508291231799478 0.540224521368782 0.324741284739861 0.150230306325192 0.199531969372272 0.202688994213468 0.256679371743847 0.197462884821116 0.0679861736898667 0.289140544692712
-9999 -9999 -9999 -9999 -9999 -9999 -9999 -9999 -9999 -9999 -9999 -9999 -9999 0.188257278488367 0.317852769545871 0.236984113749376 0.275640709744033 0.226957396833738 0.201023956514242 -0.000613294087910127 -0.211681334094314 -0.215651366801607 -0.417124771913941 -0.412053271469248 -0.424909399134186 -0.409415694326964 -0.399167787244022 -0.389128625163304 -0.339820985105794 -0.230002920039393 -0.217396706058417 0.0738388999797202 0.298743264776382 0.628354681841061 0.689864381822776 0.624161661495334 0.633912971127095 0.433918267262345 0.440637473762794 0.320444609998049 0.237122946398342 -0.00393164539140954 -0.0495292691829476 0.0999989785506365 0.0266864760558153 0.000265775205555314 -0.0366093711196379 0.0441766831408189
-9999 -9999 -9999 -9999 -9999 -9999 -9999 -9999 -9999 -9999 -9999 -9999 -9999 0.257923093481132 0.40951924912258 0.389212464977993 0.238788277918169 0.282794359190776 0.283964158978378 0.104308528050088 -0.10951142599127 -0.319253952769617 -0.405449062916816 -0.420848829091962 -0.399132767213819 -0.384951345297028 -0.385801738966044 -0.346981021164916 -0.31793346046677 -0.281232858549137 -0.21067566126642 0.0173849180661449 0.382873277451862 0.523321696588907 0.618385631874162 0.567531102006051 0.459767768561571 0.3116782352066 0.262217278492698 0.171843529187656 0.0125344230599197 -0.085716636045469 -0.250415215194794 -0.286743279096234 -0.291035778299327 -0.311034167769141 -0.303760533042078 -0.330178195750544
