data/rasters/s2.04.07.cu.5_xyz_08_.asc
NCOLS 100 
NROWS 100 
XLLCORNER -4 
YLLCORNER -4 
CELLSIZE 0.08 
NODATA_value -9999 
[rows 42 to 62 of 100, columns 48 to 95 of 100]
0.0482177106764683 0.199665983077387 -9999 -0.215534201117569 -0.266640061043339 -0.297700559832973 -0.253745787725802 -0.294585285795392 -0.294751846414991 -0.233019174814483 -0.209291606759374 -0.17960056480831 -0.130104541260709 -0.179650614521124 -0.103070283368543 -0.0647851978809093 -0.0134397059824627 0.0703603041698741 0.064320504268202 -0.0508962127168316 -0.00435767971304685 0.032486464224222 0.0772019124375057 0.12742807256735 0.266130554507321 0.220114793027958 0.225097681477332 0.104060938114202 0.0609334069048949 0.020793566056741 0.0854195497857238 0.0703302627859258 0.127230720695463 0.124247937194429 0.0184873798628023 0.0048361652076002 0.025570216050395 -0.0214086285489124 -0.0198447213164838 0.00732668377607722 -9999 -9999 -9999 -9999 -9999 -9999 -9999 -9999
0.0752637247366798 -9999 -9999 -0.188144350528012 -0.228935849776215 -0.156885364163007 -0.313646163373996 -0.343261566418287 -0.317867114233749 -0.341798486257957 -0.280796858338572 -0.222635622046721 -0.0823651501629345 -0.0768218875015844 -0.0592052735630851 -0.044721786107825 -0.151012075092685 -0.170528764150643 -0.164946497204408 -0.159726101452576 -0.0784106892569259 -0.0864350721785866 -0.0044766376064786 0.139299773629137 0.276384774936808 0.251606889696043 0.223894955303959 0.195411394128931 0.219390958726265 0.111547611807629 0.0843295055001017 0.0765464266355331 -9999 -9999 -0.0448605253559047 -0.0223819140317211 0.0440665555586448 0.0270751064868984 -0.0378531494177129 0.00182681174163448 -9999 -9999 -9999 -9999 -9999 -9999 -9999 -9999
0.00425754629404819 -0.0334869080234549 -0.156930799064764 -0.179869187124783 -0.187529428607504 -9999 -0.289398981245402 -0.316906489398567 -0.327582098636179 -0.270838986058698 -0.235391837881751 -0.237394417336815 -0.138460030716159 -0.0600056718423523 -0.021891856129128 -0.0952968543426313 -0.169928290813001 -0.204614069107166 -0.171456800381492 -0.207727359751325 -0.182695921058766 -0.157401269275147 -0.0374868605337753 0.139639140087942 0.243978340032238 0.244657731453215 0.222107942371707 0.194988226714724 0.168374031003539 0.103804275518208 0.112331843611693 0.089433263993928 0.0933515298097339 0.0689812350860223 -0.0167545839237605 0.00138996491769173 0.0678855284391692 0.12727965041209 -9999 0.0750362032195566 0.0874871524245244 -9999 -9999 -9999 -9999 -9999 -9999 -9999
0.143876955003994 -0.0568504470012067 0.0808726581152405 -0.130047616988749 -0.155744391487953 0.100743484525935 -9999 -0.299803487445845 -0.256341399697726 -0.180759891433597 -0.183775572285931 -0.151700746752702 -0.167322386610758 -0.101527697426904 -0.073195156068951 -0.087519535058607 -0.133791096426991 -0.169189950565181 -0.163107898319422 -0.225637902582294 -0.200879743423702 -0.184477465623754 -0.0911274978521755 0.106235786074153 0.214184671537713 0.281873659306743 0.217893877660458 0.157269297556745 0.0728522760486554 0.0647221368288485 0.0997289076671557 0.11705072913013 0.226138878120881 0.0627499429119973 0.138756140464849 0.124976324173342 0.147309362057088 0.171443278414935 -9999 -9999 -9999 -9999 -9999 -9999 -9999 -9999 -9999 -9999
0.182468613645908 -9999 0.0841893972190631 0.0016852423011499 -0.0394934352432226 -0.148409993296917 -0.211281070722661 -0.00245099995705862 -0.1275340716196 -0.139368410495355 -0.172088637531361 -9999 -0.123256270620719 -0.129885922413706 -0.104296362444594 -0.134586873728557 -0.115042579158705 -0.126607076557477 -9999 -0.216154386973165 -0.206724723163831 -0.176149671427761 -0.0731154855031096 0.114776073869274 0.208132809030239 0.194712914844122 0.170741366774303 0.107295311663651 0.0222979221845484 0.0238741162669284 0.103879640077337 0.156079763865606 0.243861103961409 0.290694286709201 0.219235411215001 0.147805485427625 0.128444364861599 0.186850373022034 -9999 -9999 -9999 -9999 -9999 -9999 -9999 -9999 -9999 -9999
0.282893172201375 0.0430026719456874 -0.0370107058473219 0.0451561243608163 -0.0691605793665559 -0.22340054863659 -0.124322453576786 -0.180088651569337 -0.191200826895213 -0.0946615682551118 -0.104653067034509 -0.0605266937450546 -0.0160952493653931 -0.0391176593312029 -0.133910121677897 -0.168089319829921 -0.138043131403328 -0.186611162507096 -0.110841001446753 -0.00867664346001773 -0.177090453517942 -0.16095830372931 -0.0491013487738854 -0.0188208642527286 0.0844985702447504 0.12798939545976 0.0861442989989294 0.0830448456709104 -0.00277123546609933 0.0304144771239573 0.106719939707379 0.139318899954795 0.202457323223825 0.19218380000985 0.165730307163012 0.205656948542157 0.206097800980077 0.196720128173146 0.205529588192403 -9999 -0.01796342405404 -9999 -9999 -9999 -9999 -9999 -9999 -9999
-9999 0.0403872277744896 -0.0518000550991572 -0.151446226174803 -0.140020860491777 -0.137823037897187 -0.0255419178329885 -0.204596875230505 -0.25495816315651 -0.0482478991275128 -0.0337199039445526 -0.0357235823139551 -0.0826091921899049 -0.141948447669291 -0.125830186554055 -0.131559716920828 -0.0778554600771744 -0.0125484991831313 -0.0377178537586224 0.0247892054984229 -0.110539952742745 -0.000399488939484497 0.0912484589327128 0.053173820944614 0.0348730380011772 0.0819038837139949 0.125463352200432 0.0990446161336432 0.0286534568631362 0.0723131886251517 0.0823239743365021 0.154151109598999 0.177665936446625 0.150454778109013 0.216458369149899 0.314140736968214 0.243476328343922 0.215870808038665 -9999 0.0782281215121067 0.0947384865767565 -9999 -9999 -9999 -9999 -9999 -9999 -9999
0.0990421463501975 -0.0297313467900707 -0.116368058416589 -0.169076279191944 -0.174767987374387 -0.127645958278532 -0.0664483941007135 -0.0294855380148647 -9999 -0.0118494341697005 0.0113091595713619 -0.0233546962478127 -0.103560826405646 -0.125619797410349 -0.12364985624615 -0.102208261131334 -0.0385294493304678 0.00585851319054028 -0.0431280593139769 -0.0944031979019817 -0.0639154960849191 0.0163855539793086 0.172664926366583 0.166499757020662 0.0881441139511392 0.171436278245364 0.165071132141955 0.0701415378324356 0.0412951778775174 0.0276077900025002 0.0273971884302538 0.168536735241615 0.162399296951422 0.178709850684487 0.217965452269572 0.200699885838552 0.21754105823155 0.281139137936936 0.146534076841775 0.184958362475395 0.114349178493285 -9999 -9999 -9999 -9999 -9999 -9999 -9999
-0.0385504057910606 -0.0875516969482667 -0.185100977846628 -0.182777221615583 -0.164339620935215 -0.182402669256512 -0.130986280258938 -0.132199004644783 0.00925602410578405 0.0222328359487756 0.0640695737200742 -0.0334471360203788 -0.079371159072137 -0.131542686008697 -0.145137442362895 -0.063877133921812 -0.00113359224606765 0.0272089875922019 0.00966938111524979 -0.0748296526131039 0.0506343128326443 0.0958017568300719 0.182112147110211 0.189205398464825 0.20203758500133 0.140872028013682 0.114474083460017 0.129144952995921 0.118419742024269 0.09091765997306 0.0461398217007226 0.299887155778792 0.247597787332077 0.157416998454623 0.190164687472308 0.180229060736362 0.105742629171599 0.0883053539476395 0.119092459880855 0.054571923119939 0.102189968951622 -9999 -9999 -9999 -9999 -9999 -9999 -9999
-0.0843369154839779 -0.0900137471837943 -0.179191938872065 -0.19050601710723 -0.162454699634475 -0.202134709202571 -0.219264099149667 -0.161420411797238 -0.083832199976957 0.00924786656012142 0.036204810186507 0.0743028493772769 -0.0207478369424176 -0.0398463095589124 -0.110809709644138 -0.126207498916494 0.0166378203196976 0.0596509855122909 0.0605378050782654 0.186051070182494 0.169845673657035 0.210476209798481 0.207009857820036 0.216785039155073 0.318085224954554 0.225153826939214 0.10615821183587 0.177392154454806 0.081678993311245 0.123638282621453 0.099519619982709 -9999 0.0764194407862833 0.129316331241582 0.15157416050141 0.138722125267204 0.0950170738781743 0.244917967571191 0.106837270909806 0.0527048353879864 0.0872946382753974 -9999 -9999 -9999 -9999 -9999 -9999 -9999
-0.0905823101267637 -0.0737700675733135 -0.2148521196568 -0.21993855895323 -0.230915499490158 -0.143236880386042 -0.125250004071096 -0.0516639749358698 -0.0938582482306896 -0.0721720606734224 -0.0754305660941107 -0.0024812474815706 0.0312416923737651 0.00464803591355605 -0.0436400346669954 -0.0939026097744571 0.0654114483986576 0.143613620556982 0.0796361633461768 0.201312424989119 0.241952838532036 -9999 0.205916639119223 0.273423863076393 0.400639960452544 0.105044552566959 0.00741711482827224 0.0731700006986162 0.0191884106111148 0.0403862214697179 0.0436692582975754 0.147946304199074 0.149303165573805 0.139068667055758 0.146644939371991 0.240246114075229 0.115532198347697 0.140022867411961 0.125267692150673 0.140949782323266 0.144909477883393 -9999 -9999 -9999 -9999 -9999 -9999 -9999
-0.0663989123166543 -0.12978637008455 -0.182798399595642 -0.175843128967998 -0.158063344512594 -0.0831993774752805 -0.134918791058398 -0.076173304969233 -0.0425834672829556 -0.116971541329418 -0.0172919515351049 -0.00736201146825019 0.0766084935220154 0.0134375932500717 -0.0571212624881667 0.0242104985329151 0.101285576805543 0.1511463054329 0.155605913834808 0.166247602721199 0.248865365530546 -9999 -9999 -9999 -0.0132051568807426 0.049565433158512 -0.0303205407788456 -0.015511787568225 0.0786951359864167 0.150239466520596 0.151551563068893 0.125789181327079 0.137588786430619 0.16148512177301 0.15977385063887 0.154738019121125 0.119932627686091 0.116007302125121 0.166446798058481 0.195486574294989 0.31548180856134 -9999 -9999 -9999 -9999 -9999 -9999 -9999
0.00620129544657383 -0.110142531879669 -0.172275464034581 -0.158692622554026 -0.079744376714232 -0.0304504826148144 -0.0802416103048444 -0.0923758362134419 -0.0505237268044592 -0.0504512459802464 0.0653829859670181 0.0586035862031858 -0.0129568906204739 -0.0460636656868043 -0.0844818006633876 -0.0219066273949821 0.0139118879984815 0.0175732777028276 0.16482080369618 0.257850199461052 -9999 -9999 0.0759137452495437 -0.0721866471949455 -0.0975588322215719 -0.0471222713364605 -0.0547033536427769 -0.0606243511610032 -0.0107032430869322 0.115522925580108 0.0107560179636187 0.10206415476249 0.108284820158861 0.153164284939302 0.163324601352924 0.171461871177006 0.164238693965467 0.174983784852406 0.154782525314838 0.214988564671595 0.232570747820848 -9999 -9999 -9999 -9999 -9999 -9999 -9999
-9999 -0.0204975587142834 -0.0296762637066584 -0.119286685437647 0.132153337971048 0.025944064317837 0.0295913111423804 0.0117207124128478 -0.0248928101745048 -0.0442643489726497 0.0416117385311579 0.0480295922859029 -0.022115235522816 -0.0412260020175607 -0.0489790146919216 -0.0247957311753016 -0.0450803577851729 0.0707113836795339 0.126418868492617 -9999 -9999 0.00479631066025618 -0.0257999516569929 -0.0864691049584049 -0.121840623392693 -0.0729227563300326 -0.0885092485550196 -0.0478776393440147 -0.00899442320796142 0.0236624794817544 -0.0385611977041381 0.0645365307519802 0.14142884955292 0.188624969491203 0.169932648594814 0.175122971443747 0.192519280830539 0.203728516673222 0.198131143855553 0.164511872380094 -9999 -9999 -9999 -9999 -9999 -9999 -9999 -9999
0.0654413197890237 -9999 1.7244376035377e-05 0.0239092700650755 -0.0484890341879481 0.0134325692748957 0.0862620874240603 0.0440278050249772 -0.0589366429838051 -0.0360880161281108 -0.0414462003544164 -0.0394221167327564 -0.0622998127354831 -0.105667287160583 -0.16169082287383 -0.0735023471265589 -0.107623190061501 -9999 -9999 -9999 -9999 0.00494595462406295 -0.0256973956111104 -0.0740210307429975 -0.116228141269307 -0.108776573853628 -0.130792138853695 -0.111639423528305 -0.036554590224391 -0.0140342563744548 -0.0312127423081862 0.0501192268303453 0.0907147884038009 0.106131764613902 0.140691204085554 0.164375013619719 0.181607263705135 0.230352662991339 0.26341957799551 -9999 -9999 -9999 -9999 -9999 -9999 -9999 -9999 -9999
0.00616595375510512 -0.0103387153383749 0.166679128033016 -0.0143391738040684 -0.00976543004907035 -0.0270379271308313 0.26447343263622 0.280631441948256 0.0495316758662022 0.013961330152424 -0.0336565161337378 0.0281969388372109 -0.146507773390732 -0.169226729756162 -0.168394646163985 -0.174245751036635 -0.0409632037528293 0.0244880957920505 0.086983320051023 0.0727442919048944 0.0650693363454962 0.0771371046877842 0.0324364169432895 -0.0771690003690494 -0.121296907802033 -0.126407958249741 -0.108217269073007 -0.0493401083836575 -0.0346283904882646 0.0113119380343756 0.0088840703181451 -0.000409710142770467 0.0433562910355292 -0.010381773078596 0.117606891938334 0.106194034164043 0.277341304475897 0.171757995520042 -9999 -9999 -9999 -9999 -9999 -9999 -9999 -9999 -9999 -9999
0.044320716223989 -0.010089833941348 -0.0202609466404244 -0.0614960815766908 -0.0575524905351784 0.00333193923700653 0.238727846509799 0.0233490808881923 -0.0152441116499448 0.062160796562854 0.105626084174552 0.086954562256027 -0.177421316359004 -0.186813807336539 -0.0961146960414731 -0.149181607444744 -0.0686205571230246 -0.046640040152236 -0.0895356054488709 0.00791138309925579 0.0572936234913393 0.127070080744286 -0.0214097038003162 -0.100127945361292 -0.104014081711503 -0.11101118927783 -0.0418962656842144 -0.0222743783220131 0.0255334821037006 0.0606244475804925 -0.0363241221604254 -0.0212136708568988 0.00485482811646164 -0.0538729229015415 -0.0700011599746606 -0.0335633263797386 -0.0248260781218048 -9999 -9999 -9999 -9999 -9999 -9999 -9999 -9999 -9999 -9999 -9999
-9999 -0.0268523575006913 -0.0208595750415464 -0.0933168728624255 -0.0913757055533253 -0.0474932676214392 -0.136433152942727 0.112670334489849 0.0632516831957249 0.0645809836022682 0.00477024793436479 -0.0505270505467088 -0.125051098615617 -0.136043666890636 -0.122319529321556 -0.14726477081098 -0.166485807360603 -0.135893923597406 -0.0827201536955651 0.044380852592073 0.119767064812768 -9999 0.0343006811289598 -0.0513514567777269 -0.0606477188687799 -0.0909694396014203 -0.0986913824622516 0.00344593132237955 0.00732408069300786 0.0388041652306189 -0.0400768140655758 -0.0109280815517828 -0.102685056259122 -0.11866738795279 -0.102763860928379 -0.097874874108944 -0.0672266886068631 -0.0101229595308289 -0.0419251960438351 -0.0271777684254672 -9999 -9999 -9999 -9999 -9999 -9999 -9999 -9999
-0.00219981341419834 -0.0982305239001093 -0.0522011202147142 -0.125998491028432 -0.13237095974961 -0.0950286024675432 -0.073496834720771 -0.00121589887252259 0.0780151530655403 0.0917189629227207 0.0547908698345756 0.073379015363826 -0.108697389353241 -0.163036201772375 -0.0880022776011025 -0.134924359653655 -0.0720931598050591 -0.00356654354066273 0.0440711952564331 0.00503519003080853 -9999 0.075956521428297 0.0862589413402246 0.139149167287904 0.108415109166807 0.0187921263278812 -0.0726579031658152 -0.015081542923434 -9999 -9999 -0.00311459453290635 -0.0523358366410918 -0.0227792589353808 -0.159033745775927 -0.174030548820989 -0.152969113335904 -0.0928642423145188 0.0203648042846736 0.13751798200736 0.160947108304666 -9999 -9999 -9999 -9999 -9999 -9999 -9999 -9999
-0.00822370558451263 -0.00012436557087398 -0.00744812058413553 -0.0455601693349557 -0.124968560336105 -0.118050171222709 -0.0345822181065143 0.0286581656449333 0.0298160683561973 0.0436017445214928 0.0120884448136387 0.146281019164827 -9999 -0.0260921814781716 -0.130807852102936 -0.138448360626228 -0.10197552819282 0.129206850674782 0.0854994466633705 0.0161088813558085 -9999 -9999 0.329613985392649 0.246774018956622 0.155137427894063 0.114234739532462 0.120477814404365 0.0528125299361285 0.0226417119249659 0.00947801310077927 -0.0508959553379932 -0.0908690697505181 -0.136904840233229 -0.168900816788234 -0.182934897396534 -0.127073887345672 -0.0984745894787211 0.0352081500055729 0.109319154504306 -9999 -9999 -9999 -9999 -9999 -9999 -9999 -9999 -9999
0.0862031580234548 0.0887204820710698 0.0771684250637924 0.00407385386410135 0.0233138835619817 -0.0558946912527583 -0.0353084218363094 0.014768988943614 0.00957697512540877 0.0236876782415057 -9999 0.0160877839271152 0.00518379804424078 -0.00100471917928909 0.0152996597373722 0.00727140411194841 0.0483936703845631 0.0887772021929083 0.0307758689341587 0.0367386385971543 0.0772962922498233 0.0311890974611893 0.115143925569827 0.0910868188455371 0.124984204690671 0.0858782878025522 -9999 0.103211529012277 0.072358658721526 0.0770895802405258 0.0185921647941168 -0.106069143906948 -0.156830857586294 -0.154756465164591 -0.177127182179451 -0.147631158706609 -0.0820721749269631 0.0465346742485081 0.0481645841303654 -9999 -9999 -9999 -9999 -9999 -9999 -9999 -9999 -9999
