data/rasters/s2.04.07.cu.1_xyz_08_.asc
NCOLS 100 
NROWS 100 
XLLCORNER -4 
YLLCORNER -4 
CELLSIZE 0.08 
NODATA_value -9999 
[rows 44 to 65 of 100, columns 50 to 99 of 100]
-0.165005670210915 0.033288887531963 -0.18932736810241 -0.207364720023921 -0.416088936050066 -0.527946524776534 -0.447198751829055 -0.571880649390094 -0.403271428510155 -0.538949336253559 -0.512979921709105 -0.414295449747182 -0.364886533636598 -0.355603242218027 -0.373474363303738 -0.364173794441927 -0.295995107117414 -0.14941859649129 -0.101328505792163 -0.0904873476826922 -0.151278445259992 -0.107510145481133 0.0816950119110342 0.0824635270401547 0.166794317262094 0.093193204136323 0.131790115501784 0.20457103345448 0.264927806669704 0.345053071523649 0.469664739361757 0.543032307399143 0.403795506341192 0.400435020741252 -9999 -9999 0.262995513883282 0.223100682788973 0.188571594526069 -9999 -9999 -9999 -9999 -9999 -9999 -9999 -9999 -9999 -9999 -9999
-9999 -9999 -0.172922392741596 -0.251195765482949 -0.384541961209432 -0.581303101783739 -0.547575829716394 -0.416687516460183 -0.355206117405943 -0.494855530080625 -0.482722935324607 -0.539770854829783 -0.468342751594907 -0.358200562705889 -0.374877639823217 -0.222552068347063 -0.247360129827825 -0.104973493799487 -0.0938114072253652 -0.0626497956739719 -0.123795705837472 -0.0988678182503189 -0.151549162469647 0.093672347323155 0.154563056357406 0.214653133647443 0.188653071376751 0.171814742456859 0.270799108794773 0.376038433060048 0.453542648597049 0.52666092799297 0.423885435129927 0.365388029628806 0.396822742582166 0.257263459007774 0.25462349021859 0.243012030321449 -9999 -9999 -9999 -9999 -9999 -9999 -9999 -9999 -9999 -9999 -9999 -9999
-0.414450742248872 -0.437693345090499 -0.43009104805114 -9999 -0.221312294288156 -0.622190693822821 -0.486754800493949 -0.614105549795793 -0.702613055645354 -0.630389348180903 -0.578414304077592 -9999 -0.327804423071699 -0.37426631595435 -0.367904485444619 -0.234474085118576 -0.15727350099427 -0.113472829759268 -0.0854202347489779 -0.105781385244159 -0.138448884726392 -0.179520313109424 -0.146650693270902 -0.100390029986314 0.0410533776040849 0.033051918825239 0.124037109235741 0.0735237468438665 0.1548384480936 0.300896475218362 0.184709777484819 -9999 0.325320133870034 0.114357682240923 0.280068534838882 0.224456340127051 0.242397826633987 0.240753995224638 -9999 -9999 -9999 -9999 -9999 -9999 -9999 -9999 -9999 -9999 -9999 -9999
-0.4390410014843 -0.45903343179077 -0.450184038660274 -0.466890654751036 -9999 -0.598149111960525 -9999 -0.725483302804133 -0.717658324330119 -0.665242647215559 -0.628418432919391 -9999 -0.368666087487106 -0.367152248308005 -0.345310847425785 -0.301693603301302 -0.159114601191487 -0.109856997468433 -0.0891085123508307 -0.140910381353194 -0.126412393566291 -0.187862250377952 -0.188314958230569 -0.193240367403798 -0.143648014432773 -0.102864517009037 -0.0448810687698821 0.156976434317398 0.342295141537787 0.342234827592867 0.192828854313985 0.320078076820147 0.219501476051179 0.11830257877598 0.190167208501725 0.239627132114714 0.254671878465912 0.249133054509332 0.215507588541934 -9999 -9999 -9999 -9999 -9999 -9999 -9999 -9999 -9999 -9999 -9999
-0.454578812977653 -0.494086601332451 -0.459929819930611 -0.503579662448301 -9999 -9999 -9999 -9999 -0.657521385873889 -0.68083848012858 -0.633291020539012 -9999 -0.483660122527146 -0.426017732305926 -0.424586309691457 -0.405169620249174 -0.121663441403511 -0.0869094085575151 -0.0592007757801365 -0.176342910971257 -0.126322835029554 -0.17696943471946 -0.220818518549569 -0.197903695122763 -0.172002344662949 -0.11025375706648 -0.0754637531145359 0.396308946037281 0.368739684515671 0.163345509997197 0.137057051469734 0.277308074636884 0.10633010992018 0.105472329000392 0.147077065661536 0.221119781622595 0.192944478599413 0.224322121160532 0.238487029903575 -9999 -9999 -9999 -9999 -9999 -9999 -9999 -9999 -9999 -9999 -9999
-0.422656663863385 -0.500551916856454 -0.490885462111164 -0.510999399571862 -9999 -9999 -0.624870189584614 -0.651204282163207 -0.68190965022644 -0.621451302589367 -0.603854347147621 -0.618862929901476 -9999 -9999 -9999 -9999 -9999 -9999 -0.0908164434638621 -0.157017866755743 -0.177401997959238 -0.250707254956017 -0.251802706655525 -0.216167981831186 -0.201679785763644 -0.133003585261249 -0.058956985821862 -0.0358979204885984 0.0968482535351251 0.145726363099214 0.0832954408777286 -0.00515485997491588 0.0953704529137462 0.107403961420943 0.238333309366855 -9999 -9999 -9999 -9999 -9999 -9999 -9999 -9999 -9999 -9999 -9999 -9999 -9999 -9999 -9999
-0.49671088955578 -0.503674924985127 -0.537231320528765 -9999 -9999 -9999 -0.585449635956516 -0.648601215874907 -0.691851142260056 -0.62193821482805 -0.605571677513362 -9999 -9999 -9999 -9999 -0.018069356031172 -9999 -0.102712453362194 -0.177908639346702 -0.193055863783286 -0.179314256983701 -0.187746711180512 -0.205345931648658 -0.198417850076432 -0.200581372474776 -0.159793363620827 -0.100302835881107 -0.00112917772634895 0.0782362012946626 0.0162299955347744 -0.0119329473934446 -0.027535635538791 0.0397945651377031 0.0782600853813602 -9999 -9999 -9999 -9999 -9999 -9999 -9999 -9999 -9999 -9999 -9999 -9999 -9999 -9999 -9999 -9999
-0.515473353254541 -0.480999064566305 -0.46228880596351 -0.490460622088339 -9999 -9999 -9999 -0.636977363754329 -0.591520143016309 -0.604463110732921 -9999 -9999 -9999 -9999 -9999 -0.0201397557837851 -0.114005891627665 -0.171353256661145 -0.182748401293715 -0.15239693864782 -0.138683045538109 -0.172083321930902 -0.158355650724104 -0.164691549606415 -0.208607659601766 -0.103411877656863 -0.119945754665925 0.113354705705634 0.206384861182308 -0.031873852402879 -0.0700393315481629 -0.091897180164988 -0.0580730557261534 -0.0457325728129943 0.0313835353717703 -9999 -9999 0.0688717402278928 0.0153248147854427 -9999 -9999 -9999 -9999 -9999 -9999 -9999 -9999 -9999 -9999 -9999
-0.54970101293661 -0.542457967497581 -0.411899417852655 -0.447983973213876 -9999 -0.414683917127364 -0.498925396712718 -0.499047721891842 -0.387132760390685 -0.497738550884738 -9999 -0.395148407822497 -0.347608017941176 -0.489905723225399 -0.030074211069762 -0.0874763809090138 -0.0626021336812614 -0.0855188911404102 -0.0587551349107837 -0.0983818862969539 -0.100429708994137 -0.153600681196354 -0.190489148268803 -0.192397657684325 -0.0797016130950207 -0.057946106099299 0.0389224408889849 0.327610673181117 -9999 -0.0164079039799671 -0.0908343165107017 -0.0706067470020104 -0.0673662782986609 -0.0775278692889071 -0.0065659630077908 0.0499098853389692 0.0876940679615614 0.0302428196881176 0.00618672619827761 -9999 -9999 -9999 -9999 -9999 -9999 -9999 -9999 -9999 -9999 -9999
-0.51227692955031 -0.503078704206809 -0.468337750057329 -0.407553222217584 -0.421689929085656 -0.410647540748681 -0.408763472505173 -0.473257083527387 -0.386655344520251 -0.482996364125177 -0.432338620191502 -0.424648133514452 -0.437897719218901 -0.525705608887171 -0.313213830219031 -0.0915087081035201 -0.0720022950573047 -0.0227236148797844 0.0103182052440213 0.00632742024332904 -0.0174150904216278 -0.00695646688325678 -0.0608410214195731 -0.11902252309583 -0.125596114752399 -0.104862944981214 0.0134525264782746 -0.0032238280571472 -0.00444060028209404 -0.0249573478489877 -0.032561848028808 -0.0426970818140728 -0.059583838574082 0.0383207136591243 0.0333192272435932 -9999 0.00986198869968392 0.0324167339373122 0.0211388073246566 -9999 -9999 -9999 -9999 -9999 -9999 -9999 -9999 -9999 -9999 -9999
-0.487609379047544 -0.507071633749013 -0.464766916313123 -0.453514530447795 -0.420192246439882 -0.342658122653682 -0.363564729649099 -0.363477096824047 -0.303536186778518 -0.418964696884586 -0.426606476059602 -0.427514099555564 -0.41801590119433 -0.467173458514596 -0.241310243829027 -0.0429093513945732 -9999 -9999 0.0185303828292631 0.0145133746577289 0.0830016985347192 -0.0478556467827321 0.0131012682389567 -0.073934423636939 -0.0113851628328519 -0.108791626370411 0.0165809925839106 0.0515621018204991 0.0214574262528534 -0.0473249157151882 -0.0310868316235325 -0.0188224201260852 0.0179937904439199 0.0627439881261035 0.141332829652262 0.136800641040855 -9999 0.101118187485301 0.109346648887368 -9999 -9999 -9999 -9999 -9999 -9999 -9999 -9999 -9999 -9999 -9999
-0.424786451126122 -0.445010216544501 -0.416172458830998 -0.376069795832552 -0.323526933679967 -0.331996182747303 -0.30862581692844 -0.278881583491159 -0.270090478113262 -0.282999844589902 -0.388325457718827 -0.395803142382439 -0.426252317073292 -0.460767949648463 -0.110403052867353 -0.288380101450255 -9999 -9999 -9999 -9999 -0.176562687769776 -0.205920696766383 -0.225973434725882 -0.195721038817233 0.0186698018833277 -0.0126376197542417 0.0292619122543627 0.0654459072688056 0.0281282301823856 0.0129511871635043 0.0273462211813027 0.0616437264656156 0.036243761931263 0.0851372208231937 0.169537520137667 0.162790032238131 -9999 0.107456564299372 0.0949857799605032 -9999 -9999 -9999 -9999 -9999 -9999 -9999 -9999 -9999 -9999 -9999
-9999 -0.408755459755168 -0.260735980479203 -0.295892335543217 -0.293332374993631 -0.296702644844081 -0.288459602231059 -0.239504030584269 -0.227987147807647 -0.166356631560925 -0.361985776732359 -0.408223222307896 -0.369528117992096 -0.417479213723629 -0.409148544385314 -0.32330633574068 -9999 0.118660310970063 -0.0600981106724185 -0.04942943370616 -0.0956894383812751 -0.165133022739247 -0.204170939227358 -0.14959682220613 -0.11320409244499 -9999 -9999 -9999 -9999 -9999 0.059963173126889 0.109409436555072 -9999 0.208704875153091 0.222227278086658 0.1814709059554 0.154315373143469 0.12342875889838 0.0969616371623437 -9999 -9999 -9999 -9999 -9999 -9999 -9999 -9999 -9999 -9999 -9999
-0.111764429112994 -0.221435224605521 -0.281508566765337 -0.286612061837841 -0.295365607267242 -0.297872910396131 -0.293257695476405 -0.262808286494987 -0.17095179290147 -0.325012042457922 -0.346130376655601 -0.367108166044097 -0.34160932457881 -0.437025940047083 -0.384750993114691 -0.314905489093301 -0.313386301454339 -0.0587084416608391 -0.00175288280124948 -0.0629022546918383 -0.0784114473960909 -0.0994764103100133 -0.197297255522672 -0.157487438263454 -0.104964417453865 -9999 -9999 -9999 0.235830914365906 0.212150395422337 0.226687140445453 -9999 0.0759558789468327 0.161846522046762 0.25505130486709 0.236638944639688 0.191186067655959 0.143833948477263 -9999 -9999 -9999 -9999 -9999 -9999 -9999 -9999 -9999 -9999 -9999 -9999
-0.170822044493203 -0.191712318525534 -0.240091272030712 -0.272313932363422 -0.265723644868536 -0.270496642432411 -0.327718195678745 -0.335530316768745 -0.309248321381922 -0.353256214445118 -0.307537612334719 -0.378874349739852 -0.412679876784248 -0.449673504061346 -0.340749753159479 -0.301474558642635 -9999 -0.169498647907021 -0.193788125327673 -0.206134301913144 -0.184818098303612 -0.209003946762883 -0.221197148655548 -0.212301920948429 -0.121314526217261 -0.0954516816083145 -9999 -9999 0.0199137018183332 0.213474536959494 0.190189812115855 -9999 0.0556170181740199 0.0955734661637658 0.240036846030296 0.200024009511861 0.218492228418138 0.170344265672655 -9999 -9999 -9999 -9999 -9999 -9999 -9999 -9999 -9999 -9999 -9999 -9999
-0.0754308931820329 -0.149105055459264 -0.205111504257909 -0.231879743470094 -0.220732886514536 -0.187064939611635 -0.274948233154613 -0.344530034699926 -0.337200234069503 -0.276981753819098 -0.429222964754387 -0.398084989689159 -0.447051043823893 -0.472574044661701 -0.393585908765145 -0.30931684987698 -9999 -0.238059356634089 -0.238887682993342 -0.21567927546126 -0.231428825737334 -0.265040044701256 -0.284940824313405 -0.261323849119662 -0.227650716573173 -0.0535130628471806 -0.209839400243251 -0.0872026927722361 -0.0185160236321092 0.124627203325637 0.203411445951319 0.190077086381571 -9999 -9999 -9999 0.270226009898753 0.301958058733238 0.185503982125956 -9999 -9999 -9999 -9999 -9999 -9999 -9999 -9999 -9999 -9999 -9999 -9999
-0.0512918379009194 -0.143501798690651 -0.0778486467518585 -0.136595784580006 -0.105680765074773 -0.071510070345969 -0.108480158208267 -0.194093377457913 -9999 -9999 -9999 -0.358482027293497 -0.407840521466192 -0.422944492615097 -0.372088001879906 -0.339947318236594 -0.172305432653341 -0.2031821114671 -0.200116490849711 -0.191434647974819 -0.199075990025962 -0.302307087780867 -0.318915984288465 -0.294569923274491 -0.256022809184486 -0.243352382533339 -0.212825869777503 -0.0312828543506647 -0.0919157000877583 -0.0472023883528459 0.234456755185868 0.140666000675609 -9999 -9999 -9999 0.212624441339414 0.235948249333084 0.196062028682234 -9999 -9999 -9999 -9999 -9999 -9999 -9999 -9999 -9999 -9999 -9999 -9999
-0.115760405345244 -0.114622428183379 -0.0998299151500601 -0.088302125431997 -0.0592041667610736 0.0203862814573139 0.0145347716107723 -0.167874396231574 0.034450400991384 -9999 -9999 -0.368073623734514 -0.373857526688365 -0.375265819321761 -0.291737526350455 -0.143176669251398 -0.116884209828769 -0.0654413688931278 -0.154673346825973 -0.189719749214175 -0.146680907880296 -0.234008903839944 -0.235054858483802 -0.285393011769751 -0.287392388195566 -0.302081387200255 -0.206761458654761 -0.134229668317852 -0.0862900213982346 0.0412670956775846 -9999 -9999 -9999 -9999 -9999 -9999 0.239640796817977 -9999 -9999 -9999 -9999 -9999 -9999 -9999 -9999 -9999 -9999 -9999 -9999 -9999
-0.119465241236627 -0.107466453915579 -0.0729528151299875 -0.035543861233701 -9999 0.138823511205016 -0.0105416294796061 0.0961678778675296 0.0214123530795716 -0.0181736550890319 -0.248904042427095 -0.268355456164371 -0.305826920529533 -0.303727945833549 -0.283173304820668 -0.0717889333037896 -0.130876849855407 -0.234714850998096 -9999 -9999 -9999 -0.188774857274345 -0.267593708227395 -0.280677401395827 -0.288131034154824 -0.262182578644941 -0.20838572708208 -0.146129210754795 -0.00572013619731811 0.034423156984746 0.0335995403261979 -9999 0.201959944527957 0.246326307678283 -9999 -9999 -9999 -9999 -9999 -9999 -9999 -9999 -9999 -9999 -9999 -9999 -9999 -9999 -9999 -9999
-0.18171442838899 -0.132826912699186 -0.104570090789533 -0.0774513425598141 -9999 0.0940724945425514 0.0808570938497026 0.0517790121169841 -0.0198118028497725 0.0413038162092044 -0.175344996349917 -0.0661092831234163 -0.139281965203333 -0.131531267776075 -0.097977568266469 -9999 -0.264455435436462 -0.243467770974252 -0.233335070869634 -9999 -0.136986920285621 -9999 -9999 -0.314472420107741 -0.321941125831519 -0.236193142407231 -0.213708874457624 -0.138363650513304 -9999 -9999 -9999 0.201215002626899 0.239352018928468 0.254673391636742 0.23878547426373 -9999 -9999 -9999 -9999 -9999 -9999 -9999 -9999 -9999 -9999 -9999 -9999 -9999 -9999 -9999
-0.132607163934764 -0.118304750370643 -0.0949363171282422 -0.0612050429280709 -9999 -9999 0.264495648134249 0.267420709623182 -0.0280783423485623 0.000618194074366954 -0.0348045432549334 -0.230143895545559 0.00596253469429689 -9999 -9999 -0.22595168103223 -0.215978470680859 -0.21268857834431 -0.218952242084932 -0.191138699280641 -0.0873365100128885 -0.133699547215309 -9999 -0.312486695652866 -0.248132565359074 -0.0245089259316432 -0.0993486562097271 -9999 -9999 0.307735043687056 0.201421658447085 0.20895243661026 0.180351599054796 0.186277005862982 -9999 -9999 -9999 -9999 -9999 -9999 -9999 -9999 -9999 -9999 -9999 -9999 -9999 -9999 -9999 -9999
-0.118802984190949 -0.105645254369941 -0.125016996539771 -0.0764480503692365 -9999 0.468103858629538 -9999 0.0983621528986823 0.136867977997045 0.15583003905652 0.279810718002913 -9999 -9999 -9999 -9999 -0.0764599844804373 -0.0681850179071731 -0.111377385217815 -0.19317155205151 -0.150445156894334 -0.117338578474394 -0.0804395116026176 -9999 -9999 -0.0977537344256629 -0.0155594354591028 0.142796344002598 0.184103297092562 0.156900140694539 0.35669908300091 0.268425307117015 0.259817152173327 0.221779382342514 0.170360381674489 0.282559973688916 -9999 -9999 -9999 -9999 -9999 -9999 -9999 -9999 -9999 -9999 -9999 -9999 -9999 -9999 -9999
