data/rasters/s2.04.07.cu.1_xyz_08_.asc
NCOLS 100 
NROWS 100 
XLLCORNER -4 
YLLCORNER -4 
CELLSIZE 0.08 
NODATA_value -9999 
[rows 22 to 43 of 100, columns 0 to 49 of 100]
-9999 -9999 -9999 -9999 -9999 -9999 -9999 -9999 -9999 -9999 -9999 -9999 -9999 -9999 -9999 -9999 -9999 -9999 -9999 -9999 -9999 -9999 0.180414318676284 0.482142487813237 0.459159088608708 0.317713762094699 0.359259539515339 0.355620087085451 0.324288725647031 0.344046729645322 0.297641220985999 0.325078742963724 0.292676596785265 0.346896781412218 0.380882200808681 0.544840403205638 0.49520712743943 0.546793246464776 0.620423895532392 0.697354182885329 0.62099034313283 0.404020860089829 0.28703045710432 0.285581818851589 0.238641970298773 0.227213508193618 0.0384110901998627 -0.0361508113266919 -0.0786084595156148 -0.11731244715068
-9999 -9999 -9999 -9999 -9999 -9999 -9999 -9999 -9999 -9999 -9999 -9999 -9999 -9999 -9999 -9999 -9999 -9999 -9999 -9999 -9999 -9999 0.276638136365205 0.239681682411389 0.446156925477568 0.373488940423691 0.350969490768458 0.316978897407103 0.291310298783658 0.309839342027692 0.324193936375298 0.284325264275103 0.318820104277386 0.33847564287715 0.356783819107229 0.490478968486094 0.533594356424736 0.570018738907328 0.543281176015975 0.546740017071795 0.534595395507662 0.402430646035561 0.331198455219561 0.195814055860824 0.178233230750679 0.179865505643062 0.0487312409883967 -0.0266856084695271 -0.0439344347096303 -0.119066695235444
-9999 -9999 -9999 -9999 -9999 -9999 -9999 -9999 -9999 -9999 -9999 -9999 -9999 -9999 -9999 -9999 -9999 -9999 -9999 -9999 -9999 -9999 0.361807898506482 0.237462543832883 0.36393977010695 0.376881920599171 0.364428164893657 0.384260720165413 0.309116878168287 0.330574201994502 0.508668784121114 0.33931051427114 0.311720745228424 0.422705048156277 0.495291721771083 0.556870448670352 0.572052303548215 0.447449944488245 0.522242621102654 0.512099343121127 0.512555724571263 0.437818105802208 0.296162354742493 0.159925573320147 0.160282867805053 0.0755234200335588 0.025952640633888 -0.0393670022268909 -0.00815882256292778 -0.0342036888549454
-9999 -9999 -9999 -9999 -9999 -9999 -9999 -9999 -9999 -9999 -9999 -9999 -9999 -9999 -9999 -9999 -9999 -9999 -9999 -9999 -9999 0.0503802088704192 0.0102206445001658 0.134765327709686 0.235008639949091 0.224044151140547 -9999 -9999 -9999 0.382758120776014 -9999 0.481045382051155 0.51219779414987 0.409288239049005 0.44836954835464 -9999 0.571649802741669 0.533444590818008 0.578474625524984 0.586550889362903 -9999 0.381016875809568 0.326546439823962 0.3130351724837 0.331447636064088 0.314690464352534 0.118982771858742 0.020472172016036 -0.00878896101202366 -0.0198629625844426
-9999 -9999 -9999 -9999 -9999 -9999 -9999 -9999 -9999 -9999 -9999 -9999 -9999 -9999 -9999 -9999 -9999 -9999 -9999 -0.104189097782678 -0.146241022029904 0.241203092789405 -0.119686774587399 -0.040194183192745 0.0510254916789282 0.185894296347578 0.344433528744314 0.358513584379236 -9999 0.324682353882946 0.301282224615104 0.457994332861113 0.539351738302467 0.387150251110202 0.346923705326765 0.400204238002793 0.431159976262162 0.482423131974497 0.566401115961874 0.542387308851415 0.592008255672942 0.62367786861053 0.431245136827418 0.668655495651816 0.749958556544757 0.350419790763454 0.205058976440605 0.182259064923695 0.0563487396619406 0.0212500912737795
-9999 -9999 -9999 -9999 -9999 -9999 -9999 -9999 -9999 -9999 -9999 -9999 -9999 -9999 -9999 -9999 -9999 -9999 -0.0720732194603774 -0.0669383296464595 -0.0892009656541702 -0.129864109794665 -0.103963158397433 0.0235065946353861 0.00667464891232281 -9999 0.410087809221707 0.374902646243831 0.356484108543809 0.402754387148415 0.245058640032237 0.37350627877351 0.469757582945183 0.415288272916722 0.363355610209515 0.34864784208884 0.29728237601806 0.326025759443855 0.490985017654752 0.54932489509565 0.558357261527126 0.554479520445449 -9999 0.737563992220903 0.698028013165648 0.263991182349061 0.254761851113721 0.148973092301892 0.0428270422049475 -9999
-9999 -9999 -9999 -9999 -9999 -9999 -9999 -9999 -9999 -9999 -9999 -9999 -9999 -9999 -9999 -9999 -9999 0.00205257734845687 -0.0674244087201838 -0.108624904686095 -0.0942056128261666 -0.110349675117866 -0.0746019977378107 -0.0115260463316791 0.0446405691587758 0.182885778192303 0.343396743494814 0.32880598952498 0.348806841473546 0.384587515610894 0.235952519286166 0.328278732433963 0.375515288665367 0.346371928001993 0.340212795394987 0.286419743057386 0.315229688535748 0.239036529993791 0.368442802453682 0.319049719357107 0.377143691137569 0.517575249038094 -9999 0.815435804895882 0.650903445354716 0.27692163047025 0.178465916328286 0.225807842838363 0.294773515138012 0.0582416234873436
-9999 -9999 -9999 -9999 -9999 -9999 -9999 -9999 -9999 -9999 -9999 -9999 -9999 -9999 -9999 -9999 -9999 -0.0321630597074716 -0.0682247804028747 -0.0311160153984514 -0.070916525901333 -0.134778374933159 -0.0755151603657058 0.0952640584029562 0.195617566789942 0.105979162695281 0.336036348505409 0.352823796088779 0.346146852581541 0.409788297678849 0.274404078368726 0.304215273268813 0.326074372808844 0.313540163250246 0.268648068272197 0.223634755613028 0.198378839907689 0.197738100353814 0.259712964010217 0.35654891106241 0.374070977651685 0.412264882017559 -9999 0.693539023734086 0.531629072324854 0.306721883665118 0.187908975544982 0.194081435749261 0.171424715271701 0.117707284470842
-9999 -9999 -9999 -9999 -9999 -9999 -9999 -9999 -9999 -9999 -9999 -9999 -9999 -9999 -9999 -9999 0.0314215014557499 0.039756413473301 0.0403656383645199 0.0376280083297477 0.0223192155505514 -0.0584355654612696 -0.00596609613214864 0.093737769659658 0.366827407003738 0.375781608633186 0.339664181621573 0.324280974921215 0.330935503586821 0.363219476254303 0.288831613892428 0.282031538674124 0.241037045487087 0.245081926997879 0.294110068167435 0.249737522928232 0.177029312264446 0.164096084732687 0.280750615204419 0.342243489618139 0.457023720277254 0.386276757872252 0.408465513022417 0.4490172477144 0.410304106456116 0.285631354372836 0.242586079526111 0.193534326839855 0.183405500526387 -9999
-9999 -9999 -9999 -9999 -9999 -9999 -9999 -9999 -9999 -9999 -9999 -9999 -9999 -9999 -9999 0.0737330426069959 0.045273645127333 0.0912397466792967 0.157294650265283 0.147467367008415 0.0253376329340797 0.0686277758065698 -0.023966463722368 0.00902657346585754 -9999 0.394173985767921 0.38899726199094 0.271882737703866 0.244895316615285 0.258148328586233 0.275220658385627 0.210708052929122 0.19476094169719 0.240302065364454 0.277140552904563 0.264229536772976 0.186756029856623 0.231548645445271 0.360663482298042 0.350990101958475 0.433895767455824 0.437573063597331 0.46215474221897 0.468230308172473 0.445222149133732 0.370215232097899 0.287668904561758 0.232828805652177 0.200122265477056 0.214912848963527
-9999 -9999 -9999 -9999 -9999 -9999 -9999 -9999 -9999 -9999 -9999 -9999 -9999 -9999 -9999 0.0680771388606411 0.0380906790202106 0.0306805578635689 0.09591941324303 0.101779668244834 -9999 -0.00712527932894187 0.0279964859571651 0.0728398617398655 0.330496797728177 0.341563167833639 0.378234263745159 0.237172494613655 0.188799774678896 0.189735244037426 0.156487019764066 0.19510561314479 0.238799457904325 0.280108990471723 0.283612953328767 0.249503539406323 0.250090469673574 0.32285478558978 0.34047361578632 0.400023936821956 0.458190712875909 0.45998249660692 0.477693472097655 0.524956683460792 0.4284966147535 0.458873177688373 0.421570138565335 -9999 0.217326284965435 0.251953554929403
-9999 -9999 -9999 -9999 -9999 -9999 -9999 -9999 -9999 -9999 -9999 -9999 -9999 -9999 -9999 -0.182459054220362 0.000231964566796901 0.0409411925593488 0.053796154681854 0.0231005375430585 -9999 -9999 0.288703408971944 0.0879652314641649 0.208738868563883 0.297410727354089 0.292573049503897 0.229389440487364 0.182093966116348 0.146645198781528 0.150241369446654 0.203872331873955 0.237118297220527 0.290248410352189 0.279839173501893 0.250352255185274 0.297908371658873 0.355862962407214 -9999 0.436695981730014 0.391813936212644 0.479169402334095 -9999 0.523634479366958 -9999 0.478236703001468 -9999 -9999 -9999 0.253008886832199
-9999 -9999 -9999 -9999 -9999 -9999 -9999 -9999 -9999 -9999 -9999 -9999 -9999 -9999 -0.26866041450985 -0.215355430483341 -0.15930920627958 -0.12770098659884 -0.1049256277059 -0.015097825236723 -9999 -0.0346415799696883 0.274468673407779 0.21044350565693 0.246703944030783 0.325540567484232 0.266875328857609 0.238022394158796 0.181366223876862 0.141496691691221 0.162814912502843 0.204217859804627 0.252852100278355 0.283512670400723 0.312514334062735 0.275659787446469 0.2969977869491 0.367345279468377 0.383618920498675 0.453304961461467 0.313354553693793 0.316442845067992 -9999 -9999 -9999 -9999 -9999 -9999 -9999 0.282462829121237
-9999 -9999 -9999 -9999 -9999 -9999 -9999 -9999 -9999 -9999 -9999 -9999 -9999 -9999 -0.275971685627985 -0.259682773527593 -0.305902404648461 -0.223257850139072 -0.26591746338208 -0.283676670353622 -9999 -0.0773768087090349 -9999 0.115067745947156 0.219296268709503 0.348368320881057 0.2856405158099 0.236892266353838 0.214865689450809 0.179863314162975 0.216475938563202 0.227692644750185 0.328946528607247 0.334555421739594 -9999 0.231235077287566 0.28769968984948 0.295911015349956 0.421305776881021 0.23958118926179 0.207653327195718 0.192792482412393 0.224289269887713 0.258017107892278 -9999 -9999 -9999 -9999 -9999 0.202750458337197
-9999 -9999 -9999 -9999 -9999 -9999 -9999 -9999 -9999 -9999 -9999 -9999 -9999 -0.388774510739232 -0.380101914712801 -0.388927929804133 -0.34279704054454 -0.32347584551541 -0.303181434112012 -0.234490149216097 -0.111690086431007 -0.0348220353577923 -9999 0.228515876811703 0.229234005792155 0.210165847727859 0.149423970416591 0.277455388242506 0.259933576911836 0.266291988637629 0.291729496212598 0.295044288115717 0.307211457558485 0.321792703839749 -9999 -9999 0.30727240982609 0.291219669778768 0.203711544618961 0.137546130897793 0.147316181675381 0.133216081285923 0.222976253910948 0.212572702691114 0.265663406553286 0.295463969370014 -9999 -9999 -9999 0.11491675386101
-9999 -9999 -9999 -9999 -9999 -9999 -9999 -9999 -9999 -9999 -9999 -9999 -9999 -0.405373658482569 -0.475791121963489 -0.43334642320734 -0.357076107433919 -0.352735052564134 -0.240495010343809 -0.147598992727342 -0.115401448454657 -0.0357593616841172 0.0347518599841568 0.167859101257326 0.243266179608481 0.240560314279901 0.0981657051823233 -9999 0.317913511630603 0.318444263715148 0.309543875084736 0.298878850936246 0.313727409011885 0.288330595987377 -9999 -9999 0.365152390565 0.231715766214455 0.135819497454356 0.0974694439806969 0.064246406623457 0.0915242989884428 0.195614513155893 0.256854951589785 0.302705314904815 0.313102046497018 -9999 -9999 -9999 0.0905423529879883
-9999 -9999 -9999 -9999 -9999 -9999 -9999 -9999 -9999 -9999 -9999 -9999 -9999 -0.421428369945098 -0.441561234809721 -0.417866997579455 -0.427787380938175 -0.310989064880471 -0.266297755537977 -0.142202537044524 -0.0536171617692449 -0.0305800292977513 0.0203412821700303 0.0617249175755089 0.183329744420545 0.114391914569115 0.0325365725747207 0.304791696240622 0.315743333264836 0.333814354882368 0.313116060655899 0.303567873103335 -9999 0.278307124441124 -9999 0.343759098029961 0.391757930653904 0.253215011726081 0.132265487926172 0.0975631523737052 0.080167476958147 0.0773270983565627 0.0999967656070761 0.145034666684577 0.26218595221403 0.193009778002341 0.125520964079247 -9999 -9999 0.0864411363007677
-9999 -9999 -9999 -9999 -9999 -9999 -9999 -9999 -9999 -9999 -9999 -9999 -0.427500748890255 -0.440845758279576 -0.411439205566882 -0.42053170970631 -0.423075739361423 -0.339149655035974 -0.263270349189086 -0.176956581364331 0.0262573813781602 0.0844074756421495 -9999 0.0426851229211739 0.053189525606379 0.0327101643886011 -0.0506671880341024 0.021828260950409 0.254565222388237 0.317871197550894 0.345880833901691 0.287512407017159 0.22447588773756 0.213038609026838 -9999 0.316896584120151 0.325140016979993 0.274021629186519 0.138281978725551 0.129714619463088 0.130368028450273 0.131669750412414 0.102798346783807 0.179223999819194 0.185268521429298 0.150676372166738 0.12738030422258 -9999 -9999 -9999
-9999 -9999 -9999 -9999 -9999 -9999 -9999 -9999 -9999 -9999 -9999 -9999 -0.388308570797579 -0.392400758403398 -0.382805149201694 -0.381095553972034 -0.358626009810467 -0.340322708362478 -0.343283000532463 -0.161211780352891 -0.0166621745158041 0.0573450097016077 0.0389088964933506 -0.00855760318012255 -0.00291389922228244 -0.00682576565405437 -0.0282361044125289 -0.0342750748965136 0.119905863294919 0.164991112367456 0.321578439160635 0.335301293251259 0.120477942222678 0.137091920918895 0.0824513881696251 0.245063481789894 0.294854623783271 0.342666025456159 0.220781307589429 0.152392512876076 0.14088775682478 0.202903412368969 0.186321162595998 0.0740286225774336 0.100248966573569 0.128616956376765 0.163078204884518 0.0845611620444231 0.00133685561373279 0.039145197985803
-9999 -9999 -9999 -9999 -9999 -9999 -9999 -9999 -9999 -9999 -9999 -9999 -0.315652890703147 -0.34951442861682 -0.307672863996932 -0.306188990400807 -0.319054214051879 -0.320690836257751 -0.255247682971041 -0.0315215882777579 -0.064526298699249 -0.00592876060766131 -0.049128464407571 -0.0500496082630627 -0.0133299938732452 -0.0594668873410801 -0.0698062845555164 -0.0708905052407934 0.131229350186751 0.0516970020855985 0.0745938974281665 0.211205430691115 0.0880866901502341 0.0796299991823226 0.0401951385309401 0.03596966010562 0.218523965854103 0.218521899813733 0.171720778711248 0.156085807400454 0.250897154737178 0.234445585936218 0.169968082251695 0.0720467744202863 0.0765157589251644 0.133753614588795 0.166570510381799 0.0977141411530983 -0.0757977184839908 -0.0678492424321314
-9999 -9999 -9999 -9999 -9999 -9999 -9999 -9999 -9999 -9999 -9999 -9999 -0.296175474516003 -0.309530579746054 -0.318045848156069 -0.289179020250317 -0.286373892679693 -0.284545505594599 -0.282929468233535 -0.150184206902456 -0.108348495701713 -0.0853431002418717 -0.115231051628825 -0.0750628094293936 -0.0839021686260615 -0.113225115854514 -0.145739917088262 -0.105159428664012 -0.101545155943585 0.0335859450512384 0.107724549770195 0.0939902304421956 0.0934502246517397 0.0303084862904713 0.0381102022755786 0.0223219051790537 0.14648835528271 0.218767282297488 0.212951651639979 0.20301917936822 0.335595446361866 0.407197132739132 0.306353429506226 0.133157259314289 0.189039681750886 0.204200818989677 0.0217554854823439 0.0294547002875644 -0.0654506660355802 -0.0960763759017669
-9999 -9999 -9999 -9999 -9999 -9999 -9999 -9999 -9999 -9999 -9999 -9999 -0.217897200028146 -0.185879881269998 -0.0358909313672797 -0.193219795138147 -0.326553498696905 -0.288981883846297 -0.331017247865432 -0.374044896629489 -0.172760890555378 -0.142668085376611 -0.10376269485084 -0.135167246368306 -0.126558535979285 -0.219942988473569 -0.170230849342691 -0.105283288634294 -0.0666263074394339 -0.0567543780251074 -0.0207260739682599 -0.0397958755367445 -0.0457836990109232 -0.0167064847106933 -0.0222745569372645 0.0473501600256855 0.0804826886267478 -9999 0.308674498235794 0.219974968264382 0.325186104033686 0.399529966770873 0.409019113399526 0.367750499284586 0.271948100327474 0.229413953443769 0.00333823140959488 0.0135693910687926 -0.136271277454262 -0.147516467416118
