data/rasters/s2.04.07.cu.3_xyz_08_.asc
NCOLS 100 
NROWS 100 
XLLCORNER -4 
YLLCORNER -4 
CELLSIZE 0.08 
NODATA_value -9999 
[rows 21 to 41 of 100, columns 48 to 95 of 100]
0.219664712261034 0.261860389319018 0.360289374148677 0.392858600779957 0.313935275200118 0.523847109494244 0.679052983310058 0.63854639378804 0.542858638897473 0.374225540207023 0.327914488311916 0.0932137688193053 0.111899990775099 0.11926224410683 -0.0434669963905279 -0.181170184974266 -0.225646387248347 -0.123101830052525 -0.0540603894049391 0.104787673642366 0.135377838123624 0.0892959690896541 -0.0542466211716406 -0.144250150247537 -0.132895504245711 -0.182245332106275 -0.213277240946337 -0.238428246152974 -0.251908641496745 -9999 -9999 -9999 -9999 -9999 -9999 -9999 -9999 -9999 -9999 -9999 -9999 -9999 -9999 -9999 -9999 -9999 -9999 -9999
0.182395437724105 0.20909112254505 0.286562674174204 0.265339192511083 0.23512110821563 0.350957927052002 0.66837207456944 0.700849155510499 -9999 0.447655559670912 0.355264890065491 0.240057792165713 0.206282767899988 0.243978795240257 0.171378871105386 0.0347633891788156 0.0739072979339787 0.103937861347611 0.163385830990125 0.16053232299404 0.23453330993867 0.238620121953364 0.0933765230344442 -0.198006030368677 -0.188223117489136 -0.194339778484932 -0.205200542020963 -0.237187536751413 -0.240522592017118 -0.260797745334561 -9999 -9999 -9999 -9999 -9999 -9999 -9999 -9999 -9999 -9999 -9999 -9999 -9999 -9999 -9999 -9999 -9999 -9999
0.129911170902374 0.117346133608453 0.184503430322844 0.179767259094336 0.150491325507728 0.200814661217766 0.518063473866133 0.506661346340247 0.577613071568753 0.549719742762558 0.502840380388857 0.430777786334431 0.357057130187296 0.296127356875871 0.254457600877318 0.225285457181364 0.245076427148975 0.298533119391579 0.298863231002497 0.240863241745268 0.180417726674816 -9999 -0.27927907640139 -0.231521043254764 -0.190590054557211 -0.180116035557458 -0.245232293364619 -0.303803725614601 -0.22550909625272 -0.216260786757796 -0.121682879793485 -9999 -9999 -9999 -9999 -9999 -9999 -9999 -9999 -9999 -9999 -9999 -9999 -9999 -9999 -9999 -9999 -9999
0.148333815277374 0.0741405092807291 0.135712136654412 0.172090829196298 0.132750322506793 0.160886690227872 0.288568286377344 0.400171958207898 -9999 -9999 0.531531227715478 0.440268737107396 0.397442068113082 0.408853165998084 0.291384568067177 0.297781187611857 0.275026234516015 0.305423380736501 0.318639166928318 0.270532320823194 0.122533693459954 0.0296241772248874 0.118854662717282 -0.224087383761807 -0.200748810829796 -0.259142825240106 -0.298305531018743 -0.271485075167569 -0.211914381025733 -0.131121622167728 -0.0287857626477804 0.040208996404763 -9999 -9999 -9999 -9999 -9999 -9999 -9999 -9999 -9999 -9999 -9999 -9999 -9999 -9999 -9999 -9999
0.227493159139419 0.114057965589009 0.147191236106762 0.125978864483613 0.0920838827876443 0.116470412744787 0.17499441439185 0.394930856329348 0.530504751139682 0.501509855864575 0.529542231695975 0.440827111853572 0.372075002827188 0.381138261313048 0.181999676030632 0.333575568056754 0.21133122554882 0.169881902153946 0.249896483022475 0.322183566425544 0.238754550287465 0.0465834713430345 0.143366522801641 -0.207486324919167 -0.213321245207174 -0.27376817326579 -0.262874847676186 -0.256828395602615 -0.197647163399542 -0.0972058759691633 -0.015332361244757 0.0590968452863421 0.160613352458349 -9999 -9999 -9999 -9999 -9999 -9999 -9999 -9999 -9999 -9999 -9999 -9999 -9999 -9999 -9999
0.25503993262936 0.19545818051187 0.144988005405802 0.0806076468244481 0.0692658319972263 0.0512993132259388 0.159084376926893 0.394505372916952 0.578133073997498 0.540571956898838 0.536766474979731 0.411780973173572 0.181973966912579 0.147691710383702 0.198558912662964 0.0786886098149026 -0.030879998880598 -0.0814168197480569 0.0111543556673414 -0.0201788418286849 0.332499080721653 -9999 0.0851005271018795 -0.22903526438303 -0.254381324525942 -0.244947618884182 -0.237691800130186 -0.215064735567702 -0.151323642777418 -0.0922607497977582 0.00774197184452422 0.0811502260394703 0.149962994131616 -9999 -9999 -9999 -9999 -9999 -9999 -9999 -9999 -9999 -9999 -9999 -9999 -9999 -9999 -9999
0.238365787861022 0.176353409215656 0.177693114667825 0.0718617868074513 0.102562153128567 0.0952597631525455 0.275713790996157 0.525807366451582 0.749926617262796 0.616691489755929 0.583887921407181 0.407635513560506 0.256117210441587 0.0851273373462533 0.00770945971396164 0.0590664990379748 -0.120671989929624 -0.204199679310507 -0.212780640491972 0.00315922494419272 0.0783635248046368 -0.140333262746036 0.103806422026698 -0.271174610325158 -0.320546466167607 -0.28149109471559 -0.23870855008863 -0.20706225803592 -0.115186694207816 -0.0357819268253235 0.0488567123505821 0.116862791266543 0.182190549562811 0.151879165968476 -9999 -9999 -9999 -9999 -9999 -9999 -9999 -9999 -9999 -9999 -9999 -9999 -9999 -9999
0.191865261041401 0.189838690046833 0.230329040990728 0.116036794225153 0.102426731944182 0.388643960089907 0.584688233196811 0.724381293849737 0.705403571089116 0.763087195066757 0.434115539599802 0.336599392465559 0.00473048073205838 -0.0235879680786175 -0.0613078174215352 -0.0702913833910735 -0.126372717856253 -0.228599496451856 -0.313856034332302 -0.299882684916827 -0.126151262017904 -0.0764019247803176 -0.0493256864784071 -0.24821405506337 -0.38715897139379 -0.302726771780734 -0.291335599403423 -0.272769088236105 -0.102882376780416 0.0671932001986298 0.12166358293642 0.128409628342252 0.259973718287785 -9999 -9999 -9999 -9999 -9999 -9999 -9999 -9999 -9999 -9999 -9999 -9999 -9999 -9999 -9999
0.342789263451715 0.315366572747137 0.309252374238875 0.284824197467818 0.320493353897551 0.520716220574992 0.436638181801724 0.588616001532378 -9999 -9999 0.466294965713105 0.0655745552364932 0.0493994551066547 0.0464485033722187 -0.0221530880283882 -0.0961664183977453 -0.121471423557996 -0.217292798597802 -0.310874013763007 -0.413272300465832 -0.436723289081774 -0.412132193473163 -0.251847077236527 -0.37885238452191 -0.432228448689294 -0.365695347631805 -0.337969792455923 -0.350638154091547 -0.228780500471121 -0.227671293980103 0.151852395102289 0.0809974657504217 0.133298913357599 -0.0102162587115098 -9999 -9999 -9999 -9999 -9999 -9999 -9999 -9999 -9999 -9999 -9999 -9999 -9999 -9999
0.502730499029928 0.59142779179206 0.48131135022863 0.51649881711189 0.371829858452685 0.379166405357604 0.433082160745031 0.472519958654541 1.0941871150142 1.18103122573601 0.702964945880409 0.787178995086668 0.267987558102748 0.0879604647073628 -0.0327021141089308 -0.0499825047374229 -0.074427347626178 -0.172941668731758 -0.318621536170147 -0.382243724418093 -0.489170657293766 -0.52263863014606 -0.520184154327762 -0.544110411287902 -0.606869286050371 -0.51047719554144 -0.467288654837099 -0.454059732216201 -0.381994671991413 -0.23906509220182 -0.0910672264250875 0.107303643743529 0.0368967102647648 0.00822440781146054 -0.0148866593374224 0.027112509890699 -9999 -9999 -9999 -9999 -9999 -9999 -9999 -9999 -9999 -9999 -9999 -9999
0.569495962102956 0.660724075273469 0.808761794933518 0.839774904187675 0.866641723257436 0.820015270723067 -9999 0.994078142248072 1.07563024908515 -9999 0.615756995391393 0.465901844355168 0.155070188172412 0.0509346481447166 -0.0307338626345782 -0.051283222851347 -0.0522802772396438 -0.185823837349799 -0.230518535659802 -0.357288670183826 -0.463002391283675 -0.502520448845081 -0.511031976280848 -0.590361114743873 -0.617697725727494 -0.624315356870163 -0.574491438418451 -0.518953919918657 -0.339660922270858 -0.173003487283636 -0.0510240303779002 0.13929027053792 0.0313095573119263 0.00668303625223611 0.00399886025543076 0.147259808287258 -9999 -9999 -9999 -9999 -9999 -9999 -9999 -9999 -9999 -9999 -9999 -9999
0.591890299983644 0.613435983058486 0.717261000015173 0.83026469464535 0.853431478559202 1.11020341388008 1.10642146981911 0.933624215747553 1.04888246927378 -9999 0.62329635108438 0.484135014336903 0.350246308840523 0.177564818918905 0.048958524226672 -0.0261189785714711 -0.132180758937132 -0.207522969919218 -0.272725690983869 -0.340831384465794 -0.42437636427253 -0.483561924625839 -0.565112630421669 -0.555527353780978 -0.568249092469838 -0.585579786232082 -0.530174638939883 -0.588523547523769 -0.540353809000114 -0.443681046735405 -0.125842095246434 0.0674757901796974 0.0327573224100769 0.00622331365530837 0.001623896174143 0.0461649992480033 -0.0609820728298728 -9999 -9999 -9999 -9999 -9999 -9999 -9999 -9999 -9999 -9999 -9999
0.604466250018159 0.641672220905306 0.718693786236442 0.804384847491864 0.913078760839021 1.07430971376396 1.04455145914549 0.957570594308619 1.02341529143214 0.937239896694516 -9999 0.597754754303563 0.513550111532904 0.301324510668269 0.237540793595272 0.477141726320119 -0.117400039266492 -0.240195028033917 -0.300965145303915 -0.369208153228789 -0.398404491071085 -0.430655005195667 -0.578160790653994 -0.549673375836928 -0.550967924576961 -0.58194666947107 -0.608995506804636 -0.622772479289577 -0.52199939093508 -0.469134385852758 -0.270301608511803 -0.010156797628423 0.0337978607654669 0.0154751625379504 0.00739595006110376 -0.0107730432682888 -0.0495115304216805 0.0697893197417852 -9999 -9999 -9999 -9999 -9999 -9999 -9999 -9999 -9999 -9999
0.667422053731409 0.705582301593586 0.740664226518308 0.786888699473719 0.760135011001114 0.801699445495792 1.05106624447274 0.724362805229452 0.76101323383473 0.91975401297181 0.604649198533581 0.622949742326851 0.583291793076515 0.466112316227345 0.299478298452627 0.42859767668399 -0.00177491790710677 -0.031926935706416 -0.229733666084119 -0.307757018275764 -0.357534512210676 -0.416045465703497 -0.524852855179402 -0.492758097505653 -0.502027433266895 -0.617405672321277 -0.625418123493115 -0.603134971989308 -0.525099753122271 -0.357112841175709 -0.249615439640286 -0.00735159972653726 0.00521649529944327 -0.00395048389488028 0.0191872319178859 -0.0204965922749737 -0.00725896139264163 0.0441016558639906 -9999 -9999 -9999 -9999 -9999 -9999 -9999 -9999 -9999 -9999
0.631043193256171 0.721060517446838 0.791882294962613 0.803306726972785 0.561250771197732 0.576065260055111 0.746836971835022 0.630137432061925 0.686807894666569 0.780368211650188 0.630755559537065 0.653362682319547 0.549161575910654 0.4685759691842 0.378524427383091 0.255180419965519 0.281013692130066 0.00400251693082901 -0.233090195312741 -0.291788213345108 -0.350728877615855 -0.412746992036092 -0.495049081825129 -0.458125050702746 -0.528149705579624 -0.564828225015599 -0.529537673872675 -0.542946836272295 -0.448906608350462 -0.420003452287516 -0.285691502710179 -0.00938438598261598 0.0184038724022734 0.0803972357570346 0.0616210391678411 0.0497991586778998 -0.0134825392967834 -0.00317657489778684 -9999 -9999 -9999 -9999 -9999 -9999 -9999 -9999 -9999 -9999
0.28970484582839 0.728350389281212 0.260882146434449 0.0832785466958602 0.278884799070141 0.186879041925318 0.396029670575974 0.567821705393206 0.653175716825329 0.789295578374749 0.729597247182657 0.59832736354033 0.531079057895443 0.480473739517988 0.422568819924898 0.361790497801411 -0.10242716766363 -0.118698875051297 -0.182316030149317 -0.252424795550832 -0.309770432347971 -0.367063159104034 -0.398522272877647 -0.507288776183988 -0.569577452404796 -0.561017367626242 -0.503032289691958 -0.466680022728996 -0.43362542774152 -0.298530830906484 -0.0615857900284621 0.0712358329682792 0.0855277451335977 0.11863104631356 0.0509322389795928 0.0114744640953248 -0.0390991624332792 -0.0310515395993943 0.0710768389831741 -9999 -9999 -9999 -9999 -9999 -9999 -9999 -9999 -9999
0.412375765762415 0.265301172271585 -0.150892533400889 -0.0800604244676933 -0.0920325144367015 -0.0459415806425543 0.228135268938156 0.363928808087815 0.439464733524098 0.448370961372461 -9999 0.619842958679244 0.557275307163602 0.489570769187106 0.34576466675023 0.147967130087407 -0.15488224269614 -0.38577083006585 -0.320078684514411 -0.310520270870355 -0.301511068917103 -0.304698515302955 -0.366470966092847 -0.489921791179696 -0.429163528808591 -0.427350469811121 -0.449532440372817 -0.357573530563116 -0.291312107441682 -0.171721655172033 -0.0896547720271592 -0.0526429876165484 0.0862925705794541 0.117837684639275 0.0775224122150409 0.0301134763510482 -0.0250781660368413 -0.0409275113454057 0.0288801521377686 -9999 -9999 -9999 -9999 -9999 -9999 -9999 -9999 -9999
0.0769667665562502 -0.218537640875943 -0.0666362608186137 -0.271188285255028 -0.348444120177375 -0.270801704452189 -0.0933423291320887 0.0519563026779749 0.170869742872997 0.283558402682413 0.44608835018735 0.564650993700681 0.510956276941678 0.431359040303398 0.130134933615285 -0.217687658607956 -0.446742582935276 -0.492845558892076 -0.381222151443883 -0.369141972066153 -0.369925133380204 -0.395351989822972 -0.309094489491868 -0.34840437852228 -0.218789870077473 -0.243590691948185 -0.112131156794336 -0.01262267421663 -0.0236624128001985 -0.000368317859113774 -0.0169959123017121 0.0749604824913601 0.20269208950112 0.138001337184355 0.081862685953294 0.0512878807975462 0.0474674481990618 -0.0154694911424416 0.0257787149015161 -9999 -9999 -9999 -9999 -9999 -9999 -9999 -9999 -9999
-0.266509885954979 -0.297424936793202 -0.349940321723698 -0.417842718021626 -0.491982929472523 -0.42900793093724 -0.279267752297053 -0.116689058115722 0.0642415623417626 0.233275068460395 0.530940333148338 0.537847516688777 0.288267966420962 0.0143399145339653 -0.105944279592163 -0.373960230329556 -0.51826833422011 -0.557769696188525 -0.532791866484969 -0.570679275468043 -0.46979189811979 -0.454859836306341 -0.315441199595085 -0.251232573236813 -0.0204871845423482 -0.134181335387396 -0.0364225900370811 0.0282882760279427 0.0316760364551867 0.579164803193239 0.440984699959383 0.260497950582833 0.214996637719895 0.111959127355875 0.0696336475178913 -0.0569020334532312 -0.125148551494514 -0.0632215132533529 -0.0894685601748948 -0.0614682943129605 -9999 -9999 -9999 -9999 -9999 -9999 -9999 -9999
-0.29328731503895 -0.440544551865649 -0.390429268855723 -0.439985230525366 -0.474708068108349 -0.463374889703526 -0.283388148987718 -0.145124539477253 0.0546309278282006 0.235555312592557 0.561506976343563 0.616821587146915 0.3523995273921 -0.10784491453581 -0.345481271491705 -0.461557711207046 -0.580668539038588 -0.553634006080378 -0.509311238597893 -0.548381892918158 -0.555874056237802 -0.450426222049821 -0.371734236295474 -0.278849581629142 -0.147430439252449 0.0229327203868047 0.351364891012764 0.33112120238937 0.463857245349055 0.526501348627854 0.437028255924867 0.266108468606977 0.128838995481311 0.0318798539873281 -0.0382961225715777 -0.114194279511644 -0.167930763557065 -0.174905434432421 -0.178795527569669 -0.154609170893879 -9999 -9999 -9999 -9999 -9999 -9999 -9999 -9999
-0.414030087211228 -0.488099106100514 -0.466117276310689 -0.512485668460707 -0.469803594134684 -0.443991902556486 -0.298566243423915 -0.175921596249776 0.0328005491412615 -9999 0.519005801117965 0.615749266144819 0.213889312849572 -0.217977716233281 -0.380172169209119 -0.475938814475621 -0.573074351163064 -0.592097592737439 -0.621221248299596 -0.5891088589047 -0.561335059035252 -0.499221919525069 -0.438867352740456 -0.243218548234103 -0.0820589822927007 0.229637440774458 0.355254264314391 0.384605839803985 0.491827948304668 0.472978816387989 0.388380501817375 0.238642468831401 0.13072304311523 0.0180433186575117 -0.0346891523431187 -0.122958099294522 -0.199673740915442 -0.197841115319691 -0.138360963284873 -0.108357966099132 -9999 -9999 -9999 -9999 -9999 -9999 -9999 -9999
