data/rasters/s2.04.07.cu.4_xyz_08_.asc
NCOLS 100 
NROWS 100 
XLLCORNER -4 
YLLCORNER -4 
CELLSIZE 0.08 
NODATA_value -9999 
[rows 63 to 83 of 100, columns 48 to 95 of 100]
0.387037290314875 0.493596103177079 -9999 0.312912832058393 0.278273545634046 0.180111509312027 0.197168205871961 0.233505837187459 0.276280126300431 0.320267490169405 0.332870112388187 0.261447748456608 0.227686854306116 0.145314759598768 0.0619354448855007 0.137596969217892 0.0117589193014473 0.046848227890494 0.131578598607748 0.150627266694909 0.11835104046748 -0.0487871738456548 -0.204061606667485 -0.21259158963977 -0.185961109508733 -0.219881356975362 -0.230620653209423 -0.215570580553751 -0.183078058376877 -0.184381957260371 -0.099799718120883 -0.0958567428585607 0.0682973180007117 0.0589872625755758 0.0679544152081297 0.100446090044887 0.146395470098351 0.0596203376424448 0.0358100487389583 -9999 -9999 -9999 -9999 -9999 -9999 -9999 -9999 -9999
0.485746252142693 0.417860461997818 0.366789627109814 0.247652428259102 0.190349523359615 0.149810322981498 0.191144625094499 0.218515253812025 0.280261316876658 0.365587793615912 0.382919786628465 0.226654332860941 0.19820426558427 0.190682911627078 0.148568674466374 -9999 -9999 0.0663215059357495 0.132057718300906 0.0797154834857847 0.102753017379023 0.0152523715170541 -0.158573254165503 -0.166595248654429 -0.209801042369014 -0.232869225773385 -0.23058530132856 -0.24015610315485 -0.178892294933641 -0.159340090342244 -0.106052297709197 -0.0119890843241053 0.0761658517102853 0.0882973041914561 0.113251656263929 0.124518229870778 0.0695807454717002 0.201364032893806 -9999 -9999 -9999 -9999 -9999 -9999 -9999 -9999 -9999 -9999
0.39374236832165 0.378617324531468 0.313815507766783 0.246398774472546 0.188855867577322 0.164908262207935 0.174965291498912 0.21273686354947 0.256837000114562 0.25196535990075 0.346960636719874 0.326008566826581 0.259689879903028 0.164770049779388 0.136310341643369 0.134665384042907 0.143609835133312 0.167402711701116 0.151505537407812 0.0775227489505349 0.0070859729694658 -0.0919079052885098 -0.131292862869619 -0.163536036845521 -0.21206097204415 -0.235952651655591 -0.125266673608783 -0.15923353333735 -0.137475507176261 -0.101533037264027 -0.0724396822490474 0.0414079493516387 0.077379859048189 0.0644155990967166 0.100831632669544 0.13697084344033 0.0928295271056471 -9999 -9999 -9999 -9999 -9999 -9999 -9999 -9999 -9999 -9999 -9999
0.340789416022885 0.400202176722856 0.359819145602546 0.282328112077348 0.272794091215756 0.223650343621545 0.190644807717158 0.231592823395918 0.252095996543206 0.238085597140327 0.317264828995924 0.323708820842501 0.224915041572607 0.188414297478829 0.182941308576166 0.211490876138882 0.168698656383967 0.129184853975327 0.169543052286871 0.0312255081824445 -0.0059212902072049 -0.0671524500307055 -0.148608206579815 -0.162045631384695 -0.190270355691709 -0.101898095905185 -0.159178067185534 -0.130184275131996 -0.132318660838587 -0.0729532334743797 -0.0198276438604768 0.0554301665991226 0.107470926096775 0.13396618922172 0.125888062618604 0.124551566858204 0.179414821543982 -9999 -9999 -9999 -9999 -9999 -9999 -9999 -9999 -9999 -9999 -9999
0.298402257851936 0.284259257268642 0.333410095301533 0.275990245208198 0.273149907966481 0.243358454475758 0.271535934558827 0.253028796957689 0.253648577521654 0.235544846530528 -9999 -9999 -9999 0.376343494442544 0.405373605895403 0.241419563121788 0.186877058210501 0.141138186167302 0.0958094295303158 0.00554181315451359 -0.0814988815099825 -0.133822999161696 -0.171611935851638 -0.227534168725942 -0.183802523722254 -0.136403093626908 -0.181696849638835 -0.184586501580542 -0.0820864213103663 -0.0579489869451894 0.0012372230661231 0.0691251128009451 0.136875033306444 0.190899313734673 0.208299190665335 0.163382217911521 0.197718792819455 -9999 -9999 -9999 -9999 -9999 -9999 -9999 -9999 -9999 -9999 -9999
0.232900158004896 0.319031592098444 0.300375636346054 0.243245860405828 0.274064689704522 0.292669683438476 0.280351430041674 0.258859943091835 0.276952693882011 0.360689368639767 0.391486807036402 0.300390735250337 0.286910480472161 0.331246294104366 0.305540396463998 0.23165113213801 0.194275081221213 0.0611192807588213 -0.0410667028719118 -0.0855967299225393 -0.139271424899624 -0.110122857450778 -0.228098458436969 -0.229794531657742 -0.23964544345107 -0.136250708006619 -0.144601617648785 -0.152188129100512 -0.173353760849184 -0.0325088265150768 0.0239002591362182 0.0580293377657656 0.125211583512596 0.166801920335251 0.214984647780003 0.223660530267246 0.203172450043672 -9999 -9999 -9999 -9999 -9999 -9999 -9999 -9999 -9999 -9999 -9999
0.136104344862392 0.165483686156524 0.220386654732149 0.242497235648698 0.249844111644966 0.262337323813423 0.324187028079816 0.336376507614894 0.32299429842948 0.316086912714989 0.360231693747087 0.344944984947424 0.25892618834422 0.248410701584609 0.231064968209406 0.211426789611682 0.14691424350069 0.0384320264848713 -0.114297442833902 -0.187202108941513 -0.245541513459264 -0.0691101434752468 -0.245944454516208 -0.257401507870312 -0.280410675597778 -0.227398696609145 -0.103696072610018 -0.165569754650097 -0.159921263274071 -0.0754951329722021 -0.049039060295382 -0.00661206930909896 -0.0508999953594076 0.0332843242708536 0.158152542775883 0.201165479395738 -9999 -9999 -9999 -9999 -9999 -9999 -9999 -9999 -9999 -9999 -9999 -9999
0.0266607889751305 0.10070684773431 0.156466603176035 0.219938616736633 0.223647628337749 0.218472290311978 0.277388409363857 0.342455718700697 0.336151284456861 0.331836326709844 0.310800118834982 0.290283520154328 0.25668540442815 0.198652448936826 0.18991005473325 0.21686415306719 0.118424667802021 -0.0400416407117034 -0.145370282802681 -0.154130137989024 -0.218568459473809 -0.308624816492839 -0.251325490510578 -0.302148153267522 -0.287344802261222 -0.254391398989966 -0.190267544874326 -0.142691652061953 -0.121739475877519 -0.0428738630803398 0.00418816598312701 -0.0199407921581137 -0.110354726641785 -0.0738902568863333 0.0676686769986106 0.259991325423868 -9999 -9999 -9999 -9999 -9999 -9999 -9999 -9999 -9999 -9999 -9999 -9999
-0.0507508635775014 -0.000629153374768771 0.0903311003794295 0.111829299293497 0.142017973058426 0.178579843476478 0.260638547819886 0.316017430808412 0.386525977445724 0.368881849845705 0.368800030122588 0.319730981901773 0.239530907084339 0.196481533440615 0.288024358283416 0.28221707423189 0.0874812640687311 -0.0909258087482717 -0.280771122826528 -0.26474444234076 -0.227734662151097 -0.271981742732866 -0.252663668544821 -0.306795351933124 -0.294909020242543 -0.279081163144134 -0.21251960946955 -0.194993446416644 -0.127400365993765 0.00181857499073738 0.0413552192835123 0.031245159423078 -0.0967781222214755 -0.101191918342824 -0.0484143853617799 -9999 -9999 -9999 -9999 -9999 -9999 -9999 -9999 -9999 -9999 -9999 -9999 -9999
-0.149039965980149 -0.102503925251389 -0.0137160729150641 0.0305783743927807 0.0854536581409637 0.171596156273828 0.26005949409066 0.311038381611805 0.465814824119822 0.422833424241807 0.375859560400871 0.303779875780113 0.233578655437077 0.241914323566137 0.226630925666011 0.233036538946245 0.111448714108911 -0.0803100979798427 -0.215853185754233 -0.248418241172873 -0.217722142009638 -0.270664648431138 -0.265539118011821 -0.233496915138474 -0.290837393738613 -0.245221317468745 -0.192172163829806 -0.19949922851444 -0.160585727312237 -0.10537056926436 -0.0278750997154882 -0.0948074406300096 -0.18445427686175 -0.0343195613341465 -9999 -9999 -9999 -9999 -9999 -9999 -9999 -9999 -9999 -9999 -9999 -9999 -9999 -9999
-0.175783132109124 -0.157532916843772 -0.0348204785373689 0.0344617554141132 0.0884827616864269 0.164823976969432 0.224436886393229 0.31412328900398 0.417787260395053 0.394607832725788 0.293154284268829 0.36776872301475 0.297238757890723 0.298183269967661 0.282787931989338 0.388307611884627 0.191293255301266 0.0243049035697959 -0.227821658500636 -0.234879118154932 -0.251449430771032 -0.186323603613267 -0.299668545767407 -0.256625307985733 -0.223573754036932 -0.245613619879737 -0.252570439705266 -0.165882125884048 -0.14948562146204 -0.0466468718227928 -0.0801380901316427 -0.0795166787207228 -0.176154280303658 -9999 -9999 -9999 -9999 -9999 -9999 -9999 -9999 -9999 -9999 -9999 -9999 -9999 -9999 -9999
-0.185945470373172 -0.167911242299895 -0.108717239734385 -0.0323003817786097 0.119562889145485 0.193036014675205 0.294122026360792 0.329761990844649 0.362260405868441 0.295352012953359 0.206040045635144 0.240137091716859 0.20311273437007 0.267144251030155 0.28420101469963 0.255171016936684 0.166598808707532 0.0522621845955885 -0.142661037823871 -0.228103146381852 -0.291606484933799 -0.258867002049396 -0.25480885159609 -0.166933980564784 -0.225439349759093 -0.217102159599032 -0.217261607279729 -0.21188140023234 -0.0735678453987346 -0.0605355418893453 -0.0373518221939309 -0.130944848358767 -0.144338705957656 -9999 -9999 -9999 -9999 -9999 -9999 -9999 -9999 -9999 -9999 -9999 -9999 -9999 -9999 -9999
-0.150627963288312 -0.132150497331888 -0.103300610023816 0.0216639025896346 0.162920618159952 0.251886343385052 0.259101109943908 0.285218252231606 0.32716204233118 0.294024477872396 0.119832305437867 0.114301836967121 0.151105467782033 0.2147572472104 0.209247552250712 0.195484442558406 0.11874621900172 -0.0161675323062167 -0.0987932384438306 0.0633175939579048 -9999 -0.184357584761746 -0.153710311771891 -0.115334774310727 -0.161771100470566 -0.159367808580293 -0.164576304903572 -0.096947346692072 -0.0450156679002195 -0.0691129403768155 -0.091285785781516 -0.107524648776577 -9999 -9999 -9999 -9999 -9999 -9999 -9999 -9999 -9999 -9999 -9999 -9999 -9999 -9999 -9999 -9999
-0.197002447356033 -0.0927453187413545 -0.035060223483602 0.020669890994434 0.11080954693073 0.203825510874977 0.237765425524605 0.229469424779959 0.192250981093481 0.170536648496377 0.114509746578951 0.070571425449375 0.0930818014020169 0.125365002913214 0.134757447358097 0.089349392763807 0.0869904732510354 -0.0201596646388464 -0.090674592662241 -9999 -0.146907282921153 -0.136922100676161 -0.0713589018623411 -0.124208899960743 -0.0860741515637047 -0.0942679585135905 -0.0990915139287508 -0.127756820613168 -0.148910572049445 -0.122942194758937 -0.0929182498034853 -9999 -9999 -9999 -9999 -9999 -9999 -9999 -9999 -9999 -9999 -9999 -9999 -9999 -9999 -9999 -9999 -9999
-0.15702600648191 -0.0975153610236629 -0.0660765894883128 -0.0389996048667089 0.0549896963197365 0.143493338091616 0.197859712386521 0.229480846104376 0.237808562036973 0.143517648641864 0.102644876205983 0.100011398779807 0.0768714300909673 0.103447903753288 0.0326875138917727 0.0149269167582156 0.0202525497533557 -0.0335222442028765 -0.111274105354221 -0.0534004773196796 0.0144244783398587 -0.0433381567163629 -0.0745052147634986 -0.0788319971091624 0.0401588259396756 -0.0733765862040038 -0.0922279125433304 -0.138634078985456 -0.160372341860509 -0.173927981695427 -9999 -9999 -9999 -9999 -9999 -9999 -9999 -9999 -9999 -9999 -9999 -9999 -9999 -9999 -9999 -9999 -9999 -9999
-0.158256039543616 -0.0378451594767168 -0.0380933890770013 -0.0782223559535616 0.0450376398945375 0.0782192291205354 0.210168489027258 0.266114427919794 0.236664780011712 0.149256897079664 0.129211304807552 0.104176536992381 0.0765891116043352 0.143388320806276 -0.0332272082948453 -0.00701918802868781 -3.74811585914847e-05 -0.00521108829563681 -0.136860976488465 -0.123385722027914 -0.116314417702323 -0.0540595779472678 -0.00281222519521892 -0.0758797059504261 0.042524488470382 -0.0697198030478459 -0.0975493848675769 -0.0727682662191912 -0.103674118607455 -9999 -9999 -9999 -9999 -9999 -9999 -9999 -9999 -9999 -9999 -9999 -9999 -9999 -9999 -9999 -9999 -9999 -9999 -9999
-0.0554788721019309 0.0348161217249918 -0.0629403772265097 -0.0504640880397349 -9999 -0.0100447128760667 0.00212156321743259 0.238734572608299 0.217001904642117 0.163105169934783 0.121673947067879 0.107461988889383 0.127943389413149 0.0727266379646088 -0.0533656151577386 -0.0600461815291681 -9999 -0.184677426526768 -0.198836993778511 -0.160908325186964 -0.193228611596867 -0.00959390557220434 -0.0156947432252666 -0.105124668264765 0.0529661744284828 0.0624468326865082 0.0370599113301327 -0.0223961015230199 -9999 -9999 -9999 -9999 -9999 -9999 -9999 -9999 -9999 -9999 -9999 -9999 -9999 -9999 -9999 -9999 -9999 -9999 -9999 -9999
0.0159105853161948 -0.0178976814277937 -0.114876052959629 -0.0461219756106764 -0.0800251880349826 -0.0738387483697431 0.00610847140386622 0.202510016078551 0.258912906132228 0.317118753267454 0.241095553110217 0.145061233712443 0.116475928581878 0.165862050914233 0.0410557268265088 -0.0358702405762011 -0.0864566324517 0.00848451236851903 -0.0351396746635563 -9999 -0.225132066271364 0.0251051579325052 0.0269866049215002 -0.0086969242387635 -0.056521848434842 -0.0321333684941613 -9999 -9999 -9999 -9999 -9999 -9999 -9999 -9999 -9999 -9999 -9999 -9999 -9999 -9999 -9999 -9999 -9999 -9999 -9999 -9999 -9999 -9999
0.0267692710876507 0.04071653206043 -0.139049641502992 -0.126397508391689 -0.161328935186204 -0.0448373522639512 -0.140212692842317 -9999 0.0367242192150257 -0.0528943582891017 0.221950400006571 0.236203872675603 0.140146765921404 0.170518134787002 0.131510962162414 0.0295945156999267 -0.018740173309433 -0.128004842528751 -0.186296644923531 0.0357437127781347 -9999 -9999 -0.052016154417478 -9999 -9999 -9999 -9999 -9999 -9999 -9999 -9999 -9999 -9999 -9999 -9999 -9999 -9999 -9999 -9999 -9999 -9999 -9999 -9999 -9999 -9999 -9999 -9999 -9999
0.0104665189571113 -0.0939281126550262 -0.114386380725732 -0.164750456035378 -0.194506341901804 -0.144805426859062 -0.192744614612172 -0.106892243456871 -0.0671189775923847 -0.0213351135944507 0.164608668455805 0.234323988484106 0.143383068133712 0.0536223581134788 0.0243899653318816 0.0250251699777173 -0.0691681716357719 -0.137711802427825 -0.141172175349983 -0.163978311177692 -0.141856027852457 -0.097383851199889 -0.0550056403534153 -9999 -9999 -9999 -9999 -9999 -9999 -9999 -9999 -9999 -9999 -9999 -9999 -9999 -9999 -9999 -9999 -9999 -9999 -9999 -9999 -9999 -9999 -9999 -9999 -9999
-0.132037055625817 0.0928601880525851 -0.23380567091132 -0.244838668989401 -0.205912693796731 -0.142734505376673 -0.0885343086288047 -0.138254459301728 -0.113028296494099 -0.0708498489021444 -0.0218048325305607 -0.00180946611396628 0.0046385606333485 0.0377674543597661 0.00690256622365588 0.0471706016518689 -0.102335290525084 -0.155491313027836 -0.109393497957191 -0.118469173476611 -0.0147645692587912 -0.0961261826881113 -9999 -9999 -9999 -9999 -9999 -9999 -9999 -9999 -9999 -9999 -9999 -9999 -9999 -9999 -9999 -9999 -9999 -9999 -9999 -9999 -9999 -9999 -9999 -9999 -9999 -9999
