data/rasters/s2.04.07.cu.2_xyz_08_.asc
NCOLS 100 
NROWS 100 
XLLCORNER -4 
YLLCORNER -4 
CELLSIZE 0.08 
NODATA_value -9999 
[rows 42 to 62 of 100, columns 48 to 95 of 100]
-9999 -9999 -0.265777459755831 -0.323093094952878 -0.216653084063864 -0.170155499228468 -0.116728679976476 -0.144112697236965 -0.169667566178192 -0.159867416796514 -0.1280210619728 -0.0850272931200257 -0.104340136529186 0.00911424703256674 0.0953484046332178 0.169998277001004 0.378370102997894 0.425556870418942 0.460171660759998 0.440780526101921 0.253537058995965 0.343640441486855 0.243852527575181 0.286078555851282 0.331434061510701 0.51641951413474 0.684970221741756 0.721561870419647 0.711011591515358 0.708554995222033 0.721227068920246 0.658022159742412 0.568065339187095 0.599421615445638 0.592761736659274 0.299472976780235 0.207561099445117 0.171093686557291 0.232835635962799 0.209587154070124 -9999 -9999 -9999 -9999 -9999 -9999 -9999 -9999
-9999 -9999 -9999 -0.336183420137266 -0.207573234501007 -0.142979162679892 -0.130852131579978 -0.159288278227286 -0.224649824803177 -0.250118548320217 -0.163982681594487 -0.130596872988932 -0.124066211487688 -0.0140210261663764 0.110686472801859 0.169571849600266 0.2754746474845 0.382051732763846 0.458040581805527 0.433830689339566 0.287479863763001 0.236897117254849 0.128236244542462 0.274156374454648 0.424955208091157 0.357501087768979 0.674850003766774 0.736601699616021 0.755479074585489 0.77854697941216 0.749559567499179 0.640155909388807 0.691167096320778 0.677519693879682 0.518570342391092 0.346567909162875 0.168670314352146 0.168363226552273 0.178967503331142 0.175294800094489 0.10878711386458 -9999 -9999 -9999 -9999 -9999 -9999 -9999
-9999 -9999 -0.419077568844985 -0.358078737330713 -0.199384619752149 -0.146942777594883 -0.0846161760842384 -0.106424790548907 -0.189946361953026 -0.212499249957443 -0.0819137263629588 -0.0938933515752928 -0.125500456223715 -0.0357208903268836 0.0746214127074783 0.110956230595851 0.222823956812247 0.318365257821738 0.388864540478647 0.333815820841424 0.212827702775259 0.325473142394249 0.112977029858564 0.228197611575913 0.338780211431632 0.356020046664963 0.689487971014778 0.772488616865063 0.755191121454466 0.709223747581412 0.717089899596043 0.754938832543086 0.644985662872999 0.57483968304947 0.290533248843575 0.220929349100664 0.177185998540424 0.134687840450725 0.0561197593642549 0.0443130421401541 0.0834519422386672 -9999 -9999 -9999 -9999 -9999 -9999 -9999
-9999 -0.577474906874192 -0.771387551361651 -0.420209183559973 -0.177301331287382 -0.117810448005663 -0.0579304131539349 -0.0637882525314063 -0.107016516744373 -0.0956071033543053 -0.0400920855515279 -0.0637026298011154 -0.119988535163811 -0.153466663055674 -0.0361199298504446 0.0089757634465261 0.127099844663364 -0.0697042131291573 0.347653958984544 0.265151229318371 0.299704940875831 0.261713527135164 0.167622823994946 0.120639077723872 0.371460870635312 0.558999246942791 0.727059185519312 0.754041003528724 0.789451815677744 0.762071788052655 0.661667670371855 0.633480529373556 0.529521917965001 0.508025362972735 0.315560416216295 0.0769439626297462 0.0258603411059511 -0.0724629539187874 -0.0898990058642336 -0.124686566538331 -0.0873655950827413 -9999 -9999 -9999 -9999 -9999 -9999 -9999
-9999 -0.485703345558495 -0.61024422923107 -0.370441043526603 -0.120017950992365 -0.0733363528852714 -0.0421933447545718 -0.00243515845788146 0.107968135959642 0.0599925724813726 -0.0615766930700413 -0.00307502442292913 -0.0999096606622991 -0.232370117356834 -0.140092335976743 -0.0171880207365027 0.124679727939791 0.203669849524831 0.382081769139725 0.263835508713305 0.250783864124551 0.10138905777989 0.147613259308507 0.111727635793671 0.173502459054199 0.319255639905071 0.579623572074484 0.680717789873225 0.68000954121988 0.620419308885029 0.627563219005178 0.566198831049071 0.549843626511166 0.518842945279241 0.367430986079517 0.06544537713645 -0.0997301745658775 -0.227910917724361 -0.142913033086705 -0.165162081062026 -0.30375167181803 -9999 -9999 -9999 -9999 -9999 -9999 -9999
-9999 -0.527280884464738 -0.450716898919774 -0.269296410856928 -0.204149681314922 -0.213226195666101 7.31036853413117e-05 0.0358068220128947 0.0881174448768553 0.0834349850737646 -0.0586138509994192 -0.0798727620249498 -0.133624876428283 -0.154965680230796 -0.147300194783126 -0.0234821953822541 0.110776817295224 0.131981343613764 0.0912629318176608 0.185591599786768 0.1843214457406 0.0901151995250627 0.11220832880294 0.0978619727535936 0.0488513782205956 0.12192246486806 0.385603349676037 0.494896110757079 0.45645750521847 0.336592950107968 0.654253112066316 0.523939943175646 0.516419437122645 0.407219291931132 0.295914980184192 0.10231146947831 -0.0915679670657184 -0.227885624189309 -0.331700717232776 -9999 -0.216723591796041 -9999 -9999 -9999 -9999 -9999 -9999 -9999
-0.906243027060177 -0.917289913395734 -0.662988326668546 -0.354519880533924 -0.217557484187919 -0.198300687372689 -0.0159006635480772 0.0120967029681354 -0.13191755819974 0.0810912286775505 0.0215117952349033 -0.103756519614697 -0.128651221321149 -0.132322710184743 -0.169352474400947 -0.0995125687537871 -0.0839100500907112 -0.0291753875644474 0.046895089791266 0.020892535150801 0.0753389632379157 0.0385240582480314 0.0648008745586885 0.0215422626596796 0.0670949726794538 0.187340122640203 0.18394464303423 0.307054664248049 0.268749963218002 0.248559268068325 0.229723977792981 0.390712224601277 0.198698667610627 0.312652148556524 0.21760048472488 -0.00350357290024676 -0.166377787987386 -0.228272783283735 -0.247251867136631 -0.233163673057131 -0.176225041046827 -9999 -9999 -9999 -9999 -9999 -9999 -9999
-0.91331691904811 -0.930011281709184 -0.879412093096422 -0.380285490473682 -0.240259030106686 -0.212728832818654 -0.0161915614908553 0.0431445379995207 0.0999212639556202 0.0837241319554993 0.0586729090483022 -0.00543418727365977 -0.0415830551723076 -0.0206756388702967 -0.16993466745196 -0.126016240947423 -0.109883236332509 -0.103915051612242 -0.0440797700394784 0.040617269412964 0.0557448323350626 0.18037829435008 0.111040230080571 0.0131683565524004 0.0573340697249519 -0.00210329536262475 0.0828867747903453 0.18471261058358 0.103076209007142 0.0359515011181323 0.242294559653891 0.249597876838064 0.220354145843705 0.12707001804871 0.0260324637879731 -0.0384240059623214 -0.18861665859986 -0.24703905088348 -0.264655378778409 -0.259039106301589 -0.295977109594482 -9999 -9999 -9999 -9999 -9999 -9999 -9999
-0.945302767268799 -0.930763238196585 -0.81694638349415 -0.463813968971719 -0.298687586649287 -0.215080124739259 0.00575685543884381 -0.0103642667291869 0.0846654214647711 0.071212982273845 -0.0337205458214468 -0.0826646675204053 -0.0747024970927398 -0.149865184085272 -0.14965540825198 -0.0858146362763365 -0.0869734424647893 -0.11674259003911 -0.0966728373888183 0.00756398033623208 0.18085299234601 0.154255154839905 0.143734767808578 0.0424163742639553 0.0588054319479838 0.0603729130004124 0.0941196688141141 -0.00715968074600481 -0.0456841511574692 -0.0477513541903973 -0.146075185083753 -0.139577820477115 0.0790304690778092 -0.077275946940899 -0.119908363127775 -0.220272828476571 -0.234596240655446 -0.264193278352326 -0.295679492799331 -0.343668338669171 -0.316827142698296 -9999 -9999 -9999 -9999 -9999 -9999 -9999
-9999 -0.913200592634569 -0.872417818137357 -0.599045931445225 -0.442649291798359 -0.211793458847009 -0.246385568600256 -0.00125247994591059 -0.0195174597122731 -0.0285618009474762 -0.175768230019324 -0.165726709998483 -0.151501738527363 -0.108224280321961 -0.0656979074608991 -0.0725005987526641 -0.0702172178583251 -0.105238064813036 0.107477773744563 0.162824898382319 0.228562701127148 0.066963021483318 0.0206348598429496 0.00895866011968379 0.03601197244324 0.0539187790898058 0.0281020241016443 -0.047001172737904 -0.0989773443476132 -0.13493770108632 -0.167621844258483 -0.204111701870805 -0.183076989248705 -0.236169314141764 -0.310716102934667 -0.302108632400304 -0.285472425367382 -0.32989031620395 -0.357358881086149 -0.361300769003082 -0.31122347375919 -9999 -9999 -9999 -9999 -9999 -9999 -9999
-0.793678206587099 -0.819786367957013 -0.875126216267262 -0.581733245650914 -0.602079336295039 -0.369315340701763 -0.286197176116415 -0.213328250657893 -0.201587052826385 -0.231472893733386 -0.254991580566969 -0.211529666056019 -0.161222525170537 -0.100889417884777 -0.0682348482612865 -0.0521244659598766 -0.046240815250992 -0.0292652659440303 0.135705841471441 0.209048971765453 0.181539324900758 0.100875378436157 0.0153004443855323 0.0134618548893973 0.0116389974877198 0.0499953699223181 0.0224795986004615 -0.0624436915733947 -0.158289208980006 -0.134556576070813 -0.179591761765668 -0.232505346772645 -0.197585537061487 -0.221691402286813 -0.322963338866935 -0.311350914130568 -0.300651446139701 -0.336716783758975 -0.368244400379628 -0.399079725082219 -0.346898495248216 -9999 -9999 -9999 -9999 -9999 -9999 -9999
-9999 -0.780482051193376 -0.794655118961324 -0.793823299881394 -0.681090235249133 -0.447779793889082 -0.362766484822562 -0.247205353444553 -0.254257043835596 -9999 -0.311932468411547 -0.272338702187376 -0.162511339122161 -0.102469253106708 -0.124023501598504 -0.0359629207520465 -0.0540815526934359 -0.0720968700059249 0.077527302027823 0.174382348851547 0.15046188178273 0.123840857613352 0.0773393021647835 0.00759812703546303 -0.0196561892009466 0.00131309152227506 -0.0856131805305117 -0.100528138144264 -0.213789522609889 -0.0759225574429572 -0.145935432725038 -0.181609206904734 -0.18387344537927 -0.223753698946465 -0.27977864520487 -0.26922382685556 -0.293662544015402 -0.307152046944585 -0.333890576272014 -0.382315906524431 -0.376059453908422 -9999 -9999 -9999 -9999 -9999 -9999 -9999
-9999 -9999 -0.728185735390088 -0.734970198543044 -0.652150122346811 -0.538825192478162 -0.386358675876295 -0.346688749564121 -0.354236820331218 -9999 -9999 -0.342867957771461 -0.235037332302778 -0.121836533967148 -0.143897248753799 -0.0639558205519042 -0.0579896393632878 -0.0680520479538701 0.0397701772280212 0.0455387569678011 0.0711465134457903 0.106482333314674 0.112058111949777 -0.00317161464285764 0.0349741030907215 0.112520811015755 0.00594953133912984 0.00183408414985943 -0.069337088876842 -0.152132316688338 -0.175875346852947 -0.163886331243534 -0.161487942649879 -0.222211358895865 -0.243232311305666 -0.253068853184077 -0.283643626820876 -0.301663181982335 -0.318009936917756 -0.363516403185161 -0.362663484710062 -9999 -9999 -9999 -9999 -9999 -9999 -9999
-0.57840647557684 -0.720109096992736 -0.663266196233242 -9999 -9999 -0.525506804025345 -0.523819261430206 -0.437195199703261 -0.398667563207583 -0.28032153582168 -0.131159403838848 -0.171760425590715 -0.130444803045358 -0.0657242988652157 -0.0263430963701084 -0.0378181225710409 -0.00563181040646224 -0.0226351884765271 0.0641339483280633 -0.00845843248093363 0.0235592497081796 0.0408722142117621 0.0875133938859891 0.0126867833473525 0.0145774708762658 0.19182240767475 -0.00804270092568246 -0.0152713725008041 -0.125333100044791 -0.0744487393515881 -0.0946134435462128 -0.183769652678073 -0.142570182941663 -0.131678500978984 -0.155370185810811 -0.190364263884111 -0.249011930189842 -0.274044216294449 -0.322302315192391 -0.304839730674275 -0.372673594213319 -9999 -9999 -9999 -9999 -9999 -9999 -9999
-0.480027552439898 -0.59881666905132 -0.573908231778627 -9999 -9999 -9999 -0.553324951975888 -0.459032710970835 -0.30611186581629 -0.234783963108659 -0.142082388019842 -0.151508663283966 -0.0579274693021127 -0.0806295858338094 -0.00318405399201969 0.0290645908740434 0.0612971578190521 0.0520310921467158 0.0475241574223939 -0.0180610559728604 -0.0186669443552974 0.0171571793496143 -0.0173916012728835 -0.029653797298313 -0.0686794679604347 -0.138669073251501 -0.0781209825217797 -0.0632926931025355 -0.0721733171034769 -0.0718416725188204 -0.037070312867646 -0.153546404454446 -0.112010414800337 -0.0682417006282931 -0.0543926380414923 -0.0342996177499478 -0.153564670373969 -0.130198671659737 -0.248406552087068 -0.266507274752048 -0.285492859188673 -9999 -9999 -9999 -9999 -9999 -9999 -9999
-0.421086317634088 -0.622838197057554 -0.534834171813679 -9999 -0.668509444437875 -0.488186211495995 -0.469052506434173 -0.42177194905393 -0.196364723205542 -0.137260013830027 -0.0974394672300994 -9999 -0.0786799935058601 -0.0893994863427972 -0.0758856402697163 0.00390227769571206 0.0971721775374122 0.10208424246807 0.0593133894199125 0.0171885777428515 -0.0247809290740713 0.0199102328123749 0.0133230560203217 -0.0316505076689308 -0.118973687799382 -0.163571691044217 -0.161556267449763 -0.0573229760548419 0.0502626903646901 -0.00108727595507278 0.0122656274729737 0.0555743315882117 -0.0467078550898239 -0.00223426746875063 0.00165341431274567 -0.00411334296633362 -0.065251100739709 -0.121036871090573 -0.216577557166231 -0.177168553639232 -9999 -9999 -9999 -9999 -9999 -9999 -9999 -9999
-0.356235285159787 -0.381684298620204 -0.536741033684194 -0.466847863623219 -0.44528148597634 -0.418264406089204 -0.387685870168329 -0.385195932402686 -0.239176780708532 -0.158577126049036 -0.0747711634148392 -0.0903516271956058 -0.137293796938459 -0.132439134414674 -0.121869646493318 -0.0874004295342596 0.037142580550459 0.134833412272845 0.0202599790001146 0.0232835522338426 0.0179079672262792 0.0242703243137892 0.0331344259306144 0.000271179826668668 -0.000382767866617251 -9999 0.00299102786485772 0.0155888620437966 0.0241997334350788 -0.0288335388367261 0.0405138365700505 0.0383720620881218 0.0412060288012909 0.0600625572723557 0.0723566364218533 -0.0195813598553292 -0.112544294198861 -0.195902931483163 -0.18744750455425 -0.178941141010159 -9999 -9999 -9999 -9999 -9999 -9999 -9999 -9999
-0.126039737458311 -0.222724248757757 -0.253665135293833 -0.391658942403554 -0.379997099000784 -0.401419408399543 -0.372909501461088 -0.379372491879557 -0.290451240576076 -0.146393434679164 -0.0498942895249284 -0.0445093155824483 -0.134175583154098 -0.174276116401477 -0.111727841479993 -0.0860715200530141 -0.0668988475345706 0.000847719493715309 -0.00177394162537657 -0.00132552336721946 0.0361712109441959 0.0268277199693129 0.0159145788464814 0.0387694579125092 -0.0555194730162341 -0.0422102784073471 -0.0340167499694827 0.00160867545022984 0.0239012041227782 0.0622222193823006 0.0251173787080502 -0.00891158268135996 -0.00243725988514779 0.0281608774530825 0.0553720568795983 -0.0225927312490484 -0.161953073872979 -0.187147144057884 -0.181886293179101 -0.210746690501453 -9999 -9999 -9999 -9999 -9999 -9999 -9999 -9999
-0.081127407586004 -0.199654447427715 -0.230844994582049 -0.38965862353751 -0.414016568409265 -0.411809895228423 -0.360249356100946 -0.28260599655939 -0.190043256267068 -0.138168065566637 -0.063254392034151 -0.0435167485606075 -0.0955095705024688 -0.124907404004907 -0.132255714766378 -9999 -0.0111053065053103 -0.0307372145267775 -0.0105037634548781 0.00225133687216679 -0.00218710836786238 -0.0218901253917654 -0.0145619572868969 -0.017781842900352 -0.070703325742371 -0.0303105670492373 -0.0573071687404224 -0.0393763670838706 0.0484916020033344 0.0289468848512318 -0.0293308774570891 -0.0698185872514872 -0.0589750174970318 -0.0583007868278758 -0.0387503530248136 -0.00799404646749471 -0.202736803270886 -0.191505997948339 -0.20353773896355 -0.239899107499442 -9999 -9999 -9999 -9999 -9999 -9999 -9999 -9999
-0.0805652120377116 -0.125518604304695 -0.290471121916099 -0.431480026676282 -0.42552613179653 -0.4758189429189 -0.405992497692456 -0.27848409177811 -0.172445036540453 -0.171004155839108 -0.148203815182546 -0.131912303128548 -0.0740761883639754 -0.0790496292791733 -0.0838960005056241 -0.000174392059529956 0.0324332134865787 0.0408005725898041 0.0579129738670902 0.0555629747346096 0.00969003115019284 -0.0294317291306317 -0.0782205410521652 -0.0680677880337797 -0.0802101156964483 -0.097576949700624 -0.0588245828147152 0.0186095777328783 0.0305987465813944 0.0101449996606338 -0.0714517338785699 -0.0228159918520594 0.00501284155108297 -0.0530306695474651 -0.0273600135036688 -0.00837517053751132 -0.101769989928975 -0.129120148783209 -0.212633254363251 -9999 -9999 -9999 -9999 -9999 -9999 -9999 -9999 -9999
-0.0413970361319333 -0.162475054646122 -0.153802947918343 -0.456896008264535 -0.454841872559537 -0.444156509621876 -0.37551650764993 -0.298126031227022 -0.167977169097418 -0.153636358249498 -0.161701287222776 -0.115717305280324 0.0768983987240217 -0.0459664532841333 -0.00963745928774997 0.0257673385290549 0.0985840645455393 0.0570591310114534 0.109497908314329 0.0313790463822726 0.00980849993820312 -0.0581692438297165 -0.106962959804653 -0.0744674655709088 -0.0935323459077701 -0.0752104990392676 -0.0561491027480263 -0.0544704304998684 -0.025666726968871 -0.1085029691083 -0.0510324990324147 -0.0678386568414366 0.0447905637633575 -0.0648463245218204 -0.0417548684480218 -0.0499562969917434 -0.0890087913354887 -0.0479652603948792 -0.163621055646228 -9999 -9999 -9999 -9999 -9999 -9999 -9999 -9999 -9999
