data/rasters/s2.04.07.cu.1_xyz_08_.asc
NCOLS 100 
NROWS 100 
XLLCORNER -4 
YLLCORNER -4 
CELLSIZE 0.08 
NODATA_value -9999 
[rows 44 to 65 of 100, columns 0 to 49 of 100]
-9999 -9999 -9999 -9999 -9999 -9999 -9999 -9999 -9999 -9999 -9999 -0.0985270952272624 -0.167633794488674 -0.170324980042399 -0.126213457696185 -0.217925295345886 -0.285290774381003 -0.28169818633849 -0.257240363659675 -0.266348001532738 -0.182063023895509 -0.149382396318703 -0.107501964167656 -0.0880518605883672 -0.159572171813414 -0.116977986742448 -0.0649748417718817 -0.0656088618048697 -0.0182941946821018 -0.100499055695736 -0.133967068890479 -0.0437016520574121 -0.0731910974867162 -0.0734065797128304 -0.0381574192555359 0.0191251864274335 -9999 -9999 -9999 0.442118096979741 0.399543195549125 0.436328372481419 0.473562996735613 0.388439880720943 0.339906652552889 0.230427884620645 0.0063659528932397 -0.0319333219889426 -0.132251645680957 -9999
-9999 -9999 -9999 -9999 -9999 -9999 -9999 -9999 -9999 -9999 -9999 -0.0697286413407305 -0.0976329913667883 -0.191108406018958 -0.168098536804611 -0.103089136038566 -0.194089544673025 -0.0646335203364555 -0.108296836106486 -0.196294138537066 -0.186316787978888 -0.166091984019406 -0.136938173126054 -0.130381213514676 0.0334636805243266 -0.0568984187889356 0.0522870499871193 -0.0279385218667543 -0.0185803412158359 -0.0508558780954523 -0.0486493749844042 -0.110773760389461 -0.131855237620375 -0.147553552324721 -0.131264186278982 -0.0321475223717684 0.0349068866365912 0.000592299641209174 0.528269046465679 0.377654127648118 0.441064549249088 0.424636246112623 0.481121803005204 0.559922806233113 0.241984355357976 0.173726786140306 -0.0563333753851689 -0.110563226114481 -0.125782315661155 -0.114088007913132
-9999 -9999 -9999 -9999 -9999 -9999 -9999 -9999 -9999 -9999 -9999 0.0998872327935592 -0.0141881075671743 -9999 -0.200418324914939 -0.160005488792556 -0.157756406399837 -0.194612529386353 -0.185177183842921 -0.199457411846168 -0.214025372242724 -0.173552094675351 -0.156723238957877 -0.151394445754728 0.0126479141624909 -9999 0.22417363486046 0.133478223816869 0.0494048989580451 0.0483892003789514 -0.0160365411587023 -0.0788252778779907 -0.11076049649306 -0.0977155399378168 -0.131008876827 -0.0502973967766521 0.0259406630834981 -0.0357340058837654 -9999 0.385746780167017 0.347314409506128 0.292859815674285 0.194220395454012 0.227068156471998 0.189113284785806 0.0320715079673147 -0.136734651454177 -0.12332494413261 -0.142024731040609 -0.116784142220304
-9999 -9999 -9999 -9999 -9999 -9999 -9999 -9999 -9999 -9999 -9999 -0.11293912886295 -0.0605360541514139 -9999 -0.273030145146308 -0.270665575313509 -0.265877298370131 -0.199121352789558 -0.0942066820659508 -0.422240687786931 -0.441820388525057 -0.140384331286292 -0.167012103124634 -9999 -0.282438717368211 -0.247659437160244 -0.169514596393735 0.123032217092494 0.152013989910706 0.0525722100587429 0.00054660197291024 -0.0359060014284068 -0.0884447304753609 -0.126903606620709 -0.0568127722538128 0.0542107022919568 0.247603847358654 0.284364797202459 -9999 0.22703154982445 0.243656459501546 0.21753629860995 0.122989141490341 0.213489772671533 0.309748402228827 0.0452753438888494 -0.173431632650479 -0.25786950681809 -0.173351527256229 -0.226468211268051
-9999 -9999 -9999 -9999 -9999 -9999 -9999 -9999 -9999 -9999 -9999 -0.326747764096952 -0.0285845710708931 -0.0787962674153627 -0.293741319967523 -0.237006288982423 -0.269232530032808 -0.445178007916789 -0.515151439969127 -0.448933027705854 -0.484246550582449 -0.304247484208095 -9999 -0.136727679018293 -0.418946442029878 -0.248270618940643 -0.0253857597313377 0.112729105298588 0.112225691779696 -0.00820942123314827 0.0345928476342855 -0.0791035771053463 -0.0828732940879744 -0.0724507729204004 0.0258730913144064 0.122804201293088 0.170160355885414 0.261125996782792 0.293206837019545 0.237874302256704 0.179894194832022 0.273609588915525 0.108822592730087 0.100857540491392 0.135890054637899 0.038515278175437 -0.212041804301062 -0.342479659714805 -0.311775225306485 -0.266079028534448
-9999 -9999 -9999 -9999 -9999 -9999 -9999 -9999 -9999 -9999 -9999 -0.415937779863063 -0.0517656438721035 -0.315164179381951 -0.340554937914438 -0.320810808000775 -0.354374671655462 -0.45235227658853 -0.525339452910786 -0.520060095611781 -0.445401256500324 -0.316501877082211 -9999 -0.480113129393551 -0.484559690641265 -0.382311988755059 0.00180081945077758 0.0603584698988309 0.082662796263211 -0.00153711129471834 0.0614917296372288 -0.0454001488357354 -0.06609919263521 -0.0317877906165004 0.0177085436646288 0.118758887948958 0.237621182689039 0.244824230050982 0.20872905794807 0.197998806531421 0.191770022816386 0.0220902643470041 0.0383141806097221 -0.0152665870876801 -0.0282054564188727 -0.233132737690557 -0.328106092813184 -0.384283693930035 -0.38288368141134 -0.432558123863084
-9999 -9999 -9999 -9999 -9999 -9999 -9999 -9999 -9999 -9999 -9999 -0.461298296090694 -0.569406690796509 -0.397395133298042 -0.404443859861085 -0.429305760857833 -0.413417755922724 -0.525665158192955 -0.523164571047397 -0.54096940433261 -0.520648910246669 -0.0333993453964408 -0.518559217864529 -0.476541217711926 -0.443507494000495 -0.331004827132884 -0.209747400908536 0.214326290865111 0.176267919587572 0.105679194226001 0.161577480937809 0.0880014505273517 0.120246325230037 0.0531885644802355 0.0891641509671485 0.120439395326674 -9999 0.16518662096072 0.185381992908549 0.177905018558459 0.101426940666724 -0.0207421555485654 -0.0552675153440029 -0.110065040141331 -0.0920510418400664 -0.233454601870765 -0.384572157047374 -0.51103800814609 -0.491852875524582 -0.491683523390166
-9999 -9999 -9999 -9999 -9999 -9999 -9999 -9999 -9999 -9999 -9999 -0.546316649581741 -0.540809527867921 -0.537617301895537 -0.490330586359978 -0.391749892085477 -0.39992711838166 -0.501451981819312 -0.532219683691093 -0.538458809242394 -0.578553078113124 -0.543296197870858 -0.515570937517281 -0.497397227095582 -0.503656837112837 -0.371078160547135 -0.33598154620169 0.203414254394199 0.20174379317859 0.19491070696003 0.240931826308045 0.146730169837724 0.120253062008056 0.0789615177832291 0.129985753650759 0.125591490348643 -9999 0.231539300117627 0.153378500971761 0.0561269822528941 0.0609913438221041 -0.0180512391798109 -0.135124975653186 -0.129608278164299 -0.138672275027646 -0.23074785962752 -0.238439633599218 -0.497527124127529 -0.527925453564504 -0.513466521069047
-9999 -9999 -9999 -9999 -9999 -9999 -9999 -9999 -9999 -9999 -9999 -0.600854032287191 -0.572182005007176 -0.598219416809256 -0.556767025330215 -0.445579645602102 -0.427625769441329 -0.355152015717477 -0.535483145510123 -0.53660401946781 -0.574294851421273 -0.521660290148844 -0.462166919791772 -0.44760212812387 -0.486547194072796 -0.437229477267744 -0.11725866104693 0.0313381877995464 0.182010648667234 0.208339226413976 0.189984751476185 0.201754413161229 0.121479744569786 0.101451441560111 0.120389317046662 0.144854353239543 -9999 -9999 -9999 -0.0621374129358563 -0.075321930589286 -0.0999022847576192 -0.183116331406277 -0.198157983689281 -0.277983736558418 -0.385668458492673 -0.406543026452598 -0.45983030447818 -0.526354084665212 -0.518300005620686
-9999 -9999 -9999 -9999 -9999 -9999 -9999 -9999 -9999 -9999 -9999 -0.622956756363758 -0.650033676920561 -0.563360686625496 -0.490136983424606 -0.504083054138424 -0.443690496680467 -0.41419670754368 -0.528569674060012 -0.543130049593953 -0.599490097349116 -0.431984321965404 -0.420615931209802 -0.417060805091206 -0.409842701952226 -0.434246727821727 -0.066132409512891 0.0923720421804896 0.185016720886614 0.200988506268883 0.139704198646201 0.0562832875992112 0.105779676850033 0.0942544598526838 0.119943862771749 0.165015966110348 -9999 -0.0729453607650356 -0.0890107437691238 -0.0703201499898982 -0.130247755388663 -0.161796152767938 -0.201024021657891 -0.176343960154031 -0.195543295987568 -0.347415704953004 -0.440847239595982 -0.480937642734896 -0.512231694815685 -0.468295282158688
-9999 -9999 -9999 -9999 -9999 -9999 -9999 -9999 -9999 -9999 -9999 -0.59843094003204 -0.634673117353368 -0.591800720882022 -0.597862149704061 -0.549215792310779 -0.517144276708779 -0.504751614331543 -0.457078794490751 -0.470882020028526 -0.509116927552532 -0.446663259607033 -0.363858540330042 -0.344108928973515 -0.260098771226855 -0.23780279594214 -0.0909057704616494 -0.0574306296308104 0.174842638624915 -9999 0.137948515285223 0.116288676774188 0.115003742926433 0.141723788638226 0.148792553642244 0.11156691140597 0.0309495028288258 -0.0317162229689333 -0.0973962679986635 -0.114926956315494 -0.155904025188664 -0.131661712214015 -0.15212165985467 -0.147983936017491 -0.152173446443863 -0.165162552820652 -0.393368734998846 -0.448705717580225 -0.485072586597289 -0.46608825629565
-9999 -9999 -9999 -9999 -9999 -9999 -9999 -9999 -9999 -9999 -9999 -0.567449941539853 -0.592362686842304 -0.542309267529859 -0.489620067775767 -0.50881323873683 -0.537171420149727 -0.518316237089748 -0.440408604489759 -0.427419411133771 -0.480428712250227 -9999 -0.364606795604364 -0.365391058360563 -0.0441444430991772 -0.190082668100811 0.118378299779757 0.130733225985782 0.135774199097706 -9999 0.29118943408911 -9999 0.124267807162118 0.158641598072933 0.177163052821024 0.12187444263744 0.0392585340878875 -0.0570399836573389 -0.075415625888689 -0.124108347076632 -0.100944527047202 -0.114155380483462 -0.146608808721372 -0.141531173236863 -0.126657596964546 -0.130050581094811 -0.328256531974623 -0.41091709950017 -0.452037618739287 -0.406542056981524
-9999 -9999 -9999 -9999 -9999 -9999 -9999 -9999 -9999 -9999 -9999 -0.576466650625662 -0.573186086337793 -0.537315913438811 -0.508842972395877 -0.454261849006376 -0.490277628373283 -0.44935932180778 -9999 -9999 -9999 -0.107647083582119 -0.320541066446997 -0.361238248881823 0.0230771011937705 0.074410100805689 0.114430793643022 0.118461920307894 0.157630442148653 0.191099051325912 0.304985679953819 0.232328054393829 0.282454242835397 0.158755345984685 0.213076142635119 0.15702288775436 0.108942033689927 -0.0217343635975364 -0.0524582430834484 -0.107607736259256 -0.0816641849383434 -0.0781841775779445 -0.0995596144330689 -0.105264636165822 -0.0748255072942194 -0.0492896535613257 -0.205973866480388 -0.29084197450734 -0.272724550271781 -9999
-9999 -9999 -9999 -9999 -9999 -9999 -9999 -9999 -9999 -9999 -9999 -9999 -0.532631690126608 -0.484666813263398 -0.420009415127923 -0.420878774663557 -0.398323157257767 -0.415970864242565 -0.352936679262275 -9999 -9999 -0.0632207334525699 -0.142176395781297 -0.313271937539376 -0.166578396363504 -0.0453934162227794 0.142507082893242 0.11877510088086 0.144634760830007 0.21881209087475 0.299222827844491 0.281356283439199 0.31446947141682 0.25419277320696 0.198403616174091 0.170542273904162 0.110829569752472 0.0455940846971694 -0.0102517798235584 -0.0674739443426448 -0.0371071277190164 -0.0196368792315083 -0.00740033638413341 -0.0653814081299421 0.000463280198480107 -0.00126119229908366 -0.0937481411746505 -0.165354068378636 -0.167508562647555 -0.128357940928001
-9999 -9999 -9999 -9999 -9999 -9999 -9999 -9999 -9999 -9999 -9999 -9999 -0.289584973147694 -0.41976389389987 -0.30701210558879 -0.303579893248207 -0.336915766035841 -0.318602364674037 -0.378590524264457 -9999 -0.165819045412173 -9999 -0.0885207145336383 -0.0509521150947092 -0.116598063411897 -0.0010195452145776 0.189789083889629 0.168122463620107 0.191846774587495 0.548186505679846 0.244093128450824 0.221018838156765 0.334998788848621 0.284803329264393 0.200446755213202 0.155728284837815 0.149811957474703 0.113984912144171 0.0421601721385388 0.023983083838803 0.00951715062282429 0.00520143822979461 0.0586863462160258 0.0197721176608378 0.0308983887348918 0.0177876757891039 -0.0283733518657179 -0.0676541238072928 -0.10023955249084 -0.0979852592266046
-9999 -9999 -9999 -9999 -9999 -9999 -9999 -9999 -9999 -9999 -9999 -9999 -9999 -0.345710381377759 -0.268448881484559 -0.225014203365481 -0.29558996724013 -0.293963687056034 -0.165589166115256 -0.15884377860867 -0.135682042015075 -9999 -9999 -9999 0.00998384779177223 0.00688055827223243 0.248956655465426 0.236285740504618 -9999 -9999 0.395302089182733 0.310578411784136 0.320319190273221 0.292885221262017 0.284693561689488 0.280189775689397 0.325703824208659 0.329983947395843 0.102621603760566 0.110447026284774 0.00989696919394082 0.0211215652050436 0.180313505335258 0.100584716627697 0.057306852723954 0.210585275651468 0.0602616354002234 0.0262820363949442 -0.0209461628227529 -0.0257196431907893
-9999 -9999 -9999 -9999 -9999 -9999 -9999 -9999 -9999 -9999 -9999 -9999 -0.375417766882154 -0.309760614241693 -0.221828512016774 -0.239430709242324 -0.260090205462761 -0.228336492147287 -9999 -0.143992886208519 -0.117336903563773 -0.176133852300264 -9999 0.115986503659329 0.0567902726243817 0.206854918433961 0.302085795515363 0.37868692391722 -9999 -9999 0.349012418662395 0.332508485297891 0.359442999543792 0.378986393719907 0.286957832747326 -9999 0.428966832224127 0.429632837890949 0.277697740267587 0.158800075515891 0.120417963643554 0.0551841470951093 0.230599598431228 0.136827708216871 0.096841997252996 0.109751984851203 0.124772647319486 0.0866779536354041 0.0146714362167077 -0.0718308633492247
-9999 -9999 -9999 -9999 -9999 -9999 -9999 -9999 -9999 -9999 -9999 -9999 -9999 -0.2157950909843 -0.196403388363058 -0.193962029498835 -0.222825997677091 -0.192500601422106 -9999 -0.122898985508818 -0.202395080925454 -9999 -9999 -0.0625050042748907 0.0799222330634955 0.150193250511537 0.205973125494727 0.386211079081332 -9999 0.30040747821873 0.26092017868915 0.318059507780803 0.293662609812604 0.271903885942393 0.243788998819928 0.288901905976624 0.407606997538777 0.530272852697744 0.372753571955495 0.231692191906777 0.259591854161885 0.173674329037822 0.367957204032899 0.169450535601773 0.13096487371294 0.0967519663713846 -9999 0.124649051909264 0.1713526071103 -0.0463556726611446
-9999 -9999 -9999 -9999 -9999 -9999 -9999 -9999 -9999 -9999 -9999 -9999 -9999 -0.0889590615933129 -0.15205747411815 -0.0988530884930044 -0.0834438879042002 -9999 -9999 -0.157885760366435 -0.14839567828728 -9999 -9999 -0.130025219522263 -0.146937827682563 -0.0425689870894869 -9999 0.354385216062277 0.341764536036071 0.304107571152603 0.286125325694635 0.325615171381416 0.313685293741125 0.203058589380009 0.210865124937158 0.329232377936351 0.38684073733137 0.481818703085138 0.28979459482214 0.324145985711767 -9999 -9999 0.223318978747745 0.224535914874465 0.156253192382925 0.137229938548363 -9999 -9999 -0.0448876303367939 -0.065371705709792
-9999 -9999 -9999 -9999 -9999 -9999 -9999 -9999 -9999 -9999 -9999 -9999 -9999 -9999 -0.141928265688006 -9999 -0.122312492106936 -0.409460391322772 -0.271819489488139 -0.196368714135549 -0.198456218709613 -0.326011037209337 -0.329123916293334 -0.280237174989734 -0.237700922494141 -0.138895021170617 0.0944936795877382 0.341376910830806 0.34425336131412 0.297791270788461 0.30409416719574 0.33299523250965 0.34292189342213 0.368524957154105 -9999 0.412219027554886 -9999 0.157022533651394 0.142772170995962 0.433943949709647 0.0824886091971576 0.182018771698933 0.222639410081741 0.174268690859977 0.16758392199088 0.116618623175034 0.361503679761524 -9999 -0.0452914549549853 -0.069599424896308
-9999 -9999 -9999 -9999 -9999 -9999 -9999 -9999 -9999 -9999 -9999 -9999 -9999 -9999 -9999 -9999 -0.305774321883829 -0.384272417989966 -0.228276748047565 -0.328097601863888 -0.308974155853226 -0.32759728881464 -0.3213554381026 -0.298289007825008 -0.26198820674494 -0.137589144486285 0.0442035719695761 0.343259404249631 0.342167681963868 0.298075547700114 0.359425742387215 0.346370653949641 0.341709722532498 -9999 -9999 -9999 -9999 -9999 -9999 0.0567758742917676 0.0645169376816262 0.0812084555702918 0.128004034967651 0.142521904676839 0.146222331015773 0.111441673559281 0.238347269643734 0.422330576876758 -0.0728512263455371 -0.11346408344773
-9999 -9999 -9999 -9999 -9999 -9999 -9999 -9999 -9999 -9999 -9999 -9999 -9999 -9999 -0.225455908408693 -0.218359453304165 -0.30098926865571 -0.270058623948632 -0.2905686395976 -0.387864102899517 -0.32999364177834 -0.241479488308542 -0.281430631929949 -0.267873408411637 -0.116475988814047 -0.138448963411418 -0.0134491164766517 0.176217650301985 0.313176722555817 0.313347239558043 0.475837027821005 -9999 -9999 -9999 -9999 -9999 -9999 -9999 0.0184993015911532 0.0119329906783738 0.0579491588930539 0.117242237618438 0.161365038134251 0.187394538034748 0.196580197557931 0.196617809552425 0.123705149598043 -9999 -0.118688195098574 -0.10344473314418
