data/rasters/s2.04.07.cu.2_xyz_08_.asc
NCOLS 100 
NROWS 100 
XLLCORNER -4 
YLLCORNER -4 
CELLSIZE 0.08 
NODATA_value -9999 
[rows 63 to 83 of 100, columns 48 to 95 of 100]
-0.12204033949113 -0.120121089271662 -0.141899939710691 -0.262055635245579 -0.458085686726777 -0.414772920703808 -0.337576080507546 -0.370535591734924 -0.240897735129576 -0.16976183581897 -0.124548153417941 -0.117395357467438 0.0602618014063097 0.0270374081142165 0.0533490948569418 0.085053980752435 0.111065776780987 0.181735647855891 0.12007794724338 -0.0164549246241463 -0.101779567206936 -0.0614887390707812 -0.078011399210786 -0.0471495639969531 -0.0816831980024318 -0.0280892586004487 -0.0233467191997384 -0.0709736963660828 -0.0604908941692043 -9999 -0.0580352418992613 -0.0592089320522524 0.0956440485288382 0.0734666210852782 -0.0730666642306313 -0.0473688339658263 -0.0484382435803412 -0.0326256741830484 -0.013368228089817 -9999 -9999 -9999 -9999 -9999 -9999 -9999 -9999 -9999
-0.179347856379403 -0.17471002734073 -0.192523676809749 -0.202796438312924 -0.31428349557764 -0.351659188221248 -0.298890730950154 -0.371116128128877 -0.291700732962376 -0.175023326661331 -0.0444606817247226 0.0150208107979173 0.0279763886859338 -0.0168301689426452 0.03470426256279 0.0788855603034463 0.152186820756222 0.203472068526974 0.139647144319662 -0.0728986748131742 -0.0517933330267257 -0.0519176117034939 -0.0382753101594873 -0.0206920459930231 -0.0181251041359632 0.0369118256663427 0.0165145829824535 -0.0379111577308866 -0.0557587774199578 -0.0233385015773696 -0.0447606568903716 -0.0132090469843707 0.104030766036193 0.0778759230334147 -0.0233458253156454 -0.0438609907741701 -0.082116012661742 -0.056061202308327 -9999 -9999 -9999 -9999 -9999 -9999 -9999 -9999 -9999 -9999
-0.2434508621631 -0.182321939330153 -0.215757011805255 -0.241046518833342 -0.40786379915284 -0.455030992006748 -0.324494211345558 -0.3408193393096 -0.413024196011207 -0.0269524709936521 -0.0705586804928534 -0.0156619465780433 -0.138165560644516 -0.0726598575426801 0.0162964720314771 0.0679715432369315 0.171791364620737 0.191191778799861 0.143878379064324 0.0183032116490813 0.0494211905862909 -0.00908357756681551 -0.0157452362030893 -0.0272090259145638 -0.0693470977558915 0.0367411144194151 0.0160490391924207 -0.0329669713896455 -0.0346957176189038 -0.0668862128394365 0.000950430512467907 0.0945755188797586 0.108024978465529 0.026751150031586 -0.0169157392937446 0.0213204133650041 -0.0123211033241181 0.0201619518143266 -9999 -9999 -9999 -9999 -9999 -9999 -9999 -9999 -9999 -9999
-0.274784307375045 -0.230796471062293 -0.207832389532451 -0.292035193442892 -0.383859141088294 -0.381510602111814 -0.359490977522776 -0.357376877345676 -0.395077018557284 -9999 -0.213160253262109 -0.0965644265358522 -0.210342632409635 -0.195337869530354 -0.0134872654902637 0.105631812551099 0.156042627428208 0.113294907804822 0.134801199575743 0.121592855182808 0.0699293935347158 -0.0358223058070114 0.0851258068099158 -0.0284951911760645 -0.0659183491250604 -0.0433651576688654 -0.0148831229673774 0.0051872817347757 -0.0152912138406973 -0.0232450125288133 0.0359776595219466 0.0263398068402286 0.0692899737117687 0.0869178520011736 0.162034360817683 0.133902668710359 0.087267593633134 0.0845938299764558 -9999 -9999 -9999 -9999 -9999 -9999 -9999 -9999 -9999 -9999
-0.45857831742865 -0.280895297358983 -0.263925403858913 -0.274428090269479 -0.348739340233546 -0.367400166393236 -0.383256785957156 -0.495098823404301 -0.417737784407031 -0.44212123579222 -0.308483709404892 -0.204395076532255 -0.231023987541278 -0.22112590880904 -0.11156669351156 0.0596853730785063 0.136042511030844 0.160860467526319 0.186884558257558 0.158141322896793 0.0635461229724756 -0.00445494506178574 0.0766061435471884 0.0258012543359275 0.00497585469626986 -0.0251352322659297 -0.0422887680122773 -0.0313679535122173 -0.0450509540003546 -0.0447084905611988 0.0264642837341649 0.0195352098871363 0.0346094903790084 0.13583148253398 0.122924143097685 0.128265779170772 0.0869138704824649 -9999 -9999 -9999 -9999 -9999 -9999 -9999 -9999 -9999 -9999 -9999
-0.431061141187328 -0.391750898810535 -0.32387143723648 -0.286681443413673 -0.357426324034891 -0.387742289615649 -0.442801881372245 -0.531501247161196 -0.528418217889638 -0.476479455788835 -0.376291112956181 -0.273533689344552 -0.350210336279366 -0.306833687534163 -0.144691138667377 -0.0180695085929563 0.0545931878940932 0.0418514247370967 0.172200865802725 0.135304358617514 0.119979825010297 0.172585337302454 0.0941065329930283 0.0640908590687375 0.117433555880771 0.0504266938168693 -0.0117434610439052 -0.0330775932080673 -0.0453564018809762 -0.00697285906414868 0.0404332999055151 0.0216215625357905 0.00554028549142499 0.0918058834935943 0.0257600259838337 0.0242090463357823 -9999 -9999 -9999 -9999 -9999 -9999 -9999 -9999 -9999 -9999 -9999 -9999
-0.458463437329657 -0.484585316606951 -0.368254294988647 -0.387535218297047 -0.455324164895374 -0.429413633997521 -0.464408333919055 -0.524762869536535 -0.532404300215341 -0.567160769467396 -0.525875324438936 -0.352412226375375 -0.400530678586404 -0.265175129212818 -0.185461866956507 0.0274142865935971 0.0601061220802643 0.0498737294113011 0.0940084849133628 0.0476330249888687 0.241545091956234 0.267429380421585 0.238520735552237 0.154059840137585 0.17044681734591 0.0732900269096316 -0.0141297203017896 -0.0394390241129134 -0.0331259326430717 -0.00937363898716924 -0.0106354922031793 0.00567843509820222 -0.00343677241586131 -0.0140849481015085 0.0138118369832962 0.0390568790101989 -9999 -9999 -9999 -9999 -9999 -9999 -9999 -9999 -9999 -9999 -9999 -9999
-9999 -0.497830118139291 -0.522673490466944 -9999 -0.483237151278593 -0.497368007260051 -0.537521830132152 -0.533713233801661 -0.465269395410859 -0.363170493642039 -0.477215153813047 -0.296667635298392 -0.263287495894872 -0.201630697031213 -0.146035943338168 -0.0279212391310573 0.0144374160899663 0.0850577854245998 0.081729113307153 0.156256871683242 0.237139970888287 0.236322791358164 0.268737218771025 0.299434201834101 0.214416292113649 0.116231424971312 -0.0103085082562486 -0.07348331150932 -0.0599246281931224 -0.0579376425146744 -0.0650359349210603 -0.0196418922899406 -0.0667993451805344 -0.106688384359057 0.0359800844721588 -9999 -9999 -9999 -9999 -9999 -9999 -9999 -9999 -9999 -9999 -9999 -9999 -9999
-0.548239691932706 -0.654110611885802 -0.532811112948312 -0.583434724747209 -9999 -0.596042481955115 -0.553215098072951 -0.528852272692713 -0.433197982460003 -0.341956757185703 -0.344513234803937 -0.280435223309458 -0.1918603781096 -0.149735409856336 -0.0844257770024147 0.00238442350648448 0.0222268606651975 0.0733257002911164 0.113208043090942 0.149289657626015 0.141596857777002 0.226229161933426 0.183044873186976 0.17461970680787 0.181378318926719 0.156380271823399 0.0097041608487703 -0.08016890177989 -0.0146036566357835 -0.0821551006635328 -0.0779953827708093 -0.086004122347338 0.0279039396616113 -0.0456035802964301 0.0751957581803386 -9999 -9999 -9999 -9999 -9999 -9999 -9999 -9999 -9999 -9999 -9999 -9999 -9999
-0.603929930347075 -0.555560940886851 -0.529841596932944 -0.645740232692032 -0.60308389247693 -0.578220379565909 -0.526149110868487 -0.487940602906582 -0.429013627594992 -0.286699226599213 -0.261523494545301 -0.188463263882063 -0.0977326659426001 -0.0802708688802826 -0.0679665259157359 0.0103688600333634 0.0618492159656925 0.0956452426007554 0.144823393435046 0.155811971762811 0.239801813886546 0.202075567657729 0.1573578686821 0.146070053031939 0.090685881893818 0.146905829582605 0.0522331472360508 -0.0412491701246497 0.00116107236018572 0.00769445811624501 0.0299590307512464 0.0452150522457836 0.0721424769004505 0.0719448126597205 -9999 -9999 -9999 -9999 -9999 -9999 -9999 -9999 -9999 -9999 -9999 -9999 -9999 -9999
-0.356993451821285 -0.251180819117634 -0.255077558680782 -0.330077862637657 -0.435869944114425 -0.482793208990826 -0.446997217625869 -0.431316798180369 -0.391930114407026 -0.149745007455709 -0.180319615576906 -0.147274347927431 -0.0514367719273756 -0.0143070029872382 0.0326473364073864 0.0353036933179258 0.073290540391348 0.0782041610069028 0.0633592601188299 0.132259897902431 0.255976213710074 0.217260291173043 0.194758782662379 0.163538615777934 0.100930645787602 0.13836951483666 0.0595506334176894 0.0250249386461914 0.0566629418300569 0.116885363605573 0.162998795564093 0.171887464896974 0.173258181535237 -9999 -9999 -9999 -9999 -9999 -9999 -9999 -9999 -9999 -9999 -9999 -9999 -9999 -9999 -9999
-0.30153253822117 -0.218088629634332 -0.20527709479681 -0.106658197099664 -0.154685764463155 -0.322676723937109 -0.21238139956916 -0.286910880807958 -0.353680423222346 -0.108171304569648 -0.0107500261193462 0.00856480307718629 0.0368023163654504 0.0830567442836351 0.0885071897129804 0.0676747391557304 0.112678643046787 0.069105509023441 0.0552316974485719 0.149001509513679 0.14250163331916 0.159122718956522 0.161638956924293 0.122073601717626 0.0712326528086943 0.106247711229902 0.0312970772782836 0.0591921897394658 -0.00456196079053317 0.165004139515173 0.181608717829781 0.191278315768814 0.180298324969887 -9999 -9999 -9999 -9999 -9999 -9999 -9999 -9999 -9999 -9999 -9999 -9999 -9999 -9999 -9999
-0.181290319478744 -0.140246358017379 -0.115538631272125 0.00732472135347206 -0.0148393635773366 -0.228002038654675 -0.00608261418573702 -0.0489985564906885 -0.0682727127110868 -0.029545245576648 0.0739925754181636 0.0652601795033006 0.0806493535521205 0.0955372527885785 0.125431731606836 0.141280903364557 0.165421662806425 0.0624825910277057 0.0217054646709885 0.0707552942575828 0.101586337203865 0.0744660571676602 -0.00255685089211908 0.0294445877060812 0.0748682739526943 0.0755161795623745 -0.00687166252586449 0.0281418339462565 0.057215065886736 0.155703600790985 0.12218156906583 0.225280413929642 -9999 -9999 -9999 -9999 -9999 -9999 -9999 -9999 -9999 -9999 -9999 -9999 -9999 -9999 -9999 -9999
-0.117975888743862 -0.106057043026204 -0.0338968047007837 0.0701159909549209 0.137603213252595 0.154062279287405 0.0891815617181647 0.00698967104632963 0.0463392859176095 0.0330998291236999 0.0567180096663895 0.0813399084236259 0.107246393735897 0.150335147121924 0.198445481698296 0.18194432404826 0.117709189560499 0.121639296966152 0.0203624850698252 -0.0405512201559817 -0.0439153125683627 -0.0667929680242355 -0.076130451822997 -0.0871234515741388 0.0307746269144127 -0.00237689798564167 0.0718087596840308 0.0446909735251868 -0.00377968284843777 0.118735634391023 0.132737607172031 -9999 -9999 -9999 -9999 -9999 -9999 -9999 -9999 -9999 -9999 -9999 -9999 -9999 -9999 -9999 -9999 -9999
-0.0502253995792957 -0.0858106127443154 -0.0181387518221626 0.0296517485977363 0.213951506298014 0.191119238429605 0.106498288259465 0.0976477070616581 0.109583378780516 0.101843532866686 0.0881564810015318 0.137242635485636 0.154395216148204 0.229023419169024 0.223708503521599 0.14701542464122 0.132262235647958 0.112921966036528 0.0234964237092862 -0.0784084133100647 -0.122196681821014 -0.111011221681377 -0.120440296892585 -0.083593873429651 -0.0573129389781646 -0.0448773905885299 -0.0443080899389349 -0.0559096827456538 0.00835938158173369 0.159327146258795 -9999 -9999 -9999 -9999 -9999 -9999 -9999 -9999 -9999 -9999 -9999 -9999 -9999 -9999 -9999 -9999 -9999 -9999
-0.0115564533870136 -0.0478444327551427 -0.033698816214373 0.113039203261843 0.202380848641589 0.177261880339586 0.181948359598046 0.169326322099825 0.262701463045841 0.149816172762504 -0.029594414114901 0.07909524656937 0.103279660433065 0.165740502462314 0.182426617181156 0.114723660910797 0.150240797024971 0.142171845663639 0.0979500282120639 -0.0833690971823313 -0.151482759864079 -0.165184207390483 -0.123158931519494 -0.169150148269894 -0.140881433530495 -0.11406035572893 -0.109731054877048 -0.129061433263895 -0.125215138770815 -9999 -9999 -9999 -9999 -9999 -9999 -9999 -9999 -9999 -9999 -9999 -9999 -9999 -9999 -9999 -9999 -9999 -9999 -9999
-0.00520690430997542 0.00128378823594728 0.0985311949745428 0.148943984991197 0.223045684199832 0.166423865294899 0.145664980653053 -0.00694609742637558 0.273265101260188 0.184323542765767 0.072409383342731 0.000263615160140692 0.0465691291338779 0.123048380406714 0.116381357631188 0.158101924520613 0.137849311817645 0.0401548822349099 -0.0863658897596234 -0.0286736798734699 -0.0584262232979284 -0.145997436343343 -0.295678003573309 -0.295172397275804 -9999 -9999 -0.144352065242539 -0.157159682273906 -9999 -9999 -9999 -9999 -9999 -9999 -9999 -9999 -9999 -9999 -9999 -9999 -9999 -9999 -9999 -9999 -9999 -9999 -9999 -9999
-0.0153039637685366 0.074997888001459 0.197974901098165 0.206145430255939 0.168890611855675 0.145483604798966 0.136963929957815 0.313682467621501 0.29418542533962 0.101715202480132 0.0927554243996723 0.00117626502424914 0.0480990514311529 0.116369343023988 0.0471924274822311 0.0997458129585468 0.106231093971763 0.0120445830718822 -0.0236865864883858 -0.0147394432681068 -0.0517641088550543 -0.179094694505859 -0.302652953265208 -0.205704041909959 -0.130847947731674 -9999 -9999 -9999 -9999 -9999 -9999 -9999 -9999 -9999 -9999 -9999 -9999 -9999 -9999 -9999 -9999 -9999 -9999 -9999 -9999 -9999 -9999 -9999
-0.0211194963491424 0.0134301815217151 0.095240965350908 0.130531342780565 0.210826271778073 0.202267972032027 0.257014347660052 0.278528710205353 0.275249925648009 0.0993153323067612 0.0392633815310238 0.127867218678062 0.00671938067968207 0.066920358758074 -0.0717550121053607 0.0709549729357307 0.100471585428212 -0.0379655028939668 -0.0769113622892301 -0.0593246835020429 -0.130112211879101 -0.239889834246152 -0.200286151018796 -0.235720521731287 -0.172707202764951 -9999 -9999 -9999 -9999 -9999 -9999 -9999 -9999 -9999 -9999 -9999 -9999 -9999 -9999 -9999 -9999 -9999 -9999 -9999 -9999 -9999 -9999 -9999
0.00331547009205469 -0.0142480430390524 0.0852380404007117 0.133788309943295 0.199515296477559 0.188498470360249 0.201438014178729 0.210077407146572 0.165377726801557 0.0132242296877599 0.0443846787016141 0.110288581066685 -0.0699869476351766 -0.115229861357464 -0.111734042742397 -0.0244062123129609 -0.0805583285780116 -0.0929743723746395 -0.0385554054543726 -0.0764389054656339 -0.162140385891579 -0.294258808651199 -0.288881436928314 -0.342137960200107 -9999 -9999 -9999 -9999 -9999 -9999 -9999 -9999 -9999 -9999 -9999 -9999 -9999 -9999 -9999 -9999 -9999 -9999 -9999 -9999 -9999 -9999 -9999 -9999
-0.0256795985014488 0.000424173362286992 -0.0235483057674712 0.111992232661117 0.179569619286444 0.199491012511315 0.186892384029234 0.188441077690477 0.122376098024713 -0.0579437439373558 -0.0078718489463694 0.0756032289131795 -0.0781003718486855 -0.140328599107347 -0.238843764994094 -0.187389162535645 -0.155573833630825 -0.107445437707441 -0.0868177578613007 -0.120321865678108 -0.164213321043385 -0.21357679772261 -9999 -9999 -9999 -9999 -9999 -9999 -9999 -9999 -9999 -9999 -9999 -9999 -9999 -9999 -9999 -9999 -9999 -9999 -9999 -9999 -9999 -9999 -9999 -9999 -9999 -9999
