data/rasters/s2.04.07.cu.5_xyz_08_.asc
NCOLS 100 
NROWS 100 
XLLCORNER -4 
YLLCORNER -4 
CELLSIZE 0.08 
NODATA_value -9999 
[rows 42 to 62 of 100, columns 0 to 47 of 100]
-9999 -9999 -9999 -9999 -9999 -9999 -9999 -9999 -9999 -9999 -9999 -9999 -0.0806865379573363 -0.156267993282369 -0.141390022549825 -0.112254825638744 -0.0463120106917805 -0.0185332625891563 0.136901548809026 0.143288893818821 0.15839883651299 0.161186819199603 -9999 -9999 -9999 -0.0680566014468353 -0.0566162635979153 -0.0797819480621681 -0.0663728426577078 -0.0620082542299554 -0.076132500981425 -0.052555350842143 0.0526326617964644 0.0191604047901319 0.0135329783215855 0.114843543019162 0.0986204415179225 0.0449747894905828 -0.0462653339598018 -0.0552127859116768 -0.0416496055050354 -0.0081524282133578 0.00454501978059336 0.0208301286048289 0.0399286712545069 0.117615977357654 0.0707157976745284 0.0461647140695083
-9999 -9999 -9999 -9999 -9999 -9999 -9999 -9999 -9999 -9999 -9999 -0.0156726942189948 -0.0791224004585235 -0.166813801897196 -0.146901255805207 -0.132261599449802 -9999 -9999 0.181289801485181 0.171859471778145 0.187623709787085 0.168900265693098 0.213152290582124 0.137062525856268 -9999 -0.0862530188287123 -0.0352401945579533 -0.0917376418285637 -0.0932879768322479 -0.0627095700375265 -0.0953615828496135 -0.0801811923347547 0.0587999260764063 0.013314772765239 0.0697190869496682 0.0816291148046953 0.0827221722082919 0.0686978854449909 -0.0206356202049836 -0.030864824090858 0.131555380393271 -0.0132522954064125 0.0970278021322313 0.0182256204435402 -0.00455587321250831 0.0268689249385192 -0.0141692799380321 0.0146979269632623
-9999 -9999 -9999 -9999 -9999 -9999 -9999 -9999 -9999 -9999 -9999 -9999 -0.0677814578199008 -0.149107760784501 -0.117996230903039 -0.107223399773617 -9999 -9999 -9999 0.133424374148448 0.0756314084704825 0.115468552385612 0.0935356795410677 0.0573392672128676 0.0389184794898994 0.00694425957692825 -0.0971424254060702 -0.120873926550102 -0.140089311025252 -0.138436488712545 -0.126637532809471 -0.0972775929808835 -0.00350619618573987 0.0132319894713396 0.0290960361209753 0.0877073750446206 0.135421359156446 0.117190586222064 0.0186663755072872 -0.0213638171097301 -0.0146587156705901 0.115786787024955 0.0846196835753824 0.0679428676161529 -0.00615655300969636 0.0735425483843677 0.128144271383524 0.133566557866143
-9999 -9999 -9999 -9999 -9999 -9999 -9999 -9999 -9999 -9999 -9999 0.0260500619608507 -0.0240017854120514 -0.0806215934518789 -0.105921672210172 -0.164610740149632 -0.140843230468701 -0.146968985921313 -0.205370261271511 -0.113634656241231 0.0159750227729601 0.0371557633514197 -0.039637195437646 -0.029581098469191 0.0145505173175839 -0.0195856692885656 -0.122222397417572 -0.145926574627309 -0.143456158642457 -0.15745600295505 -0.160753640455825 -0.098301625559278 -0.0306692476523384 0.0413195403155017 0.111461708813897 0.10739097014787 0.157122818326197 0.0999451485853827 0.116688298580323 0.0552508279808907 0.127604204128761 0.078463409847641 -9999 -0.0281236830427652 0.0393188661098424 0.077890371307908 0.122564270523109 0.135854875113192
-9999 -9999 -9999 -9999 -9999 -9999 -9999 -9999 -9999 -9999 -9999 0.0172484884689331 -0.0318028565558609 -0.089384996504655 -0.14102237868075 -0.123319623154359 -0.151296194440763 -0.197061921404751 -0.248759419047482 -0.20465188909396 -0.0893543279004091 -0.0878267684207135 -0.166298683500015 -0.0644459057944434 -0.00314651003572094 0.0194941719399662 -0.0208851028214323 -0.11592936311113 -0.180409454674114 -0.168532519503766 -0.127312654509157 -0.1179461799694 -0.0317882696880352 0.06420891290537 0.0997249931936656 0.119224193764036 0.100422385014447 0.0776608532316977 0.142072152880637 0.166863454459744 0.124770059629944 0.0439056337511502 0.0421320913092942 -0.00291965041849656 0.0644955024601641 0.0774618177622778 0.159618138611146 0.200160701549598
-9999 -9999 -9999 -9999 -9999 -9999 -9999 -9999 -9999 -9999 -9999 -9999 -9999 -0.0569016572946883 -0.0571020212751438 -0.0438883473795619 -0.174536467184337 -0.194908736353318 -0.125858640990551 -0.22586670593816 -0.217754117016317 -0.251860701607055 -0.208400502558369 -0.0943402146147125 -0.0870513565872174 0.00984493075504977 -0.0712111290132825 -0.05997092473228 -0.103614776328705 -0.136900001732825 -0.0959796003801099 -0.00654606956567597 0.0477242828319061 0.117607888170773 0.0455031582638722 0.0179584885407405 0.0200062045426339 0.0579069301305938 0.134475420782677 0.145081857499421 0.131936759763495 0.0963340610458896 0.106994268474441 0.0402394221445823 0.085525852414057 0.097901037219204 0.171420158127825 0.184976527168474
-9999 -9999 -9999 -9999 -9999 -9999 -9999 -9999 -9999 -9999 -9999 -9999 -9999 -9999 -0.167509702774046 -0.146897090287987 -0.0786920058694844 -0.172528357428699 -0.226599307195964 -0.292012626100221 -0.240101432628932 -0.213467786380681 -0.237028894182569 -0.152294046706077 -0.144602559061456 -0.0431630965398915 -0.0291790103305711 -0.0525521387901936 -0.0520647730294742 -0.0651150904791767 -0.07008032481788 -0.0944381077154511 0.0591308952289373 0.105831625056359 0.054542992224128 0.0338296862712891 0.036025524886087 0.0646065095712914 -0.00459904343277745 0.108915108574027 0.103648832475091 0.103811836112557 0.0883804391011676 0.151857148008282 0.115889962078756 0.104744245659988 0.132658736447549 0.132696927588944
-9999 -9999 -9999 -9999 -9999 -9999 -9999 -9999 -9999 -9999 -9999 -0.126087956548914 -0.157039210704673 -0.105250425535395 -0.0911342580820911 -0.174757282976238 -0.265657498870999 -0.225471750818953 -0.273144278135474 -0.311180684349265 -0.296102477751945 -0.319296903370438 -0.287991972582132 -0.227529108535929 -0.221205087079776 -0.108392283930074 0.00688472541819295 0.0428985930711691 0.0462332018352918 -0.0445016066234587 -9999 -9999 0.0967677941922186 0.115177106569327 0.178659454656954 0.171472931477428 -9999 0.0778878205982859 0.00145815315676227 -0.0133693464077641 0.0272878783808542 0.0204349588723764 0.0629655645314178 0.0263550046220565 0.0422777495026653 0.0634565058221355 0.0887984512402775 0.0577139933166666
-9999 -9999 -9999 -9999 -9999 -9999 -9999 -9999 -9999 -9999 -9999 -0.112848565564207 -0.133428741468206 -0.109108254439305 -0.0498924317902046 -0.0946011537231892 -0.198341011639445 -0.214007487821507 -0.278868392729836 -0.332961478069776 -0.346292630578012 -0.318293545428413 -0.296357417736316 -0.240036786506655 -0.164960258430349 0.0583466464964538 0.0669366186157059 0.0565330540723183 0.0969977478200196 0.0375986712327771 0.0930602185834248 0.123893358995418 0.26066673249457 0.322475711058256 0.200407381428225 0.144070249257286 -9999 0.155735353687803 0.0649763245295516 0.00129646956562305 -0.00251888951572566 0.0120848860454144 0.0582888081965474 0.0549292474100611 0.0535077040359922 0.0599984732235231 0.0976767445397215 0.0163301715262491
-9999 -9999 -9999 -9999 -9999 -9999 -9999 -9999 -9999 -9999 -9999 -0.185237262007089 -0.178476314816103 -0.194591379492189 -0.174647916920877 -0.205567224225218 -0.13510625295797 -0.216177340055626 -0.169365807566257 -0.297497887340829 -0.276437480331144 -0.249916928096358 -0.278660274417171 -0.24018551796878 -0.160789962907313 0.0374961091561122 0.0729621121634992 0.0683467265246498 0.0673998931624569 0.0647031924026015 -9999 -9999 0.226715299254951 0.373628846320884 0.223890944907564 0.202955359724765 0.157026600280895 0.162478419437525 0.0508190981625506 0.0171008217850778 0.0323839757958945 0.0444663791838309 0.0812809576922419 0.129920814850464 0.0826866199818592 0.0551175486612591 0.0915044930837197 0.0501816734444166
-9999 -9999 -9999 -9999 -9999 -9999 -9999 -9999 -9999 -9999 -9999 -0.256974064501646 -0.248149079473563 -0.141326921631037 -0.136306435788914 -0.16064745309583 -0.161738732220131 -0.104087089116869 -0.261346490107924 -0.269624008950121 -0.23751993240012 -0.205036567343787 -0.127290193618143 -0.185088924235682 -0.0560546943780542 0.0604082991526008 0.121481747358936 0.0987868932466313 0.0915031889446918 0.0749077438188555 0.0511768654484988 -9999 0.173893579220884 0.197107259745009 0.155768956872675 0.150369069388144 0.130995087516155 0.0912505067122468 0.172428473000008 0.123263577624219 0.105451149678745 0.0603996591441366 0.164690457527208 0.0892412161062754 0.0701612523683523 0.0602210567717504 0.0473660822561156 0.0155649062318074
-9999 -9999 -9999 -9999 -9999 -9999 -9999 -9999 -9999 -9999 -9999 -0.246006768518537 -0.18416057125532 -0.149375513041953 -0.143900225452256 -0.00424800671020615 -0.0319104268101871 0.00587063549495442 0.0124660499816857 -0.207429151613649 -0.195541378426884 -0.00513578038874681 -0.111840807108027 0.031267095495321 -0.0407869667758806 0.159225128915823 0.141624328298337 0.126133174587629 0.119312239119234 0.104128912301476 0.0715249570636131 0.10276290407548 0.100796604135149 0.0676735664665411 -9999 0.1026769487414 0.0836042094321295 0.0763795126034938 0.113966168421457 0.0729524909427957 0.091758506743354 0.0893656312514766 0.0381447009052485 0.050841001604263 0.0751233356881545 0.0472791793692739 0.00963501705801234 -0.0488672188390699
-9999 -9999 -9999 -9999 -9999 -9999 -9999 -9999 -9999 -9999 -9999 -0.139228190452491 -0.118516223429253 -0.105877338982052 -9999 0.0455367793666702 0.012535022606628 0.0135220572232024 0.0193017058390361 -0.151999688644659 -0.178198333147893 -0.0694209126653948 0.0157840891847526 0.0953062026617695 0.132691546336484 0.131356982419123 0.233432534836439 0.2435756903655 0.142718896522728 0.133852512571836 0.104413901760878 0.125154079976771 0.0979053596066594 0.0810891247934527 0.107447143546848 0.107932945179128 0.0724779193028889 0.0662785122411463 0.0649162146970182 0.0656919520036709 0.0380398313898154 0.0491399853496419 0.0471314155801725 0.0352441011851083 0.0514974566204229 0.0356988277497826 0.0984072877921864 -0.0407715243888414
-9999 -9999 -9999 -9999 -9999 -9999 -9999 -9999 -9999 -9999 -9999 -0.0707304269072654 0.0221954019936308 -0.0203116728885135 0.073564787403459 0.0331066300288479 0.0705916420744104 0.0759343644251394 0.0427442533253966 -0.0669026044276052 -0.138210835190061 -0.129215753108365 -0.0365590152022554 0.163949145649541 0.138356033103197 0.196197598667282 0.131075939235976 -9999 0.134750713834023 0.0763777265951957 0.110512523690268 0.0925275754393185 0.0438046339380895 0.073714870392662 0.0790286170626551 0.100729523405189 0.123039759882434 0.103382589987027 0.0191349066612561 0.0373922852779103 0.148199803281741 0.0761249607764797 0.00180819020146731 -0.045894548015307 -0.0280305596367751 0.0334974085908266 0.0358699477005826 0.0460487745166466
-9999 -9999 -9999 -9999 -9999 -9999 -9999 -9999 -9999 -9999 -9999 0.0478917686479867 0.0810798092909741 -0.0142014768183518 0.0777453434908488 0.0902736466842694 0.137709279756497 0.208075499045349 0.13333235909916 0.0796350502871163 -0.0272467362703847 -0.0623176152828954 0.0193228929010153 -9999 -9999 0.252172043117069 0.25161414383694 0.0746374700380516 0.104082481913465 0.0886164649869255 0.0986149005884826 0.211829452592762 0.0179163768195394 0.0324821602704684 0.0582303099949986 0.0571796898345943 0.13932901442307 0.358025814031672 -0.0409495513061355 -0.0479266539896007 0.0282640568362958 -0.00390692943008202 -0.108269634406582 -0.147437622153876 -0.104990988387251 -0.0801663166355493 -0.0066792724695233 0.0455280997556079
-9999 -9999 -9999 -9999 -9999 -9999 -9999 -9999 -9999 -9999 -9999 -9999 0.155936673453453 0.0968904987286808 0.071800339023443 0.0503199921382507 0.0198741382834156 0.0166815848492296 0.146254608247824 0.117541529149604 0.144430514470076 0.158356111649651 0.111044884692131 0.067619559462894 -0.000149588988608197 -0.0174594782777486 0.174574647914429 -0.0230653382660232 -0.0103247277331911 -0.000684197318902092 -9999 0.236186600939249 0.229425814079137 0.0185639988178446 0.0585924209216281 0.101022021512142 0.135486338234081 0.114332838671214 0.0858885410440955 0.0302296694844919 -0.0353945718464548 -0.0358685878195517 -9999 -0.149625830308882 -0.142018454686008 -0.0938121360086692 -0.0224094088412154 -0.0045507056217963
-9999 -9999 -9999 -9999 -9999 -9999 -9999 -9999 -9999 -9999 -9999 -9999 0.0827946396655106 0.023437603994942 0.00906319542153422 -0.00545847091426545 0.00321848260936543 -0.00313066495820839 0.056338135141425 0.0464770575059412 0.084446949210036 0.156809416901547 0.14269639038398 0.128549855629631 -0.0385416736872066 -0.00525999313241877 0.0203776152870032 -0.095995140615944 -0.0912178790592867 -0.0212875668745762 0.108263025173092 0.163035483795365 0.122310797571752 0.0622080419884477 0.0971200660693908 0.104905194463715 0.119202658258915 0.0958029459696756 0.0634472832454802 0.0940458859263065 -0.0481837881565397 -9999 -9999 -0.0764784775570389 -0.100572722626885 -0.0731464761053454 0.00372773455323498 -0.00540052860221178
-9999 -9999 -9999 -9999 -9999 -9999 -9999 -9999 -9999 -9999 -9999 -9999 0.0148931555569282 -0.0442321677536105 -0.0621845536858743 -0.0238474379796986 -0.0401830915971455 -0.0516766916077426 0.0167380179416776 0.0437014665697747 0.0865663355329428 0.112562299996919 0.0995902666801859 0.0074609762592446 -0.0417320378165466 0.0290050574689641 -0.0745408989510539 -0.0902788024085629 -0.0816143313095296 -0.0406415360684553 0.0833503997943764 0.142590424637099 0.150048465200438 0.118557986107645 0.145388522738844 0.106659445537236 0.082164894511704 0.0615091824394044 0.0629781525414865 0.107958919626264 0.00197283635157895 0.0126343082652134 -0.0755591451881263 -0.0541564745104288 -0.0619743792578554 0.0416891632543106 0.045721722664885 0.0175919145072846
-9999 -9999 -9999 -9999 -9999 -9999 -9999 -9999 -9999 -9999 -9999 -9999 -0.0148162972903775 -0.0431766310785223 -0.0684420493899735 -0.0614410092019968 -0.102023269706778 -0.0986990176311338 0.0169075453714756 0.0838320077987456 0.0508950473677883 0.034186774795425 -0.0687497551712242 -0.0342474148969068 -9999 -0.0473947327938187 -0.082732028731405 -0.10222981024763 -0.0567958558038463 0.0698922839265488 0.091850774329845 0.124434902204597 -9999 -9999 -0.102051417564134 -0.0892914121706888 0.028648362400091 0.0781103450318282 0.0420478086169983 0.035659335960023 0.0633754813618089 -0.125540049634422 -0.180404059534954 -0.0389363530718645 -0.0632827483152421 0.0211782966668847 0.0361265527577341 -0.021864117188901
-9999 -9999 -9999 -9999 -9999 -9999 -9999 -9999 -9999 -9999 -9999 -9999 -9999 -0.0610302621449757 -0.0984844345360831 -0.0740316711594051 0.0648241778708432 -0.0613422796545747 -0.0318212822231569 0.0108361475158489 0.0369727644116577 0.0395302341200127 -0.0644013417132872 -0.0626605640284111 0.0210286116363407 0.0284459933226082 -0.0204738296373153 -0.0520291395755413 -0.0541628569713978 0.0278708207041217 0.124865180915539 0.121976435802729 0.103493815550052 0.108494407441457 -0.0773179669399009 -0.099203998432838 -0.0923670496878288 0.018812070475717 0.0491933280697232 -0.0267898633427603 -0.175591212370043 -0.20587578913234 -0.133866170254401 -0.0111102254895338 0.00959119223316135 0.103302175907372 0.148742847941694 0.0928851132753105
-9999 -9999 -9999 -9999 -9999 -9999 -9999 -9999 -9999 -9999 -9999 -9999 -9999 -0.0498735504951021 -0.0789823474947134 -0.103107429327503 -0.0486896588386553 -0.0561678477996434 -0.0175831394868228 0.0325374302227049 0.0614994234248364 0.0285727353596223 0.00160276669091992 -0.0873716690738219 -0.0644277423542711 -0.0325309119891703 -0.0180453929726312 -0.01469433936812 -0.0142325066514509 0.0826684888181654 0.104544060661419 0.125829808712453 0.135070545856835 0.0800318614984085 -0.0118765425618577 -0.0777238191359557 -0.0198051044515686 0.0236225817345227 0.0811737322880605 -0.0221262706789656 -0.254619935011123 -0.188386866708095 -0.129150539714589 -0.0243012517343848 0.0331690345785897 0.0778244200073806 0.241597718855328 0.224987954900814
