data/rasters/s2.04.07.cu.3_xyz_08_.asc
NCOLS 100 
NROWS 100 
XLLCORNER -4 
YLLCORNER -4 
CELLSIZE 0.08 
NODATA_value -9999 
[rows 63 to 83 of 100, columns 0 to 47 of 100]
-9999 -9999 -9999 -9999 -9999 -9999 -9999 -9999 -9999 -9999 -9999 -9999 -9999 0.414611984431368 0.434010379091533 0.371136515937412 0.234962825833652 0.24407745472887 0.173493688267115 0.0422634865146245 -0.209218763250935 -0.312784740491249 -0.34469570655738 -0.402881010646484 -0.422562724846705 -0.407110760607955 -0.379209986840296 -0.348631026539546 -0.251807495333981 -0.233373793594216 -0.205774020326834 0.033481785781738 0.243024915043319 0.671643983846845 0.775230400091954 0.0634993283532603 0.346788106884474 0.208244945298869 0.0627316302951573 -0.0256829027716139 -0.122317763379343 -0.27231737950161 -0.334706812025674 -0.3648750632433 -0.433936429060509 -0.333897715630129 -0.396952095824898 -0.32276322148511
-9999 -9999 -9999 -9999 -9999 -9999 -9999 -9999 -9999 -9999 -9999 -9999 -9999 -9999 0.37503165080872 0.457417674885011 0.259715728819382 0.211561921731282 0.131335234428922 -0.0148032496757034 -0.207198129342421 -0.221799997250887 -0.2843227664902 -0.384652697529631 -0.421979785288716 -0.374118679646505 -0.364088205994174 -0.262933640090731 -0.236131931029469 -0.217580255886694 -0.127800790958818 -0.0152102758875362 0.186277195736699 0.223163272736067 0.105439423122226 0.018541797227344 0.138427962406684 0.0926554300637819 -0.0299106551744114 -0.158742650432602 -0.226212368859011 -0.346203284086353 -0.400870651796776 -0.480634650428258 -0.408855653517115 -0.430701487229349 -0.371496791912451 -0.31723942737139
-9999 -9999 -9999 -9999 -9999 -9999 -9999 -9999 -9999 -9999 -9999 -9999 -9999 -9999 0.371022561216521 0.466638930534974 0.413121596463663 0.240605546200887 0.133324311815235 0.00672168556799104 -0.0878837001189467 -0.161423007725664 -0.244288592157467 -0.325015252813769 -0.378828611368473 -0.355581628759722 -0.366722192168309 -0.246267867059512 -0.151753321522985 -0.171664947541787 -0.0180803405651632 0.0640274727278524 0.135392139306204 0.0337497906724891 0.0685209485978739 -0.0357680332780421 -0.0863162407239351 -0.193502876136078 -0.125840140931469 -0.162018565875267 -0.230461611030511 -0.335283602662662 -0.401566739060506 -0.39897059584814 -0.474200467355356 -0.417928542207285 -0.390445658977663 -0.387180249111803
-9999 -9999 -9999 -9999 -9999 -9999 -9999 -9999 -9999 -9999 -9999 -9999 -9999 -9999 -9999 0.340548692738456 0.27885069520646 0.297134745965108 0.18905751928718 0.0846565965197641 -0.0344010374567651 -0.080733439130034 -0.232008712955905 -0.263391065203401 -0.262262430271765 -0.181695322429848 -0.260893929838461 -0.152726643186116 -0.0473580265808734 0.0773374956719624 0.0957439557797719 0.189662726055604 0.0122441771201554 -0.12687807897886 -0.378813974187465 -0.367542280971711 -0.451395361199938 -0.441807248672766 -0.357629266453034 -0.28029241546723 -0.24131817647487 -0.357159892118666 -0.367179820779696 -0.456951168968448 -0.457564681168839 -0.534032824175848 -0.461823174410872 -0.454274126620178
-9999 -9999 -9999 -9999 -9999 -9999 -9999 -9999 -9999 -9999 -9999 -9999 -9999 -9999 -9999 0.547495068758033 0.28618687243072 0.120567204306971 0.11945636171584 0.0655197333361987 -0.0175494012239033 -0.0160096631217032 -0.0530649588221774 -0.127203647634917 -0.128088399399556 -0.100638264083814 -0.02254369316057 0.0235353980817121 0.197337615164886 0.170528234664345 0.0920641317681623 0.0281799079234239 -0.220309611219473 -0.447330268285213 -0.539586510823645 -0.585563706954422 -0.551400158113578 -0.558120720936865 -0.495692198101698 -0.396218479403807 -0.359014246285083 -0.37409063337817 -0.386549141094771 -0.438991780280611 -0.482651914927272 -0.394516846264759 -0.37343606595425 -0.386628558992011
-9999 -9999 -9999 -9999 -9999 -9999 -9999 -9999 -9999 -9999 -9999 -9999 -9999 -9999 -9999 0.155606866758221 0.134159816469467 0.111016193982237 0.0980315129936315 0.115595056326002 0.0505199755522987 0.123581394286397 0.0714528130694457 0.0292457755297382 0.0752415549132286 0.178277809300768 0.194148505555941 0.150105523601419 0.130064636548312 0.136230031873651 -0.093151470972782 -0.133332285270456 -0.216864628566817 -0.515485595087773 -0.594449952006769 -0.63634710055713 -0.590200064895837 -0.569187815994928 -0.530337849136913 -0.478383506492816 -0.401008211935717 -0.376256046546747 -0.383407545350669 -0.342432152226329 -0.433040455348328 -0.37438180418758 -0.325802678614217 -0.249186625965734
-9999 -9999 -9999 -9999 -9999 -9999 -9999 -9999 -9999 -9999 -9999 -9999 -9999 -9999 -9999 -9999 0.0505058250652208 0.0466043493585756 0.0606964660999132 0.129829088990158 0.114105843792546 0.11258114406407 0.129945230570731 0.158352848898928 0.202556138009958 0.235608080414152 0.218716183568874 0.181923101426729 0.130223498046188 0.147674680067704 -0.152621571592721 -0.290372641752999 -0.395019582101077 -0.581973921204125 -0.585083221835764 -0.606224774713026 -0.616362924963307 -0.620627135101341 -0.575329935245229 -0.515095485033067 -0.422702756780318 -0.33819034499178 -0.325468375435338 -0.313531467516967 -0.294691876500318 -0.392475870325358 -0.323586183391114 -0.251935746720359
-9999 -9999 -9999 -9999 -9999 -9999 -9999 -9999 -9999 -9999 -9999 -9999 -9999 -9999 -9999 -9999 -9999 0.0383025730014651 0.0815008527699421 0.185471734173475 0.13540157945227 0.15405673262593 0.216976911248127 0.216975539441444 0.270030640749079 0.307586706279214 0.188499843074025 0.176767077381465 0.123915485958252 -0.00798659877722366 -0.205551439154112 -0.502952148345538 -0.555946790119576 -0.638999513877841 -0.648007942661182 -0.595805272243135 -0.629048458711989 -0.662791455380187 -0.602504765184656 -0.550855659872958 -0.471992370111865 -0.305403548624842 -0.194717724674736 -0.246208098265811 -0.167642617546924 -0.19237571253414 -0.228145339962032 -0.207950615534697
-9999 -9999 -9999 -9999 -9999 -9999 -9999 -9999 -9999 -9999 -9999 -9999 -9999 -9999 -9999 -9999 -9999 0.0804011492657262 0.0467060332965548 0.1032660918119 0.151619671912027 0.133447611505045 0.199238824494683 0.299593442550281 0.31784803327617 0.310661442222303 0.302009802395704 0.160932569210728 0.169898663599481 0.054381576428855 -0.213645979483468 -0.462243540914213 -0.592203049524813 -0.610809064404475 -0.626003228349968 -0.604549643803705 -0.617421240107061 -0.633848272123711 -0.599786353677174 -0.532112163802519 -0.526435693789147 -0.30367298681536 -0.022182098901038 0.0376158235190576 0.09054030083771 0.188444387654275 0.146864553195586 0.266933911882815
-9999 -9999 -9999 -9999 -9999 -9999 -9999 -9999 -9999 -9999 -9999 -9999 -9999 -9999 -9999 -9999 -9999 -9999 -0.0339667023444945 0.00109150160695055 0.129301190345048 0.20644038621876 0.253668051338919 0.337028215601434 0.418303265304688 0.350634751435426 0.245216629317785 0.155426791565512 0.23026379984155 0.123797191110405 -0.195359369352527 -0.493125537549232 -0.561117471989642 -0.57942412923504 -0.58036194616434 -0.53134444319243 -0.545155604101118 -0.571815571973686 -0.576973527704877 -0.501707396123412 -0.414940197791494 -0.307596270157639 0.00388642286972108 0.351459058228814 0.382480399784856 0.249935660211165 0.329971583567632 0.424921433822426
-9999 -9999 -9999 -9999 -9999 -9999 -9999 -9999 -9999 -9999 -9999 -9999 -9999 -9999 -9999 -9999 -9999 -9999 -9999 0.0296836385277498 0.186806642845489 0.218346658127104 0.311816973955657 0.33787131608493 0.463141163677239 0.316386253151134 0.350563125640816 0.299800753140477 0.110268708855471 -0.129836240546356 -0.244725518725999 -0.515883945769235 -0.526446042880588 -0.541808668613002 -0.53161017152791 -0.483803028480479 -0.562869669453199 -0.611666738410688 -0.595006030646868 -0.517747112300777 -0.41024723687129 -0.319337155418657 -0.0895049611216743 0.215891010893064 0.428254848086134 0.325637031421177 0.523806959365617 0.505868105260538
-9999 -9999 -9999 -9999 -9999 -9999 -9999 -9999 -9999 -9999 -9999 -9999 -9999 -9999 -9999 -9999 -9999 -9999 -9999 0.198174595198779 0.2031114235997 0.216791053045172 0.347109225316592 0.402983002053358 0.501484017076704 0.43420302370495 0.458085942496404 0.416595264659718 0.0798573092127851 -0.174130678730283 -0.23790507620212 -0.460569242039103 -0.496371967327332 -0.468167458875744 -0.459816670976512 -0.495261834809376 -0.570693030546483 -0.621019697212745 -0.617152767471354 -0.541443045726538 -0.344201581936925 -0.305590697356652 -0.135635291829184 0.193780353840872 0.394393750965602 0.426883297612147 0.404489954668669 0.505115288978677
-9999 -9999 -9999 -9999 -9999 -9999 -9999 -9999 -9999 -9999 -9999 -9999 -9999 -9999 -9999 -9999 -9999 -9999 -9999 -9999 0.245259773296901 0.248949927038028 0.398058535149776 0.524926688910618 0.608031796450495 0.554415214976309 0.50515353325383 0.531593941274514 0.121590616008957 -0.126293053974612 -0.349572164736921 -0.455328494910065 -0.436688025442601 -0.38694036955834 -0.464530639914911 -0.452437278530089 -0.500482719425584 -0.580606987959691 -0.570934590618943 -0.444457810102383 -0.268611954515571 -0.176121833153834 -0.00426176488023137 0.162690042537843 0.321191493175439 0.342570203021183 0.395496891741831 0.368816756341442
-9999 -9999 -9999 -9999 -9999 -9999 -9999 -9999 -9999 -9999 -9999 -9999 -9999 -9999 -9999 -9999 -9999 -9999 -9999 -9999 -9999 0.11919431379675 0.272296630560231 0.401826138525522 0.572815280591548 0.577719148636011 0.5270951980078 0.291230641936549 0.282222316628947 -0.0704717884203683 -0.227110079106863 -0.344521271589844 -0.337140226000914 -0.28637922957834 -0.336423580908841 -0.441828464867822 -0.399360263343591 -0.514522130983182 -0.528646071718776 -0.480926782755566 -0.320689698829893 -0.0973962364436704 0.0917172679786677 0.259599506264731 0.423224589552323 0.244007036423331 0.294724908505574 0.325229151729174
-9999 -9999 -9999 -9999 -9999 -9999 -9999 -9999 -9999 -9999 -9999 -9999 -9999 -9999 -9999 -9999 -9999 -9999 -9999 -9999 -9999 -9999 0.307823286084318 0.405731484990185 0.550856739697974 0.604570922594102 0.595871835840773 0.628546373889742 0.363235750691126 0.0338341993617012 -0.111398715450697 -0.194103602878265 -0.219324948318216 -0.171930067418375 -0.335371380664041 -0.471647998990522 -0.435007178448605 -0.38970517390133 -0.442323799015771 -0.416231258244507 -0.234433647095523 0.000366340785297012 0.207072458148727 0.327728574370941 0.351953908863156 0.286398115111173 0.242055480792629 0.326000563189821
-9999 -9999 -9999 -9999 -9999 -9999 -9999 -9999 -9999 -9999 -9999 -9999 -9999 -9999 -9999 -9999 -9999 -9999 -9999 -9999 -9999 -9999 -9999 0.483751446403619 0.515415928195552 0.561628093340718 0.599944894215471 0.605383695610114 0.32970081407975 0.0851431993989584 -0.0597445041682199 -0.12458486419979 -0.0994089857876131 -0.108523124772997 -0.341366668309757 -0.389336665604634 -0.347721809238086 -0.290084714293696 -0.306442155363881 -0.365983793688326 -0.176116107670547 0.072480241617518 0.259214192822622 0.341043634734811 0.360733891210995 0.31890173745868 0.266193877922779 0.301414792544162
-9999 -9999 -9999 -9999 -9999 -9999 -9999 -9999 -9999 -9999 -9999 -9999 -9999 -9999 -9999 -9999 -9999 -9999 -9999 -9999 -9999 -9999 -9999 -9999 0.717675623391239 0.690208049594815 0.679339725094673 0.603490593292287 0.490458563556627 0.110365957953562 0.148664575948115 0.0100485678380405 -0.0217126972711268 0.0204174729303299 -0.281586601212941 -0.335520312379134 -0.276279684543713 -0.237151674947776 -0.228166161481018 -0.169429763898535 -0.103622467447206 0.0989659678168287 0.35239018031975 0.391615293101487 0.380890483763821 0.289427612879245 0.28375812320741 0.272947137391654
-9999 -9999 -9999 -9999 -9999 -9999 -9999 -9999 -9999 -9999 -9999 -9999 -9999 -9999 -9999 -9999 -9999 -9999 -9999 -9999 -9999 -9999 -9999 -9999 -9999 -9999 0.634259083125769 0.65790786147848 -9999 0.566605299722101 -9999 0.0934176784227461 0.0966545996455595 0.10251209861903 -0.163156082864969 -0.270718558867468 -0.234780695377119 -0.193350531140095 -0.143724377273132 -0.099391858392619 0.0179647247131672 0.191129265270163 0.35598791130488 0.441408775309971 0.407508147520375 0.327939802951047 0.285085940437425 0.315457890276783
-9999 -9999 -9999 -9999 -9999 -9999 -9999 -9999 -9999 -9999 -9999 -9999 -9999 -9999 -9999 -9999 -9999 -9999 -9999 -9999 -9999 -9999 -9999 -9999 -9999 -9999 -9999 0.545107295836337 0.517657180667775 0.57334959330321 0.290762137323241 0.204591789174363 0.102634868052558 0.100968445242595 -0.142120628519579 -0.128081322787395 -0.157674098105273 -0.124151378844968 -0.0655313857562268 0.0128221278959327 0.167663105540827 0.42493537551445 0.431660857189069 0.454272590327277 0.418042471605212 0.335991205975687 0.28425006132729 0.262971148594646
-9999 -9999 -9999 -9999 -9999 -9999 -9999 -9999 -9999 -9999 -9999 -9999 -9999 -9999 -9999 -9999 -9999 -9999 -9999 -9999 -9999 -9999 -9999 -9999 -9999 -9999 -9999 -9999 0.539911481633513 0.554355089677465 0.298572467410581 0.29591507116378 -9999 -9999 0.00943582718957964 -0.0552937892072652 -0.0702809559164762 -0.0118531975038851 0.0253722875164642 0.125349424788998 0.371154681581752 0.494897875138045 0.529640274615058 0.542874077731149 0.419312204192686 0.317575660463516 0.301107653733856 0.307526214929591
-9999 -9999 -9999 -9999 -9999 -9999 -9999 -9999 -9999 -9999 -9999 -9999 -9999 -9999 -9999 -9999 -9999 -9999 -9999 -9999 -9999 -9999 -9999 -9999 -9999 -9999 -9999 -9999 -9999 -9999 -9999 0.253746059801598 0.367611592481747 0.129293563513385 0.0298522194608343 0.120920950554541 0.168638435554032 0.26512222696693 0.234644248721323 0.33879385235186 0.457335931303226 0.442692411615716 0.615424912271415 0.428331567510015 0.342316741269734 0.308806474354551 0.199400604367752 0.21936574751995
