data/rasters/s2.04.07.cu.3_xyz_08_.asc
NCOLS 100 
NROWS 100 
XLLCORNER -4 
YLLCORNER -4 
CELLSIZE 0.08 
NODATA_value -9999 
[rows 21 to 41 of 100, columns 0 to 47 of 100]
-9999 -9999 -9999 -9999 -9999 -9999 -9999 -9999 -9999 -9999 -9999 -9999 -9999 -9999 -9999 -9999 -9999 -9999 -9999 -9999 -9999 -9999 -9999 0.155703136078775 0.0627322366689534 -0.00140054507756099 0.0147750878045204 0.0795151529064615 0.0284192332572454 0.0428380017215742 0.125398644141115 0.183104226061668 0.261586373744295 0.393462432602348 0.239898624204834 0.280251194075102 0.255218949694342 0.199904541089967 0.20700008116248 0.212017214305251 0.226581502188996 0.183070523971625 0.212082764463829 0.284628850053516 0.304354963890516 0.289766294173229 0.305072734708833 0.275756793451411
-9999 -9999 -9999 -9999 -9999 -9999 -9999 -9999 -9999 -9999 -9999 -9999 -9999 -9999 -9999 -9999 -9999 -9999 -9999 -9999 -9999 -9999 0.135893319589356 0.128857969861464 0.0818101997621372 0.0542087527417021 0.0017744125352405 0.0716269101698711 0.078251807682836 0.0260566720990507 0.225746871298727 0.245651440873997 0.372647441257849 0.545218048637434 0.362536735112198 0.385004391835416 0.290979716947848 0.133335531504567 0.253732142146823 0.227276078925493 0.210831158048884 0.136967266315985 0.156838742302508 0.263072890320888 0.299620141796361 0.28722736620714 0.275237735302421 0.2310802888168
-9999 -9999 -9999 -9999 -9999 -9999 -9999 -9999 -9999 -9999 -9999 -9999 -9999 -9999 -9999 -9999 -9999 -9999 -9999 -9999 -9999 -9999 0.182810893850987 0.115802627880714 0.0997988171570542 0.0922275790298682 0.0543667772924743 0.141833984172166 0.223472485590388 0.199984054434258 0.117584029863297 0.271613330248709 0.299405570117045 0.312750219558568 0.27821645508337 0.27046376629214 0.240450525258933 0.00524374598267701 0.0914684469301025 0.0717645517599905 0.0622812791881505 0.0829740277463066 0.214819644149162 0.248967018529871 0.274082623982657 0.293306538037015 0.26791159981679 0.197641099101061
-9999 -9999 -9999 -9999 -9999 -9999 -9999 -9999 -9999 -9999 -9999 -9999 -9999 -9999 -9999 -9999 -9999 -9999 -9999 -9999 0.0980010618828321 0.124489659021776 0.22040116966014 0.158542410885337 0.121083743852994 0.114480465460724 0.124211205095746 0.162542035451974 0.247345631010479 0.311168086646978 0.331647665062737 0.228921478076883 0.220719207200008 0.232082348584357 0.218814830175168 -0.0107247855068098 -0.100436947747475 -0.109948019079609 -0.0620563492840525 -0.00215564965589205 0.0200257002479054 0.0677102214349276 0.116244670407174 0.231789082301832 0.287050075104055 0.321920351821753 0.302325561882374 0.219183530350469
-9999 -9999 -9999 -9999 -9999 -9999 -9999 -9999 -9999 -9999 -9999 -9999 -9999 -9999 -9999 -9999 -9999 -9999 -9999 -0.107327324343454 -0.0578413764944502 0.0218664997596689 0.167120382265888 0.212703359177211 0.20436748305008 0.165826621025948 0.114470296572085 0.102156048976902 0.224814239945852 0.309621263655071 0.395194388584249 0.272122387393056 0.162589263264496 0.077075026200411 0.0104609068182171 -0.0876204779296385 -0.113113769356853 -0.161193930590268 -0.159375774537092 -0.0999353000698686 -0.0996138514668651 -0.015320848659243 0.0976174188855365 0.245558390723013 0.379276990495578 0.388683163283142 0.345614919101111 0.284360391981455
-9999 -9999 -9999 -9999 -9999 -9999 -9999 -9999 -9999 -9999 -9999 -9999 -9999 -9999 -9999 -9999 -9999 -9999 -9999 -0.20425471406324 -0.129364820629623 -0.0791027484307691 0.111400687221354 0.253628387274099 0.204080733033953 0.139085387167102 0.0780853420549195 0.101928707891179 0.215202295865356 0.0663509273954487 0.0866455190990439 0.110799389123362 -0.0139428278406716 0.000230347054236982 -0.0642669126280299 -0.130029328273347 -0.171146838461398 -0.197355786161457 -0.200870632635584 -0.189070417392674 -0.202338008745826 -0.138969663140235 0.0572664886969869 0.218759669360102 0.483973499407889 0.530341633419286 0.42976128603437 0.331213563671725
-9999 -9999 -9999 -9999 -9999 -9999 -9999 -9999 -9999 -9999 -9999 -9999 -9999 -9999 -9999 -9999 -9999 -9999 -0.256519440765335 -0.219239418270928 -0.222259291098594 -0.200804896617666 -0.0376428093401996 0.131595329984288 0.234982755047218 0.120511572991579 0.0862023156172474 0.0905864027118397 -0.0893866806945677 -0.179626246847365 -0.13119390791306 -0.125380231828019 -0.109839066612395 -0.0769701677253717 -0.125055212682118 -0.147867103687478 -0.144222531338248 -0.200487446087074 -0.185283616377711 -0.17188062754289 -0.164122564671355 -0.126348801890264 0.0275675269080432 0.366112164032771 0.421187341723013 0.520307763883252 0.498187331209796 0.263465718577962
-9999 -9999 -9999 -9999 -9999 -9999 -9999 -9999 -9999 -9999 -9999 -9999 -9999 -9999 -9999 -9999 -9999 -0.250499166033609 -0.212863763779251 -0.203102165178527 -0.203213324091164 -0.19881295620962 -0.0950650710060236 0.00860822541256646 0.169246875040134 0.164733998826871 0.116692888169162 0.090015282404346 -0.148403033917091 -0.265994966558659 -0.383879751635564 -0.33092676668901 -0.300117507901706 -0.259860078092903 -0.270452695284598 -0.155160967358487 -0.195377988737171 -0.17321373753564 -0.160856037067869 -0.223444821487608 -0.195692654615187 -0.119512584426834 0.00518456097222836 0.252044193341303 0.4852575732605 0.525251078333056 0.439329507445435 0.291121282430875
-9999 -9999 -9999 -9999 -9999 -9999 -9999 -9999 -9999 -9999 -9999 -9999 -9999 -9999 -9999 -9999 -9999 -0.229708585664696 -0.222476971671413 -0.252078747840255 -0.242291243584791 -0.218201899468767 -0.145227092732911 -0.0514571754537506 0.182965225880952 0.200299184129209 0.0400396155704526 -0.0959901806602578 -0.226231729756601 -0.368886177375076 -0.417447165140205 -0.47740414680661 -0.374301240627589 -0.376530235452549 -0.244396058854324 -0.226296972253006 -0.175511964364551 -0.127496829532827 -0.143347085852786 -0.182461412874534 -0.241010681791205 -0.144928425101533 0.0751268232948255 0.359738654730765 0.489056282136903 0.531821821282149 0.520459690314572 0.441690196848239
-9999 -9999 -9999 -9999 -9999 -9999 -9999 -9999 -9999 -9999 -9999 -9999 -9999 -9999 -9999 -9999 -0.208863007134623 -0.175362407888911 -0.139130718453552 -0.166982499262962 -0.184271127453284 -0.166380179777925 -0.0827537849381987 0.000979466335497107 0.114731846182755 0.245223455393216 0.0423581626931541 -0.113511536953007 -0.225112013316973 -0.362061468753873 -0.472728383969145 -0.486290427661577 -0.459366366122395 -0.462360149503472 -0.263580285761915 -0.119530105964949 -0.104351553632459 -0.131111236521827 -0.131092600792282 -0.130723219718086 -0.107117421893317 -0.0733610225819428 0.0939952992745345 0.0198364217791126 0.338830814110066 0.547179277486924 0.564526832984057 0.57305684462667
-9999 -9999 -9999 -9999 -9999 -9999 -9999 -9999 -9999 -9999 -9999 -9999 -9999 -9999 -9999 -0.149568364179841 -0.157647228992563 -0.144609594459012 -0.126563004784984 -0.129445309531916 -0.126440654769479 -0.0959872163026029 -0.0311145364980754 0.0673052799310659 0.148314493407551 0.217384294297681 0.0566348539960309 -0.281602323052914 -0.338161379555121 -0.440361390414455 -0.453327684715244 -0.465011265946067 -0.467730291488971 -0.440300371025431 -0.345637426270412 -0.248608462658492 -0.144600068164513 -0.105640198155412 -0.0892392674625182 -0.048683474637813 -0.0726020744957886 -0.0667954992531055 -0.00776880459150081 0.0801481280875809 0.208857106141764 0.317800662770882 0.590047594552022 0.587264571715786
-9999 -9999 -9999 -9999 -9999 -9999 -9999 -9999 -9999 -9999 -9999 -9999 -9999 -9999 -9999 -0.111221589532592 -0.122874833546102 -0.0360547289704351 -0.0501039185717254 -0.0748318016811168 -0.0785989725867328 -0.0547536448104874 -0.0178691396014748 0.0933142864705658 0.201896391971691 0.172559958740742 -0.123763810977375 -0.277002725645973 -0.360928537327271 -0.413142655641523 -0.474778356845643 -0.422594462670744 -0.411531570698459 -0.416888160991543 -0.346236974963432 -0.226297200139879 -0.0620268449727789 -0.0513674440881457 -0.0685791590132292 -0.0223076021381692 -0.0728173321203327 -0.0640367290512567 -0.0231375465208809 0.0070180636360639 0.133319096356266 0.332290846470371 0.430388130508301 0.520842421648659
-9999 -9999 -9999 -9999 -9999 -9999 -9999 -9999 -9999 -9999 -9999 -9999 -9999 -9999 -0.140471510073697 -0.121873361234021 -0.0551203894571739 -0.0168123356535304 0.00343406364096207 0.00517257481055286 0.0279020087856858 0.0335207189770885 0.100424576271488 0.0563885684653846 0.224481880690798 0.129752904844862 -0.152689987287156 -0.235656176051821 -0.271507922788182 -0.382722667039847 -0.357132905075052 -0.363180701816902 -0.41211073761739 -0.349631652341934 -0.25745918342021 -0.173609532315106 -0.0106499480926001 0.0681504775244151 0.0118574200303208 -0.0251514022173675 -0.0530278292753659 -0.0764838503698581 -0.111869669851574 -0.0559974902924894 0.0509430924555145 0.271456904601283 0.417651195346425 0.387678110713848
-9999 -9999 -9999 -9999 -9999 -9999 -9999 -9999 -9999 -9999 -9999 -9999 -9999 -9999 0.0828318868770214 0.0644034606311455 0.10742077237557 0.142349501425172 0.174192789462749 0.227076684572413 0.214367355764443 0.17442917387923 0.244481351104997 0.284666910535647 0.17551300223741 0.0957768675261752 -0.110628362595826 -0.165967534608669 -0.196973311590892 -0.205603043722795 -0.246142499546814 -0.301711130455403 -0.416332944612313 -0.36199187834926 -0.294336123523636 -0.224462318475823 0.0751092988913018 0.075853513255087 0.0450835526663364 -0.148930039294961 -0.128175967700396 -0.162296429828281 -0.134735477219709 -0.152240948840588 -0.123408292055178 0.0466318519028437 0.19206854796096 0.335137778706536
-9999 -9999 -9999 -9999 -9999 -9999 -9999 -9999 -9999 -9999 -9999 -9999 -9999 -9999 0.212562708698856 0.341022063768896 0.352663400321516 0.29634499463295 0.383564672479551 0.45097443231887 0.369033330370652 0.203849495496419 0.343317703776915 0.312130371150707 0.264060680660893 0.0160968738820554 -0.0962364678609931 -0.124981134051274 -0.175772484010539 -0.168453281640808 -0.211773620410952 -0.232251518812745 -0.344739801226011 -0.258068425520127 -0.21302673841914 -0.0320929317478357 0.0838239158423189 0.0410969351405906 -0.0244594690001658 -0.103957442841533 -0.197467294168173 -0.190688823402281 -0.199572903438088 -0.143266430687983 -0.142595423168367 -0.119857847961764 0.0512779737693137 0.376381891355515
-9999 -9999 -9999 -9999 -9999 -9999 -9999 -9999 -9999 -9999 -9999 -9999 -9999 0.361679311159974 0.378903787342493 0.519673922557155 0.631228550363872 0.421469128811954 0.38875601075509 0.658129602196342 0.44309900271655 0.255212769887505 0.270279235677498 0.255462816714409 0.306661894162219 -0.015210749815562 -0.160627825530614 -0.215559069317174 -0.246251868249979 -0.204891252655977 -0.172854266388988 -0.214091952358981 -0.270991323803663 -0.187715564432107 -0.070744503368098 -0.016519973094304 0.0696131484353583 0.0259935067494848 -0.00613889660766189 -0.0806855826922162 -0.146202028766138 -0.125126755152213 -0.208501687143801 -0.135336084244536 -0.138830240300433 -0.128177974536184 0.0139783748552661 0.24349952409935
-9999 -9999 -9999 -9999 -9999 -9999 -9999 -9999 -9999 -9999 -9999 -9999 -9999 0.370961186773948 0.439053144952705 0.526115400715953 0.498083097131808 0.473176244794073 0.503117789422399 0.616423189233578 0.447504312253693 0.262958966477103 0.19217080644306 0.226001657456263 0.171531427970494 -0.0284514538825461 -0.149790149963197 -0.178515055630399 -0.232606025340678 -0.256150069337113 -0.292166506921518 -0.288697686529696 -0.283060864815636 -0.174827965870559 -0.0812869261546501 0.0103858305931006 0.0662237845201112 0.000640152534178966 -0.0354047646298755 -0.0466399478178856 -0.113354928180517 -0.105927305469741 -0.106484103847149 -0.124661317384224 -0.124620474728743 -0.0990151362046468 0.0225473793731501 0.266254174587635
-9999 -9999 -9999 -9999 -9999 -9999 -9999 -9999 -9999 -9999 -9999 -9999 -9999 0.457648574043385 0.416776781475264 0.369893284219771 0.481936847288686 0.396891019519722 0.491331796579222 0.545321096379633 0.49171687093992 0.549235936719944 0.482932899664869 0.287066106963841 -0.00489429060675574 -0.117716382610304 -0.0947155933994887 -0.31211947736551 -0.291085796923257 -0.259900859987031 -0.318689837113588 -0.347527314624728 -0.329487158634549 -0.258324124901213 -0.0758198757771743 0.0763588243675082 0.0896475970281181 -0.0271833100930912 -0.0690321426566975 -0.130273112233519 -0.173606502966109 -0.129515099378388 -0.0373700901242724 -0.0419534734392174 -0.0221384724532888 0.0147125922368882 0.0880247597249982 0.293137352037904
-9999 -9999 -9999 -9999 -9999 -9999 -9999 -9999 -9999 -9999 -9999 -9999 0.380442515787077 0.334375554298576 0.353754574029597 0.363343400017061 0.472227097154694 0.433874664196577 0.472503159044527 0.502086014363303 0.466493792930746 0.447885072556665 0.429387459609271 0.22388585748219 0.0274025418231981 -0.13893733311101 -0.192977805736331 -0.217650211370019 -0.222403274242536 -0.222152976336893 -0.292832319767603 -0.339612559602945 -0.322880745676564 -0.274254165435589 -0.110264142675982 0.0398022324640664 0.0697575592065675 0.0447347187645007 -0.00589450151913842 -0.0685921630345289 -0.0749256687143578 -0.0376239030703941 0.10371087457143 0.00434151306610396 0.0633918254431288 0.1340757144122 -0.107449084205481 -0.117005043223854
-9999 -9999 -9999 -9999 -9999 -9999 -9999 -9999 -9999 -9999 -9999 -9999 0.358582465435222 0.359282848943422 0.367418818372046 0.299048846033498 0.412471820194586 0.429271582199413 0.469472660020923 0.510464540331026 0.511842924677052 0.505132617949863 0.428316993521058 0.324950914598489 0.204563422605054 0.0516230644171845 -0.158009669994123 -0.1814458969442 -0.297221856922535 -0.346425076702881 -0.364990698168875 -0.331993824246757 -0.300841810830101 -0.157331100613197 0.0359521593269469 0.12356430567779 0.14176485036162 0.0563318538087871 0.0137051010693968 0.00382862664438879 0.00144749394585068 0.0346914217833942 0.035160862246677 0.198789137076636 0.241893085919487 0.261148294484512 -0.0180992479208068 -0.158130385240297
-9999 -9999 -9999 -9999 -9999 -9999 -9999 -9999 -9999 -9999 -9999 -9999 0.204795078945153 0.242381656361744 0.223125319068166 0.212313314200517 0.30051343749707 0.413884671131939 0.406833971724504 0.474229697141931 0.520237407015477 0.568679464032356 0.465561337074541 0.355422421723531 0.329554853551617 0.260722448966602 0.0293193800034671 -0.188411974183859 -0.0919465879170028 -0.30706075481643 -0.291853717806469 -0.27464296851203 -0.202313423265998 -0.0503596482079362 0.0894534969798974 0.333934840624067 0.182770718489 0.106551814302943 0.0869776002935788 0.0637295820507995 0.115185994180328 0.133730737392468 0.161231011612104 0.252915097270854 0.494636796555905 0.47902481226594 -0.12830264104102 -0.180417568076877
