data/rasters/s2.04.07.cu.2_xyz_08_.asc
NCOLS 100 
NROWS 100 
XLLCORNER -4 
YLLCORNER -4 
CELLSIZE 0.08 
NODATA_value -9999 
[rows 21 to 41 of 100, columns 0 to 47 of 100]
-9999 -9999 -9999 -9999 -9999 -9999 -9999 -9999 -9999 -9999 -9999 -9999 -9999 -9999 -9999 -9999 -9999 -9999 -9999 -9999 -9999 -9999 -9999 0.11772390994419 0.110656711129608 -0.0201589302927407 -0.101550374961094 -0.083404373243471 -0.108660025566772 -0.376551308644776 -0.361904055221827 -0.350078483496867 -0.299555882589978 -0.155066622478728 -0.104057987421941 -0.0676706832030803 -0.0403642099878214 -0.0624436438210418 -0.120810523948108 -0.139891984285838 -0.122240632519148 -0.0863408340737554 -0.139974313133294 -0.217576854260027 -0.291466424936781 -0.392186052611831 -0.405949885999136 -0.384915229877329
-9999 -9999 -9999 -9999 -9999 -9999 -9999 -9999 -9999 -9999 -9999 -9999 -9999 -9999 -9999 -9999 -9999 -9999 -9999 -9999 -9999 -9999 0.181891743880114 0.167588318680271 0.0695584266796913 -0.116403802243417 -0.186469390073914 -0.0936972290306055 0.020905088455326 -0.294410412709079 -0.324619686124368 -0.342702577988016 -9999 -0.119724646620409 -0.0695524958628131 -0.0174615180218235 -0.0723886193572197 -0.0160624200455871 -0.0821894657626621 -0.103125138959572 -0.118131831521119 -0.118165643882269 -0.164713504601369 -0.220693632663286 -0.283452645665185 -0.29045893981817 -0.317569530483503 -0.307451657253388
-9999 -9999 -9999 -9999 -9999 -9999 -9999 -9999 -9999 -9999 -9999 -9999 -9999 -9999 -9999 -9999 -9999 -9999 -9999 -9999 -9999 0.192951909986212 0.196633478520013 0.135776186648562 0.0267197108080737 -0.0655185506704584 -0.0688023783366765 -0.0999375336507486 -0.125122860457912 -0.275207820309574 -0.342714163567244 -9999 -9999 -0.124243541898034 -0.0993801304836875 -0.0463319493990066 -0.0104905512823039 -0.0047826681321624 -0.0501226785073258 -0.101758135384569 -0.13477195376215 -0.0536656636860479 -0.159254040777327 -0.202220206450693 -0.158534981145102 -0.246753173171862 -0.320560445524056 -0.335006235597708
-9999 -9999 -9999 -9999 -9999 -9999 -9999 -9999 -9999 -9999 -9999 -9999 -9999 -9999 -9999 -9999 -9999 -9999 -9999 -9999 0.145596997585527 0.151032702109087 0.138366918871418 0.0805049386604392 0.033890925883575 -0.0210258382608549 -0.130324776934923 -0.169986257979704 -0.191859899721071 -0.221608845524136 -0.287353475048448 -0.271957890641585 -0.182717400368693 -0.213102361994923 -0.21119097516479 -0.0996580213342808 -0.075574254729989 -0.0141141675440011 -0.00496669167316164 -0.0446708934003691 0.0119023581456492 0.0337179976127418 -0.0521570034540143 -0.0708859036608373 -0.154638686598376 -0.169416851696532 -0.317835154248552 -0.328408928442843
-9999 -9999 -9999 -9999 -9999 -9999 -9999 -9999 -9999 -9999 -9999 -9999 -9999 -9999 -9999 -9999 -9999 -9999 -9999 0.162473304855784 0.134774844380256 0.107048736186485 0.0623593292206835 0.037142391199982 -0.0120921495445321 -0.0265227979899162 -0.118243459290949 -0.0753327803728047 -0.123289089482966 -0.187599559809756 -0.235076027275219 -0.241683598271627 -0.0980180083376509 -0.130307554114447 -0.0991930395752761 -0.106783579173106 -0.0786610793898048 -0.0228099740896702 -0.0159422560450359 -0.00216581752323934 0.0295250056434294 0.107641275203156 0.0802220971624467 0.0407293684944377 -0.071357868731798 -0.190438292691338 -0.285141068838419 -0.362852171772601
-9999 -9999 -9999 -9999 -9999 -9999 -9999 -9999 -9999 -9999 -9999 -9999 -9999 -9999 -9999 -9999 -9999 -9999 -9999 0.30465903331847 0.0873692037418321 0.122739770093197 0.0232635359123754 0.0466436551088787 -0.0431210927838136 -0.00392425283361124 -0.095934887372459 -0.0717003681751176 -0.0854018125251577 -0.174545305532436 -0.187440385684592 -0.156661757227254 -0.139397445424033 -0.119969295032506 -0.0989551444393766 -0.123185194864102 -0.0402270465834922 -0.0371055528963912 0.0170413010100286 0.0213935503311049 0.0977711124733062 0.10634357244371 0.131203496884156 0.118721056953776 -0.084484455449133 -0.229216238871104 -0.319855764298994 -0.26871407784012
-9999 -9999 -9999 -9999 -9999 -9999 -9999 -9999 -9999 -9999 -9999 -9999 -9999 -9999 -9999 -9999 -9999 -9999 0.451375096574706 0.229528689368109 0.0121304550058614 0.0369093345801359 0.0580632130884195 0.042618323845605 -0.141814601360654 -0.0105256988173755 -0.0214665851129406 -0.0853755325376795 -0.149309618990148 -0.149151815169527 -0.100304796127864 -0.0896439421106922 -0.11534186150078 -0.096748066210885 -0.0801932724613064 -0.0657638234429152 -0.14167847856937 0.0553958898560527 0.0557481662007892 0.0484886171504373 0.122388740761919 -0.00929443001207284 -0.0266616761941477 0.122149078664348 -0.0158757723910437 -9999 -0.308078357510531 -0.233888364590139
-9999 -9999 -9999 -9999 -9999 -9999 -9999 -9999 -9999 -9999 -9999 -9999 -9999 -9999 -9999 -9999 -9999 0.423067890606208 0.351147940576237 0.209686850171433 0.145778375178835 0.0895032376222786 0.143124507513119 -0.0108126639626208 -0.15033126687338 -0.188722732841918 -0.145512306780216 -0.133165204055686 -0.101503783494637 -0.00450357172748341 0.00630113095168771 -0.0320439757980404 -0.0571306599070515 -0.0526686683646304 -0.051891961924579 -0.0315628092854392 0.0588857696473576 0.0392143703132578 0.0778227212723048 0.107208833384355 0.097189840983476 0.112839922709284 0.186179199585818 0.122226478860682 -0.12059307811936 -0.390056352065776 -0.218974103482288 -0.22358519352852
-9999 -9999 -9999 -9999 -9999 -9999 -9999 -9999 -9999 -9999 -9999 -9999 -9999 -9999 -9999 -9999 -9999 0.292165980008019 0.222257367023168 0.154202172270797 0.118257550002549 0.0977618224194862 0.0787135852444133 -0.122007690820698 -0.185907806669168 -0.240211476716585 -0.247068173591452 -0.13430020199672 0.0729472106551198 0.0354176047266547 0.0429413171073829 0.0185822471948332 0.000169198533968558 -0.0435496817575475 -0.0723709506197918 -0.0245329191232916 0.0185962896099649 0.0339505937938407 0.0407445230110618 0.00539084343852868 0.0530981620177433 0.0460841490289238 0.120804052613624 0.128010701812271 0.0670417207877128 -0.162712464265831 -0.130525476001635 -0.439403099844761
-9999 -9999 -9999 -9999 -9999 -9999 -9999 -9999 -9999 -9999 -9999 -9999 -9999 -9999 -9999 -9999 0.146440743848279 0.154064771060953 0.202283108766352 0.13760828713242 0.0753606108568161 0.0136966230982882 -0.0997331741887367 -0.173614715618745 -0.22821827109 -9999 -0.113451057353837 -0.148986079811188 0.0160357798257706 0.108149465767038 0.0888660196795954 0.0517410827938501 0.0746542508736254 0.0300521112009338 -0.0810423486587801 -0.102960053106032 -0.0289059700375254 -0.00840186462407757 0.0550805788690875 0.0365753284114327 0.115804760403108 0.0776418172431704 0.0913963682839319 0.0751667042645228 0.0750728177066354 -0.247636845394795 -0.106200081817217 -0.0966014796703037
-9999 -9999 -9999 -9999 -9999 -9999 -9999 -9999 -9999 -9999 -9999 -9999 -9999 -9999 -9999 0.0195919881619062 0.032460522418634 -0.0480185548167218 0.0101834607918739 -6.44121090452934e-05 0.099739908926147 0.0255196216991569 -0.149051330909102 -0.184099570015667 -0.169142886621411 -9999 -0.0961873771872179 -0.0383316215524413 0.102520702727478 0.129705507496604 0.136958291408041 0.14733859365774 0.0883286460794299 0.0185338682529147 -0.00973671443307216 0.0130262124610868 -0.014934633250914 -0.108864299001421 -0.0195948388556397 -0.0512392765943015 -0.0577500782123964 -0.0566079836813688 -0.100295360965781 0.0532539499369167 0.055630449142482 -0.116829846344645 -0.0156975906384263 -0.072781025380881
-9999 -9999 -9999 -9999 -9999 -9999 -9999 -9999 -9999 -9999 -9999 -9999 -9999 -9999 -9999 -0.0035587850724852 -0.0373970624011361 -0.0936351607077504 -0.0892662250413989 -0.0854398715405779 0.0239470964020271 0.0862537260833952 0.0204455328482206 -0.0874477968416436 -0.247557625104983 -0.146982434199671 -0.164087629606495 -9999 0.162267959156071 0.1594438607185 0.166230041790701 0.17520406126001 0.0936251973079298 0.0292714206961298 0.0202230968699404 0.00234810927453133 -0.196218197570212 -0.224876741825736 -0.198099379053723 -0.150536546756488 -0.0564178099206397 -0.066925505085066 -9999 0.0321774153843317 0.062616468200025 -0.0922580532056814 -0.0405010938901344 -0.0297462356862887
-9999 -9999 -9999 -9999 -9999 -9999 -9999 -9999 -9999 -9999 -9999 -9999 -9999 -9999 0.00504665883117484 0.00516831908154876 -0.0580309469324567 -0.13059539341159 -0.132656927137436 -0.157766147255656 -0.00898288616342107 0.0336947954681461 0.00512101980390721 0.000914586809266821 -0.20429669486584 -0.150514496828896 -0.172867254795569 0.0613643422010329 0.138629638438035 0.0743473729855319 0.144297483624628 0.0561122128104538 -0.0685705957262858 -0.0159220331292956 -0.0956565173174951 -0.171280793211019 -0.288492732441581 -0.268829859304476 -0.239164082202146 -0.318863217686965 -0.136660657394114 -0.114699144499853 -0.0823886276515187 0.000903110712302095 0.0186015144445288 0.0361069446299739 -0.100517666566413 -0.0337794992012524
-9999 -9999 -9999 -9999 -9999 -9999 -9999 -9999 -9999 -9999 -9999 -9999 -9999 -9999 -0.0386879603918927 0.0144784183729291 0.00957649714144144 -0.161925971720479 -0.21773334227455 -0.313435702463104 -0.210054112372476 0.0128984251857215 0.0613779128940051 -0.00333407438960656 -9999 -0.196419680084223 -0.0906282527213988 -9999 0.0578216515907955 0.0235708220238422 -0.00971397544554499 -0.0974764074781554 -0.141929129001512 -0.0960609965815556 -0.443067233860374 -0.38068397889788 -0.342405789308718 -0.296126441556948 -0.24239433500764 -0.228577041380754 -0.199122162257839 -0.116801904268134 -0.156593006686436 -0.0991728581751983 -0.128841769401108 -0.149749923705955 -0.188631921939428 -0.0824532102000833
-9999 -9999 -9999 -9999 -9999 -9999 -9999 -9999 -9999 -9999 -9999 -9999 -9999 -9999 0.163969267948989 0.157404080500391 0.100765859065175 -0.12718892900962 -0.300767590301543 -0.319976230530646 -0.231375737228759 -0.144408135398819 -0.0255418271847114 -0.131233405932066 -0.252815974756078 -0.147457319356515 -0.0763679781163915 -0.0516596987355895 -0.0535150200174144 -0.124483785623779 -0.119318111678498 -0.0932099282854716 -0.242194874116673 -0.265726670352165 -0.385992605825116 -0.419109781953211 -0.383101257152622 -0.339367079836885 -0.312300480592663 -0.275900817227267 -0.266641806698383 -0.311599275324098 -0.163554697724091 -0.15915861442921 -0.0890944977622689 -0.111746845023736 -0.146652815170946 -0.177127973425412
-9999 -9999 -9999 -9999 -9999 -9999 -9999 -9999 -9999 -9999 -9999 -9999 -9999 0.215120268998884 0.253755931121295 0.0419283556009543 0.0960985226585614 -0.0785299335060444 -0.162961079652206 -0.30761337893583 -0.274893453560305 -0.190996235157577 -0.161181465956133 -0.322855469050085 -0.193984612359214 -0.251396090555554 -0.241559949566591 -0.185656385739655 -0.134057100602454 -0.325441453442875 -0.19425335416981 -0.186689542937178 -0.268064738537885 -0.362290846631349 -0.521173959127308 -0.569458957074611 -0.43651475883039 -0.453611741011734 -0.379270870458138 -0.327307069504723 -0.304944221719607 -0.269342604014571 -0.268651688794185 -0.234715002603699 -0.0368835452798352 -0.120251211893398 -0.157600727426003 -0.223820583630492
-9999 -9999 -9999 -9999 -9999 -9999 -9999 -9999 -9999 -9999 -9999 -9999 -9999 0.208955434597293 0.233987486498109 0.130151879609218 0.0064300620455864 0.0626501022666958 -0.0636983053868227 -0.25360455996461 -0.247210800551575 -0.269284206757876 -0.244241250527688 -0.333164984681756 -0.551332965914975 -0.315870225044375 -9999 -0.362564429865602 -0.24691173837827 -0.148841212826438 -0.333981408891285 -0.279672279881237 -0.217523577669508 -0.394252860128164 -0.483079816367385 -0.600676822781235 -0.624891145560483 -0.459778716969492 -0.307469462878635 -0.227513757625221 -0.258504718612921 -0.183685449333046 -0.277592212694154 -0.345947470476229 -0.133799898574082 -0.087922489347431 -0.233557870607377 -0.293215865379376
-9999 -9999 -9999 -9999 -9999 -9999 -9999 -9999 -9999 -9999 -9999 -9999 -9999 0.256342105147496 0.226122438885407 0.0687438884196369 -0.10130435819535 -0.245731678482354 -0.218707563692867 -0.162351565288595 -0.161798372670769 -0.114397789916198 -0.243143062778935 -0.278801885978835 -0.299266027580455 -0.193242409880487 -0.270154239838753 -0.288390815346117 -0.204148092256444 -9999 -0.310136673323964 -0.321172665336611 -0.243911510411847 -0.376239798998531 -0.435324591928847 -0.540337427835886 -0.569854339536487 -0.469663814921684 -0.405864950689408 -0.181434269668723 -0.221216473056911 -0.171214284047186 -9999 -0.277974893504182 -0.121831610400949 -0.188073460390418 -0.189625446898791 -0.272347526736488
-9999 -9999 -9999 -9999 -9999 -9999 -9999 -9999 -9999 -9999 -9999 -9999 -9999 0.258286281379957 0.166317840499641 0.0932377816764657 -0.120674555100672 -0.224239524084418 -0.176802659539693 -0.144890650613668 -0.124319326183515 -0.113528018299479 -0.136089824235864 -0.231056278284298 -0.201401811354125 -0.113683122652864 -0.208563715580383 -0.306054128472593 -0.294425624550602 -0.298168561586676 -9999 -9999 -0.38413129354012 -0.403482959341756 -0.431588046547345 -0.49886319238147 -0.493370013210282 -0.47206423461362 -0.461973834763014 -0.22274171038353 -0.142523930692507 -0.161547725166517 -9999 -0.636563314561886 -0.25703297212906 -0.57042932228118 -0.379239224765483 -0.30336883855993
-9999 -9999 -9999 -9999 -9999 -9999 -9999 -9999 -9999 -9999 -9999 -9999 0.235099251641436 0.213100327604222 0.104764023062245 0.0363148681249391 -0.283396660502935 -0.274287480300096 -0.270616287888989 -0.195678066866883 -0.158814310127549 -0.132159159259552 -0.140067530961722 -0.244713038256324 -0.228663790201694 -0.217724773664889 -0.240971028312733 -0.323241719736929 -0.352064471693235 -0.434440141139419 -0.184027915266455 -0.115956547116912 -0.124200058754057 -0.337081401492251 -0.366549557404011 -0.440385531403009 -0.438480699617588 -0.375116710558365 -0.355976949946738 -0.273927407118813 -0.19855175778207 -0.144673483348443 -0.158499036127039 -0.292072913917622 -0.444645798790967 -0.506941346756394 -0.542721753989724 -9999
-9999 -9999 -9999 -9999 -9999 -9999 -9999 -9999 -9999 -9999 -9999 -9999 0.1342760726939 0.183885030335817 -0.0625358717362814 0.110231773883354 -0.204412807281506 -0.212372578312507 -0.219573380599037 -9999 -0.131230807596496 -0.0842502242841801 -0.148071874498813 -0.276990761130487 -0.290844457037946 -0.258370674038664 -0.253610408162055 -0.245836484446992 -0.122628874587644 -0.120090183196821 -0.0770168917328499 -0.0865666463129781 -0.0798818013667918 -0.0642520948254719 -0.362031011174956 -0.355899101601168 -0.39706406035257 -0.322694644285919 -0.240350146208746 -0.237502442052219 -0.147253318690272 -0.137549245416357 -0.228341094056444 -0.162796788849817 -0.461316966817504 -0.531472040560533 -9999 -0.558381820641694
