data/rasters/s2.04.07.cu.2_xyz_08_.asc
NCOLS 100 
NROWS 100 
XLLCORNER -4 
YLLCORNER -4 
CELLSIZE 0.08 
NODATA_value -9999 
[rows 42 to 62 of 100, columns 0 to 47 of 100]
-9999 -9999 -9999 -9999 -9999 -9999 -9999 -9999 -9999 -9999 -9999 -9999 0.0989698244692453 0.11097691254444 0.0640304895285623 0.0218703316964687 -0.270732976688508 -0.184074550712488 -0.172284632053207 -0.13528986542979 -0.162111051870824 -0.221576336679593 -0.0726284037001965 -0.299433225271677 -0.293742722712378 -0.28200238591967 -0.26403474211249 -0.242751972762103 -0.15158775968317 -0.0992271933499331 -0.0376491059981191 0.0361021561704377 -0.0651556961675831 -0.0760515411562056 -0.271050810507931 -0.332745994080916 -9999 -0.34459833131069 -0.297918186329196 -0.245973490839818 -0.206481743800793 -0.0971413486371506 -0.175999143663232 -0.223112046810464 -0.4764048168166 -0.727651850187558 -0.565942756066365 -0.572486193411209
-9999 -9999 -9999 -9999 -9999 -9999 -9999 -9999 -9999 -9999 -9999 0.0902884827071291 0.0548017790872918 -0.00038076954760358 -0.0236919760184501 -0.180907313767658 -0.268041211183398 -0.229018480823834 -0.159971253610104 0.0127253139742155 0.0844769929526719 0.00853588923908062 -0.0256167433079217 -0.142205345662991 -0.286273761856895 -0.237395785913363 -0.234308332118655 -0.140623043366981 -0.137762872295977 -0.0779112597143939 -0.0199152770294357 -0.0134140984704043 -0.0661218980130872 0.0399084081919513 -0.204496923479521 -0.324127986912432 -0.312801151464351 -9999 -0.331158312625301 -0.277515019701794 -0.267014520109748 -0.198012142740988 -0.23148858450541 -0.291695567585744 -0.567628963145052 -0.667369147238585 -0.635453619516759 -0.628695517727976
-9999 -9999 -9999 -9999 -9999 -9999 -9999 -9999 -9999 -9999 -9999 0.0499380664670803 -0.00109459472763698 -0.024646183909303 -0.057973737681869 -0.0790904662623408 -0.156227867268806 -0.194266841691796 -0.150962442680431 -0.0955738711917754 0.0485900568079445 -0.00497239601890322 -0.078387817135673 -0.127245033097747 -0.247039992061759 -0.238492520024167 -0.111559578808281 -0.0832375259741202 -0.0221167218066488 -0.0145727439214928 0.0592368911292125 0.0724502316562759 0.0476481491979072 -0.0286415790299113 -0.192343140555697 -0.28445346870798 -0.326406289771219 -0.357791131606637 -0.331017053565477 -0.305124373099932 -0.33000186776681 -0.350664291969757 -0.330831253942024 -0.345990165583565 -0.591676789840803 -0.595540903336064 -9999 -9999
-9999 -9999 -9999 -9999 -9999 -9999 -9999 -9999 -9999 -9999 -9999 -0.0100977607652544 0.0344234910895412 0.0408974797052501 -0.0102239501737154 0.00473161778080081 0.167000006677015 -0.0156225390704048 -0.051910138346805 0.0740029638522854 0.0876223555732376 0.0600707462387083 0.045419142720506 -0.00791708369894983 -0.177904796168384 -0.20467037491816 -0.158618712549324 -0.0815917189339176 0.0814746113654286 0.149470220206011 0.0720481990573375 0.043786705519611 0.104426394824921 -0.135661034566097 -0.215878686798379 -0.260907202171304 -0.311785876546696 -0.435728302036951 -0.380407750411862 -0.36144222652527 -0.493729889495667 -0.465026343541779 -0.315991289430411 -0.310642415792123 -0.66420185233138 -0.689554735755958 -9999 -9999
-9999 -9999 -9999 -9999 -9999 -9999 -9999 -9999 -9999 -9999 -9999 0.0715436425757541 0.0894100334416788 0.088840031704249 0.0704389042421643 0.107725081201323 0.204334297177297 0.144993401701556 0.0633686314048586 0.0178301854864679 0.0980100169647419 0.097602314380734 0.085735208528589 0.000529333684481304 -0.166796290612547 -0.179265285002333 0.0423328104850159 0.0435028482581859 0.13184340150441 0.118656779735396 0.0320531483031252 -0.0736790492797045 -0.115542790808672 -0.226928291740094 -0.269542592833848 -0.363207944457789 -0.459702811822162 -0.52048246784245 -0.406411101145949 -0.464552525819069 -0.580769444482746 -0.496644995924719 -0.589147633142752 -0.953595964703409 -0.823519671450731 -0.867962929803027 -9999 -9999
-9999 -9999 -9999 -9999 -9999 -9999 -9999 -9999 -9999 -9999 -9999 0.160405459638055 0.178868000224861 0.160998675766446 0.136702575433704 0.114122178176472 0.131091646232868 0.130144167901522 0.0844767250522538 0.0853099578149498 0.163953825215417 0.154675183899888 0.112399540859882 0.0284289198327535 -0.0339974350577321 -0.167093108597765 -0.0435692576984767 0.00877556452120444 0.00997506105966915 -0.0143375910460146 0.0629331105836169 -0.0519715300292676 -0.124685892253057 -0.305798944458645 -0.414610846250414 -0.482756835576446 -0.431071988570012 -0.398369490282336 -0.462060654450461 -0.482836686263183 -0.489005505193416 -0.458718507521108 -0.669479828210931 -0.592153566870332 -0.860806731903256 -0.835336168079095 -0.749762356001184 -9999
-9999 -9999 -9999 -9999 -9999 -9999 -9999 -9999 -9999 -9999 -9999 0.12100372194004 0.153630206770817 0.158014978240145 0.152123115653578 0.100225353941206 0.0735121433166263 0.0149591290547489 0.0846400923793717 0.0986685819367102 0.115730933023728 0.167423159501935 0.156181238622478 0.0960435163657601 -0.0276367367333348 -0.154063123681476 -0.189657098260242 -0.164702377010245 -0.17646704127698 -0.120034615544835 -0.167102272697359 -0.218572804652263 -0.307841093490028 -0.364476646884712 -0.523000554223921 -0.540346683360517 -0.315596102683379 -0.314261634966125 -0.321989423241417 -0.394174873838168 -0.293336622584538 -0.343661544569556 -0.27959569578449 -0.30621781597726 -0.745447577806057 -0.700479088491104 -0.762192613190932 -9999
-9999 -9999 -9999 -9999 -9999 -9999 -9999 -9999 -9999 -9999 -9999 0.106365200406835 0.130443999773166 -9999 0.146593263132082 0.110474299567404 0.0913046039474761 -0.0051037201604763 -0.094877259763038 -0.00744173753855855 0.09506469750954 0.143338461588277 0.123302140119979 0.0142730826682664 -0.0829464414813378 -0.276828038081593 -0.252952160263226 -0.22898055662036 -0.216019821332958 -0.202558428764344 -0.211423558798212 -0.234943029868598 -0.387646076535484 -0.443233808894515 -0.474012354085493 -0.487135132913765 -9999 -0.192319177175581 -0.228990956823708 -0.222871885035051 -0.285344027775012 -0.241408716417692 -0.236387380965132 -0.338567487732736 -0.276163265579723 -0.495547729515629 -0.729227665938051 -0.848157496943495
-9999 -9999 -9999 -9999 -9999 -9999 -9999 -9999 -9999 -9999 -9999 -9999 -9999 0.342644661784957 0.19175109768823 0.226454538485998 0.145538276602792 0.0237265259858335 -0.0840658619809611 -0.070073298148478 0.0284799181663395 0.0533094445016949 0.035551846804038 -0.113373333247511 -0.115775728718279 -0.280297405737359 -0.27059842737908 -0.259455641466096 -0.235534163820182 -0.224515071520931 -0.280474919362205 -0.26198336389136 -0.413409045132456 -0.455637128830428 -0.495750057361947 -0.452869729131571 -0.19393642920664 -0.124501140284292 -0.154031171379654 -0.203703058171517 -0.141126849057222 -0.137488288832705 -0.267731698465198 -0.239655547906731 -0.286491160516944 -0.423509949997291 -0.488468405266712 -0.936447910495906
-9999 -9999 -9999 -9999 -9999 -9999 -9999 -9999 -9999 -9999 -9999 0.24562486938469 0.367430465264647 0.31847319992182 0.352243355665904 0.339866785998879 0.211765665521235 0.0612912212054973 0.103874244506568 -0.0618627009061621 -0.0622117716801972 -0.0265177818149786 -0.0516399323084484 -0.17497627642226 -0.131568478198236 -0.0515273314875374 -0.362851431731641 -0.354038099831706 -0.284957995915275 -0.282935172158367 -0.339149418930485 -0.361672529172531 -0.432539410889866 -0.47141194221437 -0.508137194283606 -0.371503921704288 -0.108095637214476 -0.227746081247509 -0.207121496639814 -0.199535551575488 -0.103021639567365 -0.209063506984204 -0.181514691458975 -0.166285632796177 -0.260538110445124 -0.294495448066899 -0.389191264064779 -9999
-9999 -9999 -9999 -9999 -9999 -9999 -9999 -9999 -9999 -9999 -9999 0.205492773811328 0.341602052686938 0.493945152161245 0.439178067137318 0.433520928373555 0.341349315889672 0.183568668001622 0.0703215702241596 -0.0415601119309226 -0.0249190457669397 -0.0983625239732249 -0.146993065771269 -0.39453044235604 -9999 -9999 -0.462227360537365 -9999 -9999 -0.284754761564806 -0.330011130338839 -0.351672370811402 -0.427412070987193 -0.486959096141829 -0.463357793333818 -0.418583481216689 -9999 -0.131754742584791 -0.191286020633459 -0.23427969079731 -0.21753586293654 -0.200195772643285 -0.175597804242311 -0.182426445004919 -0.256879758747468 -0.3012449226594 -0.402874504585042 -0.589336574605356
-9999 -9999 -9999 -9999 -9999 -9999 -9999 -9999 -9999 -9999 -9999 0.299257106639335 0.456953602143531 0.525531417355876 0.483962801881574 0.46673677520424 0.436445277174744 0.340212392094727 0.14111840361051 -0.059862357372775 0.0983127836838349 -0.0716636411909792 -0.0875121254462993 -0.0395565396105508 -0.0212361804638864 -9999 0.0382270445023105 0.0503952466527064 -9999 -0.348099004758267 -0.408487552689012 -0.510907002478586 -0.478686117022303 -0.606881651225338 -9999 -9999 -9999 -9999 -0.153438589268298 -0.332909727517797 -0.226161972133959 -0.279548185863042 -0.237234982025396 -0.249748085869799 -0.270883447914446 -0.404766939308529 -0.461264147908538 -0.59919066349334
-9999 -9999 -9999 -9999 -9999 -9999 -9999 -9999 -9999 -9999 -9999 0.360671840448759 0.445476723424315 0.542514162095168 0.494092881984775 0.480429048598835 0.352543963996758 0.337708549740701 0.187563541028314 0.031816029501149 0.1352133829581 0.105283958920922 0.154272292479701 0.0815366044274063 -0.0193638435610152 0.0148555577087265 0.0469045434841288 0.0296268105887136 0.00331448468896674 -0.322090362921597 -0.399255157064389 -9999 -0.622758899377773 -0.573042523564969 -0.509382800164819 -0.464600961564705 -0.418553127842678 -9999 -9999 -0.192930108466135 -0.231899494770621 -0.242548186728006 -0.246902145525567 -0.241629995990061 -0.293148725363794 -0.339647008428903 -0.495401576702134 -0.553177419005116
-9999 -9999 -9999 -9999 -9999 -9999 -9999 -9999 -9999 -9999 -9999 0.285227506134635 0.409648207369166 0.525946326213753 0.513122897065034 0.423877023567346 0.344193724261191 0.308583923306116 0.215011263764289 0.111025310369144 0.204636465022759 0.180923794454121 0.164319984548947 0.125200278673446 0.0649765965061065 0.0307222581273788 -0.132633211305381 0.044449250890043 -0.168451337597691 -0.263698207738609 -0.483646342928103 -0.506363415350507 -0.624308477017657 -0.442904958343384 -0.520591697108058 -0.391190077428455 -0.377245914433379 -0.231499560446416 -0.207344372453339 -0.211876573848021 -0.231848060798562 -9999 -9999 -0.29010663818685 -0.450854842249149 -0.64030820894071 -0.616652784285102 -9999
-9999 -9999 -9999 -9999 -9999 -9999 -9999 -9999 -9999 -9999 -9999 0.373519701951908 0.242142487670715 0.432719123483522 0.376318278444506 0.416134305671737 0.341051687101439 0.220735291508672 0.15314621407407 0.192678054636038 0.212719473810553 0.206218737662089 0.159411730674369 0.140095251531164 0.0564918750028032 0.0542687640898851 -0.0104316140053484 -0.0659700201971179 -0.207221221908552 -0.173086005730304 -0.0875255862646059 -0.443958520229933 -0.0492488369825402 -0.355678821521364 -0.353448346877614 -0.289056193770447 -0.295222765161999 -0.13408405598061 -0.166923472006688 -0.207280651528164 -0.334839750017824 -0.29218354621557 -0.312285267774533 -9999 -0.430652490797489 -0.436160669929825 -0.486272581799261 -0.530132702541763
-9999 -9999 -9999 -9999 -9999 -9999 -9999 -9999 -9999 -9999 -9999 -9999 0.157858707408092 0.132873423907076 0.270774916056506 0.237532836398059 0.243577619673844 0.107396951730081 0.120605413195473 0.173426765578077 0.183311674430111 0.241485653552831 0.301724642315665 0.203971774292289 0.134473875240534 -0.00518948882769255 -0.0365782196361814 -0.0629358848946477 -0.152182603551637 -0.0932052144851408 -0.082043374251411 -0.12814639589956 -0.0941407662498271 -0.0608821746611047 -0.142174816997031 -0.220092029516438 -0.0151904647109373 -0.0319924675600591 -0.0271666189191032 -0.0710479523558684 -0.27284520248301 -0.25973265111432 -0.301261233045273 -9999 -9999 -0.329698946032156 -0.36452860823877 -0.320793753072013
-9999 -9999 -9999 -9999 -9999 -9999 -9999 -9999 -9999 -9999 -9999 -9999 0.138499179375886 0.244804554189179 0.307810255998397 0.137495680226493 0.106707927804829 0.0578184540610566 0.120491284234439 0.166356249963589 0.217076885295949 0.30554608502846 0.275198931706465 0.227032850452965 0.173496009891271 -0.0319396452155127 -0.00610579668744903 -0.00252996698703584 -0.100144354514979 -0.205778903458978 -0.228814752777864 -0.10843551358169 -0.0615002747207255 -0.00357017691520782 -9999 -0.065957024001638 0.0531273325278538 0.0448604949823359 -0.0109166733220182 -0.0632055993093295 -0.265762148579913 -0.291634755458712 -0.300619904204029 -0.319314495912161 -0.256117701999507 -0.200771125145796 -0.123871430673825 -0.179086319015692
-9999 -9999 -9999 -9999 -9999 -9999 -9999 -9999 -9999 -9999 -9999 -9999 -0.081697560202773 -0.0229076664613227 0.197543162571858 0.0311869353268454 0.030716050373172 0.0883523917242872 0.218500949367218 0.285827254525942 0.283465274171668 0.27614967920707 0.216941403877232 0.0912325134476383 0.0479510701450469 0.0652077277011587 0.0375567900855828 -0.00457793803727874 -0.132946521023464 -0.162105909681495 -0.138043519423372 -0.132499041903636 -0.168302059310484 -0.0171077379800498 -9999 -9999 0.0864764082529061 0.0961334677161815 0.0740890287500294 -0.0366620352030969 -0.103031683084168 -0.329103394974089 -0.262360505109418 -0.267756164912157 -0.190468051990172 -0.137679654271009 -0.102967331456371 -0.098492095062815
-9999 -9999 -9999 -9999 -9999 -9999 -9999 -9999 -9999 -9999 -9999 -9999 0.0277647266959452 -0.0579604581649637 0.02443327551848 0.0117529207452883 0.0712263213748427 0.0585709461288424 0.141969569591225 0.251129410252098 0.302214406275827 0.334371827695099 0.281817156703283 0.126506006624036 0.0824248179299883 0.119505097850554 0.0898842425380016 0.00177557125968887 -0.132813087154622 -0.143661306321317 -0.132114902114224 -0.146348655328617 -9999 -0.00375706069851771 -0.0319934015173641 0.033270988497225 0.115138594041885 0.127753335177297 0.0178107832609878 0.0571730524610597 -0.0191045636425522 -0.315535554087124 -0.200165524900463 -0.194373632203074 -0.10517761484753 -0.0737040667817118 -0.0170035232621933 -0.0408436163262456
-9999 -9999 -9999 -9999 -9999 -9999 -9999 -9999 -9999 -9999 -9999 -9999 -9999 -0.110836789047441 0.0325433015435768 -0.0114844832221502 0.0489086093576753 0.0457965136044474 0.199436269726463 0.232095127080114 0.254990013039539 0.275213017325935 0.204431814756309 0.102595841529739 0.0633973221457588 0.00183811255273064 -0.026302327413614 -0.0407995417784299 -0.21993700762216 -0.149460157492786 -0.168419389256507 -0.126309600671023 -0.081723420201245 -9999 -0.0724969874250902 -0.0323351918180913 -0.00849841026236057 0.103757777859426 0.0690813442263254 -0.046151355969709 0.029779431471324 -0.263224169211274 -0.233051193252699 -0.202615925109499 -0.0488581139805524 -0.0552886544008702 -0.0703253052458848 -0.0660662572616036
-9999 -9999 -9999 -9999 -9999 -9999 -9999 -9999 -9999 -9999 -9999 -9999 -9999 0.0131173436970778 -0.0603135620059449 -0.106129565614498 -0.0302168676566454 0.0841017537253584 0.131263292424815 0.13933885432338 0.164259742586513 0.219104230242797 0.188648470644696 0.0585328604661991 0.118111934744985 -0.202551129183318 -0.203067746832249 -0.223127051517888 -0.243298291328575 -0.207109861880809 -0.0478832618417259 -0.0789603158393145 -0.0989638345656905 -9999 -9999 -0.108478802660829 -0.0342881590143645 0.0423629628965441 -0.00727176703046942 -0.149371761535233 -0.153352421730571 -0.229869340480287 -0.254885079812695 -0.191058000694378 -0.0177919402809221 -0.0878766276179441 -0.11555013014177 -0.0799263612404835
