data/rasters/s2.04.07.cu.4_xyz_08_.asc
NCOLS 100 
NROWS 100 
XLLCORNER -4 
YLLCORNER -4 
CELLSIZE 0.08 
NODATA_value -9999 
[rows 21 to 41 of 100, columns 48 to 95 of 100]
-0.269622137526846 -0.258719791453167 -0.208265438888096 -0.146625649527645 -0.130147565336217 -0.0869856016236558 -0.0411981097537814 -0.211911798547463 -0.256428750154217 -0.258233748568318 -0.168392836344296 -0.0752919391388942 -0.10749890803124 -0.18489112784838 -0.120370022361073 -0.163577494298863 -0.12023916088615 -0.119482847028001 -0.0994983072662499 -0.151244323656457 -0.220777932703824 -0.279180140228689 -0.21360178119662 -0.209615852699727 -0.232018514204749 -0.223698974427565 -0.153166627564703 -0.146303331342924 -0.145420183422596 -9999 -9999 -9999 -9999 -9999 -9999 -9999 -9999 -9999 -9999 -9999 -9999 -9999 -9999 -9999 -9999 -9999 -9999 -9999
-0.33615829007581 -0.298873375884735 -0.26258629343113 -0.156669434444111 -0.0840379816976295 -0.0841249060850831 -0.0602177796661809 -0.0651785563799029 -0.0128986410767309 -0.258013618979806 -0.257473162685417 -0.0275223480337788 -0.182567291151316 -0.171825368887286 -0.121639439984831 -0.148082837094765 -0.129528236663455 -0.0258655970374165 -0.0831733825415147 -0.122175006436666 -0.213403344891677 -0.27687648255346 -0.273724056641234 -0.259649958169737 -0.289409937249662 -0.265624121357354 -0.17044290451599 -0.168948799666149 -0.163891634879093 -0.24005104510052 -9999 -9999 -9999 -9999 -9999 -9999 -9999 -9999 -9999 -9999 -9999 -9999 -9999 -9999 -9999 -9999 -9999 -9999
-0.328297185679364 -0.274165598459678 -0.2331013683112 -0.106098050954913 -0.0602187350544603 0.00232841563759653 -0.0737188335230624 -0.120945586682 -0.0217921433547207 -0.238570597727278 -0.254748731966625 -0.202153957979064 -0.218916320140946 -0.17343927012787 -0.211824336158014 -0.194325153831331 -0.148796755502583 -0.120481250934494 -0.0649119096844186 -0.143358732620526 -0.204127546420091 -0.226421734938217 -0.2837445998632 -0.251510607090745 -0.22867775021051 -0.279219972326625 -0.235712250400955 -0.171464402789291 -0.171302209961535 -0.206076222058493 -0.191988518208534 -9999 -9999 -9999 -9999 -9999 -9999 -9999 -9999 -9999 -9999 -9999 -9999 -9999 -9999 -9999 -9999 -9999
-0.295232535804311 -0.230541162123598 -0.154714665601116 -0.119728795860189 -0.0503309403305226 -0.0136326680949563 -0.0994586829153615 -0.193480281509082 -0.246680332551384 -0.264940286203182 -0.300658096770951 -0.38082979959007 -0.31562293126236 -0.256320562112161 -0.240368988072805 -0.195218298684932 -0.122120722003394 -0.0103294166976804 -0.0498673182349908 -0.116880464416797 -0.177201511299172 -0.161095492762918 -0.217316307542606 -0.210390520344731 -0.0743249973279485 -0.184607236296478 -0.114777124754453 -0.179144908165556 -0.187084462485354 -0.193151633995064 -0.215356992099811 -0.158292971262305 -9999 -9999 -9999 -9999 -9999 -9999 -9999 -9999 -9999 -9999 -9999 -9999 -9999 -9999 -9999 -9999
-0.204116663284123 -0.156682793875902 -0.1402980714399 -0.0806992758355377 -0.0604632061658396 -0.0550287270726748 -0.154727487366962 -0.165879955604234 -0.293967221328329 -0.289774050556593 -0.332174172344267 -0.291292872118091 -0.287942622928478 -0.286864247164307 -0.273832699789602 -0.209719456240844 -0.0754906822245649 -0.0326266757574399 0.0030147628472185 -0.0526541207194689 -0.115325569111211 -0.134629161412554 -0.132793578540461 -0.121003967807262 -0.064868242502044 -0.0726504288905021 -0.0694267698416891 -0.148145918515702 -0.174073110173881 -0.151109387326286 -0.150418616261917 -0.118033473092345 -9999 -9999 -9999 -9999 -9999 -9999 -9999 -9999 -9999 -9999 -9999 -9999 -9999 -9999 -9999 -9999
-0.123115038530589 -0.107814784702335 -0.0328359044708762 0.00678067732359078 -0.0179012090699102 -0.0210581234679144 -0.107081371410768 -0.133839109690375 -0.195142693196443 -0.29004000218011 -0.282873138305406 -0.229948380140299 -0.238220384183571 -0.316094074949365 -0.26659932957964 -0.171644997665479 -0.0526134867654581 -0.0642057705306877 -0.0897136753693556 -0.0545014806278454 -0.0561004389212358 -0.0547331189459695 0.0310159362816028 -0.0659583044997739 -0.0592198480302186 -0.00839971885118657 -0.0319930802594562 -0.0783033042501832 -0.0967075569372879 -0.0631877651402879 -0.0457409323449697 -0.0517218486113243 0.0266017135375216 -9999 -9999 -9999 -9999 -9999 -9999 -9999 -9999 -9999 -9999 -9999 -9999 -9999 -9999 -9999
-0.0314718032585297 -0.00753387044487624 -0.021070262433462 0.000735073620185836 0.0128209844393599 0.0127099210633046 -0.0332267336217637 -0.0443394637304784 -0.183213270790146 -0.271733657012459 -0.223560504130672 -0.295204129298336 -0.232107308120586 -0.209367877747672 -0.227864439150681 -0.140729009984701 -0.0708774083394851 -0.126912118290581 -0.129337199144082 -0.113708511969481 -0.096250624611291 0.0030481467134799 0.000635026664189237 -0.069517992738719 0.0695628989063601 0.0469374382217885 0.0780076287181223 0.113689939388239 0.104870559748329 0.0613629445511012 0.0746489871610441 0.130524423665356 0.0808268672075514 0.179269153443131 -9999 -9999 -9999 -9999 -9999 -9999 -9999 -9999 -9999 -9999 -9999 -9999 -9999 -9999
0.040179768044441 0.0355606535691231 0.00769044693423498 -0.00138860915303292 -0.00215593383865305 0.139687908727079 0.0566473006036796 -0.0200131069736457 -0.0359701636964302 -0.184488072189669 -0.136150190642862 -0.160499996491253 -0.216959518967094 -0.219708881014655 -0.184649004425975 -0.0922732186409994 -0.130452158358068 -0.112532480475486 -0.130828110340581 -0.117497740726815 -0.0588337732562085 -0.00418063663694469 0.0279111197019176 -7.74332136185918e-05 0.122937833163667 0.0951499256819135 0.0497021208059615 0.0993542779538325 0.0523964470413307 0.0707413492276736 0.100395771135623 0.132034915715838 0.209872570160594 0.177324688930309 0.116730151606289 -9999 -9999 -9999 -9999 -9999 -9999 -9999 -9999 -9999 -9999 -9999 -9999 -9999
0.0617670337262514 0.0368644412556847 0.00297942309208167 0.0313172163863216 0.00192683836101069 0.0881618308740419 0.0634769307035705 0.0548338172072984 0.10107534481501 -0.0945454469560578 -0.0337767181341238 -0.0662195687598047 -0.0243077530976338 -0.0962649885513688 -0.0152428236366225 -0.0776353251565721 -0.104152088960143 -0.143606757684746 -0.134470596892185 -0.142742399673198 -0.139273447578405 -0.0563088919695037 -0.039229348056659 0.0903809119251485 0.131940510974009 0.162995044091742 0.0153407235082888 0.0412860752674526 0.0356103952123896 -0.0062800905487112 0.0476614378109598 0.111936161597857 0.221297711391225 0.22557129273698 0.0867253530904598 0.222602430222977 -9999 -9999 -9999 -9999 -9999 -9999 -9999 -9999 -9999 -9999 -9999 -9999
0.0393727853795584 0.0938468569680792 0.0389705721944308 0.0165098734487798 0.03297527370816 0.112559155725825 0.106229904193892 0.0776000889431011 0.113046185592962 -0.0491610704993897 -0.0390079778493012 -0.0341907949643954 -0.0244327493423128 0.0050511005058746 0.0141334752398805 -0.0196781404212668 -0.110612254278319 -0.125641752614928 -0.141756322485867 -0.168143602535384 -0.12631727444707 -0.0560737477059418 0.00410854706567186 0.0426596418569334 0.159942255807542 0.145420780295319 0.0244557684945579 0.00502703010995445 0.0328448057137287 0.0023180919226679 0.0599689148588585 0.100905874787312 0.138253250036793 0.197765285610394 0.17049737828516 0.230443331270605 -9999 -9999 -9999 -9999 -9999 -9999 -9999 -9999 -9999 -9999 -9999 -9999
0.0548768607595726 -0.00969703578166251 0.0944296659822471 0.00944505821211368 0.0762909053932577 0.12117849829731 0.0871063116243212 0.0894434844489587 0.101673935705686 0.0288971698613428 -0.0466322553395851 -0.0631864923608584 -0.0306336422703142 -0.0198628332588643 0.0215259995546497 0.00183142680716085 -0.0456387833596595 -0.135163701201987 -0.161156634449574 -0.128720448494105 -0.0810169053224243 -0.0689018068246532 -0.0144987139005052 0.0991409976498705 0.175106539128723 0.142513897084573 0.0281251656851338 -0.0238874685314854 -0.0383092388027718 -0.0417658500851109 0.0575040021545938 0.0202376214644216 0.111462931273884 0.192758622679226 0.171928551754413 0.246563809955754 -9999 -9999 -9999 -9999 -9999 -9999 -9999 -9999 -9999 -9999 -9999 -9999
0.0160149344382174 -0.0784837705868506 -0.0181561600163559 -0.0374085857438147 -0.01184550021169 0.0989555335932624 0.0620725892054756 -0.107854112358111 0.0459071055991525 0.041449676372718 -0.0418325485746655 -0.0822273209092251 -0.0668791701095675 -0.049074232226329 -0.0240243641307966 0.0528804231515602 0.0122406534317472 -0.00182453601060499 -0.0740430626078017 -0.0631018597692541 -0.0260768995310477 0.03093490318472 0.100282656068749 0.173321394522262 0.18833089807189 0.0660223722308081 0.0509080753433855 -0.0238177677149253 -0.0552715538623615 -0.0136365714817671 0.0104129691277744 0.0651368182558582 0.0570554457979645 0.195198478388517 0.18363575713836 0.106103153991992 0.121791869019481 -9999 -9999 -9999 -9999 -9999 -9999 -9999 -9999 -9999 -9999 -9999
-0.108429433827417 -0.122163544697719 -0.0412675674035952 -0.080335971434426 -0.146399359427471 -0.0365408584308066 -0.0287346945326662 -0.0543085669093578 -0.00666246339626321 -0.000405817370774554 -0.0488103778436794 -0.0875738161530316 -0.0743794570936759 -0.0757060273518469 0.0198199108038425 0.0654355647720258 0.0189323479745314 0.0556944407386945 0.00212972294506064 0.124543064051655 0.115965642555123 0.0834936722432205 0.138539177266004 0.1659479998263 0.149079648621585 0.0829328828397339 0.0905803313463878 0.0165962721371037 0.00760211377975943 0.0448669813004568 0.0478750377627508 0.11051152419576 0.127521114689014 0.175326635809069 0.153923469333722 0.0844535045366173 0.121409845001175 -9999 -9999 -9999 -9999 -9999 -9999 -9999 -9999 -9999 -9999 -9999
-0.15988376970472 -0.110242450881543 -0.149575268648678 -0.144151080468196 -0.140395829259809 -0.100753791109369 -0.0500080535991822 -0.0158698339476827 -0.0209257988540179 -0.0374487611643356 -0.0405133987626247 -0.0919917814135097 -0.0791921096637489 -0.0699210288536107 0.0137448491618395 0.016111747831129 0.0608853271580983 0.148542124869032 0.155861082970437 0.165729934123755 0.13135464333922 0.0796261456455339 0.111296168531969 0.0984944090553009 0.126521691261604 0.110743561912312 0.0850720623031452 0.119287129059164 0.0407117010758087 0.0847822761693991 0.144224224139834 0.148935925058544 0.130922568836787 0.19650063576338 0.167222949204188 0.0566636260676191 0.109932635722923 0.0957178165673531 -9999 -9999 -9999 -9999 -9999 -9999 -9999 -9999 -9999 -9999
-0.15838923741521 -0.214825639363296 -0.138255470734569 -0.161774712516702 -0.197826036225026 -0.135786239059601 -0.0972871455108898 -0.0648596761528794 0.0698294208513874 0.122668141872866 -0.00795557032832382 -0.0317715576667354 -0.022848764275655 0.0138814125642076 -0.00545132100978085 0.0364077858744867 0.0676753019962738 0.176788173876809 0.209281371445318 0.173655106110937 0.156294732381192 0.0656952332985462 0.0982402935733737 0.0742705402491142 0.154466602648574 0.126062094209453 0.164785906370312 0.14048687468489 0.13865042724171 0.187037021075525 0.257391734974534 0.174204915283594 0.199861294059785 0.156412151491427 0.115222545663905 0.0664317665530902 0.0964035847177109 0.0800753976953098 -9999 -9999 -9999 -9999 -9999 -9999 -9999 -9999 -9999 -9999
-0.190142003296523 -0.25961361907647 -0.222178963573197 -0.154440649825572 -0.189787597853627 -0.177717705530963 -0.107893006480656 -0.021716692048324 0.162694415037898 0.167288128889435 0.100410262542377 0.0300089076742536 -0.0248249966845824 0.0400671544431954 -0.00377248263230056 0.00961700114979908 0.0791335448240403 0.156922074904256 0.17967850966511 0.131094019532321 0.126945740664041 0.0504654396609012 0.0711641782216604 0.0747021346721512 0.122854922330788 0.200473483868278 0.217753959697762 0.264539799752583 0.273928096427628 0.322443129897098 0.409917180177545 0.256956477780801 0.339192950692461 0.153164955133482 0.10849544957558 0.100199062440764 0.117865010487486 0.114302612593069 0.126366656687147 -9999 -9999 -9999 -9999 -9999 -9999 -9999 -9999 -9999
-0.162563596764382 -0.17734466538017 -0.171557634868332 -0.228280701152727 -0.171638910953107 -0.168941335692487 -0.0784632318388469 -0.0152676253388119 0.213709232439122 0.267421141264307 0.123661836692124 0.0398549153462522 0.0532541670819362 0.116343112023965 0.108731062930229 0.129602006692547 0.17143996944897 0.242841718542982 0.191596749272075 0.13446982427356 0.100563926561164 0.247987312816654 0.0733797437794016 0.119024191801071 0.145422526033719 0.167880713217856 0.204803384509067 0.221757575232401 0.288623356232264 0.370995875172044 0.378304260018897 0.296949980637356 0.235045511351964 0.200452873111788 0.13625433324475 0.165553065522806 0.0966959728213149 0.128671180497556 0.167583840803795 -9999 -9999 -9999 -9999 -9999 -9999 -9999 -9999 -9999
-0.167620642912011 -0.139618147774596 -0.221401634855509 -0.138885716239962 -0.162822291095103 -0.120000782732361 -0.122898919163089 0.00989613257588861 0.233811240082153 0.215833391245547 0.143251847973949 0.102056879503782 0.156809480820875 0.124419925333503 0.153552594259481 0.272463078549125 0.216651569105058 0.253521666887131 0.224482402752473 0.167856449829793 0.157566259730062 0.235704679697282 0.0851410755382715 0.172775058654625 0.124158516807984 0.116976843244928 0.200771162569457 0.178109990194345 0.222110144647256 0.319358882125264 -9999 -9999 -9999 0.179454425271164 0.250124469720601 0.225551204233859 0.159521491898549 0.155502935091205 0.226475971011222 0.244229623907999 -9999 -9999 -9999 -9999 -9999 -9999 -9999 -9999
-0.143686273793361 -0.113889415026829 -0.0959382519726147 -0.127709838499225 -0.094492601184881 -0.0553600422617352 0.19265583891508 0.0916033249311416 0.160065982202375 0.117096757571545 0.0768826926360376 0.0966609093999637 0.222081535523857 0.159074319372395 0.174683171138512 -9999 0.233934267718434 0.168237855031008 0.198993183948295 0.118744488647493 0.156027019645231 0.177881575646421 0.16095690594473 0.183600854623091 0.125021918172883 0.0752491733390804 0.0864995254555443 0.0661874749137508 0.161854416420752 0.144610663954758 0.339625456757226 0.433677648484084 0.312038943495463 0.23258259850323 0.226696383807498 0.242042726188343 0.20345937826599 0.297334234166778 0.307266967855556 0.252714687889214 -9999 -9999 -9999 -9999 -9999 -9999 -9999 -9999
-0.205782817994107 -0.0589461980768684 -0.0230498701809868 -0.0609958651833598 -0.0805336074865452 -0.0313259991543062 0.140104196427583 0.131606181575373 0.214543616712823 0.169978986184084 0.10652702823744 0.197864369565591 0.211743528661295 0.205278854343894 0.222825450438436 0.197785276189149 0.282743091733886 0.140397244936859 0.142992383343039 0.129611119747559 0.158628439871291 0.187766311888522 0.13533969339886 0.093734672785869 0.026664417642716 -0.0231629865482601 0.00940127539410914 -0.0298583111769445 -0.0134578870456085 0.154497589485182 0.221966762652351 0.370356056578662 0.363575907700464 0.265240136010959 0.361232115101723 0.277677381254166 0.261699529340789 0.305349973486211 0.339583918721901 0.348537401782791 -9999 -9999 -9999 -9999 -9999 -9999 -9999 -9999
-0.187766142276816 -0.126367274584843 -0.00611657040695255 -0.0305357539432147 0.00836626732971838 0.0100756994887262 0.102350347423266 0.123742057588402 0.0852853183538012 0.0999932848281419 0.0869155489905567 0.126346793082615 0.215738649312172 0.219949989521027 0.258761223352562 0.129414170666604 0.0864611019467367 0.0812033360841599 0.148604949456892 0.180878692568671 0.11020013150587 0.123100013894486 0.169614903771623 -0.0246906930524117 -0.078091759737971 -0.10796672062735 0.0449162643782117 -0.106925089857726 -0.0782699163303965 -0.0142206463422713 0.0845389642240825 0.268802271168567 0.313955806010885 0.315937112661679 0.419367560947033 0.338677162430843 0.3004261825117 0.255946267526189 0.298958158195706 0.298797187148462 -9999 -9999 -9999 -9999 -9999 -9999 -9999 -9999
