data/rasters/s2.04.07.cu.5_xyz_08_.asc
NCOLS 100 
NROWS 100 
XLLCORNER -4 
YLLCORNER -4 
CELLSIZE 0.08 
NODATA_value -9999 
[rows 63 to 83 of 100, columns 0 to 47 of 100]
-9999 -9999 -9999 -9999 -9999 -9999 -9999 -9999 -9999 -9999 -9999 -9999 -9999 -9999 -9999 -9999 0.0924658118530937 0.0712457526701266 -0.00925325430230774 0.00865750625291293 -0.0090932617759955 -0.00155697591855839 -0.029864250294099 -0.114858351233185 -0.0667910390760367 -0.0204882593608368 0.0388152780913062 0.0654001634701989 0.0803736024352581 0.180094562009598 -9999 -9999 -9999 0.00231185563734302 -0.0141761649355423 -0.160075381459731 -0.216282872736207 -9999 -0.0809656662811707 -0.128608265003438 -0.209959172473486 -0.260205843394755 -0.191127763375134 -0.141745478589292 -0.0260945372952995 0.0893131862795558 0.148337028381421 0.157931718327281
-9999 -9999 -9999 -9999 -9999 -9999 -9999 -9999 -9999 -9999 -9999 -9999 -9999 -9999 0.259957681767843 -9999 0.0852715759682828 0.0950926384215622 0.0778307643949347 -0.0104742432566379 -0.0423469619709875 -0.0188901425944211 -0.0185426324661984 -0.161231187948834 -0.0995658730451561 -0.0225898003838736 0.0422351607295518 0.0482314478247761 0.113242928572321 0.152942778876712 -9999 -9999 -9999 -9999 -0.0389874436859186 -0.150910429534534 -0.189351573170951 -0.244127693887157 -0.114691583375505 -0.163661771542866 -0.195351262879842 -0.236819473382242 -0.0673283576275992 -0.0687380525335096 -0.0333054427966857 0.00137899618546454 0.191473304509954 0.0447220010888545
-9999 -9999 -9999 -9999 -9999 -9999 -9999 -9999 -9999 -9999 -9999 -9999 -9999 -9999 0.14714138591684 0.227244645874098 0.201700757632263 0.102470236648907 0.00780539961351222 -0.0469379835047576 -0.0537216071844184 -0.0734339170195941 -0.0855229480315598 -0.115220034936676 -0.10053733685306 -0.0394003510471824 0.031030291430913 0.0651593530452859 0.195652950392039 0.171584638615311 0.150757611215793 -9999 -9999 -0.00683137522324893 0.015764742150881 0.027144341327921 -0.246220847219764 -0.275543298565233 -0.19099761608896 -0.145552318675527 -0.163457372130041 -0.074323104268939 -0.073983110228972 -0.00584767718441343 0.0196155298969386 0.069695478148011 0.0891805865336893 0.0444250319916228
-9999 -9999 -9999 -9999 -9999 -9999 -9999 -9999 -9999 -9999 -9999 -9999 -9999 -9999 0.15428885657489 0.191630849127203 0.176617637638772 0.117440406061711 0.16439677109596 0.00284266964656172 -0.00985174304908765 -0.0264727236651362 -0.0369059025462546 -0.0538662227215271 -0.0285365898235321 -0.0242570746533757 0.163564079725992 0.185082252052386 0.268886545439281 0.279894599587278 0.381774439548296 -9999 -9999 0.167179249919554 0.100719950313743 -0.190835106263014 -0.231282496315611 -0.24667133555303 -0.17693774381408 -0.118202712653252 -0.19979045610521 -0.138769615006119 -0.118630865557677 -9999 -9999 0.0520497747389016 0.131835555242162 0.0423029407499172
-9999 -9999 -9999 -9999 -9999 -9999 -9999 -9999 -9999 -9999 -9999 -9999 -9999 -9999 -9999 0.138106664336289 0.0441003394732333 0.137344864598988 0.0946688884441386 -9999 0.012680471595004 -0.0169811689716339 -0.0627287762695104 -0.0630488144111944 -0.0730494833064294 0.0307007592943116 0.0377816818726272 0.280105093798259 0.305206412511281 0.329202432729743 0.349694970944523 0.326584589041252 0.301405340501102 0.232110990726785 0.169973949208668 -0.161209255337812 -0.150542440293941 -0.229481363804857 -0.183608466519695 -0.0758005574200445 -0.195652084904952 -0.106771910020542 -0.116629540266897 -9999 -9999 -0.0109298080577516 0.0325080434636941 0.0233211215162704
-9999 -9999 -9999 -9999 -9999 -9999 -9999 -9999 -9999 -9999 -9999 -9999 -9999 -9999 -9999 0.358832124940153 -0.034260893429376 0.0277953414129651 0.174092495159227 0.0766074802682253 0.0434355249209966 -0.00579820074323532 0.0627133067301715 -0.0213238705945708 0.0149628281470551 0.0467922398727176 0.225339373072132 0.295912011094959 0.357028063268722 0.394464919252858 0.359510236226367 0.427535203556158 0.310067344175775 0.155446809141941 0.0624693569054216 0.135030402247354 -0.166797212626592 -0.142320108144816 -0.153442755845496 -0.10806735130025 -0.102833162975266 -0.029288295200721 -0.027142615154728 -0.0298236273867167 0.0136369177338448 -0.0354617699709233 -0.075130119033155 -0.0331734878416744
-9999 -9999 -9999 -9999 -9999 -9999 -9999 -9999 -9999 -9999 -9999 -9999 -9999 -9999 -9999 -9999 -0.061389736570602 -0.0848318447312597 -0.0061107975611307 0.0298228332738213 -0.016881629729671 -0.0190107064137274 0.0859406221888307 0.0975464356179549 0.077292682194538 0.101170417773187 0.221346781891185 0.36290064056838 0.362831995293392 0.364720524919166 0.470632380887218 0.341623985079777 0.311305034449098 0.330351783449067 0.106376131502699 0.0793591735897222 0.0287765865814546 -0.0156809367113968 -0.122848936414322 -0.1216066299738 -0.0903818179761848 -0.0381750679749922 0.0144412578768387 0.0268671960520708 0.0316839579305886 -0.011753773709326 -0.0745732323814504 -0.0890564075882584
-9999 -9999 -9999 -9999 -9999 -9999 -9999 -9999 -9999 -9999 -9999 -9999 -9999 -9999 -9999 -9999 -9999 -0.141972043361243 -0.0879243100124445 -0.0205625220818222 -0.0563632267081013 0.0618941090374363 0.129118926809535 0.143660732845586 0.17845212519178 0.196585557922281 -9999 -9999 0.317196264509586 0.368918429019802 0.452481561298884 0.324152190835224 0.364287038474764 0.224252517139996 0.184334992019991 0.0682295205135248 -0.0132984259251997 -0.0138134778669047 -0.0676235022104484 -0.0722122466872756 -0.00776242803218923 0.0769873297236661 0.107834687086725 0.0615029556049137 0.060374011267018 0.116677193497341 0.0868289632032717 -9999
-9999 -9999 -9999 -9999 -9999 -9999 -9999 -9999 -9999 -9999 -9999 -9999 -9999 -9999 -9999 -9999 -9999 -0.148430663024463 -0.131609284571746 -0.0359637615931464 -0.0503731512207745 0.0590107376576752 0.141198730083087 0.218460728894918 0.177595977943589 0.182915832690793 0.262499131452008 0.232345841121792 -9999 0.495499424259082 0.403201104297303 0.365024325766278 0.405803557823961 0.202836287297116 0.174776988639341 0.0330531692329593 0.0335272053589407 0.0635502016381975 0.00341124205481735 -0.0202193698126006 0.0748427691336361 0.212959398092308 0.190415145033333 0.155183533182521 0.114885590809918 -9999 0.0619146609609937 0.0766543794035384
-9999 -9999 -9999 -9999 -9999 -9999 -9999 -9999 -9999 -9999 -9999 -9999 -9999 -9999 -9999 -9999 -9999 -9999 -0.101570440264401 -0.0959446499722655 -0.0349928592140487 0.0322422248478022 0.126025511798733 0.202198685579967 0.224072202442196 0.210106405343192 0.268922976471679 0.254631711378115 0.245774812400397 0.332119066413979 0.39317602336986 0.27635392688599 0.238121738931624 0.196693661395539 0.179550369817691 0.0469661845684806 -0.0104155466929803 0.0970541797863387 0.0942866219861618 0.1238687260111 0.0959496966614059 0.242617115892817 0.329316006587358 -9999 -9999 0.179674085363029 0.165508895407947 0.116128606144419
-9999 -9999 -9999 -9999 -9999 -9999 -9999 -9999 -9999 -9999 -9999 -9999 -9999 -9999 -9999 -9999 -9999 -9999 -9999 -0.0929104460468085 0.00442633483809435 0.0420939893987425 0.181595837320407 0.174298147193274 0.243873076964242 0.227349748665505 0.215276658328785 0.180694093727897 0.137731254756779 0.289994804704472 0.371866933792166 0.31573975692485 0.214749390019363 0.195898400858937 0.31502928494183 0.0446030810935362 0.069140926914238 -9999 0.0710270267462957 0.140080215867908 0.262495544129305 0.17894118358294 0.144826378554884 0.122512623773527 -9999 0.228866796109248 0.129461759370571 0.137414983420083
-9999 -9999 -9999 -9999 -9999 -9999 -9999 -9999 -9999 -9999 -9999 -9999 -9999 -9999 -9999 -9999 -9999 -9999 -9999 -0.0551495867736014 0.0149927294699365 0.018321091649719 0.0817088421696389 0.176578773782016 0.206636852614963 0.209900759272721 0.170009491704274 0.167356887689473 0.110625191971754 0.199455199988763 0.306759967687894 0.253150779276601 0.314353030844945 0.159081123843204 0.0916469222968158 0.074175393318311 0.0895435565676064 0.145665122769672 0.160986555615797 0.0642429468722522 0.0948605372384252 0.0792648168204615 0.0843085601863741 0.0475098994590891 0.0226025256607936 -9999 0.135494352766256 0.144636110465794
-9999 -9999 -9999 -9999 -9999 -9999 -9999 -9999 -9999 -9999 -9999 -9999 -9999 -9999 -9999 -9999 -9999 -9999 -9999 -9999 -9999 -9999 0.0357266062218811 0.111379975773062 0.23896440433678 0.249661118918885 0.154201274156312 0.225271507707405 0.191084610679171 0.208985905825283 0.248630216620003 0.214416691250605 0.202506121306213 0.286983627950497 0.133571433927852 0.102844347049857 0.0788019219991109 0.120594279302673 0.0919119826447297 0.118511376897776 0.168602940712101 0.0191935164781582 0.0190828715965653 0.0284895594367505 0.0399910230023711 0.027103287810147 -0.0189471919761154 0.119585090462189
-9999 -9999 -9999 -9999 -9999 -9999 -9999 -9999 -9999 -9999 -9999 -9999 -9999 -9999 -9999 -9999 -9999 -9999 -9999 -9999 -9999 0.0317129832617031 0.0595341111278285 0.103381078784365 0.184196212730523 0.20801874351465 0.18916043530869 0.145235041927593 0.148706698930105 0.246191084973021 0.257760696920451 0.215529014958205 0.370466698825814 0.187431842765629 0.13917995522743 0.136931238025116 0.147293964673261 0.223502415247316 0.20610661584058 0.162445192905172 0.123642189739043 -0.0458931802825145 -0.112015356095627 -0.077545151749614 -0.0858157650407176 -0.0349089665706179 -0.00576255407065744 0.117412181086864
-9999 -9999 -9999 -9999 -9999 -9999 -9999 -9999 -9999 -9999 -9999 -9999 -9999 -9999 -9999 -9999 -9999 -9999 -9999 -9999 -9999 -9999 0.11126927528864 0.168760701484454 0.202624603184467 0.219587042713994 0.258827601895219 0.136494669764897 0.124119165136565 0.118836568102712 0.149087225748709 -9999 0.382616952915886 0.206444646837737 0.178209740210988 0.255630117152489 0.302202969358556 0.251163924516906 0.215898555254685 0.114119835508013 0.0411668448534725 -0.0641445018235112 -0.133505139148383 -0.134153396852753 -0.0648658329821021 -0.069068987575188 0.0325786750726256 0.0303636866198092
-9999 -9999 -9999 -9999 -9999 -9999 -9999 -9999 -9999 -9999 -9999 -9999 -9999 -9999 -9999 -9999 -9999 -9999 -9999 -9999 -9999 -9999 -9999 0.183287630387952 0.201817427492185 0.240209996723049 0.260220031639906 0.326571010416353 0.12438211690173 0.0935768496330806 0.0910591967801995 0.117474748483917 0.122854809019042 0.090658744986356 0.178700422999769 0.190311403215934 0.396243842187739 0.320325947857274 0.180266488449194 0.150740453486941 0.144486033967537 0.0235322664293135 -0.119301759422637 -0.131727846704175 -0.0654245736046536 -0.017456833804257 0.0866177792645987 0.0555832431563076
-9999 -9999 -9999 -9999 -9999 -9999 -9999 -9999 -9999 -9999 -9999 -9999 -9999 -9999 -9999 -9999 -9999 -9999 -9999 -9999 -9999 -9999 -9999 -9999 0.198080346756385 0.17600086242747 0.07081381506147 0.0696710095674033 0.111961462893241 0.0707826824027745 0.0646227581743923 0.0853989428928279 0.129339590530742 0.1504290110268 0.249217176369963 0.323087867846875 0.338601377868825 0.329027653275785 0.305396568238262 0.521128011614133 -9999 0.111780752437304 0.023584638908994 -0.00472553403066943 0.0335666310126236 0.015592839143308 0.0697187876323147 -9999
-9999 -9999 -9999 -9999 -9999 -9999 -9999 -9999 -9999 -9999 -9999 -9999 -9999 -9999 -9999 -9999 -9999 -9999 -9999 -9999 -9999 -9999 -9999 -9999 -9999 -9999 -0.00450553722031131 0.0336522758454896 0.0777599147062273 0.0145505315655915 0.0846557154446343 0.0368444199796918 0.0728099100141912 0.132472417112541 0.180839924077544 0.178093493903764 -9999 -9999 -9999 -9999 -9999 -9999 -9999 -9999 0.0105682454540722 0.0523380424064342 0.101125865564311 0.0580177157260256
-9999 -9999 -9999 -9999 -9999 -9999 -9999 -9999 -9999 -9999 -9999 -9999 -9999 -9999 -9999 -9999 -9999 -9999 -9999 -9999 -9999 -9999 -9999 -9999 -9999 -9999 -9999 0.107649741406612 0.14848634595193 0.33625499323637 0.276636462825346 0.0141161081978593 0.0589313820044332 0.106987202283056 0.284227772297767 0.231814243571054 0.186571507466961 -9999 -9999 -9999 -9999 -9999 0.107323390875916 -9999 0.0981262348749716 0.104382881614956 0.164709678027987 0.108177334294165
-9999 -9999 -9999 -9999 -9999 -9999 -9999 -9999 -9999 -9999 -9999 -9999 -9999 -9999 -9999 -9999 -9999 -9999 -9999 -9999 -9999 -9999 -9999 -9999 -9999 -9999 -9999 -9999 0.769525176154793 0.368223390099008 0.473028552685248 0.0902252407672072 0.125875109689408 0.177209887861595 0.182655536165507 0.201950341344173 0.189993955284681 0.318252334440701 -9999 -9999 -9999 -9999 0.187147108397346 0.16010617300149 0.371882375776614 -9999 0.189221474805109 0.187010465841378
-9999 -9999 -9999 -9999 -9999 -9999 -9999 -9999 -9999 -9999 -9999 -9999 -9999 -9999 -9999 -9999 -9999 -9999 -9999 -9999 -9999 -9999 -9999 -9999 -9999 -9999 -9999 -9999 -9999 -9999 0.636349709161375 0.549910732384544 0.138927574718894 0.199475645469896 0.294434190579098 0.280830193221051 0.289338396397613 -9999 0.119777997499886 0.104956035013943 0.178939589399096 0.203568827321106 0.221123144776407 0.159060680812202 0.251162328139821 0.218842990002474 0.0315165432812903 0.014416281188606
