data/rasters/s2.04.07.cu.5_xyz_08_.asc
NCOLS 100 
NROWS 100 
XLLCORNER -4 
YLLCORNER -4 
CELLSIZE 0.08 
NODATA_value -9999 
[rows 21 to 41 of 100, columns 48 to 95 of 100]
0.0397004088779841 0.065566275120403 0.0786354479048706 0.0749057011795174 0.225233740925874 -9999 0.229268915703421 0.201734786632506 0.192800593440799 0.178848591828794 -9999 -9999 -0.107259324775781 -0.119260617170514 -0.146077116360901 -0.16126590879699 -0.143005745473535 -0.0886179707943354 -0.05233013623177 0.0823281508094062 0.177073533636704 0.177077886389135 -9999 -0.012352405352598 -0.00297583689945052 -0.00828884660799357 0.011931030753337 0.13208833746949 0.163791479598687 -9999 -9999 -9999 -9999 -9999 -9999 -9999 -9999 -9999 -9999 -9999 -9999 -9999 -9999 -9999 -9999 -9999 -9999 -9999
0.20123019095051 0.131315533555544 0.0809797693168061 0.063914277888173 0.148683240582387 0.151078159589077 0.224731827899094 0.224166370005325 0.214393966040102 0.23010875288448 -9999 0.0243542135927782 -0.0214401501638276 -0.136317206214679 -0.182426691694486 -0.174241781032928 -0.140530817828284 -0.10771469110757 -0.0393892994332175 -0.0450981808389973 0.101825723849881 0.12862934685828 0.119922459814714 -0.0644452041673764 0.100275609396072 0.100637431094268 0.0912426288360866 0.231583552120909 -9999 -9999 -9999 -9999 -9999 -9999 -9999 -9999 -9999 -9999 -9999 -9999 -9999 -9999 -9999 -9999 -9999 -9999 -9999 -9999
-9999 -9999 0.157310039541476 0.0977318632499288 0.0806641907515586 0.124556995974358 0.106863798303601 0.148352505017074 0.168229821067673 0.171302563866562 -9999 -9999 -0.0249866055131145 -9999 -0.168425265864162 -0.145757690910816 -0.0860369749376198 -0.0829489610333908 -0.0925916856008671 -0.0916356415119479 -0.0187163774127455 0.0276353798825003 -0.0145583488823269 -0.109609748947939 0.230663419268628 0.0905689056094583 0.150306948645832 0.114132522755726 -9999 -9999 -9999 -9999 -9999 -9999 -9999 -9999 -9999 -9999 -9999 -9999 -9999 -9999 -9999 -9999 -9999 -9999 -9999 -9999
-9999 0.125508452792173 0.106784288493884 0.090129949356983 0.119664980996583 0.0291048784158664 -0.0406703740060477 -0.00344660544545602 0.0930387541822262 0.144974071943451 0.178103851922263 0.129884116834339 0.0726869251443979 0.0516309345324779 -0.0875737515190934 -0.0805676735725148 -0.0631539797864776 -0.10625794217527 -0.152644687872643 -0.0707068618783253 -0.0987174178065452 -0.105067034002821 -0.15138895560328 -0.150820032484265 -0.158141519469306 -0.00038979270019467 0.0420278794370042 0.0345196799046557 0.0542748381066003 -9999 0.153615210351259 0.198439382088564 -9999 -9999 -9999 -9999 -9999 -9999 -9999 -9999 -9999 -9999 -9999 -9999 -9999 -9999 -9999 -9999
-9999 0.0118616930727542 0.0518950745524856 0.0276727897883186 0.0323889156352061 0.022219521871083 -0.0910536777391724 -0.0616787921109907 0.0655746004096049 0.125172867474804 0.0874226510809993 0.0964032078929034 0.046394776333782 -9999 -0.0670936431388427 -0.134813539476282 -0.110958626780023 -0.128683610090706 -0.191993628632218 -0.20560900682866 -0.0907162706155854 -0.182159082416252 -0.218487330085355 -0.176993496652782 -0.113793595742367 -0.0732441672088549 -0.0323818064790558 -0.0388908221295158 -9999 -9999 0.0556633117861239 0.188074680793189 -9999 -9999 -9999 -9999 -9999 -9999 -9999 -9999 -9999 -9999 -9999 -9999 -9999 -9999 -9999 -9999
-9999 0.0800851934474671 0.0284231994163575 -0.0292347267358652 -0.0627667423300898 -0.11151493829393 -0.111134134634999 -0.0577661003717307 0.00754988427033862 0.0675446186335059 0.0470779121006458 0.0679801746888759 0.0667767211157455 0.064301375364024 -0.0313850978727359 -0.125902040457375 -0.14032386261145 -0.0994782921214932 -0.170794235102568 -0.172925454126928 -0.265731687705046 -0.274314912446114 -0.219860452747635 -0.239493629260161 -0.226506020619299 -0.139003336979269 -0.00892801136334306 -0.0336220517855322 0.0548754034918753 0.00663423176592802 -9999 -9999 -9999 -9999 -9999 -9999 -9999 -9999 -9999 -9999 -9999 -9999 -9999 -9999 -9999 -9999 -9999 -9999
0.207088295470604 0.100139362998356 0.145775541550592 0.0320169386648909 -0.0474744107560836 -0.054928666746089 -0.0858668965901332 -0.0711719989462931 -0.0277654153679572 0.0653219923673356 0.112624908640097 0.107365096635332 0.0974358502223918 0.0765069363206246 0.0665494139829975 -0.075016033940424 -0.172638963751886 -0.229187075782683 -0.233579973918694 -0.183914786870488 -0.222502090520196 -0.323147258907116 -0.306033520461977 -0.258982266585393 -0.191032156356133 -0.165186242665747 -0.134223249925721 -0.0373537231377212 0.0299508070764837 -0.00814068578914977 -9999 -9999 -9999 -9999 -9999 -9999 -9999 -9999 -9999 -9999 -9999 -9999 -9999 -9999 -9999 -9999 -9999 -9999
0.0921086249728906 0.0217370568624734 0.0254349424139378 0.00179368545632833 -0.039413207593985 -0.0457628728063721 -0.0738861167235496 -9999 -0.0306199125910545 0.119091655974533 0.184054047669027 0.0983258977103808 0.13955456855101 0.144493197908514 -0.119906266780068 -0.171496966003087 -0.197165259415363 -0.202343253641047 -0.186472099321959 -0.21533368901825 -0.283409782118582 -0.19949128351844 -0.280701615033358 -0.253813131734567 -0.14718132566812 -0.124762145831838 -0.0931210961409389 -0.0411501745614437 -0.0394726928972382 -9999 -9999 -9999 -9999 -9999 -9999 -9999 -9999 -9999 -9999 -9999 -9999 -9999 -9999 -9999 -9999 -9999 -9999 -9999
0.0378218869128292 0.0673348553326964 0.0494403350308879 -9999 -9999 -9999 -9999 0.0104729032005673 0.120819608335683 0.0619351719605422 0.0225085869906255 0.0937098958035653 0.0167224507257875 -0.00624481956007175 -0.059035342760667 -0.135875339724114 -0.109151606895234 -0.147748621074298 -0.254304337857713 -0.294199202708128 -0.317043190768716 -0.247551491421795 -0.161665405496309 -0.136027230696762 -0.277376926997643 -0.00998256051235846 -0.0526187033026064 -0.0759965308947948 -9999 0.0684584877857509 0.0871211919019654 -9999 -9999 -9999 -9999 -9999 -9999 -9999 -9999 -9999 -9999 -9999 -9999 -9999 -9999 -9999 -9999 -9999
-0.0111546344491041 0.0948742539691692 0.12087290168083 -9999 0.0438901780874875 0.0285753374532704 -0.0314240203717987 0.00103305571673417 0.0335173140286944 -0.0352686039706013 -0.0675286171307663 0.024946796141162 -0.0520280294335098 -0.064519298019649 -0.0771007518154488 -0.0896873509361419 -0.0494509179216729 -0.0504894251534499 -0.212534585763034 -0.242066779540769 -0.28707036800787 -0.285997419912044 -9999 -0.226661024584889 -0.162691947441987 -0.101126085116394 -0.0360355353383751 -0.0901878904820034 -0.0708159742875209 -0.000361730381070877 -0.0228395852695965 -0.0497123667848739 -0.0260392674617226 0.00103192231192925 0.00132214443005668 -0.00616381535053213 -9999 -9999 -9999 -9999 -9999 -9999 -9999 -9999 -9999 -9999 -9999 -9999
-0.0431754111168228 0.0282697053642426 0.0299251293188366 0.0645244232273095 0.098053501204926 0.0751781310802955 -0.0133786835013675 0.0838806633957754 0.101032553867009 -0.0827843972931987 -0.164093425261427 0.0192426511034323 0.0248177306721923 0.0253766109705053 -0.0399629762203232 -0.0701583035417941 -0.0585647424469885 -0.0753535245154879 -0.147658521140696 -0.212099273539667 -0.233928895891807 -0.199857951651346 -9999 -0.166884562186752 -0.16204355590297 -0.105307616732747 -0.0274619064491238 -0.00805702556351189 0.0314592635568567 0.0319979392090543 -0.018242680462265 -0.0223425851840145 0.0421394998831535 0.053994103576774 0.00993241174231234 -0.0446805052153642 -9999 -9999 -9999 -9999 -9999 -9999 -9999 -9999 -9999 -9999 -9999 -9999
-0.048943880424998 0.0216271802351779 0.0862501096265181 0.10059490544295 0.119240524684828 -9999 -9999 0.203014651932133 0.133049501313593 -0.0233942054005006 -0.128685769517355 -0.0461351360380916 0.0024444940462902 0.0370113326171538 -0.0591123678501252 -0.0867025086862869 -0.10585523164946 -0.0441342085013802 -0.0685458723349364 -9999 -0.248285610871721 -0.261673987981344 -9999 -9999 -0.158824703017431 -0.16213407748791 0.0893504037667155 -0.00637571770538026 0.12128382661152 0.138596698288105 0.0426333850449129 0.127562139033062 0.110564111098315 0.115284074186584 0.0700797768426537 0.0970229100701048 0.0651656482765113 -9999 -9999 -9999 -9999 -9999 -9999 -9999 -9999 -9999 -9999 -9999
-0.0197112988658255 0.0870894161924109 0.158200671148593 0.18206739142991 0.164061700013155 0.0662334684611858 0.287803710772131 -9999 0.20360578358107 0.051189193448461 -0.0552369063419275 -0.0583709341201152 -0.0825765740366099 -0.0458591668177635 -0.0367656398916222 -0.0306404514068667 -0.074212130602318 -0.0739244692089622 -0.0637974101383964 -9999 -9999 0.0442624897918537 0.0411422769851108 0.0767612528809601 -0.0442045836933609 -0.152122667697232 0.16770644101324 0.184356355326845 0.216372220160887 0.246482470280373 0.239028788386758 0.223802889048627 0.161093575538763 0.135087674126743 0.10722020252398 0.0907316797970747 0.132157250888435 0.156829804060543 -9999 -9999 -9999 -9999 -9999 -9999 -9999 -9999 -9999 -9999
0.042546858009032 0.13780163434828 0.141264058134404 0.205425986198155 0.169152970878538 0.076210253264079 0.0320261692911375 -0.0329196104430465 0.145051253604411 0.0503999499559921 -0.0307162990626429 -9999 -0.06061922884378 -0.0686278223663487 -0.0687192024674282 -0.0618808793910723 -0.0131732374464201 -0.0025610532779137 -0.0458956398609227 -9999 -0.103737127253576 0.00180726819477491 0.0609601566646804 0.118485669363341 0.148134510033717 0.161457837419553 0.202585979853362 0.267256698033939 0.328453186550598 0.255467748850531 0.233124004179409 -9999 -9999 -9999 0.205684955528551 0.231747506510081 0.16766308281328 0.186644603380556 -9999 -9999 -9999 -9999 -9999 -9999 -9999 -9999 -9999 -9999
-0.0503439522360323 0.0064773235120707 0.109739207489749 0.228608455234528 0.333409510324047 0.229894508888248 0.140379075097624 0.0240429506988901 0.0981073811967023 0.0817694989194258 0.0538426908203593 -9999 -0.0734916036911975 -0.0752379794921395 -0.0158285569190105 0.200770674964387 0.0190567919048991 -0.0278086219585834 -0.065095229780735 -0.0896632399625965 -9999 -0.0404663467028068 -9999 -9999 0.193960627417644 0.165123538880153 0.17151794662372 0.217684424995218 0.190361414784489 0.308663222727762 0.246461796729605 0.132953184357213 -9999 0.157249768976191 0.112053751894787 0.285030328629409 0.395396484640626 0.32715003022735 -9999 -9999 -9999 -9999 -9999 -9999 -9999 -9999 -9999 -9999
-0.0451602184204532 0.12003638525378 0.107991544782931 0.205717803610326 0.265489127406095 0.302567451037296 0.290945259976119 0.059590245170006 0.105925908889302 0.0948934307165806 0.136223373837023 -9999 -0.0370358094494813 -0.00171577573021713 -0.0351740496115166 0.0831107804257159 0.246559494132148 0.0229794264865591 -0.0561549957412439 -0.0782073928168183 0.0148902787637824 -9999 0.138444441759971 0.152014909670727 0.169775921998208 0.133808110825641 0.136328564781338 0.17438826134567 0.218044978110238 0.228153937874168 0.198955731521717 0.165122076380617 -9999 0.113219074261811 0.206277389090833 0.261215948426887 0.0640305009652681 -0.0230568804163499 -9999 -9999 -9999 -9999 -9999 -9999 -9999 -9999 -9999 -9999
0.0805534754486682 0.0931746934097731 0.183014188431138 0.155895597057114 0.222029678607278 0.0815450870189348 0.125086749090576 0.16116828703256 -0.0111591064517394 0.0303664650176831 -0.00321171804012557 -0.0300836736723379 0.0439701064852149 0.0190331126825128 -0.00860888821538188 0.0118092647212276 0.0344385187840371 -0.0471233845013808 -0.0667487470029828 -0.0679582375440011 -0.0101358887492213 0.0287485185369824 0.138206588501315 0.178563457736235 0.176483608777926 0.149522015963216 0.168930045138623 0.18237965439615 0.150809517585397 0.175304103660508 0.0263514866201151 0.0332872637434911 0.00993308050839923 -9999 0.0723428626007484 0.0617016604132747 0.0821223301010816 -0.0152070967059457 -0.0805945652107174 -9999 -9999 -9999 -9999 -9999 -9999 -9999 -9999 -9999
0.183694309155637 0.263924048892462 0.241672094608226 -9999 0.177971581077339 0.0260261954878575 -0.0881865532883675 -0.129460989636906 -0.103051174411614 -0.0941309425195222 -0.0839453049570961 -0.0510142815684169 -0.076998377318652 -0.0401858080789799 0.00740986301759954 0.0344235309203472 0.090838955888868 0.197633148251008 -0.0297459757076732 0.00319979191284853 0.0504659248637028 0.134431051847035 0.14111674201271 0.178574655076926 0.134394950696329 0.0912515412168275 0.0748188713739989 0.0985205885000629 0.0215005184581981 0.0247866631643853 -0.0113361516739949 0.0253527092204978 -0.000844979763489528 0.0530626739348242 0.0278128201675755 -0.00899546662682148 0.0204583392263435 -0.0393267069976143 -0.0897437904223348 -9999 -9999 -9999 -9999 -9999 -9999 -9999 -9999 -9999
0.213897321771008 0.255813441783035 0.217730293610968 -0.109219116839314 -0.131402721513261 -0.163812089650847 -0.152378126830451 -0.185844571278766 -0.166115300536702 -0.170164634180368 -0.129686346556982 -0.084359008760768 -0.0860394233772975 -0.042284636348783 -0.00756857115393087 0.023823668994341 0.0625640974470614 0.104207133110114 0.175428684955813 0.0747036257182167 0.143246847334785 0.234938164024839 0.177820278620634 0.145612808182135 0.161798714177855 0.145080269833739 0.10313499614315 0.127864069297248 0.0577751525136786 -0.0410241115005758 -0.0553386128457854 -0.0681709476578498 -0.0464729601870754 0.0584103643411453 0.0196558468053486 -0.0235586645383025 -0.0662393412639122 -0.0957046175555815 -0.0483356368176215 -0.052706362394618 -9999 -9999 -9999 -9999 -9999 -9999 -9999 -9999
0.133446475498621 0.149982264411835 0.0645589698965854 -0.11836206267594 -0.188532051201054 -0.228627350561481 -0.195304782280764 -0.192054091112796 -0.212490661282344 -0.187087091283704 -0.194808841119102 -0.127474003412841 -0.0728734845500404 -0.0997340026287796 -0.100196353871289 -0.0285613833836088 0.0773480417775536 0.123324205039644 0.086016277116185 0.0933072383970861 0.155537071141944 0.301499944368953 0.27519420560329 0.0687910413257904 0.22882779730259 0.190299867211575 0.146307343883593 0.118263950321865 -0.00358743681183703 -0.0357005021377148 -0.0125756422157412 -0.0521708791020459 0.0039332242241322 0.0594403486933775 0.0188576896147418 -0.0875072224781458 -0.0715533114304384 -0.0512682436132852 -0.0452896034348781 -0.0794304013238036 -9999 -9999 -9999 -9999 -9999 -9999 -9999 -9999
0.0586008840914162 0.044929605267864 -0.0274300570548565 -0.108115356644614 -0.25040815441259 -0.298458952249765 -0.284544013806173 -0.270947223252885 -0.244153905649352 -0.246173191693285 -0.222735414317109 -0.192976559666503 -0.126786497821731 -0.17421016274856 -0.114880320641291 -0.0915948756911807 0.0125726867267773 0.0900682419858258 0.0291486506250351 -0.00337907284875213 0.157565069319883 0.184974085238955 0.130256342711469 -9999 0.235741242467929 0.248461116075474 0.275370036073867 0.124625466583357 0.0386108044662452 0.0319262011677992 0.0271480012955381 -0.0169379012648525 0.100262525371925 0.0692462399409827 -0.0108944716127977 -0.0539851451763566 -0.00341869199932963 -0.0320168770361165 -0.00852031216361986 0.0184738507679571 -9999 -9999 -9999 -9999 -9999 -9999 -9999 -9999
