data/rasters/s2.04.07.cu.4_xyz_08_.asc
NCOLS 100 
NROWS 100 
XLLCORNER -4 
YLLCORNER -4 
CELLSIZE 0.08 
NODATA_value -9999 
[rows 21 to 41 of 100, columns 0 to 47 of 100]
-9999 -9999 -9999 -9999 -9999 -9999 -9999 -9999 -9999 -9999 -9999 -9999 -9999 -9999 -9999 -9999 -9999 -9999 -9999 -9999 -9999 -9999 -9999 0.17365875249771 0.208309439701363 0.187934758479125 0.127666599987425 0.122014432196286 0.0709434288090022 0.0530469024876249 0.0569255487462717 0.134165830487828 0.19622262640921 0.253425859366978 0.296620544926105 0.278154749407797 0.141277755958043 0.0892473292926724 0.0727650038166733 0.0885396978770459 0.0297922135774673 -0.0544288636806883 -0.209018727638748 -0.235951098897576 -0.235205824845562 -0.289083467760985 -0.333110258870216 -0.343042195995206
-9999 -9999 -9999 -9999 -9999 -9999 -9999 -9999 -9999 -9999 -9999 -9999 -9999 -9999 -9999 -9999 -9999 -9999 -9999 -9999 -9999 -9999 0.113813906751985 0.126831057990608 0.170985627976341 0.163441426308333 0.295819146446153 0.129276255993333 0.0476419439348472 0.0508629128467035 0.0533107550656682 0.0957767738661285 0.0783420725161496 0.214509588813164 0.257397840412204 0.259000501487717 0.122291901347374 0.0652903186465068 0.013928840251159 0.00653794013430065 0.0521538143901771 -0.0626070487232872 -0.0403704472509705 -0.253860613031897 -0.211763785166295 -0.294801472313088 -0.354516560214407 -0.369050747872297
-9999 -9999 -9999 -9999 -9999 -9999 -9999 -9999 -9999 -9999 -9999 -9999 -9999 -9999 -9999 -9999 -9999 -9999 -9999 -9999 -9999 -9999 0.132174468630549 0.15166628107685 0.190150829643316 0.137682388604333 0.180254226886828 0.152800169545843 0.0499202520474565 0.00521519612734071 0.00697915027886334 0.00747248157268547 0.101560250914477 0.173616817574322 0.136112403978531 0.139079054422585 0.0658276463134742 0.0289905365965844 0.0123992407174182 -0.000354634408380581 0.0429448569408585 -0.0938509850489012 -0.216142128776037 -0.297409333184517 -0.251237470555974 -0.28328280979227 -0.322236207697163 -0.34106652803789
-9999 -9999 -9999 -9999 -9999 -9999 -9999 -9999 -9999 -9999 -9999 -9999 -9999 -9999 -9999 -9999 -9999 -9999 -9999 -9999 -9999 0.0813157274694134 0.10877289821526 0.0318188508864201 0.17642961557375 0.161004938277153 0.144899544432256 0.0753248568207388 0.012999612689653 -0.0193195065084276 -0.00759575167855263 -0.00404744136334003 0.155044919865754 0.129838731411667 0.0488962689250627 0.0289610984019662 0.00153769406661319 0.00356087612538043 -0.0801157268680976 -0.0813945046708061 0.0162562779232109 -0.00957863496521941 -0.173393268776376 -0.208518825956014 -0.241722654401058 -0.287900631275743 -0.29885206656785 -0.321315479167099
-9999 -9999 -9999 -9999 -9999 -9999 -9999 -9999 -9999 -9999 -9999 -9999 -9999 -9999 -9999 -9999 -9999 -9999 -9999 0.191404083042657 0.0458429282917951 0.147514578954246 0.101794887653174 0.162381113255377 0.214905405202206 0.153782513085572 0.179844707059216 0.0617885189953312 -0.0111714847712779 0.00029580601901893 0.00663199402648447 0.040802868796288 0.11130639601183 0.123243860930288 0.0528260161809897 -0.0474234803127139 -0.082899127148768 -0.101415812959401 -0.146965577797953 -0.0365385175135416 -0.0569365919829662 -0.089730695884945 -0.0524645301412604 -0.127701731045885 -0.252710228011631 -0.175986647957745 -0.212888451748204 -0.251362568599948
-9999 -9999 -9999 -9999 -9999 -9999 -9999 -9999 -9999 -9999 -9999 -9999 -9999 -9999 -9999 -9999 -9999 -9999 -9999 0.0929427977673182 0.113580869890304 0.272845935184251 0.244882017989025 0.294874449613093 0.220647904420219 0.261655792281796 0.175903744704321 0.0550439225515232 0.0750858402176431 0.0397739878305421 0.0131923970521469 0.0394932182296839 0.131001175565702 0.118827905231318 0.025084344112138 -0.0593464875935075 -0.117587284068625 -0.135396136794276 -0.197734416863602 -0.160460454652459 -0.165518292187663 -0.157154694900799 -0.164417494638926 -0.1579700964053 -0.0711374502364401 -0.140920984568046 -0.156282284775407 -0.0752140897248841
-9999 -9999 -9999 -9999 -9999 -9999 -9999 -9999 -9999 -9999 -9999 -9999 -9999 -9999 -9999 -9999 -9999 -9999 0.206404995635741 0.207738195512229 0.26563645655321 0.272553944279187 0.311791963175573 0.295882169154057 0.3446126548965 0.246102960432914 0.170621461370192 0.0838247139087452 0.0753084826925532 0.0346997353880494 0.086980212787998 0.0639504362070395 0.0959396655463237 0.0879166407668914 0.024347985216021 -0.0866924547003566 -0.16655894707525 -0.199876747520166 -0.19063808443296 -0.181130430163272 -0.166611234741185 -0.132774493048722 -0.168015812484307 -0.162364617304044 -0.0701305769525062 -0.0924762952046273 -0.0608032988726749 -0.0406673599194365
-9999 -9999 -9999 -9999 -9999 -9999 -9999 -9999 -9999 -9999 -9999 -9999 -9999 -9999 -9999 -9999 -9999 0.257532361479767 0.260920280818995 0.385045445715643 0.318238634276558 0.272554556012911 0.30830241839253 0.376413254632191 0.389836457392747 0.328626694283051 0.219871993707159 0.201819168026687 0.183631655410556 0.152483462628657 0.1472629597379 0.0653945949820276 0.144686974751267 0.112512051332745 0.0736667138336185 -0.0453720949133281 -0.182628331018821 -0.216192969431507 -0.232940442749275 -0.205664247944231 -0.173290406505102 -0.11527962211475 -0.158200552712632 -0.15066253187456 -0.0375214975265793 0.051672633433252 0.0188768317028578 0.0610683212365051
-9999 -9999 -9999 -9999 -9999 -9999 -9999 -9999 -9999 -9999 -9999 -9999 -9999 -9999 -9999 -9999 -9999 0.21227094698309 0.264057459610414 0.266060305725909 0.240952752950178 0.221764816507669 0.322876361140577 0.323030704984881 0.305747601349382 0.318952667808232 -9999 0.204465759866485 0.178785134174411 0.158221179478209 0.202357684262767 0.154405791887258 0.157769942897369 0.14793886697727 0.0104224253074056 -0.0500593107168443 -0.127837083136221 -0.163219994595886 -0.163130039371934 -0.196057122332442 -0.152957375660089 -0.131036418089025 -0.15012180503795 -0.132631584497156 0.00511292144892095 0.156456685416128 0.0652657479331663 0.0905277225926518
-9999 -9999 -9999 -9999 -9999 -9999 -9999 -9999 -9999 -9999 -9999 -9999 -9999 -9999 -9999 -9999 0.187705103727412 0.21604081289725 0.290666018655401 0.267400187482252 0.238599573367395 0.236692354119151 0.337025841855416 0.332569858102325 0.281002098305544 0.30003631184544 0.159707019033651 0.184557314610878 0.145265439674783 0.0856397659215933 0.0763625499216243 0.116124720704911 0.117309309281322 0.106922923156357 0.0393780970027948 -0.0287561569092596 -0.0447485392324155 -0.146911391673172 -0.155019495790017 -0.181267049789641 -0.171111268365604 -0.138170951112215 -0.108716298740464 -0.0656714734817781 -0.00502601612415707 0.17701743933004 0.105424749821774 0.131726205012318
-9999 -9999 -9999 -9999 -9999 -9999 -9999 -9999 -9999 -9999 -9999 -9999 -9999 -9999 -9999 -9999 0.199130131060436 -9999 0.204035454556497 0.291889281314882 0.288300109796644 0.25738240148705 0.280480406397124 0.246477727829768 0.217736305071032 0.241130283095757 0.148976585460492 0.120535447367211 0.030342318215468 0.00742429263223782 -0.0136990817346898 0.0194465344684093 0.0730097097104689 0.10370785086797 0.0952639427853739 0.044440693330997 -0.0164005102708274 -0.0737999371570437 -0.139746371324663 -0.0895948265139062 -0.197604780100044 -0.143094049920325 -0.0817904976101273 -0.0268590869699497 -0.00580563723490019 0.0673151459985242 0.125292629018871 0.130332486794269
-9999 -9999 -9999 -9999 -9999 -9999 -9999 -9999 -9999 -9999 -9999 -9999 -9999 -9999 -9999 0.0629317946599781 0.0762839504833206 0.110357850306053 0.113821438513138 0.178471414124104 0.300920488939171 0.195790478313902 0.21340745752375 0.218515695307145 0.202893000841901 0.182249079583124 0.151542244750353 0.112184138083423 0.0378857577155422 -0.0167351840050582 -0.0673216947625785 -0.0216647352037721 0.0222825715385331 0.0552955955000197 0.104561716230725 0.0359598634283487 0.0194900553769848 -0.0294459691954801 0.0287219394506027 -0.00950061659153938 -0.0174271874511029 -0.103424733559979 -0.0231317663175694 0.0191983546757138 -0.0488955938851586 -0.0518657658718343 0.0392364455995495 0.0288476034107234
-9999 -9999 -9999 -9999 -9999 -9999 -9999 -9999 -9999 -9999 -9999 -9999 -9999 -9999 0.0193993993573454 0.00556042856810118 0.0105888528393106 0.0531111332241185 0.0654423674257169 0.105041085033834 0.137053047975434 0.169697887650661 0.218465308958349 0.21433597061036 0.201239935491053 0.213466275517571 0.151622290831136 -0.0102234466637339 -0.00568492079937939 -0.0827027823005689 -0.105353565568569 -0.0966046221719111 0.0287717121207737 0.0360794863095775 0.127096947459649 0.13664894802878 0.171406463441349 0.187152027284602 0.00543182344697258 -0.00788848542646048 -0.121303705298487 -0.127882466534857 -0.149041946433442 -0.114841934595582 -0.0754446400446287 -0.0508423323292985 -0.0597750189541164 -0.0649024274733177
-9999 -9999 -9999 -9999 -9999 -9999 -9999 -9999 -9999 -9999 -9999 -9999 -9999 -9999 0.0180518100271851 -0.00850547044303327 -0.0066461878041325 0.0311678596588347 0.0351003239727144 0.0271148872494978 0.0821592622573308 0.104224069858796 0.176272741798303 0.203541784173627 0.208758654514525 0.215036388460149 0.156626231816 0.0727292352377615 0.0197579169657936 0.0756236185497615 -0.0755705806026525 -0.0409268075273254 0.0133983151607319 0.0594936536136774 0.0833586299820268 0.159466192650454 0.280211366680374 0.228834210665706 0.0633783595118283 -0.126999198170851 -0.229566392373039 -0.235815894221038 -0.254725755232137 -0.244448020316771 -0.0473453508435824 -0.175664150095607 -0.202816436476261 -0.14085157216951
-9999 -9999 -9999 -9999 -9999 -9999 -9999 -9999 -9999 -9999 -9999 -9999 -9999 -9999 0.00509628129957806 0.00793720201275688 0.00477272005912881 0.0213624904367791 0.00168819980099599 0.0277869148190987 0.0711716519785052 0.149882606542354 0.110750280333687 0.139015759217587 0.15365309062282 0.124969458025089 0.125186702229618 0.144175860063611 0.0824322559639536 0.02471601682154 -0.00266623608411605 -0.0122886531395837 -0.00256947562432344 0.0453851542803673 0.10955135990479 0.168152327404414 0.230541990492369 0.267216003227945 -0.0593844385662869 -0.11946328915609 -0.254649045106001 -0.324207190824894 -0.294769917190046 -0.342239831732256 -0.186304632693575 -0.288097066445155 -0.288095556900889 -0.214036475522403
-9999 -9999 -9999 -9999 -9999 -9999 -9999 -9999 -9999 -9999 -9999 -9999 -9999 -0.0280397681930785 -0.0224683987110834 -0.0147109816469271 -0.0315491446051579 -0.0406685098579463 -0.015465219322731 0.000195004782846626 0.00666930572204563 0.00589111520319889 0.0710474465673287 0.115557842897339 0.118369176390081 0.0654360969686307 0.124781031729444 0.122611012825579 0.0661456199455875 0.0582635512576229 0.0151056819324742 -0.00128505904966589 -0.0131699585025343 0.0180627701340991 0.0336816121469998 0.111646402720554 0.122188847593809 -0.00417488836654906 -0.119412152169963 -0.164811341225995 -0.301927790360452 -0.328040233357191 -0.337556052470791 -0.375996697103625 -0.326298592958413 -0.293616670266373 -0.284084554062547 -0.266200827791309
-9999 -9999 -9999 -9999 -9999 -9999 -9999 -9999 -9999 -9999 -9999 -9999 -9999 0.0195457106189899 -0.0105668863731681 -0.0378435710943845 -0.069889105104988 -0.0564271888020849 -0.0307199753198054 0.0072103815392501 0.127704309000449 0.0481666234236752 0.0729155035489297 0.0941984323344366 0.0570948914843424 0.0627592347930654 0.100590827711868 0.0928993146027701 0.0531197521750216 0.0503071567022927 0.104305708384829 0.0767045837466198 0.0366715698387713 0.0120394995772289 0.000322666356831553 0.0422389079071627 0.106649818302956 0.0506659117758369 -0.144806056176236 -0.252968034873797 -0.313299904829745 -0.324656068950395 -0.355924543791272 -0.368701811113654 -0.33802967490163 -0.28935018474408 -0.257338729341315 -0.195728467546791
-9999 -9999 -9999 -9999 -9999 -9999 -9999 -9999 -9999 -9999 -9999 -9999 -9999 0.0277159013717608 0.0296755648975727 -0.0335211241086166 -0.042720214369876 -0.0632468306887398 -0.00900414412197662 -0.0156640163079295 0.057664524069017 0.0602372218488626 0.0800584591965007 0.0962358503264651 0.0386710003484677 0.0203376963317358 0.0256349559300392 0.069662171648689 0.0916596291894825 0.0809408640053479 0.081801712904145 0.0458031709178929 0.0271960462581682 -0.0183364709312128 -0.0438027409205691 -0.0447939896869169 0.0306170696113387 0.0230355311375952 -0.11171041718618 -0.218302828159601 -0.27460148695834 -9999 -0.351806446678699 -0.363536259511662 -0.325110698537745 -0.292394165520543 -0.261722694569385 -0.23333504655022
-9999 -9999 -9999 -9999 -9999 -9999 -9999 -9999 -9999 -9999 -9999 -9999 0.127899270482019 0.0849631884348146 0.0283505553941742 -0.00869823678477594 -0.0333925256448611 -0.0293186323135113 0.0156215204130037 0.0241713719947776 0.0430576046046715 0.0588938379733558 0.112746491113433 0.0901820646130928 0.0493532996807565 0.0151312734855077 0.0362348224102445 0.0791951625856305 0.148077235533915 0.184715580877745 0.12611582020089 0.0745042989096803 0.0346380538571727 -0.0211290310878499 -0.0461783292646135 -0.022242334293515 -0.00467111091760938 -0.052030181602833 -0.137329452772252 -0.216167713840076 -0.320562915257569 -0.357935007836351 -0.374239285722087 -0.388510812546551 -0.295791259054581 -0.240785158337038 -0.273447060811091 -0.222313813482249
-9999 -9999 -9999 -9999 -9999 -9999 -9999 -9999 -9999 -9999 -9999 -9999 0.19310056829628 0.183310281359951 0.0740160326730601 0.0954650343467383 0.0407130748543387 0.0155794926666419 0.134825555566585 0.0751182178556392 0.0706440676970798 0.105770344167992 0.161773106797959 0.160405232917601 0.0858509036857117 0.0642836124875249 0.0822861687747155 0.142357849162848 0.275872332351106 0.234830652288201 0.206236232205819 0.0783106419703111 0.0754067873169932 -0.0341399625232169 0.0103931058541271 -0.00915567376078918 0.0346561330020923 -0.00523155804207091 -0.0672723479281084 -0.258070055101135 -0.313876595226139 -0.286664698884453 -0.317556262222393 -0.339975409885233 -0.328110718206324 -0.26364173715269 -0.205631556513366 -0.197915230096371
-9999 -9999 -9999 -9999 -9999 -9999 -9999 -9999 -9999 -9999 -9999 -9999 0.292047659752644 0.236027444959523 0.184656069641407 0.18671024723003 0.105326356927038 0.0928442798052916 0.178918399559817 0.111466852200366 0.0892143707184529 0.142944055085511 0.20654517687789 0.135135774000676 0.0895241162580308 0.135708733596365 0.190038322105292 0.221224689900671 0.29683138243936 0.42418437139573 0.256613634334004 0.189715932198775 0.0990914256353741 0.101134074312475 0.18537669625839 0.0631149409717725 0.0497952058075216 0.0551254349522741 -0.126553001114346 -0.166866892710294 -0.289812753503631 -0.299088879885593 -0.289727807163736 -0.324639164969477 -0.331955747014903 -0.217679867828563 -0.167346342091753 -0.170875466670211
