data/rasters/s2.04.07.cu.4_xyz_08_.asc
NCOLS 100 
NROWS 100 
XLLCORNER -4 
YLLCORNER -4 
CELLSIZE 0.08 
NODATA_value -9999 
[rows 63 to 83 of 100, columns 0 to 47 of 100]
-9999 -9999 -9999 -9999 -9999 -9999 -9999 -9999 -9999 -9999 -9999 -9999 -9999 -0.291549369779973 -0.280489033887719 -0.254582407145743 -0.227553798184033 -0.254246079749602 -0.223914061326048 -0.176616564343384 -0.0899950638128676 -0.000175090921454159 -0.000882247959626056 0.0182790754106761 0.00857383117165851 -0.0582037156871012 -0.0801785842520739 -0.0945784589180023 -0.0467407410356299 -0.0437312087934478 -0.03509652071218 -0.0701440735645577 -0.109181944552731 -0.155566280371301 -0.203187850216033 -0.164948508177203 -0.126281340417851 -0.0353875923535404 0.100911974346863 0.0861064800370263 0.302739036213669 0.27650853311675 0.34198869357244 0.339818423794853 -9999 0.356300568516802 0.404342878869758 0.401270608841592
-9999 -9999 -9999 -9999 -9999 -9999 -9999 -9999 -9999 -9999 -9999 -9999 -9999 -9999 -0.313904713861059 -0.334202554718324 -0.228055340139234 -0.258036807562255 -0.282066447093462 -0.047269352471972 -0.18799616100161 -0.149439540196942 -0.0279476914806336 0.0458355219956885 0.0532644630362035 -0.0846081679634292 -0.106599408470089 -0.10150157120754 -0.0956809206751794 -0.0486905557060032 0.0291818122016916 -0.0530946547462439 -0.0968845657895307 -0.143232494655699 -0.224442075404045 -0.148552200537363 -0.0900924074051909 0.0741640642111826 0.0729539622540946 0.139760133479961 0.362397869429798 0.244875738818972 0.329819385558461 0.368606248389885 0.445147331334437 0.454311863164497 0.466389018011441 0.4633716250169
-9999 -9999 -9999 -9999 -9999 -9999 -9999 -9999 -9999 -9999 -9999 -9999 -9999 -9999 -0.218054680272774 -0.206650201221416 -0.332238959193863 -0.273159042982112 -0.294973282394772 -0.253040448170467 -0.193409017602234 -0.124046204670937 -0.0817588888294283 -0.0323156645342277 -0.0422565850208945 -0.100694406550633 -0.152004179356386 -0.125336708154322 0.110746608195788 -0.0180682893233201 0.0248277009396888 0.101789222084449 -0.0275911927104584 -0.000974671944527963 -0.0959913626954769 -0.135650180778167 0.133162087079581 0.0690563426700799 0.157440749384323 0.325323056771521 0.258714575471726 0.212350805844593 0.22084766738473 0.253482905989463 0.262784025077646 0.367945360864027 0.417095388724879 0.387387868808028
-9999 -9999 -9999 -9999 -9999 -9999 -9999 -9999 -9999 -9999 -9999 -9999 -9999 -9999 -9999 -0.288864191169763 -0.327992302720462 -0.291604318056045 -0.268160000845132 -0.253941229958801 -0.2072333708777 -0.145019292481466 -0.118490399832451 -0.106293194114842 -0.0990311195437556 -0.121270219064261 -0.174312579705579 -0.192204318279177 -0.0455858315962758 -0.000968227048670983 -0.0441364032338781 0.0105092078003312 -0.00136322434447684 -0.0699480015405414 -0.120182553328977 0.037759244471574 0.0481016887860588 0.236997153456604 0.249979591340907 0.245593134481461 0.186852578285706 0.149778476589905 0.101031773627392 0.155734545256321 0.226827975753571 0.259645511952959 0.301998705358092 0.389660420038793
-9999 -9999 -9999 -9999 -9999 -9999 -9999 -9999 -9999 -9999 -9999 -9999 -9999 -9999 -9999 -0.263949549479646 -0.23527888979861 -0.231680841210778 -0.202592406242353 -0.207174908358122 -0.141062292374575 -0.166260640326078 -0.141787746299626 -0.154106283478747 -0.124463826361586 -0.178804682928544 -0.186297859876749 -0.185112153595231 -0.174512259249071 -0.148571180489567 -0.0762369300719 -0.0479874111886368 -0.0462490870156333 -0.0804455501287031 -0.0973191203703973 -0.00727401866707858 0.0225376562382743 0.0660042635280916 0.162567099382722 0.188055483764402 0.109238263743905 0.0841558161708218 0.146406590653561 0.0865698110045446 0.219803008209241 0.307189537176426 0.154884565143442 0.368345341386108
-9999 -9999 -9999 -9999 -9999 -9999 -9999 -9999 -9999 -9999 -9999 -9999 -9999 -9999 -9999 -9999 -0.224975469915651 -0.19302713921021 -0.15735213229607 -0.141954249959922 -0.135473672883824 -0.122900735136797 -0.177482593726179 -0.223461806468374 -0.189672347291237 -0.150937740122241 -0.202857680744364 -0.189100026517603 -0.169235042162609 -0.155561586736439 -0.0902733169785001 -0.0406996425346129 -0.0195177832613144 0.023849474053384 -0.0432445100900704 -0.0477949107646894 -0.0243239236978129 0.0576672190825976 0.0236787321844443 0.0845484729408374 0.0553435328262272 0.0315470321166123 0.040693910332714 0.0394803705466731 0.0920157257311269 0.140141628966142 0.100436817926917 0.176006831118523
-9999 -9999 -9999 -9999 -9999 -9999 -9999 -9999 -9999 -9999 -9999 -9999 -9999 -9999 -9999 -9999 -0.146694459271305 -0.0957464003862458 -0.0670595866838984 -0.111571686553239 -0.144527578350664 -0.176962064562136 -0.25918322729741 -0.263324306320317 -0.314075434460919 -0.247298334201186 -0.171877119563472 -0.166140067477668 -0.156533704267346 -0.120961359932179 -0.0712716359631754 -0.074593555223787 -0.0819888596661973 -0.102577577326796 -0.126976285911835 -0.109263285595987 -0.0691773371624484 -0.040728227142793 -0.0296182535402971 0.105274248170746 0.078480881848418 0.00978992126229444 0.00818616497716708 0.0611816214462647 0.0624877943312446 0.0960436015697613 0.0517093257049965 0.109818262700672
-9999 -9999 -9999 -9999 -9999 -9999 -9999 -9999 -9999 -9999 -9999 -9999 -9999 -9999 -9999 -9999 -9999 -9999 -9999 -0.128681941085144 -0.168838368583034 -0.177953146216095 -0.175333474220114 -0.294842801310768 -0.332667102402313 -0.220147559392262 -0.230285119032943 -0.202313214034388 -0.208038312574088 -0.0492368690110495 -0.089794602614613 -0.140177293218541 -0.158078152378899 -0.156018922268825 -0.193348128782946 -0.16480187372617 -0.130248172652759 0.269425608266995 0.0810530050959758 0.14108564569416 0.127904605715524 0.0598656022474053 0.014596336853949 0.0484597208642091 -0.00164340168101315 0.0739638320987801 0.0342073453302599 -0.015778811879169
-9999 -9999 -9999 -9999 -9999 -9999 -9999 -9999 -9999 -9999 -9999 -9999 -9999 -9999 -9999 -9999 -9999 -9999 -9999 -0.138435627255691 -0.184863370524905 0.0260519791070121 -0.324862914130915 -0.317804118073768 -0.324882715895728 -0.283670570990619 -0.282071518454421 -0.26764215827748 -0.152977479605298 -0.0410939404418609 0.0628575669575392 -0.110823963818965 -0.15929023748864 -0.152325432679378 -0.1992738585681 -0.216803813612811 -0.12638485526974 0.0755410530338245 0.0321686058503297 0.13935623260973 0.0693253646983063 0.0604313994700706 0.0446104517374642 0.00481539740457616 -0.0906409485104963 -0.069829142416638 -0.0772753784764955 -0.088582438197764
-9999 -9999 -9999 -9999 -9999 -9999 -9999 -9999 -9999 -9999 -9999 -9999 -9999 -9999 -9999 -9999 -9999 -9999 -9999 -0.160495134336761 -0.209127721487782 -0.0725330376207564 0.100479272380068 -0.287010015519306 -0.294585794112642 -0.249694678862672 -0.239668553385625 -0.15939170938379 -0.127094211746847 -0.096187335344054 -0.00759600839594335 -0.00759108415140482 -0.126828726142935 -0.160527844778369 -0.189837466400363 -0.158806587331282 -0.125343991772598 -0.00903143525925399 0.0597585029166224 0.0919487567393866 0.0819331420948863 0.0392023936352483 -0.00488275373348927 -0.00751546455264887 -0.11037340652033 -0.136601684756638 -0.14008102006612 -0.13343123123905
-9999 -9999 -9999 -9999 -9999 -9999 -9999 -9999 -9999 -9999 -9999 -9999 -9999 -9999 -9999 -9999 -9999 -9999 -9999 -0.170417238959946 -0.181968525599338 -0.10397148946607 -0.287787746659666 -0.271130992775614 -0.258535172556165 -0.290462211619936 -0.213044448827887 -0.249166557561042 -0.126381667106223 -0.0940235000913291 -0.00149366114534044 -0.0391183109033799 -0.115860134772499 -0.120036167495838 -0.21105759819981 -0.191345639896468 -0.174286634890747 -0.0509119097524263 0.0639037107449953 0.129518371715173 0.11700045261521 0.0402643786222041 0.00626462339629493 -0.0656231131413246 -0.125033747505227 -0.185016456556166 -0.187630071477132 -0.131332927189784
-9999 -9999 -9999 -9999 -9999 -9999 -9999 -9999 -9999 -9999 -9999 -9999 -9999 -9999 -9999 -9999 -9999 -9999 -9999 -0.150917058505529 -0.138177207570922 -0.110715977115351 -0.210722330814258 -0.256409743869194 -0.228965846332934 -0.274486974690307 -0.151314873642476 -0.110013928379362 -0.0883614035389076 -9999 -0.0178555635491061 -0.0420253059112561 -0.058591252972136 -0.0807623066712146 -0.255073584399858 -0.2160658970144 -0.215660506656489 -0.168321629456749 -0.208288763519627 0.151355473526904 0.107602575292835 -0.0259943012673356 -0.0595020612784564 -0.156687638231995 -0.177627078701086 -0.203130715025598 -0.246673262092889 -0.0304549297206934
-9999 -9999 -9999 -9999 -9999 -9999 -9999 -9999 -9999 -9999 -9999 -9999 -9999 -9999 -9999 -9999 -9999 -9999 -9999 -9999 -0.0625540895095862 -0.0345002974131077 -0.168960865778747 -0.243076113845377 -0.182546425786569 -0.115212254535096 -0.0788390595958432 -0.0744859751808071 -0.0411422499197906 -0.0163317114128876 -0.0411013179152036 -0.220765409788563 -0.0829829252138739 -0.0218169348281573 -9999 -0.2807457141887 -0.249569350623676 -0.260697483439796 -0.232241502785257 -0.0466150056831613 -0.0349461383275642 0.0229488750750796 -0.0429705188698295 -0.233387408636747 -0.178316873339097 -0.18332934810971 -0.229868157588615 -0.0736156031652358
-9999 -9999 -9999 -9999 -9999 -9999 -9999 -9999 -9999 -9999 -9999 -9999 -9999 -9999 -9999 -9999 -9999 -9999 -9999 -9999 -9999 -0.0436797008818615 -0.0787118573864529 -0.148505981233825 -0.14043544792188 -0.0272277187768485 -0.086580337971758 -0.0889053141722749 -0.0533526051727306 -0.0309926276888961 -0.0401860034945772 -0.0963611450515814 -0.219087392162263 -0.12117780207536 -0.183916424877445 -0.251983330926511 -0.327213020739148 -0.199186925137497 -0.158690546327552 0.0138511550149687 0.0327817284960426 -0.0403035598692515 -0.0638536622036927 -0.130038387005675 -0.128041606908662 -0.187375684349989 -0.201521656135403 -0.227891954422315
-9999 -9999 -9999 -9999 -9999 -9999 -9999 -9999 -9999 -9999 -9999 -9999 -9999 -9999 -9999 -9999 -9999 -9999 -9999 -9999 -9999 -9999 -9999 -0.0542475555278722 -0.118888687930941 -0.111629372455269 -0.0891902469980633 -0.0999339983063985 -0.0797199909352201 -0.0117256651656611 -0.0398226754636385 -0.00580401398467171 -0.253362513455918 -0.308083270006949 -0.257097818743409 -0.277025719262892 -0.352009854118462 -9999 -0.262851002698359 -0.223015370404184 -0.0513203378763497 -0.053855711739376 -0.0992240286312444 -0.127680658840587 -0.13256380152363 -0.184933019037242 -0.251595397327151 -0.206424372682974
-9999 -9999 -9999 -9999 -9999 -9999 -9999 -9999 -9999 -9999 -9999 -9999 -9999 -9999 -9999 -9999 -9999 -9999 -9999 -9999 -9999 -9999 -9999 -0.0269700561810664 -0.0654216132974732 -0.131698693272034 -0.116499450938849 -0.167124972068072 -0.131846298315719 -0.0140241997661102 0.0558245334151982 -0.0643922251878801 -0.335619285857499 -0.335527399376799 -0.341397663035941 -0.291472655595991 -0.316190633818428 -0.267631727763026 -0.24763946191777 -0.224312742697912 -0.199630819078357 -0.149571257372497 -0.139055246816991 -0.132948857424235 -0.107559483596038 -0.139713577895917 -0.192707913964246 -0.174287918983138
-9999 -9999 -9999 -9999 -9999 -9999 -9999 -9999 -9999 -9999 -9999 -9999 -9999 -9999 -9999 -9999 -9999 -9999 -9999 -9999 -9999 -9999 -9999 -9999 0.0338308816017071 -0.0954683624816397 -0.109638201438824 -0.175027911476589 -0.11090930026879 -0.0566808945350284 0.0209018036597392 0.0241947391908086 -0.288203669589783 -0.355682539801906 -0.362653953031381 -0.338945115370455 -0.24416293656474 -0.0977520069784714 -0.200875574202397 -0.221162654627452 -0.218199912212806 -0.215073098760683 -0.158339637946288 -0.143286382885593 -0.127780683221967 -0.0931592567245977 -0.0956041142066935 0.0374046852106694
-9999 -9999 -9999 -9999 -9999 -9999 -9999 -9999 -9999 -9999 -9999 -9999 -9999 -9999 -9999 -9999 -9999 -9999 -9999 -9999 -9999 -9999 -9999 -9999 -9999 -9999 -0.154053201214038 -0.129940257546409 -0.11855914251263 -0.113514970963832 -0.02264659240927 -0.0282088622356832 -0.067998237330322 -0.215543637081719 -0.249506141927706 -0.144260594384876 -0.32824378317886 -0.254929574397054 -0.222462615609243 -0.232597435551865 -0.165391119392965 -0.218560237410264 -0.112132030438144 -0.104855675601202 -0.132839691991494 -0.111404937578298 0.0256069597485744 0.00814266819703901
-9999 -9999 -9999 -9999 -9999 -9999 -9999 -9999 -9999 -9999 -9999 -9999 -9999 -9999 -9999 -9999 -9999 -9999 -9999 -9999 -9999 -9999 -9999 -9999 -9999 -9999 -9999 -0.129126657010438 -0.127080951724631 -0.0796234369118669 0.0492206746273945 -0.0682819634892453 -0.113851316906459 -0.141775569811599 -0.218317213780122 -0.33474327930621 -0.3248625910707 -0.275499073796682 -0.0727363694200113 -0.18647519645914 -0.107435876133774 -0.129606009032342 -0.126202419347129 -0.119690876204775 -0.136765737694173 -0.0552885182949431 0.0075445120438084 -0.0299632739160271
-9999 -9999 -9999 -9999 -9999 -9999 -9999 -9999 -9999 -9999 -9999 -9999 -9999 -9999 -9999 -9999 -9999 -9999 -9999 -9999 -9999 -9999 -9999 -9999 -9999 -9999 -9999 -9999 0.0206221125412857 -0.0138983857157609 -0.0270217713971571 -0.00960077325309968 -0.0936329357484439 -0.160056456033414 -0.227054392714471 -0.315197349981425 -0.294380796870331 -0.249640437052007 -0.17437547804116 -0.0935131357065865 -0.0619870941112877 -0.0860614693781354 -0.102250185042035 -0.132565985741402 -0.0900718589450265 -0.0764824142738593 -0.0229426111908326 -0.0509057962477401
-9999 -9999 -9999 -9999 -9999 -9999 -9999 -9999 -9999 -9999 -9999 -9999 -9999 -9999 -9999 -9999 -9999 -9999 -9999 -9999 -9999 -9999 -9999 -9999 -9999 -9999 -9999 -9999 -9999 -9999 -9999 -9999 -9999 -0.195671999272658 -0.201898039536495 -0.0781144166805804 -0.216069579617486 -0.218283054476899 -0.13570331900521 -0.0349250731138627 -0.0391943856459875 -0.0738340211806526 -0.0911500190087129 -0.100588050105651 -0.0863267201580959 -0.0384131868088292 -0.0415929589680655 -0.0473246465644549
