data/rasters/s2.04.07.cu.1_xyz_08_.asc
NCOLS 100 
NROWS 100 
XLLCORNER -4 
YLLCORNER -4 
CELLSIZE 0.08 
NODATA_value -9999 
[rows 22 to 43 of 100, columns 50 to 99 of 100]
-0.0468077890815835 -0.0463996339453455 0.0172716692848568 0.273236593088349 0.217930113970819 0.297455325162274 0.291519390823982 0.268559810130056 0.215490477565593 0.145156960309426 0.137299611778476 -0.0202745119298785 -0.0920538068489603 -0.196208757866955 -0.237797646543392 -0.242140959552511 -0.216417456303241 -0.16925314792296 -0.123633958551684 -0.0158407641881762 0.050883604887788 -9999 -9999 -9999 -9999 -9999 0.278300428329413 -9999 -9999 -9999 -9999 -9999 -9999 -9999 -9999 -9999 -9999 -9999 -9999 -9999 -9999 -9999 -9999 -9999 -9999 -9999 -9999 -9999 -9999 -9999
-0.105888081465446 -0.0209438716986892 -0.000265113038122152 0.0612830209013047 0.147913624109333 0.159374210997525 0.226969839507262 0.243627490125414 0.197795315126657 0.073520963199141 0.00840233141646087 -0.0524638296405839 -0.0691442600623399 -0.0823483523726098 -0.187397816071296 -0.2423959842468 -0.187848339226721 -0.119464830153379 -0.0592097873461957 0.0305924745389612 0.0583715281587298 -9999 -9999 -9999 -0.086412018518075 -0.0871726039992999 0.212362059740595 0.37856277520032 0.43686845250421 -9999 -9999 -9999 -9999 -9999 -9999 -9999 -9999 -9999 -9999 -9999 -9999 -9999 -9999 -9999 -9999 -9999 -9999 -9999 -9999 -9999
-0.0438779806531773 0.0216260268294104 0.0254835185338738 0.0362411582534962 0.0698926834895566 0.124218104439931 0.148505271234454 0.204581982447739 0.146762731704205 0.060511975681967 0.00982783211783341 -0.109565633645056 -0.0824413127161934 -0.0374906619754757 -0.0138382918851098 -0.0751464029008904 -0.00973224794650789 -0.0941441926626313 0.00945068536513706 0.0893028818734866 0.0620569265487888 0.16352144407775 0.316129029796554 -0.129560950336429 -0.108957017351283 -0.0954341342627797 0.0787442280727103 0.403706579037221 -9999 -0.166760268401359 -9999 -9999 -9999 -9999 -9999 -9999 -9999 -9999 -9999 -9999 -9999 -9999 -9999 -9999 -9999 -9999 -9999 -9999 -9999 -9999
-0.017943485320864 0.0730339462338578 0.10237387082301 0.135039499171902 0.212462872316137 0.16496432146582 0.329503322636229 0.161151319450808 0.0547899145416879 0.0763866876390849 -9999 -0.0833197893782693 -9999 -0.0299643067485458 -0.0756761458435932 -0.100549563135163 -0.0943654719894031 -0.0804772651591321 0.0038914056413158 0.0143863167876949 0.215391649755666 0.172356488180717 0.0527116341998506 -0.130656908464201 -0.116492494928863 -0.158465750404709 -0.193376009651052 -0.124271612574233 -0.237156941067282 -0.209155572215248 -0.188204605854582 -9999 -9999 -9999 -9999 -9999 -9999 -9999 -9999 -9999 -9999 -9999 -9999 -9999 -9999 -9999 -9999 -9999 -9999 -9999
0.0633634714470323 0.0692613347985283 0.124676986594941 0.185059230419937 0.192097704744439 0.253280323265844 0.074881698131723 0.0343438734921186 -0.0559332272233901 -0.0789146846503145 -0.0497891232810558 -9999 -9999 0.0102444119223898 -0.0220360267022233 -0.0820384227409627 -0.0625118444381186 -0.0643653054251547 -9999 0.122308147139655 0.0982947466871133 0.140000729387364 0.0081788083673069 -0.184525409916859 -0.148549018594767 -0.197812602484685 -0.199304642759063 -0.136821012002612 -0.213298364831415 -0.214878374353198 -0.138408333040038 -9999 -9999 -9999 -9999 -9999 -9999 -9999 -9999 -9999 -9999 -9999 -9999 -9999 -9999 -9999 -9999 -9999 -9999 -9999
-9999 0.0919766574968251 0.0495595816250012 0.0595907417322426 0.123263746697159 0.00547460011219944 0.0462864287810021 -0.0381050046014509 -0.0678220579225628 -0.18347029906194 -0.158991351627583 -0.121997803228624 -0.25192342198497 -0.193292638105357 -0.0428981776754521 -0.0336852592723251 0.00651226541705442 -9999 -9999 0.179560851492271 0.0775463027344726 0.143282231203296 -9999 -0.000574686839516191 -0.219984637493519 -0.280704825061057 -0.300760532676763 -0.220101880208451 -0.182709512382633 -0.265974571086058 -0.1648530914136 -0.124891261467332 -9999 -9999 -9999 -9999 -9999 -9999 -9999 -9999 -9999 -9999 -9999 -9999 -9999 -9999 -9999 -9999 -9999 -9999
0.130449613805373 0.108919388390991 0.122615229234028 0.0763503307031519 0.0530029058103946 0.0185980682094433 0.010151569763348 -0.0678539000428206 -0.159263366395483 -0.180520015886664 -0.168035366928741 -0.176652886207416 -0.266053010579969 -0.292044703096362 -0.238072438984837 -0.136154708384056 -0.141352529744884 -9999 -9999 -9999 0.0417361794785571 0.0909943292793929 0.147898735795646 -0.273550033873187 -0.257016969246784 -0.141860473461095 -0.292095488369998 -0.326732694113217 -0.37131456185977 -0.318184316125781 -0.295942151536736 -0.205712588535446 -9999 -9999 -9999 -9999 -9999 -9999 -9999 -9999 -9999 -9999 -9999 -9999 -9999 -9999 -9999 -9999 -9999 -9999
0.0998219174186646 0.0581252181268507 0.126188954290692 0.0210302722632325 0.0512677680317212 -0.00420654967191552 -0.0225504369399503 -0.0902142593783225 -0.18786301526674 -0.284048531576152 -0.203556704569329 -0.346357486966309 -0.403394581144965 -0.363973112635312 -0.338104130755381 -0.305434616156915 -0.204556567392713 -9999 -9999 -0.0314552363311286 -0.013298615681509 -0.108218865820432 -9999 -0.28706975602907 -0.270736819132824 -0.280717960760074 -0.44516137132102 -0.426449284041872 -0.437448797931683 -0.404203888061368 -0.29460070427718 -0.167381114101977 -0.142421698993454 -9999 -9999 -9999 -9999 -9999 -9999 -9999 -9999 -9999 -9999 -9999 -9999 -9999 -9999 -9999 -9999 -9999
0.128033704986575 0.0378345736086364 -0.0035409790384356 0.00199688764065933 0.0521833950983895 -0.053083060511979 -0.023540633053764 -0.0921278011397151 -0.244315342424082 -0.39731500281989 -0.366402326481489 -0.39996814747995 -0.438317818040314 -0.469061962391083 -0.342636062700393 -0.319761404774346 -0.265923486064091 -9999 -9999 -9999 -0.0193805612475325 -0.0729705681127822 -9999 -0.246784069925942 -0.419560640106403 -0.420366187728803 -0.431488825745492 -0.46227947769264 -0.458004064481893 -0.409862702127 -0.330435837156411 -0.166381923492606 -0.142713274878413 -0.117674924951701 -9999 -9999 -9999 -9999 -9999 -9999 -9999 -9999 -9999 -9999 -9999 -9999 -9999 -9999 -9999 -9999
0.0765188542234384 0.0431912777273504 -0.0134854092173359 0.0149081604921858 0.0400340434399578 -0.0878580617731563 -0.21353910174057 -0.223195650606763 -0.220928807899844 -0.406657677125405 -0.453342839501254 -0.498650554590731 -0.485478104744106 -0.485546062527487 -0.433458378384848 -0.34823002438116 -0.261829247796168 -0.0242176518805054 -9999 0.0158653615392204 -0.0243488440593739 -0.0491570371567847 -0.00972363749360072 -9999 -0.352567898061397 -0.377957080203061 -0.413596680934099 -0.444944851293625 -0.446210067952366 -0.409105822730812 -0.355643877840901 -0.292176709131446 -0.175486139230582 -0.118409737278928 -0.137283715460881 -9999 -9999 -9999 -9999 -9999 -9999 -9999 -9999 -9999 -9999 -9999 -9999 -9999 -9999 -9999
0.192136567003041 0.0788769158365486 0.067300127454261 0.0162982076439396 -0.0124086327553135 -0.0905454630233874 -0.243455172950466 -0.318137288177394 -0.341015778581371 -0.384420475941096 -0.447962277202443 -0.501814295913429 -0.514099122768184 -0.498595542807166 -0.441738617203292 -0.429555947851155 -0.368958348543836 -0.0108534591307432 -0.0445699977492127 -0.082379025227524 -0.132519153876728 -0.224285948489063 -0.0343409013609186 -9999 -0.369710030060231 -0.378493221190567 -0.39861995683142 -0.452852305550008 -0.448355591397067 -0.425024570070585 -0.384232543894536 -0.186146674172351 -0.192141610351318 -0.165708772901595 -0.139671833173053 -9999 -9999 -9999 -9999 -9999 -9999 -9999 -9999 -9999 -9999 -9999 -9999 -9999 -9999 -9999
0.271344603260889 0.193547057769172 0.0882759682167581 -0.00210920952075849 -0.0877540320869897 -0.163748255445763 -0.247501040917904 -0.280512790543632 -0.281797876655212 -0.396438284117263 -0.455825730038531 -0.512637033431817 -0.499616323296125 -0.498805822805815 -0.455618908882117 -0.388200834977251 -0.338057904002 -0.29581064399419 -0.11827091449897 -0.11518759593818 -0.24318515496544 -0.289262570793016 -0.24791474696783 -0.368934113008148 -0.33029240409446 -0.368217117736435 -0.383807814997633 -0.395319968653418 -0.415935867019248 -0.394723528305392 -9999 -0.143928451403218 -0.145927670129951 -0.11192506606058 -0.123062637526171 -0.108067550090966 -9999 -9999 -9999 -9999 -9999 -9999 -9999 -9999 -9999 -9999 -9999 -9999 -9999 -9999
0.214167900046222 0.158067017596399 0.0419616615990721 -0.0635081557286714 -0.133344593302219 -0.195420925761634 -0.244425891283833 -0.258339655341066 -0.288483905464526 -0.409162917029358 -0.402269476806283 -0.439017142817701 -0.517479062281764 -0.48798986662924 -0.359314623729311 -0.340871530439691 -0.289638902386601 -0.288644638012552 -9999 -0.110224466050125 -0.238388580921837 -0.278839990596022 -0.322070232184021 -0.325550030279293 -0.363309133885333 -0.263707445583103 -0.388344407438104 -0.40608661541303 -0.345195637298505 -9999 -0.223797430240094 -0.106365423275196 -0.0575435599687746 -0.031502476663439 -0.140552601138915 -0.183583497403975 -9999 -9999 -9999 -9999 -9999 -9999 -9999 -9999 -9999 -9999 -9999 -9999 -9999 -9999
0.1592758809058 0.0641017630613046 -0.128234136647595 -0.108485115029045 -0.159457039175883 -0.195925579458205 -0.200983216502319 -0.209536203070032 -0.280337651858128 -0.360747031291625 -0.326197992743046 -0.400396941471778 -0.476011076858318 -0.40103385190066 -0.380076749803707 -0.354067663019117 -0.304332097802303 -0.299433197450223 -9999 -0.0123578750531438 -0.0844889875602941 -0.23022631839206 -0.300645298143748 -0.296405888338604 -0.303985154039205 -0.281916891240979 -9999 -0.164420783948344 -0.166287857134124 -0.0365518939051532 -0.132307818024301 -0.0971916129645576 -9999 -0.0111141462514956 -0.132019991069146 -0.209359664185148 -9999 -9999 -9999 -9999 -9999 -9999 -9999 -9999 -9999 -9999 -9999 -9999 -9999 -9999
0.0667341267411009 0.0119293127232326 -0.150717586743966 -0.147958452800911 -0.166492852398003 -0.199275741509168 -0.208043362401264 -0.230646850022788 -0.289172807267722 -0.298230655325571 -9999 -0.372236457483978 -0.334998095509617 -0.322412765663108 -0.332240082194686 -0.289625706388213 -0.259807146341933 -0.204009578030748 -0.252572278779896 -0.212075758585182 -0.225647836118838 -0.241337279318981 -0.244831147883548 -0.237394792865719 0.0165431889291832 -0.0431139444344224 -9999 -0.24883904994962 -0.241025894205911 -0.251154176462205 -0.141954122276363 -0.0203602438901411 0.0179667325181526 -0.0158848108769031 -0.103777200392415 -0.154782893996921 -0.143753115818805 -9999 -9999 -9999 -9999 -9999 -9999 -9999 -9999 -9999 -9999 -9999 -9999 -9999
0.0148109330909405 -0.0721199455905026 -0.171010549570668 -0.199232959407586 -0.210757490226609 -0.141586776632185 -0.223696207577657 -0.233391441396844 -0.249244651255554 -0.266218889104254 -9999 -0.312229364690465 -0.29078029758648 -0.283120802269543 -0.323459839844834 -0.299472902488785 -0.220052021373101 -0.114027210973024 -0.215687683326487 -0.220147185373444 -0.217281116895697 -0.249719465362666 -0.240759625703196 -0.242820538732672 -0.194542981863365 -0.205713609044928 -0.238973899485849 -0.195166325906417 -0.222611115459317 -0.182767131954375 -0.121434869517221 -0.0527356567221487 0.0786893638988638 -0.0369987329964997 -0.0542258683729919 0.0680429966184797 -9999 -9999 -9999 -9999 -9999 -9999 -9999 -9999 -9999 -9999 -9999 -9999 -9999 -9999
0.0620601150166968 -0.0552178953791743 -9999 -0.217132812325677 -0.228951248871058 -0.22533831377085 -0.196219169903195 -0.165932100301793 -0.189986188564723 -0.198768737250357 -0.296848899601593 -9999 -0.325806519276472 -0.346508193118885 -0.356157065134019 -0.316539669935286 -0.267792343199244 -0.148882867213162 -0.0882981526716206 -0.203855230072303 -0.139938591820737 -0.222313297429129 -0.258348312937794 -0.251301917587257 -0.199081626001964 -0.179659614714763 -0.166569986243978 -0.0925868273962962 -0.0921229486087434 -0.0389796876028456 -0.0283022461052017 0.124792169378015 0.184118586245448 0.133600526602835 0.0433577245018352 0.0108510661678914 0.126967659424068 -9999 -9999 -9999 -9999 -9999 -9999 -9999 -9999 -9999 -9999 -9999 -9999 -9999
-9999 -0.0352095307326837 -0.0764957155188617 -0.142834363982586 -0.210482164486854 -0.21141581087598 -0.17166683714204 -0.162406681646629 -0.191284141721969 0.0580933688451033 -0.299230233501185 -0.335960284883443 -0.376693930847677 -0.383975944052008 -0.398893951575221 -0.394091025502912 -0.249687192725976 -0.19800400878054 -0.222429597611585 -0.234981643110235 -0.152575803766742 -0.238376078207334 -0.240370703487544 -0.220084274627976 -0.189475746317555 -0.201617417574201 -0.172557065116422 -0.0571625257966766 -0.120173510658258 0.311888844982923 0.238297439174905 0.282668923082586 0.287398101961817 0.327212483308325 0.268753740750066 0.115084599959096 0.0886404829535673 -9999 -9999 -9999 -9999 -9999 -9999 -9999 -9999 -9999 -9999 -9999 -9999 -9999
-0.0486166375284271 -0.00765632040780328 -0.0563484765093519 -0.0886089960404693 -0.124629780316959 -0.119639290118041 -0.0907133933487884 -0.123182442341301 -0.118452147413511 -0.0119375350072766 -0.30771616791278 -0.318227089029373 -0.393478517557343 -0.438868324015181 -0.458698380893992 -0.226808336323147 -0.23257466961314 -0.187882581655517 -0.179406635821783 -0.200776814068636 -0.144511508082861 -0.175440809143336 -0.194277387084066 -0.196107343240749 -0.174530353712449 -0.178254822661701 -0.168070805746074 0.085217137684477 0.305947726337494 0.225795487947869 0.269095377456669 0.336510368938967 0.343975418476777 0.319151163740436 0.309550704788508 0.188005416895843 0.178273675132068 0.30319630658479 -9999 -9999 -9999 -9999 -9999 -9999 -9999 -9999 -9999 -9999 -9999 -9999
-0.0689559039566276 -0.0544126305278468 -0.0682268588519826 -0.134230590777065 -0.158159001568851 -0.0819666871334357 -0.0395703794790534 -0.0462636105585664 -0.0708600390135264 0.0796647474551605 -0.301861763635095 -0.325574409641562 -0.385568401351368 -0.37973658213994 -0.355761660323184 -0.291402589517529 -0.350173099968904 -0.249520454607555 -0.220741046915485 -0.225799098918197 -0.138130996789846 -0.0537793793730336 -0.111601967907799 -0.141996110077786 -0.140066037666741 -0.173212403353186 -0.0128887944922256 0.202843771407035 0.321574947282333 0.298075286498382 0.366863356369864 0.365135769062563 0.338714564090941 -9999 -9999 0.196150548182502 0.278386283438262 0.126137963853127 -9999 -9999 -9999 -9999 -9999 -9999 -9999 -9999 -9999 -9999 -9999 -9999
-0.133717936486055 -0.0875793061027278 -0.0161482606024353 -0.163491105477476 -0.235576738956006 -0.159497829493483 -0.168137048444892 -0.0655787878683678 -0.118779602617383 -9999 -0.523228299590389 -0.441001245534765 -0.33940147753077 -0.258509318478605 -0.283953830676209 -0.338987484002314 -0.264202676894688 -0.259209648943833 -0.227860415024438 -0.16425446586635 -0.128911741492429 -0.0205516421486455 -0.0209870285487036 -0.0500438509064334 -0.030545403924437 -0.0743403726216081 0.109681238447013 0.2363273219918 0.343434686012197 0.475780921047162 0.37564696567953 0.422153013473539 -9999 -9999 -9999 -9999 0.262559634085003 0.199328796463468 -9999 -9999 -9999 -9999 -9999 -9999 -9999 -9999 -9999 -9999 -9999 -9999
-0.171870806374788 -0.103458623498438 -0.181689817391074 -0.291991194544057 -0.387314341498438 -9999 -0.233837959074273 -0.164385192631033 -9999 -0.52326173513589 -0.467452412378834 -9999 -0.334971814935585 -0.287249809183478 -0.308718997807826 -0.372660903273751 -0.162102437652002 -0.201394713796805 -0.163151437986156 -0.0973671944367742 -0.15082876893659 -0.106234450773891 0.0276695468518847 0.0575078811641936 0.0796331401500543 0.0374317533885995 0.0776387031950833 0.174063757758565 -9999 0.39264332455151 0.428959213039611 0.447955290366928 -9999 -9999 -9999 -9999 0.292447186031642 0.211820813078937 0.160108082352327 -9999 -9999 -9999 -9999 -9999 -9999 -9999 -9999 -9999 -9999 -9999
