data/rasters/s3.06.06.li.1_xyz_08_.asc
NCOLS 100 
NROWS 100 
XLLCORNER -4 
YLLCORNER -4 
CELLSIZE 0.08 
NODATA_value -9999 
[rows 22 to 43 of 100, columns 50 to 99 of 100]
-0.0166511459740846 0.0691029181147008 0.0988256875469459 0.048413485682626 0.0584509152735535 0.0721613161175362 0.0441344326549504 -9999 0.0597926663210322 -0.0562133766791978 -9999 0.0449547350633361 -0.120504458552521 -0.0781444727772856 -0.0352376778721691 0.0354052158268127 -9999 -9999 0.065449590554815 -9999 0.192600425160634 0.163141243682311 0.0497837555361709 0.067483791101867 0.128855265372768 0.149812769437168 0.105820452025893 0.0620767969553326 -9999 -9999 -9999 -9999 -9999 -9999 -9999 -9999 -9999 -9999 -9999 -9999 -9999 -9999 -9999 -9999 -9999 -9999 -9999 -9999 -9999 -9999
-0.105850928682692 0.0690287299470246 0.123395398783811 0.138503778551882 0.0329054470285101 0.00645380224287698 0.0336982601975308 -9999 0.014099514422731 0.0749483090924453 0.043109747217063 -9999 -0.0501273350445629 0.0217023741779328 -0.0846656334968281 -9999 -9999 0.195347202136647 0.0496564219364607 0.218241810448406 0.225526332653436 0.148633969119743 0.163934164360992 -9999 -9999 -9999 -0.0109914151044038 -0.0138336219015708 0.0227303965664023 -9999 -9999 -9999 -9999 -9999 -9999 -9999 -9999 -9999 -9999 -9999 -9999 -9999 -9999 -9999 -9999 -9999 -9999 -9999 -9999 -9999
-0.0688881238971532 0.0897975556151062 0.116087641787217 -9999 0.0245526968582952 0.00545900878044569 0.031531764018132 0.116484021368019 0.110335875570125 0.093568633547322 0.118924018609314 0.0208050094180419 -0.0225087367817215 0.00602486228725892 -9999 -9999 0.144829242469705 0.165111955024629 0.113686270386059 0.137950084623194 0.192812241765451 0.268337985636393 0.288193578923288 0.34946673157765 -9999 0.100084075098793 0.0489726164342945 0.0203333980006183 0.00137139139768186 -0.0385056380328188 -9999 -9999 -9999 -9999 -9999 -9999 -9999 -9999 -9999 -9999 -9999 -9999 -9999 -9999 -9999 -9999 -9999 -9999 -9999 -9999
-0.138246916350848 -9999 0.127601998950342 -0.250005500463661 -0.139306492637647 0.0133171641442822 0.0578049841069532 0.117013298616055 0.101142030834164 0.0610542957118499 0.0912309173843007 0.0995710260098243 0.00538444591280222 0.0474837147863803 0.0673428377688369 0.129958135091975 0.177936988810226 0.170176158716578 0.0880325751489405 0.0980605465945738 0.171785231655182 0.210052999620905 0.271659495017489 0.32380263037339 -9999 0.10949049874188 0.0500840458453446 0.0412895638651038 0.00927984069168288 -0.00683188352708289 -0.0222364928750939 -9999 -9999 -9999 -9999 -9999 -9999 -9999 -9999 -9999 -9999 -9999 -9999 -9999 -9999 -9999 -9999 -9999 -9999 -9999
-0.0540746635945454 -9999 -0.20265945384753 -0.134698280081548 -0.0267819373275378 0.00494287235495729 0.040681604574064 0.000712376009319374 -0.141700564667029 0.0829387454309267 -0.0036811438375909 -0.05114753989529 -0.123074843088473 -0.00667137007557959 0.0786726778617891 0.145397556791796 0.15887950147016 0.0421660745263213 -0.0442877180828064 0.0962142336058678 0.145394745085363 0.195760379045925 0.246158270205902 0.238010768531619 0.247411163645424 0.188334972691372 0.150779703275895 0.0588897724598291 0.00305910254060435 0.0179158656270647 0.00405585343475706 -0.00313648395720778 -9999 -9999 -9999 -9999 -9999 -9999 -9999 -9999 -9999 -9999 -9999 -9999 -9999 -9999 -9999 -9999 -9999 -9999
-0.300562165401126 -0.185329621970135 -0.267313406901659 -0.218229321022733 -0.0967454070578802 -0.0934230547622286 0.0780230060831269 -0.0530520952725959 -9999 0.00532197968190147 0.0547386363401031 -0.0265509381159862 -0.150329301624017 -0.0278026092383294 0.0264380052585031 0.0740959229227652 0.0179728977361637 -0.0198833030216869 -0.0378819868558866 0.110568147637872 0.226843803868344 0.214171185582518 0.244556099659758 0.247263576009099 0.237021963281692 0.110422921200962 -0.0769068458562898 0.205426390598155 0.00053809871535059 -0.0169350574993732 0.017611699774847 0.0112191179862673 -9999 -9999 -9999 -9999 -9999 -9999 -9999 -9999 -9999 -9999 -9999 -9999 -9999 -9999 -9999 -9999 -9999 -9999
-0.313061448035825 -0.190814445063448 -0.349987207708621 -0.0897255303793622 -0.173030600844176 -0.27870858782753 -0.0288698217497693 -0.310731417389786 -0.0496127500666489 0.0495961891722711 0.00115576069435719 -0.0225680178790838 -0.1018103574199 -0.144559124725227 -0.0716259694906569 0.029464284798705 -0.0175258513650432 0.0289210094380461 -0.0140602499918701 0.174038925789482 0.258559231580597 0.249005917531761 0.254484502530374 0.268764352965334 0.268971200873952 0.127852400144109 0.0400340016297638 0.134685099039722 0.241680450550426 0.0296014558129595 0.0543372716285587 0.0682658737551288 0.0551917291181129 -9999 -9999 -9999 -9999 -9999 -9999 -9999 -9999 -9999 -9999 -9999 -9999 -9999 -9999 -9999 -9999 -9999
-0.253979508750893 -0.213001969909958 -0.332553808884017 -9999 -0.323705109440935 -0.325617361418099 -0.381651897374527 -0.203989933665743 -0.0663207404565908 -0.0652780796375725 -0.090279925657095 -0.0546111612895179 -0.0662242673587706 -0.0970876843177278 -0.150867294210381 0.0512376489484631 0.0761720624783877 0.104185590450834 0.0102121565487474 0.0626514892240037 0.157864217541003 0.271045024455327 0.282694201888042 0.271883819951285 0.300562470253788 0.271308712950189 0.190437073646995 0.220000338801343 0.230379320398473 -0.0394156734754211 0.0508501665780017 0.0802298644297119 -0.00564182890671289 -9999 -9999 -9999 -9999 -9999 -9999 -9999 -9999 -9999 -9999 -9999 -9999 -9999 -9999 -9999 -9999 -9999
-0.312600119356869 -9999 -0.517540641027542 -9999 -0.644556684372747 -0.437310853862755 -0.364276964568777 -0.195433482807265 -0.122287737679551 -0.120974062820021 -0.297283337822865 -0.116894708430998 -0.0355252269664983 -0.0819290433941914 -0.246822808061446 0.0222434445776215 0.123974443179365 0.0728576409917236 0.0337152285784313 0.148590212904121 0.0681034305872216 -9999 0.234277479294209 0.222490593510261 0.225331301380075 0.218611705286075 0.198412287121726 0.234788461790161 0.0755235350779362 0.0253821973979515 0.00501174361381929 0.121944352509766 -0.0275633193029073 -9999 -9999 -9999 -9999 -9999 -9999 -9999 -9999 -9999 -9999 -9999 -9999 -9999 -9999 -9999 -9999 -9999
-0.40281294406304 -0.498165048189761 -0.559797888152791 -0.645577440638114 -0.536967562288967 -0.450081872930272 -0.430338646735247 -0.320024800633935 -0.148003422546433 -0.309783524939784 -0.200842603522906 -0.243312872958434 -9999 -0.20514849478465 -0.211337272529244 0.107786623356189 0.0290989023230669 0.0666753836483249 0.19155779826254 0.224353975003337 0.209700243766591 -9999 0.209916890827779 0.216418082607221 0.216341611172086 0.131621791288159 0.192041999223497 0.217555519044022 0.130060012231902 0.192312125467742 0.211903890724156 0.0942973966475205 0.0277296417559055 -0.0814371079028751 -9999 -9999 -9999 -9999 -9999 -9999 -9999 -9999 -9999 -9999 -9999 -9999 -9999 -9999 -9999 -9999
-0.407124950096739 -0.455423654476479 -0.596610726913839 -0.695018514349362 -0.526333515074533 -0.530430993877747 -0.432152712654846 -0.360085227185842 -0.340405564447405 -0.384468035075665 -0.135407011526439 -0.204570346451316 -9999 -0.226145090717799 -9999 0.142503542062824 0.0593966515178914 0.112397456075476 0.197155356265784 0.195741944076681 0.208429958185003 0.0782385549902099 0.183480404101357 0.217620173150386 0.113088019477513 0.125645997825383 0.0914839672303499 0.180565672020238 0.165922095769085 0.241085169850781 0.222357032919744 0.107356069283485 0.0582803816822932 -0.0695793301048513 0.0262960201336358 -9999 -9999 -9999 -9999 -9999 -9999 -9999 -9999 -9999 -9999 -9999 -9999 -9999 -9999 -9999
-0.408084679699686 -0.456407442700637 -0.516932140637169 -0.50713862325925 -0.415262707217499 -0.490220428591215 -0.424044696296073 -0.347844192497186 -0.324540945123536 -0.232046980397424 -0.228584631309304 -0.193023950520335 -0.122255101936604 0.0553902914609764 0.0803703651158438 -9999 0.0951694034355128 0.0580301957592764 0.110151166088467 0.102567426846558 0.0970139341157928 0.167131107585311 0.236291908976655 0.196388519701752 0.158468767658518 0.108611471795878 0.119551621215941 0.150554828002195 0.183261677043807 0.208187017273529 0.128310468388493 0.117582333614345 0.104879299250696 0.0637488296301827 0.0247914688647651 -9999 -9999 -9999 -9999 -9999 -9999 -9999 -9999 -9999 -9999 -9999 -9999 -9999 -9999 -9999
-0.517414006178236 -0.497411586819259 -0.534934497662364 -0.361723070769592 -0.319959857261553 -0.391718280438091 -0.418907282029508 -0.35535332718776 -9999 -0.127877691317424 -0.184757213142576 -0.171030796138582 -0.00923412783816826 0.033967917347078 0.00954055397314556 -9999 0.108461008440542 0.0939735524635868 0.0576535668329946 0.145903503218736 0.169739223949581 0.154012601271326 0.161729321132966 0.197195585056985 0.167490089525901 0.215129940357403 0.179485724417467 0.215067577313634 0.252397613099393 0.245516637287588 0.316616222093065 0.20542095923499 0.124358558806273 0.00950936338764729 0.192253023435582 -9999 -9999 -9999 -9999 -9999 -9999 -9999 -9999 -9999 -9999 -9999 -9999 -9999 -9999 -9999
-0.526485898470676 -0.580058089019218 -0.587354746090019 -0.418697149569668 -0.265681780907834 -0.307504189689549 -0.360302116063636 -0.286298479448817 -9999 -0.381116474813824 -0.168991996290728 -0.13408403467472 -0.0682538820015563 0.0166552317102555 -0.0597243308199962 -0.00228483298791631 -9999 0.0920541919633345 0.0228210617023879 0.114296456677051 0.192141359398382 0.179330697905801 0.125454855768779 -9999 0.136511280182545 0.162283550940402 0.209670225989495 0.260827835656314 0.276252044863472 0.286659649462794 0.241727282895081 -9999 0.291284665339238 0.0723121003564971 -9999 0.132600495723609 -9999 -9999 -9999 -9999 -9999 -9999 -9999 -9999 -9999 -9999 -9999 -9999 -9999 -9999
-0.464286715652384 -9999 -9999 -0.321613627999192 -0.232349066048458 -0.285069535192201 -0.273314073684986 -0.275532165918692 -9999 -0.392782612957407 -0.397399485530087 -0.162569675095922 0.0125735923324941 0.0215954134565463 0.0846540391403474 -0.00163253913627093 0.0553628363458044 0.0686733785955481 0.029605541376519 0.0698163821139666 0.153289087839304 0.186244264733643 0.11902505499635 0.0481111834198851 0.0334411315753894 0.0680876262880559 0.16168445905124 0.15865941438255 0.224730061670868 0.276024024872697 0.24771864577835 0.278843133979179 0.310276461378658 0.221493207817099 -9999 0.145862840388105 0.13662619410859 -9999 -9999 -9999 -9999 -9999 -9999 -9999 -9999 -9999 -9999 -9999 -9999 -9999
-0.289201660487382 -9999 -0.469497302525573 -0.277188937493124 -0.261881108083434 -0.334064885719446 -0.306767037984519 -0.230796417418802 -0.427014423533077 -0.44132830999842 -0.364692740856928 -0.176961062181154 0.0654711189885319 0.10366144919024 0.087372893914978 -0.000984107668773517 0.0430842484118442 0.0417372366352674 0.00627034715349884 -0.00333292623111538 0.140599668086879 0.168280512960961 0.112031090868452 0.0826565172664706 0.0451106230132603 0.0979300457885447 0.125685937229328 0.201585538681174 0.235736440836857 0.294654864821748 0.311395513471764 0.133372465693751 0.287852768573093 0.258448619582645 0.247463611107841 0.207696570493522 0.164519825894582 -9999 -9999 -9999 -9999 -9999 -9999 -9999 -9999 -9999 -9999 -9999 -9999 -9999
-0.0903978469922098 -0.113892455685552 -0.408457840808388 -0.127840944020655 -0.14109480879294 -0.255365743799984 -0.181937584120872 -0.190110451007832 -0.415646807860065 -0.452548537343433 -9999 -9999 -9999 0.127319383141534 0.0895105881651228 0.0832789585653534 0.108993687645713 0.116804063400977 0.0868835581981362 0.151109626635743 0.231081107045815 0.230450266220615 0.0974202154768233 0.0454505737876402 0.00759239836790011 0.0967391529234418 0.193780567161684 0.236544309485408 0.271781934603507 0.351430725333222 0.390557315579589 0.27893771363871 0.210045053814809 0.280383959508508 0.31816916265907 0.301183896054037 -9999 -9999 -9999 -9999 -9999 -9999 -9999 -9999 -9999 -9999 -9999 -9999 -9999 -9999
-0.0960113076823871 -0.253013067219748 -0.350298963185097 -0.225819727179641 -0.189828110792161 -0.182204300429534 -0.128196277941672 -0.20934597388624 -0.415172618255018 -9999 -0.0748295500924672 0.105784670228933 0.0877314982270009 0.085602074883247 0.107207443070665 0.114577763449135 0.114140929627121 0.136484715643614 -0.0370114069484692 0.125845887887796 0.224406510940319 0.163553419167192 0.101652839142643 0.0400422526705611 0.0251142552592933 0.257785878166712 0.272681496324256 0.281433519166792 0.226228277216068 0.407970586052654 0.341271551828564 0.225551031423389 0.074275402875131 0.162558980858362 0.254869583036197 0.300168490385858 0.28411852986034 0.290816934393862 -9999 -9999 -9999 -9999 -9999 -9999 -9999 -9999 -9999 -9999 -9999 -9999
-0.239367422067459 -0.292242018929049 -0.38755949905167 -0.273218257768533 -0.206271002225031 -0.1663388291566 -0.17604588733667 -9999 -9999 -9999 -0.122356712257651 0.0010442625178577 0.0512427195531778 0.0879789988648546 0.0996348710599084 0.123920190650053 0.058894670081018 0.0051080263832329 0.0223569502080611 0.163546024061955 0.0839842266502825 0.0949823025541426 0.146583879807584 0.0931515422400049 0.0499100330783788 0.228512764480759 0.227333344067519 0.27120200934332 0.217581164665059 0.294148336157107 0.309027141290168 0.280325840945154 0.125070000068883 0.148695925082783 0.242516289816772 0.312069490569055 0.313767825791157 0.299184868234267 -9999 -9999 -9999 -9999 -9999 -9999 -9999 -9999 -9999 -9999 -9999 -9999
-9999 -0.244724660997568 -0.148959411411342 -0.18842079580763 -0.14474988733679 -0.169226770026609 -9999 -9999 0.00524822130265068 0.0161184761277558 -0.0426520576198764 -0.0267702155275745 0.0370416136946521 0.0329389402571718 0.0716189419416839 0.148527155165628 0.0820228048373867 0.0394191293854054 -0.0364645035265441 -0.000182591524036835 0.130875525330268 0.0641724925920125 0.163145812834482 0.114361816498576 0.117601374772335 0.182705024544889 0.142568439037327 0.204611676240491 0.163500255370013 0.253213994173243 0.306336029582432 0.260126219055747 0.196731308182364 0.20244375420618 0.238557573164471 0.3029245890138 0.273915099242394 0.198221574017974 -9999 -9999 -9999 -9999 -9999 -9999 -9999 -9999 -9999 -9999 -9999 -9999
-0.293670286798897 -0.194842570710091 -0.0707151390475916 -0.114731669364474 -0.121616890369924 -0.195550274936202 -0.157555279590635 -0.12791953387606 -0.147693732236449 -0.170142384983298 -0.0952051028086209 0.00621861771527155 -0.0126804898543835 0.0524209868770463 0.0278750909956706 0.101437727108105 0.0589181760760815 0.10307765674898 0.0807648704587463 -0.158443834059607 -9999 0.00382814696356505 0.0706789551589076 0.131660711932684 0.142638742370185 0.153325109955853 0.111665534296346 0.115514943997843 0.128396114943437 0.269176521804447 0.233382357047031 0.25455873000063 0.232857596086917 0.200404073364328 0.210529412894067 0.27253904919345 0.291194938093016 -0.0623873913971727 -9999 -9999 -9999 -9999 -9999 -9999 -9999 -9999 -9999 -9999 -9999 -9999
-0.125463547024115 -0.0532028152685494 -0.0520038251756666 -0.0802448781343473 -0.0906275158630491 -0.15471971149645 -0.150506139358848 -0.118203360653613 -0.225564110601907 -0.242139300628109 -0.249521729008598 -0.16448242304175 0.0583820277590637 0.083787540737901 0.0626346342567174 -0.0326979050662119 -0.00325846060312812 0.0913153550364015 -0.00680396391207717 -0.197698126930763 -9999 -9999 -9999 -9999 -9999 0.0447621224513165 0.0676528972337392 0.0865009160014736 0.0995960398213562 0.270688960493137 0.228340271971277 0.272005712762703 0.358736755329337 0.209507254373228 0.242568762331854 0.183942355291779 0.288484106471268 -0.0121735040774289 0.209785500177348 -9999 -9999 -9999 -9999 -9999 -9999 -9999 -9999 -9999 -9999 -9999
