data/rasters/s3.07.06.cu.1_xyz_08_.asc
NCOLS 100 
NROWS 100 
XLLCORNER -4 
YLLCORNER -4 
CELLSIZE 0.08 
NODATA_value -9999 
[rows 42 to 62 of 100, columns 0 to 48 of 100]
-9999 -9999 -9999 -9999 -9999 -9999 -9999 -9999 -9999 -9999 -9999 -9999 -0.148832833690806 -0.163761681756202 -0.0439298055837399 -0.0358200256907684 -0.0341534604261129 -0.0330218895851369 -0.277001271866096 -0.0154668218873002 0.115897210556257 0.182775545515525 0.172298952099699 -0.0985404280342547 0.305401586250408 0.269942265054222 0.257587578767612 0.238768464368425 0.125410432492336 0.031718791490056 -0.0794978788348228 -0.0949180936839031 -0.0883263506804429 -0.0179987434984665 -0.0211796094377609 0.0261975999073455 -0.032149572144743 -0.133054650807751 -0.166781246634119 -0.195284738751001 -0.276097691724816 -0.26189233952768 -0.279052280964364 -0.25828184386199 -0.173788155164617 -0.0614628609689877 -0.0377230767059323 -0.013212246398145 0.123992261506037
-9999 -9999 -9999 -9999 -9999 -9999 -9999 -9999 -9999 -9999 -9999 -0.30984927383461 -0.178190115252604 -0.189248745854443 -0.0472340835241899 -0.101405917484129 -0.11289974717741 -0.170479834594709 -0.199042906033024 -0.0166596888181172 0.0325290650810035 0.148007488440071 -0.010624711826726 0.0909075327710524 0.0927809428477982 0.270930254984202 0.12649319795005 0.176281173402973 0.0237457905388061 -0.0583055536416433 -0.0625389532150265 -0.0789723075872789 -0.0434249061137387 -0.0207194872856121 -0.0291794021405524 -0.00333371626411381 -0.0776794443474161 -0.0723609608179316 -0.145091174956346 -0.161697981222745 -0.241690215262561 -0.219808084835939 -0.252589881110184 -9999 -0.068197247316359 -0.0248223643240299 0.0247693993646653 0.0591930002342796 -0.138426173684797
-9999 -9999 -9999 -9999 -9999 -9999 -9999 -9999 -9999 -9999 -9999 -0.239116096013579 -0.226130743172092 -0.197016881295115 -0.26261082067727 -0.145163215045416 -0.202322268848785 -0.233153532351213 -0.128599531342516 -0.0564268473916895 0.0541101191503506 -9999 -0.0139768174263866 0.0931598519449205 0.0545143079468883 -0.00506116365051617 0.0238773933812392 0.0370737689022695 -0.0543969476436558 -0.0999006030728677 -0.102110664419629 -0.0455986417269253 -0.0192384831427562 -0.00142958953787766 0.0159960361406507 -0.0273489920402738 -0.199507681863869 -0.0851881126695455 -9999 -9999 -0.150452384304626 -0.202299341881632 -0.299626180429855 -9999 0.00841548938423199 0.0812430694422521 0.163909220054955 0.157478349876697 0.192770357735251
-9999 -9999 -9999 -9999 -9999 -9999 -9999 -9999 -9999 -9999 -9999 -0.303876585553545 -0.271564396658004 -0.20092678192991 -0.362916289508639 -0.302710725208927 -0.238910005943892 -0.257748560265595 -0.115986904483296 -0.0852322322814126 -0.32890414878001 -0.0251219206838758 -0.035937747073856 -0.0598029023748903 0.0725504923347568 -0.00882948008843248 -0.0549951360349125 -0.100099820303426 -0.0892670451844178 -0.156027700617626 -0.2005182613657 0.00387838537403371 0.0465164869237099 0.0237908549485507 -9999 -9999 -9999 -9999 0.0448681266432686 -0.0712162044982162 -0.172005851197994 -0.19765840437877 -0.157591507272281 -0.0615506202742138 0.0283568257804984 0.0249727917081372 0.0511508795516356 0.172000880914627 0.177071686134808
-9999 -9999 -9999 -9999 -9999 -9999 -9999 -9999 -9999 -9999 -9999 -0.27573419565119 -0.244902285124038 -0.270640979971812 -0.383501337895729 -9999 -0.199067330307549 -0.317288770081253 -0.276232233364542 -9999 -0.28138974420363 -0.193591614326283 -9999 -0.132367069740015 0.0521590968310834 -0.0717461918239239 -0.0980414439272421 -0.0790274954421933 -0.135038521957342 -0.11592289536338 -9999 -9999 0.0786485218413208 -9999 -9999 -9999 -0.0172707182358464 0.0265710180240208 0.0991953436639402 0.0482731527283967 -0.200649936856969 -0.194260928853009 -0.0850363887885153 -0.0416887168145574 -0.00268470929505378 0.0800650640831148 0.0525246509382884 0.113113753550009 0.195807489403891
-9999 -9999 -9999 -9999 -9999 -9999 -9999 -9999 -9999 -9999 -9999 -0.210726588697577 -0.18680614346217 -0.148837773173148 -0.451136384317483 -0.466449093367166 -9999 -0.2924671327698 -9999 -9999 -0.259150654221481 -0.192367906808913 -0.160365163669678 -0.127234353132134 -0.141462257406012 -0.0384755397809469 -9999 -0.115300420047154 -0.190983830883843 -0.15523245396933 -9999 -9999 -9999 -0.000711674802776862 -0.0902724702520717 0.0598042933769528 0.0584675545161263 -0.0226126608298927 -0.0531268468672355 -0.0941918172833061 -0.232971393932108 -0.154663986238504 -0.145731414136844 -0.0704667320592639 -9999 0.0882011160563052 0.0767573901252226 0.105552793464425 0.20099972213547
-9999 -9999 -9999 -9999 -9999 -9999 -9999 -9999 -9999 -9999 -9999 -0.141859831081977 -0.254299196316194 -0.458484757718003 -0.495041606208079 -9999 -9999 -0.396431894597598 -0.355164564984338 -0.31091653818852 -0.162177192305188 -0.11118544281777 -0.0894452023791354 -0.0980699722023904 -0.0464993230340065 -0.0638583494925737 -0.100715470417148 -0.0585677087393233 -0.0554461344103418 -0.0964410271018724 -0.013457346451486 -9999 0.0087084334060885 -0.00248535114377177 0.0319982749958313 0.0410525326980052 0.0274652336299126 -0.0578352102115269 -0.0454707661034382 -0.345424728382153 -0.125722707537074 -0.087886430065829 -0.224792924114199 -9999 -0.237370051568257 -0.201686964327366 0.0900421833755157 0.0768414820392237 -9999
-9999 -9999 -9999 -9999 -9999 -9999 -9999 -9999 -9999 -9999 -9999 -0.358469662036861 -9999 -9999 -0.436822481383424 -0.41899358398052 -0.3976520262711 -0.366242786793091 -0.312761452387719 -0.222893154378252 -0.135459776751829 -0.0786223381557946 0.0784639553398451 0.124065585934355 0.153626050327663 -0.0695246543873793 0.0562792769645163 -0.0585253600884041 0.00293435876847635 -0.0516237852472491 -0.123381575261218 -9999 -0.12627091490047 -0.0167205567055311 0.047565770891632 0.0537373632495867 0.0332619130988724 -0.0458981613551236 -0.152124970973228 -9999 -0.218622187895456 -0.225897402202909 -0.234960594893219 -0.198440379507386 -0.18761510216348 -0.213417363344463 0.0914135181360851 -9999 -9999
-9999 -9999 -9999 -9999 -9999 -9999 -9999 -9999 -9999 -9999 -9999 -0.373560134831696 -0.338060886619761 -0.376076826965586 -9999 -0.384833010172605 -0.377566666680457 -0.369320890224788 -0.267517036603554 -0.192730456274941 -0.111710207976058 -0.0535894514106783 0.179215977397716 0.169032007295748 0.191095189894357 0.107027883489544 0.204415335760947 0.182105537598518 0.110474470382558 0.103665598869548 0.129673326420006 0.0418189420764063 -0.0421964827777919 0.0357366545583954 0.0975749671917491 0.112433695218869 0.0283097104096681 -0.0843715660439911 -0.16802991119069 -0.275856771392101 -0.167733462311581 -0.222171268760976 -0.289411688809664 -0.310358215673946 -0.198632254409919 -9999 -0.0551884886951038 -9999 0.20248910340771
-9999 -9999 -9999 -9999 -9999 -9999 -9999 -9999 -9999 -9999 -9999 -9999 -0.275559798084064 -0.33354710755562 -0.269584522417591 -0.295029698940088 -0.294225424985473 -0.232133633231998 -0.209080463675203 -0.140055324636451 -0.143090445896973 -9999 0.150991991303297 0.238821421302081 0.15959541650001 0.147684622818153 0.206359583268822 0.17522016009209 0.17460545558795 -9999 0.117408774586891 -0.0370492370170452 -0.0164834504491726 0.0468724783335228 -9999 -9999 -0.18758854776816 -0.210986652748323 -0.191380211759886 -0.252635189676927 -0.193729734267038 -0.229255121226982 -0.268888353994224 -0.393310183256605 -9999 -9999 -0.144370528625873 -0.106381779913385 0.209500804641835
-9999 -9999 -9999 -9999 -9999 -9999 -9999 -9999 -9999 -9999 -9999 -0.193903984054569 -0.213704214676657 -0.268167175470045 -0.241824876982196 -0.211399623645348 -0.223158156817304 -0.171506647768765 -0.167430044992831 -0.0742997025458759 -0.18382235694798 -9999 0.181913853873697 0.241862210176865 0.232195805645717 0.306386926530437 0.299431346180531 0.176007305802282 0.193460496909178 -9999 -0.0174130319803976 0.0689492872115105 0.0791942453478739 -0.165244821213608 -0.101536004220788 -9999 -0.242139972832666 -0.191730606788078 0.139226383479452 -9999 -0.266516522074795 -0.287292494697401 -0.361604422625248 -0.394718747212425 -0.321511509627031 -0.194596195080788 -0.138495103480573 -9999 -0.0519255903421002
-9999 -9999 -9999 -9999 -9999 -9999 -9999 -9999 -9999 -9999 -9999 -9999 -0.194503378868748 -0.210907989035396 -0.228773792627724 -0.161787530392597 -0.110252737306724 -0.0528831830362804 -0.0155288447385926 0.0258803576184228 0.0348315973097562 0.212963266467003 0.256241695948194 0.281619899499406 0.236671592241017 0.33907354138793 0.346055710463711 0.297545084787582 0.290486832176168 0.292634991127332 0.2977559452371 0.209857643249747 0.0571668612760836 0.151856346187097 -0.100116348933443 -0.00289774157535287 0.0728121467041613 0.179792081620268 0.157142044465746 -9999 -0.0622723271841998 -0.326724592338827 -0.356511660165028 -9999 -0.307652348599338 -0.238958742377107 -0.0558778464317576 -0.187248747694528 -0.13157157107691
-9999 -9999 -9999 -9999 -9999 -9999 -9999 -9999 -9999 -9999 -9999 -0.16404764172959 -0.124096592720926 -0.111891749212711 -0.170081930418515 -0.0520526002929032 -0.0279807918753502 -0.0325006802975164 0.0144875728590916 0.0361777854074854 0.0245676300405992 -0.0511795239234422 0.338467868638044 0.0599366060495256 0.328028085795551 0.330336226580235 0.345183755113971 0.329040194582471 0.311152042268139 0.249796908597825 0.195334704895194 0.234816928991418 0.146849266136655 0.148868654142076 -0.0423029887911307 -0.0148234749001754 0.132129411995462 0.207535454674481 0.150862633612621 0.0651198931022922 -0.0392470687487188 -9999 -9999 -0.467197029016822 -0.395651825676466 -0.229032111352234 -0.0288281268193407 -0.156752937527441 -0.219136989834332
-9999 -9999 -9999 -9999 -9999 -9999 -9999 -9999 -9999 -9999 -9999 -9999 -0.124981752321622 -0.0877071589552113 -0.0862105976676857 0.0610640024911642 0.0366532989721668 -0.0162407521128071 -0.0109225177536393 0.0257161672761633 0.0825299054485594 0.100572300622489 -9999 -9999 -9999 0.33879736201887 0.349334746695652 0.321115980265817 0.328262687396976 0.268689117203487 0.243125631218465 0.250187926756049 0.150083939134978 0.133324494421824 -9999 0.131577657928667 0.208940060208191 0.16938684305553 0.114900951484899 -0.0370246381119924 -0.0928201191250222 -0.221730007124734 -9999 -0.408655220391745 -0.361720992788791 -0.0927822117937426 0.0178667803155949 -0.0409615658817073 -0.161482437748708
-9999 -9999 -9999 -9999 -9999 -9999 -9999 -9999 -9999 -9999 -9999 -0.105753749577104 -0.0398658847546137 -0.0401621772445763 -0.0190967500397942 0.078510211665728 0.05615797386692 0.0163337162567594 0.00380838966256444 0.0248876481618595 0.0563677764313289 -9999 -9999 -9999 0.161986100732176 0.355578562242995 0.224531378025904 0.297126458777268 0.22836037531158 0.226553902304785 0.235564852203572 0.21573447140702 0.182907524337108 0.116330212723686 0.167354620395917 0.166560016506764 0.218721705018531 0.153780812809639 0.0385258207310837 -0.0759802735817969 -0.0969189938584009 -0.16060412494469 -0.189934792755832 -0.254458573669448 -0.262041352593345 -0.297793802849886 -0.00529649145054409 -0.0502180351826357 0.0272842549766465
-9999 -9999 -9999 -9999 -9999 -9999 -9999 -9999 -9999 -9999 -9999 -9999 0.132629277937691 0.0307840347334953 0.0694961737907929 0.0634469969853391 0.0780479230280541 0.0915343500013551 0.0486756820988253 0.0449253781756269 -0.0672218864133646 -9999 0.294363799775217 0.178244279651369 0.222006428316408 0.220671528171112 0.221010013862183 0.312779020157739 -0.0474005310504157 0.0576646305762349 0.182422340352313 0.176829175282813 0.210249021727246 0.173863609272701 0.147429629760199 0.116623217720362 0.171008077309696 0.141531043767223 -0.0313293036942169 0.0117953114990573 -0.0385424098665525 -0.0833340833371583 -0.107755010240078 0.0369838595822056 -0.11536287193327 -0.0355064705228117 0.226556710184013 0.249839314415409 0.14561707855328
-9999 -9999 -9999 -9999 -9999 -9999 -9999 -9999 -9999 -9999 -9999 -9999 0.353577683533346 0.198480817503627 0.20486594962251 0.0982414260472526 0.0923952667992105 0.0999040491542296 0.0838002225725712 0.0273348997337534 0.0305196140415473 0.0825179611104288 0.292398200141701 0.150488295951459 0.129330337145007 0.0678765767587783 0.0786885014015648 -0.00200167076811064 0.0341156311045748 0.0517439775411251 0.107320253182699 0.159984444250407 0.161017709818294 0.0690188720342281 0.111685865277854 0.119386632426738 0.14892478181562 0.12924196499737 0.058959672663951 0.0283251704025462 0.00822859742905467 -0.00541202702820855 0.0354932060814191 0.115578112290297 0.241851967002057 0.229696948802932 0.245502623495329 0.254485682318517 0.294014499287642
-9999 -9999 -9999 -9999 -9999 -9999 -9999 -9999 -9999 -9999 -9999 -9999 -9999 0.217844021383015 0.239234728656286 0.168936561061892 0.165555648179802 0.0261101176726682 0.0931486535165214 0.129990615406303 0.068552267442967 0.0301418488938539 -0.0689641470440463 -0.00445349488882041 0.00730387553489747 -0.0193189567203208 0.0601454194682468 -9999 0.0883848775232882 0.0880481015478543 0.0919219414383813 0.0997317066418537 0.0781883260055675 -9999 0.140479347454382 0.133482520017697 0.124203845608994 0.101799706358016 0.107024707602704 0.0843954140614973 0.0407182513656332 0.0655617298452349 0.0976258545370265 0.229774585492025 0.273102094735636 0.304494489607082 0.282462951440662 0.328686012372311 0.341030131049458
-9999 -9999 -9999 -9999 -9999 -9999 -9999 -9999 -9999 -9999 -9999 -9999 -9999 0.217811997383305 0.192320675879559 0.204461165842075 0.173858857706762 0.126163131218181 0.119870462423468 0.161989447358154 0.0941703159087222 -0.138573447950947 -0.107948996510009 -0.0848558453162097 -0.0594796012865439 -0.0677579792037552 0.0211547137331961 -0.0181950696434701 0.0369637536840894 0.0722221042919787 0.0353970525015386 0.0974665318108924 -0.00731895808480652 0.0794927888012905 0.109397480940321 0.119251516997145 0.137541505474468 0.195619546827928 0.179631119411873 0.146100627388471 0.097609110824803 0.132724486730009 0.0081291488041575 0.242183958383416 0.295875108575167 0.330953526956634 0.32745118283988 0.384680458791634 -9999
-9999 -9999 -9999 -9999 -9999 -9999 -9999 -9999 -9999 -9999 -9999 -9999 -9999 0.122630788650552 0.159157663898631 0.173527115125841 0.183434265922524 0.180939578099195 0.136516518224561 0.0425277769000232 0.0256392354924713 -0.106100872078829 -0.195340847338307 -0.224354785874057 -0.29665648944802 -0.289639965109336 -0.371666385114015 -0.290406027430135 -0.124750548502111 -0.00890132585788909 -0.0797399405465953 -0.0979904222789484 -0.0426764734680832 0.0864915593095724 0.0811318108995448 0.121686017943057 0.211604635790711 0.244189800001726 0.210507223339761 0.171074802461716 0.129430052800029 0.180277225091854 0.136739354201438 -0.0489856963024372 0.299110766619378 0.350842860666151 0.364053124609074 0.418714205334786 0.39259274940834
-9999 -9999 -9999 -9999 -9999 -9999 -9999 -9999 -9999 -9999 -9999 -9999 -9999 0.154217107057103 0.183713274271811 0.194067405585268 0.169470934960407 0.183761231882502 0.111164320761092 0.0314027800749658 -0.0208180373216914 -0.0719624928084544 -0.317632636126041 -0.18853661008315 -0.588579833565765 -0.549477476660099 -0.533096527697131 -0.458940027002072 -0.332756415253988 -0.225819455814383 -0.180710728487306 -0.12522247023097 -2.87326049911662e-06 0.115089766871017 0.0865665234532081 0.16089148595539 0.242659259065471 0.224241469955633 0.224108942428474 0.256666136592375 0.254497225164024 0.158880626973145 0.186159334480074 0.208972532935405 0.320929071842327 0.343082544042946 0.419860553900793 0.430888151100878 0.386104978049982
