data/rasters/s3.06.06.cu.1_xyz_08_.asc
NCOLS 100 
NROWS 100 
XLLCORNER -4 
YLLCORNER -4 
CELLSIZE 0.08 
NODATA_value -9999 
[rows 63 to 83 of 100, columns 0 to 47 of 100]
-9999 -9999 -9999 -9999 -9999 -9999 -9999 -9999 -9999 -9999 -9999 -9999 -9999 -9999 -9999 0.0888881273998869 0.0656112766132859 0.0723011232770771 0.126679740108032 0.0905570913702391 0.0882709935169997 0.0671225217708959 0.0850159439724303 0.137567286368441 0.201417917906634 0.185521893728496 0.228300431347479 0.14035777862024 0.169970348576451 0.290393042997957 0.303466576163943 0.28589199766722 0.266170340914038 0.345065480877095 0.37332256214908 0.238775127032826 0.148647818406422 0.178045393279699 0.151811069286276 0.216403639191228 0.124883423340663 0.108603299037039 0.121246066670626 0.150415832890981 0.141026292825306 0.0514312843588225 0.0469743887411456 -0.0952975524149601
-9999 -9999 -9999 -9999 -9999 -9999 -9999 -9999 -9999 -9999 -9999 -9999 -9999 -9999 0.0312437743801463 0.0173608498626216 0.00397774051273137 0.0336826928163967 0.0611846554095065 0.0776510157044809 0.0854825695805163 0.0972565640063368 0.127805209567241 0.141597814754652 0.187759644066895 0.294793531953255 0.289604851241764 0.242411922401244 0.175335970322382 0.253412561663589 0.330783943202533 0.30544316940204 0.238082404767592 0.319090207759888 0.324294284535244 0.128475416178957 0.0915869284149385 0.144477149045429 0.190838779034833 0.12931987347009 0.0244282616506432 0.0122031985118485 0.00259706352779466 -0.0348560531169696 -0.00486896157027454 -0.0520573011606646 -0.0740718856820111 -0.145748802866004
-9999 -9999 -9999 -9999 -9999 -9999 -9999 -9999 -9999 -9999 -9999 -9999 -9999 -9999 0.0409399953688556 0.0606637543727332 0.0205175705255262 0.0359266081167254 0.131587188426059 0.149169843876057 0.120886831388977 0.125691531590069 0.155934880800909 0.169164449974448 0.239250935759178 0.332397851150316 0.303530529521521 0.204659235710195 0.16644913183464 0.139668071777704 0.286307002206931 0.18718998210887 0.0677449169328735 0.181710960580811 0.240512241226958 0.181086707373816 0.0765913710476995 0.120564869912782 0.142854051527231 0.0615927367563166 -0.0237285986585075 -0.104026035547062 -0.058989545163081 -0.0313163684894228 -0.0461676378978638 -0.139969975968345 -0.114561472760718 -0.139543901370333
-9999 -9999 -9999 -9999 -9999 -9999 -9999 -9999 -9999 -9999 -9999 -9999 -9999 -9999 -9999 0.0333312764436475 -0.0152547816345744 0.0549501808031607 0.207169680073683 0.267147611191099 0.230982878876555 0.217472173035688 0.207735254040553 0.253542147478088 0.369241420602156 0.357941441182378 0.3381156373662 0.233616671567051 0.188979517451388 0.115745239589316 -0.102456421813583 0.107434543517459 0.0344021552573754 0.0812630916112676 0.13258306972286 0.134442824099185 0.106821404328916 0.0656460946897829 0.187389629128289 0.101705136587828 -0.120604994340466 -0.104292367005915 -0.0514066046127654 0.000335031560030609 -0.00474968824493948 -0.0645980011229192 -0.122484268576808 -0.18127191699792
-9999 -9999 -9999 -9999 -9999 -9999 -9999 -9999 -9999 -9999 -9999 -9999 -9999 -9999 -9999 0.0571420944741943 -0.0374910750270968 -0.0414613475368449 0.142053484895909 0.238875287391478 0.298138767089255 0.283356947762822 0.313122823991802 0.326505612662243 0.407399347388943 0.402392657460989 0.350012512292241 0.221324053138252 0.156888933224641 0.115120672915447 -0.0111018117722662 0.00500382974553736 -0.0693327182530898 -0.00880609690638746 0.0392751698904753 0.0237324574205995 0.119130981889357 0.0598622024102386 0.169792651211337 0.00102211380973821 -9999 -0.0403893541283681 -0.0282399924081224 -0.0195062639273916 -0.0551565443284049 -0.0934281808053715 -0.210587540060518 -0.215769997565273
-9999 -9999 -9999 -9999 -9999 -9999 -9999 -9999 -9999 -9999 -9999 -9999 -9999 -9999 -9999 0.0491830094350103 -0.00604437710257988 0.0125674693582733 0.0575601272823554 0.16503503204345 0.334997555186857 0.348698508300198 0.351574296131906 0.319618984306062 0.385488954404935 0.370501193093524 0.298811413247687 0.216410081168528 0.190826215455655 0.124378318642295 0.105630078183952 0.033200474804987 -0.0331948387649331 -0.013790416577561 -0.0217954205677282 -0.00062570260798507 -0.0846545654150192 -0.151782677495872 -0.0778072106275952 0.00619141308829587 0.0201996591052677 -0.0183200726043763 0.0207978678858751 0.0464401660703099 -0.0894918815479598 -0.205097822923998 -0.220982454436814 -0.197657518130691
-9999 -9999 -9999 -9999 -9999 -9999 -9999 -9999 -9999 -9999 -9999 -9999 -9999 -9999 -9999 -9999 0.0143865491642293 0.0261704108746596 0.0491017468596188 0.110348380957966 0.256949946426089 0.384497257138557 0.372888151411862 0.421167953864008 0.445932310783847 0.411590196521678 0.36911384405116 0.294269448790219 0.244844237516605 0.189293876153411 0.177547031104019 0.121532474971765 0.0165957290709723 -0.0674885059790747 -0.0920066729020927 -0.0715374877248764 -0.06214472603722 -0.126597410484821 0.0323132291199738 0.0293643795741705 0.0190099361175568 0.0195984859839863 0.0376383529629472 0.0646729130052902 0.0298359818849329 -0.117323189886065 -0.124219701708224 -0.133114294231158
-9999 -9999 -9999 -9999 -9999 -9999 -9999 -9999 -9999 -9999 -9999 -9999 -9999 -9999 -9999 -9999 -9999 0.0270029247153152 0.051780370991604 0.105866847792273 0.199272853878469 0.305875846097696 0.342325327003066 0.453378143374944 0.505419834601929 0.465760332449018 0.468697106082999 0.350375021028497 0.303885773262532 0.31145000868526 0.271535592749219 0.0957239166295897 0.02255488623362 -0.0843706339833354 -0.160697313075072 -0.101525589854669 -0.115454463157789 -0.115860493636426 -0.00526953700048807 -0.0126317969917078 0.0451762122057804 0.0829089398693953 0.0850157942780021 -0.000178961462939179 -0.149209216275686 -0.112172296133014 -0.0668551425046325 -0.0616227663811005
-9999 -9999 -9999 -9999 -9999 -9999 -9999 -9999 -9999 -9999 -9999 -9999 -9999 -9999 -9999 -9999 -9999 0.0230779603317136 0.0854564298571324 0.153869601300856 0.243035245270583 0.28070412864678 0.379650013601098 0.459209323848691 0.482807686303002 0.470580364743524 0.468516192841671 0.422125587144136 0.325033387342299 0.261921586271101 0.158008375974621 0.0746447426295653 -0.0657097581907791 -0.105770545013436 -0.195334129835206 -0.272637111617352 -0.185804878595142 0.0060433746348555 0.0368268785372214 0.0425842635621115 0.0771936383512725 0.145452184422455 0.157322355577051 0.128556230058066 0.112737086077133 -0.0588283933321051 -0.0654308750952332 -0.0560165229405717
-9999 -9999 -9999 -9999 -9999 -9999 -9999 -9999 -9999 -9999 -9999 -9999 -9999 -9999 -9999 -9999 -9999 -9999 0.174389463110491 0.184421523492337 0.25439719908025 0.325001288235913 0.454697524448354 0.457032631749139 0.438049960338152 0.452328094329649 0.476725212903435 0.403040254278867 0.164792300616507 0.149373441819388 0.0769623821911872 0.0311991182621677 -0.0767086112329197 -0.124189665791098 -0.1968617962039 -0.24127881866519 0.0177070981826602 0.0208458283434481 0.109678447822278 0.0975766378080302 0.0915724110187911 0.152489409389258 0.205016718098673 0.18280797138469 0.122794600515353 -0.021127446158912 -0.0216796920154999 -0.135915214637048
-9999 -9999 -9999 -9999 -9999 -9999 -9999 -9999 -9999 -9999 -9999 -9999 -9999 -9999 -9999 -9999 -9999 -9999 -9999 0.259025099629852 0.30540993269019 0.375009078305169 0.43111843563946 0.407568816193534 0.355725510797975 0.409906032535085 0.383417212611997 0.297632144418845 0.0853558300220038 0.00586149632439119 -0.0297931679314245 -0.0514990176278257 -0.0539676868833342 -0.142028076003709 -0.167813758114833 -0.310613334119315 -0.0309393782614205 0.0675329793460161 0.103828047671973 0.0842197775696102 0.107505857099061 0.0958503899927528 0.151927036659152 0.209696657516232 0.141368224193769 -0.026620260729019 -0.0779556795330832 -0.202083309102935
-9999 -9999 -9999 -9999 -9999 -9999 -9999 -9999 -9999 -9999 -9999 -9999 -9999 -9999 -9999 -9999 -9999 -9999 -9999 0.333943802453852 0.366340215870248 0.307284657091689 0.313663697896571 0.357850763115006 0.40078451670338 0.33549675018883 0.266837090235443 0.187011745600855 0.112222966076272 0.00382399668625226 -0.0346755541738968 -0.0923596901026063 -0.0940534638404864 -0.0949663706230288 -0.0595800452693218 -0.33731978660123 -0.300703272152326 -0.291827218985926 -0.2620891858602 -0.00339760426160721 0.10274944940206 0.119999394905778 0.112024454813251 0.149675330499555 0.149403837898894 0.0662898338597985 -0.0227726206955145 -0.135410311867846
-9999 -9999 -9999 -9999 -9999 -9999 -9999 -9999 -9999 -9999 -9999 -9999 -9999 -9999 -9999 -9999 -9999 -9999 -9999 -9999 0.326631122442554 0.319029744043172 0.141248449639429 0.0509039674907562 0.235017179985283 0.315328993233915 0.278783637356915 0.235664229141741 0.140119631231795 0.00220959989330254 -0.0143234116269148 -0.0514327086753445 -0.0577279762948149 -0.137045076884857 -0.139879669962201 -0.243156542698917 -0.255551354660903 -0.341060184754451 -0.176489356545651 -0.0843397107008137 0.0473498158195169 0.102793489940524 0.0647700970737633 -0.0131589777305866 0.0952842017276632 0.0985727978554259 0.0732660844276307 -0.0220488393459155
-9999 -9999 -9999 -9999 -9999 -9999 -9999 -9999 -9999 -9999 -9999 -9999 -9999 -9999 -9999 -9999 -9999 -9999 -9999 -9999 -9999 0.195719260286931 0.128571098627516 0.00325868336236617 0.214848395266089 0.266003907238728 0.194615435069139 0.111216232560042 0.136335626503073 0.0325291023063016 -0.00669481524147263 -0.0586219953141445 -0.102327072385509 -0.151012522769895 -0.177584109149665 -0.156723999934733 -0.221132828932909 -0.216200108288047 -0.228673937586576 -0.225884303236442 0.0498282487350599 0.0914709241850865 0.0383793667112914 -0.0690336420985257 0.0682553012443843 0.0786939657976324 0.0986015708904675 0.0302908719040431
-9999 -9999 -9999 -9999 -9999 -9999 -9999 -9999 -9999 -9999 -9999 -9999 -9999 -9999 -9999 -9999 -9999 -9999 -9999 -9999 -9999 -9999 -0.0249478958844713 -0.00683594638579932 0.149619473181474 0.106399668487792 0.0687754437289482 -0.0413000607723492 0.00409077563737075 0.017198234056626 -0.0167106668902582 -0.0698461469838928 -0.127500958154759 -0.127404241398706 -0.144866390999254 -0.120516376459616 -0.174400659209907 -0.171546838829318 -0.129900796659519 -0.0426645514164459 0.10167671286204 0.113635058293142 0.00556160747760014 -0.0567927661778908 0.00955085150550201 0.0231350698347365 0.0584919776876369 0.0689710404926075
-9999 -9999 -9999 -9999 -9999 -9999 -9999 -9999 -9999 -9999 -9999 -9999 -9999 -9999 -9999 -9999 -9999 -9999 -9999 -9999 -9999 -9999 -9999 -0.0776349404508259 0.0313349284654628 0.0192246899584138 -0.119421585444421 -0.187478454092279 -0.225097781751903 -0.0644671800681252 -0.017719519135325 -0.0845882895765254 -0.17104107543081 -0.109425126986126 -0.123808973894533 -0.105122246252152 -0.0764599633384641 -0.116235186147711 0.00518093666610715 0.0907783316084843 0.0989286286260685 0.110198074027139 -0.0042472490989071 -0.0219941117763824 -0.0358944077653814 -0.0385887186933669 0.00673562259799538 0.0192620810072858
-9999 -9999 -9999 -9999 -9999 -9999 -9999 -9999 -9999 -9999 -9999 -9999 -9999 -9999 -9999 -9999 -9999 -9999 -9999 -9999 -9999 -9999 -9999 -9999 -0.174655085374398 -0.208501133331735 -0.244469229781806 -0.291665669251848 -0.316152230041465 -0.263796774315031 -0.278076994110187 -0.23487624632999 -0.160989751278747 -0.0957316739197821 -0.0857975523512403 -0.105163785551394 -0.0389390133387314 -0.0218141695015221 0.0803692299718792 0.109096465089131 0.078157214449185 0.0420060649021624 -0.0109003935404544 -0.0246896115556543 -0.0113117682442693 -0.0460307396532057 -0.0750259102019838 -0.0212007976972259
-9999 -9999 -9999 -9999 -9999 -9999 -9999 -9999 -9999 -9999 -9999 -9999 -9999 -9999 -9999 -9999 -9999 -9999 -9999 -9999 -9999 -9999 -9999 -9999 -9999 -0.312499047993071 -0.272144091292071 -0.265708737581384 -0.253437877170004 -0.275446565263848 -0.240586418560028 -0.143569804865901 -0.109324573745264 -0.0845780527870607 -0.105566676260843 -0.117988078647212 -0.0467008704804599 -0.00881818487557275 0.0170322235073269 0.031842110392025 0.0474631198777462 0.0773902266029969 0.0233671766922623 -0.0420530934659457 0.0216766939055569 0.00558847995859459 -0.0847433926143885 -0.12631347855236
-9999 -9999 -9999 -9999 -9999 -9999 -9999 -9999 -9999 -9999 -9999 -9999 -9999 -9999 -9999 -9999 -9999 -9999 -9999 -9999 -9999 -9999 -9999 -9999 -9999 -9999 -9999 -0.238956050572355 -0.204281709298252 -0.311399856857687 -0.230181434772471 -0.133368126422467 -0.0591369077011297 -0.0749107678672912 -0.0543529846689094 -0.155253325073482 -0.0951336608238847 0.00687610230308331 -0.0375126031505121 -0.0278196143774758 0.0119531644436289 -0.148114010336643 -0.0440548330077992 -0.0814655262012954 -0.0182523815202768 0.00639610678340894 -0.00805040476986875 -0.0689494794446496
-9999 -9999 -9999 -9999 -9999 -9999 -9999 -9999 -9999 -9999 -9999 -9999 -9999 -9999 -9999 -9999 -9999 -9999 -9999 -9999 -9999 -9999 -9999 -9999 -9999 -9999 -9999 -9999 -0.280530241161663 -0.259897378837138 -0.264278352961186 -0.123318613356583 -0.125091602146579 -0.114178961596689 -0.139000138358043 -0.170415306685025 -0.174784075296776 -0.200051436628782 -0.0324445438761418 -0.0599176214690608 -0.0395870635617634 -0.130830994089528 -0.123333610635382 -0.144709969364833 -0.0871711777001845 -0.025791438577899 0.0356500791989873 0.0059084538978299
-9999 -9999 -9999 -9999 -9999 -9999 -9999 -9999 -9999 -9999 -9999 -9999 -9999 -9999 -9999 -9999 -9999 -9999 -9999 -9999 -9999 -9999 -9999 -9999 -9999 -9999 -9999 -9999 -9999 -9999 -0.230671756070875 -0.215261602021194 -0.237622687946994 -0.280285088441097 -0.187381026623273 -0.219179515079392 -0.353586380673413 -0.30457218452413 -0.198118074948911 -0.211283798386364 -0.189561646213926 -0.190785640518955 -0.175352506141325 -0.170675226357696 -0.161392210203344 -0.104299078834504 -0.00582507880467866 0.0453172386880651
