data/rasters/s3.08.06.li.1_xyz_08_.asc
NCOLS 100 
NROWS 100 
XLLCORNER -4 
YLLCORNER -4 
CELLSIZE 0.08 
NODATA_value -9999 
[rows 44 to 65 of 100, columns 0 to 49 of 100]
-9999 -9999 -9999 -9999 -9999 -9999 -9999 -9999 -9999 -9999 -9999 -0.287696126922583 -0.147010000140412 -0.232700806576723 -0.187906672618077 -0.168540092717705 -0.191463938254453 -0.0919391445126436 -0.138067144719865 -0.00672527349627109 0.111883817155462 0.166958431976104 0.214053886678526 0.288920820498896 0.278580849998933 0.379012284623437 0.646565113423655 0.569252827931873 0.0659136923736656 0.420466468723144 0.309663627041875 -0.0423764483205578 0.0504357877244194 0.0292210315571369 -0.0560838940275914 -0.0461361033810766 0.0037233862898672 0.127385631591229 -0.0184791589630507 0.00735356338197449 0.0443605449735102 0.0423687535943728 -9999 -9999 -9999 -0.000164737703055734 0.0655819278249919 0.17590156513924 -9999 0.420193909042691
-9999 -9999 -9999 -9999 -9999 -9999 -9999 -9999 -9999 -9999 -9999 -0.24819158909792 -0.175225237797758 -0.196116425573877 -0.180130150868576 -0.13580706484009 -0.0859144734948122 -0.0304414489250617 -0.0464946919916483 0.0437925269896598 0.0402464218063591 0.174509791947142 0.1972966106965 0.272636006492532 0.302644040248272 0.200762865314351 0.15933390855236 0.0552358257207542 0.11285810426355 0.246841559660024 0.23248086079508 0.22304256861226 0.00582112978888031 -0.0445956031563546 -0.160249542668519 -0.00345707680838155 -0.00245570845428034 0.114897869360129 0.135149857593304 0.0549833286727328 0.0715025339405358 0.136442422546027 0.187547709741365 -9999 0.224639245366233 0.0997406186463064 0.0649119570756404 0.139137816166351 -9999 -9999
-9999 -9999 -9999 -9999 -9999 -9999 -9999 -9999 -9999 -9999 -9999 -0.200856168686051 -0.168927223015136 -0.168204175190324 -0.110818390961664 -0.0934415214903379 -0.0304283349501342 -0.117148791435115 0.105708601283394 0.0363477840270226 0.151396348452979 0.199937035870439 0.153786423130706 0.176271557280144 0.185244469962978 0.218074702726328 0.153999565610269 0.0862027155692667 0.150470137273777 0.214322142873499 0.0117808797059045 0.0141122052318767 -0.109195685868815 -0.0998195331762105 -0.124897753659713 -0.110706059999709 0.0278409619632867 0.0213411669655829 0.108587348202056 -0.00425727144102207 0.0940323966071473 0.275216730707451 0.263301367447036 0.170105101863866 0.230595796604931 0.0597381276420054 0.102025057980271 0.156101060814192 0.220440170337401 0.19779824416694
-9999 -9999 -9999 -9999 -9999 -9999 -9999 -9999 -9999 -9999 -9999 -0.135195488702586 -0.128364924461102 -0.123599565329467 -0.105574610274318 0.003292493386861 -0.0165376925240912 -0.0281964091147463 0.0811322066667299 0.180873323714156 0.123521346882842 0.14151399656022 0.156685141162821 0.234656778108924 0.140684717416219 0.178765628467919 0.0957604047913574 0.0714811290609953 0.207368240926797 0.149926997770086 0.00120121938267569 -0.0658123213015052 -0.0707266435342684 -0.157265988478604 -0.130487295179838 -0.0795646214755819 0.14087007376491 0.246322260162109 0.0154724804489531 0.0526341241369948 0.108732513505315 0.270710754045292 0.294012281689698 0.219882849410417 0.289014328829303 0.308406088538199 0.162942038993587 0.320524750620237 0.248870448589097 0.193396397888051
-9999 -9999 -9999 -9999 -9999 -9999 -9999 -9999 -9999 -9999 -9999 -0.112310617272492 0.00848939194985955 -0.066791787646008 -0.0987387523347417 -0.0624575853602435 0.053421210694279 0.0198091163858155 0.0597457048680765 0.115449907040319 -9999 0.116789097156893 0.0822218522658236 0.117174343163927 0.081056048353469 0.0850877569126413 0.0277243430580029 -0.000806686198538424 0.399876828939537 -9999 0.0854877904814133 -0.0502869718105343 -0.0438510316994036 -0.0795751968081673 -0.0649942656920509 -0.0555066687620153 -0.0543900159658697 0.0206679272589827 -0.000855941723624045 0.0167917460006887 0.203058947911423 0.25631335930109 0.299095906758149 0.285440286316832 0.270325932876071 -9999 0.334079737287284 -9999 0.270286899243032 0.325963090688233
-9999 -9999 -9999 -9999 -9999 -9999 -9999 -9999 -9999 -9999 -9999 -0.10524198046367 -0.055103680487971 -0.0400517112534308 -0.0583654021751226 -0.0132733226370762 0.0214997843347196 -0.0288707532372974 0.0446144465764393 0.169893615213779 0.181150832269835 0.163753943760979 0.143452724233457 0.174044196720319 0.133975581102345 0.2257322819531 0.219002346576882 -0.0186653534554416 -9999 -9999 -9999 -0.102412222154115 -0.0330479653176214 -0.130597518670036 -0.0891129312493883 -0.0401014359592006 0.000167648049173987 -0.00694492227371064 0.0598110459458828 -9999 0.368064607826906 0.223919249905783 0.22524494971773 0.305113823067469 0.384819896506566 -9999 0.144127446119866 0.419450417069938 0.368191139437745 0.386432501076278
-9999 -9999 -9999 -9999 -9999 -9999 -9999 -9999 -9999 -9999 -9999 -0.00641535913858803 -0.0647922293979857 -9999 -0.0487190501848347 0.0136531200326276 0.095851140276571 0.0633689300405957 0.0439462468867483 0.0869079268496915 0.102940105017453 0.136761029765765 0.167987255666026 0.207140768577622 -9999 -9999 0.152311946596064 0.166429021428242 -9999 -0.171891831241073 -0.127431006638584 -0.135210402370098 -0.196241802800738 -0.117881836608143 -0.116934480627456 -0.0842773737297295 -0.112368935351762 -0.0208628240780876 -0.0160943743504151 0.335981116451371 0.375077761444353 0.362776358846114 0.344246746556067 -9999 0.362209027337088 0.331849158521336 0.215186681751766 0.454489499929595 0.42482407271445 0.353681556489427
-9999 -9999 -9999 -9999 -9999 -9999 -9999 -9999 -9999 -9999 -9999 0.0371812242361078 0.0167185945091206 -9999 -0.00394568142061593 0.123139330594687 0.120526902131692 0.0757600191175768 0.0769498075646051 0.187062283563073 0.113072658793423 0.108184535414344 0.0929384730834028 -9999 -9999 0.134250837791747 0.160139974099719 0.187303924670292 -0.120743974253808 -0.0791275809028018 -0.155200415290065 -0.105606354598301 -0.129852294099284 -0.125112717511406 -0.101400977192869 -0.0887710478115101 -0.0273129358734092 0.0176130663412219 -0.0121689584062695 0.304518640042909 0.331063624125453 0.369434728142016 0.432187568314708 0.315105773895041 0.337843093961811 0.346928420846179 0.253242655513406 0.346401587437242 0.684273027072833 0.0662687518995378
-9999 -9999 -9999 -9999 -9999 -9999 -9999 -9999 -9999 -9999 -9999 0.0138169557091424 0.0434991330811265 0.199896006805865 0.108170960766851 0.115263033363925 0.0652506293638418 0.126057929253086 0.134680769877274 0.138713512719348 0.22523006596296 0.11204236858169 -9999 -9999 -0.0873184012862956 -0.0635329914380947 0.177600537687486 0.0668028139390344 -0.0550191614231167 -0.0852270294451415 -0.0843781295587522 -0.0703690010032234 -0.0331527390291815 -0.103415371075011 -0.079654524622276 -0.0700664331074962 -0.0606071748799796 -0.0301551620528702 -0.0142625223412394 0.029096769172892 0.325588525926142 0.280475607790226 -9999 0.305796623781248 0.360097459970185 0.33785721514416 0.377566470897497 -9999 0.74061188648646 -0.0139702557454737
-9999 -9999 -9999 -9999 -9999 -9999 -9999 -9999 -9999 -9999 -9999 0.0132960225981514 0.0819829284933811 -9999 0.0930022048033489 -9999 0.0397933607482012 0.0918644676062185 0.209420076822205 0.0457544367976221 0.370955416303803 -0.061774981883883 -0.0984507005046007 0.0156029115112454 -0.123413741936394 -0.08038126190006 0.0730085706274826 0.0525545359394468 -0.0487515042900256 -0.0498705684667751 -0.0847622461155842 -0.0906186971658213 -0.021933220342214 -0.0785179306398822 -0.0222938072504339 0.2226885663002 -0.0258989389695812 0.0103878051623579 -0.0317030818212557 0.0998113663868061 0.21925307083398 0.409725124402891 0.374691033982781 0.328812914097836 0.299623251693484 0.274165236979249 -9999 -9999 -9999 -0.258221958252816
-9999 -9999 -9999 -9999 -9999 -9999 -9999 -9999 -9999 -9999 -9999 -9999 -9999 -9999 -9999 -9999 -9999 0.115911914745242 0.314932756778248 0.0959416104306211 0.0935367857903322 -0.120194840897534 -0.0772741720534226 -0.00372410715787128 -0.11385891175357 -0.044555234553116 0.0443403393284985 -0.00706042817652258 -0.0165746679600581 0.00878049840576719 -0.00825501008840719 -0.0202630211237129 -0.0359449408284302 0.0541696342331562 0.027683751952762 0.202399831665726 0.237075121774685 0.127834847091895 -9999 0.166932764629567 0.168162198429386 -9999 0.255426295049565 0.272861783664909 0.314126152807695 0.237564354546741 0.352237356800089 0.409855908584051 -9999 -0.197455862089291
-9999 -9999 -9999 -9999 -9999 -9999 -9999 -9999 -9999 -9999 -9999 -9999 -9999 -9999 -9999 -9999 -9999 -9999 -9999 -0.2231955270819 0.203842530375475 0.0320502971101345 -0.0205301213630287 -0.0325820837500877 -0.1915137298435 -0.201175210401321 -0.114178232018571 0.00812502954207356 -0.00895649450282954 -0.0115045262660428 -9999 -9999 0.0831515439507482 0.0199465567438732 0.0624048108778531 0.0764080249941016 0.155928227047049 0.202433531095851 0.270488309583057 0.221915414097994 0.253249004371605 0.222056927175812 0.281431500579049 0.282462075557083 0.247302230789735 0.225337325715684 0.223696825630768 0.273997660087469 -9999 -0.189569922349168
-9999 -9999 -9999 -9999 -9999 -9999 -9999 -9999 -9999 -9999 -9999 -9999 -9999 -9999 -9999 -9999 -9999 -9999 -0.176794832679224 -0.188918477279265 -0.192494687196636 -0.248633746885823 -0.229956229835453 -0.170961475463842 -0.192921286569643 -0.190933328593568 -0.07713870622485 -0.0239355660648431 0.0160260111964603 -0.000336314212859494 0.0486698846087841 -9999 0.00409846966831411 0.0617276631223083 0.134213060858326 0.167750184467532 0.396627456032496 0.222734867785947 0.30427189574076 0.318221661772078 0.336635633954741 0.322716351089263 0.325269278678328 0.319413749995517 0.293449366501949 0.269288886746069 0.241279126516533 0.381372234740725 0.472829806378406 0.260762186775949
-9999 -9999 -9999 -9999 -9999 -9999 -9999 -9999 -9999 -9999 -9999 -9999 0.0620903860918714 -9999 0.0391982951520665 0.00790054655250992 -9999 -0.253772892501709 -0.152300738225716 -0.136665891826629 -0.106072847142904 -0.210083820311086 -0.237402279493809 -0.213333662701814 -0.162987353787619 -0.0912604254421322 -0.0591901938103288 -0.0284299723301156 0.127834199990781 0.0703930289560159 0.0543325530501076 0.0502261456489027 0.06042301407098 0.0547598082336153 0.115313807912218 -9999 -9999 0.14197716922672 -9999 0.399124216433817 0.356100527886728 0.417173541117598 0.279439830298235 0.271407568155222 0.355818508392211 0.263508929431843 0.0926478376932477 0.150264058875425 0.135283399579883 -0.00486080752374294
-9999 -9999 -9999 -9999 -9999 -9999 -9999 -9999 -9999 -9999 -9999 -9999 0.100039739277234 0.0957349027565902 0.109747391828844 0.0918061366941973 0.0544568602938532 -0.139415506300609 -0.142447133698841 -0.184493923069792 -0.247353137348506 -0.279017251155638 -0.274737799227283 -0.227144698954591 -0.249303732546325 -0.226044666454409 -0.198285397393106 -0.122925805744113 0.0218302195786379 0.0877205578337013 0.117178817347599 0.0991363785578024 0.102986634784357 0.0908189131402394 0.133426925242916 -9999 -9999 -9999 -9999 0.374856459880321 0.371508984638126 0.394911619175732 0.422982166805385 -9999 -9999 0.409325011978277 0.0886350900123178 0.229537862983123 0.296075618212367 0.0918408923982734
-9999 -9999 -9999 -9999 -9999 -9999 -9999 -9999 -9999 -9999 -9999 -9999 0.0636320262622911 -0.0027892524078408 0.0228244951733498 0.0423840315338723 0.053899939745732 -0.0934848322786079 -0.0219646980399079 -0.141180219744706 -0.189426251682707 -0.249769329582858 -0.280582237743434 -0.253487089081464 -0.229318052721186 -0.27286030590585 -0.157117403389723 -9999 0.0414383972693469 0.0254069905612066 0.149689354680134 0.14371984050119 0.186264746292389 0.125661807165687 0.178755533864271 0.103751171564956 0.125409601318696 -9999 -9999 0.382070354056314 0.388619348221298 0.372312421601127 -9999 -9999 -9999 -9999 -9999 0.307381387416871 0.285357639960496 -0.184056159801092
-9999 -9999 -9999 -9999 -9999 -9999 -9999 -9999 -9999 -9999 -9999 -9999 -9999 0.0253943893792508 -0.0331547569715284 -0.0250529109468712 0.0227785764756201 -0.142887612504273 -0.131431776465539 -0.195229426517741 -0.276762830097802 -0.2987408762858 -0.273361773743781 -0.284392166679697 -0.225609968868155 -0.23677896938052 -0.11806825022908 -0.163850493359876 -0.049006239426833 -0.0442798411596767 0.021570794728669 0.0563510955624327 0.0919140242065897 0.10064494138861 0.111720353698096 0.112243963763443 0.14197294421512 0.197939710054989 0.364634309438911 0.401204586686758 0.478111458649469 -9999 -9999 -9999 -9999 -9999 -9999 0.125478812597009 0.193287166060008 0.462486833518115
-9999 -9999 -9999 -9999 -9999 -9999 -9999 -9999 -9999 -9999 -9999 -9999 -9999 0.0518535512805369 0.0239064234384921 0.0290970788902397 -9999 -9999 -0.204661035979429 -0.261249312874901 -0.162987426675282 -0.283018470680372 -0.235319893675116 -0.207714741503581 -0.229120309766922 -0.188265875025175 -0.220800610079426 -0.120772970323388 -0.072095949571386 0.0308691530915954 0.0411469438574617 0.136264074064793 0.229347128478042 0.227786485840994 0.126847532603647 0.169719875071522 0.0762158983093363 0.270199346058424 0.30871174548869 -9999 0.382900133833209 0.458412636826754 0.399327693463189 0.46388770255293 0.48667610534939 -9999 0.276680454948587 0.257676450659843 0.157786912173652 0.143661985362626
-9999 -9999 -9999 -9999 -9999 -9999 -9999 -9999 -9999 -9999 -9999 -9999 -9999 0.0742259183357778 -9999 -9999 -0.0165282895204899 -0.14255081545071 -0.165047384854737 -0.254949358980638 -0.200834120558761 -0.168277410540043 -0.213556010746729 -0.227132260479815 -0.271491590853103 -0.170005656682176 -0.173778722857325 -0.223096265455735 0.0418337944184124 0.0671090215901742 0.00953327999966415 -9999 -9999 -9999 0.0211720887361045 0.0628630695021783 -0.014573762034936 0.154596770246953 0.221934781132055 -9999 0.613345276987882 0.497464100134992 0.529051053024887 0.624324468228411 -9999 -9999 0.264078770603654 0.269325921189461 0.185694666747092 -0.149222652648034
-9999 -9999 -9999 -9999 -9999 -9999 -9999 -9999 -9999 -9999 -9999 -9999 -9999 -9999 -9999 -9999 -0.0333428631469695 -0.0480245718547921 -0.188382489454162 -0.14412862301404 -0.192582206994223 -0.281765606571852 -9999 -9999 -0.161071379561858 -0.174412756466522 -0.161069951009191 -0.133883805405373 -0.114436429560455 -0.0434988790262909 0.134523800037148 0.142308620347219 -9999 -9999 0.0719439652728602 -0.0177903530237438 0.0246666273436645 0.10525821904241 0.102707655470701 -9999 0.00634694207085311 -0.0353637402011177 0.229300584773627 0.489397196053559 -9999 -9999 0.323558296341876 0.203123516074973 -0.0601237733032125 -0.143611077214453
-9999 -9999 -9999 -9999 -9999 -9999 -9999 -9999 -9999 -9999 -9999 -9999 -9999 -9999 0.149033355084495 0.206987641839498 -9999 -9999 -0.192900775614065 -0.145546095815984 -0.151284086216425 -0.26915456517068 -0.267723868230131 -0.211997518205097 -0.187302984685005 -0.180113472059063 -0.14763020863788 -0.124430302323929 -0.115696298437789 -0.0164234200695275 -0.00500685955439771 0.143045276125961 0.304161106842717 -9999 0.1270865968451 0.111033040981006 -0.0834707243792007 -0.0496452222657367 -0.0457203611028711 0.0878332514367015 -0.0571330528243586 0.0364009195226826 0.271669021931413 0.416022218086419 -9999 -9999 -9999 -9999 0.0206454783306148 0.0104473853299402
-9999 -9999 -9999 -9999 -9999 -9999 -9999 -9999 -9999 -9999 -9999 -9999 -9999 -9999 0.161398876035986 0.213849742285137 -9999 -9999 -0.061110975575569 -0.127499162996588 -0.125097771407245 -0.225544239874711 -0.250508088913399 -0.224380951771673 -0.206077067172981 -9999 -0.254427470432412 -0.188414739641432 -0.148416914069659 0.0760754811274468 -0.0042535166721667 0.056688238481685 -0.0470632494700898 -0.0650428112317333 0.0124652263086372 -0.0219051150548243 -0.0949977938552308 -0.0302257275009541 -0.0785662732334705 -0.039382326074534 -0.0871171675364243 -0.000650789760508263 0.35135197797679 0.195033978094923 0.0633748912541239 0.00696713113791705 -0.0551950663220383 0.0335655048917494 0.091487750062767 0.0836948166622883
