data/rasters/s3.06.06.li.1_xyz_08_.asc
NCOLS 100 
NROWS 100 
XLLCORNER -4 
YLLCORNER -4 
CELLSIZE 0.08 
NODATA_value -9999 
[rows 22 to 43 of 100, columns 0 to 49 of 100]
-9999 -9999 -9999 -9999 -9999 -9999 -9999 -9999 -9999 -9999 -9999 -9999 -9999 -9999 -9999 -9999 -9999 -9999 -9999 -9999 -9999 -9999 -9999 0.0693224799068155 0.056376859430329 0.00036067214015233 0.000561984762250956 0.130770050678103 0.178777637658957 0.23945312339209 -9999 0.0424758067001601 0.0192156042631264 -0.0956318661049346 -0.00811925511285877 0.075713788564224 -9999 0.142418687370205 0.078049408439395 0.0792829405522479 0.0776841122566726 0.157635888449475 -9999 -9999 0.122128882551717 0.0641757514766971 0.0676874426079981 -0.232462347793546 -9999 -0.0998680792786137
-9999 -9999 -9999 -9999 -9999 -9999 -9999 -9999 -9999 -9999 -9999 -9999 -9999 -9999 -9999 -9999 -9999 -9999 -9999 -9999 -9999 -9999 0.0683096406135817 0.0337222461779997 0.086098703826642 0.111135798720517 0.093576028484655 0.046521387925049 0.211656414294013 0.106900754687424 0.0912747422998643 -9999 0.0423887287590973 0.0595543700514279 -0.082973633460948 0.121793621821831 -0.463217900596937 0.0410610864210242 0.0352443456626067 0.0499036786051538 0.0482848725371171 0.153473942480038 0.135895938977693 -9999 -0.0413046102675905 -0.00568976022995724 -0.0196167702620151 -0.18850005501014 -0.194032971542368 -0.209342622349629
-9999 -9999 -9999 -9999 -9999 -9999 -9999 -9999 -9999 -9999 -9999 -9999 -9999 -9999 -9999 -9999 -9999 -9999 -9999 -9999 -9999 0.129395252248013 0.122557045271141 0.116936837019112 0.158196728923374 0.16772025594604 0.114989564636132 -0.0663570650840648 0.110775877455507 0.122185877687307 0.12070266178845 0.100787239514755 0.0381655313438162 0.00683149756491562 0.0553593521261292 -0.4457656972073 -0.27745240724524 0.00269496137611648 -0.0517589263384646 -0.00450638519320237 0.197946982677234 0.169342471135762 -9999 0.168802504617876 0.091684895445256 -0.0450156458317694 -0.00983463442028123 0.0100383439746906 -0.114053046611693 -0.161520440469381
-9999 -9999 -9999 -9999 -9999 -9999 -9999 -9999 -9999 -9999 -9999 -9999 -9999 -9999 -9999 -9999 -9999 -9999 -9999 -0.0113553003715741 0.061502389672587 0.114607938274636 0.145542891994883 0.0842729456767587 0.117252428243855 0.125333958188558 0.0155366068583903 0.0115953145963709 0.150285207741959 0.121116302769398 0.0859739456454921 -9999 -9999 0.0386984338092277 -0.373165943087093 -0.40448939555177 -0.380862735523673 -0.17927256012894 0.00781405394529549 0.0458301712009225 -0.0342975995629892 0.0915611243454405 -0.0274440157505978 0.0775903193467076 0.128636735687397 0.0112805196434966 -0.00131010412148914 0.0396912742001275 -0.0113694839456254 -0.103590037746318
-9999 -9999 -9999 -9999 -9999 -9999 -9999 -9999 -9999 -9999 -9999 -9999 -9999 -9999 -9999 -9999 -9999 -9999 -9999 0.0637677472531776 0.0633523016409784 0.0941325818064714 0.01430255487503 0.119164020714766 0.101568204331502 0.0638772012656806 -0.0834913866241116 -0.090940503138403 -0.134477973566751 -0.0263913870723535 -9999 -9999 0.0635438940852697 0.0412110356453202 0.00361807712004692 -0.0575938699206564 -0.357644963193964 -0.21355956156282 -0.109202152190156 -0.0640573486580415 -0.304115362074701 0.0890633634889123 0.121832471076024 0.108352528928 0.114379079180271 0.0190433513110622 -0.0550578702265767 0.00152344979953639 -9999 -0.0606183204499824
-9999 -9999 -9999 -9999 -9999 -9999 -9999 -9999 -9999 -9999 -9999 -9999 -9999 -9999 -9999 -9999 -9999 -9999 0.0366311191778978 0.0899299908759595 0.182153915884567 0.150543386091558 0.0759775992287454 0.114519225230001 0.061834474526305 0.0398379885153477 -0.000871542927774148 0.102177973434475 -9999 -0.0302873429058493 -9999 -9999 -9999 0.0138336777703828 -0.132941973319355 -0.111000822670571 -0.303795415680978 -0.250724308364598 -0.0790699305262609 -0.0767673375056124 -0.151076836051783 0.0657643615839229 0.0125245627665408 0.0202734646701378 0.0640851507449217 0.108487898951383 -0.0224618599108432 -0.105101496975564 -0.0597584105284803 -0.122683161492989
-9999 -9999 -9999 -9999 -9999 -9999 -9999 -9999 -9999 -9999 -9999 -9999 -9999 -9999 -9999 -9999 -9999 -0.00115566811047009 0.00142223134138526 -0.0407505291085261 0.203125478063131 0.0435936020752775 0.00936792277097584 0.0290521794839558 -0.0359495143690384 -0.127686198272677 0.0884794478040788 0.0998207230868448 0.107952833093738 0.000887894561962193 -0.0874550087914274 -9999 -9999 -0.00453324960527699 -0.0383347242922178 -0.000169217700636176 -0.211444274822688 -0.157937842160034 -0.249239044770822 -0.194865102192348 -0.0540349173519444 0.143453321852745 0.00478380733490327 0.000409225056201393 0.0858083325458474 0.0404644222236426 -0.0680592985021193 -0.109541731043455 -0.139051570807576 -0.200652241597871
-9999 -9999 -9999 -9999 -9999 -9999 -9999 -9999 -9999 -9999 -9999 -9999 -9999 -9999 -9999 -9999 -9999 -0.00785000741533048 -0.0114210669081122 -0.0317603378983882 -9999 0.0372679014798543 0.12556204232068 0.0364188065901836 0.11675450517458 -0.138078614613342 0.036934858193673 0.0921134592716175 0.170187216263692 0.0714521050510694 -0.0474934727311887 -9999 -9999 0.0290856529941811 -0.0476776326418435 -0.0148341015553046 -0.161899043490289 -0.11390935871603 -0.0764931228581192 -9999 0.125882601633134 0.156224205947759 -0.019731593279415 0.0308421069127775 0.0644524559198874 0.013619689010702 -0.0853375229210327 -0.153201131378563 -0.26732639585904 -0.252333799058202
-9999 -9999 -9999 -9999 -9999 -9999 -9999 -9999 -9999 -9999 -9999 -9999 -9999 -9999 -9999 -9999 -0.0538475324668116 -0.00426376214996079 -0.0276471248208239 -0.0652559341277896 -0.0931824932155665 0.136556467658975 0.118552625435169 0.038962921467039 0.156009675011425 -0.0986537412363795 -9999 0.0370001044016752 0.131552621284932 0.00499627470315651 -0.0376146079868645 0.0796398962774915 -0.0908161401945871 0.0146728967649845 0.0262482758351589 0.0856309649507606 -0.147741672926262 -0.0622314562063427 -0.118588052560541 -0.210511402304193 -9999 -0.0755939437801331 -0.0545188085899012 -9999 0.00021186572940787 0.00668025073473277 -0.0517547151255022 -0.208567620232437 -0.215247987464718 -0.249520233550727
-9999 -9999 -9999 -9999 -9999 -9999 -9999 -9999 -9999 -9999 -9999 -9999 -9999 -9999 -9999 -9999 -0.00989820239587812 -0.00279992332967707 -0.0282984256474214 -0.100969253092501 -0.0994708983118249 0.0834422281063792 0.0544594496385907 0.0140011131439327 -9999 -9999 0.063700008180869 -0.0345598655033433 -9999 0.0605189636339699 0.0876170376974651 0.108702644232986 0.00454473300169281 0.0552184393341816 0.0613084562950419 -9999 -0.262599290078609 -0.110341614812866 -0.193018333203513 -0.209185939818116 -9999 -0.0950546968784411 -0.0577348705823432 -0.0460882511844363 -0.463911374521736 -0.353619456415095 -0.0693711877205974 -0.181697117077947 -0.235933629235513 -0.279124511799886
-9999 -9999 -9999 -9999 -9999 -9999 -9999 -9999 -9999 -9999 -9999 -9999 -9999 -9999 -9999 -0.0786035125531971 -0.0722502702462655 -9999 -9999 -9999 -9999 -9999 0.052612172991076 -0.0273528556405229 -9999 -9999 -9999 -9999 -9999 -0.0150147130465339 -0.0932481245657995 0.0395572038680125 -0.0439170759070103 0.0160194873508656 0.0603295452500675 -0.114647125217151 -0.0437517782282021 -0.0129931779436386 -0.00447908919421627 -9999 -9999 -0.1299014448897 -0.107167064663186 -9999 -0.314795446622157 -0.293868371884452 -0.353528867117156 -0.293438343452151 -0.26674761308849 -0.22947634208119
-9999 -9999 -9999 -9999 -9999 -9999 -9999 -9999 -9999 -9999 -9999 -9999 -9999 -9999 -9999 -0.0937099871356798 -0.149509091093442 -9999 -9999 0.111121647551332 0.0907602393570696 -9999 0.0560580636752419 -0.00706281572898041 0.0217610518108469 0.135467691475553 -0.105080983660358 -0.135277329554416 -0.163810889688613 -0.051412884528558 -0.107907338291604 -0.039663224377396 -0.0394114379065483 0.0365198459159547 0.0102089832470773 -0.0739415931484254 -0.0549468158073323 -0.000765826964514677 0.003078902512236 -9999 -0.126581026244266 -0.16743327222003 -0.151305707235767 -0.247860333381583 -0.340791644616481 -0.284514594693333 -0.338623097110541 -0.289082609541159 -0.296563161131254 -0.317144257510275
-9999 -9999 -9999 -9999 -9999 -9999 -9999 -9999 -9999 -9999 -9999 -9999 -9999 -9999 -0.119732466912873 -0.137893568893272 -0.196614572697999 -9999 -9999 0.147648752536137 0.160858596070311 -9999 -9999 -0.00078888120076714 0.0629734593519863 0.0429480517312064 -0.0629545023466767 -0.106342537822421 -0.132643723612961 0.0195375489221991 0.0329728836636989 0.0265496077742989 -0.0830615812444734 -0.0356953267222701 -0.00893511317131892 -0.023433659770187 -0.0064134958574206 0.0431933909021164 0.0362156877893598 -9999 -0.1472932210075 -0.159719002711886 -0.0455228216192667 -0.203257026046831 -0.21571034899209 -0.311590938607304 -0.34752218847559 -0.27076899425586 -0.294889793123842 -0.342093687119806
-9999 -9999 -9999 -9999 -9999 -9999 -9999 -9999 -9999 -9999 -9999 -9999 -9999 -9999 -9999 -0.133257910403461 -0.17115053263327 -0.191514959332639 -9999 -0.00608646932522911 0.155092134784388 0.13100197035162 -9999 -9999 0.0247764713090097 0.0374441395819001 -0.101013740192927 -0.105446872053871 -0.123700820112938 -0.0920482048763697 0.115987482259711 0.0291226892637045 0.0116029234788894 -0.0033116891185218 -0.102914030070371 -0.0490271027290225 -0.0624476660378818 -0.0209531828099635 0.0209543691646455 -0.0972955649330927 -0.138688887850376 -0.177808683849201 -0.101726207606394 -0.121840870410102 -0.0845666129486814 -0.108654561140356 -0.387309396167955 -0.333102337521039 -0.477088473118644 -0.491202700350988
-9999 -9999 -9999 -9999 -9999 -9999 -9999 -9999 -9999 -9999 -9999 -9999 -9999 -0.218983870836331 -9999 -9999 -0.169123782313362 -0.170705476733735 0.0714181266537715 0.0775949327815474 0.067558958391357 0.131268198893343 -9999 -9999 0.000936785823693891 -0.0279351849971146 -0.071939804304032 -0.0952147518221565 -0.118046735695344 -0.0693932557803532 -0.0663557036157859 -0.117588598532851 -0.212118347201221 -9999 -0.263919968798236 -0.262814406076371 -0.0901807212957462 -0.0550814834546282 -0.040178520943536 0.0423100680826697 -0.00191565220900474 -0.17627299597316 -0.0671815900773259 -0.0548618706597165 -0.0481135670010264 -0.353923362795398 -0.325418727848734 -0.391994037939622 -0.345389990141613 -0.369903258469934
-9999 -9999 -9999 -9999 -9999 -9999 -9999 -9999 -9999 -9999 -9999 -9999 -9999 -0.254161789319988 -9999 -0.0847037443725392 -0.125518314093438 -0.151332025053243 0.0634895824025061 0.0809541447784239 0.0557529094501413 0.028733794131561 0.0773133667905304 -9999 0.0199682273110964 0.0680215692855867 0.0670620202350671 -0.00589923183001964 -0.0358764250415336 -9999 -0.075068395028969 0.00118467089334216 -0.0990364234571365 -0.126633558489196 -0.140326683873624 -0.184629490094142 -0.0290434077715125 0.0109348018385642 -0.102092908798463 -0.0478421708177935 -0.0323807570512449 -0.129418570506423 -0.139667220543746 -0.046225181427535 -0.0552709389110999 -0.152044384284215 -0.2201575619807 -0.280181308475158 -0.3400790829133 -0.174416269963827
-9999 -9999 -9999 -9999 -9999 -9999 -9999 -9999 -9999 -9999 -9999 -9999 -9999 -0.243454404590264 -0.243848599098866 -0.0848807236560598 -0.0762645874723297 -0.0668516867141952 -9999 0.0832478300529333 0.0535765566260415 0.068093650118252 0.0458007087632525 0.0424380378430588 -0.00783256652828346 0.0613874262703036 0.0194437740859561 -0.0159503851009262 -0.090154575881159 -9999 -0.00869949760219568 -0.0970305971629125 -0.057531775419224 -0.105933712864291 -0.145467376237037 -0.151118384724264 -0.088373238774103 0.0477556597124173 -0.056410719819011 -0.109073821723995 -0.286298426380049 -0.0239172748278416 -0.06723205960425 -0.0298393857036553 -0.110483564428288 -0.166686729331713 -0.131179297040157 -0.145600141166567 -0.224357914943932 -0.185702163610017
-9999 -9999 -9999 -9999 -9999 -9999 -9999 -9999 -9999 -9999 -9999 -9999 -9999 -0.230039973915912 -0.230785225645059 -9999 -9999 -0.139462548512362 0.0882093377537467 0.0405424287213105 0.0268849888185261 0.0884491256432597 0.0379130869775954 -0.00256121638138509 0.04155518519815 0.0305738355951499 0.0151483063014719 -0.0326158063544462 -0.0423288054018295 -0.0413088450763974 -0.013313270114816 -0.00731497915553655 -0.0721408123328001 -0.107398607869212 -0.147038794050672 -0.188749984808908 -0.0423410567986182 0.0368266896870232 -0.0359737332532841 -0.0686049594599896 -0.137373871320832 -0.109022560150213 -0.0714492977697596 -0.197036594858508 -0.133620656853553 -0.186414199388792 -0.158229630615116 -0.203892010992259 -0.268116052922103 -0.210355506446236
-9999 -9999 -9999 -9999 -9999 -9999 -9999 -9999 -9999 -9999 -9999 -9999 -0.246992661736478 -0.213944896762246 -0.227770019241878 -0.127162539694975 -0.0803291134888652 -0.0971736171289844 0.0917148222429912 0.0545345593830265 0.0367514845434497 0.0380260592475691 0.0236084009910861 -0.0308647983334953 0.0313993446853982 -9999 -9999 -0.079930840842619 -0.0560568528764389 -0.0582563603599301 0.0555399054334843 0.0485719040848078 -0.0337520122339429 -0.107603591448759 -0.13591515882121 -9999 -0.227648035512113 -0.208988078896948 -0.198406810527839 -0.148533796204823 -0.062158195773714 -0.15719902130311 -0.208007984831324 -0.21497878730986 -0.212395268915658 -0.16601252879737 -0.174496574913071 -0.196185730963648 -0.194791468332181 -0.204535689780355
-9999 -9999 -9999 -9999 -9999 -9999 -9999 -9999 -9999 -9999 -9999 -9999 -0.254666007071939 -0.201574179908612 -0.146338124111755 -0.120410975912552 -0.11148626382772 -9999 0.0848185544317503 0.0788720033203498 -9999 -9999 0.0293948325130044 0.0138773972843797 -9999 -9999 -0.26114059638581 -0.0939229097426502 -0.0570844359764003 -0.0362763061849086 -0.05495579950277 0.0271385536289115 -0.0157600206871052 -0.0980905824366457 -0.13175838277038 -9999 -0.14365897490282 -9999 -0.192969812330776 -0.121543227376062 -0.158759254003986 -0.190272525755271 -0.257124140678496 -0.222804094696368 -0.187618417398769 -0.166859211177679 -0.173879592829548 -0.200262258346013 -0.205557849308541 -0.208204110664577
-9999 -9999 -9999 -9999 -9999 -9999 -9999 -9999 -9999 -9999 -9999 -9999 -0.16428523180736 -0.127680260427529 -0.0827027410791079 -0.10169401805227 0.00472915767947769 -0.026047847636035 -0.0580080411447192 -0.12791421150012 -9999 -0.0171224120146472 0.0196953906122858 -0.00838063691304083 -0.0665007602501329 -0.134572831210702 -0.246102172329354 -0.229358023221613 -0.0386335642165336 -0.135233672651677 -0.165752082088932 -0.00588783624976784 -0.0124117040334188 -0.0739980973052595 -0.0626497513610863 -0.0856179750222844 -0.0701606314668897 -0.160771639973265 -0.13004645426564 -0.0877672400153996 -0.128688596486622 -0.23706032799087 -0.216282662127474 -0.204369972665458 -0.149576228407486 -0.174823469766952 -0.213611268985787 -0.279806576763522 -0.307422393636475 -0.339566937214168
-9999 -9999 -9999 -9999 -9999 -9999 -9999 -9999 -9999 -9999 -9999 -9999 -0.203746871907528 -0.0673686784628613 -0.0595195090856793 -0.0854858144949095 0.0160820839766429 -0.00482779290507191 -0.114798348565252 -0.109138526823247 -9999 -0.0314070756547217 0.00529059383258927 -0.00637985244532367 -0.11197053313958 -0.101821513949428 -0.214968649048053 -0.16107977534065 -9999 -9999 -0.13932826257243 -0.112782688086738 -0.152258087425468 -0.174921591151294 -0.0760003427089192 -0.172932178313808 -0.10515195399866 -0.154012180355499 -0.229721773482185 -0.121762327639051 -0.248700552534381 -0.415623318938016 -0.198366430451979 -0.2751611588331 -9999 -0.475489405454109 -0.425237956235271 -0.194451084920431 -0.126955507456263 -0.30949659706127
