data/rasters/s3.06.06.li.1_xyz_08_.asc
NCOLS 100 
NROWS 100 
XLLCORNER -4 
YLLCORNER -4 
CELLSIZE 0.08 
NODATA_value -9999 
[rows 44 to 65 of 100, columns 0 to 49 of 100]
-9999 -9999 -9999 -9999 -9999 -9999 -9999 -9999 -9999 -9999 -9999 -9999 -0.10180002940486 -0.109684450847512 -0.0681009924715039 -0.0807155430555654 -0.0112640187130828 0.00637008994815042 -0.0592237270437252 -0.0444268386047718 -9999 -0.0811726213631826 -0.00180143006890204 -0.0216487506393741 -0.0360467808617047 -0.109268550603195 -0.131977484489027 -0.122240666233703 -9999 0.0110610893611893 0.0178242392482973 -0.00872621773574851 -0.101902377358125 -0.151511783862547 -0.141481479883755 -0.0913366362891257 -0.0531695055432423 -0.133746904081825 -0.226453057474098 -0.258860838826666 -0.261433161411662 -0.389315679782673 -0.31204949944075 -9999 -0.514871060236713 -0.457865619821631 -0.398306817287034 -0.163149411780456 -0.0668293128385205 -0.16881107100587
-9999 -9999 -9999 -9999 -9999 -9999 -9999 -9999 -9999 -9999 -9999 -0.0379617208917268 -0.0458570354882767 -0.0575028437364785 -0.109300429866334 -0.131827806440357 0.00783083303292472 -0.0308604525711189 -0.0993931444817978 -0.0289599760651147 0.00541741341401634 -0.0240229570300851 -0.0366202523964285 -0.0776065803546753 -0.0657929692022748 -0.0899223974814482 -0.0987101383087629 -0.0791139106874974 -0.0615829300187682 -9999 0.0242846172644235 -0.00833559465443235 -0.0667694763329915 -0.034057607786731 -0.057047317701653 -0.130534599123581 -0.170678077286957 -0.20898240086701 -0.276057411930659 -0.33867233780144 -0.38692907894213 -0.503392294295259 -0.69054138155791 -9999 -9999 -0.443398809250639 -0.423880733676969 -0.360496241986897 -0.221008724451418 -0.17527739661661
-9999 -9999 -9999 -9999 -9999 -9999 -9999 -9999 -9999 -9999 -9999 -0.0308848682976404 -0.0647424468908861 0.0522942161756288 -0.099394263282139 -0.0523934126666689 -0.00335584762258623 -0.0374438166880197 0.0256289768190101 -0.00110159460952897 -0.065088656918629 -0.00441517736847606 -0.0106836645310197 -0.114497841042446 -0.0844071153677663 -9999 -0.121225531736359 -0.0684362001820064 -9999 -0.310680799191267 -0.105084710025278 -9999 -9999 -0.0782690088453667 -0.0175900461988677 -0.0907440973046523 -0.105352899165758 -0.209131461224255 -0.213195401978177 -0.233802378419641 -0.425509603534633 -0.473907981537513 -0.566155235647043 -0.680077735918252 -0.638617712135476 -9999 -0.487005631239609 -0.442284319452198 -0.415606896532437 -0.250277676457538
-9999 -9999 -9999 -9999 -9999 -9999 -9999 -9999 -9999 -9999 -9999 -0.192695734301751 0.0358577803732249 -0.0292422033306039 -0.0134733359334501 -0.0249974370471421 0.000973616915925419 -0.0381498167750693 0.0321280462038525 0.0501300070466495 -0.086486551608346 -0.059275449475408 -0.0292744219321976 -0.00386763953647695 -0.107555276220002 -9999 -0.098769977341968 -0.0658880822393989 -9999 -0.235627994678575 -0.121967357276281 -0.137183023716602 -9999 -0.106474815602583 -0.114469500734064 -0.0659603318030887 -0.136082609402651 -9999 -9999 -9999 -0.494401400246674 -0.587401268500716 -0.583650664064639 -0.614876146879384 -0.615909228846056 -0.584136448734675 -0.578216641877901 -0.420079265899994 -0.36631857478887 -0.146313797462729
-9999 -9999 -9999 -9999 -9999 -9999 -9999 -9999 -9999 -9999 -9999 -0.171157393861291 -0.219951569645076 -0.1144483821144 0.0532895486412929 0.0617685340799547 0.0317721326920919 0.00484029643006791 0.0551872035329669 0.0116214129727291 -0.0921811247099962 -0.201535230649815 -0.046117000089331 -0.0221232250343875 -0.0670362179721193 -0.0972058558012094 -0.164076182496626 -9999 -9999 -0.177198880449245 -0.0384571531965323 -0.12311254944759 -0.144262085307946 -0.110134551710442 -0.0851433030000677 -0.0590163533995881 -9999 -9999 -9999 -9999 -0.74403528915087 -0.475192794652557 -0.576136032124247 -0.603367415137479 -0.603314800644687 -0.560373145212232 -0.55325309607681 -0.318262066627445 -0.322727229603067 -9999
-9999 -9999 -9999 -9999 -9999 -9999 -9999 -9999 -9999 -9999 -9999 -0.125549548669183 -0.0270822642236343 -0.0180464432443452 0.0107262934447214 0.0849607891947596 0.0818338616949664 0.0459701758818995 0.059602655977302 0.00708511723003188 -0.0845557440471965 -0.18134046411544 -0.0483929109147393 -2.86866103716219e-05 -0.0360154927718942 -0.143386097570166 -0.135801743664973 -9999 -0.100025267681057 -0.194806949536324 -0.00969584452335063 -0.038857636023618 -0.108454447284161 -0.0572825504790433 -0.0481902603958921 -9999 -9999 -9999 -0.296219815903918 -0.245493640775568 -0.2743953898455 -9999 -9999 -0.63068739694642 -0.556810500414786 -0.555985148952106 -0.595995015957842 -9999 -9999 -9999
-9999 -9999 -9999 -9999 -9999 -9999 -9999 -9999 -9999 -9999 -9999 -0.134123949793909 -9999 0.0744705788121303 0.116274211715285 0.0794955695662769 0.127873662290244 0.0729634387770526 0.0372798852681446 -0.0275547852150599 -0.0415052622516273 -0.0831006300521076 -0.0697004956738926 -0.0438086367390834 0.0555317314481434 -0.0727452889378777 -0.133510587155218 -0.113281308899892 -0.0464354655116183 -0.22791291382627 0.0377048083829105 -0.0225371151308154 -0.0463914784153281 -0.0459729899960474 -0.0349602879595252 -9999 -9999 -9999 -0.280707203668046 -0.264044705319584 -0.180592974379599 -0.215690988212694 -0.294308502648815 -0.464778217215194 -0.439148616902185 -0.497839327841691 -0.499325028688545 -9999 -9999 -9999
-9999 -9999 -9999 -9999 -9999 -9999 -9999 -9999 -9999 -9999 -9999 -0.0995001519868009 -0.0580426006970542 -9999 0.0456945311105316 0.107960191623412 0.159562628079531 0.0712061098826562 -0.0233974093709707 -0.120547214698765 -0.032677839877206 -0.0243081377797714 -0.0466130336621732 -0.0155442069215306 0.0777136473503232 0.00773567882334339 0.0415670438402139 -0.0990523926396717 -0.0484933483549078 -0.124899862434939 -0.099924991995663 -0.0947202329080225 -9999 -9999 -9999 -0.0140716006943564 -0.0430970285145503 -9999 -0.196556698618722 -0.180153399912131 -0.193222876212067 -0.132961115599172 -0.27920495413419 -0.394066647111521 -0.401380312441005 -0.489001084376988 -9999 -9999 -0.308557485758759 -9999
-9999 -9999 -9999 -9999 -9999 -9999 -9999 -9999 -9999 -9999 -9999 -9999 -0.0708064777989826 0.0581913922459041 0.0224549215099077 -9999 0.131961095630179 0.00431145747218225 -0.026301506292079 -0.0092905456747413 -0.0191876097222196 -0.0867623210094424 -0.0748347330458635 -0.027193412691911 0.0695883554819759 0.071854221971753 0.0166317027077971 -0.0625664743676516 -0.0430277005422469 -0.0500030315495544 -0.077651450455007 -0.109256773682164 -9999 0.0799187452694995 0.0167188257862677 0.0276203441899169 -0.0361305226213197 -0.115310895760273 -0.187376474949433 -0.0742354175201136 -0.132948441712281 -0.163438190174341 -0.254940070837616 -9999 -9999 -0.489883353002982 -9999 -0.293127736559742 -0.265576264441908 -0.305855254662394
-9999 -9999 -9999 -9999 -9999 -9999 -9999 -9999 -9999 -9999 -9999 -0.156987895857005 0.0169867531791636 0.0493964514089392 0.109497236644072 0.126765780581123 0.0972835027703325 0.0442862337516732 0.0175134457947142 0.00432972925234754 -9999 -0.101928568740167 -0.0927689712021604 0.00485352741280577 0.0610366292290886 0.0563259831399856 0.027562158204158 0.0283695435364436 0.0891392232531489 0.0455656331752511 -0.00440957620259338 -0.0705126680735622 0.0263138411058901 0.0364276573966643 -0.0107209563402719 0.0204797921843405 -0.0366516150503353 -0.124495664119123 -0.147138287019178 -0.062855755366973 -9999 -0.333553683177993 -0.318485477432063 -9999 -9999 -0.289535731587144 -9999 -0.290711071502646 -0.268070248550463 -9999
-9999 -9999 -9999 -9999 -9999 -9999 -9999 -9999 -9999 -9999 -9999 -0.12850958145574 -0.151849884829953 0.0871335391515612 0.133854291456699 0.127769428137155 0.0424256871375762 0.0580825619766906 0.0123469438729481 -0.0517193358208793 -0.187199719769222 -0.058194443054759 -0.205184626896417 -9999 0.0528771365141045 0.050283576562994 -0.0602857596293259 0.139231631945452 0.202427395952175 0.138436975327564 0.120584869379681 0.0665999873870731 -0.00113978440940117 0.046697776227615 -0.0825642783800094 0.00758581142122178 0.00209887795488218 -0.103236747033877 -0.117869716265647 -0.142970343453609 -0.452188775049677 -0.315313742078323 -0.322502843454298 -0.259223135472651 -0.234507137465042 -0.195836119570714 -0.151616855221603 -0.29308531905801 -0.273897021656082 -9999
-9999 -9999 -9999 -9999 -9999 -9999 -9999 -9999 -9999 -9999 -9999 0.0996418591339815 0.0797060635265755 0.146270368665344 0.139265510465076 0.106814290238023 0.0494803336270618 0.0277030489028775 0.0198632137765759 0.0114724988956462 -0.0300410696089559 0.0107405863411562 -0.10989366412051 -9999 -9999 0.0534941116554067 -0.0488698358496329 -9999 0.147230812078694 0.152468278567618 0.0371248675695474 0.0127943062012718 0.028687952894989 -9999 0.0181357348728484 0.0553149742744622 0.00405405655610762 -0.101786889307688 -0.117066711167543 -0.134160630841221 -0.338423884465421 -0.124669432266541 -0.221603917616514 -0.272276862376033 -0.193605442787718 -0.188060982643013 -0.378484154120328 -0.362476215262187 -0.370501902872667 -9999
-9999 -9999 -9999 -9999 -9999 -9999 -9999 -9999 -9999 -9999 -9999 0.229031748112545 0.213200393483163 0.208486671635776 0.197681024053904 0.131810363734726 0.0764089828122156 -9999 0.0514026804201878 0.0266317007578039 -0.0313919715211948 -0.0660069916801889 -0.0606186931681417 -9999 -9999 0.0791724771272715 0.0723254791235061 0.109107214137679 0.153630300474399 -0.0953877830865992 -0.133671799317929 -0.0688395420258606 -0.050563036831216 -9999 0.134665169152891 0.0927198719118275 -0.00673610015974923 -0.119245766032232 -0.0483488137277913 -0.0996614558177565 -0.045909710931129 -0.0700597346418095 -0.167789387704688 -0.219592380097616 -0.152144043325182 -0.146665943754148 -0.259323369644775 -0.289229305994227 -0.538604373729134 -9999
-9999 -9999 -9999 -9999 -9999 -9999 -9999 -9999 -9999 -9999 -9999 -9999 0.277010103964068 0.265080396441534 0.227477257461649 -9999 -9999 -9999 -9999 0.0263111636052561 0.0189480934474589 -0.0398378448841726 -0.085845642641574 0.0178950664049571 0.00255688132941373 0.0514323727905093 0.132633654414759 0.0900990056639802 0.14099344697067 0.0572979526701073 -0.141397708698928 -0.225042036922184 -0.165352082164395 0.105317001345128 0.115540969518176 0.0482712745523698 -9999 -0.0627528352623924 -0.0799666445441674 -0.117395115249462 -0.210908095987554 -0.173440817949356 -0.189267789299073 -0.267225184917942 -0.186398152334936 -0.214766771447612 -0.223439222800848 -9999 -0.325533851924903 -9999
-9999 -9999 -9999 -9999 -9999 -9999 -9999 -9999 -9999 -9999 -9999 -9999 0.297061927621618 0.301154495810577 0.257961701843743 0.00466143554081277 0.246658604778559 0.262731462879072 -9999 -9999 -0.0103758134590054 0.0977393192384528 0.129089903101439 0.0641894340441414 0.0550361001222123 0.118220875556469 0.143065773272225 0.135697944072594 0.177849289017301 -0.29335316743897 -0.236688850101156 -0.157366347949352 -9999 0.0511539181546638 0.0804025187183779 0.0253661044375111 -0.0490695727041304 -0.0127297191492159 -0.0821007046424128 -0.0749670091710522 -0.214723706686517 -0.271000229223567 -9999 -0.224283075611136 -0.127182460153557 -0.224757339689329 -0.203739650345899 -0.239346046413806 -0.285205855741538 -0.368672810959881
-9999 -9999 -9999 -9999 -9999 -9999 -9999 -9999 -9999 -9999 -9999 -9999 0.31444633170388 0.2663119524377 0.28212971026661 0.17682608572381 0.18954126548802 0.23098387086738 0.0645646186156039 -0.0184705704047186 0.100922477211471 0.105370093518796 0.131172069992934 0.0667555796019835 0.0741685436376899 0.120438076749857 0.139390248765659 0.167033662187966 0.175726619881647 0.128285414295989 0.00236071753851986 -0.134387256016037 -0.180493568630038 -0.101689433086463 0.0464190198762386 0.0520804415120981 -0.0457037715675704 0.00928872785639826 0.0438881621837499 0.0351826748697605 0.00893280422391987 -0.234227801503376 -0.164231653197863 -0.191041581790297 -0.145022243999467 -0.166890839849785 -0.223434442637302 -0.194241964962715 -0.224525078418381 -0.32189883259822
-9999 -9999 -9999 -9999 -9999 -9999 -9999 -9999 -9999 -9999 -9999 -9999 0.307875558670399 0.258089968410931 0.194877068208664 0.229127073513949 0.200131639640583 0.162935415607801 0.149310035833813 0.127734471537081 0.118339642192975 0.0647074128589325 -0.00385433464329191 0.0562730501690815 0.0549158078727624 0.105750721349079 0.0948428230522778 0.10642226540803 0.144975762915887 0.14662659143636 -9999 -0.0636931965073766 -0.0938074497638988 -0.200966075440827 0.0213418278209897 0.0461881819953619 0.0627126116327803 -0.0170997121719129 0.0572146542980099 0.0547983094829244 -0.192817434119293 -0.189371631032996 -0.112245799299194 -0.124651215894375 -0.129769366921894 -0.212380773624992 -0.185920273260049 -0.197361786507718 -0.139019836071979 -0.20050460744024
-9999 -9999 -9999 -9999 -9999 -9999 -9999 -9999 -9999 -9999 -9999 -9999 -9999 0.208896613200535 0.190845898642688 0.20513647832114 0.210609527195031 0.2594352629483 0.107459408827166 0.168360732961915 0.12088568542391 -0.156102031652648 -0.029708910556183 -9999 0.1334213524918 0.112629812601176 0.101167281502947 0.0599850881842803 0.0214106801214365 0.083826678896152 -9999 0.0459862225980577 0.080203880859678 -0.0657933562560255 -0.10806604951612 0.0643444158831518 0.0769407278980722 -9999 0.0495922415928769 0.0561332798532706 -0.225726723322325 -0.123838277448761 -0.108475745807322 -0.151962410611037 -0.202985180652427 -0.190997067909218 -0.20443443417426 -0.216900533818554 -0.121236214610312 -0.179221225253915
-9999 -9999 -9999 -9999 -9999 -9999 -9999 -9999 -9999 -9999 -9999 -9999 -9999 0.287655560657231 0.19695353641497 0.248157967396599 0.196858197745676 0.29663206146551 0.147254653584016 0.108690980649388 0.117793075341618 -9999 -9999 -0.141963824314988 0.0959025404371505 0.161382113203948 0.0866842390200032 0.119525250931269 -0.00573014820491301 0.104290386227174 0.0987295172222924 0.178160392103902 0.188782365678213 0.0611651995144484 0.120981669279368 -9999 0.0748129266612325 -9999 -9999 0.0144270952295972 -0.104673554219389 -0.217702956275687 -0.137141589250498 -9999 -9999 -0.20551694438654 -0.216677257797798 -9999 -0.109811336635048 -0.0917501987070436
-9999 -9999 -9999 -9999 -9999 -9999 -9999 -9999 -9999 -9999 -9999 -9999 -9999 0.288520138787012 0.210517369810353 0.345943176391601 0.29137221870029 -9999 0.0209341558436242 -0.016537862684629 -9999 -9999 -9999 -0.0735994272423802 0.0212602268392221 0.0883271831749002 0.126684559790087 0.142302814530095 0.19273904613049 0.164438797940534 0.144607311354496 -9999 0.139772015140299 0.129114958102783 0.156304509768423 -9999 -9999 -9999 -9999 0.0687497491310609 -0.0525755995689952 -0.181437488915497 -0.0848418156111893 -9999 -9999 -9999 -0.248095220056755 -0.264868435227593 -0.142121249344533 -0.13117990765011
-9999 -9999 -9999 -9999 -9999 -9999 -9999 -9999 -9999 -9999 -9999 -9999 -9999 -9999 -9999 0.370349871508621 0.335821778799582 -9999 -9999 0.296800985236626 -9999 -9999 -9999 0.0318513313656913 -0.0260882576455687 -0.00447169403086676 -0.0120110974134398 0.156144234271076 0.145977731772382 0.14899961279243 0.135520906235263 -9999 -9999 0.205004184435862 0.163838356920544 -9999 -9999 -9999 0.0298480109091039 -0.0188067056885761 -0.0386285810037522 -0.250031751461103 -0.285002190038649 -9999 -9999 -0.124396286781933 -0.305980217869641 -0.259239109200358 -0.230953278527877 -0.192889042489621
-9999 -9999 -9999 -9999 -9999 -9999 -9999 -9999 -9999 -9999 -9999 -9999 -9999 -9999 -9999 0.311267102186311 0.270520552728677 0.179556446449486 0.243914541530269 0.304304337571667 0.137095199331559 0.134052335925105 -9999 -9999 0.068468316615066 0.0220166540718795 -0.021590061789423 0.228465041375551 0.164184031371682 0.181003306383213 -9999 2.56778349543956e-05 0.0142464172359154 0.143343054996211 0.1527150902772 0.213498829031564 0.141158247914864 -9999 0.0374785482504863 -0.0177475864928109 -0.0221695892103498 -9999 -0.27219593263922 -0.152059246948401 -0.14595740421348 -0.131210372778967 -9999 -0.139008428101898 -0.119108723732624 -0.187196574705408
