data/rasters/s3.08.06.li.1_xyz_08_.asc
NCOLS 100 
NROWS 100 
XLLCORNER -4 
YLLCORNER -4 
CELLSIZE 0.08 
NODATA_value -9999 
[rows 22 to 43 of 100, columns 50 to 99 of 100]
-0.327025232438554 -0.177290514589501 -0.121737770882198 -0.0716666047651793 0.0599680122394975 -0.12093797769144 -0.0975099899414388 0.0945586514348512 -9999 -9999 0.0665907894569514 -0.215061718326316 -9999 -9999 -9999 -0.336773107998398 -0.384607421609274 -0.346239776098928 -0.244117974722685 -0.183791449321976 -0.140582681184872 -0.0809311162046678 -9999 -9999 -0.0726044080173058 -0.0351501790712898 -0.07834631128263 -0.0143234637896044 -9999 -9999 -9999 -9999 -9999 -9999 -9999 -9999 -9999 -9999 -9999 -9999 -9999 -9999 -9999 -9999 -9999 -9999 -9999 -9999 -9999 -9999
-9999 -0.222285143187306 -0.22868834630375 -0.175784878935356 -0.145928426366493 -0.175686487596047 -0.126718768798087 0.235820650224818 0.290402922095923 -9999 -0.308068718398496 -0.172945527485313 -0.107569477214747 -9999 -0.21493635756959 -0.30353573953002 -0.329306076457552 -0.334468561687503 -0.245670456457414 -0.161365695828178 -0.154090600280754 -0.178158873362541 -0.179525021586345 -0.118237725935953 -0.052891778191246 -0.113311840912184 -0.0820032475051222 0.0356553750797365 -9999 -9999 -9999 -9999 -9999 -9999 -9999 -9999 -9999 -9999 -9999 -9999 -9999 -9999 -9999 -9999 -9999 -9999 -9999 -9999 -9999 -9999
-0.238366245993633 -0.220780480387363 -0.211631280966691 -9999 -0.0708584129588491 -0.114741170186232 0.0106126005997882 0.200307313440853 0.31366094622052 0.397964220947862 -0.1869322730858 -0.196450074840903 -0.313059688303456 -0.348064649820429 -0.297523802191861 -0.275955685653409 -0.283951815446524 -0.331485061542107 -0.37277061317503 -0.188371001848268 -0.189599209094989 -0.186713156520063 -0.0775728001374636 0.0887935807735106 0.0401481991583671 -0.0421695977692874 -0.0815383228736297 -0.0560028514720362 -9999 -9999 -9999 -9999 -9999 -9999 -9999 -9999 -9999 -9999 -9999 -9999 -9999 -9999 -9999 -9999 -9999 -9999 -9999 -9999 -9999 -9999
-0.257011040925144 -0.221017325041956 -0.218745513803307 -9999 -0.00525117496100399 -0.00812328291076091 0.00803296474908641 -0.0389940380168855 -9999 -9999 -0.272683170734974 -0.314500298551873 -0.312978003648622 -0.334698584665275 -0.30592575606357 -0.349641188251112 -0.332274239480172 -0.197346600563764 -0.318613134567718 -9999 -0.139263132273685 -0.151499302652928 0.0292161007622497 -0.0421848234480955 0.101588669527539 0.137690680974658 -0.00621135676631826 -0.0415424420821436 -9999 -9999 -9999 -9999 -9999 -9999 -9999 -9999 -9999 -9999 -9999 -9999 -9999 -9999 -9999 -9999 -9999 -9999 -9999 -9999 -9999 -9999
-0.266512066664871 -0.23387325270455 -0.122220985581982 -9999 -9999 -0.127884033656473 -0.0361822056815527 -0.0526419906891972 -0.0230328022679882 -0.0626633888960793 -0.123835364226867 -0.213942732449968 -0.237024020015149 -0.207936726859608 -0.308415422714594 -0.370342369106207 -0.324844757132207 -0.283726604522895 -9999 -9999 -0.0904223321588353 -0.21260856834164 -0.196835969720782 -0.0135278070149482 -0.0449011908171753 0.0856208291920876 0.068633336921053 -0.0422369540882249 -9999 -9999 0.20724453244419 -9999 -9999 -9999 -9999 -9999 -9999 -9999 -9999 -9999 -9999 -9999 -9999 -9999 -9999 -9999 -9999 -9999 -9999 -9999
-0.25458900843265 -0.239968612144209 -0.232148054685638 -0.157333015424249 -0.166403398901934 -0.110755830083735 -0.0101978008918881 0.00426274136969517 0.0376727480977741 -0.116175927563946 -0.169084912552096 -0.227820575177964 -0.300421779742186 -0.250252471868413 -0.24335937359099 -0.281764501608229 -0.297851965445358 -0.303887261416337 -0.235142878775163 -0.23815381037983 -0.197240616420655 0.0152234056727603 -0.197007762256282 -0.187677731322793 0.0512007924267514 -9999 -9999 -9999 -9999 -9999 -9999 0.249327389696345 -9999 -9999 -9999 -9999 -9999 -9999 -9999 -9999 -9999 -9999 -9999 -9999 -9999 -9999 -9999 -9999 -9999 -9999
-0.253813415720221 -0.21421075324004 -0.212026195686726 -0.209944114679685 -0.176513403456587 -0.104717422862806 -0.0683169016717874 -0.0565352466673948 0.0469611492611601 -0.000329190788639707 -0.172058086425924 -0.275156260803067 -0.303347110457585 -0.21331781194691 -0.260864697251077 -0.347124739554804 -0.34811210243682 -0.252506542541038 -0.215547462355582 -0.187022775329993 -0.138780681464346 -0.176963167155864 -9999 -0.156998526378431 -0.111563874561651 -9999 -9999 -9999 -9999 -9999 0.208643238413516 0.261585608036554 0.168020112236774 -9999 -9999 -9999 -9999 -9999 -9999 -9999 -9999 -9999 -9999 -9999 -9999 -9999 -9999 -9999 -9999 -9999
-0.201053364294231 -0.217361557599067 -0.233956021417813 -0.234504229140295 -0.151366855523529 -0.066351150717836 -0.0726873844475681 -0.0586956830376711 -0.0179355870350322 -0.0107372124736661 -9999 -0.237139156137153 -0.272529547156165 -0.193790716742155 -0.199278398424272 -0.16414670858854 -0.185697373197984 -0.189885096577771 -0.205402267705769 -0.164128661291626 -0.0935867892707805 -0.125232409609867 -0.0559447244781541 0.160974449352456 0.244311340420611 0.341259024504986 -9999 -9999 0.14856450733286 0.187435802336308 0.138818184282869 0.209566947596206 0.205136419800577 -9999 -9999 -9999 -9999 -9999 -9999 -9999 -9999 -9999 -9999 -9999 -9999 -9999 -9999 -9999 -9999 -9999
-0.219019404969372 -0.21663975247312 -0.171703482873955 -0.263077434138002 -0.188249949513769 -0.141136464785443 -0.100176883886144 -0.0977777380509944 0.0429374047517049 -9999 -9999 -9999 -9999 -9999 -0.181577145144723 -0.154981598055121 -0.0350874858544342 -0.0392368956126014 -0.17230134158369 -0.0965495603354472 -0.0853191350351821 0.0640061499472366 0.0395714126640751 0.214521311689578 0.250190082275485 0.307952931838677 -9999 -9999 -9999 0.303325203724015 0.300554291136239 0.357154061910825 -9999 -9999 -9999 -9999 -9999 -9999 -9999 -9999 -9999 -9999 -9999 -9999 -9999 -9999 -9999 -9999 -9999 -9999
-0.244646658178305 -0.241075811095719 -0.172049774011697 -0.0827909635591839 -0.135175910469674 -0.112274184568742 -0.0323890399351065 -0.0856081978429159 -0.166809178002112 -9999 -0.06676445380318 -0.0710917517008099 -9999 -9999 -9999 -9999 -0.127758501505463 -0.0785230711875692 -9999 -0.041607292055656 -0.00524919482899418 -0.0685786775643257 0.0361129407598664 0.161528529460247 0.277260052601927 0.276580043890651 -9999 -9999 -9999 -9999 -9999 0.333181790786873 -9999 -9999 -9999 -9999 -9999 -9999 -9999 -9999 -9999 -9999 -9999 -9999 -9999 -9999 -9999 -9999 -9999 -9999
-0.239590370969085 -0.192276726750038 -0.161775309774052 -0.0317509014834675 -0.0161206518198522 -0.0885547467610875 -0.0176078085859363 -0.0255399810901181 -0.108901948518005 -9999 -0.183256232247627 -0.116087571114959 -9999 -9999 -0.0188734336691407 0.00798836069860542 -0.0890374699193431 -0.0892453996142481 -9999 -0.0538467144792978 -0.0206718783842904 -0.018476678829343 0.135113293632149 0.14592786732855 0.232072780762289 0.263179096966679 0.332624538472427 -9999 -9999 -9999 0.422814431492514 0.371052285528306 0.451184962517424 0.170399463552776 -9999 -9999 -9999 -9999 -9999 -9999 -9999 -9999 -9999 -9999 -9999 -9999 -9999 -9999 -9999 -9999
-9999 -9999 -0.0645306791969169 -0.0870108166827164 0.0148776666342812 0.00840217753663238 -0.026708154408232 0.0198393337393488 -9999 -9999 -0.137562483939014 -0.132139848343155 -0.0876815109531845 -0.0856288708288598 -9999 0.00310394353029387 -0.0767880697343046 -0.041549559086796 0.102862221657747 0.0243479803788717 -0.0120662802517741 0.137453421824512 0.22719994383193 0.206177795875734 0.268121038710388 0.268660866917472 0.355382591675042 0.316876363448026 -0.0194686248819058 0.374934775594228 0.541335467870165 0.501671564621705 0.490852987865629 0.372625470785991 0.322427266532608 -9999 -9999 -9999 -9999 -9999 -9999 -9999 -9999 -9999 -9999 -9999 -9999 -9999 -9999 -9999
-9999 -0.0878327001121379 -0.0712338688148414 -0.0663842527876651 -9999 0.0572722380795247 0.0994745516786591 -0.0361950567236276 -9999 -9999 -0.116063571396975 -0.157299108181822 -0.145149762000827 -0.0121153135309858 -0.0300948034861309 -0.0504959002782408 0.0592370248194337 0.0677769452645401 0.0579491567405331 0.0488768709887118 -9999 -9999 -9999 -9999 0.229805629813207 0.238685959206936 0.263888348745058 0.278375444269975 0.192930543926039 0.321406009183467 0.361486254879699 0.417182005504392 0.462318349092747 0.279254140160117 0.215939128039235 0.222093656567203 -9999 -9999 -9999 -9999 -9999 -9999 -9999 -9999 -9999 -9999 -9999 -9999 -9999 -9999
-9999 0.0313842524958875 0.087607474329948 0.0429209437670361 -9999 -9999 0.191638259217762 0.216092309008959 -9999 -9999 -9999 -0.21592147557373 -0.137758991345594 -0.0324877719676697 -0.014503872732541 0.0180257890206743 -0.00906276052558275 0.210070505847838 0.0909896341448909 0.11398347888092 -9999 -9999 -9999 -0.10105010644251 -0.0722950430867661 0.0311315843765487 0.273361684058909 0.140866015021777 0.221515297223128 0.0722826009352272 0.230838306926764 0.425189420364434 0.473292554935388 0.37355919850199 0.255743225656009 -9999 -9999 -9999 -9999 -9999 -9999 -9999 -9999 -9999 -9999 -9999 -9999 -9999 -9999 -9999
0.227514296631132 0.185737353041856 0.162968337521608 0.155984498705731 -9999 -0.0972419266450771 -0.133668998427793 -9999 -9999 -9999 -9999 -9999 -0.146797284601874 -0.10738777986013 -0.149838190709963 0.00168822665594828 0.107571191366894 0.240496571316078 -9999 -9999 -9999 0.0677177240693061 0.168506848407084 0.168190083287067 -0.0889336602598153 -0.0628830354062358 0.119515176190043 0.09898308524342 0.0450304395101031 -0.035707113572671 0.218214888634932 0.393952190335554 0.366959977973719 0.127592313956734 0.0817850230866244 0.202623632917549 0.259154383381389 -9999 -9999 -9999 -9999 -9999 -9999 -9999 -9999 -9999 -9999 -9999 -9999 -9999
0.285827440349038 0.201312220417322 0.159709474771999 0.158665000592305 -9999 -0.095341306339562 -0.165791966773817 -9999 -9999 -9999 -9999 -9999 -9999 -0.1504509206782 -0.219170790281421 -0.127532784633391 0.0763580568980008 0.260780891206646 0.159337997204368 0.12145141378166 -9999 -0.0688763669681586 0.0612872286919094 0.195265409973674 -0.0167098652065233 -0.0914274640073917 -0.103921931165518 -0.0966859348722463 0.0193704192185352 -0.0786509905109684 0.0415910076231495 0.430370835218538 0.334321422484737 0.200160369360968 0.103140436433551 0.303327901586763 -9999 -9999 -9999 -9999 -9999 -9999 -9999 -9999 -9999 -9999 -9999 -9999 -9999 -9999
0.342935423084656 0.206052779458998 0.205712604122805 0.124367513664723 0.0745064037485494 0.0552601132209528 -0.225641796212052 -0.30069569155761 -9999 -9999 -0.264575282483258 -0.252505679717745 -0.380235743350723 -0.29247334858021 -0.215782843972526 -0.15081142467676 -0.00170973751956084 0.0221315410833149 0.304836477395062 0.199792206017692 0.153181908803545 -0.0861926316223276 0.0235074176519979 0.033265365141039 0.0936861642871094 -0.146383513217409 -0.115992622585227 -0.0698351277646687 -0.138898174300912 -0.0741130864653923 -0.0701491735856481 -0.0866157329029594 -9999 -9999 0.227838982414156 -0.0175221499189224 -9999 -9999 -9999 -9999 -9999 -9999 -9999 -9999 -9999 -9999 -9999 -9999 -9999 -9999
0.33993898812752 0.153637407015361 0.148105489109466 0.0792067860034135 0.0672346989495911 0.0583150491427053 0.0411497725107334 -0.266153099083959 -0.259855556937576 -0.278585524807969 -0.196046728465921 -0.257760883393386 -0.259608329775678 -0.28660568887616 -0.227070003622259 -0.201344069433542 -0.0933599981019065 -0.0448809990115244 0.358444701702218 -9999 -9999 -0.111046238447908 -0.0442177145633441 -0.0609547049310862 -0.00470531270133231 -0.0962782701327744 -0.0817837942253434 -0.0940787876996165 -0.144595438291833 -0.0712524763772591 -0.0427407940563391 0.00747306691224886 -9999 0.209214731625971 0.242043703317792 0.0908430926932802 0.142495394375533 -9999 -9999 -9999 -9999 -9999 -9999 -9999 -9999 -9999 -9999 -9999 -9999 -9999
0.237799922066819 0.194813980255644 0.19486182915402 0.117653710066878 0.10420785272612 0.0849142290720094 0.0749241043553031 -9999 -0.233681968713759 -0.301022124082746 -0.300748468044642 -0.290030656782788 -0.31076999358883 -0.29532470297246 -0.221010356575601 -0.161053075603821 -0.123134897193928 0.0572408064008524 -9999 -0.0521856706423171 0.0715658407568864 0.0939891154027612 -0.00684216803185166 -0.0538313705299119 -0.0158372154352236 -0.101181503754721 -0.0655777487808151 -0.071131247617323 -0.0716445501467111 -0.0490834178820133 -0.0221734991674224 0.000735997765563438 0.156441065829895 0.193025442933273 0.210535374012405 0.100686098954969 0.210147078886739 0.14293552944958 -9999 -9999 -9999 -9999 -9999 -9999 -9999 -9999 -9999 -9999 -9999 -9999
-9999 0.289129825368922 -9999 -9999 0.131624118713814 0.153197789858776 -0.0829928643770002 -9999 -0.354671312950429 -0.322365272056688 -0.272178007164414 -0.187159705851907 -0.373778787411475 -0.310987497203094 -0.290962426778754 -9999 -0.1748609995522 -0.114432107177145 -0.100800016443329 -0.0242034900917476 -0.0491057777834166 0.0475875113624937 0.000461360345871373 -0.10160905357394 -0.0877157776313975 -0.083353124384391 -0.121465357599054 -0.0960117715652301 -0.0979521877651092 -0.0757475353869708 -0.044650906472396 -0.049119644059883 0.00331380524603944 0.136513141458119 0.163910524110617 0.110816782601304 0.0448167663297484 0.089340122603596 -9999 -9999 -9999 -9999 -9999 -9999 -9999 -9999 -9999 -9999 -9999 -9999
-9999 -9999 0.219895967838272 0.294198030328923 -9999 -0.212867298134747 -0.285788284210491 -9999 -0.408163497708565 -0.360076089292328 -0.320309831395327 -0.312381911448971 -0.302802229778433 -0.292412345178391 -0.272283232935068 -0.277254468142334 -0.220192722819223 -0.154457267770192 -0.0214974555956122 -0.0950524753556232 -0.0826440906895817 -0.0589868580784137 -0.0841007461022172 -0.0842748405092908 -0.0652382001796174 -0.0977880248377474 -0.103839771490632 -9999 -0.0622919852595534 -0.0302483434444663 -0.0160634924816043 -0.0457725213134224 0.0227261933578696 0.180359759782967 0.140655018000503 0.145860723340958 0.0437240623742005 0.0816117352039617 -9999 -9999 -9999 -9999 -9999 -9999 -9999 -9999 -9999 -9999 -9999 -9999
-9999 0.0352035809675118 0.182187721165632 0.408699049808775 -0.140103078073149 -0.226282092926278 -0.222537145403335 -0.318829554939052 -0.421014748553529 -0.379681290846409 -0.358362981476535 -0.296636806827179 -0.331861848193541 -0.281292990061992 -0.227717421148727 -0.0958472900324037 -0.17777034468099 -0.0322774086052046 0.0178841490786635 -0.0465132413211565 -0.100847969224233 -9999 -9999 -9999 0.0698285707299099 0.0211728708838449 -0.0908067934256302 -9999 -0.0630664781238087 -0.0256450450437151 0.0402717531498666 -0.0118463667573113 0.0810704178923787 0.109591134349353 0.130158937350925 0.227710890002454 -0.0473059771496697 -0.00261161433223239 -9999 -9999 -9999 -9999 -9999 -9999 -9999 -9999 -9999 -9999 -9999 -9999
