data/rasters/s3.08.06.li.1_xyz_08_.asc
NCOLS 100 
NROWS 100 
XLLCORNER -4 
YLLCORNER -4 
CELLSIZE 0.08 
NODATA_value -9999 
[rows 22 to 43 of 100, columns 0 to 49 of 100]
-9999 -9999 -9999 -9999 -9999 -9999 -9999 -9999 -9999 -9999 -9999 -9999 -9999 -9999 -9999 -9999 -9999 -9999 -9999 -9999 -9999 -9999 -9999 0.113329639856659 0.0950672750102081 0.112249696766994 0.0556311793999805 -9999 -9999 0.101468067112388 0.12614073009794 0.162702145165659 0.152502430131441 0.0709589981398065 0.0765009842648225 0.0402611035372342 0.0444260868588656 -0.0278198308245431 -0.0154070439520897 -9999 -0.075232636710273 -0.016775293446048 -0.0466187644529952 -0.00019515871938432 0.122518255467513 0.210488722231446 -9999 0.101359238242618 0.168009325817801 -9999
-9999 -9999 -9999 -9999 -9999 -9999 -9999 -9999 -9999 -9999 -9999 -9999 -9999 -9999 -9999 -9999 -9999 -9999 -9999 -9999 -9999 -9999 -9999 0.143192411345208 0.0498488220649393 0.0490326264654945 0.0808572870809779 -9999 0.0548014897121014 0.119100032043989 0.135551737648024 0.114115800623631 -9999 0.169883229093896 0.145241282835324 -9999 0.158997434399585 0.0935407078632411 -0.0297125673709534 -9999 -0.0721626548278441 -0.105477561699877 -0.0776446682217438 -0.0190403869330973 0.0904554603273787 0.110592022976827 0.0546765966377218 0.109480431184252 -0.289905354057349 -9999
-9999 -9999 -9999 -9999 -9999 -9999 -9999 -9999 -9999 -9999 -9999 -9999 -9999 -9999 -9999 -9999 -9999 -9999 -9999 -9999 -9999 -9999 -0.0691289567861253 0.0204114139904591 -0.0102422814866957 0.016754045396605 0.0723639387447961 0.0292961638036438 -9999 0.164059892768941 0.116346353098555 -9999 0.122538167151436 0.118872773691709 0.20212377028556 -9999 0.224536884880424 0.25402810184629 0.210385188784288 -9999 -9999 -9999 0.0188705402856903 0.0461498687835057 0.121001512300638 0.0750515591175143 -0.239821262741753 -0.0741209053031643 -0.312072808348276 -9999
-9999 -9999 -9999 -9999 -9999 -9999 -9999 -9999 -9999 -9999 -9999 -9999 -9999 -9999 -9999 -9999 -9999 -9999 -9999 -9999 -0.093541817526668 -0.115078239746809 -0.0501046100909562 0.0422656551141586 0.0300243633632384 0.08720871966756 0.107652595534575 -9999 -9999 -9999 0.04893068333377 0.12763140501046 0.175764588589688 0.170965636080039 0.209920176316436 0.21100955108704 -9999 -9999 0.29559088991583 -9999 -9999 -9999 -0.00513489975113891 -0.0228974255938104 0.0245740635553929 0.0944485019502366 -0.160480541612697 -0.211979328812262 -0.291567501824673 -0.28292868091068
-9999 -9999 -9999 -9999 -9999 -9999 -9999 -9999 -9999 -9999 -9999 -9999 -9999 -9999 -9999 -9999 -9999 -9999 -9999 0.0366973838655243 -0.081228358610365 -0.0560805747077129 -0.0182192373042802 -0.117758599054549 -0.0955870366199145 0.137332612606434 -0.064344280796644 -9999 -9999 0.0210531220120284 0.0548771624945295 0.154767368193642 0.17520386960421 0.196385889734809 0.190893937327912 0.322654452827793 0.510859755120801 0.384482239859258 -9999 -9999 -9999 0.0236619142154772 0.011775267010204 -0.008714118541752 -0.0414285924361584 -0.0859166435166344 -0.0458830970134627 -0.212111997712923 -0.204692683416023 -0.251127020082078
-9999 -9999 -9999 -9999 -9999 -9999 -9999 -9999 -9999 -9999 -9999 -9999 -9999 -9999 -9999 -9999 -9999 -9999 0.162593190355339 0.0987735148732141 -0.0571133204792493 -0.106158038564081 -0.128134885825378 -0.0889620821798814 -9999 -0.0624327603044853 -0.0678953299537049 -9999 -9999 0.0176151510210565 0.0596284880368487 0.124564509086805 0.135373910584459 0.161361293879289 0.33960257956227 0.392702903633781 0.527561737065784 0.437060830103001 -9999 -9999 -9999 0.0774187598692242 0.0835724718154577 0.156178422993292 0.100889764450617 0.0286673759271984 -0.219595919048403 -0.184068998197628 -0.197081132662952 -0.271002530818919
-9999 -9999 -9999 -9999 -9999 -9999 -9999 -9999 -9999 -9999 -9999 -9999 -9999 -9999 -9999 -9999 -9999 -9999 0.198675048207454 0.246964476656906 -9999 -0.0988773967686932 -0.0736671955333904 -0.0656309437319403 -0.0940272350472933 -0.0833968162499573 -0.0684248154658838 -0.0564370537908758 -0.0211526996858452 -0.0173733642752588 0.103409737041185 0.159669715470921 0.270050240295543 0.318550957003375 0.403346752383459 0.622643252297243 -9999 -9999 -9999 -9999 -9999 -9999 0.013625666153987 0.21233860783624 -9999 -9999 -9999 -9999 -9999 -0.256948157070524
-9999 -9999 -9999 -9999 -9999 -9999 -9999 -9999 -9999 -9999 -9999 -9999 -9999 -9999 -9999 -9999 -9999 0.122740027375317 0.150980705327424 -9999 -0.134839373420941 -0.0705646384349196 -0.00313758823472626 -0.134906929590777 -0.106962493152858 -0.0677383510641808 -0.0747794059686204 -0.0683258697015687 -0.0264546741554185 -0.0652356684472776 0.0708483598384692 0.14303380028327 0.286291764499899 0.538662228516083 0.646729421523359 0.655293622664259 -9999 -9999 -9999 -9999 -9999 -9999 0.0736273683751345 0.0894802172758519 -9999 -9999 -9999 -9999 -0.231884044563874 -0.227846634157342
-9999 -9999 -9999 -9999 -9999 -9999 -9999 -9999 -9999 -9999 -9999 -9999 -9999 -9999 -9999 -9999 0.331837153369432 0.183821344388567 -9999 -0.0507529678983582 -0.0844793155199695 -0.0517210892819186 -0.0719528570736275 -0.123053650706961 -0.100659186276465 -0.107159948378874 -0.120980540278324 -0.0634060630478635 -0.065054109460984 0.0808596915922396 0.0709411143920067 0.158891715477813 0.186834591365959 0.445503241625863 0.623328652362184 0.714178413797846 0.623854999134402 -9999 -9999 -9999 -9999 -9999 -9999 0.116942667616035 0.10438481703171 -0.0223386205139321 -9999 -0.245194407266947 -0.164060651367876 -0.212983871068781
-9999 -9999 -9999 -9999 -9999 -9999 -9999 -9999 -9999 -9999 -9999 -9999 -9999 -9999 -9999 -9999 0.0496791269108 -9999 -9999 0.0975029151179079 -0.0269840931766572 -0.0365976746108243 -0.0591996484288303 -0.110467429636821 -0.103765447293214 -9999 -0.0704737146897385 -0.0444989835183767 -0.0576321330198766 -0.057761841966894 -0.0439861814222585 0.0384213487395128 0.0424264876039421 0.448779363184807 0.541985640353381 0.64062039964511 -9999 -9999 0.171338018738431 0.148379992153362 0.0440287912377644 0.370127762930686 -9999 0.0213767272803155 0.0310518948644912 -0.0125581419730278 -0.130369647315639 -0.106221881646703 -0.222245964323053 -0.198056876419659
-9999 -9999 -9999 -9999 -9999 -9999 -9999 -9999 -9999 -9999 -9999 -9999 -9999 -9999 -9999 0.131224248293046 0.0414113060237741 0.0912664083848105 0.104206402210595 0.0939788570414736 0.0227491355872854 -0.0112352932149047 -0.0452354590218136 -0.028978205462103 -0.110627090838236 -0.0906832215758167 -0.042733409752977 -0.054572610859969 -0.0228769853297225 -0.0190474969714665 0.0295187660048926 0.0100369977598168 0.100450395579816 0.0963562706848949 0.281415235319218 0.510768632226345 0.0891285801640276 0.0461209485510289 0.191463192896245 0.257831593330397 0.258936415648849 0.250881916680704 0.0886244303085044 -0.0138600569768296 0.0153225562194182 0.105503269191478 -0.154811789913718 -0.174662188224472 -0.142791930385262 -0.156671724146603
-9999 -9999 -9999 -9999 -9999 -9999 -9999 -9999 -9999 -9999 -9999 -9999 -9999 -9999 -9999 0.126428002032893 -9999 0.141218710906047 0.118854908519593 0.084833932423847 0.140080451538625 0.133470578621054 0.0307907520664818 -0.0202811432186791 -0.0122595726857576 -0.0748238644565651 -0.0596631051387196 -0.0985563846488846 -0.0220134485664249 0.0706762301225572 0.105815730346152 0.11284988748368 0.0967806519940067 0.114723738458392 0.21332866618263 0.306938702016319 0.340080645129266 0.0748741969032194 0.0902694707801795 0.23788910967662 0.091035051163308 0.234189164001951 0.334778946131289 -9999 0.0506286244005447 0.131613577996034 -0.150121855925415 -0.0813476580795854 -0.0961837728209817 -9999
-9999 -9999 -9999 -9999 -9999 -9999 -9999 -9999 -9999 -9999 -9999 -9999 -9999 -9999 -9999 -9999 0.354330736300194 0.169220234154558 0.2090126219372 0.043857615723662 0.223263302824393 0.226214459065386 -9999 -0.023689509342084 -0.0502698623601932 -0.0101792250529894 -0.0197366434736008 -0.0661585576938689 -0.0113132986968295 0.0704885098652126 0.0882765523884417 0.189744833870209 0.209317862433974 0.183472052094586 0.169225912115007 0.216900255832568 0.447694145285628 0.446141853416126 0.0944911018761063 0.16330337379212 0.0966479289499058 0.268840095452105 0.388226503026469 0.03384688521639 0.0442159775133027 0.112155589560744 -0.0182705617209201 -0.0476684485487193 -9999 -9999
-9999 -9999 -9999 -9999 -9999 -9999 -9999 -9999 -9999 -9999 -9999 -9999 -9999 -9999 -9999 -9999 -0.00476408929016814 0.184630248125669 0.197830120912344 0.0629835976736615 0.134391705002076 -9999 0.0257303868478786 0.0137496213871618 -0.0466325646996444 -0.0708451909993761 -0.0346345388394282 0.0546864311768126 -0.031394499312004 0.0280731369620745 0.127481069390088 0.161270133566897 -9999 0.293700467134046 0.224223714061995 0.222216258650502 0.332759811008597 0.512384730997431 0.0624965290492864 0.106224020104128 0.0406780382644316 0.123831712835596 -0.0734273332911066 0.0687437442091353 0.04107089866595 0.105014325104066 0.0351935522305794 -9999 0.0913879362739961 0.295230607315057
-9999 -9999 -9999 -9999 -9999 -9999 -9999 -9999 -9999 -9999 -9999 -9999 -9999 -9999 -9999 -9999 -9999 0.0533647469830558 0.126611382434287 0.187996797735677 0.156052240436984 0.1208248815535 -9999 -9999 -9999 -0.0595377047736567 0.000424537523482897 0.127357675560202 0.0894753820106361 0.0179272717339651 0.119119923000682 0.182939256066048 0.195263492051285 0.170621066205145 0.117758632167711 0.072215530649029 -0.0338039238131117 -0.0148739346025355 -0.0301163228725211 -0.04592805953924 -0.118290859960581 0.0617140618284417 0.0133628274546122 -0.0490433642453161 -0.00127145321900135 -0.0230788342662523 0.0216427607079026 0.174873086982006 0.111827661235428 0.294549405051392
-9999 -9999 -9999 -9999 -9999 -9999 -9999 -9999 -9999 -9999 -9999 -9999 -9999 -9999 -9999 -0.0417074310977794 -0.0431705726282619 0.0366494080993308 0.12482579565813 -9999 0.276740926631717 -9999 -9999 -9999 0.0822942173603118 0.130096147677204 0.0788576259948745 0.148653458687185 0.215482590031161 0.198225167680712 0.337209110520531 0.314850502847653 0.193260012851826 0.243579761722076 0.158781325075583 0.0997391021843528 0.030038745024533 0.0119287847582872 -0.00236190011934009 -0.0598825652953892 -0.0667362976936348 0.00502249108660881 0.0453935615194504 0.0763401987448945 0.23560099511356 -0.00279897266113329 -0.0277978182450223 0.136639558585271 -9999 0.311274208128589
-9999 -9999 -9999 -9999 -9999 -9999 -9999 -9999 -9999 -9999 -9999 -9999 -9999 -0.148822799122129 -9999 -0.0263107767735553 -0.028049114395943 0.110969339996159 0.130943255596681 -9999 -9999 0.142417556079962 -9999 -9999 0.126436510584929 0.139122251779993 0.287574230839747 0.2378657721335 0.194704797439522 0.466974078623086 0.426938167529414 0.370558857546437 0.268972716151558 0.321291185155566 0.273090310830655 0.170678374370778 0.0430039369372346 0.0108785649136568 -0.0444983177932515 -0.0497628852638267 -0.0215275357006782 -0.0627147697689758 0.00880909615106176 -9999 0.101354984924768 0.0904616005658064 0.159365575601378 0.140504051746563 -9999 0.318596745536531
-9999 -9999 -9999 -9999 -9999 -9999 -9999 -9999 -9999 -9999 -9999 -9999 -0.218295047747583 -0.105777877171862 -0.170403615179208 -0.0357549308876288 -0.00968137305814452 0.0330323517320052 0.206271948077687 -9999 -9999 0.174579449573327 0.0854911100190092 0.176660061053744 0.291324166556687 0.12116660663833 0.0849595315712707 0.115170976556987 0.31095733319621 -9999 0.462405550614083 0.408692405794142 0.354758594582436 0.403755951849852 0.368090934798875 0.253908951711291 0.083404757935512 -0.0808226563072341 -0.0627072008575387 0.0157792997380366 -0.0704680253908566 -0.0945036341004799 0.26719114274981 -9999 -0.0401583355269096 0.03134135158832 0.26289562713436 0.320577674636591 -9999 0.410677829801491
-9999 -9999 -9999 -9999 -9999 -9999 -9999 -9999 -9999 -9999 -9999 -9999 -0.164045747811338 -0.157223072184199 -0.100477724075574 -0.0711353286402911 -0.115817748491075 -0.0637427307277578 -0.100555135419256 -0.130407207302625 -0.0930419801736701 -9999 0.0939301711729668 0.200827280195882 0.216506930268298 0.193842662552901 0.114990892994431 0.172437390220458 -9999 -9999 -9999 0.264574480802072 0.252280840536257 0.249745481112427 0.234949915577736 -9999 -9999 -0.0606048671256818 -0.0572947990134326 -0.038889093693016 -0.0905274423889845 -0.116763528060451 -0.0967690525309637 0.00198858360415719 -0.0611965126219604 0.0246191470887549 0.0643150125646301 0.0991290566972832 -9999 0.432805905227238
-9999 -9999 -9999 -9999 -9999 -9999 -9999 -9999 -9999 -9999 -9999 -9999 -0.164506583171891 -0.198920716486006 -0.129950411980848 -0.0636880420052387 -9999 -0.106494766937086 0.0212475811105531 -0.0906198031380696 -0.0403742758082334 0.116920683649002 0.19840812800724 0.284013103657886 0.293457376299523 -9999 -9999 -9999 0.681764032180744 0.616679250127864 0.598906451213427 0.247744486196024 0.176854503185782 0.215016475254751 0.252873103132449 -9999 0.0487744860865493 0.049796050564871 -0.0104434159968547 -0.061813222997985 -0.0515073827539072 -0.0871960504906414 -0.0500860426478242 -0.00232950045929925 0.0848190805362954 0.0704541919244182 -0.0123556647689036 0.0357035723293957 0.155247795240583 -9999
-9999 -9999 -9999 -9999 -9999 -9999 -9999 -9999 -9999 -9999 -9999 -9999 -0.0275918274475272 -0.18729568027495 -0.17393331747854 -0.174035177427623 -0.132172453955077 -0.00538461497663493 -0.0228839551723117 -0.0645715006133298 0.162324972649689 0.176325046244654 0.209944039344772 0.264650586738361 0.378674050957144 0.30861918323807 -9999 -9999 -9999 0.55004068528617 0.566539273375573 0.275595162108126 0.27738003121245 0.252105918995304 -9999 0.031323432153216 0.111286561194052 0.045235993844917 -0.0223561993622552 0.0303165266656013 -0.00181796117093092 -9999 -0.0677747086374848 -0.00609167096287917 0.0104115957174826 0.122421272496495 0.228880704094532 0.174604732487639 0.23172121128732 0.236011416463264
-9999 -9999 -9999 -9999 -9999 -9999 -9999 -9999 -9999 -9999 -9999 -9999 0.0580925250255588 -0.127056695018217 -0.18824789746594 -0.155250398930327 -0.132748764030877 -0.0835734738866762 -0.0881307370653128 0.017112704789665 0.129333353583532 0.166868079084983 0.212469763791259 0.256897606543585 0.282505643192645 0.510006549773465 0.574129696287488 0.592373443628559 -9999 0.494265957408017 0.275788387229072 0.185961879007272 0.0896837488844866 -0.0469032723071908 -9999 -0.0809426582427758 0.0426854244491448 0.0761202064831543 0.124069742431428 -0.0227181549868964 -0.0453179870745175 0.0165295406421165 -9999 -0.00763827928320261 -0.00535076782180306 0.0222183460415771 0.101402654445484 0.232784552201202 0.399980486516898 0.344391161565999
