data/rasters/s3.07.06.cu.1_xyz_08_.asc
NCOLS 100 
NROWS 100 
XLLCORNER -4 
YLLCORNER -4 
CELLSIZE 0.08 
NODATA_value -9999 
[rows 21 to 41 of 100, columns 0 to 48 of 100]
-9999 -9999 -9999 -9999 -9999 -9999 -9999 -9999 -9999 -9999 -9999 -9999 -9999 -9999 -9999 -9999 -9999 -9999 -9999 -9999 -9999 -9999 -9999 -9999 -0.168340477996664 -0.14624997945722 -0.0855035530201227 -9999 -0.0958010291597744 0.0126511773879401 -0.0140334891591445 -0.0143632731547706 -0.0147420285139657 0.0398441715822076 0.0540903916067846 0.064730850168074 0.0637646036301393 0.020842618973251 0.0208838008042595 0.0178576583086803 -0.0290090308089727 0.0877737525243485 0.151726797895869 0.169278117247756 0.180116292642751 0.161736042249321 -0.0130874668335002 0.0803767899236429 0.00426506004862027
-9999 -9999 -9999 -9999 -9999 -9999 -9999 -9999 -9999 -9999 -9999 -9999 -9999 -9999 -9999 -9999 -9999 -9999 -9999 -9999 -9999 -9999 -9999 -0.26279895629507 -0.136723669871276 -0.0497073436009206 0.0350837711811664 -9999 -0.0617152480953983 -0.0534438143911307 -0.00798816713514624 0.014063317385302 0.00179120750765203 0.0561297281178845 0.0792974044478423 0.10630331620608 0.109671889576004 0.0527224998991288 0.0108875412805659 -0.0545741839899841 -0.01208193632519 0.0576368046232833 0.153332057304508 0.173758705474989 0.10743677163286 0.0647558001361622 0.0269051939998549 0.0461859325790453 -0.00396751720790449
-9999 -9999 -9999 -9999 -9999 -9999 -9999 -9999 -9999 -9999 -9999 -9999 -9999 -9999 -9999 -9999 -9999 -9999 -9999 -9999 -9999 -9999 -0.254895851254065 -0.215962923533899 0.000171626875758151 -0.0154937273050615 0.0211325726214922 0.0341645136547224 0.0176018158363616 -0.0129445311554715 0.0124478008949308 0.0216319987012215 0.00715425465206177 -0.00450205231968708 0.0345133125303173 0.0334983874409189 0.0809901911488318 0.0898006311368549 -0.00659804519601645 -0.0574843971738326 -0.0976235937069752 0.0608103502981332 0.0586157506741588 0.0517466350722158 0.0183020674880667 -0.0232561325761427 -0.0517671118889628 0.0145708214002466 -0.0342270637040046
-9999 -9999 -9999 -9999 -9999 -9999 -9999 -9999 -9999 -9999 -9999 -9999 -9999 -9999 -9999 -9999 -9999 -9999 -9999 -9999 -0.0204329316531059 0.0299380525610178 -0.265829629871472 0.0438808895376161 0.140538879331703 0.0575937566956087 0.0619995585525401 0.0953446268561162 0.0233444775202069 -0.00753547778556718 0.0176420326772995 -0.00308720209770504 -0.0233682703466769 -0.0408219111897492 0.0472522920896179 0.0800691840757064 0.0795760768265438 0.0563118989149783 0.0536510164029224 -0.00261231542627588 0.00379980030248912 -0.0889419573895814 0.00697899164465293 -0.0339137108085844 -0.134478705426999 -0.135494112338209 -0.0771721168871351 -0.0606750801892055 -0.0677565766931609
-9999 -9999 -9999 -9999 -9999 -9999 -9999 -9999 -9999 -9999 -9999 -9999 -9999 -9999 -9999 -9999 -9999 -9999 -9999 -9999 0.0970658205793849 0.0920087764486673 0.100511246643952 0.0736560028697328 0.13108894938482 -0.0253801639063802 0.109093047927382 0.127339641227228 0.0176953550592523 -0.0547786350758005 -0.0568609279208265 -0.040492121761448 -0.0445711366333839 -0.0409971598450972 0.0350755665722877 0.0006741046773281 0.0689267241680675 0.0505186043860218 0.111533457233024 0.0400406583689926 -0.00654181640612238 -0.0699623996500804 -0.232975312121901 -0.147969493280555 -0.387704157760429 -0.285655778176263 -0.150895903286637 -0.172503169850325 -0.173614996783053
-9999 -9999 -9999 -9999 -9999 -9999 -9999 -9999 -9999 -9999 -9999 -9999 -9999 -9999 -9999 -9999 -9999 -9999 -9999 0.0924991429997622 0.116343796509111 0.14375623611799 0.143553948871457 0.220098985926884 -9999 0.0919344740767367 0.130705485556678 0.0521190326636047 -0.0280449578319211 -0.0501222898810104 -0.053379567495021 -0.0851471880572028 -0.0717045921521843 0.0302879846411756 0.0434312751643021 0.0697561393673696 0.0674305859059665 0.0731258117159709 0.0889345216809548 0.138433022466429 0.161700823171368 0.0538734534554553 -0.273389228001285 -0.366670495604373 -0.444391663915949 -0.41434802949851 -9999 -0.204184219911876 -9999
-9999 -9999 -9999 -9999 -9999 -9999 -9999 -9999 -9999 -9999 -9999 -9999 -9999 -9999 -9999 -9999 -9999 -9999 0.0726655631636052 0.112601852370731 -9999 0.227302736980249 0.192024445227339 0.103929546174684 -0.0148610010974704 0.107367954719411 0.141070993098529 -0.0101158651787977 -0.0994178333732563 -0.0536135370397465 -0.0505053265948368 -0.0660268566974522 -0.0739833199294641 -0.0163336483579691 0.0661269826212801 0.0522105358266304 0.132704544615567 0.121978914991317 0.108982515974397 0.176890049025624 0.125222402336102 0.121043839743752 -0.0356234667499783 -0.248454929230769 -0.273767667144381 -0.337040408436466 -0.310139640237531 -0.206108703432598 -0.186909414703186
-9999 -9999 -9999 -9999 -9999 -9999 -9999 -9999 -9999 -9999 -9999 -9999 -9999 -9999 -9999 -9999 -9999 0.123399447629671 0.152234454991807 0.194494301197931 0.170543780468669 0.141801246830259 0.211888706462873 0.13220939665419 0.0896414497286977 0.142218368392852 0.16066881784037 -0.0308764327169879 -0.111201121513478 -0.0842118009005336 -0.084331076698081 -0.121646320960249 -0.0667748791006647 0.0147249102384782 0.0618439120017929 0.0701212261826108 0.145202628478955 0.136729654420068 0.166682849815701 0.166981502657071 0.168307658499759 0.143991438893218 0.0737647746587701 0.045111373839984 0.0582270467127696 -0.189576954355185 -0.1622354502644 -0.192228117465588 -0.208117408262208
-9999 -9999 -9999 -9999 -9999 -9999 -9999 -9999 -9999 -9999 -9999 -9999 -9999 -9999 -9999 -9999 -9999 0.153455851140428 0.275511857847292 0.304658665554191 0.287519005739223 -9999 0.238755469938616 0.246112794209981 0.182881091287637 0.182012373696152 0.0847150290527434 0.0210649622156143 -0.114471819761716 -0.137187824077825 -0.111291766437884 -0.192834232890716 -0.0850758113881959 0.0230378555756329 0.112170180280474 0.0981332558021447 0.14180667214289 0.181793800847599 0.221494814088889 0.147234455117408 0.147035812067454 0.170906006753857 0.153965277005101 0.131717605309138 0.0167910703389407 -0.0974768108628875 -0.0893936139403546 -0.0993308653534729 -0.111336061623172
-9999 -9999 -9999 -9999 -9999 -9999 -9999 -9999 -9999 -9999 -9999 -9999 -9999 -9999 -9999 -9999 0.179187713872745 0.247793929324612 0.348538179909921 0.364082593832705 -9999 0.312263497676156 0.365036720417638 0.27260044377505 0.21971238402768 0.135512590448205 0.0954461565686241 0.0362399854905654 -0.0393057535656644 -0.111718571124051 -0.207996592615157 -0.194925843606189 -0.0992995089353768 0.0754085651996453 0.101597985269703 0.0767462224705306 0.127766615089421 0.11028419136795 0.228320586573795 0.176959161214271 0.0968547419064899 0.223823615658921 0.190111552980819 0.138671716636197 0.13063810076965 -0.0205484153612396 -0.0496529373382563 -0.0413215713180019 -0.0426337412824779
-9999 -9999 -9999 -9999 -9999 -9999 -9999 -9999 -9999 -9999 -9999 -9999 -9999 -9999 -9999 -9999 0.0616010377985939 -9999 0.344612107097652 0.401630416034482 0.363532767450892 0.330767341085385 0.328633437936379 0.27009914758867 0.186800435847311 0.150028034133363 0.110352669595734 0.0462327685869325 0.00245117410723457 -0.124330725496845 -0.24823193725225 -0.286567799737563 -0.153629174519347 -0.0160370734042278 0.0589448235325789 0.0930872218088492 0.134167543475685 0.121877441595396 0.175150635697364 0.180950772944649 0.123497752554297 0.178228415976456 0.0918233877753632 0.143527155891396 0.156398507975185 0.0858867474706737 0.0491150315540355 -0.0553930476392592 -0.0335506048918939
-9999 -9999 -9999 -9999 -9999 -9999 -9999 -9999 -9999 -9999 -9999 -9999 -9999 -9999 -9999 0.0731603677220497 0.068938178316212 0.0898321722669449 0.187709201104762 0.35564940555928 0.375352819504266 0.339222714617439 0.286939871546161 0.192836631099578 0.175644470314487 0.165202579930249 0.148187035443032 0.0254621456058248 -0.173122686521605 -0.228250909186316 -0.323864258696656 -0.28558340725245 -0.206784262422263 -9999 -0.0170873295186725 0.0215508402354106 0.051871067664598 0.0866140213508367 0.13887031042277 0.151083849208355 0.169977638694204 0.151351977039108 0.0775921992094981 0.0937817914192068 0.16211777106638 0.139886401981915 0.00842740828810066 -0.0109356864954136 0.114761793588041
-9999 -9999 -9999 -9999 -9999 -9999 -9999 -9999 -9999 -9999 -9999 -9999 -9999 -9999 -0.182018146143872 -9999 0.0357201391174121 0.143381122050085 0.197264166831697 0.208385130487794 0.37465548576106 0.314887332149241 0.219135755098073 0.163671062033226 0.15802739928567 0.13979692522964 0.0858298728932891 -0.031773017807281 -0.195083780906257 -0.461985372591966 -0.38595839149122 -0.300937590401893 -9999 -9999 -0.00309666692748211 -0.017169952764986 0.00428669677420678 0.0275734304882894 0.141492749681686 0.134034316898542 0.156071733887688 0.190372042330394 -0.0548501903711156 0.118720952357529 0.117944528520406 0.109393366095177 0.0798846805092101 0.0924166411744496 0.203036071803876
-9999 -9999 -9999 -9999 -9999 -9999 -9999 -9999 -9999 -9999 -9999 -9999 -9999 -9999 -0.180175359236348 -0.0972781236688851 -9999 0.193565410349163 0.216900867390414 0.244977049978834 0.308043429303137 0.248017902338265 0.203725371151412 0.131561803873244 0.105467575798592 0.0986821913501716 -0.107024560638546 -0.212150054360093 -9999 -0.358874466349425 -0.303682771592553 -0.266731491782769 -0.23962526319832 -9999 -0.0956139647821088 -9999 -0.0329070641051031 0.011810621860568 0.0116654561945794 0.0558898734831511 0.0310589111893797 0.143005499786886 0.00986135880762415 0.0759667300905123 0.0672098920032071 0.0894948695037783 0.142420472827875 0.182320063901124 0.196364981832779
-9999 -9999 -9999 -9999 -9999 -9999 -9999 -9999 -9999 -9999 -9999 -9999 -9999 -9999 -0.143589500272586 -0.0646936362277497 0.183088927115368 0.187515521097877 0.186785226339297 0.230283342454545 0.22676380986131 0.220645908237685 0.156104189423645 0.134462891293762 0.124057368053867 -9999 -0.115775451894998 0.000466623429722728 -0.0317429016592048 -0.181858378383399 -0.222680513580281 -0.258275155891403 -0.223574535426528 -0.166683532381054 -0.120733863880086 -9999 -0.125111089886306 -0.0262759212537595 -0.0446531729514405 -0.00128371640567863 0.0085395733787176 0.0488626377882782 0.0482135225232725 0.0579794681853995 0.0677118153884482 0.08486330218936 0.121127693865244 0.144989827806798 0.144463178479215
-9999 -9999 -9999 -9999 -9999 -9999 -9999 -9999 -9999 -9999 -9999 -9999 -9999 -0.0830117093316988 -0.136762927275665 -9999 0.0509195363388395 0.140921954271422 0.137495559751246 0.18503546016016 0.224266816962732 0.21248467327383 0.180102958712852 0.140215826327972 0.122817094531715 0.111394797042895 0.0190226442316991 -0.0140572659806328 0.00543780447866705 -0.0709398225163814 -0.0376924839509126 -0.186166574219988 -0.146559322481013 -0.130771046124297 -0.123085706347549 -0.201116213857063 -0.0942098835728759 -0.0720360785346454 -0.0757433512082178 -0.00773217968852718 0.00550211243953089 0.0392709482079749 0.0248782460063021 -0.00488762899085584 0.0221671380082681 0.0636789554302089 0.12143010935498 0.194220700716165 0.104686287583274
-9999 -9999 -9999 -9999 -9999 -9999 -9999 -9999 -9999 -9999 -9999 -9999 -9999 -0.0239727809710116 -0.0548602977046699 0.00577153961719304 0.0639623760447794 0.0930335963612334 0.116772439881331 0.189277417839006 0.218221707444024 0.222429433475358 0.210557326994688 0.14446934396148 0.183212435793188 0.210841565808281 0.150944069704435 0.0925389640565173 0.0943729911022215 0.0437213245775196 -0.0576594192278822 -0.0294481658426331 -0.0762409985696851 -0.111012123571437 -0.13452565982961 -0.196890661263969 -0.0950637491478808 -0.130170018424051 -0.163266254118346 -0.0439332236541423 -0.0876864704320404 -0.0416157747178621 -0.0994827245871195 -0.190851261982405 -0.068617488222161 0.0722812881920234 0.0690109111242505 0.150904654060555 0.110334179700618
-9999 -9999 -9999 -9999 -9999 -9999 -9999 -9999 -9999 -9999 -9999 -9999 -9999 0.000934355163879236 -0.0427959369294644 0.00968889296374664 -0.039959711399894 -0.0390292203982595 0.0180235079999127 0.0507949374788291 0.20152079798937 0.251458100404539 0.255536615298676 0.292320654709677 0.277704076913387 0.312815275387072 0.181064621350271 0.076827302826363 0.029270442867364 -0.0111424380906528 -0.00012096208714372 -0.00676381838080273 -0.0748449122557309 -0.137032131386301 -0.142506019307069 -0.102657535794747 -0.161385851728117 -0.192498918305846 -0.222063297410534 -0.217111777326724 -0.161256255212256 -0.143875386788583 -0.176285566098264 -9999 -0.0905655381130696 0.06377352495172 0.0678699077944961 0.0861599310027474 0.104057766805539
-9999 -9999 -9999 -9999 -9999 -9999 -9999 -9999 -9999 -9999 -9999 -9999 0.0234732167707622 -0.0159726818494552 0.0308161497345012 -0.00876913551996804 -0.00842873453277929 -0.0424653024659985 -0.00274770743181596 0.0334681788517 0.218583361042962 0.224653434000972 0.261588789206572 0.300169560371086 0.287310178398598 0.299206384780457 0.173634220631227 0.09580120241691 0.0187335681043667 0.0164217466724663 0.00173688450645459 -0.0204104699378962 -0.0344840991474974 -0.139722686086761 -0.0948548471393457 -0.0878729196182246 -0.13031273716894 -0.191581029052106 -0.254260792861806 -0.278265705646496 -0.241100059227919 -0.249285109758006 -0.249197044725626 -0.459421870989473 -0.0476824536076737 0.0432466416735086 -0.017682663116026 0.0238603139423792 0.0196697899150567
-9999 -9999 -9999 -9999 -9999 -9999 -9999 -9999 -9999 -9999 -9999 -9999 -0.0699527553815036 -0.0758900492754344 -0.00435261079213481 -0.0221539891386096 -0.0191899406003902 0.00910784145416409 0.044644134756202 0.0936896396800797 0.122101561730975 0.209431244801575 -9999 0.286252278397643 0.315806685147644 0.28104745620569 0.221625268992786 0.136293272125349 0.0585033289837863 0.00264310855159723 -0.0457634391792784 -0.0673409321486237 -0.029167269078857 -0.0524609721487741 -0.0625417248293896 -0.034183108426009 -0.105859670233152 -0.167579263518128 -0.242954359295813 -0.274023726239378 -0.26799984629476 -0.326002905927241 -0.372443379246907 -0.372053944442016 -0.235778365602312 -0.278591957300501 -0.101902949606131 -0.0266385691363679 0.0491076962637215
-9999 -9999 -9999 -9999 -9999 -9999 -9999 -9999 -9999 -9999 -9999 -9999 -0.00996581416060926 -0.133120500634593 -0.0122210817744698 -0.0233963309101639 -0.0534199174072875 0.0106391841878956 0.0136014105838909 -0.00758549445028582 0.0924758803240894 0.190737286334498 0.176119877002325 0.27970686956993 0.242785399095619 0.290670092639773 0.2704142117441 0.216736985809854 0.127312054234854 0.00438315423710727 -0.0800274026408139 -0.106108798950889 -0.1172517819524 -0.0312348739160259 0.00425356383396346 0.00938946167895597 -0.0611316596530772 -0.187399322389491 -0.156438886560502 -0.260595574204645 -0.317632046931637 -0.310510639177406 -0.32771298446471 -0.406596876225718 -0.212425395575626 -0.0992376993991435 -0.0628380509772099 -0.0748742437677688 -9999
