data/rasters/s3.07.06.cu.1_xyz_08_.asc
NCOLS 100 
NROWS 100 
XLLCORNER -4 
YLLCORNER -4 
CELLSIZE 0.08 
NODATA_value -9999 
[rows 21 to 41 of 100, columns 49 to 97 of 100]
0.0204882683118638 -0.232685117662266 -0.186151763617891 -0.12468783290592 -9999 -0.0377573033860197 -0.0364904327183295 0.0191522771870637 -0.0226659405464512 0.0413799232086513 -0.0255379363758093 0.0400436904457542 -0.00243218133423232 0.0234497740225509 -0.0183941783946281 -0.0435330629554514 -0.122169348924416 -0.066210652807863 -0.0569763189116298 -0.0695444521621623 -0.0466108682849221 0.0222969261912492 -9999 0.122049988762679 0.225056419382398 0.324473651410296 0.351870081256363 -9999 -9999 -9999 -9999 -9999 -9999 -9999 -9999 -9999 -9999 -9999 -9999 -9999 -9999 -9999 -9999 -9999 -9999 -9999 -9999 -9999 -9999
-0.0231405886859385 -0.199423008873135 -0.137414521974609 -0.111145512061683 -0.0819729392165541 -0.0229100205352747 -0.0101861455031937 0.0532264202826544 -0.154662714728965 0.0103164235482879 0.0347624648517113 -0.0192651949947223 -0.0247905368336426 -0.000391982235655198 -0.00411289026033258 -0.0275600445352835 -0.00998618614336316 -0.0422272180479074 -0.0636142712213213 -9999 0.0314910506057054 0.0366180264859291 0.0589790139567062 0.130181826974136 0.240565293962249 0.290373736527818 0.322171875196283 0.340142925868151 -9999 -9999 -9999 -9999 -9999 -9999 -9999 -9999 -9999 -9999 -9999 -9999 -9999 -9999 -9999 -9999 -9999 -9999 -9999 -9999 -9999
-0.293115433762826 -0.218747996237921 -0.155563614258439 -0.105232859810621 -0.0379445701472272 -9999 -9999 0.0400004284813624 0.0897484675949779 0.137740100884717 0.079076925372988 -0.045495280184626 -0.0185928439662549 -0.0493464979673009 -0.0176007679803825 -0.0500908803246226 -0.0908174428715903 -0.0896200792783002 -0.0746879328541349 -0.0800259605390301 0.0874066806077177 -9999 0.13132933397517 0.174537886938856 0.224874307425909 0.156537612664749 -9999 0.180467584572528 0.289191682752358 0.201295605811032 -9999 -9999 -9999 -9999 -9999 -9999 -9999 -9999 -9999 -9999 -9999 -9999 -9999 -9999 -9999 -9999 -9999 -9999 -9999
-0.353855363437619 -0.214603039877366 -0.193361723169963 -0.147328059928418 -0.0268040837496404 -0.0100431300153071 -0.00422738011097959 0.0975926767837709 0.118213654672579 0.119407354641388 0.0993746583237452 0.0410588285187203 -0.080970752384216 -0.0707171275172318 -0.115093307527802 -0.154072565568257 -0.150094021954206 -0.182488108586678 -0.178646805258982 0.0770340461789576 0.0941967067734402 -9999 0.184222584230456 0.217284098179321 0.276651229814074 0.28245741471123 0.228638843531896 0.236515121553123 0.27189866903389 0.230005337073909 -9999 -9999 -9999 -9999 -9999 -9999 -9999 -9999 -9999 -9999 -9999 -9999 -9999 -9999 -9999 -9999 -9999 -9999 -9999
-0.234232401122721 -0.179263697490345 -0.224279210884177 -0.127575083672148 -0.0142450970601523 0.0281394964975857 -0.0260179683783247 0.0918851664169589 0.0971774565861912 0.0589779894900773 0.0454282627646401 0.0669275244598384 -0.0284257558467545 -0.0956433432931426 -0.222238090296639 -0.224360191843597 -0.216397221535118 -0.188778103251276 -9999 0.0929331118245926 0.100311514244943 0.151220960255379 -9999 0.213138463784446 0.340398462077026 0.335849486064188 0.320547013334416 0.297028178807771 0.245658890337436 0.27061962149255 0.199695968620415 -9999 -9999 -9999 -9999 -9999 -9999 -9999 -9999 -9999 -9999 -9999 -9999 -9999 -9999 -9999 -9999 -9999 -9999
-9999 -0.167032688955381 -0.172382029861704 -0.0804635996939386 0.00491502843075506 0.0700284628411271 0.0499187280265481 0.125536762372494 0.0222279761071975 -0.119630264081571 -0.0581298329322992 -0.0830122057734027 -0.142420738326727 -9999 -0.170768001999723 -0.194043635095847 -0.237123683470567 -0.13046031695808 -0.148659927826084 -9999 0.10907504977953 0.147738445237112 0.121400193750896 0.235221961897687 0.301531301103815 0.294692688651195 0.294325275730433 0.246384218946712 0.269584615151101 0.244117573585113 0.181109092478037 0.101011113662719 -9999 -9999 -9999 -9999 -9999 -9999 -9999 -9999 -9999 -9999 -9999 -9999 -9999 -9999 -9999 -9999 -9999
-0.124842507570144 -0.0674421617831739 -0.0815829220321182 -0.0594039983306351 -0.00298886982159712 -9999 -9999 0.0579776702459344 -0.0345521251734821 -0.0646314228687755 -0.0837793028719642 -0.130711131251089 -0.113445647964363 -0.118804404414165 -0.174203942269632 -0.199771673811999 -0.173826700602038 -0.0935094010585443 -0.108830305362496 0.0539863063046165 0.0814130506034454 0.128435786466673 0.132353146212541 0.260447347037745 0.309767341675163 0.249961283707246 0.229085216838509 0.193007129631468 0.190653705888809 0.162976849492435 0.134248225368907 0.0795763762826703 0.0356331512066604 -9999 -9999 -9999 -9999 -9999 -9999 -9999 -9999 -9999 -9999 -9999 -9999 -9999 -9999 -9999 -9999
-0.149307711114038 -0.0940478104554637 -0.0688014596633183 -0.0192793022379619 0.00337468266594553 0.0847768963454733 0.102678893339452 0.0306275348352904 0.0323996394481821 -0.0134749754676694 -0.086301056884057 -0.148539047034268 -0.122716948153339 -9999 -0.206942036427389 -0.130612024962518 -0.139124289470454 -0.14832720904066 -0.0466885478859596 -0.0216523761501166 0.00987998823760113 0.0325864456924007 0.0498356526902666 0.30054140922036 0.248800687511905 0.200960639546601 0.164864194732373 -0.0106229799244795 -0.0217995104045464 0.170982342836679 0.126251354483948 0.0909848751701558 0.0326945289392132 -0.00655789009394636 -9999 -9999 -9999 -9999 -9999 -9999 -9999 -9999 -9999 -9999 -9999 -9999 -9999 -9999 -9999
-0.13092121918536 -0.0240630269784283 0.0433885798658521 0.0504065075043591 0.0700677850990909 0.0696181007006227 0.103499769923348 0.0471347446476262 0.0276775682989249 -0.0203447818996378 -0.0731461781417623 -0.149458697429452 -9999 -0.0659086079248934 -0.195719217034133 -0.14474375444395 -0.15195477382008 -0.113194213645848 -0.0647292223214406 -0.0901216351383016 -0.0920924421660987 0.011944891010337 0.0289784447884637 0.134460166639788 0.114253677052743 0.112460785155216 0.058936115637361 0.0823131754980704 0.130746761043632 0.0985690321247782 -9999 0.104091989080208 0.0281031878856262 0.0262854223677579 -9999 -9999 -9999 -9999 -9999 -9999 -9999 -9999 -9999 -9999 -9999 -9999 -9999 -9999 -9999
-0.0867801837046854 -0.0228776153303642 -0.0742798952539336 0.0962027429249078 0.0343167315096183 0.00429157398031494 0.0206690236239835 0.0318559913019752 -0.0340998370748567 -0.0416543473125838 -0.052050934362563 -0.0585237416375302 -0.0837436136481318 -0.0757063564119442 -0.0427734596668725 -0.0585141740855535 -0.190853143747982 -0.156614844127303 -0.0988253918313532 -0.053273012516241 -0.103999411723979 -0.0277327320898155 0.0885309431170262 0.104654169579685 0.102913560564723 0.0293224574963977 0.0383585456558309 0.0386610633380292 0.114744988668002 0.136192200487295 -9999 -9999 0.0708432513799588 0.0628774877002369 0.048311437487983 -9999 -9999 -9999 -9999 -9999 -9999 -9999 -9999 -9999 -9999 -9999 -9999 -9999 -9999
-0.00580011130055478 -0.12706972902147 -0.0145563916728425 0.102903638630497 0.0229869030118869 -0.0638129909218957 -0.0574583389450583 -0.0799105362233368 -0.0974027417637673 -0.0537737814803567 -0.0617536474687562 -0.0834945249597873 -0.0494559442756841 -0.0145494712112728 0.0168565432517308 -0.0253615957552618 -0.0827708668046268 -0.121463881215996 -0.13015541423385 -0.0478405782823578 -0.0482258250289413 -0.0304211634547016 0.0367733810610699 0.0640448405656556 0.0684027451294447 0.0158718753717422 -0.0364232991353074 -0.0678598289287079 0.0324781272076106 0.102559220394527 -9999 -9999 0.100026823952556 0.127736414088649 0.0803113953520793 0.0722383446009981 -9999 -9999 -9999 -9999 -9999 -9999 -9999 -9999 -9999 -9999 -9999 -9999 -9999
0.0292579338912919 0.00358623684535879 0.0709499941133162 0.0651434754365514 -0.00730326318087783 -0.040136454505964 -0.0237491575782033 -0.0788617294008416 -0.0627912568698327 -0.0142709449152513 -0.0225066330563649 -9999 -0.0109757932424733 0.0199687252942538 -0.00197248521988953 -9999 -0.048394938591182 -0.0390916494101155 -0.0498589049288124 -0.0745177992489402 -0.0819813922504705 -0.0927434592780341 -0.0817903173852457 -0.0341530737496337 -0.0444637670241331 -0.0348607874862442 -0.0428599288349265 -0.107343444859633 -0.115195747656573 -9999 -9999 -0.0766873099894936 0.104224357864093 0.13146646091308 0.0746590626578562 0.0225579008999574 -9999 -9999 -9999 -9999 -9999 -9999 -9999 -9999 -9999 -9999 -9999 -9999 -9999
0.165150221592402 0.0626059699415366 -0.134979712983616 -0.0453747950263671 -0.0458826717504651 -0.147479046622787 -0.0642462621329637 -0.0769221173357359 -0.0550396027283743 -0.00878481619043319 0.0389839664878448 0.0116509297283312 -0.010807609287286 0.0804063371834598 0.122171026138458 0.0711427756366544 0.0639265265215707 0.0523108872401314 -0.0162021155433831 0.00332287787283084 -0.0567700937887829 -0.100109342567149 -0.0927352233737104 -0.106991077165289 -0.124203502668503 -0.0937055104367653 -0.0827608552186218 -0.119999061429344 -0.129178524695948 -0.103263129175262 -9999 -0.0165375797089191 0.0346556509982815 0.059936156659769 0.0689624730640727 0.0110322368343027 -0.00765788713312982 -9999 -9999 -9999 -9999 -9999 -9999 -9999 -9999 -9999 -9999 -9999 -9999
0.192101784974443 0.125921369425097 0.0611993949807937 -0.0401916785372776 -0.163159608357941 -0.182342900719875 -0.105170030711718 -9999 -9999 0.00869972918494365 0.0189507250783325 0.0133385181425844 -9999 0.129224755236609 0.0885272054650397 0.0710431510283345 0.138449167844689 0.100873609873283 -0.0370140749401688 -0.0354370435182719 -0.109565458920789 -0.14089763210584 -0.207185352616026 -0.175220742417739 -0.142108931813693 -0.147321778643035 -0.153260315750979 -0.143030691212277 -0.105213325549254 -0.0398485339107621 -0.101650088655966 -0.0661900285625773 -0.0195571012008819 0.0391240237723381 0.0114282688958118 0.0147828424188745 0.0367027717072209 -9999 -9999 -9999 -9999 -9999 -9999 -9999 -9999 -9999 -9999 -9999 -9999
0.156356484097014 0.178775584298447 0.0782837449057422 -0.0624782922647256 -0.129131733592547 -0.185344893282987 -9999 -9999 -9999 0.0014859029635458 -9999 -9999 -0.000136079862443109 0.164423986241489 0.188023926786443 0.163857973676039 0.106393090546389 0.104071185331216 -0.144220215970397 -0.0364872580695878 -0.134052323297958 -0.173656653605633 -0.181616691188944 -0.158094709819809 -0.152918059909312 -0.214092364988368 -0.134202336862595 -0.0816321091225339 -0.102157343116825 -0.0905612232983332 -0.080228494802719 -0.0399495014499118 -0.0373610564338528 0.0106837136947904 -0.0889067882994619 -0.0675855644961269 -0.125909874885483 -9999 -9999 -9999 -9999 -9999 -9999 -9999 -9999 -9999 -9999 -9999 -9999
0.165919282776639 0.140974937470139 0.108640777679902 -0.0167687565815667 -0.0512954493068938 -0.115912180561817 -0.137455646308184 -9999 -9999 -0.0734100315378399 -0.0838892814614238 0.0307013957121851 0.102557696776756 0.216338266637775 0.235069207829547 -0.291587434584553 0.155339894947449 0.193027785003408 0.20142847197222 -9999 -0.141428908420289 -0.174512380276167 -0.170877390302964 -0.21277066290643 -0.194129625127552 -0.231738609102422 -0.132665659405792 -9999 -0.291812683663063 -0.120332301163858 -0.0969468739381538 -0.130451568906948 -0.0970299326618995 -0.0577158725719023 -0.165271593501538 -0.160197612149255 -0.171151170352158 -9999 -9999 -9999 -9999 -9999 -9999 -9999 -9999 -9999 -9999 -9999 -9999
0.0541473823180757 0.0299474041506282 0.143453670165936 0.0620342755964668 0.12288097958561 -0.0912289768825682 -0.127591304827156 -0.0658730002418 -9999 -0.0738322823119735 -0.0594104254474963 0.0359468739376609 0.0642896468106177 0.120148435174605 0.173865684647701 0.129999175941449 0.157111309039669 0.213837627456031 0.239912405504171 -9999 -0.0976557778175403 -9999 -0.244068969033348 -0.211725402478207 -0.215226917641255 -0.237146726409136 -0.323264822372497 -0.345302133475303 -0.260212808490605 -0.113354051571257 -0.0854608879574083 -0.106082575547385 -0.0968338867038524 -0.0927447542551783 -0.165180584337939 -0.255295840337418 -0.215646367756876 -0.252867633550538 -9999 -9999 -9999 -9999 -9999 -9999 -9999 -9999 -9999 -9999 -9999
0.136142798065844 0.178250068333729 0.149347208723075 0.0507828975210944 0.124126795605741 -0.079503549655408 -9999 -0.00958432508819316 -0.115784853244372 -0.0668633798941893 -0.0591613717270986 0.0315469185720359 0.0754240613963901 0.0434848010809581 0.0890996559393305 0.152323191019987 0.176127137027455 0.260246941327411 0.277935275451951 -9999 -0.40077410642748 -0.276646648832266 -0.251019982632478 -0.226912808728967 -0.199209989878951 -0.205238993549954 -9999 -0.31972062976341 -0.269947999334825 -0.169187356440038 -0.103315276768838 -0.0758050033996175 -0.0766308231885569 -0.112047094018736 -0.169860524790794 -0.321756853046189 -0.323296303837544 -0.290737604687394 -9999 -9999 -9999 -9999 -9999 -9999 -9999 -9999 -9999 -9999 -9999
0.0333709925835746 0.159203704713196 0.228585216695175 0.224012705066497 -9999 -9999 -9999 0.000180090966396407 -0.0659104459723662 -0.112343152530047 -0.0938863154442265 0.022549501831972 0.0377245897189337 0.0259811036144377 0.141347807847277 0.234009971595199 -0.00106561904460518 -0.314600847941514 -9999 -9999 -0.405994286444219 -0.317666482273857 -0.250157423148929 -0.206982851280494 -0.162909502287822 -0.258343609217914 -0.311373160823772 -0.321252754845555 -0.250322557682453 -0.209321454523174 -0.13579730657464 -0.122602973186614 -0.160093193636122 -0.179618128038248 -0.229934310526698 -9999 -0.29009780107191 -0.367198943060142 -9999 -9999 -9999 -9999 -9999 -9999 -9999 -9999 -9999 -9999 -9999
0.0595651504387316 0.107654291495142 0.0452885271904539 0.157879987411194 0.168592369285588 -9999 -9999 -0.210281371759172 0.00315666260604704 -0.0597288662045703 -0.0436037278637095 -9999 -0.0338313141382724 0.00820300772184974 0.104641971129278 0.136729333148615 -0.210518414621744 -0.172239366622831 -0.277659866304829 -0.456242109966819 -0.342390401443327 -0.245941483704706 -0.227667654140087 -0.233390219421006 -0.142817543716423 -0.265878194030544 -0.316073644945731 -0.322750909927616 -0.261365266947515 -9999 -9999 -9999 -9999 -0.291014009377639 -0.328194173930031 -0.32520453185244 -0.291376417010804 -0.294404272799745 -0.273375746435233 -9999 -9999 -9999 -9999 -9999 -9999 -9999 -9999 -9999 -9999
0.064787020137224 0.102446405593791 0.110972466857642 0.132269786391337 0.0541033080319668 0.116213681329821 0.137931140814978 -0.0111464063968065 -0.0855236532243248 -0.099809435499772 -9999 -0.0504632256810761 -0.0230283210335134 -0.0534743785481141 -0.0749160942681035 -0.113376214646518 -9999 -0.195184598926829 -0.334739541448898 -0.287828434467685 -0.217613070270996 -0.147249607190733 -0.154889501140791 -0.134195114499985 -0.062649149089057 -0.150582712408322 -0.272363014606911 -0.283925062091984 -0.236265708993039 -9999 -0.201294144124717 -0.192455042095946 -0.274606088852976 -0.238582206348487 -0.327196397810824 -0.258349331042034 -0.234821172612154 -0.198991856112148 -0.211971613586739 -9999 -9999 -9999 -9999 -9999 -9999 -9999 -9999 -9999 -9999
