data/rasters/s3.07.06.cu.1_xyz_08_.asc
NCOLS 100 
NROWS 100 
XLLCORNER -4 
YLLCORNER -4 
CELLSIZE 0.08 
NODATA_value -9999 
[rows 63 to 83 of 100, columns 0 to 48 of 100]
-9999 -9999 -9999 -9999 -9999 -9999 -9999 -9999 -9999 -9999 -9999 -9999 -9999 0.220620259808113 0.224636280232766 0.180526402446644 0.0984821211640141 0.127572858155275 0.066612027695989 0.0456030452034395 -0.028713412828227 -0.28259844209043 -0.321223580293676 -0.283818010171827 -0.625973884324599 -9999 -9999 -0.475829130225919 -0.195253785846013 -0.215281029519152 -0.190077755235382 -0.118818148513458 -0.0472268268937373 0.0135863056597453 0.081625877846016 0.202953607968055 0.225819376961555 0.206752823291461 0.253539346947117 0.311933205228551 0.180082616614677 0.189280651688676 0.266627477425792 0.336661047855695 0.318936590319955 -0.135452061072345 -9999 0.355426399997895 0.37314658425362
-9999 -9999 -9999 -9999 -9999 -9999 -9999 -9999 -9999 -9999 -9999 -9999 -9999 -9999 0.236241253125985 0.188358310760558 0.112624715046324 0.0850493498538276 0.0622263663136396 0.0476548857561451 0.0680399352250023 -0.109634289442722 -0.214153688473271 -0.407755748979941 -9999 -9999 -9999 -9999 -9999 -0.18410062247295 -0.225457822633136 -0.124762545954805 -0.103141303383126 0.00607744060678251 0.130885727393904 0.216538627250907 0.227654514503694 0.263149238209672 0.293549830782846 0.27980700224559 0.207274408252349 0.156105172211274 0.16927769405108 0.26289265303427 0.298175816231688 0.313262301928668 0.315450474457998 0.308714108064196 0.271140327694851
-9999 -9999 -9999 -9999 -9999 -9999 -9999 -9999 -9999 -9999 -9999 -9999 -9999 -9999 0.188168249207051 0.0880026272077485 0.035329715399485 0.0762090100554976 0.0607446241364041 0.0533879392972553 0.0564645711349511 -0.23538140512242 -0.271854982652439 -0.412878653264401 -9999 -9999 -9999 -9999 -0.360236593768498 -0.408419733850259 -0.269539315269084 -0.179972211685708 -0.170396389220679 -0.0724008559478864 0.0721702623739155 0.100958606038541 0.222128816944904 0.294171071183416 0.276499624866617 0.274860497853139 0.219211195096411 0.149807910363784 0.0604582076815522 0.206277046187788 0.249887813865205 0.14334608909393 0.364691700400696 0.358051658218793 0.319516988949831
-9999 -9999 -9999 -9999 -9999 -9999 -9999 -9999 -9999 -9999 -9999 -9999 -9999 -9999 0.063206813477625 0.0359092236553232 -0.0187484819029959 0.0690075594800379 0.0836817673889316 0.0447504522819595 0.0387029300564835 -0.178873252398338 -0.293233567851856 -0.391724801441949 -0.335479947614972 -9999 -9999 -9999 -0.344690641086661 -0.357186323855371 -0.231055409563338 -0.115224565169705 -0.162758165498735 -0.0585154596413229 0.0397081813667973 0.0877524544087311 0.269021920944623 0.336720117290115 0.295651404231635 0.21114009958322 0.140538954152613 0.045533711712217 0.0152617011833046 -0.0475785955198159 0.176044883947074 0.208487294604646 0.345516504612412 0.309396376607392 0.242230412054171
-9999 -9999 -9999 -9999 -9999 -9999 -9999 -9999 -9999 -9999 -9999 -9999 -9999 -9999 -9999 -9999 0.0411899576123237 -9999 0.101014000301275 -0.0460855286229069 -0.0867034087421106 -0.149283377923343 -0.203294439957735 -0.319657316680969 -0.32203910553423 -0.276664784786573 -9999 -9999 -9999 -0.268481895307375 -0.200147805547997 -0.102688388422109 -0.0909249597886117 -0.0401916621997095 -0.0237916471886148 0.0738045246790332 0.348106813797516 0.442994996851336 0.216870683371265 0.208982378844501 0.151337108918874 0.0621417301097542 -0.0323076641548357 -0.0214238557385756 0.148258425263218 0.195661708673103 -9999 0.0299344310358041 0.101118490046301
-9999 -9999 -9999 -9999 -9999 -9999 -9999 -9999 -9999 -9999 -9999 -9999 -9999 -9999 -9999 0.0781087998435174 0.12685443438838 0.111656535190749 0.0219106338131265 -0.0146128447848186 -0.0884827218621838 -0.20769256601427 -0.116216685256056 -0.224201908108339 -0.286891002140459 -0.267500675005893 -0.308342435679484 -0.369722686423337 -0.408330801572773 -0.247536576660639 -0.275825892653072 -0.272781579671543 -0.193579178645957 -9999 -0.207807128077176 0.173404338966859 0.223355668558125 0.270449619265663 0.262198259402203 0.220529741379202 0.143373161615175 0.0479589865094363 0.0062321310401155 -0.0179522120377315 -0.0661507626146063 -0.0231178844047392 -0.020163686496147 0.0611268415598741 0.110048446182793
-9999 -9999 -9999 -9999 -9999 -9999 -9999 -9999 -9999 -9999 -9999 -9999 -9999 -9999 -9999 -9999 0.132375956884643 0.139346669944726 0.0583541805900314 -0.0273296390774151 -0.0721892492209439 0.003506078120169 -0.0138480291056777 -0.125600501856725 -0.216438569362428 -0.243663884127576 -0.221399362008429 -0.297377196997267 -0.39524376055842 -0.345905306345101 -0.316771630559784 -0.267875296097553 -0.249284459205536 -0.160358202473509 -0.136473847409446 -0.0360755506813999 0.141366764280234 0.246228373623657 0.200692127919441 0.167815653971441 0.170585714270218 0.0689219586153445 0.0112605419913229 -0.0292532071064029 -0.0382398932851037 -0.015232379710986 0.0562513757229241 0.0867501268731067 0.139950667202688
-9999 -9999 -9999 -9999 -9999 -9999 -9999 -9999 -9999 -9999 -9999 -9999 -9999 -9999 -9999 -9999 -9999 0.120657396675843 0.10652274675842 -0.0187110499037155 -0.0334953698528116 -0.020687020693909 -0.0188991034758567 -0.0301152902949568 -0.12603533138316 -0.191824781381436 -0.181731734519551 -0.253246527739008 -0.3511504216761 -0.405016697355802 -0.343046418918666 -0.272005319414997 -0.229062323648642 -0.132041634286553 -0.0963043381274361 0.00637761838757982 0.149447239883179 0.177736030610332 0.14277477369427 0.102922510485213 0.0938476693388397 0.0741697310870857 -0.0130297204230885 -0.0832803272232056 -0.0337163375177447 -0.00461617902519128 0.0159746621699845 0.0850526501909894 0.157215456117194
-9999 -9999 -9999 -9999 -9999 -9999 -9999 -9999 -9999 -9999 -9999 -9999 -9999 -9999 -9999 -9999 -9999 0.0815030523912734 0.122327490909064 0.0865517769955263 0.0719761662659849 -0.00630504925465618 -0.0634345782507326 -0.139508662632851 -0.158940229438696 -0.163095277571091 -0.206064421793525 -0.258489956133884 -0.268337703541762 -9999 -0.286881112680574 -0.256756357160257 -0.209226415128561 -0.174392955241295 -9999 -0.0678550448265324 0.0388979014392784 0.0455534021721204 0.110680250998303 0.122000672675165 0.0860784965249694 0.0822126822506527 -0.0162801719156579 -0.0826354113465243 -0.118266807448983 -0.0995653629234876 -0.0497008909357779 -0.116768402387258 0.137754439368809
-9999 -9999 -9999 -9999 -9999 -9999 -9999 -9999 -9999 -9999 -9999 -9999 -9999 -9999 -9999 -9999 -9999 -9999 0.207401039485284 0.169467959833798 0.12944820493562 0.091085792287161 -0.0182855686036887 -0.0996367306714162 -0.149383233458589 -0.186706236187646 -0.205099815995018 -0.2493057304487 -0.276952759334955 -0.356758572872921 -0.290696605186861 -0.230122137547582 -9999 -0.16094263342188 -0.16638923160907 -0.114056724106557 0.0103386644095726 0.016079966146678 0.0654201876856975 0.0831292573040069 0.0658335239038065 0.0301766124074475 -0.00916759212313781 -0.0352741680957673 -0.0808007988032978 -0.146620797238519 0.0562089981860497 0.065727772476196 0.103491726244843
-9999 -9999 -9999 -9999 -9999 -9999 -9999 -9999 -9999 -9999 -9999 -9999 -9999 -9999 -9999 -9999 -9999 -9999 -9999 0.178898333666331 0.122979978549151 0.0781225621282591 -0.0504598330514435 -0.115126754583989 -0.129671044662308 -0.162782376714519 -0.224552348362351 -0.242815035949779 -0.350505745158175 -0.364072563625373 -0.353756739545789 -0.217943476148795 -0.202346963442743 -0.163068419039352 -0.145803988333425 -0.145627474713395 -0.0869620544752849 -0.069730707046164 -0.0010243321395646 0.0260214658473933 0.0342134386967544 -9999 0.0404707072158585 0.00167367587967244 -0.0592300964621924 -0.128407721445159 0.0124228096052984 -0.0134973333519684 0.183763365144616
-9999 -9999 -9999 -9999 -9999 -9999 -9999 -9999 -9999 -9999 -9999 -9999 -9999 -9999 -9999 -9999 -9999 -9999 -9999 -9999 0.140041374963365 0.0954124914659754 8.40689990720507e-05 -0.0991928325923554 -0.136578270060284 -0.174681552884285 -0.192448680565426 -0.241288197653392 -0.29960361175023 -0.334565166514857 -0.353357007403613 -0.251267081417826 -0.0974112767757069 -0.0980204667460007 -0.115195897733908 -0.115765383893617 -0.162312165807196 -0.104893909951951 -0.074035043185971 -0.0580774201239303 0.0204024267160383 -9999 0.0516806457398813 0.0294013553956327 -0.0730741439215595 -0.124885767122631 -0.067226329602787 -9999 -9999
-9999 -9999 -9999 -9999 -9999 -9999 -9999 -9999 -9999 -9999 -9999 -9999 -9999 -9999 -9999 -9999 -9999 -9999 -9999 -9999 -9999 0.0896780208513724 0.0638564170937979 -0.181799031237776 -0.264880868475727 -0.236716741874778 -0.163433971997755 -0.2337683525367 -0.349872726599842 -0.270435635734578 -0.268518868810303 -0.255074636733381 -0.1200022083108 -0.148824994371106 -0.120204118133617 -0.12184479020614 -0.153048457610336 -0.0904593803975352 -0.120041152398486 -0.0600815114900987 0.00186429710105317 -0.0729952239399471 -0.31964226522509 -0.0322803408902895 -0.0392888789432729 -0.0967567888123009 -0.0792654561173502 -0.152677958002983 -0.0918084209283743
-9999 -9999 -9999 -9999 -9999 -9999 -9999 -9999 -9999 -9999 -9999 -9999 -9999 -9999 -9999 -9999 -9999 -9999 -9999 -9999 -9999 0.067352060703265 0.0348196977970867 -0.204220730744716 -0.140815123794265 -0.143876770434097 -0.170348697073824 -0.198793988390748 -0.224699998089419 -0.37213928658548 -0.25860952682042 -0.23052024675992 -9999 -0.149563605386726 -0.100522509399088 -0.113680620636706 -0.135399708558928 -0.117617537079652 -0.173200396862601 -9999 -0.0136064444781211 -0.00293417191166853 -0.0210367165666181 -0.0147251432065816 0.00785251018021726 -0.0321562084643083 -0.141472504197416 -0.0739900825484747 -0.00234813121154349
-9999 -9999 -9999 -9999 -9999 -9999 -9999 -9999 -9999 -9999 -9999 -9999 -9999 -9999 -9999 -9999 -9999 -9999 -9999 -9999 -9999 -9999 -9999 -0.263783820111777 -0.17952619358556 -0.0734335242039107 -0.248042831651421 -0.570290822105377 -0.201302772635743 -9999 -0.10686287541015 -0.243889910031717 -0.250351442956897 -0.157105280294729 -0.110904298217622 -0.136855467108738 -0.147616327064567 -0.147896725590959 -0.110315818035841 -0.113695565561208 -0.0596280200626652 -0.0593392158821654 -0.116220124628705 -0.101598608644467 -0.0818576450599693 -0.094395537470443 -0.13027840444798 -0.0672865661321667 -0.0245459060928365
-9999 -9999 -9999 -9999 -9999 -9999 -9999 -9999 -9999 -9999 -9999 -9999 -9999 -9999 -9999 -9999 -9999 -9999 -9999 -9999 -9999 -9999 -9999 -9999 -0.231485881489939 -0.177017200289454 -0.152520002161323 -0.391062938302668 -0.430014239265718 -0.12464012678674 -0.0938247154276488 -0.197199522044545 -0.0997559337143353 -0.0889853827483795 -0.110286104258073 -0.138562133902388 -0.133661963088925 -0.086100795413436 -0.072406940342865 -0.0835742650760115 -0.0903881235147524 -0.0900851986752866 -0.159724851634047 -0.197924046511531 -0.193759984923974 -0.227572540330843 -0.232772422132486 -0.161460214946121 -0.150471324864745
-9999 -9999 -9999 -9999 -9999 -9999 -9999 -9999 -9999 -9999 -9999 -9999 -9999 -9999 -9999 -9999 -9999 -9999 -9999 -9999 -9999 -9999 -9999 -9999 -9999 -0.257924587166729 -0.230718022102186 -0.19271602211866 -0.178596970780519 -0.160330025776509 -0.173369226974892 -0.293554027238298 -0.145261300482203 -0.083803380950885 -0.0982928471669944 -0.0865927465080641 -0.0876602285999766 -0.0778149380707089 -0.056965437274606 -0.0653492384905434 -0.0675164216372835 -0.0873405298261122 -0.182445995600643 -0.278363857249307 -0.227871898442772 -0.194219041681583 -0.239668057745192 -0.279900826918638 -0.144104824475109
-9999 -9999 -9999 -9999 -9999 -9999 -9999 -9999 -9999 -9999 -9999 -9999 -9999 -9999 -9999 -9999 -9999 -9999 -9999 -9999 -9999 -9999 -9999 -9999 -9999 -9999 -9999 -9999 -0.160289865925665 -0.185998614808285 -0.145502784824861 -0.163668014005762 -0.197924739515045 -0.144121212728663 -0.0998224269099083 -0.08693939023449 -0.0652566370069009 -0.0192779429097285 -0.0504078516187072 -0.0581754977502693 -0.0599308663574463 -0.0734258196062091 -0.128498690591679 -0.257800741454011 -0.284899859163556 -0.205509083607555 -0.19346039909882 -0.211562750222923 -9999
-9999 -9999 -9999 -9999 -9999 -9999 -9999 -9999 -9999 -9999 -9999 -9999 -9999 -9999 -9999 -9999 -9999 -9999 -9999 -9999 -9999 -9999 -9999 -9999 -9999 -9999 -9999 -9999 -0.198444724930561 -0.160884364280768 -0.244626773580682 -0.303158289122605 -0.251611240973509 -9999 -9999 -9999 -0.0208125825450461 -0.060337654995717 -0.0489343702641546 -0.0521567301306324 -0.0721606504408881 -0.0814157330768486 -0.148498097870624 -0.20631315853025 -0.2436178679604 -0.244041655563975 -0.194743033437285 -0.209308851758287 -0.23155752210974
-9999 -9999 -9999 -9999 -9999 -9999 -9999 -9999 -9999 -9999 -9999 -9999 -9999 -9999 -9999 -9999 -9999 -9999 -9999 -9999 -9999 -9999 -9999 -9999 -9999 -9999 -9999 -9999 -0.32302859756615 -0.187628758979976 -0.193838621027718 -0.29590287342542 -9999 -0.123571100970794 -0.114008951279067 -0.11109045977744 -0.0913314271156162 -0.064013195178939 -0.0824594617148819 -0.106634894517809 -0.106868942179583 -0.112026730528061 -0.132584695292632 -0.184283113124663 -0.18950902309079 -0.194304050287659 -0.171885223773411 -0.198965044563341 -0.257687917234328
-9999 -9999 -9999 -9999 -9999 -9999 -9999 -9999 -9999 -9999 -9999 -9999 -9999 -9999 -9999 -9999 -9999 -9999 -9999 -9999 -9999 -9999 -9999 -9999 -9999 -9999 -9999 -9999 -9999 -9999 -0.295604769723123 -0.339414154663884 -0.118466510358607 -0.0708401633878057 -0.102834675819065 -0.0750596145687953 -0.103761657877101 -0.0805150955783576 -0.0944289354408746 -0.100563052534079 -0.102293187437286 -0.074018066616344 -0.0629417846363475 -0.132099855037028 -0.113093167649412 -0.107422961995696 -0.0259482632592055 -0.121923074793041 -0.2383370109402
