data/rasters/s3.06.06.cu.1_xyz_08_.asc
NCOLS 100 
NROWS 100 
XLLCORNER -4 
YLLCORNER -4 
CELLSIZE 0.08 
NODATA_value -9999 
[rows 63 to 83 of 100, columns 48 to 95 of 100]
-0.108383922360269 -0.0919097999050215 -0.103869324408204 -0.19653486377086 -0.242044244800036 -0.217156671046434 -0.209502796343367 -0.333914172330565 -0.30076470474406 -0.381681176269475 -0.399128986170743 -0.386254863324 -0.423571611281597 -0.489014312657721 -0.44581253283598 -0.43624704825359 -0.412739441420562 -0.424978692133678 -0.321247261623854 -0.327108814102215 -0.0996966384664017 -0.188979198962236 -0.149831027069825 0.110591249071307 0.121927773856644 0.12557186827121 0.11412110281338 0.210214689319358 0.21466131700653 0.155266787457106 0.185088624090405 0.238181879819234 0.122771541374398 0.0665936065916477 0.0301654491877985 -0.0478326186915617 -0.0675571058350339 -0.191628470715092 -0.243684080233224 -9999 -9999 -9999 -9999 -9999 -9999 -9999 -9999 -9999
-0.137298569201529 -0.149210137024508 -0.148960663018946 -0.154046046671783 -0.194445224405885 -0.234531814907789 -0.192471474033796 -0.228943518654398 -0.304164151214165 -0.37345043985241 -0.433214980258286 -0.583315900804214 -0.549826770036899 -0.502713126074638 -0.437656803377192 -0.436309795788086 -0.442996710379693 -0.453127561833156 -9999 -0.326418644010838 -0.33791032391353 -0.356900074271027 -0.0508155295742815 0.12603806177795 0.098415458289908 0.0932596166110386 0.0860401473132461 0.152450169821017 0.152756342358263 0.120262053969397 0.148695720556383 0.16751093100459 0.136910587783966 0.11954300746082 0.0705504367777873 -0.0109126505849025 -0.0358106979653475 -0.125504512733532 -9999 -9999 -9999 -9999 -9999 -9999 -9999 -9999 -9999 -9999
-0.181635380289791 -0.227944663395519 -0.259103183844361 -0.18000100268449 -0.20109902500734 -0.21971324544212 -0.219066669596608 -0.279710755823394 -0.329388953179394 -0.434013392589974 -0.446598980950382 -0.589723560856239 -0.525062702131539 -0.466733726916232 -0.434847472526336 -0.417841547656025 -0.409404732587638 -0.356389155198038 -0.345969132446836 -0.340600074480791 -0.27356337237741 -0.197983206940152 -0.125412902868269 0.0997593974194717 0.147854697917398 -0.0101433704883845 -0.00582783417949154 0.0601572188073037 0.113681458048766 0.1345933607068 0.175600416474396 0.19986433192873 0.178654004924924 0.170410994866933 0.149749019460202 0.0934174454957967 0.0225874189474004 -0.0161396176567685 -9999 -9999 -9999 -9999 -9999 -9999 -9999 -9999 -9999 -9999
-0.258668596351147 -0.26250830859165 -0.235204461364786 -0.222612985804114 -0.196258475183685 -0.285182288341096 -0.378054223644243 -0.355457112546285 -0.371139370991456 -0.348364173066085 -0.624396691832474 -0.598656692655078 -0.493398137348854 -0.458736870250931 -0.407884144032194 -0.381409209894711 -0.337802223569983 -0.352453001675297 -0.337183003247342 -0.253124642152508 -0.147309321246807 -0.17336143878649 -0.123905737957747 -0.0615570838835017 0.0183917389193935 -0.0299799995112991 -0.009584624440749 -0.00185524341387852 0.135546493115659 0.187048823466698 0.067792237514211 0.131851420194061 0.128790625431692 0.145941857996284 0.145637576976313 0.111424350988849 0.0720457310578828 -0.0289958982792491 -9999 -9999 -9999 -9999 -9999 -9999 -9999 -9999 -9999 -9999
-0.275429562217565 -0.276122815468651 -0.250568590608461 -0.24694357618519 -0.216433528219505 -0.423297112709299 -0.461075619899386 -0.443148077227166 -0.493147398331153 -0.431335388380945 -0.574307245681989 -9999 -0.534561244650535 -0.449214969511942 -0.440698391761595 -0.378771089490621 -0.376121776003916 -0.34840985021963 -0.341522801857148 -0.189846326516471 -0.044322153390445 -0.0693592057016304 -0.0928703797542497 -0.0940850314524157 -0.0714794386884123 -0.025205075211602 -0.000777418291483823 0.0318302876482873 0.146308544835006 0.151485825888705 0.0685072679095851 0.0104793167369209 0.0695356083767473 0.0679712961150753 0.105777179839744 0.129209888634134 0.100894904480447 -9999 -9999 -9999 -9999 -9999 -9999 -9999 -9999 -9999 -9999 -9999
-0.192280551933303 -0.197755034257886 -0.24446673889059 -0.309084894539025 -9999 -0.519694158375246 -0.49779545414352 -0.555166850396941 -0.579908000297459 -0.639315564583128 -0.667540010656133 -0.696471460724613 -0.481718240271144 -0.43614980801361 -0.428841321626643 -0.408306751200475 -0.441221338542078 -0.368105677534315 -0.356178720943593 -0.180183281093756 0.00259379054093397 -0.0294656926051011 -0.0829218889444443 -0.0861666344752409 -0.0217844408957604 0.00361506321249776 0.0346928654095638 0.0506189549316526 0.0863787747682671 0.126526993044041 0.103691259155479 0.0231644753600453 0.0418412458882267 0.0417839477597268 0.0796143556405673 0.125856842889973 0.117878780516927 -9999 -9999 -9999 -9999 -9999 -9999 -9999 -9999 -9999 -9999 -9999
-0.107715949265874 -0.146290797790008 -0.229604003001567 -0.293365408762835 -9999 -0.50805725396184 -0.516504687489723 -0.544242416110745 -0.528357235970205 -0.599916297157231 -0.652728970887349 -0.651925467022678 -0.485127219713148 -0.473350165371826 -0.431929962424335 -0.381209581092027 -0.465919518654089 -0.469123153595877 -0.283909678696759 -0.145580207465115 -0.0192249124947151 -0.0263158418171152 -0.00397725938281691 0.0118980757161163 0.0365221935307652 0.0291955530198119 0.0501066256753427 0.0710223792740056 0.111391120940948 0.147240707536405 0.126184127643884 0.0564627867039478 0.0357072330221193 0.0340024224205911 0.035473343156299 0.0454416619087637 -9999 -9999 -9999 -9999 -9999 -9999 -9999 -9999 -9999 -9999 -9999 -9999
-0.0577853917772018 -0.0790961807515657 -0.248285382065712 -0.516696107038952 -0.450762161195085 -0.478651826675034 -0.402980765155542 -0.319740853835431 -0.449850597941362 -0.598269869988604 -0.534625256384234 -0.498474762155734 -0.518420680831306 -0.444303943095046 -0.54990197424663 -0.418545275819675 -0.396499250885296 -0.44529259320049 -0.376640065572584 -0.156448466607491 -0.0451300991853485 0.00253783188366876 0.0135933944108354 0.0362994725088234 0.0706053870866905 0.0497209088796537 0.0637089132096908 0.0976365978667128 0.108817254013559 0.127122734490613 0.143506789636772 0.0935070022386794 0.0651814998114566 0.0598192931805767 0.0461438324481636 -9999 -9999 -9999 -9999 -9999 -9999 -9999 -9999 -9999 -9999 -9999 -9999 -9999
-0.102203114637253 -0.267538511183725 -0.246100006772554 -0.342430171314635 -0.412412567044399 -0.411171706531595 -0.328687649312382 -0.250474272950258 -0.36690452782914 -0.50632969420154 -0.48742551609338 -0.517325835374664 -0.506317286922878 -0.544669760325614 -0.598492763869538 -9999 -0.591557394489499 -0.476869646945476 -0.473287910174964 -0.0395760938254876 -0.0327292091594236 -0.00534685411448125 0.0257489381206034 0.0560598160088282 0.0681227658526969 0.0576987754027887 0.089643414321574 0.0784741668518901 0.0749649480508715 0.0550113875760139 0.0659990553301611 0.0678328264179937 0.0437480038484479 -0.014060405532848 0.00575398769107518 -9999 -9999 -9999 -9999 -9999 -9999 -9999 -9999 -9999 -9999 -9999 -9999 -9999
-0.191347877499313 -0.347247969033984 -0.35399741024347 -0.339109673041961 -0.302473107582279 -0.295083592893763 -0.230675621074255 -0.230802298195207 -0.313534056756167 -0.401138323293664 -0.404199963849024 -0.397674711732181 -9999 -0.706416416679444 -9999 -0.48300374652978 -0.537902261710261 -0.401217317560078 -0.262708334876637 -0.0646066356155963 0.0180291495545285 0.0693605703756515 0.0894659021791828 0.0793630203530548 0.0547714328089686 0.0358770146925348 0.050099678405298 -0.00711300393361303 0.0137791688883378 -0.00951790847589608 -0.00967641993183118 -0.0234745307165757 -0.0312728429842773 -0.0848375319434748 -9999 -9999 -9999 -9999 -9999 -9999 -9999 -9999 -9999 -9999 -9999 -9999 -9999 -9999
-0.273868516281023 -0.345514855291734 -0.349909762491374 -0.373262773347132 -0.267654927506633 -0.308966167782001 -0.254369009323187 -0.252639232227066 -0.230453580743914 -0.301469559687004 -0.343428410285874 -0.34306889617279 -0.510088433843972 -0.463458812353873 -9999 -0.461245608878577 -0.414369073093823 -0.341347330046503 -0.233007990054905 -0.0125574540223579 0.051108848019272 0.0913968019606708 0.118477158832863 0.105304294496881 0.0800340175929919 0.0337918255078301 0.0343151481437694 -0.0730881615359301 -0.0572139104601312 -0.0494818491621284 -0.0792334510382851 -9999 -0.0740132055921504 -9999 -9999 -9999 -9999 -9999 -9999 -9999 -9999 -9999 -9999 -9999 -9999 -9999 -9999 -9999
-0.236446559197281 -0.387530971960377 -0.347009987457618 -0.346334612406074 -0.381309379787319 -0.322140625889782 -0.258100751229035 -0.208421513375054 -0.257877506495231 -0.324022763306582 -0.320110117597325 -0.365723779155683 -0.357098125477737 -0.410348141524651 -0.486292481960949 -0.510795080460604 -0.424628215920211 -0.285442774822734 -0.118710246854351 -0.10625086244223 0.00191308286615318 0.0390210195719152 0.10255099356288 0.108997501242505 0.0528513909422098 0.0621819278878748 0.0223381319388431 -0.0484730770261498 -0.0601269157913245 -0.11683384844676 -0.123364956694983 -0.173538766962655 -9999 -9999 -9999 -9999 -9999 -9999 -9999 -9999 -9999 -9999 -9999 -9999 -9999 -9999 -9999 -9999
-0.126219707743088 -9999 -0.476020418101973 -0.336612983496951 -0.333574077574482 -0.126348750797858 -0.186100913057971 -0.107927151478073 -0.187266510486973 -0.20610648221881 -0.307407188151675 -0.407099032376937 -0.402916891173611 -0.49371637062715 -0.508000995585381 -0.530980109256998 -0.417849091067792 -0.301654339064248 -0.260054497153591 -0.171908202266833 -0.119109311477524 -0.00524201410141508 0.075877543902041 0.0258053511400372 -0.0543550888165375 -0.00243231466737556 -0.0556761063616529 -0.0426016753661946 -0.0601668236993093 -0.101942810382859 -0.139508126129365 -0.161112241090983 -9999 -9999 -9999 -9999 -9999 -9999 -9999 -9999 -9999 -9999 -9999 -9999 -9999 -9999 -9999 -9999
-0.0437615421066541 0.00164099437339836 -0.461626836903882 -0.361917665628109 -0.104152598449335 -0.0718607594724416 -0.0596828957694264 -0.106664084627972 -0.163491103556108 -0.306884355785854 -0.446647753303332 -0.445758484113858 -0.641509478464303 -0.545947979145645 -0.482232529847064 -0.503568520706462 -0.463436019541985 -0.400328647997778 -0.378376768008479 -0.383234942327572 -0.255505435317191 -0.0913913129440554 -0.02005184394818 -0.0101841011957256 -0.0686670277542241 -0.0861503236517446 -0.0769449851170413 -0.0719380903519245 -0.0673023352192901 -0.0904932925459945 -0.122675797493123 -9999 -9999 -9999 -9999 -9999 -9999 -9999 -9999 -9999 -9999 -9999 -9999 -9999 -9999 -9999 -9999 -9999
-0.127659767160739 -0.189990488670942 -0.0662693925488939 -0.231701757920365 -0.0554036470733725 -0.0604649989958864 -0.090783311322692 -0.113951701309439 -9999 -0.498949757673331 -0.434689371501798 -0.48309659805395 -0.547684022763818 -0.517132684304898 -0.468064690292985 -0.468169219820614 -0.488879200140795 -0.485895297130725 -9999 -0.358907705991703 -0.280549650160974 -0.174489346282981 -0.103676836695907 -0.0853060943229328 -0.105804558248402 -0.0943824013289508 -0.0979887067498314 -0.168851860140633 -0.171049448344006 -0.146360675975635 -9999 -9999 -9999 -9999 -9999 -9999 -9999 -9999 -9999 -9999 -9999 -9999 -9999 -9999 -9999 -9999 -9999 -9999
0.0179496572055276 -0.0178978487681454 -0.0473522137316249 -0.0288634305681518 -0.0605674119159408 -0.099242545682376 -0.105023642895159 -0.132835964157059 -0.41327417823019 -0.406290940114311 -0.508817100620001 -0.462777436535421 -0.505697150075757 -0.520960771781227 -0.484144622187363 -0.481322425169919 -0.495389392324446 -0.463194146511269 -0.573896450856595 -0.459307766566139 -0.358929616240141 -0.157343844885507 -0.0903645492328032 -0.0958695155679627 -0.118736019669309 -0.23643116782284 -0.210594918949842 -9999 -0.230167332387733 -9999 -9999 -9999 -9999 -9999 -9999 -9999 -9999 -9999 -9999 -9999 -9999 -9999 -9999 -9999 -9999 -9999 -9999 -9999
-0.0207547288346864 -0.0508284369256278 -0.118580138077481 -0.121536381271304 -0.116242904972903 -0.120063437002005 -0.139951836403925 -0.162833194094519 -0.133564270254413 -0.211333110797247 -0.391483440280153 -0.422242410264676 -0.446876153999149 -0.484131567867462 -0.469247128607776 -0.433710499111592 -0.513972361753329 -0.518190645695377 -0.491909514435316 -9999 -0.305488206207484 -0.140741614705276 -0.0465003537503146 -0.099115241422624 -0.194035779599526 -0.189535434192625 -0.221046708753198 -0.242678127909262 -9999 -9999 -9999 -9999 -9999 -9999 -9999 -9999 -9999 -9999 -9999 -9999 -9999 -9999 -9999 -9999 -9999 -9999 -9999 -9999
-0.0532249157971277 0.0510495343714199 0.058049648896776 -0.13604202771394 -0.0505532906689707 -0.0725401222997159 -0.147029613176299 -0.146912612428795 -0.12978126558675 -0.215251989950603 -0.332040603326699 -0.409433664711071 -0.395639975296767 -0.380600009011236 -0.376614841300888 -0.501824886753708 -0.44066299824518 -0.442245144962792 -0.477715831841059 -0.497852340940936 -0.155053904636032 -0.23579534085499 -0.114577007848577 -0.172683027998626 -0.216810919758651 -0.240035709978453 -0.257945321440491 -9999 -9999 -9999 -9999 -9999 -9999 -9999 -9999 -9999 -9999 -9999 -9999 -9999 -9999 -9999 -9999 -9999 -9999 -9999 -9999 -9999
-0.121473257932876 -0.00933060831618243 0.0339825918129065 -0.0142074245537328 0.0163208337534139 -0.0100638581538058 -0.0552425262770653 -0.097134701583201 -0.10781393405925 -0.17179047425067 -0.22294219947836 -0.230026393592765 -0.329856271411204 -0.305219132332598 -0.292872492100599 -0.387279005498756 -0.319090496995252 -0.258551894124222 -0.468237098375892 -0.443792449428464 -0.313219680890949 -0.265741950859556 -0.153943430751675 -0.162956798816633 -0.220502713863605 -9999 -9999 -9999 -9999 -9999 -9999 -9999 -9999 -9999 -9999 -9999 -9999 -9999 -9999 -9999 -9999 -9999 -9999 -9999 -9999 -9999 -9999 -9999
-0.100519678093827 -0.0137865086969605 0.0255929905198442 0.0142826811467836 0.0433193187774662 0.0425920046779732 0.00464703676267331 -0.0704679072608274 -0.0947991022869493 -0.0871740203951089 -0.0944118161092576 -0.28046732984199 -0.381387057549982 -0.291355938344799 -0.278694719687704 -0.265192860646296 -0.299706386426122 -0.296577049448544 -0.497837031030512 -0.494618376418189 -0.411051353420665 -0.293357072506574 -0.205422835688447 -0.171920956584617 -9999 -9999 -9999 -9999 -9999 -9999 -9999 -9999 -9999 -9999 -9999 -9999 -9999 -9999 -9999 -9999 -9999 -9999 -9999 -9999 -9999 -9999 -9999 -9999
-0.0619495777283661 -0.00898819141568238 -0.00376853617224779 -0.0135507661188253 -0.000798463253833246 0.0157289295017978 -0.0505308168157458 -0.0883869791998315 -0.129775920270725 -0.0539765964357635 -0.0239351938111231 -0.167859533515179 -0.287763041859133 -0.256365632754778 -0.232413395425527 -0.193339679143261 -0.193301959691197 -0.28846856049843 -0.55051232191157 -0.598622867047698 -0.504363779661595 -0.318766950250746 -9999 -9999 -9999 -9999 -9999 -9999 -9999 -9999 -9999 -9999 -9999 -9999 -9999 -9999 -9999 -9999 -9999 -9999 -9999 -9999 -9999 -9999 -9999 -9999 -9999 -9999
