data/rasters/s3.06.06.li.1_xyz_08_.asc
NCOLS 100 
NROWS 100 
XLLCORNER -4 
YLLCORNER -4 
CELLSIZE 0.08 
NODATA_value -9999 
[rows 44 to 65 of 100, columns 50 to 99 of 100]
-0.0930427543084858 -0.0274573127292902 -0.0196975239695432 -0.0768871736246514 -0.078236391377598 -0.17641658456522 -0.29490448376484 -0.321772665659536 -9999 -0.316565036219002 -0.413856612142392 -0.386901946465289 0.0643207359618498 0.0887293281377161 -0.00896224042380326 0.00140799112357093 -0.01963523248248 0.0377973616027549 -0.0184533843412733 -0.119855485499973 -9999 -9999 -9999 -0.0681158167354545 0.0104205051866981 -0.0769309127948071 0.0046201174487459 0.0191695941679312 -0.023309606913923 0.239995072661976 0.303732039555818 0.394504357664255 0.174228045295568 -9999 0.381326899059789 0.311619221808834 0.337299813821034 0.37629451943311 0.190782123460239 -9999 -9999 -9999 -9999 -9999 -9999 -9999 -9999 -9999 -9999 -9999
-0.192937891697746 -0.133672074570751 -0.212865757717628 -0.123174824674637 -0.121407769050226 -0.163747980754517 -0.155929357990279 -0.294862336637453 -0.259862563716313 -0.395056653910038 -0.269881741119302 -0.3098870778093 -9999 -0.0211197424998693 0.0081376650314133 -0.0236545562400473 -0.0261706888200905 0.0480153365930811 -0.0088254706387458 -0.0822741569733449 -0.261933046208561 -9999 -9999 0.0578475313246016 0.0715323313443496 0.100383520646995 0.104494547128337 0.125035094535025 0.128233606148277 0.0340553455647818 0.246046698543171 0.213534520868433 0.0223445637929699 0.0500401101301258 0.379608441542446 0.304884950965781 0.326185555079011 0.369842957553124 0.153252462293905 -9999 -9999 -9999 -9999 -9999 -9999 -9999 -9999 -9999 -9999 -9999
-0.172618013081902 -0.493094551186704 -0.168997798352282 -0.156919085393509 -0.111988203489465 -0.122875356158658 -0.0782264421281529 -0.233241860143213 -0.239339971605147 -0.222332843284093 -0.252624653238287 -0.266927798611271 -9999 -0.447044009780688 -0.434617775223614 -0.103237384254796 -0.0557402811749214 -0.00342549525293604 -0.0176655385191592 -0.103383673769623 -0.220779669096312 -9999 -9999 0.129741791531455 0.129069120372949 0.151310845934412 0.155191101316802 0.147749361831965 0.157009057079356 0.256984564200693 0.247446005614556 0.281991472672495 0.384843075334697 0.333060684656782 0.456677126542752 0.367249051987172 0.277356612313979 0.170539629752671 0.175226590012249 -9999 -9999 -9999 -9999 -9999 -9999 -9999 -9999 -9999 -9999 -9999
-0.11204758395538 -0.399240593238753 -0.181526207937462 -0.142155703117342 -0.144111870734228 -0.273835779540033 -0.127565777222862 -0.331901271937291 -0.249331523229139 -0.245916087091005 -0.34251319143925 -9999 -9999 -0.411623080474361 -0.338192757294931 -0.15851473143184 -0.0636920434566925 0.0554189399705018 -0.0285444121526574 -0.0918030291322365 -0.160612540887724 -0.176044997108204 -0.0416870611137755 0.156249377287572 0.114968907778866 0.131888837561512 0.122449474212769 0.187988874252667 0.205483984296529 0.337830976816552 0.29341903630439 0.361117502885193 0.400765822424144 0.207455342335453 0.472489859479493 0.332680550823161 0.21941536327281 0.145963390159751 0.142798264979105 -9999 -9999 -9999 -9999 -9999 -9999 -9999 -9999 -9999 -9999 -9999
-0.386539914918346 -0.275852684405511 -0.186042527941124 -0.260561410677109 -0.244410816668487 -0.317257254498329 -0.32607715410681 -0.280671865618338 -0.269600069383427 -0.248667465149227 -0.34406067790636 -0.353195105149963 -0.361203656881857 -0.345588976910992 -0.240021053262472 -0.0363772772847344 -0.0160991611931746 -0.0331113704787005 -0.0720806450794799 0.0510433680170413 0.026763265690123 -0.0133831598540881 -0.0244383316247016 -0.0171865388105056 0.106580440841887 0.0574056148862849 0.237018233709563 0.234433241383425 0.247591128222016 0.285158916506857 0.320026505160363 0.388674076203956 0.266701586314055 0.327805514814646 0.359518563524061 0.372245880018941 0.236554055683515 0.157214436424231 0.0827671568720146 -9999 -9999 -9999 -9999 -9999 -9999 -9999 -9999 -9999 -9999 -9999
-0.212027455499322 -0.221496088226682 -0.323562519576593 -0.309519017443797 -0.316909937667633 -0.361184643236981 -0.309882680672568 -9999 -0.221665964854398 -0.269310063375353 -0.325866424290495 -0.327427961458654 -0.300496511667609 -0.205587417234873 -0.198426011281799 -0.077871238337491 -0.0771119573904731 0.111030425444888 0.0742244543592345 0.0599938333141613 0.0407155875553351 0.0675795343002675 0.0455184767713118 0.0848203145135639 0.045410056012024 0.0541994838253012 0.211634160571246 0.250514632975953 0.2795286814982 0.30272357425027 0.36237921591755 0.349408848397224 0.343263217423397 0.339781371259022 0.36341585698917 0.219476378538558 0.283207823767298 0.320877918784521 0.368276637896452 -9999 -9999 -9999 -9999 -9999 -9999 -9999 -9999 -9999 -9999 -9999
-0.18650794950328 -0.183179634567108 -0.240668689281953 -0.235882732334533 -0.314450635486477 -0.378804996701311 -0.452341142679541 -9999 -0.284791966798981 -0.26396309522349 -0.349868011064544 -0.315592641421614 -0.272077716382524 -0.22459640486991 -0.167020720982679 -0.0579320173271125 -0.099544666747504 0.074682841770861 0.0756225459243053 0.0684395026667323 -9999 0.0782165558718961 0.0751964630800521 0.0704695780867877 0.0294053073073066 0.0333957122130613 0.119283594645357 0.285150592696212 0.243287380395294 0.414668626323369 0.422728104357778 0.355282687059754 0.372794715165831 0.238588411350186 0.305894574600149 0.280021212498668 0.199151141689271 0.270981460501247 0.342815999563292 -9999 -9999 -9999 -9999 -9999 -9999 -9999 -9999 -9999 -9999 -9999
-9999 -9999 -0.226212504957217 -0.220330184685696 -9999 -0.421814847524535 -0.391016721779786 -0.241024563897741 -0.238128549136729 -0.185087103505469 -0.186587220439243 -0.087610863499681 -9999 -0.111299618425139 -0.0531767468642887 0.0547869549509969 -0.0035922480576684 0.0313350136752985 0.0719987800220455 0.0643377962239954 -0.0782979090419963 0.133509612760915 0.0918686517564492 0.0665212967125394 0.0047632011698457 0.040915695891383 -9999 -9999 -9999 0.135157567608876 0.26028476234471 0.422490810812496 0.447481676378037 0.343131712753789 0.257521417663243 0.273173760688254 0.201308175087733 0.252269723966258 0.237827366576354 -9999 -9999 -9999 -9999 -9999 -9999 -9999 -9999 -9999 -9999 -9999
-9999 -9999 -9999 -9999 -9999 -0.365412116019185 -0.309647093808542 -0.210453787372217 -0.204401263402458 -0.160537785247721 -0.119630107144642 -0.122750625521617 -0.0302174874428516 -0.0403607927766237 0.0243109312873332 0.071395326007325 -0.016444979318555 0.00981688591749246 0.041128048340815 0.0840319424262634 0.0894631211694127 0.070472569480011 0.0144862773062467 -0.0168952308803629 0.0176885537275041 0.0427051633703191 -9999 -9999 -9999 0.292972355714763 0.316870696979778 0.431548768863529 0.395685672825545 0.306883540999242 0.195478627230912 0.266155417979662 0.233679139913964 0.165869415655036 -9999 -9999 -9999 -9999 -9999 -9999 -9999 -9999 -9999 -9999 -9999 -9999
-9999 -9999 -0.399775671792779 -0.412091960465976 -0.320018934422942 -0.340944565785948 -0.287588263955488 -0.242449606136501 -0.220693640700664 -0.148372125771125 -0.107371223370948 -0.141357964199306 -0.107507431451955 0.0856518054852677 0.023910451045824 0.054140156024942 0.0713371739583834 0.0372167040166548 0.0967138080637624 0.0791005248676888 0.117251818761226 0.096478248075829 -0.116704530447866 -0.0357008756426484 -0.0471931121766165 -9999 -9999 -9999 0.0357484782014218 0.350939849302446 0.29266774808819 0.354954719843947 0.375948693508456 0.343264635555 0.236230742840307 0.304473094818894 0.304762635540927 0.292992058409521 -9999 -9999 -9999 -9999 -9999 -9999 -9999 -9999 -9999 -9999 -9999 -9999
-9999 -0.327313361258054 -0.403324860365778 -0.307839916104988 -0.328057280195583 -0.29041334722847 -0.31380607374732 -0.158688207645396 -0.156265828328667 -0.122900578988381 -0.163309581258072 -0.0967633179814736 -0.170357285976836 -0.0669994493964012 0.0104843121252537 0.0362377862266017 0.063746085388701 -0.0385975541238395 -0.0255115130955709 0.0766911400431652 0.0972403977175778 0.113935127029776 0.0856332330054548 -0.0149910805490335 -9999 -9999 -9999 -9999 0.0629793824546805 0.117438244392392 0.210775038853496 0.427303120095036 0.433612053247291 0.286081236264194 0.272599255326839 0.280182100857815 0.2869742221459 0.328001236580437 -9999 -9999 -9999 -9999 -9999 -9999 -9999 -9999 -9999 -9999 -9999 -9999
-9999 -0.259202711851073 -0.310117495424484 -0.290833543735079 -0.26993507608375 -0.367277949328116 -0.305552145253671 -0.269902859443814 -0.220011009900565 -0.173546852158133 -0.189337025077065 -0.133020049866185 -0.0865802735603445 -0.102690731562257 -0.179459870738181 -0.109483951695789 -9999 -0.0669450037783705 -0.0434683182466001 0.121808624644197 0.0801702660210775 0.10044434594127 0.0630315031130311 0.0711086992398238 -9999 -9999 -9999 -9999 0.0927898079732742 0.0425741226419238 0.114151019076309 -9999 0.381799629072157 0.323615102409634 0.272167435926419 0.305141928225857 0.283862328933565 0.304563517232462 0.313001691059059 -9999 -9999 -9999 -9999 -9999 -9999 -9999 -9999 -9999 -9999 -9999
-9999 -0.239578760254362 -0.238317894464875 -0.4280335246407 -0.397369308251837 -0.36485593827296 -0.321877926951923 -0.270076601317312 -0.311096391448436 -0.160510052178636 -0.110487707904105 -0.159742122329964 -0.121276519500102 -9999 -9999 -9999 -0.0369048052978394 -0.0671591557087161 -0.0256018506913303 0.086388664423253 0.0486685553573604 0.0582570370133111 0.103193153247376 -0.0698603180804665 -9999 -9999 -9999 0.114301163820585 0.105238494843598 0.116329778624381 0.112967314915578 0.114782316771746 0.309144653211143 0.349451938019395 0.304857803340254 0.361337176058199 0.238409416310364 0.269980701744267 0.278942413246475 -9999 -9999 -9999 -9999 -9999 -9999 -9999 -9999 -9999 -9999 -9999
-0.391501631794843 -0.316323102235994 -0.330523249904249 -0.266624630422163 -0.370913269967682 -0.447248110220786 -0.426987417587627 -9999 -0.0566181166612959 -0.0423584825698301 -0.0678622775207323 -0.202928574679692 -0.343464547977391 -9999 -9999 -9999 -0.0297867511389653 -0.06619919594394 0.0294924798248796 0.0423284948124828 1.73117997613447e-05 0.0615372328757587 0.0928123288471608 -0.0336551364478525 -9999 -9999 0.141953936567894 0.0210760322657757 0.092664179030663 0.124014553509558 0.146585465727262 0.146475734066365 0.252820001192258 0.253182637876906 0.212094465727774 0.357119611486732 0.155564516904955 -9999 -9999 -9999 -9999 -9999 -9999 -9999 -9999 -9999 -9999 -9999 -9999 -9999
-0.34112383319535 -0.245581568268189 -0.338290759000438 -0.360758311384505 -0.292772294339243 -0.457320299687094 -0.394069680453832 -9999 -9999 -9999 -0.0476026390619135 -0.309232111418194 -0.243003268703428 -0.235457842128892 -9999 -0.189262697776537 -0.0740555977170656 -0.0325571243677985 0.00352770726273576 0.0670305186462469 -0.049978327429613 -0.0299145793959319 -0.014571587871133 0.0200355794625875 0.0566764276102875 0.0365976497449301 0.0115282663000447 0.0326142900320248 0.0743795966253918 0.109332786353199 0.253005118160532 0.108599822680388 0.218952700160982 0.129131445235414 0.379124141454153 0.359975056264569 0.228338241292673 0.359462182542241 -9999 -9999 -9999 -9999 -9999 -9999 -9999 -9999 -9999 -9999 -9999 -9999
-0.245005156689684 -0.173928232722363 -0.216173896274515 -0.371040219876927 -0.375525910115865 -0.490329536629221 -9999 -9999 -9999 -9999 -0.171990417406765 -0.321492705896353 -0.364644837008085 -0.38243722405898 -0.126251985100253 -0.162875390865349 -0.166906765249974 -0.0142735653149317 0.0264473207785454 0.016106017331249 -0.0307701588567157 -0.00355847752678084 0.0143978068483102 0.0359170962621597 -0.0291783019047989 0.0520995362037054 0.0679920362217632 -9999 0.304640585440846 0.29840165463431 0.284038844156036 0.249935108113779 0.324585949477354 0.0298371919666967 0.0989274723286264 0.329911882433882 0.25931420411605 0.356140123496388 -9999 -9999 -9999 -9999 -9999 -9999 -9999 -9999 -9999 -9999 -9999 -9999
-9999 -0.239671110579622 -0.365446366868527 -0.410437960275113 -0.364522377179018 -9999 -9999 -9999 -9999 -9999 -9999 -0.287135337324077 -0.388410938971678 -0.345966044995246 -0.163428140453404 -0.147847859326891 -0.103721053230255 -0.293011897827052 -0.243333391089261 -0.0258508079171036 -0.0601322269881176 0.00128948229191674 -0.00152117473290058 0.066318469868828 0.0698078615587432 0.045798947911011 -9999 0.194885397649903 0.304718109955713 0.318153174862775 0.248447068062908 0.138430741264251 0.21820713954914 0.157560764170442 0.189086916470458 0.33544560975401 0.320896711127379 -9999 -9999 -9999 -9999 -9999 -9999 -9999 -9999 -9999 -9999 -9999 -9999 -9999
-0.193978606322753 -0.227574783230035 -0.357987934824084 -0.366790648971567 -0.42563189989911 -9999 -9999 -9999 -9999 -9999 -9999 -0.283689617244185 -0.208287805792686 -0.365980988998927 -0.210679298524442 -0.146145095277192 -0.148136833662075 -0.25546134149606 -0.246685050696852 -9999 -0.0225305888216722 -0.0336769072653552 -0.0377471838206013 -0.0127123787827651 0.0170739778248916 0.0156713494523409 -9999 0.238384520687947 0.248843348465048 0.24397463891 0.217232060916503 0.0881164156589953 -9999 0.312970379580603 0.234986426224834 0.394230766461756 0.398149345651341 -9999 -9999 -9999 -9999 -9999 -9999 -9999 -9999 -9999 -9999 -9999 -9999 -9999
-0.133019894889509 -0.214753960643192 -0.225330621888583 -0.325453049195613 -0.375981668653678 -0.410273592265638 -0.410130519096332 -0.500168089921866 -0.490438633075869 -9999 -9999 -0.381009618237096 -0.38879348715592 -0.325142873491951 -0.229964578923006 -0.229343229292587 -0.208911830854843 -0.278847648680967 -0.233767131646065 -0.239597438152139 -9999 0.00410447432235056 -0.0611940540797524 0.0107893665963697 0.0388037759678572 0.0310958435723463 -9999 0.26212112156761 0.249330960748937 0.220764591087196 0.204565029425487 -9999 -9999 0.178100731917053 0.256352410674208 0.33710729817172 0.372643628786056 -9999 -9999 -9999 -9999 -9999 -9999 -9999 -9999 -9999 -9999 -9999 -9999 -9999
-0.145132300129459 -0.182678426025309 -0.215551180235176 -0.277014883814828 -0.340730187529182 -0.410382603613012 -0.397989501882734 -0.458128483857486 -0.445292749628299 -0.413551946762425 -9999 -0.374904088899062 -0.395304057910994 -0.429982641605778 -0.429091749599395 -0.33240895654203 -0.280471032553685 -0.310514766611035 -0.317653102966967 -9999 -9999 -9999 -9999 -9999 0.0334662196938197 0.0835770381425191 0.122847161227865 0.247630879257904 0.256903657692309 -9999 -9999 -9999 0.166287906959401 0.243099318775369 0.296122371121356 0.212890243730106 0.2000998667836 -9999 -9999 -9999 -9999 -9999 -9999 -9999 -9999 -9999 -9999 -9999 -9999 -9999
-0.268162971975181 -0.271682467062617 -0.190958955839324 -0.253533937471256 -0.33682539799138 -0.41791248873968 -0.399013841343436 -0.392611387294245 -0.425276794299133 -0.416179359586175 -9999 -0.428857221026637 -0.428142061538124 -0.454757678634423 -0.438802909737067 -0.395274282325197 -0.317445743027242 -0.311678364885723 -0.345232122332351 -0.400077253624403 -9999 -9999 -0.192782444358442 -0.238703907416639 0.0190539913087994 0.0359058630404041 0.133114319974708 0.0843623797374998 -9999 -9999 -9999 -9999 0.15572196586617 0.154715434179903 0.199621450695576 0.271985724635211 -9999 -9999 -9999 -9999 -9999 -9999 -9999 -9999 -9999 -9999 -9999 -9999 -9999 -9999
-0.321969182710544 -0.286301869182391 -0.221411015925403 -0.228376872779426 -0.443685005148359 -0.347940448853547 -0.39136688896978 -0.379220273489545 -0.387790065718129 -0.401506802817958 -9999 -9999 -0.382860933167366 -0.375591999476388 -0.419527818066986 -0.359364669877459 -0.410721069765909 -0.31124079569649 -0.339969670060375 -0.31657988134098 -9999 -9999 -0.202012788708182 -0.211799285178135 0.0237906159566142 0.0989636546807372 0.165737110820727 0.0471919681011819 0.0331535414841208 -9999 -9999 -9999 -9999 -9999 0.174886738386404 -9999 -9999 -9999 -9999 -9999 -9999 -9999 -9999 -9999 -9999 -9999 -9999 -9999 -9999 -9999
