data/rasters/s3.08.06.li.1_xyz_08_.asc
NCOLS 100 
NROWS 100 
XLLCORNER -4 
YLLCORNER -4 
CELLSIZE 0.08 
NODATA_value -9999 
[rows 44 to 65 of 100, columns 50 to 99 of 100]
-9999 0.116029282481189 0.342743799901086 0.300628364518742 0.472528909591909 -0.125372954108764 -0.117158287426136 -0.191192644200109 -0.133618803433575 -0.27510402291613 -0.348060124508447 -0.292358191543543 -0.307007363672772 -0.32553569083188 -0.2588776071846 -0.145844258027547 -0.113480187330879 0.00579390237913557 0.0460826673077373 0.0679900225623739 0.0964362870920013 -9999 -9999 -0.0645244691018722 -0.0454532744629278 -0.0539689949628936 -0.0394910502238043 -9999 -9999 -0.00528455363304587 0.0140365209984285 0.0554262334694982 -9999 0.0304232442512303 0.12572645660356 0.1847099282732 -0.01876628463615 0.0748361816135382 0.0999118417237744 -9999 -9999 -9999 -9999 -9999 -9999 -9999 -9999 -9999 -9999 -9999
-9999 -9999 0.0469490574308379 0.0793614531500194 0.124975671182943 -0.0963190773886884 -0.163893419720161 -0.131685878882114 -0.211702825559516 -0.285216110878529 -0.271703700700138 -0.246106968699307 -0.200199863780113 -0.181539576146412 -0.192597972160667 -0.129354276679638 -0.159971429758833 -9999 0.032371448984119 0.0957306801394311 0.119090118848558 -9999 -0.0844293968078798 -0.00936019380869203 0.0329500747964291 -0.04169664039715 0.0155469478932082 -9999 -9999 0.0612164406062671 0.0807210824398476 0.106342028815916 -9999 -9999 0.183012111089542 -9999 0.0453949709746341 0.0303958332685082 -0.0668223266108707 -9999 -9999 -9999 -9999 -9999 -9999 -9999 -9999 -9999 -9999 -9999
-9999 0.0871473299576552 0.11593401153644 0.0361335234518684 0.0366740261485687 -0.150490533189702 -0.10995152521315 -0.149873844510131 -0.274080665492941 -0.255774559476813 -0.158882785297094 -0.236030822283263 -0.183829473526089 -0.151775126744687 -9999 -9999 -0.0735905496474557 0.00648798750246278 0.00638201047664756 0.137248962666739 0.139533299123797 0.0480910093965213 -0.0334178610817963 -0.00476550293723867 0.00803804879269172 -0.0133104852075342 0.055970520058992 -9999 -9999 -9999 0.1241376359137 0.131265856361417 0.0921692543427598 -0.0534116813289968 0.128685012300858 0.0612184068113967 0.0521265194223208 0.120294953195863 -0.00308631552349628 -9999 -9999 -9999 -9999 -9999 -9999 -9999 -9999 -9999 -9999 -9999
-9999 -9999 -9999 0.172850743567777 0.0151791944136066 -0.140409564620925 -0.0990334158529983 -0.15623493538412 -0.249537677355895 -0.251573421448958 -0.165534181043128 -0.222195568085956 -0.186817000235588 -0.114866672905993 -0.111971153354659 0.141848941621971 0.135654452976763 0.00149126814627061 0.138825374063832 0.169834333780412 0.168790236222177 -0.0205344976230818 -0.0556899205070883 -0.0485878813910712 0.00716674415728266 -0.00580020950944008 0.0150478350540934 -0.0286222657240533 -9999 -9999 -9999 -9999 0.175944161012674 0.0607407486488354 0.142391341616401 0.114870951457213 0.0730780429562236 0.0479769344459816 0.0688708296314663 -9999 -9999 -9999 -9999 -9999 -9999 -9999 -9999 -9999 -9999 -9999
0.365063725940986 -9999 -9999 0.186572782943523 -0.0760204605185541 -0.101818666885423 -0.0643764928406816 -0.0746926287495877 -0.160190027723933 -0.22950642841694 -0.245422677941179 -9999 -0.15483427592028 -0.109062261854552 -0.0925707386182733 -0.0592863574810028 0.114995083044998 0.178987661728042 0.18365308623567 0.260084359533618 0.254941045739608 0.105408156092889 -0.01268704848099 0.0166003765755631 0.0826033407370356 0.00728878923004926 -0.00954056614836652 0.052855188098809 -9999 -9999 -9999 -9999 0.286704972274731 -9999 0.145927936918665 0.1640808234535 0.0427256250215686 0.0494191285710724 0.0585226721332346 -9999 -9999 -9999 -9999 -9999 -9999 -9999 -9999 -9999 -9999 -9999
0.324897346248029 0.311802003276891 -9999 -9999 -0.128458098361441 -0.14438822296175 -0.0406156207523298 -0.126387583027148 -0.1707350231638 -0.105739620870434 -0.206580800407722 -0.125711086953272 -0.125365092196914 -0.0444874671345708 -9999 -0.152595758091932 -0.0319237903753899 0.152012288362332 0.239135012511174 0.230507496881458 0.0998310080139159 0.185632419044001 0.0105341141105275 0.0323500985088812 0.0470517747124346 0.0131286928964308 0.00945175402197287 0.180277904807114 -9999 0.239716465173604 0.228217699024886 0.287745671344076 0.2783525793375 0.409197793907949 -9999 -9999 0.1189772057763 0.10547301272018 0.107341062495475 -9999 -9999 -9999 -9999 -9999 -9999 -9999 -9999 -9999 -9999 -9999
0.223711049194505 0.0460077051485567 -0.121429264431784 -0.195030956550463 -0.20587396665659 -0.0681015604408239 -0.0492643870576305 -0.0837383248356271 -0.118668207880198 -0.0756314251739637 -0.12409849821246 -0.106288816250523 -0.0438688697337964 -0.00885475122401104 0.0472894383468507 0.117764292051406 0.0397292575757871 0.137279857140653 0.208604542065002 0.210526112809807 0.206178500679594 0.118521590147722 0.0706181940545223 -0.000619955247437826 0.0449653272426506 0.00297965801318021 0.0817875441205207 0.194283806434631 0.216791079481449 0.269495397189965 0.332695891736796 0.335822262144538 -0.169866456945159 0.0344558947350574 0.172851851099148 0.167550701707289 0.179964134513647 0.159396440227702 0.153920811488021 -9999 -9999 -9999 -9999 -9999 -9999 -9999 -9999 -9999 -9999 -9999
-0.0132861975388712 -0.025146549776436 -0.16978647386172 -0.250847264614069 -0.180539973447252 -0.186643813300377 -0.0751233710876468 0.0194040037539603 0.0400826649016647 0.0336932006905047 -0.0454964385811729 0.000455707843445259 0.0172513174037107 0.0924325911963555 0.0954434582707044 0.297712256632577 0.113455162799155 0.0885378998837409 0.187474675715646 0.145462561654735 0.217303487778034 -9999 -9999 -0.0145487359337267 0.0355930718106116 0.0209447123551283 0.0986384906976507 0.157753368219323 0.19599927905091 0.374432162618286 0.360606532167886 0.319550227117501 -0.215169188724872 -0.410718502149625 -0.346260975486315 0.15899274860389 0.17590096446001 0.198046625472684 0.172383559294809 -9999 -9999 -9999 -9999 -9999 -9999 -9999 -9999 -9999 -9999 -9999
-0.226186537544598 -0.268447323595752 -0.194206608017798 -0.251417213401989 -0.209248472444341 -0.186455547588808 -0.14303113742726 -0.0804561849125537 -0.138514728579754 -0.122277890748673 -0.275841185087018 -0.234884325405112 -0.169738554768078 -0.115465661253026 -0.113531975376283 0.106559591811507 0.0560221940394729 0.0920591263200097 0.191069858359107 0.177783763746587 0.0240050046182533 0.071578054365011 0.0603147038843339 0.0197843987107158 0.025436631764245 0.130001620033232 0.100184517984737 0.188804641553519 0.240578019623448 0.268398146404122 0.296158997905709 0.307983786933476 -0.141745135654794 -0.383115418914766 -0.240688887340818 0.164173564889622 0.188280128663008 0.239812551523512 0.23839045645012 -9999 -9999 -9999 -9999 -9999 -9999 -9999 -9999 -9999 -9999 -9999
-0.235890753291398 -0.229755936497312 -0.229527510208962 -0.136324918936153 -0.297654884957867 -0.380490010584433 -0.163210284624256 -0.104689442653134 -9999 -0.118164632068219 -0.218615376545129 -0.159271829264049 -0.20978221672546 -0.17595472236016 -0.146984705112856 -9999 0.0316997209000915 0.110859135080381 0.140208326554287 0.205672083199037 0.0378980078354045 0.0532839938086416 0.0516430961194898 0.0241924466958546 0.0315913987864816 0.125207155217672 0.16467307214468 0.133517600056989 0.210710159555434 0.261093100903803 0.283359158994418 0.287575733630832 0.246010181492666 -0.058772507516797 -0.247430880349669 -0.120431744428156 0.200006273813727 0.248420343092647 0.263292296749343 -9999 -9999 -9999 -9999 -9999 -9999 -9999 -9999 -9999 -9999 -9999
-0.265493269958399 -0.25074616623107 -0.246537721152722 -0.227554051920758 -0.25740022025222 -0.361318820891491 -0.347210991542561 -0.336076631657567 -0.360272786189563 -0.338468990526241 -0.308305029144586 -0.220907011834916 -0.17228019027293 -0.162632769475447 -0.118775863304921 -9999 0.0236665465726548 0.0970863031745885 0.189241644823628 0.227189048824409 -9999 0.1556603610747 0.0840492671022253 0.0363661777980946 0.0736826546441257 0.135662678331438 0.171606144056704 0.219586136641155 0.288589892585199 0.299547481506825 0.30002150219917 -9999 -9999 0.22631607754127 -0.113093645126798 -0.166958722915729 0.0670170611350873 0.165685580825136 0.263692961583973 -9999 -9999 -9999 -9999 -9999 -9999 -9999 -9999 -9999 -9999 -9999
-0.240182167377387 -0.344961977645983 -0.337760451315929 -0.269257536059584 -0.204919399434501 -0.243568202469918 -0.332167071941762 -0.333056335050482 -0.328292625034554 -0.387661760212419 -0.246641579259995 -0.39047127463148 -0.166343859545876 -0.126128892871499 -0.0668787447569774 -0.0940796928999509 0.0128563318414314 0.0908276845670953 0.19567455481444 0.206924418163856 0.25882331670523 0.153061511697686 0.103838012640705 0.115010847928722 0.0811134259331921 0.136697565655328 0.231190219492337 0.148173314041685 -9999 0.291718393154344 -9999 0.0676119744852259 0.112271689707716 0.173456311840638 0.158991595926555 -0.129414338737724 0.0340360377914499 0.0922873400873089 0.234538987102735 -9999 -9999 -9999 -9999 -9999 -9999 -9999 -9999 -9999 -9999 -9999
-0.326673266100751 -0.210974990755684 -0.30728526789023 -0.342813301830929 -0.467644921207426 -0.457106499776603 -0.300850057277695 -0.41367745682016 -0.286556154572219 -0.382804832101997 -0.4195775682788 -0.384939867529615 -0.259037404509915 -0.244001310165627 -0.257182295743345 -0.0208730279482911 0.00677703190482935 0.127473136733898 0.185690847885225 0.209259385908428 0.26355233436194 0.21935095138087 0.170904582093181 0.166335019439232 -9999 0.16086474799065 0.263639847262612 -9999 -9999 -9999 -9999 -9999 0.078058853689568 0.0799091058875436 -0.173377285546094 -0.107667040799514 -0.0219090472783295 0.045526854657334 0.0879682819862926 -9999 -9999 -9999 -9999 -9999 -9999 -9999 -9999 -9999 -9999 -9999
-0.382129450959989 -0.376349672854097 -0.335772131137094 -0.3687491199406 -0.441346135188624 -0.423909601949691 -9999 -0.266694225619126 -0.363212105609175 -0.407517462858817 -0.450325908876471 -0.345142284227866 -0.301709953470702 -0.218915577476195 -0.174574042350889 -0.0794426725979756 0.0231378828230605 0.177223315928578 0.19269675162459 0.227637262212428 0.243578206868414 0.238667210998729 0.204053114715803 0.281774730175335 -9999 0.169730357390506 0.219742441823887 -9999 -9999 0.150295481292198 0.129417441285981 -0.248103531161491 -0.12568185775976 -0.0721353368395021 -0.123189021257856 0.00653696178433401 0.0760164551014931 0.0749280833682738 -9999 -9999 -9999 -9999 -9999 -9999 -9999 -9999 -9999 -9999 -9999 -9999
-0.366629727448947 -0.350769089299576 -0.314933314927818 -0.342401654266964 -0.165073496962122 -9999 -0.408071586701607 -0.452977302404033 -0.428299539562299 -0.383424370962889 -0.36301624161967 -0.400937891820767 -9999 -0.110127737340041 -0.130610879429311 -0.0480380928122462 0.0301734838778224 0.334551799159548 0.219003749378119 0.251002461040845 0.296385138788345 0.28732957840445 0.202951969865915 0.289813734129082 0.388970777764161 0.153404917646031 0.234101826037895 -9999 -0.244422639075601 0.0811126252054788 -0.092308417502082 -0.228861179905361 -0.1945202373017 0.0181585807630586 0.0763522038576888 0.108218874888135 0.106839655596248 0.0946021086383277 -9999 -9999 -9999 -9999 -9999 -9999 -9999 -9999 -9999 -9999 -9999 -9999
-0.357043898622102 -0.362103884395189 -0.305537709881447 -9999 -0.402447113496177 -0.415756888223575 -0.430507896823473 -0.394390991080456 -0.460753090689208 -0.263059320922207 -0.386288319132675 -0.223215204314466 -9999 -9999 -9999 -0.0505791651811113 0.0620987524623117 0.186357487076108 0.229587982522496 0.231654745689379 0.263991861115505 0.358984969059526 0.33904955059565 0.263377003619532 0.295891523077002 -9999 -9999 -0.35027320518905 -0.246876861732928 -0.204429725343893 -0.126942935883474 -0.145791457815992 -0.0887474078798087 -9999 0.202934294198647 0.171141682760096 0.105577632830922 0.117253525014587 -9999 -9999 -9999 -9999 -9999 -9999 -9999 -9999 -9999 -9999 -9999 -9999
0.245030062347841 -0.156204022671198 -0.363203009742628 -0.393451571881568 -0.406585192399314 -0.391474579335774 -0.407660221355312 -0.396949036017167 -0.403300389809369 -0.278438526224297 -0.233318563747975 -0.231755950372175 -0.224181690147902 -0.0996063164650777 -0.0824378905899609 0.0314764120183398 0.125390732797292 0.210216303999328 0.225298209481148 0.307261590466849 0.285734194333818 -9999 -9999 0.242574579574745 -0.0428078510900992 -0.190002109867736 -0.205646438393569 -0.314726236444053 -0.331373543821606 -0.306414817077076 -0.113571349285986 0.0506736546092435 -0.00929643457713019 -9999 0.215450694315154 0.184215203781488 0.092133043673063 0.101346198624939 -9999 -9999 -9999 -9999 -9999 -9999 -9999 -9999 -9999 -9999 -9999 -9999
-0.0894808987893827 -0.0903035419325403 -0.317008052328046 -0.381576762266354 -0.411032002445243 -9999 -0.374006463700849 -0.394898613406146 -0.353245457305235 -0.301246449381574 -0.269861014524397 -0.257136042003777 -0.175220197207874 -0.120167477806234 -0.1691614069477 -0.0252738153390196 0.107523272642545 0.192653737829636 0.266386737723859 0.304113440413561 0.277427330001211 0.357605766725273 -9999 0.0538924432176486 -0.00147842622666078 0.0276368121662768 0.109123243311263 -0.0304100152059539 0.222292080681261 0.194178584080827 0.0983797380619168 -9999 -9999 -9999 0.0773630490083369 0.12746768246764 0.115652908047886 -9999 -9999 -9999 -9999 -9999 -9999 -9999 -9999 -9999 -9999 -9999 -9999 -9999
-0.115647429058575 -0.248209335583078 -0.184588262487836 -0.303870773453165 -0.302488489842535 -0.342265634722934 -0.303896793305466 -0.337768145204006 -0.319628642679298 -0.307476586236551 -0.249332558078332 -0.261926467080408 -0.221606998532469 -0.133667846535577 -0.126473281561126 -0.0246911379431566 0.00894736225680361 0.158238814837843 0.222542398830015 0.261127735746655 0.172474975192448 0.360920273234068 -9999 0.108738983800579 0.172494943955851 0.197825729585232 0.168744444505494 0.0401223537739503 0.234403847106559 0.218015875599559 0.179676060169385 0.0675217366330439 0.240829617913132 0.139095501501677 0.0945693420538211 0.123212007090166 0.079948695754599 -9999 -9999 -9999 -9999 -9999 -9999 -9999 -9999 -9999 -9999 -9999 -9999 -9999
0.0617348223225414 -9999 -0.14368035112067 -0.276144488920572 -0.203455156669759 -0.275745924676841 -0.286043923483006 -0.187295536245952 -0.115120343893662 0.149972437206237 -0.233864620898708 -0.179657519788993 0.02555384891054 0.0331257507144152 0.104493067213458 0.207582290741219 0.165198622999272 0.179475694239868 0.276136624186794 0.275692624075276 0.123622384064504 0.16176180263688 0.0957592710299916 0.127242597432552 0.0746194013858941 0.151219483505029 0.171376333601879 0.130326700724597 0.117694154310766 0.349254489422702 0.459517252903634 0.14626197854118 0.274906161277889 0.176732504567885 0.178506060889437 0.120676128775871 0.0945335360468193 -9999 -9999 -9999 -9999 -9999 -9999 -9999 -9999 -9999 -9999 -9999 -9999 -9999
-9999 -0.274844611823961 -0.262623661641974 -0.217652491465396 -0.241038719579647 -0.22836551183342 -0.26643426566188 -0.233403780152209 -0.201756911951622 -0.0261635923692718 -0.148194803551519 -0.113667251347925 -0.0366432903430836 0.0379834859849387 0.074784164153063 -9999 -9999 0.255560074371432 0.299229970907508 0.37235464001107 0.117521951278604 0.203266099830857 0.183393225973078 0.185945980118724 0.0767625465692011 0.0643110913499296 0.0846273524226464 0.105492876379915 0.107761070391725 0.107087587105274 0.116445034932617 0.0923288219443906 0.153505301886717 0.127108924656953 0.0936688238487945 0.111262245069169 -9999 -9999 -9999 -9999 -9999 -9999 -9999 -9999 -9999 -9999 -9999 -9999 -9999 -9999
-9999 -0.236036330523049 -0.219686697200457 -0.265414773385005 -0.23100228764481 -0.179100952506723 -9999 -0.206346229675698 -0.252464166971911 -0.0824206721800002 -0.114133222394577 -0.153160167733772 -9999 0.0386354682838226 0.145846518129926 -9999 -9999 0.314873171837206 0.341092845564834 0.358034885910481 -9999 -9999 0.0899268129485942 0.0983577604986955 0.110964123883147 0.0451397607116572 0.0901897254842762 0.0703623183564975 0.0747832940000259 0.109746053575076 0.122385061615765 0.116624553830817 0.186027739447997 0.168024749072211 0.164027133825413 -9999 -9999 -9999 -9999 -9999 -9999 -9999 -9999 -9999 -9999 -9999 -9999 -9999 -9999 -9999
