data/rasters/s3.06.06.cu.1_xyz_08_.asc
NCOLS 100 
NROWS 100 
XLLCORNER -4 
YLLCORNER -4 
CELLSIZE 0.08 
NODATA_value -9999 
[rows 42 to 62 of 100, columns 0 to 47 of 100]
-9999 -9999 -9999 -9999 -9999 -9999 -9999 -9999 -9999 -9999 -9999 -9999 -0.346014375179969 -0.301817521091749 -0.310714006802219 -0.160435729804887 -0.0331763223463399 -0.0551101845965072 -0.0525827757315323 -0.0152530432259842 0.0128337127189095 -0.0788364863316764 -0.0407488976594666 -0.00909549327287072 -0.00976328622581016 -0.173714813504919 -0.172402790171844 -0.103002629367775 0.0211162409684577 0.157535978034758 0.139001925543314 0.115030546691787 0.09974702326868 0.148023203950268 0.203750285162325 0.215533273968376 0.138505855257274 0.034943288384714 -0.00436613298761494 -0.0073350855789763 -0.0401138301959715 -0.10534764488312 -0.00140378672847892 0.0304381536899149 0.133960074398935 0.174269208417467 0.203881788029026 0.205960174961672
-9999 -9999 -9999 -9999 -9999 -9999 -9999 -9999 -9999 -9999 -9999 -0.351612009093232 -0.287752411607647 -0.260891710594619 -0.246779161308308 -0.220750732192026 -0.101838571458122 -0.0548364396511128 -0.0604100586864462 -0.0502961225136933 -0.115930992383484 -0.17504170419871 -0.11571165082598 -0.00883526075850965 0.0681979856792183 -0.0893465712327011 -0.120887543759447 0.0542380261961152 0.0264035668391833 0.0761872995708006 0.106901262181647 0.0769852905662407 0.0727805483371086 0.142523271230337 0.205246597890506 0.200593607520871 0.140727596191431 0.0566464017469245 0.0638207685652578 0.0432243853980468 0.0275676393487703 0.0567227056388605 0.0342014558308449 0.074633153817774 0.114617763068612 0.145480011703226 0.219443765541988 0.220142096861804
-9999 -9999 -9999 -9999 -9999 -9999 -9999 -9999 -9999 -9999 -9999 -9999 -0.23115096638532 -0.202221461278949 -0.210301374299031 -0.174211962710924 -0.120953703619053 -0.0625932845189381 -0.0415009471467568 -0.0412124989356102 -0.0755491695706538 -0.105963048258544 -0.136724371286552 -0.00305703301179742 -0.0467970193021484 -0.0754316938026379 0.0213939280829511 0.0815089475066405 -0.0653596437914158 -0.0118123856489293 0.038476221075753 0.0332603962304545 0.122250823129015 0.163275487531057 0.166018613280661 0.181297220120781 0.134888351222533 0.039312889192613 0.0789880293231807 0.109303717386281 0.123803329595571 0.0709767767679427 0.135381631058723 0.114180769885663 0.219352247320948 0.215672832045869 0.22605199542893 0.20734845934526
-9999 -9999 -9999 -9999 -9999 -9999 -9999 -9999 -9999 -9999 -9999 -0.0859996092259973 -0.124732308151168 -0.166143098694719 -0.156473607230403 -0.118778277017789 -0.0735494994519098 0.00321733527861775 0.0219694836218134 -0.0232177985458455 -0.0604602196446887 -0.0579836081624691 -0.0609612449528998 -0.0343350837458209 -0.0690302133139127 -0.0601153555465991 -0.0365146300303175 -0.0507967604233102 -0.188371179325952 -0.123521056599814 0.0142241499332125 0.0347948603971408 0.123600478540258 0.196508560881076 0.194844929750684 0.221380810439717 0.181538645475283 0.0840306774649865 0.0537557416463965 0.112097902389925 0.169523551532763 0.193405162545015 0.199078336290617 0.173365530228126 0.224717926866928 0.272224867590011 0.297271357766778 0.276392801839986
-9999 -9999 -9999 -9999 -9999 -9999 -9999 -9999 -9999 -9999 -9999 -0.0275958016347675 -0.0903354851596875 -0.108167412890176 -0.0571667405348125 -0.0124368929481727 -0.0332038787706995 0.0355195160860322 0.0574361939678391 0.0280770013781683 -0.00181158149622606 0.0470452092569015 0.0434361662884899 0.0314156058403717 0.0109139154994914 -0.0563740035340116 -0.110608030735703 -0.106637675462794 -0.125196009527927 -0.130443482514827 -0.044076947006232 -0.0429035298702922 0.073088187024265 0.157289386235195 0.168039356058482 0.217577134957429 0.225308304937191 0.170634994596858 0.150691365010648 0.159311891814504 0.216349257628967 0.186308421197674 0.175624458650149 0.187529340534623 0.21847448816262 0.252353547543107 0.302515232489333 0.312324508361363
-9999 -9999 -9999 -9999 -9999 -9999 -9999 -9999 -9999 -9999 -9999 0.0604751956857258 -0.0214726146543081 -0.0475189626134749 -0.0252128306175801 0.00792390428186344 -0.0100543839994652 0.0258862113296732 0.0420167757890099 0.0331084836641966 0.0408917547930065 0.0941026670552056 0.100485469833782 0.118987714843497 0.0765733374136082 0.0314317737574924 -0.0219331264248916 -0.088031049755034 -0.0943486445199576 -0.0936371560963811 -0.0782779684784291 0.00639518410862 0.10780125653511 0.190151547711334 0.175605596034586 0.207474588045061 0.229395675922771 0.217505348147772 0.251447902294625 0.26207748071295 0.298790647300467 0.133260283879139 0.162699969292754 0.154725455467687 0.179020867475187 0.222915844327956 0.261944044357263 0.305452770467985
-9999 -9999 -9999 -9999 -9999 -9999 -9999 -9999 -9999 -9999 -9999 0.0807354070421741 0.0269679446285806 -0.00069739837564133 0.0477201453211272 0.0603023566559531 0.0208160706045077 0.0403239309102655 0.000687946525215183 0.037429364890571 0.0510681056341787 0.0894964427349285 0.086643201432375 0.180728436035132 0.101711299100886 0.0939852128377459 -0.0398490496032522 0.00301058909343495 -0.0593852368117567 -0.0668400107279158 0.0308843811816154 0.11671688071305 0.211688959670094 0.251028448275947 0.253172020872782 0.308151048107208 0.300824671859237 0.208165698799116 0.29335622731184 0.289007855867575 0.238085873623976 0.254720370925927 0.206911291381806 0.203895904159608 0.179761725284329 0.17039885459525 0.216134460937072 0.2908291821224
-9999 -9999 -9999 -9999 -9999 -9999 -9999 -9999 -9999 -9999 -9999 0.0345298546791452 0.0328416353409199 0.0150122462151468 -0.00917044932240674 0.0223160672138267 -0.0755947587684077 -0.106315021898863 0.135452601344357 0.122801500647011 0.124116798835131 0.111742037384215 0.0787119310859532 0.140297642551874 0.188006322510904 0.243971855421241 0.161147445313048 0.0545069191516534 0.0498297228372782 0.00731078313459113 0.0543104542309497 0.174398263087121 0.272693009621421 0.262169929407766 0.326588389380958 0.329836842023395 0.368814801769962 0.330895149928375 0.31600426499324 0.241169837814919 0.278407805032378 0.263955431197179 0.187564176152698 0.151852887839771 0.193368502180559 0.198479862254394 0.214752222661055 -9999
-9999 -9999 -9999 -9999 -9999 -9999 -9999 -9999 -9999 -9999 -9999 0.0788662382261777 0.0622809866889482 0.0895341723532098 -0.0884495110685626 -0.103063084779034 -0.0982029458165537 -0.0784443570341642 0.02728353335912 0.124050235290256 0.184212473007943 0.16897152025948 0.135855433212548 0.0589450679307455 0.082660726533716 0.173397353620527 0.223947424940814 0.148565096625254 0.109168366755606 0.0761950408442085 0.0466349074197465 0.135203662419487 0.271243312281489 0.304679425513691 0.31233976026222 0.349381042224533 0.393024540664877 0.390853342065599 0.377576158591422 0.307763339923823 0.265223708776363 0.2125491834316 0.154068365101901 0.116058942363696 0.210651041644416 0.207238113582104 0.147228418655005 -9999
-9999 -9999 -9999 -9999 -9999 -9999 -9999 -9999 -9999 -9999 -9999 0.074865995739445 0.03778560399837 -0.0418306444782345 -0.00600640284178285 -0.185284458243566 -0.1127128978004 0.121748765169418 0.0101870524017244 0.228686658655706 0.241913862786755 0.221314355916969 0.164951652556266 0.0566700050419419 0.0865197080555291 0.122336376222412 0.145528052581578 0.173292310146484 0.137583943273445 0.0856000098129798 0.0432110699626203 0.148253783713202 0.257370295248487 0.294617610469016 0.292509778191775 0.383940667548239 0.429787521914747 0.425262288238386 0.428362001749091 0.332233463194051 0.253522998634734 0.288480878403799 0.220668831377297 0.235581799305982 0.232187521121932 0.210562017105741 0.195369027344586 -9999
-9999 -9999 -9999 -9999 -9999 -9999 -9999 -9999 -9999 -9999 -9999 0.0951140343667639 0.109183699497265 -0.0116454148487098 -0.0156701399852859 -0.0945352002415945 0.0401078222648849 0.108248071852447 0.190293320311197 0.237040475304278 0.248920988985837 0.197905628590578 0.156185875274254 0.0336217136754801 0.0738139970554896 0.132235352053944 0.20144335848194 0.206501865122341 0.112613115128686 0.101847872298175 0.036337259566701 0.127522967242242 0.240928531089035 0.276974971332447 0.246724419224097 0.336710478860072 0.397068666293066 0.370062112351366 0.43189796969567 0.373295043017431 0.233037612828265 0.227862868811133 0.219435639849754 0.192960687775085 0.223928738280101 0.20125424073161 0.0628877693248602 0.0379523823102621
-9999 -9999 -9999 -9999 -9999 -9999 -9999 -9999 -9999 -9999 -9999 0.07584139396161 0.144563906638987 0.060001579414484 0.0359239901127196 -0.00264596050662135 0.109936722264874 0.162437847856668 0.214618653737218 0.211171094109022 0.198845182358686 0.0975012338758554 0.0800427070884231 0.0574888758580295 0.0673764166965188 0.141855943505052 0.226517733594288 0.165441774314686 0.033492277167693 0.0871251344679171 0.0955239323455416 0.0929622101883718 0.223461277006647 0.260608147288554 0.287930090123219 0.318058821686951 0.375505675180785 0.379024192810857 0.161364381811942 0.127890914471516 0.18260106635074 0.133779017588543 0.146274063071054 0.0807747256253839 0.127106664689207 0.0932022849350071 0.0783559886167198 0.0670778811685483
-9999 -9999 -9999 -9999 -9999 -9999 -9999 -9999 -9999 -9999 -9999 0.13519469665546 0.174468846178281 0.143171032702372 0.106081432812774 0.0943277038820212 0.139979196457706 0.192524836188601 0.127150340299372 0.128747574425599 0.147668173305478 0.131438403000975 0.170513153993865 0.127598686274438 0.128267281053181 0.208832559597745 0.221493126229156 0.153129499079782 0.092690565623338 0.121841003958213 0.162899206561395 0.200633639692195 0.261850937802741 0.27734239605285 0.294435824486506 0.257920558857777 0.308627849499651 0.282355618699001 0.345178676196854 0.257933838796582 0.12645885394291 0.02114752786054 0.099377620468273 0.063093756603346 0.0768696926310672 0.0976961812596814 0.0859221060558565 0.0962272720873453
-9999 -9999 -9999 -9999 -9999 -9999 -9999 -9999 -9999 -9999 -9999 0.163882906613317 0.240673018301678 0.228449255329233 0.13561122745956 0.130875756814089 0.189411395986382 0.191285946645275 0.158663012874556 0.125151720359118 0.154156054639019 0.170531598053991 0.173602708392112 0.183314705778007 0.222687395257733 0.23149284193583 0.208892682561616 0.157796170744397 0.152996682047703 0.184632918048866 0.228147688984652 0.254542457586148 0.293770424736296 0.295042804907366 0.273413511930649 0.258280745838755 0.267873460971094 0.249867271952051 0.275318512483141 0.422656904041235 0.19312177280079 0.102098363593347 0.0619269793613037 0.0816236029518145 0.115567368743486 0.116493333059929 0.0796940501298599 0.0843106433727449
-9999 -9999 -9999 -9999 -9999 -9999 -9999 -9999 -9999 -9999 -9999 0.230496607214453 0.292004552040257 0.257748966826364 0.217320379702594 0.196198240263752 0.196305832544792 0.204758774508472 0.1486154338736 0.103525898487351 0.122082056250525 0.13550640038329 0.159079598027699 0.20709603084966 0.295728561606198 0.282355373971086 0.211230466225336 0.186573015172984 0.195636124579128 0.220635595607931 0.254994178178345 0.291021143269023 0.225549355098422 0.215167526657463 0.228941695977103 0.235435714905394 0.294485569605256 0.11415522590272 0.269006101689255 0.357940782552267 0.280845604692587 0.193597635771131 0.141724335292904 0.135258370229297 0.133735811602786 0.130205981353844 0.129390396353115 0.0604232710556291
-9999 -9999 -9999 -9999 -9999 -9999 -9999 -9999 -9999 -9999 -9999 -9999 0.296394267457275 0.272707246520452 0.268899740190163 0.23712876017768 0.216543517343368 0.247139880074372 0.175514157559237 0.114331365539914 0.113104119623817 0.113279275001237 0.157448863413337 0.203718827694326 0.27503936522719 0.30326929132216 0.282328041550182 0.228404098494127 0.214849127038528 0.210301887966173 0.268001433919141 0.327458382910796 0.198304573885905 -9999 -9999 -9999 0.0650635609353037 0.0986808935123466 0.134973484412985 0.156915543007412 0.190991161863146 0.182537579860626 0.147398355398994 0.160913923838444 0.19349385273238 0.206505420833359 0.151053260525059 0.0712469188500824
-9999 -9999 -9999 -9999 -9999 -9999 -9999 -9999 -9999 -9999 -9999 -9999 0.310703597938785 0.302288757810381 0.315587513262404 0.326429934835578 0.294415301582572 0.296957939895993 0.190327823857139 0.131565391888756 0.103934437518585 0.0478902267874833 0.116595091713983 0.131798379185394 0.233501676598266 0.307477919901744 0.309556063404906 0.294928790807284 0.266273904919552 0.218402403336156 0.33104948308115 0.352848268382987 0.257198531275401 0.287516863180569 0.225660369214454 0.179494062561441 0.17080732319662 0.200808220995959 0.178472228401791 0.138654317267445 0.0997438632318799 0.0241277963657127 0.067245209981641 0.212527578435742 0.271675055112537 0.231905309191223 0.162486490678953 0.0663434267574587
-9999 -9999 -9999 -9999 -9999 -9999 -9999 -9999 -9999 -9999 -9999 -9999 0.263201435264632 0.29178812622634 0.306958750680135 0.344452173784947 0.318784646004406 0.281062720316335 0.199637135408223 0.0128472864150612 0.0530562456320262 0.021979408615716 0.0720202189894172 0.0894921892799183 0.126286968916432 0.24045893876589 0.273466376479669 0.283341058022089 0.229912887770319 0.192613103291631 0.296194420788722 0.339301696312511 0.269140453012886 0.275919407560924 0.213873365523356 0.288129682478179 0.345188095933859 0.210698171784085 0.220570978925773 -9999 0.0942071865146899 0.0370442569443556 0.109623144856038 0.214391199727125 0.213395587219397 0.151553331580861 0.146988517399485 0.119811068982234
-9999 -9999 -9999 -9999 -9999 -9999 -9999 -9999 -9999 -9999 -9999 -9999 -9999 0.235511473877547 0.289186799850984 0.259732571634634 0.15601669749727 0.188789952748026 0.12816047296407 0.122900371208678 0.129551129633957 0.0493789871982574 0.0597824675640183 0.0733157380933547 0.0553873985464606 0.189593767144364 0.194574166452491 0.17334805407712 0.229366358236106 0.184555967595226 0.237292304957922 0.252959297591042 0.295402727311168 0.302331631553284 0.290906544777746 0.322325277152676 0.324459883485588 0.277793117582964 0.304054986048367 0.297380931549321 0.0713909586200004 0.139854024781539 0.109379960797389 0.203969498512494 0.259876825907931 0.103955659548055 0.131733452369345 0.161680800544966
-9999 -9999 -9999 -9999 -9999 -9999 -9999 -9999 -9999 -9999 -9999 -9999 -9999 0.204243601170724 0.173504901897472 0.251960429461143 0.223327540417203 0.18325165990393 0.113296270060708 0.0841760084865076 0.110431148906621 0.0772708207665581 0.0540176602911359 0.0390947457567255 0.033912626261423 0.0536847692049392 0.175452231685653 0.171464660025807 0.245837650152708 0.192775536624284 0.189363391266367 0.209517763627269 0.329844935356068 0.345292718401158 0.360362344621056 0.327283519089205 0.293265261647828 0.255376893285403 0.261719178179152 0.333274001639753 0.230152233120694 0.180268795892995 0.152440752333519 0.206080471385981 0.183142733307696 0.15691091259084 0.102263952363615 0.108662701043281
-9999 -9999 -9999 -9999 -9999 -9999 -9999 -9999 -9999 -9999 -9999 -9999 -9999 0.192144069167414 0.0653951753432335 0.174777880234272 0.107991944530236 0.077386001543715 0.115224184084365 0.0437699491695609 0.0416161023118933 0.00452537303611667 0.018289305027767 0.0577524582584792 0.113580385410589 0.151274103420652 0.14875224603643 0.173043706053168 0.164969389078237 0.189694614326945 0.216247648225516 0.244608705769589 0.300466925954927 0.388680099792664 0.401455379952441 0.363597638973103 0.285548656526221 0.205514368548072 0.2734687405844 0.279083420758032 0.186103476795215 0.102917355934479 0.158623216684477 0.22172732987597 0.147407313109771 0.0546813591110011 -0.0737303253305012 -0.0990693505239429
