data/rasters/s3.06.06.cu.1_xyz_08_.asc
NCOLS 100 
NROWS 100 
XLLCORNER -4 
YLLCORNER -4 
CELLSIZE 0.08 
NODATA_value -9999 
[rows 42 to 62 of 100, columns 48 to 95 of 100]
0.175327176884098 0.205818642180981 0.221472097378334 0.203396653026683 0.197921264914827 0.229439180476511 0.217362346795307 0.234672507114411 0.23415712842576 0.164498625036152 0.28235287633341 0.266012754921271 0.258453853020918 0.227341861014384 0.24193569700284 0.0307899769532271 0.141214325944988 0.145826655295826 0.201086775961418 0.246572374500688 0.115860205523116 0.0960385290722037 0.080001562678416 0.131723557210245 0.0829584113839542 -0.0110271253418168 0.0733194330580658 0.101807312215796 0.137403482965155 0.160462248307607 0.206311433158021 0.302829142170029 0.32246902221412 0.312397595332135 0.281970943794317 0.235570588930624 0.110005036220974 0.0705593820904243 0.0325040826799895 -0.0294418622992696 -9999 -9999 -9999 -9999 -9999 -9999 -9999 -9999
0.169867929480191 0.170259743693055 0.22685687613074 0.220316115150557 0.184034352825391 0.218900689055525 0.230183918720187 0.263346485968489 0.178224878639931 0.108506602948183 0.222040263783134 0.183217275849127 0.221695051304174 0.262649343892497 0.259212742297853 0.1909808909507 0.136546698755712 0.113861766888708 0.188875958950827 0.174174033442121 0.212397637646155 0.174351968851895 0.117586373596542 0.156303090524705 0.110133716340392 -0.0150057016201755 -0.0113623970995028 0.0110754151325491 0.116493187997149 0.151549065862828 0.190275508434904 0.319975817283153 0.296722283800515 0.276367161829015 0.171042157826497 0.145762947270141 0.0499566045130593 0.0341780222055318 0.00258200729640075 -0.0687959844791871 -0.0929706870834816 -9999 -9999 -9999 -9999 -9999 -9999 -9999
0.20032391194855 0.257990120827519 0.284424092109443 0.182566861238272 0.148468443099185 0.175432740963192 0.200508594153254 0.248755894791402 0.166316416235117 0.0733706427241604 0.101285177752431 0.190836294004102 0.216402580566687 0.178610154717744 0.154675832991872 0.0806016809257227 0.123901812497605 0.122170610589553 0.174758968742373 0.165048237557113 0.30940012997515 0.208085092299023 0.197919012132125 0.16975079535427 0.107745752065959 -0.00186416298762081 -0.0405904618996753 -0.0513116060235675 -0.00601211142247923 0.0961214224394568 0.170655532932936 0.297675520859349 0.243324083277887 0.274499736025755 0.255136613245636 0.168285640100553 0.110582881797219 0.0646532307440125 0.00951788484772534 0.0314968756356332 -9999 -9999 -9999 -9999 -9999 -9999 -9999 -9999
0.275400672257267 0.263894568152661 0.221866417980499 0.0517188828576528 0.0531503004147964 0.125461500529101 0.149779488050302 0.242825095901056 0.0866133667015542 -9999 0.0980256941213528 0.18060409213843 0.207828177705967 0.127401337159515 0.151903087085753 0.107532231255026 0.126539220502991 0.143217154253923 0.192306387703994 0.240702425370527 0.273200805719194 0.231890693871705 0.220140055890562 0.0646656075030898 0.0351360571098386 0.0268786303687566 -0.0391935198958735 -0.0783251762795991 -0.000683867959132331 0.120464438346599 0.303204438045801 0.24371883259636 0.203627267418814 0.252465778358986 0.227656097445148 0.183367765310624 0.207513125553785 0.132126459555762 0.0725684746385224 0.0860722077256444 0.0716407345794473 -9999 -9999 -9999 -9999 -9999 -9999 -9999
0.272077033276109 0.214383531805149 0.0865800114003227 0.0636464524065032 0.0840692331055094 0.111690789275897 0.0578372954802218 0.0960164944003171 0.0518199746955785 0.0970893870659872 0.138917221807563 0.160929489588191 0.175762235206709 0.091668385455392 0.121780985459652 0.126002978883951 0.194431110629974 0.188000083019304 0.237473600161791 0.282946748697595 0.289116387911183 0.282565283257266 0.250606411892034 0.13821719130271 0.0248450963843322 0.102388486778302 0.00252678593525381 -0.0910430341262311 0.0671813801344611 0.188348014198475 0.257130944685301 0.19375912720645 0.166478149205117 0.143116253300553 0.174028933555733 0.207531175055123 0.240190449933182 0.16095745926676 0.137221957311284 0.0926853929787519 0.0598524622732522 -9999 -9999 -9999 -9999 -9999 -9999 -9999
0.236171862783949 0.203174091502789 0.0279546473285761 0.213159376804866 0.130691507510319 0.112321623307454 0.134081908058541 0.124934778229583 0.0802136061210434 0.0403749536294112 0.0887684448909504 0.126277671096924 0.101740697334502 0.0695062490190324 0.0560714593796773 0.0429962167923547 0.189275382543581 0.186262995274897 0.15458357259669 0.21223924549788 0.266667593500804 0.273868452001543 0.209889810676224 0.126146883786263 0.118367843545515 0.12236302384472 0.076351683594121 -0.0463597954341513 0.0916223212012741 0.15990333076727 0.181306094663999 0.200797266358704 0.182049830474459 0.150289192653724 0.181733231457643 0.19483464234672 0.201597295542608 0.154522644802633 0.129617528323581 0.113127556037744 0.104742803077479 -9999 -9999 -9999 -9999 -9999 -9999 -9999
0.2473990980034 0.171730202112688 0.152719833461464 0.181201512526447 0.16427155652743 0.145555023438369 0.198600184191875 0.136505569817838 0.0843959261931057 0.0389817869050289 0.0131086104784572 0.0562280450862625 0.0557525847471828 -0.0654332867879965 -0.0557767668233906 -0.0338541567417543 -0.128190852206825 -0.0548006858229492 0.0737370268188693 0.1927623981344 0.197431938318044 0.193253039609366 0.157050727074346 0.112702931399655 0.132411092998455 0.114574066750093 0.0464962674475196 -0.00280817889714966 -0.04014543386296 0.0433083960625517 0.0966062642266849 0.131357979725951 0.167644143516235 0.160751943919988 0.209743555857318 0.198386383830419 0.155675570717741 0.139897884241122 0.125721362410486 0.122409422371749 0.0679147063291778 -9999 -9999 -9999 -9999 -9999 -9999 -9999
0.0970058996097654 0.104750909824332 0.1264512650937 0.116273940590791 0.124172876363735 0.106997099879115 0.211043919375385 0.206378319404966 0.139616658660533 0.0602835521364968 0.0673902173906266 0.0568771353623839 0.0494489933752295 -0.222974781161363 -9999 0.00418907196580857 -0.0777499777789883 -0.23066339604188 0.0320176393723703 0.103750586803827 0.148039774552512 0.0428433839788876 0.128626553239077 0.0433098171435805 0.137153184987919 0.102637157356105 0.000588233626461066 -0.0720600964297993 -0.0295969696368095 0.0176124895131556 0.057346118600477 0.159671246053285 0.233500198670698 0.267204475357317 0.287409398398047 0.239538365542419 0.144946232179907 0.106931041075922 0.0794393073293704 0.0983952549981815 0.0636930710822509 -9999 -9999 -9999 -9999 -9999 -9999 -9999
-9999 0.123173942653942 0.119600439804664 0.0691053215324771 0.0955341288138249 0.0468440227608923 0.0689742447019222 0.158304155524155 0.179518005415447 0.0935141493317367 0.00621615999633508 0.00938597151311821 0.00328542029324113 -9999 -9999 -9999 -0.218986376755805 -0.25871524916803 -0.193601078749949 0.055200333574897 0.0923188614818497 0.0289725605438099 0.0109440406869731 0.0495664538479264 0.0847777467337359 0.021113955356908 -0.0374957698521979 -0.0670327689815718 -0.1150267248068 -0.00859998498864258 0.076096956519848 0.0997998722641001 0.179383519055267 0.277705383092468 0.296465695665519 0.226885502434934 0.115236923880211 0.0876892867247031 0.077509077282824 0.131074933950583 0.147438586171387 -9999 -9999 -9999 -9999 -9999 -9999 -9999
0.0197793191257939 0.139129263177982 0.121229473541215 0.116737545516566 -0.0486359127117211 -0.0723196963554773 0.0251353335920842 0.15241478735391 0.136511301673955 0.084908235964004 0.000358537929418645 -0.179421905557643 -9999 -9999 -0.150841383580538 -0.2052264538341 -0.167989354357194 -0.135685812183212 -0.0511499445861574 0.0251191130596372 0.0723874411120079 0.0313766057434624 0.0154945260621687 -0.0155196282250674 0.00701430341617295 0.00499730273080556 -0.0339353485439963 -0.0121543258133802 0.0266292402331252 0.0784281133328994 0.124701117849893 0.125035086671721 0.177391452314114 0.261862626914316 0.277411568721471 0.261300016107886 0.2122819239001 0.160664717717418 0.147411177443885 0.176287208692936 0.179020653555601 -9999 -9999 -9999 -9999 -9999 -9999 -9999
0.0360534390994292 0.0155894202791168 -0.0434897911895417 0.10787175703674 0.00313778654485639 -0.0422855655381102 -0.0545894384911876 0.0484593015633616 0.0962684718759597 0.0523991618064087 -0.0361511428212337 -0.112217437842152 -0.215255585660813 -0.234742490671891 -0.17378435456953 -0.149535056972776 -0.0994768286485761 -0.10293540977628 -0.0555511359407102 0.0336758079779848 0.076236356258851 0.0104087874795613 -0.0599689965276211 -0.0508187560265241 -0.00354500171206942 0.0499786055221137 0.0091072815915722 0.0289101275998564 0.119592997884866 0.104176520747825 0.133394685136334 0.181517622428806 0.201996863965519 0.233746987971984 0.28289387729523 0.267153047153289 0.238815760539086 0.174276568883636 0.1806338541033 0.19108644905958 0.18318889508587 -9999 -9999 -9999 -9999 -9999 -9999 -9999
0.0584658228311948 0.0156299457865878 -0.0804462979160857 -0.0621799888591298 -0.0294216445294975 -0.134943639957808 -0.0917222379896677 -0.0220181529014803 0.0137501199847515 0.0274136028807433 -0.176773548146841 -0.176854095547094 -0.219633233242187 -0.254641843976479 -0.190356710001106 -0.109537150640325 -0.089342797038539 -0.11008252051395 -0.0775133894024049 -0.0603006443714723 0.0505111712243357 -0.0569426190969913 -0.0386293461509668 0.0485450418034926 0.0183269722003225 0.0657872618456693 0.0657540317446836 0.0953370267065845 0.0917567545639279 0.0600382852531241 0.157729584111575 0.133161337638764 0.174101572406379 0.191454410188348 0.201633745031579 0.257894715316975 0.247149656314033 0.137770008911965 0.158611403902731 0.184165302085037 0.189538292420481 -9999 -9999 -9999 -9999 -9999 -9999 -9999
0.0470874772361974 0.0265211246660888 -0.0275821281031444 -0.0179256995929236 -0.0858398683360463 -0.148693116625267 -0.123764893167995 -0.102114919462535 -0.0893675198393858 -0.198823629604853 -0.165349119802807 -0.145069912282257 -0.238133692475875 -0.143680868777905 -0.159774408921777 -0.166455141114467 -0.17195219623641 -0.175902983326624 -0.102209778160048 -0.0222412726650134 -0.0306369404964331 -0.113557155546975 -0.178275393490634 -0.133625808186436 0.00982256523001079 0.0747881406320526 0.0840325254696997 0.075136260669559 0.00328394177054216 -0.0215821676782464 0.0609168607372697 0.0470907817314336 0.0622603932559061 0.0945490964084347 0.0924312564600305 0.201484719364056 0.147578421035794 0.0748214696518555 0.0949924387365561 0.0922984075864522 0.0205330233917233 -9999 -9999 -9999 -9999 -9999 -9999 -9999
0.0659339566465291 0.0442974906843546 0.0124571158784802 -0.0222326281367276 -0.0683858126891322 -0.0684127562009721 -0.11092207586586 -0.13802521644392 -0.127075961227272 -0.10556841054675 -0.104515534970224 -0.275856285515002 -0.21984259055821 -0.159551915687844 -0.169856278458425 -0.22179536369249 -0.221385324160583 -0.222293533244969 -0.140335548331428 -0.0520344619293357 -0.122511669874195 -0.225497065418954 -0.257713141761107 -0.0824638322488052 0.0274534402893822 0.0559325583120133 0.0625966535369355 -0.0158366316076006 -0.0480047697985533 -0.0634295331426376 -0.0189448101546874 -0.0112319203508285 -0.0156311435054464 0.0556088576605657 0.0704457303401855 0.0337073922708217 0.0150772817475977 0.0302723910440559 0.0261750793120117 0.00822771097338698 -0.00473794768908776 -9999 -9999 -9999 -9999 -9999 -9999 -9999
0.046351752610502 0.0453471632107417 -0.0213414289499822 -0.0498093966518785 -0.0765164970935693 -0.0815196793673081 -0.149061731181281 -0.170839210870967 -0.117477509734388 -0.109517170141358 -0.143698307902002 -9999 -0.249739225454962 -0.195329117350767 -0.157077528099596 -0.246864414870379 -0.251793398694032 -0.247801349892403 -0.178063366751859 -0.101775271078604 -0.116752942424749 -0.262584083017182 -0.120698584473292 -0.0379894672147455 0.0398200869122768 0.0696992212483728 0.0568597700017326 -0.0105671397856389 -0.0391496168938064 -0.0549735955397453 -0.0573445842068393 -0.103674375458954 -0.012418584598642 0.0477447943374122 0.058553135921879 0.0227927363548417 0.0242440901960333 0.0633958716282241 0.0266627134178077 0.0133020816878144 -0.0129327318860379 -9999 -9999 -9999 -9999 -9999 -9999 -9999
0.0549878207687652 -0.0286311156851554 -0.103925560031245 -0.107999894007402 -0.0464053352409424 -0.0674055809840309 -0.156413821955113 -0.181812535080476 -0.156366900327569 -0.148549933770641 -0.290046930906678 -0.213826089717497 -0.294603657032917 -0.281587631309473 -0.0823191151708651 -0.194594440197845 -0.191919437576889 -0.229571160665954 -0.187457904712846 -0.179713424942229 -0.245529239135631 -0.249284161704315 -0.0986326197601742 -0.0201879907283938 0.0116851039369683 0.0223965088671788 0.0488758576383271 -0.00106923455908342 -0.0265255742865989 -0.0539413980266785 -0.0689256629788709 -0.047688453832799 0.00619334084274414 0.0115261682620378 0.0364779676714183 0.0299178539359378 0.0460977713924549 0.0986472627167082 0.088536953917555 0.0429701870879065 -9999 -9999 -9999 -9999 -9999 -9999 -9999 -9999
0.0318776075691527 -0.0104457036595471 -0.0914663077371681 -0.0665507736346756 -0.0396094245290473 -0.0304607531514246 -0.11131509426754 -0.181780922302289 -0.218393842650039 -0.258275645042062 -9999 -0.246398765692218 -0.28270798061067 -0.242773688688024 -0.111609535719594 -0.0829808507013745 -0.16171612880323 -0.221027013845851 -0.14930465380667 -0.192417241316978 -0.290290722642689 -0.171499050685013 -0.1289178184418 -0.0568286012882076 0.0187280239671527 0.0438659011617816 0.0502650636711878 0.0169576195034272 -0.0591110508994803 -0.0609102193072539 -0.0485058458187274 -0.0237457425782557 0.00610513296845917 -0.0276647424612629 -0.00455044623058611 0.0194403430657819 0.0607521905352555 0.101175037021473 0.0762421551576411 0.0288383457522289 -9999 -9999 -9999 -9999 -9999 -9999 -9999 -9999
0.0720064122305246 0.0537683791421601 -0.0471837225348062 -0.0521567297119106 -0.0854855683430753 -0.0237385656226773 -0.114505227605675 -0.177171268487837 -0.203786079773087 -0.223325689607112 -0.401285960383489 -0.399082055918249 -0.309023011629954 -0.334842800092717 -0.229144174650668 -0.117281759125338 -0.236220414034825 -0.242030850318614 -0.214233683130036 -0.261163393116898 -0.308695880833384 -0.214064525322993 -0.109810418321598 -0.021288757096075 0.0377362989774086 0.0587431480102592 0.0912578228515913 0.0400214347751251 0.0313552470319401 0.01539588212893 0.00818309451056261 0.00150470128368867 -0.0214141765719529 -0.0448774565522445 -0.063936208230337 0.00619955822886773 0.0224481392467234 0.050229131808851 0.0405846758486256 0.0404706506791876 -9999 -9999 -9999 -9999 -9999 -9999 -9999 -9999
0.14598036851965 0.0918923143739147 0.00322378206327106 -0.0613756651482422 -0.213760852834682 -0.0957629116089846 -0.128754331892575 -0.0931783050294413 -0.250487135464811 -0.341319165709492 -0.336289190000104 -0.365857568477617 -0.35622861831647 -0.373456068899491 -0.235320769591523 -0.178899275500409 -0.256972556035533 -0.198062428171991 -0.195616889195793 -0.268475524137104 -0.284897594862384 -0.225417073373596 -0.154703602901417 -0.0705062544287526 0.00830049426462086 0.0488862841605938 0.181060722610175 0.189101194399579 0.129788618674072 0.134322693856351 0.0534333147696375 0.00157315013533695 -0.220161801333454 -0.121573967602259 -0.0943559122231285 -0.000954476297393311 -0.0290260567658189 0.00535789623192438 0.00512056810832259 0.00344536924859524 -9999 -9999 -9999 -9999 -9999 -9999 -9999 -9999
0.170854706629946 0.0279355305092172 -0.107352182220619 -0.0847716145741521 -0.239504003610496 -0.182401715985822 -0.157058321784492 -0.0760340422454319 -0.192086389455753 -0.334449579135952 -0.360791251127228 -0.444064949362701 -0.446307614168937 -0.419145459667658 -0.3556735546064 -0.330608995529428 -0.307648862956817 -0.217198881912014 -0.221226757609656 -0.253689347579204 -0.254240338529407 -0.196361315381054 -0.150380345460886 -0.0902179544802255 -0.0471121568305522 0.16166768935851 0.206806205132469 0.250510315187706 0.230134302031791 0.198695721082286 0.114783118080821 -0.0279489918449396 -0.1460239638472 -0.298162094120707 -0.0479490848948486 -0.0533542647969819 -0.0817707799961816 -0.131632122214846 -0.105842250991672 -9999 -9999 -9999 -9999 -9999 -9999 -9999 -9999 -9999
-0.106760885347744 -0.0986006315158526 -0.0928658312047469 -0.127362777075377 -0.280260234833704 -0.241937822737613 -0.17386251790566 -0.159505003907928 -0.183503244304073 -0.350842792956023 -0.371888424528709 -0.423674886296875 -0.436752872634628 -0.461275926364679 -0.404506023944886 -0.393139370355982 -0.327638600721893 -0.361181008640084 -0.268785961437803 -0.289985115886501 -0.174314429491603 -0.114064161734343 -0.131885208106539 -0.0789146637119285 0.00898992729950861 0.135913017813839 0.19364069343141 0.237397787301106 0.236137424330366 0.191307975682956 0.106354917165132 0.150432443461746 0.0629032149917588 0.0355072094673133 0.0255366079573286 -0.141737087938599 -0.161145546767568 -0.146831435882461 -0.0868610049667685 -9999 -9999 -9999 -9999 -9999 -9999 -9999 -9999 -9999
