data/rasters/s3.19.05.cu.1_xyz_08_.asc
NCOLS 100 
NROWS 100 
XLLCORNER -4 
YLLCORNER -4 
CELLSIZE 0.08 
NODATA_value -9999 
[rows 24 to 47 of 100, columns 0 to 53 of 100]
-9999 -9999 -9999 -9999 -9999 -9999 -9999 -9999 -9999 -9999 -9999 -9999 -9999 -9999 -9999 -9999 -9999 -9999 -9999 -9999 -0.206831789630786 0.018757876131781 0.0983790082430362 -9999 -9999 0.255589913194271 0.210520964816399 0.0474916678619117 -0.0931712291575217 -0.167694035768343 -0.232111510824173 -9999 -0.0794846711439795 -9999 -0.444045282400541 -0.324280798559625 -0.189976490926095 -0.146744233816221 -0.0564146334650108 0.0193793751795482 0.0114822842312271 0.0515998970458506 0.0301309952511098 0.0449184099539444 0.0743397258311963 0.0918731565759061 0.0778463392692478 0.0515619021704317 -9999 0.0191363505598343 -0.0215004881268193 -0.0220827624034485 -9999 -9999
-9999 -9999 -9999 -9999 -9999 -9999 -9999 -9999 -9999 -9999 -9999 -9999 -9999 -9999 -9999 -9999 -9999 -9999 -9999 -9999 -0.0703071353973652 -0.00461927468224603 -9999 -9999 -9999 0.244039983035417 0.180362327399295 0.150866741150023 -0.0472223220296332 -0.126115866619271 -0.189262762870635 -0.241648371565342 -9999 -9999 -0.111252237093401 -0.320382030383925 -9999 -0.192615396589893 -0.0746932723399063 -0.0197504503708571 -0.0183190359293472 0.016286271542752 0.031004311896316 -0.0100529310894008 0.021600222029121 0.0105324829856514 -0.010772580063001 -9999 -9999 -0.107796331473215 0.0322763445617332 0.0288869784810082 -9999 0.00524959771197181
-9999 -9999 -9999 -9999 -9999 -9999 -9999 -9999 -9999 -9999 -9999 -9999 -9999 -9999 -9999 -9999 -9999 -9999 -9999 -0.0116514034462564 -9999 0.180130403850485 0.171112291759158 0.146388983726911 -9999 0.288512144964028 0.230493590516308 0.0652374535178734 -0.0160431109045385 -0.161735036705065 -0.27576706662747 -0.292686048256468 -0.0786547368514378 -0.203659757065564 -0.302240372355071 -0.245940829114472 -0.0153378688403751 -0.137863501667691 -0.103767648344342 -0.0736748160540414 -0.0172809219057622 0.000555309214506643 0.0109191509769565 0.0609513637118698 0.00259325031648111 -0.0365267471078386 -0.0446646032796463 -9999 -9999 -9999 0.0278894100107703 0.0657142848446316 -9999 0.00618677048696396
-9999 -9999 -9999 -9999 -9999 -9999 -9999 -9999 -9999 -9999 -9999 -9999 -9999 -9999 -9999 -9999 -9999 -9999 -9999 -0.0460223831373344 0.0860116912116555 0.138920935769851 0.157571857813185 0.20245220554541 0.204316334285405 0.292237921484298 0.317153745098263 0.15929971545178 0.0126764227664719 -0.147936777608494 -0.210485988825156 -0.236080069945828 -0.26711796286371 -0.330939947514352 -0.256078404122398 -0.232138257950898 -0.171000852606995 -0.132571163682662 -0.125945228440446 -0.0742959411661605 -0.0346499842849969 -0.0496275790170554 -0.0766115487214884 -0.0509243690735944 -0.0919991119067784 -0.060123803436264 -0.0784764989838169 -0.0816295267674798 0.0269596950233253 0.101530886473364 -9999 0.0467878157486846 -9999 0.043294759146862
-9999 -9999 -9999 -9999 -9999 -9999 -9999 -9999 -9999 -9999 -9999 -9999 -9999 -9999 -9999 -9999 -9999 -0.164080334034342 -0.0510384681995061 -9999 0.0921506842831503 0.137256409743593 0.143006502703531 -9999 0.180376871634916 0.328295571070971 0.33536536504079 0.202514676067641 0.101498707712258 -0.0185710128581641 -0.0962791877477489 -0.134325782198943 -0.203357071960712 -0.173304780606093 -0.198515438679906 -0.195411459591659 -0.0946508781079348 -0.113506979491998 -0.103517079340749 -0.138582265680029 -0.142569900083405 -0.121259350091208 -0.0757123156015453 -0.0596042620714236 -0.114877183276907 -0.128087520558908 -0.110362875255377 -0.0918605895154989 -0.0504741334711717 0.0343833805911206 0.118003986480445 0.147749441741484 -9999 -9999
-9999 -9999 -9999 -9999 -9999 -9999 -9999 -9999 -9999 -9999 -9999 -9999 -9999 -9999 -9999 -9999 -9999 -9999 -9999 -9999 0.151953911357085 0.117206118258065 0.171702380801736 0.185024352791755 0.203328505648864 0.284463028052274 0.320014485054739 0.197153882279237 0.175352733707622 0.050132271790896 -0.0302625015095046 -0.11880299025653 -0.177824099479925 -0.0845590930939048 -0.107425354426931 -0.0489446674755365 -0.00826394676415 -0.0548558973906672 -0.0141675925869211 -0.148546342480676 -0.161189551493318 -0.14253482613518 -0.0718329788850843 -0.00768737810075172 -0.0931498184982877 -0.107716369715277 -0.11909804261799 -0.13455852200219 -0.0850440238264916 -0.0222183803126277 0.132084778088489 0.117197896499605 -9999 -9999
-9999 -9999 -9999 -9999 -9999 -9999 -9999 -9999 -9999 -9999 -9999 -9999 -9999 -9999 -9999 -9999 -0.108868078240988 -0.0395089720818379 -9999 -0.0067123904486427 0.0517773565827468 0.131011446798924 0.202395576749133 0.185637689727975 0.256096827174907 0.277504395313962 0.232458995963286 0.153736555032549 0.152227205467011 0.0624838730376024 0.0315652345600674 -0.0160788737250267 -0.0605442767750247 -0.0445529287882488 -0.0562875520123308 0.00167680261436135 0.153212000718717 -0.0309062609102851 -0.114698367269521 -0.162197040587006 -0.13261250406606 -0.137940595086474 -0.0265448695531062 -0.115405121331678 -0.125282593355924 -0.120960507358894 -0.114232166087065 -0.209621356943694 -0.126748955698008 -0.0714094829777112 0.0939164404144942 0.115301929465716 -9999 -9999
-9999 -9999 -9999 -9999 -9999 -9999 -9999 -9999 -9999 -9999 -9999 -9999 -9999 -9999 -9999 -9999 -0.0668357246174621 0.0180310445563627 -9999 -0.0276167352945837 0.0370783423365766 0.118064390839986 0.16954237497981 0.159991467027751 -9999 -9999 0.134764974296226 0.15995620051531 0.0738495606391965 0.0273436045516447 0.0493030841875981 0.084738445404134 0.0902207085296572 0.0544568848787486 0.0451441371952841 0.0617625986951106 0.12719333867966 0.0494501659873801 -0.0299425482259163 -0.0759544709432676 -0.10192583068832 -0.136119767385078 -0.128777463505817 -0.14778375654775 -0.044513891303001 -9999 -0.0620033210001276 -9999 -0.0909768270104266 -0.0369385514284965 -0.0307133197744759 -0.0643965424141337 -9999 -9999
-9999 -9999 -9999 -9999 -9999 -9999 -9999 -9999 -9999 -9999 -9999 -9999 -9999 -9999 -9999 -0.0203699901089682 -0.0356044017035364 -0.0964505566241712 -0.0532736670500449 -0.0186339207686345 0.0318138789512749 -9999 -9999 0.204973720813418 0.230203399738081 -9999 0.127362981078345 0.192573872044514 0.0352430685568124 0.000889191084918959 0.0523912863359135 0.130206266760414 0.148929895180457 0.136951778034976 0.135896144079468 -9999 0.0831599554118402 0.0426908990257715 0.024435907431978 -0.0444939912703514 -0.0922689783172622 -0.127062687640266 -0.109487040252134 -0.17623292756239 -0.136988869249867 -9999 0.140085835152679 0.17490516541634 -0.151322562292201 -0.051548957135531 -9999 -9999 -9999 -9999
-9999 -9999 -9999 -9999 -9999 -9999 -9999 -9999 -9999 -9999 -9999 -9999 -9999 -9999 -9999 -9999 -9999 -0.060919925901264 0.00462206979821651 0.0065598039996738 0.108662359162208 -9999 -9999 0.225777831399675 0.161626463658454 0.0236038180904207 -0.00589957143862361 -0.0225568395686026 -0.0186224908151276 0.00105832786300309 0.0476122694141565 0.106295795860464 0.136725894434033 0.137275747566642 -9999 0.124161737839628 0.120408763653551 0.109006726621023 0.0413281970309783 -0.0122646790463402 -0.0595016050179011 -0.0697609685421189 -0.0506162415300341 -0.12195747296806 -0.139299867766862 0.0485664040882044 0.15721437269809 0.124218948820575 -0.0423163244419693 -0.0716515230955038 -9999 -9999 -9999 -9999
-9999 -9999 -9999 -9999 -9999 -9999 -9999 -9999 -9999 -9999 -9999 -9999 -9999 -9999 -9999 -9999 -9999 -0.061345429670217 -0.138223028996094 -0.0101621659885881 0.06802921591922 -9999 0.178066195472254 0.116809947109479 0.115630210439708 0.0474734422780145 -0.094813599697972 -0.137542299829429 -0.0879201205981796 0.0155436969768557 0.0179140173029952 0.0737802393297377 0.13429346677258 0.153916140032708 -9999 0.112522786985342 0.111051355909466 0.159121755647331 0.0944422436344112 0.0842408414345051 0.058306064595285 0.0159919109576746 0.0101351533269709 -0.0537665846555884 -0.108675174701702 -0.0386695946898802 0.0944136525564101 0.0192374950000835 0.0471425547262229 -9999 -0.135109594936485 -0.232994969999324 -0.251507887955337 -0.26287110026807
-9999 -9999 -9999 -9999 -9999 -9999 -9999 -9999 -9999 -9999 -9999 -9999 -9999 -9999 -9999 -9999 -0.0904916764543347 -0.0526456972546643 -0.0692733825705391 0.0277455552682577 0.152482363766901 0.167739835841691 0.151454550077503 0.07585018327658 0.0185917715613594 -0.0539781241310585 -0.159700049198618 -0.22812108590717 -0.200043783128265 -0.0659860866093182 -0.039823340914021 0.0652008693931572 0.0910243091597156 -9999 -9999 0.120937528840308 0.118629669738466 0.153979148818466 0.0518713396574861 0.0618242959990937 0.116406502996533 -9999 -9999 0.0201155151762189 -0.100870452950177 -0.0696295810515258 0.0194653431411317 0.0233118277596098 0.0873233102854395 -0.0180072992177825 -0.158476847209856 -0.235931590869761 -0.313333354250224 -0.311247171537396
-9999 -9999 -9999 -9999 -9999 -9999 -9999 -9999 -9999 -9999 -9999 -9999 -9999 -9999 -9999 -0.0167097569455425 -0.0636075340443895 0.00449602042520469 0.00332812918590043 0.0536196338741294 0.104258273126268 0.191194798123026 0.193815019177523 0.103494247995917 -0.0409145075165267 -0.0675833732375882 -0.275572460837323 -0.265994119464558 -0.202746153853934 -0.101501915001299 -0.138500828445232 -0.154468201714347 -9999 -9999 0.0663625396052919 0.0674360004158133 0.0651209593885351 -9999 -9999 -9999 -9999 -9999 -9999 0.436395614345767 -9999 0.231233318680894 0.1011273129929 0.0745168221149909 0.00855362826695194 -0.0628969889327606 -0.159627933907741 -0.171805477197145 -0.328166173642287 -0.292991111746325
-9999 -9999 -9999 -9999 -9999 -9999 -9999 -9999 -9999 -9999 -9999 -9999 -9999 -0.111073107583356 -0.0705456712856534 -0.0486770247068978 -0.0363796451786093 0.0145263021284813 0.0220454117875807 -9999 0.287221342775502 0.217880141207084 0.163496173987337 0.0637559107390679 0.0176552986476736 -0.109536205067627 -0.201615894039178 -0.164125831096354 -0.17274022856956 -0.162636785296704 -0.223115069599984 -9999 -9999 0.206771660425772 0.11483526979601 0.0771826300733522 0.107262030754266 -9999 -9999 -9999 -9999 -9999 0.347379095776794 0.382001923996831 -9999 0.24227946046696 0.223704135249611 0.0828854746158663 -0.0281127110243084 -0.156964505400159 -0.240832060986009 -0.278290282401755 -0.30797207991433 -0.320333981220838
-9999 -9999 -9999 -9999 -9999 -9999 -9999 -9999 -9999 -9999 -9999 -9999 -0.0723762347407304 -0.106687637173152 -0.142795487256413 -0.031768985083166 -0.0760481280740392 -0.0137262878888735 0.022833758114469 0.157900777233242 0.171610111452515 0.214669097338964 0.136671878321517 -0.035133857076498 0.0631582346337474 -0.111077118813581 -0.181320327716244 -0.199866310770152 -0.130167227138622 -0.156347617315108 -0.17181848041426 -9999 -9999 0.199273014629292 0.158662648781531 -9999 -9999 -9999 -9999 -9999 -9999 -9999 0.299043333802289 0.295694470044185 -9999 0.235480543851834 0.243984472966854 0.0775823667280131 -0.0172309188159363 -0.141481222785652 -0.256262228106216 -0.271025742993197 -9999 -0.341561914100426
-9999 -9999 -9999 -9999 -9999 -9999 -9999 -9999 -9999 -9999 -9999 -9999 -0.0937686331038321 -0.137820143987545 -0.189342656316761 -0.0779875665908045 -0.105024820686086 -0.0632971773251523 -9999 0.0933058217537081 0.0710662766487482 0.195448876275282 0.136753140010836 0.110183752474198 0.17628033864065 -0.0722545761915114 -0.172143618557751 -0.171719426135464 -0.144180426641871 -0.0465593676953492 -0.0281201642467996 0.0412269223001037 -9999 0.213220011606572 0.139114126307694 -9999 -9999 -9999 0.150829288915558 0.220667502554081 0.251745833372165 -9999 0.264530014952472 -9999 -9999 0.32456120246912 0.134226138958195 0.00508897146178408 -0.086872106860567 -9999 -0.220025125906048 -0.217702590566569 -0.176317934050828 -0.296900208410317
-9999 -9999 -9999 -9999 -9999 -9999 -9999 -9999 -9999 -9999 -9999 -9999 -9999 -0.210661057904993 -0.186273303765278 -0.148527927160341 -0.114126789796488 -0.0356516549076379 0.0592679233440604 0.0918618570257414 0.183949047251708 0.140993034118829 0.125895822640537 0.19158446220422 0.109496666116318 0.00933024010251392 0.055733996799144 0.0981502696226511 -0.132383467274565 -0.0877899899851299 0.0616444422139905 0.0459724372208887 0.184025054391222 0.262845659953612 0.225772322734278 -9999 -9999 0.248398605829315 0.189369991990648 0.221237518779249 0.228608355762498 0.270942244447677 0.303063948655356 -9999 -9999 0.318236238477779 0.168312435721957 0.0975191236401603 -0.15670244043253 -9999 -9999 -9999 -9999 -9999
-9999 -9999 -9999 -9999 -9999 -9999 -9999 -9999 -9999 -9999 -9999 -9999 -9999 -0.210126628766315 -0.182093135444605 -0.201355998933114 -0.0375237215301046 -0.0147554406486955 -9999 -9999 0.131127856336102 0.17095518361117 -9999 0.125051806525014 0.117508435463545 -9999 0.0405140004041428 0.0781717506122961 -0.005485719056741 -0.0367611073741 0.0534400057297803 -9999 -9999 0.203546831534629 0.175524687903159 -9999 -9999 0.207005057466592 0.278899392100923 0.255813286987261 0.228757999999976 0.341454816936249 -9999 -9999 -9999 0.0293984074843199 0.0986748037584771 -9999 -9999 -9999 -9999 -9999 -9999 -9999
-9999 -9999 -9999 -9999 -9999 -9999 -9999 -9999 -9999 -9999 -9999 -9999 -0.199382195478008 -0.207040626850656 -0.271475219244844 -0.219880526884126 -0.236860181764963 -0.173800922674422 -9999 0.0175763430462588 0.0149558728058548 0.343955427212537 0.131381439449341 0.0409718015753913 0.0910238224808265 -9999 -0.101130989990986 -0.077394909769117 -0.0469492732908641 0.0306830172149831 0.0708438671165652 0.108931083337105 -9999 0.232129232775496 -9999 -9999 -9999 -9999 -9999 -9999 -9999 -9999 -9999 -9999 -9999 0.174229356398782 0.17845324986963 -9999 -9999 -9999 -9999 -9999 -9999 -9999
-9999 -9999 -9999 -9999 -9999 -9999 -9999 -9999 -9999 -9999 -9999 -0.155534529699325 -0.158992317238526 -0.193464857020261 -0.285197670649053 -0.290000473212798 -0.208459208970361 -0.16019452467488 0.0278118709525875 0.0178373221389379 0.226421644110757 0.202770906152678 0.118769871102564 0.0609462276406861 -0.0308499805684145 -0.0110582478348449 -9999 -0.049081589287044 -0.0131105626692494 0.0294204019190974 0.0597822101664917 0.110188532173744 0.225294250960968 0.128936485260101 -9999 -9999 -9999 0.144462216227081 0.0976070737103156 0.0811467368810806 -9999 0.275940484439217 0.272343937910246 -9999 0.337596147807444 0.159432216594974 0.085405536690872 -9999 -9999 0.0359274903903262 0.142938074466499 0.133142521907718 -9999 -9999
-9999 -9999 -9999 -9999 -9999 -9999 -9999 -9999 -9999 -9999 -9999 -0.147792047068514 -0.2412480104033 -9999 -9999 -0.16944719505265 -0.218153712352785 -0.145577250788604 -9999 -9999 0.149620328481891 0.0763352896634622 0.106972376499025 0.0554055988179368 -0.0117709739691262 -0.0584969339456008 0.0877760553170431 -9999 -0.000558250877875213 -0.000761020521229212 0.0454933395257707 -9999 0.153641872669143 0.0961392760643681 -9999 -9999 -9999 -9999 -0.0189690674462646 0.0802875331873293 0.00607923928058753 0.228868793338802 0.26502468650711 -9999 0.246353043747061 0.0855793939826572 0.0814973048248467 -9999 -9999 -9999 -0.0363347327859989 -0.0515927578574654 -0.176654226507671 -9999
-9999 -9999 -9999 -9999 -9999 -9999 -9999 -9999 -9999 -9999 -9999 -0.215864967371267 -0.189396692235987 0.0457024184603139 -9999 -0.163559829396558 -9999 -0.0325044969959012 -0.0593641164018898 -0.0398556185296445 -9999 0.139158645914716 0.072216634810562 0.171690928393655 -0.057857341218459 -0.11040156093046 -0.0294245950126926 -0.00129150071475807 0.0149383408886067 0.0309743712246949 -9999 -9999 0.132726369374683 0.209260747855861 0.193303619957972 -9999 -9999 -9999 0.0203322016878246 0.0900758630118903 0.116288592281779 0.185238865687439 -9999 0.218549791322837 0.207288476749067 0.322744572296788 -9999 -9999 -9999 -0.0876434452909566 -0.0452891700105159 -0.186196493181858 -0.125859394951153 -9999
-9999 -9999 -9999 -9999 -9999 -9999 -9999 -9999 -9999 -9999 -9999 -0.200732199220042 -0.155493997554452 -0.117648229574433 -0.195692936159058 -0.160582235556953 0.0545989247091516 -0.0640559586228881 -0.0703675659558797 -0.0569430373095952 -9999 0.154241550166281 0.116974496078764 0.111413480480123 -0.158859237174411 -0.145287964998248 -0.111024727589679 -0.0573052718799679 0.00693419074009684 0.0113818660415363 -9999 -9999 -9999 0.210212507653227 -0.0126018960348259 0.073558773160408 0.138834574135069 0.10904544947814 -9999 0.0578178660151311 0.00381925173350519 -9999 -9999 0.194138924889538 0.133905916820568 0.0619879804570575 0.0310673169403997 -9999 -9999 -0.170027014027859 -0.113748126663256 -0.129604067674762 -0.0791204241020405 0.270982519986198
-9999 -9999 -9999 -9999 -9999 -9999 -9999 -9999 -9999 -9999 -9999 -0.121430609269516 -0.0795722940600576 -0.122165306133255 -0.101348354941952 -0.112657836626039 0.0172211503151792 -0.052541287683727 -0.0278366159672322 -0.00553653910417725 0.25108917481673 0.173968035832642 0.129950814233283 -0.0978730445295165 -0.121262141804277 -0.0978132836172727 -0.0726063537945375 -0.00811958434159282 -0.0400797109634805 0.0146753564580812 0.0815328456157563 -9999 -9999 0.056941237050903 -0.0379635396712878 0.0298598891121764 0.0211271554497592 0.0437640237262203 -0.101021963985168 -0.0498405707112357 -0.00630131489924312 -9999 -9999 -9999 -9999 0.0923224427760028 0.0271022802684842 -9999 -0.0812090755552983 -0.096561120137279 -0.0754384117151001 -9999 -9999 0.188165448823458
