data/rasters/s3.15.06.li.2_xyz_08_.asc
NCOLS 100 
NROWS 100 
XLLCORNER -4 
YLLCORNER -4 
CELLSIZE 0.08 
NODATA_value -9999 
[rows 21 to 41 of 100, columns 0 to 47 of 100]
-9999 -9999 -9999 -9999 -9999 -9999 -9999 -9999 -9999 -9999 -9999 -9999 -9999 -9999 -9999 -9999 -9999 -9999 -9999 -9999 -9999 -9999 -9999 -0.27697502134096 -0.254253844278107 -0.242735054777438 -0.195266234209767 -0.203233947400963 -0.197898206086181 -0.293172353539289 -0.371718056631936 -0.351965746415223 -0.273113320211463 -0.253065031539551 -0.206138370575782 -0.102241445376395 -0.104387244201769 -0.102517254319918 0.0303832665247787 -0.154559239583068 -0.20013249949871 -0.175436475122129 -0.151791589163379 -0.177367034249149 -0.263421719575359 -0.209250671433521 -0.188027496327062 -0.153408817440902
-9999 -9999 -9999 -9999 -9999 -9999 -9999 -9999 -9999 -9999 -9999 -9999 -9999 -9999 -9999 -9999 -9999 -9999 -9999 -9999 -9999 -9999 -0.214444835324438 -0.279026567064232 -0.258189485383294 -0.164972423645204 -0.204493151554566 -0.19741044920038 -0.220497390099032 -0.392138355227021 -0.28456403751887 -0.253918293029613 -0.264634339347931 -0.25680054844625 -0.196720726269047 -0.127463388997626 -0.087697477670111 -0.0715525427109023 0.0011734025278114 -0.156459494471135 -0.15023660540952 -0.156302004115958 -0.148462332948947 -0.181506391499121 -0.195354860543959 -0.169495742893632 -0.113035856600067 -0.0766129029048213
-9999 -9999 -9999 -9999 -9999 -9999 -9999 -9999 -9999 -9999 -9999 -9999 -9999 -9999 -9999 -9999 -9999 -9999 -9999 -9999 -9999 -0.193144819446477 -0.213359187079729 -0.253897692011194 -0.247281971395826 -0.125763515172133 -0.121815442450314 -0.378064295585155 -0.29952417191932 -0.204164287418211 -0.208418092133661 -0.241720966806363 -0.275735865402904 -0.220137086564693 -0.170246940796294 -0.163466820222054 -0.0541734405214035 -0.062359842843057 -0.100046518913146 -0.138222696610849 -0.0865125022953144 -0.113666597533441 -0.190869677473916 -0.101503899607699 -0.13034793026634 -0.132026201831649 -0.122501317261123 -0.0549461831301472
-9999 -9999 -9999 -9999 -9999 -9999 -9999 -9999 -9999 -9999 -9999 -9999 -9999 -9999 -9999 -9999 -9999 -9999 -9999 -9999 -0.228022315062709 -0.202213879995908 -0.200612669546886 -0.248764515084303 -0.206596209616896 -0.11980193249961 -0.445142788722109 -0.322782693182968 -0.00754548104857345 -0.0302428458395203 -0.0867997215970952 -0.200218349820088 -0.182133174158448 -0.184346199409158 -0.0784750186517156 -0.109064450479693 -0.0379771182646199 -0.0831186444148413 -0.144976659557877 -0.123185492896533 -0.0759438304524761 -0.0612234960307269 -0.125491204496283 -0.0652746114054516 -0.0275289732490889 -0.0337605264320563 -0.0368169962738809 -0.00149125809202168
-9999 -9999 -9999 -9999 -9999 -9999 -9999 -9999 -9999 -9999 -9999 -9999 -9999 -9999 -9999 -9999 -9999 -9999 -9999 -0.23760649159086 -0.247924227661911 -0.224851876099575 -0.145821793255482 -0.154693151303109 -0.160049699013798 -0.39231380758532 -0.222938287650201 -0.206834479671912 -0.0106101063058322 -0.0297653826247533 -0.105759292235326 -0.22466554114424 -0.174214626702062 -0.116995553470925 -0.0735675481544576 -0.0844246611789257 -0.0186170387858083 -0.00936771653344874 -0.118270198593035 -0.0815063563179454 -0.0506812957197196 -0.0281460400361433 -0.0208781004781302 0.050888404979648 -0.0312402253161124 -0.031975027854766 -0.00678842676748496 0.00501366412658821
-9999 -9999 -9999 -9999 -9999 -9999 -9999 -9999 -9999 -9999 -9999 -9999 -9999 -9999 -9999 -9999 -9999 -9999 -9999 -0.287622007308327 -0.254357786047556 -0.277608642400655 -0.211169079253095 -0.0908062987383524 -0.374399456027398 -0.306439148097784 -0.121285739691693 0.0536062327708685 -0.0169076563840787 -0.0571484646336562 -0.0662420134097537 -0.093964222005516 -0.158559245635852 -0.0907157734377866 -0.0484664843142639 -0.0740388696833472 -0.0438973055830175 -8.91745104677189e-05 -0.00368422676482596 -0.00954729287266379 -0.0018198278912512 -0.0353666884914686 -0.0440506453196279 0.0129799800005888 -0.0232809145909289 -0.0454839318393282 -0.027431654939355 0.00570432885806722
-9999 -9999 -9999 -9999 -9999 -9999 -9999 -9999 -9999 -9999 -9999 -9999 -9999 -9999 -9999 -9999 -9999 -9999 -0.273614544414695 -0.240234153417021 -0.195104282384846 -0.18475984152969 -9999 -0.251460236502792 -0.222143327110609 -0.123617992475871 0.0239824570248516 0.0316371578290775 0.0156815387894232 0.0651929772052511 0.0256790425263665 -0.0538012547679107 -0.154683994048321 -0.0454652087540645 0.0209386887123655 0.0032041484982783 0.0077131175790412 0.0301201136951115 0.0319864838704417 -0.0474981087720324 -0.0430989726947606 0.00865774552570526 -0.0047489385678301 -0.0296873417313329 -0.0154261165987465 -0.0270153323603103 -0.0298919953285013 0.0241717534921332
-9999 -9999 -9999 -9999 -9999 -9999 -9999 -9999 -9999 -9999 -9999 -9999 -9999 -9999 -9999 -9999 -9999 -0.276022566202557 -0.242891761787354 -0.207521025221512 -0.225251843962419 -0.396983239653724 -0.398768732955916 -0.398125179567135 -0.0532582290682296 -0.0565874801033257 -0.00254667647974158 0.0153120692837167 0.0233756043532447 0.0704742458057588 0.0119854713879476 0.00739027527127116 -0.0925121302704782 -0.0396317852791801 0.0445283863527272 0.0274824408725156 -0.0173530630698067 0.0129121894884162 0.0308407342098947 -0.0409585315963535 -0.024960975875084 -0.0165617119986225 0.0109252844852902 0.016872408287991 0.0134775060728594 0.0793169960603785 0.105518493245785 0.125280096493108
-9999 -9999 -9999 -9999 -9999 -9999 -9999 -9999 -9999 -9999 -9999 -9999 -9999 -9999 -9999 -9999 -9999 -0.197163971152347 -0.249266610963541 -0.296268888069859 -0.370354078290543 -0.337062195159955 -0.104175849645535 -0.0575960833691141 -0.0480097579735759 -0.1039464964175 -0.0660913732117551 0.024129043232056 0.0352366368174594 0.0548308819505528 0.0571412822523638 0.0687808342615753 0.0627893549597844 0.0854878195439574 -0.0491653537354777 -0.0294699819077924 0.0259953966082995 0.0665861383312023 0.0731643234656639 0.0311223765009045 -0.0376270301994449 -0.00476855016246469 0.02328138160041 0.0481724482570153 0.112384741525698 0.183351548170154 0.265295384185531 0.21450740114567
-9999 -9999 -9999 -9999 -9999 -9999 -9999 -9999 -9999 -9999 -9999 -9999 -9999 -9999 -9999 -9999 -0.210331990734143 -0.186059355864887 -0.247293005201346 -0.226465778961278 -0.155528983729962 -0.102023089584813 -0.0574845249172359 -0.0358892450139333 -0.0588285332168702 -0.0578420405451895 -0.0673760331880889 0.00950762854580956 0.0648041130706119 0.0840416866170164 0.0577646026850752 0.106702328393868 0.077317271956445 0.0664487802335002 -0.0660907156647461 -0.0826236668890897 0.0256000517331546 0.0787368051485567 0.0784914853939566 0.056230739090188 0.0463593793025377 0.0567251742653939 0.101356417493634 0.126248807388223 0.225431507796155 0.34145617538401 0.36573786171346 0.316524160833427
-9999 -9999 -9999 -9999 -9999 -9999 -9999 -9999 -9999 -9999 -9999 -9999 -9999 -9999 -9999 -0.0657310279670955 -0.202612631362597 -0.20344358113125 -0.136249833134204 -0.120001611430177 -0.111486504100559 -0.11152340758071 -0.0697741376669888 -0.0747713241359493 -0.0676956317838721 -0.0569932389643195 -0.0143844332035297 0.0325656518498705 0.00890606307923173 0.0127994835645564 0.00458147022319982 -0.014048247705269 -0.0289453507225312 -0.0076551814861224 -0.0533015836721119 -0.0973010685461352 0.0224734968181058 0.0282416741463225 -0.110563007923991 -0.0315126415234837 0.0895862894730734 0.171315033175551 0.146087748908121 0.24611916608124 0.310283995050958 0.415248426811913 0.360284329481274 0.270960636168182
-9999 -9999 -9999 -9999 -9999 -9999 -9999 -9999 -9999 -9999 -9999 -9999 -9999 -9999 -9999 -0.0683203576441201 -0.152821488133397 -0.151969860460313 -0.117527812832656 -0.119553680789939 -0.0930216233154871 -0.132060533157274 -0.0396817987182131 -0.0472442078086323 -0.00396421594290265 -0.0856581089149133 -0.0353108766100944 -0.00684845831016125 0.0137093419497091 -0.0439826236659513 -0.0451811445537549 -0.1014480757483 -0.0311363046723192 -0.0330608999569963 -0.043397493397471 -0.0843934700086158 -0.0512028907581043 -0.104776646887436 -0.104402492837315 -0.01326823777477 0.145496954452847 0.171439296886156 0.209157175958355 0.323215045367306 0.33702611466509 -9999 0.406155961240047 0.334043163615742
-9999 -9999 -9999 -9999 -9999 -9999 -9999 -9999 -9999 -9999 -9999 -9999 -9999 -9999 0.00777988159825897 -0.0294014330730399 -0.123633511310328 -0.0663749116652002 -0.0815259360014471 -0.107433288150708 -0.115085364571833 -0.0663057438724248 -0.0326913638877227 -0.101193585198894 -0.0973690976363443 -0.022717218135423 -0.0333380359843806 -0.00110290493577903 0.026993402355862 -0.010735822993581 -0.0116084666886703 -0.0353158135687207 -0.0774596750001416 -0.0562043635729191 -0.0861939730620484 -0.115350601051792 -0.148576653363904 -0.135846657109898 -0.0850812427843601 0.00502864635831068 0.106873391378763 0.0154919077467346 0.218839514244464 0.357706949616727 0.344335957071169 0.478857520180055 0.386321698478031 0.386310673868727
-9999 -9999 -9999 -9999 -9999 -9999 -9999 -9999 -9999 -9999 -9999 -9999 -9999 -9999 -0.131113435741804 -0.0846229411981997 -0.0723142927435508 0.0108011239462925 -0.0920199014666775 -0.0522091303407353 -0.0407059975530002 -0.015431942632844 -0.0548975538611389 -0.0582269824133098 -0.00394093896482457 -0.0241201571836594 -0.0207860238393308 -0.0229988413139376 0.00577467253677692 0.0277490371770696 0.0179775829161976 -0.00344517441991207 -0.115227160830702 -0.124004245598289 -0.154351807090505 -0.129198686132676 -0.187298802964667 -0.136771113793962 -0.080902340493109 -0.103558590783575 0.00502277817661044 -0.0868481784942345 0.359997221579853 0.390115951028101 0.525321486968815 0.462918284416236 0.311835048794447 0.239473024404996
-9999 -9999 -9999 -9999 -9999 -9999 -9999 -9999 -9999 -9999 -9999 -9999 -9999 -9999 -0.160934748296301 -0.0765719118204428 0.0240455578335598 -0.101925501837653 -0.118231446162087 -0.0414909515550173 -0.0168333219085788 -0.033799722009319 -0.0408074850840539 -0.067420391144174 -0.0246654036605227 0.000663623113913802 -0.00776542433285613 -0.00407758218296458 0.0500454269873266 0.108667715291521 0.0779186779514903 0.0180571904276275 -0.0946444743033994 -0.153568105053456 -0.153747355756605 -0.178503687871171 -0.148588611614828 -0.112782458684307 -0.102748287135804 -0.133042929709493 -0.0724039151074948 0.186321229979999 0.252054133546928 0.154740310649916 0.244148395814549 0.213278787517007 0.176626017532733 0.0963506191757228
-9999 -9999 -9999 -9999 -9999 -9999 -9999 -9999 -9999 -9999 -9999 -9999 -9999 -0.137270525750708 -0.15810032944076 -0.0919460533731799 -0.0917641191293005 -0.100973289063505 -0.0315800727161488 0.00146916139617434 -0.00014487478335937 -0.00178592138426913 -0.0248260888812931 -0.00791547514206597 0.0281837450275482 0.00165204026262107 -0.0315357461775509 0.0173799914283154 0.07660269784721 0.0744115393838926 -0.0148488996432938 -0.0574856276083929 -0.136809323882134 -0.148641762429273 -0.143765561062284 -0.169599067876076 -0.148612741855208 -0.131634989175993 -0.101202274858465 -0.0550400569786465 0.0132002806508335 0.108098146097232 0.160084952509585 0.163368495157083 0.260846537700561 0.2259447693285 0.192980630767487 0.183675102973274
-9999 -9999 -9999 -9999 -9999 -9999 -9999 -9999 -9999 -9999 -9999 -9999 -9999 -0.0646225896593973 -0.0668083682336564 -0.0964771933958021 -0.122049909806636 -0.0651914095110235 -0.0900572712951916 -0.0453987919887366 0.0183587034044445 -0.0352131648832858 0.0850565863651779 0.0640721662059054 0.0377838265140533 0.000848806387569985 0.0353656551793117 0.0722104856289632 0.124562716149721 0.10038370180324 -0.0520097620352777 -0.141187731628737 -0.140773422735903 -0.167974589761343 -0.125479142945455 -0.132977062030796 -0.132482147129109 -0.114335455796874 -0.0969061043198932 0.00957003141270264 0.163438099079521 0.156537677286175 0.275371515313872 0.35766738143115 0.313000617505181 0.249703501814968 0.257520508858063 0.252297630061864
-9999 -9999 -9999 -9999 -9999 -9999 -9999 -9999 -9999 -9999 -9999 -9999 -9999 0.0639812639967247 -0.0325141029241548 -0.040945658309052 -0.0449141650392274 -0.0749841822570258 -0.039693782181957 -0.0107542152929832 0.00724429330156496 0.0485898907127348 0.0725595779593049 0.128670157333503 -0.0264152265545596 0.0809799552543316 0.122051249746591 0.07956007784224 0.159696350683098 0.151215739072181 -0.021664219340097 -0.0667700727891943 -0.0867029938438832 -0.0692387295714804 -0.0646824469852603 -0.0879289007383821 -0.0968358826870438 -0.091409583857663 -0.0521038201955207 0.0239172755016752 0.103917925053497 0.246077833813502 0.33017697447946 0.368453824932206 0.38761486719676 0.35326489341192 0.321984063454076 0.247557749094519
-9999 -9999 -9999 -9999 -9999 -9999 -9999 -9999 -9999 -9999 -9999 -9999 0.0258190983939082 -0.124574280394469 -0.0726589775849919 -0.0414691893050503 -0.00830845139800167 -0.0435769423006093 0.0174270565643831 0.0190819864446634 0.10174329651175 0.212943550972039 0.24131721657868 0.24137590943291 0.304002780831035 0.30792542757471 0.287673847878018 0.252546450800566 0.13932043516712 0.0625536723289912 0.0024677356513005 -0.0530927366757133 -0.0769687013025254 -0.0250589820374447 0.0365406158292955 -0.0541357809527925 -0.0857736395589685 -0.101444234070543 -0.0370424574553288 -0.00747514072396337 0.0252668623175259 0.319877758194082 0.38718792872882 0.406268312517109 0.380579510278562 0.343829916310456 0.316906682111473 0.296195607515966
-9999 -9999 -9999 -9999 -9999 -9999 -9999 -9999 -9999 -9999 -9999 -9999 -0.00626074777250984 -0.0578492497833262 -0.0582429273820511 -0.0148626062205019 0.0447136288263914 -0.0179598258401509 0.0318815173206475 0.11057265277276 0.143668109365076 0.192505874125787 0.284239020242176 0.356321011924621 0.335753726015135 0.294146558150075 0.35280028287194 0.181995906918207 0.0936676742498181 -0.0331535669442935 -0.0122063829038867 0.0387986076892132 0.0172356557465346 0.0871467598509256 -0.0226722922683805 -0.0140255925310836 -0.0763066286642581 -0.0461916582787375 -0.0356350139182955 0.0215221085894968 -9999 0.322566537537217 0.281560499536741 0.334333951927483 0.189300442363829 0.204098539769351 0.177273965776492 0.150234422968007
-9999 -9999 -9999 -9999 -9999 -9999 -9999 -9999 -9999 -9999 -9999 -9999 0.0291722936692997 -0.0134206060293189 -0.039427253112015 0.0235531672287584 0.0390567711064518 0.096356220774345 0.0336478111168724 0.0703136007886874 0.155844543024629 0.23869651662486 0.347829403998221 0.309645545564661 0.314504638709899 0.412315800134692 0.426994802196064 0.187649173320791 0.221613197201282 0.171265216343598 0.234887405296843 0.0490548724118003 0.07039393135607 0.051365475484574 0.0317033939072978 0.00820246679182681 -0.128716881644334 -0.100528909283851 -0.0275336064097982 0.126506399838574 0.266007726410185 0.201406555949901 0.173899529764594 0.153219038722684 0.140931474156452 0.121239551943263 0.147270252885603 0.186652620137832
