data/rasters/s3.17.05.li.1_xyz_08_.asc
NCOLS 100 
NROWS 100 
XLLCORNER -4 
YLLCORNER -4 
CELLSIZE 0.08 
NODATA_value -9999 
[rows 21 to 41 of 100, columns 0 to 46 of 100]
-9999 -9999 -9999 -9999 -9999 -9999 -9999 -9999 -9999 -9999 -9999 -9999 -9999 -9999 -9999 -9999 -9999 -9999 -9999 -9999 -9999 -9999 -9999 0.0290183003582746 0.0319940260121997 0.0281012550406701 0.0891609755623591 0.0711481066802764 0.147909796088531 0.18566128165363 0.0611440608645184 -0.0614546405288182 -0.0847894475298566 -0.0350090717721174 -0.0498748672565516 -0.0700785085045421 -0.034923076863629 -0.00153534730449317 0.0691618960518069 0.0490548182715465 0.0173133290987402 0.00649331795568792 0.0393793070498784 -0.0190662939360117 -0.00359456868954789 0.0149788865465764 0.0271820889129237
-9999 -9999 -9999 -9999 -9999 -9999 -9999 -9999 -9999 -9999 -9999 -9999 -9999 -9999 -9999 -9999 -9999 -9999 -9999 -9999 -9999 -9999 -0.0356693054773459 0.0152532185172903 0.0503060985446059 0.0498315656852219 0.115196323891347 0.0706715005509308 0.0857255523039971 0.163784925777492 0.0554230711141713 -0.0656551390859449 -0.0259043295118793 0.036474505360865 -0.00220402529089593 -0.0407275870866912 -0.0171861024397702 -0.0535710919583283 -0.00637466177586772 0.0241497946649031 0.0402312029743062 0.0419419391771293 0.0383694843307527 0.00812050568965703 -0.0133906079738856 -0.0503498889198345 0.0290743629846923
-9999 -9999 -9999 -9999 -9999 -9999 -9999 -9999 -9999 -9999 -9999 -9999 -9999 -9999 -9999 -9999 -9999 -9999 -9999 -9999 -9999 0.128441405450743 0.0345516914005998 0.00330949400622187 -0.017418266057832 0.0896407901717906 0.203819904372335 0.14659550846528 0.0352035566024392 0.0615656744883184 0.020621701293086 -0.0184357737483312 0.0312310479561002 0.0148145145952939 0.0715754021008134 0.00395575419237085 -0.00167789969475904 -0.0532411658030467 -0.0521382346700979 0.0264758881543543 0.0445126862678867 0.0159207098884053 0.0181857829617135 -0.0374508804306931 -0.217419946531933 -0.13857911190272 0.0529672658762653
-9999 -9999 -9999 -9999 -9999 -9999 -9999 -9999 -9999 -9999 -9999 -9999 -9999 -9999 -9999 -9999 -9999 -9999 -9999 -9999 0.0966862797696554 0.120157538375532 0.0887390974395263 0.016054984707761 -0.0267816383436521 0.0529805062915224 0.123481093473642 0.0845861048748748 0.0198082766885334 0.0222453548389657 0.0831178941975567 0.0165280977935641 -0.0123879984949008 -0.0227079316925407 0.0432001902294526 0.0197328990329533 -0.0384202290026102 -0.123202559547042 -0.0225776318878216 0.0637840645656656 -0.03320334189952 -0.0617969490045139 -0.0101077002796407 -0.12009227684779 -0.189536137994069 -0.182881253426956 -0.0273077209536563
-9999 -9999 -9999 -9999 -9999 -9999 -9999 -9999 -9999 -9999 -9999 -9999 -9999 -9999 -9999 -9999 -9999 -9999 -9999 0.0978021491451986 0.0991163793355379 0.107453553198677 0.131126858167494 0.0253550339119523 -0.0431579167549287 -0.0600859736158095 0.0105008226709612 0.0248976089925492 0.00999059372759574 0.0184032387761695 0.0580245906092889 0.0333972367022708 0.0229447629032267 -0.069229744686943 0.0813564153784263 0.0191214760254132 -0.0586076171293211 -0.0925524233432882 -0.092482416804973 -0.0511901604514899 0.00731886900044292 -0.0206554899345757 -0.0134077336209402 -0.139874602088547 -0.144934546825877 -0.167625695424186 -0.128151476026732
-9999 -9999 -9999 -9999 -9999 -9999 -9999 -9999 -9999 -9999 -9999 -9999 -9999 -9999 -9999 -9999 -9999 -9999 -9999 0.019504034818023 0.0687480169326934 0.0481396233913125 0.0677110155989791 -0.00876621762722826 -0.0818764261281443 -0.0689119883433717 -0.0601027037433101 -0.0378804500276747 -0.0519787519219157 0.0030426012656699 -0.00792149603479921 0.0375938448498039 0.0269976896547553 -0.04317214323262 -0.0196776987116499 0.00445561119602053 -0.0425660222917806 -0.0772268329162889 -0.0967210874775324 -0.0622337950178998 -0.0705623843996155 -0.0278017557190797 -0.0661642746311745 -0.125497058208091 -0.195868385471695 -0.188335926731553 -0.218911679765143
-9999 -9999 -9999 -9999 -9999 -9999 -9999 -9999 -9999 -9999 -9999 -9999 -9999 -9999 -9999 -9999 -9999 -9999 -0.0637496562344738 -0.022039878730506 0.0193754503837554 0.00829641517741649 -0.0470422008365743 -0.0801023777954735 -0.0937567358675774 -0.0551277945931774 -0.0701550097748608 -0.0616483983416455 -0.0624421933478353 -0.134262094309919 -0.0619320830470776 0.0487713750316771 0.0114164131047043 -0.0497975245125078 -0.0499407772351303 -0.00925981560220403 -0.0304577762547401 -0.0514800456839575 -0.175214034198044 -0.200809296323448 -0.189864410840303 -0.116062187297996 -0.126972105134613 -0.124802882657345 -0.217656966354525 -0.227495657919712 -0.250150801847825
-9999 -9999 -9999 -9999 -9999 -9999 -9999 -9999 -9999 -9999 -9999 -9999 -9999 -9999 -9999 -9999 -9999 -0.0826943254738177 -0.0567320852951678 -0.0415501854125479 -0.00984740648142804 -0.0117624793889693 -0.0311745688036047 -0.0657323551417425 -0.0629866854820641 -0.0438628235586796 -0.0846631999741663 -0.0565894878718302 -0.0842992361845885 -0.117862394255937 -0.052052192349961 -0.0768362349848188 -0.053685133763508 -0.0893611259380195 -0.0782024004748684 -0.0715758620145272 -0.101733014372237 -0.147460929533464 -0.18275509296223 -0.198511817898811 -0.217596617921973 -0.20946744490963 -0.186525822154421 -0.110722600030888 -0.174041188592023 -0.215028774523421 -0.276178767855218
-9999 -9999 -9999 -9999 -9999 -9999 -9999 -9999 -9999 -9999 -9999 -9999 -9999 -9999 -9999 -9999 -9999 -0.0834050339752938 -0.0434373809480003 -0.0246142537591187 -0.0459074149585224 -0.143142532676405 -0.148394028110005 -0.0803996946934886 -0.0392503133445411 -0.102894637125865 -0.134542408254796 -0.0909695817770305 -0.129687913556145 -0.164441860105168 -0.0874458910376997 -0.0736401098998718 -0.0952136547742575 -0.12478063393036 -0.116784386487735 -0.109414147833809 -0.0987080861697525 -0.0677743223666442 -0.140065390098939 -0.200818585836205 -0.193360422360384 -0.179064533407893 -0.177820767033779 -0.184795734076782 -0.271919533866201 -0.290211016562057 -0.253286226337536
-9999 -9999 -9999 -9999 -9999 -9999 -9999 -9999 -9999 -9999 -9999 -9999 -9999 -9999 -9999 -9999 -0.143227969564343 -0.124097582382835 -0.0689523437099864 -0.0644133489872157 -0.0961448653268687 -0.185976904559201 -0.157266726197593 -0.119298489880669 -0.030663234238369 -0.0722710492617409 -0.119117436004103 -0.140635521524207 -0.238255487924271 -0.196722170318546 -0.108116097604448 -0.12967548765374 -0.139874972773233 -0.110454643109379 -0.121727804315758 -0.136414999060809 -0.14899632423801 -0.0716644616982192 -0.108198513690152 -0.192128140324104 -0.174477696818049 -0.156009738743747 -0.149167600247672 -0.200835101124082 -0.275954500647911 -0.313208472081575 -0.307830639383039
-9999 -9999 -9999 -9999 -9999 -9999 -9999 -9999 -9999 -9999 -9999 -9999 -9999 -9999 -9999 -0.0586661686620521 -0.0754282788923799 -0.117262014727652 -0.0498468646990486 -0.0637603298167067 -0.14603249036218 -0.190346272300973 -0.165075263874653 -0.105731397557397 -0.0877531967278978 -0.113779425250338 -0.139270950652209 -0.250943855973417 -0.266997753632277 -0.223463910790733 -0.151914650492925 -0.149644237020034 -0.141677744271697 -0.101291955415115 -0.0808607536604296 -0.0960462805737179 -0.0924083973046399 -0.0469534977285298 -0.0511341384728208 -0.0884454354263256 -0.0558108642286789 -0.121599183309772 -0.249559886182258 -0.226520700642428 -0.272690943001635 -0.303470134960776 -0.304403073360446
-9999 -9999 -9999 -9999 -9999 -9999 -9999 -9999 -9999 -9999 -9999 -9999 -9999 -9999 -9999 -0.08229900758354 -0.0919673308150399 -0.200027087059717 -0.158880576616583 -0.123044586136268 -0.153068388618871 -0.146856750950449 -0.120574075642461 -0.0750111833576573 -0.0696203194764914 -0.0309913146053128 -0.14753727489883 -0.232578015256121 -0.202649328909902 -0.15941705493067 -0.124180251362054 -0.108460788707692 -0.122371618218937 -0.0566114691768798 0.00546979992675807 -0.0288875713443938 -0.0213607429352304 -0.0342893726388689 -0.0174573601548024 0.0218957486903494 -0.0103060784416577 -0.0519189266058566 -0.272280794489759 -0.287604670649415 -0.303169232105936 -0.24277256515199 -0.266518202291441
-9999 -9999 -9999 -9999 -9999 -9999 -9999 -9999 -9999 -9999 -9999 -9999 -9999 -9999 -0.0717968186573397 -0.129621462062353 -0.142394295574577 -0.187632507319756 -0.197207987968258 -0.203931891088458 -0.166654185174551 -0.11159538373726 -0.104152487012401 -0.0879704472087827 -0.0363319630997614 -0.00335412100804288 -0.0895285952867304 -0.208124321879947 -0.240154076857874 -0.0721244671626152 -0.0766118993366093 -0.0711161762233113 -0.0969482646844078 -0.063824678338226 -0.0415863274794806 -0.0611800297709841 -0.05063655983094 -0.0347301830725987 -0.0758766491560446 -0.0691052595489578 -0.0740696438006306 -0.188530287277318 -0.306408345544871 -0.273589042595875 -0.235466612897363 -0.200153729329697 -0.161698113794175
-9999 -9999 -9999 -9999 -9999 -9999 -9999 -9999 -9999 -9999 -9999 -9999 -9999 -9999 -0.0989284427606588 -0.133077658027393 -0.143340443488897 -0.184264733736025 -0.238495257811702 -0.25148185376417 -0.186283242005221 -0.139031929045958 -0.145983826852466 -0.09397825142512 -0.0873397275369802 -0.0817153055109224 -0.109840167610829 -0.0796626248431288 -0.0269716469019445 -0.0142782163074962 -0.0370295918386257 -0.0552392707524336 -0.116501019980812 -0.0464986722884532 -0.0156341409237302 -0.047869426627946 -0.0360562907723945 -0.0713452676302677 -0.108763804093584 -0.108082809223977 -0.123139008366407 -0.210192591542997 -0.236845532093053 -0.228667511442793 -0.166633912247943 -0.17557714841726 0.0462637061640579
-9999 -9999 -9999 -9999 -9999 -9999 -9999 -9999 -9999 -9999 -9999 -9999 -9999 -9999 -0.10206246670294 -0.140245047306788 -0.133697502933297 -0.143000531705787 -0.226226230940445 -0.222550185180744 -0.123607966505871 -0.0886191852872282 -0.108576484801271 -0.115824280962726 -0.0842874153063079 -0.120891796060187 -0.124861692322125 -0.0695614393533325 -0.0175378879024158 -0.0847601624681886 -0.0439676144907508 -0.0768342254605867 -0.109882103137923 -0.126802029094418 -0.0857640295355751 -0.0267890974475946 -0.0206356141640652 -0.0657980295770961 -0.093733566514543 -0.0914277141917644 -0.104516083252559 -0.20141649856704 -0.184563277045789 -0.0809709247929265 -0.158212880484901 -0.146727366055962 0.15364366776063
-9999 -9999 -9999 -9999 -9999 -9999 -9999 -9999 -9999 -9999 -9999 -9999 -9999 -0.121920045711534 -0.0994415359597779 -0.113908548360426 -0.128282624418435 -0.199227229626714 -0.197989706676768 -0.061739166610419 -0.0536849036758517 -0.103125645629695 -0.102104366386334 -0.0603172451154682 -0.071201460157031 -0.051713900922879 -0.0607223969345284 -0.102634798492912 -0.0994660687511969 -0.112843452554794 -0.122177652743452 -0.112731004262368 -0.155027818359215 -0.191584608336419 -0.125904327738611 -0.0587758338774044 -0.0529102228486442 -0.0308413246985418 -0.0758997895182808 -0.0816181825390949 -0.0987372234550072 -0.0652924347050365 -0.075437214922267 -0.0912490342730376 -0.0622374664404621 -0.0841294102568099 0.149626249603438
-9999 -9999 -9999 -9999 -9999 -9999 -9999 -9999 -9999 -9999 -9999 -9999 -9999 -0.0982567910301078 -0.0730654361932873 -0.0683242011067834 -0.122250811169048 -0.208231717341942 -0.217776505072664 -0.0687721371318266 -0.0112281872001509 -0.114331387717829 -0.110841308644805 -0.0198827626540626 -0.0222953398977332 0.00761558706330339 0.00731998575279926 -0.0704402147250134 -0.117350619822777 -0.142719578763568 -0.123594182525227 -0.0889853376510199 -0.149417319310503 -0.165959320637049 -0.199194923523325 -0.118393026428103 -0.0738140318606562 -0.128053335196573 -0.15333789667692 -0.101716762903634 -0.0649397690259229 -0.0695449193327409 -0.1037162343481 -0.01875850219062 -0.0358957859126192 -9999 -9999
-9999 -9999 -9999 -9999 -9999 -9999 -9999 -9999 -9999 -9999 -9999 -9999 -9999 -0.0743855747811276 -0.0881217378854776 -0.0989370701984718 -0.103485409455238 -0.196120382606088 -0.233517602814586 -0.0582908946536308 0.0155197758648091 -0.120249535615017 -0.00773676222219617 0.00122391074170841 -0.0203666386022989 0.00496529017557703 -0.0179521155561096 -0.0594208623639651 -0.0990323317925337 -0.108517968777203 -0.112894755698269 -0.0992750735427758 -0.132249120372279 -0.112677133873816 -0.149342908106798 -0.105416275987484 -0.14162188189364 -0.176376984793976 -0.156027443004313 -0.0976586873638776 -0.106332709713323 -0.121372035301436 -0.151566075934455 -0.0746071392030573 0.0137567047262836 -0.0372676795474419 -0.0195781591684656
-9999 -9999 -9999 -9999 -9999 -9999 -9999 -9999 -9999 -9999 -9999 -9999 0.00183799312343449 -0.0686075881166396 -0.110193183910179 -0.104203259455634 -0.10862525616551 -0.135120472922459 -0.197023677935986 -0.0790770113793198 0.0416512816349439 0.0370808108152674 0.0541836119855612 0.104285019645884 0.11807067699233 0.0180087564740154 0.0105114317561284 -0.002892290421167 -0.0328171663115953 -0.0807083042815928 -0.0792141076717323 -0.0905519354310121 -0.0609614295967636 -0.0154080994183254 -0.085982368232266 -0.135977013850754 -0.143444755728541 -0.183796101078388 -0.173535271391677 -0.158764975975302 -0.182368347489605 -0.143353358693587 -0.0831470377613098 -0.0692995243577943 -0.1208322879685 -0.137711178051952 -0.0675041861943815
-9999 -9999 -9999 -9999 -9999 -9999 -9999 -9999 -9999 -9999 -9999 -9999 0.0447846233727139 -0.0707548002353443 -0.120114362357735 -0.081732088017774 -0.0764649547052915 -0.0922152298036567 -0.0584487485456167 0.0749785092340407 0.126690968125523 0.0753284982202589 0.0321440950310958 0.00741564026641055 0.10085590281141 0.0488658412969368 0.0633434465661162 0.0462068395411731 0.0102309087290317 0.0907358443074746 0.0498892241387774 -0.0165482381093412 0.115938533464063 0.0831911384920481 0.0227584879862196 -0.107019179639633 -0.181442713123187 -0.20839970500087 -0.226224654593841 -0.186291574247384 -0.14928974616471 -0.0725467217344922 -0.0837901371505977 -0.0712355737338521 -0.127553014661445 -0.0871487381986376 -0.0506461809466631
-9999 -9999 -9999 -9999 -9999 -9999 -9999 -9999 -9999 -9999 -9999 -9999 0.0194414744258907 -0.0864975642331091 -0.151879931878083 -0.0647475930047022 -0.0657341595962497 -0.0900099663028977 0.089421905722882 0.0933054470539529 0.227241505976191 0.0590053696685033 -0.0436055924919287 -0.0387910071773664 0.0411433022695481 0.138074555359648 0.081729995796724 0.0706188896128781 0.054761566620496 0.0185120154351792 -0.00099463833786408 0.00140375283454782 0.160018769810331 0.0675261915481003 0.0211663105757227 -0.092681976188182 -0.154544056941472 -0.191113339667727 -0.190210949585513 -0.204095213333946 -0.112970530533532 -0.0925202750984974 -0.0858385817883038 -0.101982501108269 -0.143171357911581 -0.114568453168309 -0.119994375853919
