data/rasters/s3.15.06.li.1_xyz_08_.asc
NCOLS 100 
NROWS 100 
XLLCORNER -4 
YLLCORNER -4 
CELLSIZE 0.08 
NODATA_value -9999 
[rows 22 to 43 of 100, columns 0 to 49 of 100]
-9999 -9999 -9999 -9999 -9999 -9999 -9999 -9999 -9999 -9999 -9999 -9999 -9999 -9999 -9999 -9999 -9999 -9999 -9999 -9999 -9999 -9999 -0.296661994887874 -0.279160262859711 -0.246653555956879 -0.238799406901302 -0.20727679317073 -0.149357080388427 -0.0661630263708156 0.152971965907064 0.234927462310272 0.317861199736336 0.0824558017182052 -0.0820271920773173 -0.0890227570355352 -0.125977700083147 0.0374534448081997 0.0764021877394562 0.0476338780951903 0.0372285653333162 0.0507683211551394 0.0231094028254666 0.00194863883051751 0.0121801146205033 -9999 0.43057318883478 0.335950478572588 0.190372372694806 0.112753651741428 -0.00903225997818729
-9999 -9999 -9999 -9999 -9999 -9999 -9999 -9999 -9999 -9999 -9999 -9999 -9999 -9999 -9999 -9999 -9999 -9999 -9999 -9999 -9999 -0.246157953959062 -0.254747335636542 -0.221397983675858 -0.265474170117567 -0.218221220078414 -0.229596972684443 -0.160783613019132 -0.133094736477403 0.167801852661582 0.202064889267286 0.237086493576467 0.0477205631247807 0.0175543298126171 -0.0780533147893966 -0.0657582733730846 -9999 0.0295265771890456 -0.257115485001352 0.0251120447154007 0.0184297827242738 0.0271697994686481 -0.0692571106058091 0.373189325833705 0.346371956099254 0.43008902515993 -9999 0.202909865529976 0.195453678429829 -0.0894723431685542
-9999 -9999 -9999 -9999 -9999 -9999 -9999 -9999 -9999 -9999 -9999 -9999 -9999 -9999 -9999 -9999 -9999 -9999 -9999 -9999 -0.339869338120605 -0.30802246865198 -0.260371909869006 -0.213031067135975 -0.16866427615403 -9999 -0.0212771013279779 -0.261629896972907 -0.13851786203128 0.109707594997602 0.0439297891363903 0.0700142918682596 0.0326452698003306 -0.0274690777017567 -0.0952761164195247 -9999 -9999 -0.190811832368952 -0.245767854489959 -0.163319339383266 0.058078153693855 0.0358843505462827 -0.00352569604857776 -0.0197544210323864 0.173592698570839 0.141712943975339 0.300283709285837 0.204648911025741 0.259116533336078 0.334336188564665
-9999 -9999 -9999 -9999 -9999 -9999 -9999 -9999 -9999 -9999 -9999 -9999 -9999 -9999 -9999 -9999 -9999 -9999 -9999 -0.10089397468422 -0.191783457252992 -0.229875167460307 -0.286407390590131 -0.256200945494397 -0.0573869999514735 0.00359262855107448 0.049154976794159 0.109373654894183 -9999 -0.230310115678397 -0.194091644120166 0.110295989457479 0.107074676366715 0.0709589024374142 -9999 -9999 -0.306528199479059 -0.270498857151063 -0.281231019278711 -9999 -9999 -9999 -9999 0.260745913684311 -0.0112184193910959 -0.115662320414469 -0.11417512039167 0.0593568302778601 -0.0495570945900021 0.0369795668252349
-9999 -9999 -9999 -9999 -9999 -9999 -9999 -9999 -9999 -9999 -9999 -9999 -9999 -9999 -9999 -9999 -9999 -9999 -9999 -0.171633236819578 -0.200317180066278 -0.0866604977441264 -0.0607075456980192 -0.14213766800187 -0.0304407063143483 0.0420210734444047 0.100194216057612 0.0820766754956297 -9999 -0.225831722217054 -0.185495539496406 -0.0806509437817847 -0.314215531053626 -0.306733152486388 -9999 -0.298513660506966 -0.326557918761786 -0.292475800457825 -0.279383471506782 -0.273261318608623 -9999 -9999 -9999 -0.153231358819426 -0.141860729103608 -0.106246518961612 -0.129525612440021 -0.152937363646754 -0.0252427035122534 -0.0275075334362457
-9999 -9999 -9999 -9999 -9999 -9999 -9999 -9999 -9999 -9999 -9999 -9999 -9999 -9999 -9999 -9999 -9999 -9999 -0.111163300012072 -0.125183071448529 -0.152040276489709 -0.01477999921016 -0.020892830841453 0.0106098073570461 0.0565588096993428 0.0424766659286917 0.114243362111744 0.138990412086959 0.158010427723351 0.120784376250583 -0.126463163269992 -0.175728806974893 -0.299786685267418 -0.300957867647173 -0.245371973047342 -0.292381099432361 -0.314197841771433 -0.284151019363539 -0.265335249818439 -0.194658590102364 -0.132076093238691 -9999 -9999 -0.248544218048515 -0.191269755641143 0.107483730398619 -0.1034628557606 -0.0608948763088047 -0.0127929377983648 -0.0715831614807341
-9999 -9999 -9999 -9999 -9999 -9999 -9999 -9999 -9999 -9999 -9999 -9999 -9999 -9999 -9999 -9999 -9999 -0.0694251128185144 -0.111239681956465 -0.138022215295984 -0.0102282978687137 0.00748872166503003 0.0363522138432145 -0.143883005457672 -9999 0.0332909215490221 0.101500782299015 -9999 0.184976386408705 0.196986883413139 -9999 -0.270370318774134 -0.244928727188168 -0.231851090139102 -0.317800913135152 -0.321803814088981 -0.322000382722106 -0.292130078560238 -0.222918655984376 -0.147317206737852 -0.155859329358108 -0.101104188641998 -0.234324635327286 -0.21216223185241 -0.187964306270189 -0.164955004669931 -0.17383507654151 -0.0456171380683183 -0.0805459154033103 -0.017092087737433
-9999 -9999 -9999 -9999 -9999 -9999 -9999 -9999 -9999 -9999 -9999 -9999 -9999 -9999 -9999 -9999 -9999 -0.146513040961636 -0.0768368090664996 -0.099833559720322 -0.02105535294463 0.0223759345559898 0.0126661219821399 -0.00579374647703112 -0.0612944255493128 0.0653741067721773 0.0987903597026217 0.128692486880747 0.068846027581779 0.318191662688196 0.304213655421531 -0.267274862013013 -0.273012867036092 -0.323676810305994 -0.339443529295326 -0.308937951172782 -0.326170217036544 -0.301051975694358 -0.269157657439737 -9999 -0.0172098854759254 -0.121876496142627 -0.232321234061544 -0.219056086228341 -0.152672446705211 -0.181087991638734 -0.155734543844092 -0.0974907209485967 -0.103418546645694 -9999
-9999 -9999 -9999 -9999 -9999 -9999 -9999 -9999 -9999 -9999 -9999 -9999 -9999 -9999 -9999 -9999 -0.157449726666278 -0.21388391055082 -0.131599571071684 -0.109122265123031 -0.104178205473456 -0.172418474077188 -0.173687373231774 -0.064112017661409 -0.0323948429669486 0.115188481197592 0.0939229548187661 0.0926719452072091 0.0458473781173705 -9999 -9999 -9999 -9999 -0.355201128708199 -0.306915376047118 -0.306799528065186 -0.277285926485805 -0.364259766776395 -0.183551917589913 -0.169091152601058 -9999 -9999 -9999 -9999 -0.176286585614503 -0.166683753582164 -0.09361216852637 -0.0912547582498062 -0.102097517920491 -0.0901053620604151
-9999 -9999 -9999 -9999 -9999 -9999 -9999 -9999 -9999 -9999 -9999 -9999 -9999 -9999 -9999 -9999 -0.0383690820602998 -0.252539148171248 -0.220133848094126 -0.174785375135059 -0.224132940883177 -0.202316670815834 -0.137436441349146 -0.060761003628822 0.00253286088270808 -0.0875443785513052 -0.008077714498319 0.0365626612897318 0.0746748333733063 -9999 0.170856232385439 -9999 -9999 -0.219515737427868 -0.21942129210102 -0.184277263503808 -0.217526937237159 -0.228541571930944 -0.158641281391636 -0.18548627372505 -9999 -9999 -0.167191796531156 -0.152091617484804 -0.215147622157718 -0.215242648999824 -0.062620656831459 -0.128486617342171 -0.131786648781593 -0.130916803837299
-9999 -9999 -9999 -9999 -9999 -9999 -9999 -9999 -9999 -9999 -9999 -9999 -9999 -9999 -9999 -0.104946042091747 -0.0655753945287769 -0.0562216501857332 -0.176176103648471 -0.175151998474849 -0.222191959892458 -0.173595935302562 0.085312521308517 -0.0189276398274723 -0.0231567749064012 -0.0457915490577735 0.00967424072862372 -0.00511925813374107 0.0490834496271165 0.0404747155519219 0.0171740677534685 0.0281157071475128 -0.144710715811045 -0.224731532845011 -0.214450885120566 -0.169014207740872 -0.275002075302847 -0.252928643093266 -0.168145012475826 -0.230019629274935 -9999 -0.276516767945974 -0.281731167572407 -0.172805738049083 -0.128649084846963 -0.0790572974375871 -0.0404314809835289 -0.308945647412502 -0.266336489001421 -0.00737503999282066
-9999 -9999 -9999 -9999 -9999 -9999 -9999 -9999 -9999 -9999 -9999 -9999 -9999 -9999 -9999 -0.0843979049169113 -0.155912893300507 -0.167850327657616 -0.135636694377151 -0.169986600292319 -0.163776287271693 -0.123805876753804 -0.0164004345949174 -0.0328423296176847 -0.0151629159748771 0.213765455587356 0.201607472045377 0.0383269017209712 0.032344230847707 0.00797264354067457 -0.0529073496973138 -0.0168442191856509 -0.114246083613638 -0.158592516679819 -0.19396604472498 -9999 -9999 -9999 -9999 -9999 -9999 -0.201552099066708 -0.29447376454282 -0.286185657181346 -0.333510778368041 -0.179941425718293 -0.195729428571433 -0.292053722004997 -0.198862925772196 -0.121672969537631
-9999 -9999 -9999 -9999 -9999 -9999 -9999 -9999 -9999 -9999 -9999 -9999 -9999 -9999 -0.0969094145705226 -0.102963229495837 -0.0795636183255286 -0.145433350272388 -0.164622655699079 -0.195459972980574 -0.177024312245008 -0.0889753265117445 -0.068286146595137 -0.0740833367315374 -0.0882608719830861 -0.0381980259302858 0.0919602268483592 0.0344145986675297 0.0511260950413998 0.0187807853461797 -0.0274018721350149 0.0212794523169048 -0.0498160876192263 0.0704793325942053 -9999 -9999 -9999 -9999 -9999 -9999 -9999 -0.306273886678614 -0.24131259846702 -0.299357270309247 -0.274632312884208 -0.1907195094646 -0.342288930762958 -0.147614733503729 -0.274755801573921 -0.183112395429656
-9999 -9999 -9999 -9999 -9999 -9999 -9999 -9999 -9999 -9999 -9999 -9999 -9999 -9999 -0.0628231348501667 -0.163277115345553 -0.126959197048005 -0.109815240059651 -0.140019547499327 -0.205002773144678 -0.117889817751851 -0.0866390611546007 -0.0826990673660596 -0.10328977502701 -0.0381831806266477 -0.00465954674390322 0.142769957168326 0.120891862995552 0.0508476519628769 -0.00155175494190297 0.0778497042368464 0.0453548087989594 0.0465775695113417 -0.00970312592081349 -0.0371825125190386 0.098116504548634 0.0822070685685078 0.0528311025082355 0.0051305801570814 0.013204179975081 -9999 -9999 -0.412960863704641 -0.416369815612639 -0.249354489508589 -0.382500628430973 -0.35607714013058 -0.303676781075048 -0.324310789358137 -0.322292054800613
-9999 -9999 -9999 -9999 -9999 -9999 -9999 -9999 -9999 -9999 -9999 -9999 -9999 -9999 -0.156066697284267 -0.125910999492778 -0.141672413659782 -0.0639006333031385 -0.138972741091459 -0.13000310639189 -0.0206801418495754 0.011001182998284 -0.0180162694960943 0.0393208674566575 -0.0433674080926671 -0.0286961337179147 0.167985078512827 0.134727242682299 0.186751450154915 -9999 0.106077134465558 -9999 -9999 0.0634091653401581 -9999 0.0886476264908342 0.0825562576909495 -0.00603990876729511 -0.216617965985882 -0.173094362724857 0.0729909615548179 -0.366088209194569 -0.383012081263473 -0.413475249379864 -0.373692415833886 -0.374978275053841 -0.343339000448825 -0.0719489077402988 -0.108989333841643 -0.117550977876525
-9999 -9999 -9999 -9999 -9999 -9999 -9999 -9999 -9999 -9999 -9999 -9999 -9999 -9999 -0.0378079301681284 -0.0842761375693613 -0.072296693552231 -0.072874143899585 -0.0296529932596647 -0.0554846512658813 -0.137940981190013 -0.0517046364602777 0.0136446296751616 0.130670804340283 0.13110742281177 0.131484829207169 0.105788418392988 0.155165599225887 0.0907728892836793 -9999 -9999 -9999 -9999 -9999 -9999 0.0916013358062232 0.0616969769514038 -0.268001722846182 -0.364424166500352 -0.268097172750668 -0.0241595492481632 -0.416323922851064 -0.364497577182006 -0.42735529339598 -0.404673471986654 -0.368619831132148 -0.293755523184085 -0.138954636771299 -0.130544187999614 -0.333077084453483
-9999 -9999 -9999 -9999 -9999 -9999 -9999 -9999 -9999 -9999 -9999 -9999 -9999 -9999 -9999 -0.10741316793524 -0.0791710324417232 -0.0209678539265524 -0.0435975468429425 -0.0550400992646089 -0.0944765738155121 -0.172275997683518 -0.0457526225825367 -9999 -9999 0.175960904392571 0.179966013381764 0.184915274282637 0.173076454296751 -0.121962900656231 -9999 -9999 -9999 -9999 -9999 0.0851499205676163 0.0756903500794756 -9999 -0.396154282647323 -0.329073151930878 -0.393518519937066 -0.336460203808927 -0.324987578316195 -0.313783657954594 -0.410731877800044 -0.388913081627785 -0.308655968354164 -0.283017276032297 -0.337246488493201 -0.315323391896266
-9999 -9999 -9999 -9999 -9999 -9999 -9999 -9999 -9999 -9999 -9999 -9999 0.240023909391392 0.254063320317103 -9999 -9999 0.188476367700558 0.0212721963394108 -0.0329705828962525 -0.0337352748496315 0.0566597469712479 -0.15206209032175 -0.0258041818495065 -0.0109637651691582 0.0181523788708836 -0.00458973144143964 0.0103233317815913 0.0554712518091887 0.0997101823636385 -0.165068302712025 -0.170247122965326 -9999 -9999 -9999 -9999 -0.236885525739763 -0.164872905444203 -0.303911385010228 -9999 -0.394538552895998 -0.405587354588334 -0.380740724797816 -0.310341243069109 -0.370345872270584 -0.358795131254333 -9999 -0.368458765477837 -0.306273777912732 -0.236283071484678 -0.158399547675477
-9999 -9999 -9999 -9999 -9999 -9999 -9999 -9999 -9999 -9999 -9999 -9999 0.219639359592331 0.291197639010055 0.327125243240035 -9999 0.179179448390062 0.139033810759222 -9999 -0.0639893388036909 -0.0386221250182422 -9999 -9999 0.0332426997653919 0.0240982506303027 0.0307521816731292 0.0301012601962146 0.0884187173066595 -9999 -0.113686706545246 -0.106190362075724 -0.143251069132946 -0.300973685056185 -0.235378201107844 -9999 -9999 -0.274956470790221 -0.284825027537697 -0.289079322646087 -0.300299226812898 -0.292793560783353 -0.225566257762013 -0.259612018200344 -0.349520715067815 -0.36209468376359 -0.368760785009873 -0.310802865826834 -0.350905224598078 -0.219748229321637 -0.200322129995047
-9999 -9999 -9999 -9999 -9999 -9999 -9999 -9999 -9999 -9999 -9999 -9999 0.286396584235354 0.288561393101589 -9999 -9999 0.180027565666636 0.118947590812354 0.0320188484032217 -0.0581660147602972 -0.0220060228218708 -9999 -9999 -9999 0.0426359440053808 -0.00749495078019019 -0.00582517422515699 0.0690687853512329 -0.0795542430189511 -9999 -0.150138551668997 -0.291945183592719 -0.257178640728319 -0.260442347144444 -0.207705379797494 -9999 -9999 -0.284770571212201 -0.337668804184061 -0.267108456074023 -0.238124249156318 -0.225940820117117 -0.350418773230895 -0.380523858895461 -0.396409703171729 -0.289584442788803 -0.0762191827477849 -9999 -0.31931428760865 -0.254999264181835
-9999 -9999 -9999 -9999 -9999 -9999 -9999 -9999 -9999 -9999 -9999 -9999 0.322625071858538 -9999 -9999 -9999 0.214553957024661 0.173317013077878 0.128431339054745 -0.0364771322449442 -0.0266217473998164 0.019503523029246 -0.0515171736069478 -0.0269178226430681 0.0671905183615154 0.0107432853741201 0.0396873294292174 0.246516586047884 -0.0297169968612093 -0.0438375004841683 -0.158546212803292 -0.277304997537338 -0.350297273823278 -0.264843797584679 -0.18365607865856 -0.360066675802362 -0.265512842592193 -0.291712691210137 -0.27779945467522 -0.233188052328671 -0.0510583279502501 -0.224594319468773 -9999 -0.330454594319836 -0.303433782275566 -0.198280615083229 -0.0728932600575159 -0.0610092260378861 -0.0965449196373757 -0.138689993316167
-9999 -9999 -9999 -9999 -9999 -9999 -9999 -9999 -9999 -9999 -9999 0.487717666251846 0.398586708285849 0.403157739099411 -9999 -9999 -9999 0.0510510919177696 0.0893836153278371 0.0987622891689942 0.0214595718556669 0.0165948865703078 -0.0082798748673787 -0.0453625647720107 -0.00828623044386028 0.0322711808003913 -0.044939345535122 -0.0140851419760403 -0.193864666115136 -0.0634424297933933 -0.142818316319364 -0.294084703984621 -0.307535933458819 -0.380196222092137 -0.392542550095398 -0.376182657332436 -0.309467863066601 -0.289184633460579 -0.27711079395566 -9999 0.0228803654584167 -0.0760257015977288 -0.208564563366721 -0.317737551920576 -0.290333095437431 -0.318411226666554 -0.020006120411171 -0.0430104343547655 -0.0985423173363912 -0.408214577492535
