data/rasters/s3.10.06.cu.2_xyz_08_.asc
NCOLS 100 
NROWS 100 
XLLCORNER -4 
YLLCORNER -4 
CELLSIZE 0.08 
NODATA_value -9999 
[rows 63 to 83 of 100, columns 48 to 95 of 100]
-0.26330330864255 -0.201784648523873 -0.108063859031519 -0.0969975372093826 -0.112753708601741 -0.0351234601086683 -0.13394325333816 -0.00179666145937321 0.130011693025048 0.195203883749106 0.194041283801774 0.212647741375845 0.165532566406353 0.12245115626056 0.125136420755269 0.173542584873627 0.231006926039543 0.214887312161532 0.130027710745071 0.156949464207502 -9999 0.180499133068708 0.154209675902929 0.131122181933307 0.102016381172675 0.0580386865037209 0.0106533452463697 0.010692217946175 0.0446258725636942 -0.166777142007975 -0.0695294410380032 -0.0233213259138753 -9999 0.0591029496420985 0.00988555005448751 -0.0917057544895166 -0.136113076267757 -0.0919823928945936 -0.0491743544424849 -9999 -9999 -9999 -9999 -9999 -9999 -9999 -9999 -9999
-0.287292765629811 -0.105008739613925 0.0248775077142828 0.053612440389799 0.00599576949334866 -0.0155486627550506 -0.0192718615436136 0.0500340116439688 0.173375896429289 0.160841040712286 0.158674876343768 0.158145397411046 0.15347105724727 0.0808499523173673 0.0747452681926977 0.151696188128881 0.169132384977799 0.166754518635112 0.120233565125887 0.168566750139629 0.160999954743077 0.078181000513431 0.0736877523823799 0.115878383183042 0.100764847508441 0.0760606141766314 0.0174946724592648 -0.00929176269442385 -0.0465132143572543 -0.0891912993298821 -0.069381566709612 -0.0746970297543361 -0.140761268820846 -0.0163365975191397 -0.0435071041290779 -0.126565079888041 -0.146464495311795 -0.0735353087878953 -9999 -9999 -9999 -9999 -9999 -9999 -9999 -9999 -9999 -9999
-0.0254423274344177 0.030843957896706 0.0701883996652677 0.105407424321718 0.0870635473628124 0.124584069282455 0.158025673180551 0.104153694971787 0.138571704219471 0.152460213575696 0.0802811555893699 0.126450614180957 0.0814216396847613 -9999 0.0816880955869135 0.127107744460438 0.163133615479009 0.126425637817127 0.127242420892452 0.16255931777651 0.13675907821254 0.100657803773257 0.0945589636386755 0.0837224858360353 0.0777030041523007 0.0439221983067983 -0.0180601662624329 -0.0599291458039602 -0.0990585274255767 -0.133426481147716 -0.106370765721268 -0.112731613842456 -0.174970260463013 -0.275469961940733 -9999 -0.123781671873283 -0.0958561546496875 -0.0518305653972669 -9999 -9999 -9999 -9999 -9999 -9999 -9999 -9999 -9999 -9999
-0.065075347898573 0.0428775512138499 0.117242217734149 0.13811139649768 0.197775027342273 0.233397536990658 0.205299210758031 0.217841996014081 0.154136054692747 0.150834289939595 0.119954534516614 0.115165083726991 0.0834792148553815 0.0880739296518671 0.0760425627470484 0.120108898870708 0.0532360733090227 0.0874937841091571 0.114940682555868 0.110726643138689 0.11075374729273 0.116344404720236 0.0831387367997169 0.0678236641696263 0.0316767951083083 -0.0209329729471792 -0.0494355978420875 -0.136516207276935 -0.175579747361412 -0.182049580566052 -0.176431550841255 -0.125075564297124 -0.229962364752929 -0.150327236375942 -0.058010757774455 -0.116814114429224 -0.0623296986240674 -0.0897180186411878 -9999 -9999 -9999 -9999 -9999 -9999 -9999 -9999 -9999 -9999
-0.133890919092084 -0.00034832316486581 0.0999477861218566 0.176016299867646 0.172446577000837 0.200542511765431 0.309541879048241 0.357706448650335 0.214811844620522 0.182172613590156 0.20717406687477 0.171111812763116 0.140863367099194 0.0524059681521808 0.0517665919193628 0.0729923281088326 0.117608451669208 0.0920383152370936 0.0849533425519277 0.0964567301727115 0.0910386174106537 0.0721979398365664 0.080536958781052 0.0523418462274164 0.000903806212568711 -0.0238755924088625 -0.0710439194493819 -0.157896131657691 -0.205457707653318 -0.20054660325522 -0.184927834018663 -0.158648964287407 -0.0992338608245956 -0.0709009150099975 -0.0655882499501124 -0.0262729525909356 -0.0636832714081367 -9999 -9999 -9999 -9999 -9999 -9999 -9999 -9999 -9999 -9999 -9999
-0.128261654729471 -0.042522860940616 0.0931409927783805 0.112339132088817 0.131901510242263 0.15832884154505 0.257522025454208 0.269280157222793 0.265560978791052 0.234263309330757 0.223580431684794 0.123446381244611 0.103454109153291 0.0955218110982448 0.0920418205662251 0.0831853627705994 0.0937245796770857 0.0996017253850087 0.0696341188653943 0.0768975018865001 0.0845930210062417 0.0457080859679366 0.0637248908684091 0.0447478695084424 -0.000193769528692552 -0.0397670584026056 -0.0998261753314458 -0.1171634783254 -0.219727427786124 -0.227912800303011 -0.201560489965249 -0.195794007385723 -0.136106401212262 0.00777034382814024 -0.00513653991744331 -0.0292305181322212 -0.00053143974273715 -9999 -9999 -9999 -9999 -9999 -9999 -9999 -9999 -9999 -9999 -9999
-0.10392525943892 0.00758476813975682 0.00413359230107074 0.0536968094273757 0.079105292991009 0.105557933950857 0.110430117266993 -9999 0.237519492626757 0.228059095345267 0.0874039853220181 0.0525959697229988 0.0968335671692476 0.0996205935433268 0.0994698587144785 0.0783734323203606 0.0757899496099032 0.0787273711182057 0.0168775156267266 0.00636472136306525 0.0292274045334495 0.0666775228761433 0.0445410887423987 0.0396477165996015 -0.0369781691827385 -0.267441473450011 -0.0879507863696499 -9999 -0.134278898356461 -0.112963344339022 -0.109507096266945 -0.167732559344579 -0.124173087941225 -0.056496204673312 -0.0120279870232346 0.0301422355990877 -9999 -9999 -9999 -9999 -9999 -9999 -9999 -9999 -9999 -9999 -9999 -9999
-0.014179465153336 0.0157019408347064 0.0314181666472794 0.0676897280711899 0.0975916020349144 0.19658413330041 0.120895732543075 0.120814713419325 0.123805415084088 0.137488036194686 0.129305149234679 0.0786510629372382 0.136080648364107 0.127205237710167 0.0945621373824456 0.070272284562398 0.0639256905294257 0.0485045172935397 0.0195476771328203 0.00189528082560721 0.0300401841633241 0.0793814642014922 0.0495556755279685 0.0339005589664135 -0.0422220853256558 -0.219615233431099 -0.242143458542025 -0.199702988135488 -0.220982153856627 -0.153874534555374 -0.136944772632342 -0.223401927559284 -0.160731585835692 -0.184575210565522 -0.0944058519257615 -9999 -9999 -9999 -9999 -9999 -9999 -9999 -9999 -9999 -9999 -9999 -9999 -9999
0.0238339000723992 0.00844132222940538 -0.0150067128064495 0.0433739331333197 0.0887625538401121 0.0688800545466643 0.156430019017212 0.0927132520073022 0.052798326726952 0.141673480385031 0.119769754874049 0.160885725230672 0.169723607852157 0.168355624337881 0.0419502645057917 0.0340346074397085 0.03306674556653 -0.00926192584074281 0.000607109097475226 0.00516382959467229 -0.106409160493932 -9999 0.00634928179433311 -0.00714185179330774 -0.0640509005582763 -0.121066683259099 -0.195244374733513 -0.178941000554935 -0.188874143315114 -0.255828786071975 -0.155329753551744 -0.162468311752535 -0.143883151543378 -0.179321929317919 -0.188567916033685 -9999 -9999 -9999 -9999 -9999 -9999 -9999 -9999 -9999 -9999 -9999 -9999 -9999
0.0661739421975928 -0.0157440565382213 -0.0614799755828452 -0.0140301821015886 0.0207387985911008 0.0891519653591847 0.114945642016433 0.144816199611001 0.16162632661481 0.131011600918919 0.0928241093483064 0.0134493654336855 0.141185029801456 0.137558980978245 0.00369880734825779 0.00831603071498912 -0.00997841386531729 -0.0509701984564777 -0.0885110642782888 0.0232283211989343 0.0345127497328534 -0.0566133338165063 -0.0623858269852338 -0.04199809639829 -0.0935534211379651 -0.0793805112285741 -0.107686224803279 -0.163581998501912 -0.153166217106321 -0.157011629139252 -0.145545197213271 -0.152112050446532 -0.128160379062716 -0.122240157787177 -9999 -9999 -9999 -9999 -9999 -9999 -9999 -9999 -9999 -9999 -9999 -9999 -9999 -9999
0.0434657481696752 -0.0238877518318052 -0.0429767094630177 -0.0698064295096198 0.0116225215963523 0.0963353694714719 0.0900245348512734 0.158197509026796 0.204008072288645 -9999 0.0985471290939321 0.050231362259566 0.00593090068447889 -9999 -0.0310708892727705 -0.016592291436818 -0.029312405666134 -0.0828064185830708 -0.0798162304965205 -0.0302264681168978 0.0847660934747537 0.00396012048617924 -0.233577146004849 -0.129163167686324 -0.069169752645839 -0.0902460226921624 -0.131194370342443 -0.190036442830409 -0.207087102106192 -0.146661855851776 -0.127325811649153 -0.0985485836715056 -0.133951026649223 -9999 -9999 -9999 -9999 -9999 -9999 -9999 -9999 -9999 -9999 -9999 -9999 -9999 -9999 -9999
0.049013648983442 -0.0219721771415289 -0.0366442263887046 -0.0382784068830482 0.00420212824864345 0.07628237924226 0.046507714363519 0.121441345775995 0.22980508293233 0.205105859720856 0.128986062423884 0.0601349160830857 0.0332866435310595 -9999 -9999 -0.0253759269154969 -0.0463657412470858 -0.151628569719872 -0.0616382322765009 -0.110489030313125 -0.1022776524756 -0.114889535725192 -0.0723098331268757 -0.0867117864297867 -0.0838503990600538 -0.0647284685271936 -9999 -9999 -0.185947425592421 -0.205832950630001 -0.207153896389799 0.110602787517879 -9999 -9999 -9999 -9999 -9999 -9999 -9999 -9999 -9999 -9999 -9999 -9999 -9999 -9999 -9999 -9999
0.0716401142504136 -0.0132779147822528 -0.0358218464372978 -0.0630290027370711 -0.0639574994613914 0.0218165539600983 0.0349115780111005 0.0232428658131162 0.0695821345530316 0.0209487258915282 0.0426266530025127 0.0320675361071586 -9999 -9999 -0.00885172596429285 0.0154764349599018 -0.0332854104327769 -0.0837565359881769 -0.0720052303448479 -0.104125798008643 -0.0553135717238312 -0.0737254426872227 -0.0690994348306848 -0.134687588055165 -0.237169639988219 -0.185865240936909 -0.180447922805518 -9999 -0.209214500380554 -0.219143196377336 0.0700435419265705 0.212634863425237 -9999 -9999 -9999 -9999 -9999 -9999 -9999 -9999 -9999 -9999 -9999 -9999 -9999 -9999 -9999 -9999
0.0980742524039803 0.119265520355696 -0.0178806045707251 -9999 -0.117428966905418 -0.124615307632467 -0.0598159110241545 -0.0663010706216592 -0.0417817823558555 0.0188860052671901 0.0634654477271954 0.0206428920834386 -0.117556977140442 -0.0211195110827244 0.0154530251491368 0.0206429165663088 -0.0336721306520746 -0.0403152608722701 -0.0797422733842961 -0.106994811302139 -0.113739592383525 -0.0837402144819282 -0.0580135386457801 -0.138414842153969 -0.171545145122761 -0.169216639988505 -0.141994731186247 -0.140231590435703 -0.120225467605078 0.191894679878964 0.198406170414622 -9999 -9999 -9999 -9999 -9999 -9999 -9999 -9999 -9999 -9999 -9999 -9999 -9999 -9999 -9999 -9999 -9999
-9999 -9999 -0.139325149251066 -0.155190732188371 -0.155649740472303 -0.222962107891314 -0.18049167818059 -0.169854635831414 -0.0482204728479903 0.0124810347772536 0.0338680735083089 0.0155006151246125 -0.0689596460875884 0.0275103175664444 0.0213986198205058 -0.0213474903181985 -0.0101426410132553 -0.0502847271639128 -0.105275892051248 -0.204772666335427 -0.194710416006387 -0.0139461054156731 -0.0884661681280317 -0.102476828036585 -0.091125329905819 -0.0919747532304516 -0.119781243061356 -0.149058298094066 -0.24731151049406 -9999 -9999 -9999 -9999 -9999 -9999 -9999 -9999 -9999 -9999 -9999 -9999 -9999 -9999 -9999 -9999 -9999 -9999 -9999
-9999 -0.106471260222156 -0.0998884569532377 -0.153140395630206 -0.136929363026942 -0.218629692267705 -9999 -0.159169091694846 -0.0435331481934677 0.0192046823893488 0.0269421417549894 -0.0606400616053881 -0.0921970390137945 0.00168340728933019 0.0143217019217576 -0.0328362132700616 -0.0412280112240057 -0.0550514599407669 -0.105857912200888 -0.197303969828735 -0.232029547409298 -0.131787289375025 -0.0696187869396353 -0.138236593584307 -0.170494510574543 -0.121543702944872 -0.13366691540693 -0.146485549360128 -9999 -9999 -9999 -9999 -9999 -9999 -9999 -9999 -9999 -9999 -9999 -9999 -9999 -9999 -9999 -9999 -9999 -9999 -9999 -9999
-0.072104987145189 -0.0273910570547834 -0.116644684743273 -0.119798680656572 -0.0896101609030421 -0.155511827932884 -0.099363490879315 -0.102606605479552 -0.0492938670216393 0.0155618069772176 -0.040289392172809 -0.13941147556374 -0.0312169768640947 0.0162150448400244 -0.0113987653407841 -0.0863665735016468 -0.071753176198172 -0.113451586228924 -0.11582199452382 -0.227974490728282 -0.281230351055163 -0.304202003237237 -0.0793157015344601 -0.102317074929189 -9999 -0.0399341182302236 -0.072455270948343 -0.12466212662112 -9999 -9999 -9999 -9999 -9999 -9999 -9999 -9999 -9999 -9999 -9999 -9999 -9999 -9999 -9999 -9999 -9999 -9999 -9999 -9999
-0.0314471947618763 -0.0560514037369097 -0.23415014861342 -0.207545661677446 -0.198854665785895 -0.0595140515264104 -0.11043430526225 -0.0271237530896171 -0.0726798020388542 0.0491855301506852 -0.0452740370529851 -0.0513146364126292 -0.0258327414802858 0.00607387809173344 -0.100033693123257 -0.105545111176191 -0.0794189163142479 -0.144440146573194 -0.191089142705068 -0.259083018867657 -0.279082599635154 -9999 -0.250056298442402 -0.159916854978269 0.21731475435411 0.213782553391789 -9999 -9999 -9999 -9999 -9999 -9999 -9999 -9999 -9999 -9999 -9999 -9999 -9999 -9999 -9999 -9999 -9999 -9999 -9999 -9999 -9999 -9999
0.0402788110234652 -0.0645771777583134 -0.151381859735682 -0.161272633244575 -0.140514787176778 -0.130472695760896 -0.111239142035656 -0.0276650530677227 -0.0136445936482165 -0.0755827402721725 -0.127885783252479 -0.0609539022871889 -0.0353131783758414 -0.0114277232113425 0.0143851618657934 -0.107769940046658 -0.127172947630765 -0.158518619974108 -0.267100086673074 -0.265217467847729 -0.192341077234864 -0.197888929784868 -0.204106730718037 0.0700438189322932 0.216463944791927 -9999 -9999 -9999 -9999 -9999 -9999 -9999 -9999 -9999 -9999 -9999 -9999 -9999 -9999 -9999 -9999 -9999 -9999 -9999 -9999 -9999 -9999 -9999
0.102464690045122 -0.00396262377839586 -0.0462717730561591 -0.0285369918496855 -0.113623095954971 -0.0680177676342944 -0.0524594993288884 -0.0692045670095774 -0.0939488241626333 -0.0795868878477786 -0.0661628402260145 -0.0522065956132753 -0.045807069070596 -0.0190825226314603 1.79667375968752e-05 0.0497952369239709 -0.0486605561535597 -0.163410086291277 -0.279574020587519 -0.0974428625769855 0.213028540048945 -0.192872093467774 0.0379309846809676 0.0742131045835806 -9999 -9999 -9999 -9999 -9999 -9999 -9999 -9999 -9999 -9999 -9999 -9999 -9999 -9999 -9999 -9999 -9999 -9999 -9999 -9999 -9999 -9999 -9999 -9999
0.0427993993080941 0.032177419896854 -0.120612598334536 -0.126419279429004 -0.0873642036523807 -0.0658140539231623 -0.0460785915158865 -0.0853433318466774 -0.116334265278407 -0.102504391086219 -0.0776847685310769 -0.043818875786376 -0.0471691419307991 -0.0279549715463874 0.0152649418391374 0.022338219555172 -0.0550306119280296 -0.0411251499028507 0.257506903088407 0.260365092096463 0.19450306277005 0.0189340248674581 -9999 -9999 -9999 -9999 -9999 -9999 -9999 -9999 -9999 -9999 -9999 -9999 -9999 -9999 -9999 -9999 -9999 -9999 -9999 -9999 -9999 -9999 -9999 -9999 -9999 -9999
