data/rasters/s3.15.06.li.2_xyz_08_.asc
NCOLS 100 
NROWS 100 
XLLCORNER -4 
YLLCORNER -4 
CELLSIZE 0.08 
NODATA_value -9999 
[rows 63 to 83 of 100, columns 0 to 47 of 100]
-9999 -9999 -9999 -9999 -9999 -9999 -9999 -9999 -9999 -9999 -9999 -9999 -9999 -9999 -9999 -0.119000920002614 -0.164988028799736 -0.1306982530292 -0.0800942252870693 -0.0623715400423309 -0.115610743441167 -0.0778538819690741 0.0338909664876856 -0.0380759365759049 -0.0166121770756865 0.0301429910916579 0.0814685836725489 0.0955057546323269 0.0696646593985474 0.0113331519589587 0.0912647543486026 0.139632854881193 0.196366299940551 0.24205947851245 0.291437384325487 0.240218365156273 -9999 0.0666212458770927 0.104294073662307 0.0861910224601652 0.0989098690190557 0.0628638352622985 0.0980732319546337 0.11566313517529 0.166170676593345 0.224539519655429 0.223414431726279 0.179578604364292
-9999 -9999 -9999 -9999 -9999 -9999 -9999 -9999 -9999 -9999 -9999 -9999 -9999 -9999 -9999 -0.0902046399761294 -0.149122136319679 -0.129299105502902 -0.125811920046688 -0.118053340931687 -0.121844457616156 -0.107633103147053 -0.0923621065456873 -0.0477430152244058 -0.00552326704950495 0.095985789781649 0.13479073371825 0.0799091462942833 0.0772176123165493 0.111367488545454 0.111227038558106 0.130520100835885 0.150697178442876 0.175762314521421 0.156722674011417 0.0344603455643021 0.0519418207967664 0.0465733894117481 0.086964666949416 0.0678509324342485 0.0960674892710102 0.149358696769353 0.118978473105452 0.186883099016425 0.208740798963509 0.217601876104828 0.205283650869141 0.188916218200245
-9999 -9999 -9999 -9999 -9999 -9999 -9999 -9999 -9999 -9999 -9999 -9999 -9999 -9999 -9999 -9999 -0.138334859920381 -0.0887361003081876 -0.206665143782553 -0.163020696203332 -0.0975696074405114 -0.122195834306155 -0.0917157951457218 -0.0552859390465364 -0.00159342597282949 0.101512451403418 0.142664008991136 0.152676162243405 0.0831793089015778 0.130823439459821 -0.0105049764060357 0.0138934486709496 -0.0416257414569431 0.00819732175580434 0.0457952898170626 0.0616676523588554 0.0536963458482804 0.0612779304124593 0.141622483110017 0.108892727336945 0.107419833549408 0.114015030650261 0.162299190749933 0.185166636139166 0.227420896817729 0.251359587707862 0.275476787297035 0.179964199683737
-9999 -9999 -9999 -9999 -9999 -9999 -9999 -9999 -9999 -9999 -9999 -9999 -9999 -9999 -9999 -9999 -0.151111649918442 -0.140084233311237 -0.139811546857331 -0.106313214871785 -0.069078386524279 -0.101508448702205 -0.0914843584663345 -0.0417176031923241 0.0192338969564623 0.12627091188415 0.128431583320971 0.121908947843375 0.00525087323546349 -0.135913588341714 -0.0787017233403663 -0.0712454144942682 -0.0571601156857495 -0.00851926020424821 0.059947366155854 0.0609034452937748 0.100956542900626 0.124113452546931 0.0983323866599398 0.11220752242878 0.103015722870684 0.134449772262786 0.100593586988045 0.177112624626737 0.322966627185425 0.354449593972295 0.314182227988812 0.230334725958846
-9999 -9999 -9999 -9999 -9999 -9999 -9999 -9999 -9999 -9999 -9999 -9999 -9999 -9999 -9999 -0.15750714149346 -0.154441102219914 -0.192163274949882 -0.124184926815934 -0.0264149870615775 -0.0422702663698634 -0.085158610868726 -0.0834362896601682 -0.0174808661928493 0.0761958068931743 0.0656029478842911 0.000877269008322726 -0.0218716663364118 0.0288335692190504 -0.0533574896291807 -0.0841289565425493 -0.0762531646988924 -0.0534491660808432 -0.0226100880608547 0.0211044016424863 0.0332545481539851 0.0448189882450041 0.0921652431440288 0.063925162601118 0.102031571719819 0.138362387083985 0.118127171261428 0.151292037599579 0.187627585029464 0.25659313979375 0.298088056791663 0.36886162073494 0.378067791566628
-9999 -9999 -9999 -9999 -9999 -9999 -9999 -9999 -9999 -9999 -9999 -9999 -9999 -9999 -9999 -9999 -0.110238352910254 -0.101606481590033 -0.0499141109884831 0.0445428225555136 -0.106022321395497 -0.0308156480953797 0.0162526933709106 0.0557455639495098 0.0878058049026013 0.0974336611723218 -0.00889967963962349 -0.102624626748479 -0.101600419016025 -0.0546572994375401 -0.0745930274329023 -0.0877102178464626 -0.0819184282936757 -0.044171840378664 0.00959080022149242 -0.0314815620893272 0.0712407698784953 0.165927690877565 0.018805596954075 0.0925710063855099 0.122752216713195 0.151379886849584 0.182024169838039 0.232506924569001 0.259443305267475 0.346025647085469 0.381711685550524 0.373142770390467
-9999 -9999 -9999 -9999 -9999 -9999 -9999 -9999 -9999 -9999 -9999 -9999 -9999 -9999 -9999 -9999 -0.0190733769391129 -0.0287218270084255 -0.00968170112253539 0.0550903557195965 -0.0120548723142765 -0.00474608856360753 0.00414797268067136 0.0518063934126611 0.0283115728532645 -0.0179701325105279 -0.154759841912595 -0.0752577748952848 -0.160813444392533 -0.076243627551526 -0.0978308316461732 -0.069719592031025 -0.0464615858764881 -0.0155060420602019 -0.0511306778459306 -0.000569413528594372 0.10361782715285 0.120237511482092 0.0906430212856868 0.139890606340988 0.0983620624706518 0.122100237668337 0.172994172186929 0.188997762581567 0.258778313567558 0.346184177505132 0.371231926820439 0.339573261734703
-9999 -9999 -9999 -9999 -9999 -9999 -9999 -9999 -9999 -9999 -9999 -9999 -9999 -9999 -9999 -9999 -9999 -0.0326165423299386 -0.0257574893221937 0.0198640227399305 0.0685413773347768 0.0106847785448664 -0.0498440069717908 -0.0227153977570133 -0.0719534910979184 -0.0964973460429348 -0.0807514107393375 -0.131997340830824 -0.0729773591446046 -0.0333387452849268 -0.0547692036070221 -0.0511952873160573 -0.0178325130651239 -0.0169752838565191 0.00860348742955865 0.0312709640037229 0.0744792464658826 0.0812689276828009 0.0954479253655184 0.125851677033065 0.155159800622676 0.155835699624495 0.191912950245072 0.175000947897143 0.180757326742323 0.265798218344872 0.313397090548644 0.336927391029093
-9999 -9999 -9999 -9999 -9999 -9999 -9999 -9999 -9999 -9999 -9999 -9999 -9999 -9999 -9999 -9999 -9999 -0.0695766083005804 -0.041997109426157 -0.0232097653087865 0.000156964005501029 -0.0126647312583539 0.0398628806175068 -0.0405714634026847 -0.0904756008178792 -0.0855942177264158 -0.0519372395134963 -0.0868464430966248 -0.0880566427102173 -0.0472784852169857 -0.0817839709568826 -0.0312212158357422 -0.0158052445662063 0.0375354222551535 0.0230557995774822 -0.00164792202540705 0.0784920404184322 0.0933115979586531 0.0726427581061537 0.104599787437585 0.184456579449219 0.194963564499494 -9999 0.183463084720043 0.171796998678243 0.212079874901521 0.247788412470163 0.237158842216027
-9999 -9999 -9999 -9999 -9999 -9999 -9999 -9999 -9999 -9999 -9999 -9999 -9999 -9999 -9999 -9999 -9999 -9999 -0.0227138007781402 -0.00867783141277691 -0.0157580763136095 -0.00905835768844622 -0.00370588424964344 -0.00671360666402791 -0.0833316791336882 -0.089215923493311 -0.108010196182166 -0.0772233496820746 -0.0939077051155359 -0.050009648243957 -0.0425973271000463 0.0181181998500295 0.00959333024769424 0.0251195846071249 0.0975425602912899 0.0924002435979531 0.11815466133668 0.0938859839435006 0.084003516726468 0.110636418948948 -9999 0.100373964371217 0.14124918858418 0.157631123675771 0.207219443780198 0.318919625948696 0.253312621628234 0.215949156196404
-9999 -9999 -9999 -9999 -9999 -9999 -9999 -9999 -9999 -9999 -9999 -9999 -9999 -9999 -9999 -9999 -9999 -9999 -9999 -0.00924564630842207 -0.0758115242822443 -0.0247943155858246 -0.0504875134740383 -0.0848498030542823 -0.103661622927048 -0.0750718304642356 -0.0752652188598043 -0.0586952729311772 -0.0414893645691463 0.00487628471188427 0.00251153411760196 0.0524327081300968 0.0102055828377115 0.00990096246217105 0.0431350320971442 0.115011685790713 0.18843714447158 0.160839266776272 0.18014252842118 0.223633629982974 0.263660126000506 0.176047977168621 0.155792631386815 0.162771878347651 0.179964106149999 0.133785279517525 0.174775964079595 0.169813935927931
-9999 -9999 -9999 -9999 -9999 -9999 -9999 -9999 -9999 -9999 -9999 -9999 -9999 -9999 -9999 -9999 -9999 -9999 -9999 -9999 -0.0472797272551344 -0.0889266260794053 -0.0930838942411776 -0.107096270190372 -0.0853022624025003 -0.0734263733529837 -0.0319113057241672 0.0297552502803386 -0.0306562629800111 -0.0424402378855458 -0.0036589150558899 0.0624936670083714 0.0574855822994423 0.0364975093349647 0.00188088470831064 0.0259652887804763 0.159965802043849 0.228330319142372 0.194135607892834 0.17059367286267 0.284098975966849 0.254118912757178 0.126982064573963 0.0939714685213709 0.0605878755027028 0.0611840722827526 0.112313735661383 0.0484884926713312
-9999 -9999 -9999 -9999 -9999 -9999 -9999 -9999 -9999 -9999 -9999 -9999 -9999 -9999 -9999 -9999 -9999 -9999 -9999 -9999 -0.0601758743995688 -0.148114029895121 -0.113545203050727 -0.108014491958985 -0.0731953856402899 -0.070862621558402 -0.00306160466753567 -0.0157315099335307 -0.0174087375736175 0.0295131873843471 0.0178268133887433 0.0849521438856571 0.213897662263269 0.171274788204552 0.0550999687974209 0.129440871210092 0.233242696835264 0.263604846207692 0.154379920730039 0.102461124722756 0.128163922948052 0.0994881115340785 0.110889193059428 0.0686111550832103 0.0860262417635412 0.0836291370727821 0.0879260084602136 0.0675816057136474
-9999 -9999 -9999 -9999 -9999 -9999 -9999 -9999 -9999 -9999 -9999 -9999 -9999 -9999 -9999 -9999 -9999 -9999 -9999 -9999 -9999 -0.135088112629277 -0.123202530043478 -0.0897957613114374 -0.0135923468101118 -0.00420915193465927 -0.0302742034006099 -0.0031767882740872 0.0112984409115826 -0.024604938422705 0.0659373356545985 0.216191341604716 0.214359413123237 0.201820025991421 0.0953804853404109 0.123163474949168 0.23127824707452 0.295770125873815 0.285910283540855 0.0902650294318616 0.0974018669328737 0.112873875992923 0.10544996891784 0.078259673382766 0.070994683916566 0.06378528199514 0.0504555989647516 0.117719166717817
-9999 -9999 -9999 -9999 -9999 -9999 -9999 -9999 -9999 -9999 -9999 -9999 -9999 -9999 -9999 -9999 -9999 -9999 -9999 -9999 -9999 -9999 -0.0382593286160085 -0.0492863126646502 -0.00458849422884557 0.061236474365585 -0.0195777644643114 0.0631676248123206 0.0544831426436526 -0.0487260492009877 0.0779298645514512 0.233704399636192 0.171035105766031 0.215213976275856 0.0961153547880485 0.213906175568131 0.276183801101368 0.283506727629474 0.0581843001499878 0.0739293914577587 0.153723582884086 0.0889340699781695 0.0856866976529455 0.0870230173277862 0.104767487230176 0.0803927509998326 0.0706457062468647 -0.09732908702234
-9999 -9999 -9999 -9999 -9999 -9999 -9999 -9999 -9999 -9999 -9999 -9999 -9999 -9999 -9999 -9999 -9999 -9999 -9999 -9999 -9999 -9999 -9999 -0.055682714597764 -0.0384977349748277 0.122506795324515 0.082031193943033 0.0695876231694373 0.107543137306407 0.0737921654266771 0.00505645410967393 0.239747636205903 0.171400433859531 0.134879310295255 0.0449893744838532 0.0927528132841433 0.185489716444579 0.0709930863150345 0.0133453075170641 0.0403878120098543 0.075002462798472 0.0871318525160263 0.0454675633269062 0.0588228052905837 0.10080722461028 0.10002619804493 -9999 -9999
-9999 -9999 -9999 -9999 -9999 -9999 -9999 -9999 -9999 -9999 -9999 -9999 -9999 -9999 -9999 -9999 -9999 -9999 -9999 -9999 -9999 -9999 -9999 -9999 -0.0357173351708441 0.114091127719343 0.137964647038977 0.124985918404211 0.146635504455348 0.170033124444506 0.21312130306751 0.194580210835785 0.161197812759754 0.0247855364316214 0.0258742127545163 0.00263500609417632 0.0594723194141971 0.0484130854701505 0.0528217246968574 0.0460630996111959 0.015588901586859 0.0506184048424817 0.045041498587514 0.0794177068347557 0.0615946491430301 0.0835905952734367 -0.145960138397546 -0.170195541679033
-9999 -9999 -9999 -9999 -9999 -9999 -9999 -9999 -9999 -9999 -9999 -9999 -9999 -9999 -9999 -9999 -9999 -9999 -9999 -9999 -9999 -9999 -9999 -9999 -9999 0.116655412803173 0.132021219633177 0.135396269528388 0.14557385824802 0.186537668254557 0.181133543179213 0.181707932803669 0.197821115399309 0.03652479417051 0.0729585686058227 -0.0160928795143817 -0.0133262932909529 0.0721360057249226 0.0591283304606124 0.0677128195457138 0.0301535312243 0.0276568549158898 0.0951229499370295 0.142869631602716 0.0849903404569829 0.0722479108176555 -0.109861092097303 -0.165928819471106
-9999 -9999 -9999 -9999 -9999 -9999 -9999 -9999 -9999 -9999 -9999 -9999 -9999 -9999 -9999 -9999 -9999 -9999 -9999 -9999 -9999 -9999 -9999 -9999 -9999 -9999 -9999 0.134740192605524 0.1393664810235 0.172884430231339 0.168154381051304 0.164364743149475 0.0314862981808392 0.077041748617018 -0.0106828074075536 0.0293135530328325 -0.000803154442749585 0.0235059470633165 0.0409164613584567 0.121049005046393 0.0492000453074428 0.0530458003133338 0.127706488249195 0.143651140584687 -9999 -9999 -0.0675955036341376 -0.139378190914351
-9999 -9999 -9999 -9999 -9999 -9999 -9999 -9999 -9999 -9999 -9999 -9999 -9999 -9999 -9999 -9999 -9999 -9999 -9999 -9999 -9999 -9999 -9999 -9999 -9999 -9999 -9999 -9999 0.0834521772356057 0.139071436318417 0.118089721799958 0.0815911179897618 0.0839990636121714 0.0313244843394873 0.0147464457932307 0.0400606585544293 0.00501252965614566 0.00943075080167196 0.0141446357357588 0.112271624293235 0.0985278808630746 0.0984221979473652 0.148964655332729 0.262534217455787 0.212046846598912 -9999 0.0595106507552474 -0.103530420875201
-9999 -9999 -9999 -9999 -9999 -9999 -9999 -9999 -9999 -9999 -9999 -9999 -9999 -9999 -9999 -9999 -9999 -9999 -9999 -9999 -9999 -9999 -9999 -9999 -9999 -9999 -9999 -9999 -9999 -9999 -0.0182233828471268 0.00851649807157319 0.0529340525657299 0.0420549366401341 0.0835019470489241 0.0502784137696858 0.0188668039201774 0.0359649702565232 0.0235409906401136 0.00234670476962631 0.0259814518327158 0.049553894973839 0.0677872381108231 0.106481331367061 0.0492597575992285 -0.0162634503465892 -0.0225749345433204 -0.115238124593726
