data/rasters/s3.19.05.li.1_xyz_08_.asc
NCOLS 100 
NROWS 100 
XLLCORNER -4 
YLLCORNER -4 
CELLSIZE 0.08 
NODATA_value -9999 
[rows 44 to 65 of 100, columns 49 to 97 of 100]
-0.225032297402838 -0.335343486722707 -0.370746005533116 -0.19971248343895 -0.213317426167173 -0.249259409005643 -0.254248637371017 -0.233709899344676 -0.285026603821187 -0.295398779838325 -0.277457491011998 -0.280192618013388 -0.158985711221427 -0.188796830328584 -0.175596484475913 0.0273561890776458 -0.0256148789958055 -0.128711974905618 -0.193806857482092 -0.217064866602083 -0.187658848224582 -0.226296880165481 -0.198986676379882 -0.204340714307283 -0.183921540721568 -0.237517652583974 -0.0889515084524509 0.0130123711663483 -0.11297112421534 -0.122560942723913 -0.142208321640525 -0.139629127541913 -0.0882361387325667 -0.103483325804578 -0.0927071480215102 -0.100485024842155 -0.0999145319493447 0.0142233406516062 -0.287561949844927 -0.345183851742864 -9999 -9999 -9999 -9999 -9999 -9999 -9999 -9999 -9999
-0.398383809788225 -0.306135828718103 -0.270532450216853 -0.204626099403947 -0.226926779224452 -0.251742604763588 -0.205279858007932 -0.307043471552688 -0.303949011335875 -0.320653929668293 -0.284721598477374 -0.258196211708422 -0.247516990470219 -0.123772988407276 -0.221590689753107 -0.0237741189374186 -0.00983271371884971 -0.149466059499335 -0.194461563441902 -0.181586262903729 -0.105888734616793 -0.140362256804263 -0.149785333390852 -0.19728612292644 -0.148067074175158 -0.24786929166449 -0.199500110270426 -0.0207750541130158 -0.151398737982856 -0.130860192070078 -0.152943839982685 -0.127979428006532 -0.0803087548089885 -0.116280796305553 -0.101797769298806 -0.0853277174639124 -0.0847512173368611 -0.0394262548635907 0.023080180758089 -0.0529659363182989 -9999 -9999 -9999 -9999 -9999 -9999 -9999 -9999 -9999
-0.308350912807364 -0.284838241873279 -0.199653377352529 -0.168048070671073 -0.203116388826779 -0.251600374710059 -0.211437349878794 -0.287645907789847 -0.292486998772156 -0.31063514041998 -0.311643025310694 -0.311353984041729 -0.276170292581047 -0.275237677873056 -0.116393730851389 -0.0118324062371259 -0.119540890706898 -0.131165922588496 -0.108689623208073 -0.132419992169815 -0.126695140794907 -0.114536629741229 -0.144936806368534 -0.172944404644526 -0.106477081236494 -0.142530099995213 -0.177291507641787 -0.11243095659115 -0.0832061182728252 -0.026056120369533 -0.220948598793302 -0.13110980617966 -0.0946496045190145 -0.10481693816474 -0.106815769785037 -0.075327583658955 -0.0730819427536041 -0.0792954226335097 -0.181366830499431 -0.329739872427372 -9999 -9999 -9999 -9999 -9999 -9999 -9999 -9999 -9999
-0.27134607618346 -0.215057656375131 -0.127335264567769 -0.121653543769396 -0.142089783580565 -0.186415742185211 -0.319153457399253 -0.252873177057297 -0.271049864333737 -0.295585987897725 -0.269800323079218 -0.284114816683265 -0.257402191795649 -0.0708757299993858 -0.063610042096504 0.0305023694598559 0.0393026558889059 -0.0321998488287393 0.0274011089360781 -0.00213276365176195 -0.0987351706670643 -0.0226200220009655 -0.0725480133066727 -0.0948736344748255 -0.0562747725183768 -0.0738939092924793 -0.0547984898537925 0.0113510778640229 0.019765144473828 0.0996332511619911 0.101546116175821 -0.00445805137602403 -0.0671845308134657 -0.0900679765830672 -0.116968436262448 -0.0817971557072442 -0.0659167401291587 -0.111362175142767 -0.202948393307105 -0.200220552106373 -9999 -9999 -9999 -9999 -9999 -9999 -9999 -9999 -9999
-0.251427286753319 -0.112061061751555 -0.104596643503323 -0.122033986085868 -0.131222258277257 -0.12315070763843 -0.116047674233933 -0.24213710614924 -0.292380150673485 -0.275816416557179 -0.242142253807509 -0.260808537061402 -0.262231993590911 0.00125099062012942 0.0347381793816611 -0.00703353579948034 0.0639930893864318 0.0585870553133876 0.163769516417846 0.036749878175049 -0.0730363855139231 0.027243626016109 -0.0182663798618769 -0.0621974933408375 -0.0392042430581189 0.0392078613676829 0.0815824026729979 0.0633649285349412 0.100384283531773 0.106853528856689 0.081457734787545 0.0650698316527743 -0.0392473064958531 -0.0357531520081817 -0.102205778504057 -0.0941013709710394 -0.0639199964248821 -0.120728640852986 -0.0978739903537748 -0.348698638890322 -9999 -9999 -9999 -9999 -9999 -9999 -9999 -9999 -9999
-0.298631087259288 -0.0736785453748892 -0.0770314591031907 -0.13754968377629 -0.141646577588491 -0.0580684792315383 -0.155121049969935 -0.252624273485387 -0.240998409338129 -0.219173001700064 -0.207913313717675 -0.197852951293253 -0.205905402575483 -0.0909956732185727 -0.0197522274324096 -0.00318136354616867 0.0966246691545501 0.0865479544487028 0.105590168353479 0.102598667433933 0.0969733948182374 -0.0572985032910962 0.0701506881613444 0.0585337812998876 0.0716210664292435 0.0967844900104323 0.107275013271539 0.0874792878597372 0.0899949121046672 0.0839717717524581 0.0764269195114364 0.0719023060667951 0.0304824257011786 0.0280890838253511 -0.092102083791273 -0.097836944247892 -0.133652401374976 -0.135887216319186 -0.0813303806850021 -0.103180020331471 -9999 -9999 -9999 -9999 -9999 -9999 -9999 -9999 -9999
-0.0513326161671174 -0.0948620695812252 -0.0831037440543195 -0.098812671800526 -9999 -0.0185483872322769 -0.0619384403800364 -0.194248677769614 -0.190895129450096 -0.127282802300517 -0.162755254413469 -0.170943374176316 -0.168301369080446 -0.0615846418733275 -0.0213673826931376 -0.0210096526963109 0.049174914697663 0.130514326334169 0.15014879893092 0.171402409448164 0.165883389325158 0.151544509757561 0.167953751239518 0.162341666865136 0.130018086356782 0.11149969623859 0.0771282295820458 0.0979089374633866 0.12447188626009 0.0908662447569603 0.161463043365378 0.125555302334554 0.0387117258319674 -0.0262638379793971 -0.0692743026670452 -0.0673481101277856 -0.0346222686675127 -0.0523432088856949 -0.0175872905026196 -0.0701883041976284 -9999 -9999 -9999 -9999 -9999 -9999 -9999 -9999 -9999
-0.0327587017812142 -0.135464385565109 -0.173758579095317 -0.183183108448367 -9999 -0.00396282002685459 -0.0168882160616656 -0.0599809400447774 -0.0271408425798328 -0.0324734053467675 -0.0317717561534766 0.022011945428453 -0.0512865127787845 -0.0123293025706634 0.0218071636848671 0.00428671653144279 0.0660601073735773 0.0660749468104391 0.144090133632632 0.182006423992018 0.166458582903732 0.162098911798324 0.136175427238188 0.178593163338931 0.124447314406481 0.136623727384798 0.0945032333274374 0.17914472786243 0.171226358233225 0.138792339667377 0.0758334337931276 0.102932314576354 0.0378572413037439 0.0611798768742168 -0.0048621253825097 -0.0452583736499659 -0.00265153528293609 0.0242656211271206 0.0386588643181027 -0.00629854780748897 -9999 -9999 -9999 -9999 -9999 -9999 -9999 -9999 -9999
-0.109909051283018 -0.157274994035001 -0.183972023341566 -0.0999545250311494 -0.0578183448378027 -0.0467824015928767 -0.0627201404104506 -0.0993216957663455 -0.0138106510408914 0.0459534521895611 -0.00178805158376583 0.0487979990169542 -0.00709872012924258 -0.00601512679943205 0.0549290327646637 0.0499181210261721 0.102476638634778 0.11500588932658 0.154959806605867 0.146009084448467 0.139969636410553 0.123507503331434 0.139587955640942 0.15801197855405 0.129268394419911 0.151300635424986 0.196107611888707 0.174516404218901 0.160411471890502 0.132718850406502 0.0161415009280192 0.0567749374158806 0.0254188184107497 0.0265448615288593 0.0493016666742838 0.0349355310487325 0.0420972453030983 0.150722221668951 0.160811075504494 0.126773651019294 -9999 -9999 -9999 -9999 -9999 -9999 -9999 -9999 -9999
-0.12358199077288 -0.204809968385055 -0.202431216254721 -0.137072947481215 -0.0962821367752027 -0.122170267321387 -0.104045922270886 -0.097074382927991 -0.0363606221480741 0.0582782096494145 0.139178803609547 0.114367150787499 -0.0239239087399885 0.013078038116682 0.0599826259802432 0.0939351255319007 0.0942458626676433 0.164179577888127 0.198557565767844 0.109301399219004 0.155217560897142 0.187499540461251 0.167380219272073 0.203315060607951 0.201294144841688 0.173050286700682 0.151186887885898 0.0971045364568409 0.120290562972914 0.0122777389021475 -0.0265986897871183 0.02304374659188 -0.0574081000867529 0.00868828556684263 0.0520956904112091 -0.00524139129180858 0.0298821796462855 0.0960934252665515 0.196970487593813 0.206817619704092 -9999 -9999 -9999 -9999 -9999 -9999 -9999 -9999 -9999
-9999 -0.189729588207239 -0.185760028004368 -0.159377179313479 -0.144900884523766 -0.139834081251277 -0.102203627236981 -0.14433789255678 -0.131007911282243 0.148675519725947 -9999 0.142331284140129 0.142935526730269 0.111459653823057 0.0793450112796047 0.150234331907037 0.0862602062910458 0.167837977178138 0.221439653990141 0.17804543739691 0.196162844558477 0.122370900178923 0.212446904181856 0.153627375604983 0.15263072395228 0.187417991845266 0.173637898949636 0.189970513497995 0.195748281614984 -0.0717752546620746 -0.0932364807847012 -0.0797931073229302 0.0486996145465525 0.060093384825592 -0.0233720160815646 0.00103432244348333 0.00315617114729279 0.127746631817508 0.120817119935234 0.218751285796922 -9999 -9999 -9999 -9999 -9999 -9999 -9999 -9999 -9999
-9999 -0.180366915142386 -0.177321766700128 -0.171338312972843 -0.150981376539439 -0.0886896661058102 -0.115003270086265 -9999 0.0904535266077552 0.109914168390848 0.161383652358585 0.102239981080991 0.140032236968805 0.211449743316635 0.254622453617843 0.252937108274694 0.048533030696845 0.054451769629496 0.206290432748135 0.236168419319957 0.232998173298007 0.305598495724126 0.318528629468608 -9999 0.165341376424488 0.0589142701157846 0.0339057087310733 -0.0383153849306515 -9999 -0.0771258771179615 -0.119449976113919 -9999 -0.0385552492920446 -0.0296926672591714 -0.0644488327540096 -0.0280739245533491 0.110950189204304 0.127568154089007 0.1591060462926 -9999 -9999 -9999 -9999 -9999 -9999 -9999 -9999 -9999 -9999
-0.0861421331085003 -0.156955181580744 -0.181818183585408 -0.151130136923843 -0.152202831895625 -0.0713820524747675 -0.107905581956913 -0.108344863663964 0.109345537452714 0.202868523819245 0.237774619383909 0.273084830201893 0.2837143509866 0.289538939249103 0.367929310203856 0.310925943822969 0.189263149232924 0.180812630372908 0.225637428397422 0.262804549977272 0.300519515271976 0.290532725964047 0.266888868755965 0.272708276998403 0.180345931675667 0.0944648441639815 0.00107935656136073 -0.0642753116920084 -0.102369435930258 -9999 -9999 -0.141577615618489 -0.124288614408769 -0.0899301133546241 -0.0569897021219533 0.0230414122633747 0.0569014712030141 0.105678221486274 0.112381867067377 0.0642692589022284 -9999 -9999 -9999 -9999 -9999 -9999 -9999 -9999 -9999
-0.11606040422326 -0.139389565462114 -0.167152935286772 -0.155557673204403 -0.164005736374824 -0.105960234461731 -0.119616188214618 -0.0772860313485619 0.153642565489885 0.224203950509357 0.240606552319682 0.264925011902099 0.2974865696924 0.334847475274738 0.240309541875599 0.268102083269379 0.240003783687981 0.187330039237311 0.22515432632018 0.266669862882362 0.147695791061033 0.211814415657716 0.23897751880325 0.245969989264823 0.187034577593866 0.0674937442280008 -0.0102197424377185 0.0124905581727675 0.0278062063538597 -0.198542250294483 -0.19193751568595 -0.139921360264611 -0.146900750209432 -0.109659627046628 0.0302637424738494 0.0434426633230106 0.052869813932757 0.0902337671025009 0.107133210834921 -9999 -9999 -9999 -9999 -9999 -9999 -9999 -9999 -9999 -9999
-0.0973801093676674 -0.141685843619674 -0.140242968041034 -0.121659193762304 -0.133755087293084 -0.114493631879776 -0.128255103410936 -0.0667316752139839 0.0598957317329157 0.131727707024506 0.218534208306212 0.232509361512034 0.247944674045698 0.336364972371416 0.231320584642654 0.288128527638963 0.31781207336103 0.356824967951097 0.277844104604883 0.304896399665082 0.258685151980846 0.184276675395292 0.21760995038178 0.212682524972303 0.24037020290047 0.0451629077331655 0.110529599460568 0.000900942387737026 -0.005268925314724 -0.200320358284115 -0.214013234931074 -0.154861914026318 -0.140192312665853 -0.11823180494052 -9999 0.0546264919872966 0.0477715077704032 0.0553308370580641 0.0920925090833541 -9999 -9999 -9999 -9999 -9999 -9999 -9999 -9999 -9999 -9999
-0.0810788994358006 -0.136404226319047 -0.0638572597354138 -0.0439195674470738 -0.0983181129121055 -0.181147624585136 -0.0547645645036679 -0.0929503084922347 0.0839618022944846 0.161859270600856 0.250920589611469 0.215507614658921 0.222445631645344 0.226060301013582 0.205839579608877 0.310673708090884 0.337146260177607 0.387595193988712 0.363478774248732 0.281016767835748 0.316243172777868 0.167969053323232 0.27046021383381 0.196197723945976 0.278899902275616 0.151716947345296 0.115951525361441 0.0427411574632033 -0.102297317384731 -0.102388664728629 -0.179831450107936 -0.179200168570703 -0.132737020653285 -0.140884243033315 -0.101327110746225 0.00552014878020349 -0.0171935755493723 -0.0230830808949243 0.00164191822047377 -9999 -9999 -9999 -9999 -9999 -9999 -9999 -9999 -9999 -9999
-0.0064724994722528 -0.0238528139243656 0.00323729230690157 -0.059303068521868 -0.13331011296443 -0.15857545734207 -0.0403262535498153 0.0128223436629547 0.04202238473195 0.108990878653718 0.240063844075242 0.134875075920976 0.138822662924562 0.208922412680836 0.190455552312039 0.366308850476729 0.360471389071398 0.39491269357305 0.514972354680107 0.391765405740583 0.325155924394303 0.254022343469694 0.217618816308212 0.204167126529075 0.259073626564586 0.181641086518014 0.0809144488184649 0.058074904677771 -0.161634128146203 -0.185699070254108 -0.139612678436868 -0.194125565179165 -0.144513138556322 -0.114692779752882 -9999 -0.025727293443941 -0.0234894578069688 -0.0100518274190117 -0.00123094119258878 -9999 -9999 -9999 -9999 -9999 -9999 -9999 -9999 -9999 -9999
-0.0206990652217735 -0.0314214872771501 -0.0430208700881644 -0.0428720142388801 -0.0109499168282479 -0.0169920886604749 0.0322609093146571 0.0109455048886718 0.0405956564417856 0.0897291807759174 0.0886021653028204 0.161330711386219 0.108086722279161 0.141521613327809 0.129664818508667 0.268625108063246 0.347846359730373 0.387686490003345 0.455732333373481 0.380736152731942 0.381018713841973 0.299231377519823 0.220902044992482 0.290617380925938 0.278611310617173 0.0147413914731591 0.125666207208219 0.168779206020951 -0.0409970358161044 -0.0663950065254004 -0.138140383529048 -0.17771998390278 -0.120559701541428 -0.0656729534372148 -0.0138753067437925 -0.0134172752857003 0.0288649504293509 0.0237992514926253 -9999 -9999 -9999 -9999 -9999 -9999 -9999 -9999 -9999 -9999 -9999
0.0434103471807396 0.0469970632943847 -0.00115285800682801 0.0727605918531624 0.174833889125034 0.165840916449587 0.0918754584350831 0.0329831483228095 0.0302312240747101 0.100197829036668 -9999 0.141598769083993 0.137823303754227 0.13700798551151 0.148444132089826 0.247290494116068 0.34148997257772 0.363448652059548 0.444356226327194 0.39891563634626 0.387126620792695 0.267608869436877 0.317613133449916 0.348154066912557 0.340127635373042 0.305535270264979 0.226970016753178 0.206799225130845 -0.0136954608963993 -0.0184089416039612 -0.0582083495147215 -0.172052732491839 -0.097430050707946 -0.0483498296710027 -0.0445578841921979 0.211509256999364 0.137504419814392 0.0683434917356724 -9999 -9999 -9999 -9999 -9999 -9999 -9999 -9999 -9999 -9999 -9999
0.117486001489656 0.0387770818381247 0.0865166939475366 0.111716922895747 0.202057050631033 0.20365505470882 0.117985350943698 0.0937211578307945 0.0875606079239044 0.123917630768571 0.160010452443294 0.136848871114594 0.155105017442915 0.147818493877604 0.117325335577012 0.199795589749397 0.324315332954694 0.343725518824008 -9999 0.392224607156473 -9999 0.429476078907425 0.350569353921973 0.356554792533655 0.344584277648227 0.380320310560418 0.260637337493773 0.0751992977825965 0.00398251132471413 0.124961646400618 -0.0690061532737053 -0.113440809359353 -0.0406231691176408 -0.0353646354275639 0.0296965281556689 0.0919021264022052 0.0452293837019901 0.0947035224827422 -9999 -9999 -9999 -9999 -9999 -9999 -9999 -9999 -9999 -9999 -9999
0.147666666960379 0.220819697334577 0.142373908959711 0.198284791889795 0.224392642654622 0.186233651146115 0.104601229815213 0.0998396859138705 0.143274695992435 0.147793727512502 0.153091397142196 0.160632168993571 0.18568977862304 0.183992812244655 0.132118293806441 0.259841481503229 0.277660218176274 0.330458592983166 0.329563402377021 0.385890471089638 0.470296995297069 0.399635533664843 0.355184178833155 0.4464559124966 0.408271583074368 0.419657497068324 0.373683047901474 0.229688189307091 0.238102004910514 0.229296203494136 -0.000667948232299642 -0.0134304841137331 0.0965054732881503 -9999 -0.0588413781236398 0.00564141448284447 0.0223215691113897 -9999 -9999 -9999 -9999 -9999 -9999 -9999 -9999 -9999 -9999 -9999 -9999
0.169410024350498 0.147666671787737 0.138778640112676 -9999 0.207209313314589 0.212251477753694 0.146514228954202 0.151554436161569 0.13958791921072 0.253502358149299 0.197770202497152 0.231719700819832 0.219709938494414 0.21654856439618 0.234484643659267 0.266762156807491 0.358823019111223 0.348123350073921 0.307533669307957 0.342590918571784 0.438006677074892 0.423217046756332 0.404043146488155 0.412529115015478 0.479874348181689 0.467161937485852 0.410994278077422 0.360495975847022 0.354116216659062 0.227364291499744 0.102016425525925 0.243106810742333 0.254059575935831 0.302822328222687 0.24573367206604 -9999 -9999 -9999 -9999 -9999 -9999 -9999 -9999 -9999 -9999 -9999 -9999 -9999 -9999
