data/rasters/s3.13.06.li.2_xyz_08_.asc
NCOLS 100 
NROWS 100 
XLLCORNER -4 
YLLCORNER -4 
CELLSIZE 0.08 
NODATA_value -9999 
[rows 22 to 43 of 100, columns 50 to 99 of 100]
0.14601707876557 0.170885174865751 0.243490672560205 0.23678651225419 0.117783295919186 -0.0251579689875428 -0.0592090256312515 0.0572923270774168 -0.0154133041985608 0.0230452963383829 0.0126133153747893 0.033862098080196 -0.00777205580116105 -0.00837400311181888 -0.0260017319768591 0.0519726871512269 -0.04769286236563 -0.0145372298616371 0.0114859350704987 0.00496996715757954 -0.0160870989379019 -0.0573660576186064 -0.0984910877052709 -0.0927666930864216 -0.105856660781568 -0.0909052582348727 -0.0715577515687464 -0.0657056289507916 -9999 -9999 -9999 -9999 -9999 -9999 -9999 -9999 -9999 -9999 -9999 -9999 -9999 -9999 -9999 -9999 -9999 -9999 -9999 -9999 -9999 -9999
0.0944018342149612 0.173554413339701 0.186398891138872 0.293171552346267 0.0290470387589126 -0.171417551964999 -0.155786303973702 -0.0156677022582041 -0.050216518746003 0.0307030507688761 0.0447431961239425 0.0267947587294593 0.0317485892944799 0.0363551792691662 0.00138996767936471 0.0130306315312309 -0.0437724315699843 -0.0207904956593655 0.00265567213062651 -0.00820153131331651 -0.0271996805316017 -0.107080883495741 -0.150610390951683 -0.107772874583748 -0.109915507209525 -0.138959428330382 -9999 -0.139979856934512 -9999 -9999 -9999 -9999 -9999 -9999 -9999 -9999 -9999 -9999 -9999 -9999 -9999 -9999 -9999 -9999 -9999 -9999 -9999 -9999 -9999 -9999
-0.018800860112837 0.175945307537602 0.189727421918947 0.210566938283418 0.0648274861863895 0.141973564281827 -0.104861009507811 -0.216036006354371 -0.10506478152751 0.0208625469039841 0.0374690374908607 0.0208934144709922 0.037650632716924 -0.0986491292873954 -0.0387154699954195 -0.00432432749537376 -0.00371428377876413 -0.00990335419610968 -0.140800248643028 -0.0250991670944246 -0.107750583807748 -0.158075247427355 -0.134535777104365 -0.139256415098148 -0.192367629550901 -0.131884256104975 -0.141484424695667 -0.205957235060649 -0.0703132704802535 -0.0699962396710666 -9999 -9999 -9999 -9999 -9999 -9999 -9999 -9999 -9999 -9999 -9999 -9999 -9999 -9999 -9999 -9999 -9999 -9999 -9999 -9999
0.0692802688846195 0.134545043842236 0.198843571981072 0.187617942253101 0.121713021375671 0.0891726244635806 0.0800825256951653 0.000300547547723971 -0.216624240974922 0.0643615460554382 -0.0257961067444161 0.0222326761424497 -0.000460195097303801 0.0248258219884252 0.0112452139730452 -0.0274604190700239 -0.0116978813055204 0.00814623408767626 -0.151678178320389 -0.163690912088996 -0.116663098541062 -0.138946108233034 -0.117639347626588 -0.124702529113588 -0.168194923595679 -0.15653615873528 -0.140283306583286 -0.203658342475932 -0.154247673549644 -0.0817072825303729 -0.0735552252851575 -9999 -9999 -9999 -9999 -9999 -9999 -9999 -9999 -9999 -9999 -9999 -9999 -9999 -9999 -9999 -9999 -9999 -9999 -9999
0.0263299822201807 0.101137916146694 0.222784434176187 0.193329774075723 0.157586835933887 0.220343987962602 0.0995987787892945 0.0140359731658862 0.0111130892336211 -0.0394798281525417 -0.0727176457246121 -0.0637491332566166 -0.017565200559143 0.0936646282864067 -0.104233661173447 0.0571052057418042 0.0447205254176028 0.00818450325764487 -0.0845811193352559 -0.172696482756793 -9999 0.00152675649260618 -0.0972353327751586 -9999 -0.255815668205062 -0.119817483831764 -0.0728307301384145 -0.0940696676581322 -0.0620116708566566 -0.101789633142624 -0.1202528705183 -9999 -9999 -9999 -9999 -9999 -9999 -9999 -9999 -9999 -9999 -9999 -9999 -9999 -9999 -9999 -9999 -9999 -9999 -9999
-0.00673750711231954 -9999 0.237395218577614 0.213221618493526 0.174756423762524 0.314005454234312 -9999 0.0614859285132575 0.0618160607946118 -9999 -0.10713206286477 -0.17486880418741 -0.11642771468046 -0.0707233336472404 -0.133421033808711 0.0408271436620008 0.0522032115293947 -0.051687099758024 -0.0575033850894723 -0.265279829051518 -9999 -0.0462753662846833 -0.0624349175978183 -0.147240664035308 -0.08734971518083 -0.174574156638246 -0.096118158820793 -0.107628089695831 -0.0650540822694508 -0.0448264975725479 -0.219907506200168 -0.221749809301546 -9999 -9999 -9999 -9999 -9999 -9999 -9999 -9999 -9999 -9999 -9999 -9999 -9999 -9999 -9999 -9999 -9999 -9999
0.0270306621340353 0.0942087041065402 0.189063867796131 0.032366661989382 0.132628265648255 -9999 0.050630756973913 0.0499464150819095 0.113158340443343 0.109298750018075 -9999 -0.191771042282664 -0.0114419946781793 -0.0790809374209547 -9999 -9999 0.0458537842987277 -0.00481854135180739 -0.104211298606369 -9999 -0.0728710756159633 -0.111013470661476 -0.0964856259778791 0.00597763544094928 -0.0480657752883425 -0.118225070853619 -0.191818858234057 -0.104386078772932 -0.165398860471531 -0.210847181035629 -0.215421825696369 -0.181273613835412 -0.170293998863061 -9999 -9999 -9999 -9999 -9999 -9999 -9999 -9999 -9999 -9999 -9999 -9999 -9999 -9999 -9999 -9999 -9999
0.245546154452653 0.202665898965751 0.199923750169583 -0.00675229032124638 0.0181600322384734 0.105233774687089 0.158818993670292 0.0735738606660868 -9999 -9999 -9999 -0.159914448629876 -0.182046737100458 -0.070525115691173 -0.238293678251233 -0.0994247398987834 -0.0212599154769054 0.00721432257178696 0.00539005121487118 0.0160593223409244 -0.0772941762802603 -0.0970778241113562 0.0139122094850733 0.05579004046267 0.00839463702072235 -0.0286937019242509 -0.0971157907320976 -0.153400186541272 -0.161725167785754 -0.191431442655108 -0.246379338030705 -0.192684900355939 -0.144588241714086 -9999 -9999 -9999 -9999 -9999 -9999 -9999 -9999 -9999 -9999 -9999 -9999 -9999 -9999 -9999 -9999 -9999
0.261956731090016 0.326802307061393 0.263402320800555 0.129259895259515 -0.00829930115255106 0.0617588550625579 0.0203495874431046 0.0893255039930988 -0.139339468208001 -0.0993938684491044 -9999 -0.195629044288747 -0.197827790880334 -0.169476846561496 -0.135656847150795 -9999 -0.024175421495512 -0.0046705221354449 -0.0103406801678381 -9999 -0.101702757023522 -0.0629534880239165 -0.0449347985887482 -0.0137200806365757 -0.0772381576870342 -0.00355693419863142 -0.0134916196760811 -0.104439543860466 -0.118063620308364 -0.153039259266236 -0.248978941163947 -0.291607620101577 -0.165921044777781 -0.124130038692328 -9999 -9999 -9999 -9999 -9999 -9999 -9999 -9999 -9999 -9999 -9999 -9999 -9999 -9999 -9999 -9999
0.224228387768799 0.261826788564167 0.211908552271082 0.189358173385826 0.0744654544832008 0.149479709077861 0.0519753312860188 0.0428332819286864 -0.187911154370348 -0.136913423635288 -0.236534974144238 -0.223794676518252 -0.256346657683399 -0.0654626532939585 -0.0733647310639533 -0.0619383718162694 -0.0558197416402376 -0.0361011160739507 -0.048873763225885 -0.37625891866446 -0.036597689804849 -0.0485484897559084 -0.0661979476262682 -0.115351974311575 -9999 -0.0204398478332351 -0.0119276967531085 -9999 -9999 -0.187276030836757 -9999 -9999 -0.185481901891341 -0.254825101170546 -9999 -9999 -9999 -9999 -9999 -9999 -9999 -9999 -9999 -9999 -9999 -9999 -9999 -9999 -9999 -9999
0.174985995778877 0.16286636731671 0.203607374564653 0.213838249603538 0.200104274074083 0.124067026403909 0.0276817328917667 -0.0132744994767821 -0.10671389264021 -0.149928615639475 -0.232513257008043 -0.258072599715123 -0.324684453309577 -0.158185813919803 -0.035445145999652 -0.0463441462453229 -0.062448745235939 -0.049192574360572 -0.0340543512656192 -0.035620523477039 0.0379712606787819 -0.0612008021693055 -0.0893643291340371 -0.0863435810119032 0.00386466395702871 -0.0279991472363768 -0.00878927909528431 0.00317403426004896 -0.010609597546349 -0.056385434420829 -9999 -0.140538848198153 -0.172973262050763 -0.23548561010143 -0.237409695973902 -9999 -9999 -9999 -9999 -9999 -9999 -9999 -9999 -9999 -9999 -9999 -9999 -9999 -9999 -9999
0.128994861735215 0.175730489321217 0.117646398298675 0.12319170308424 0.0416872766277599 0.0512367947855984 0.202882185473689 0.027287604463957 -0.00319533881682078 -0.111508756021961 -0.0550766332980886 -0.100018708922906 -0.117699004601965 -9999 -9999 -0.0674924261454872 -0.0382760921883802 -0.00601189496794261 -0.0725230753697549 -0.0728831628864661 0.00826168825749845 -0.147417197966366 -0.0245114907684013 -0.00547294022961133 -0.0207551556810641 -0.0316659294017588 0.0151676057873735 0.0103471887154986 -0.00995439700943396 -0.0350643858029513 -0.00963575673201426 -0.161746155114023 -0.157722559309952 -0.144062996553454 -0.317331132191816 -9999 -9999 -9999 -9999 -9999 -9999 -9999 -9999 -9999 -9999 -9999 -9999 -9999 -9999 -9999
0.188227224981002 0.234280367335009 -9999 -9999 -9999 0.0184381904242835 0.0503368092048692 0.168660189347614 0.0572570604085291 -0.125969579668244 -0.0962500687087162 -0.0926061467909671 -0.105416920855949 -9999 -0.0170560556375986 -0.0472881074600682 -0.0889201602508737 -0.0815645726056268 -0.0662198934837128 -0.0517399964475858 -0.057388104638654 -0.0364408878061578 0.0532513656653986 0.00661128565982004 -0.108108407832759 0.0353804756623524 0.0410143908227658 0.0121681121161871 -0.0111681071489604 -0.117661603404559 -0.114289140678018 -0.188824291512652 -0.181278933672757 -0.274186301174035 -0.338747957824216 -0.408849506907968 -9999 -9999 -9999 -9999 -9999 -9999 -9999 -9999 -9999 -9999 -9999 -9999 -9999 -9999
0.145814648875712 0.214281682596885 0.113161969674839 -9999 -9999 -9999 0.20286560257306 0.162436435188166 0.0955237999948194 -0.0852035796168376 -0.0671609478748583 -0.0846116189395229 0.0828751937311383 -0.0101491083375084 -9999 -0.0700425875979159 -0.0517496995262767 -0.0859934140136643 -0.0447552889964997 -0.0198086732118566 -0.0216558466153126 -0.20883782962758 -0.0844040300047586 0.0183172358274535 -0.00322390075195617 0.00476361040533518 6.45971391396597e-05 0.00320171152828339 -0.155391625863742 -0.0584433568200711 -0.136055531710201 -0.128389440133754 -0.138607082444562 -0.27720212591057 -0.322846525415716 -0.434842627165536 -9999 -9999 -9999 -9999 -9999 -9999 -9999 -9999 -9999 -9999 -9999 -9999 -9999 -9999
0.21598460471506 0.117690009062633 -9999 -9999 0.118365849291087 0.110682398725681 0.138705423274089 0.118155022609228 0.0594507228179051 0.0189709961342608 -0.0261572308201758 -0.0176466429700243 0.0226204112767943 -9999 -0.0287518525333228 -0.0685310655362005 -0.0816319235072839 -0.0262657807724252 -0.0564103684469857 0.021487903953008 -0.0650286036782939 -9999 -0.122582474004585 -0.134192320466176 -0.0823130779660784 -0.0328710136855701 -0.113570413632618 -0.0560408257421131 -0.198951009994154 -0.116183812617612 -0.172759450948793 -0.20738167160722 -0.29224920621423 -0.230314261859454 -0.298732876739598 -0.395242751566096 -0.440446801877541 -9999 -9999 -9999 -9999 -9999 -9999 -9999 -9999 -9999 -9999 -9999 -9999 -9999
0.245125752207066 0.215684387285594 0.20900957494781 0.0767911637022903 0.0833904883147069 0.0500452818808201 -9999 -9999 -0.0524080538132532 -0.0501897912996778 0.0656814619579138 -0.0255383208027334 -0.0856321158996478 0.0303185057260497 -0.0410838338850075 -0.0597297150129795 -0.0281648114604778 0.00817529866755963 -0.0460158655021509 -0.0996239866871017 -0.166477621626053 -0.220821391861501 -0.174795467057387 -0.0944001422388914 -0.0631262909189696 0.00521440470261088 -0.0963921692594533 -0.0513400386273721 -0.172472850579158 -0.26905377747419 -0.153878373671387 -0.247304733466509 -0.245557544704465 -0.142738438766596 -0.214256675977892 -0.435094577360898 -0.47274951067976 -9999 -9999 -9999 -9999 -9999 -9999 -9999 -9999 -9999 -9999 -9999 -9999 -9999
0.295593889620902 0.283501226315907 0.255392347646367 0.226761185426946 0.0589373619550339 0.0924458771801915 -9999 -9999 0.0828751247703208 -0.0400866839373005 0.0111424347072674 -0.0526817899532002 -0.0109944466973285 0.0125000661356202 -0.0632258241829144 -0.163810330757641 -0.0995925552740071 -0.0345476957220461 0.00534227069718899 -0.0217622504602541 -0.0808997308250228 -0.0947759092943732 -0.117483278412747 -0.0683169145896864 -0.14268548145508 -0.124315926269998 -0.0831974345400864 -0.0411309065755746 -0.0622280323477983 -0.247741461885865 -0.179660656769675 -0.16931917300938 -0.245746445745754 -0.235837646389817 -0.30980502213229 -9999 -0.489421866771598 -9999 -9999 -9999 -9999 -9999 -9999 -9999 -9999 -9999 -9999 -9999 -9999 -9999
0.335361611415056 0.277852948232966 0.278227887124164 0.266566136179433 0.276217644303092 -9999 -9999 0.0256787536385541 0.076391617758936 0.0528656837255404 0.00671127493727924 -0.0320966245280161 -0.0968537639218214 -0.0452488874568455 -0.0433880397208649 -0.031770273241688 -9999 -0.0133834943800151 -0.0746620187906677 -0.0262397035891065 -0.0747890092392733 -0.0493735345652528 -0.0286485191175164 -0.0487009468642415 -0.101715200912019 -0.0687658535378551 -0.103244322552768 -0.0479809925790494 -0.08005353452917 -0.158902346973797 -0.215142623530458 -0.0760267855543125 -0.0509478418916153 -0.304133286492742 -0.304773000929704 -9999 -0.398055038880008 -0.463298220974006 -9999 -9999 -9999 -9999 -9999 -9999 -9999 -9999 -9999 -9999 -9999 -9999
0.348366793398295 0.312180909606585 0.369481332434014 0.397223945684108 0.437858241014682 -9999 0.0462706873887749 -0.00122422458412051 0.0510318235356887 0.0783952736056966 -0.00130736972230561 -0.0668270757160643 -0.103980694085763 -0.0442593618510389 -0.0666171964829971 -0.111099966255073 -0.0414186208724197 0.0203965281606222 -0.0115190642222772 -0.0216626790378375 0.044906336725845 0.0438301446654562 -0.027672525171235 -0.0300935066511524 -0.127000165354621 -0.103306350059467 0.0137721518413799 0.0181459792265568 -0.0714984390862699 -0.180155178338469 -0.279953045422814 -9999 -9999 -0.372514444037037 -0.277948754891256 -0.213837472431592 -0.330118733859018 -0.278366585901476 -9999 -9999 -9999 -9999 -9999 -9999 -9999 -9999 -9999 -9999 -9999 -9999
0.334800866338572 0.302665684241983 0.314451890992341 0.458311614851739 0.295852189380589 0.147118570215648 -0.000743064985374249 0.0321513027096522 0.0130948676645484 0.0167906001245608 0.0432660208777043 -0.00473738863999393 -0.0985625312962602 -0.0246545490766562 0.0228387632115521 0.0201003933385269 0.0147494507991926 -0.0447145301263457 -0.0615036024245717 0.021644331358303 0.0227909272200752 0.0332788639625737 0.0316082844101333 0.00381515426743807 0.0115307690398373 -0.0494017033053011 0.0800406031956883 0.0849917886222839 -0.071975725292656 -0.0305760412222327 -0.398501042116047 -0.454148529873755 -9999 -9999 -0.361630529709612 -0.318352846987069 -0.275012694333222 -0.196591779596292 -9999 -9999 -9999 -9999 -9999 -9999 -9999 -9999 -9999 -9999 -9999 -9999
0.386349825337746 0.323557624556854 0.278333347647546 0.295177663824213 0.210266175232549 0.197810458284757 0.119561564827257 0.153472496471876 0.0870042942468268 0.284603596924336 0.176177006893484 -0.0243524077379196 -0.0741184053777021 0.000345438429142425 0.12298032604984 0.126690983376383 0.106234910974087 0.0071145034274451 -0.0801069185396553 -0.0117706095726959 -0.0121008055569565 0.0239420240152757 -0.057319204469926 0.115075209264025 0.107635650119954 0.0183606522275883 0.0874493420865076 0.0504264280445644 -0.00971537751126531 -0.0115467983384671 -0.0740221315501424 -0.0940686646984587 -9999 -0.0881891949703899 -0.242337623613372 -0.280663354558768 -0.294670225847245 -0.230619244304217 -9999 -9999 -9999 -9999 -9999 -9999 -9999 -9999 -9999 -9999 -9999 -9999
0.333064060252648 0.244338445181557 0.247196005258324 0.22342228673851 0.208098005643337 0.202536358018254 0.189247006730351 0.167615114231058 0.233316078958182 0.268961437921793 0.280040844582762 0.0620708560906863 -0.0219089823078499 0.0341617386782778 0.0726717162205006 0.143396885941735 0.20588579237464 0.0951332191080411 -9999 0.0168509365164203 -0.00256029532426412 -0.0736064181715062 -0.150201424550728 0.00118278453313875 -0.00674752636830572 -0.0794063740643168 -0.279512123672989 -0.0867422558262278 -0.0361043103878588 -0.0194473444584016 -0.062269943400764 -0.108765138880605 -9999 -0.131604488978354 -0.225833781877013 -0.255412758558184 -0.253013453328226 -0.165543842946346 -0.147174936535102 -9999 -9999 -9999 -9999 -9999 -9999 -9999 -9999 -9999 -9999 -9999
