data/rasters/s3.15.06.li.1_xyz_08_.asc
NCOLS 100 
NROWS 100 
XLLCORNER -4 
YLLCORNER -4 
CELLSIZE 0.08 
NODATA_value -9999 
[rows 44 to 65 of 100, columns 0 to 49 of 100]
-9999 -9999 -9999 -9999 -9999 -9999 -9999 -9999 -9999 -9999 -9999 -9999 0.435151429973162 0.441750655338111 0.361732963679866 0.361865825406048 -9999 0.0361813037220685 0.0533538055284806 0.0177235128779242 0.0556511986440799 0.0508354004849387 -0.0232133366899731 0.0184327264587034 -0.00210534266412668 -0.0307242251248021 -0.107233322209118 -0.174492036463172 -0.272979607388054 -0.212732297176471 -0.415273534431446 -0.380995244196355 -0.329141634025707 -0.33880640636664 -0.434624359154714 -0.374965144743901 -0.398174128371929 -0.396596003509882 -0.293544015001339 0.0120738003109901 0.0283468428025613 -0.0622127812021029 0.156221215227425 -0.246335747790379 -0.207573162667977 -0.344230914238593 -0.0633098009114781 -0.0282474262304054 -0.0129172097044564 -0.141892760555571
-9999 -9999 -9999 -9999 -9999 -9999 -9999 -9999 -9999 -9999 -9999 -9999 -9999 0.503894099231115 0.432121614722487 0.341284563292064 0.283117191428076 0.164185956228031 -0.00248402895856889 -0.0252859914307577 0.0109010524405809 0.0821810709050761 0.0562656757935557 0.0090080708519981 0.0193426456633458 -9999 -0.100656203771705 -0.184720159468364 -0.324742518370255 -0.348650566880339 -0.375131256325295 -0.146110438805838 -0.408961018097255 -0.311289856936137 -0.298319140035724 -0.272702458230689 -0.340042791901745 -0.225452373284676 -9999 -0.0459590874576149 -0.0916081346048869 0.0808198563845092 0.0888873313122861 -9999 -9999 -0.115718079649459 -0.100604334427123 -0.0899258635414948 -0.110533970666951 -0.11324627674294
-9999 -9999 -9999 -9999 -9999 -9999 -9999 -9999 -9999 -9999 -9999 -9999 -9999 -9999 -9999 0.234869013832423 0.394506642569908 0.391011400295816 -9999 0.150264913166119 0.0583753427970198 -0.0223522050844084 0.0661900073552569 0.0140583748256015 0.0152526077372499 -0.0651699840047784 -9999 -9999 -0.226153993449756 -0.296886822369206 -0.359271805973138 -0.40707478345678 -0.452090191047236 -0.474082552401747 -0.437919210726737 -0.396467078626694 -0.438135352555978 -0.408120950216913 -9999 -9999 -9999 -0.10275188146351 -0.0669014945951018 -9999 0.176328069978389 0.16279919519209 -9999 -0.0832892617353248 -0.105088403250876 -0.0708992712118947
-9999 -9999 -9999 -9999 -9999 -9999 -9999 -9999 -9999 -9999 -9999 -9999 -9999 -9999 -9999 -9999 -9999 -9999 -9999 0.156071849636754 0.0519482683805622 -0.0311777350955569 -0.00596899470895412 -0.0557991450064639 -0.0916941388767386 -0.132601665017133 -9999 -0.257851929136817 -0.3167208121257 -0.364937386285946 -0.367930346911611 -0.403215103264727 -0.434869370288731 -0.431054474609032 -0.477410974518867 -0.470659643440848 -0.330479566966165 -0.214302807743311 -0.167734906440532 -0.161671150532708 -9999 -0.128010524306982 -0.0152999882472786 0.327613283165571 0.354049272561745 -9999 -9999 -9999 -0.0539063140394687 -0.0374131088288248
-9999 -9999 -9999 -9999 -9999 -9999 -9999 -9999 -9999 -9999 -9999 -9999 -9999 -9999 -9999 -9999 -9999 -9999 -9999 0.218304752980527 0.175971924114624 0.0796920665241834 0.0994233400574561 -0.173523512754126 -0.178514715654849 -0.137634433638545 -9999 -0.116921472082665 -0.310490475044052 -0.31784224214497 -0.376461045833849 -0.3853888594836 -0.446161397454191 -0.422456733685143 -0.464276267703935 -0.492989885101513 -0.452154058670012 -0.411628071897134 -0.201691275490699 -0.181765286204789 -0.195834977635559 -0.17934778970338 -0.0444006885860377 0.238258966048092 0.317667543452432 0.282577884582475 0.182061403183449 0.138028082418711 0.0674568134120327 -0.0358569257598382
-9999 -9999 -9999 -9999 -9999 -9999 -9999 -9999 -9999 -9999 -9999 -9999 -9999 -9999 -9999 0.41921871326928 0.350698794777446 0.375421308825861 0.442373233958529 0.169439301336773 0.162715220895528 -9999 -9999 -0.129183052887349 -0.157902745482767 -0.17764617425953 -0.139698085446498 -0.0405216022134831 -0.338317189719409 -0.352443860002901 -0.372141893732961 -0.362686289879182 -0.381197987975234 -0.42731821748143 -0.0932777322099132 -0.291925361718715 -0.393735168470746 -0.491929886223462 -0.319427418355052 -0.261945020492665 -0.208085624042096 -0.185737124530847 0.172240484350524 0.0672341487078803 0.144616145659474 -9999 -9999 0.156181420773505 0.142642456733281 -9999
-9999 -9999 -9999 -9999 -9999 -9999 -9999 -9999 -9999 -9999 -9999 -9999 0.326217480349813 -9999 -9999 0.413382939166668 0.395938452902895 -9999 0.275109431428895 0.245711626538335 0.324244387502015 -9999 -9999 -0.140055490599821 -0.158716924707163 -0.159550493605449 -0.101511196563111 -0.00330462255539044 -0.0232603532036713 -0.101710640425523 -0.396844965261789 -0.38516349719084 -0.297890077365556 -0.452774230726469 -0.373570441310644 -0.165195797794814 -0.32493477215517 -0.300567559061761 -0.374664511214958 -0.0217257919978233 0.0640326204598149 -9999 -9999 0.281626827756522 0.119213001151902 0.114050822791276 0.709714530962384 0.172797160716481 -9999 -9999
-9999 -9999 -9999 -9999 -9999 -9999 -9999 -9999 -9999 -9999 -9999 -9999 0.341759199836346 0.372850807918919 0.429656850092644 -9999 0.445908003367861 0.336335403700313 0.316547002681763 0.290058564501737 -9999 -9999 -9999 -0.113373105190616 -0.132377202859358 -0.133362020913906 -0.120395845972003 -0.117708433203658 -0.145841465688098 0.0496900966739616 -0.297074847751508 -0.27177218943238 -0.232875278203151 -0.322427469290612 -0.139755375350386 -0.108252395344662 0.056125354957524 -0.109264629475436 -0.334732405796163 0.0193605614516104 0.0866569728919493 -9999 -9999 0.230912197199679 0.157639029925013 0.217196856316159 0.673181697476868 0.618449736678907 -9999 -9999
-9999 -9999 -9999 -9999 -9999 -9999 -9999 -9999 -9999 -9999 -9999 -9999 -9999 0.349995064216243 0.349285516587842 0.331890215413699 -9999 0.415631588157605 0.30081636740101 0.0589806384521362 0.0799401892992054 -9999 -9999 0.0394699334674928 -0.176990227918504 -0.196523443154959 -0.15428052118119 -0.143865786657972 -0.188345546408227 -0.294083111287413 -0.307222354393611 -0.12358766239214 -0.197934174450367 -0.370795085204011 -0.249761805483752 0.0609148928414527 -9999 -9999 -0.380589311079368 -0.295109382629586 0.0747000637374002 -0.00196274730869362 -0.111615080138811 -0.107770485528544 0.173755868859929 0.303146565296082 -9999 0.602734638215472 0.519610391484162 -0.0427793611546767
-9999 -9999 -9999 -9999 -9999 -9999 -9999 -9999 -9999 -9999 -9999 -9999 -9999 0.366708729194075 0.43678812689472 0.291961712205112 -9999 -9999 -9999 0.139250911939517 0.152326009918022 -0.00289278153558462 -0.0938944284157868 -0.038510188121836 -0.159664291587331 -0.270405648049311 -0.225082421874321 -0.236486594089504 -0.187346168292573 -0.293197945656097 -0.312144578629139 -0.0947405765812088 -0.170256487145163 -0.251627325997774 0.142588821729912 0.00639246609561512 -9999 -9999 -9999 -9999 -9999 -0.0508720761498433 -0.040942381114259 -9999 0.182447678401922 0.275874361081165 -9999 -9999 0.608177993179525 0.543681458035815
-9999 -9999 -9999 -9999 -9999 -9999 -9999 -9999 -9999 -9999 -9999 -9999 0.317743950998117 0.393344903041411 0.229304558254717 0.190693495006268 0.208699335670978 -9999 0.159747208263268 0.0155312811763189 0.00755836367369719 -0.00139693403896627 -0.142853214898132 -0.135917563761838 -0.238712667924855 -0.2884423552552 -0.25382091707717 -0.214769144963008 -0.21680449533929 -0.207837772151756 -0.108927626548895 -0.130530918226406 -0.0445448935190501 -9999 -9999 -0.000496305121915704 -0.0390965017812089 -9999 -9999 -9999 -0.128211435596579 -0.145115386081508 -0.120414245565839 -9999 0.157773620724797 -9999 -9999 -9999 -0.0710456924100794 -0.0626739636194385
-9999 -9999 -9999 -9999 -9999 -9999 -9999 -9999 -9999 -9999 -9999 0.682968043556965 0.284430470848158 0.378389018122438 0.150178825939089 0.254264273756107 0.258474740636116 0.324136394215705 0.23458203293168 0.0528529213939413 -0.0720546914385182 0.0673583494809807 -0.0537018848259033 -0.0921578735046681 -0.280248038602142 -0.292110474002919 -0.35110060205798 -0.280897851353258 -0.284628111069079 -0.176900076558568 -0.11156547874401 -0.0272289108072816 -0.010249095050816 0.0633379712793141 -9999 -0.0205587788715634 -0.0217642843786103 -0.0726276179228735 -9999 -9999 0.158415551232965 -0.040174359099983 -0.0961346844521239 -0.118075537990006 -0.050306543194897 -9999 -0.167195875405107 -0.192606013016048 -0.0821929843138699 -9999
-9999 -9999 -9999 -9999 -9999 -9999 -9999 -9999 -9999 -9999 -9999 -9999 0.237121351163356 0.232158418715853 0.162523693126198 0.20645229309248 0.316713093750546 0.304309929005754 0.196727326439079 -0.0230490863043286 -0.0648833151448718 -0.090100359944874 -0.0609380669583309 -0.166202645508372 -0.244343977126902 -0.233102797296251 -0.298326501083044 -0.297613617559391 -0.262177286482919 -0.25232246269843 0.0181770406192937 0.0390860899288906 0.170882487151631 0.132565607500336 0.0447384720122301 0.0170567785803942 -0.0423005075077489 -0.071704725449004 -9999 -0.159640911610549 0.150859575765761 0.153401183751784 -0.13796054670761 -0.0971741367335597 -0.0546791362484923 0.105108148589671 -0.209420833700275 -0.191528909606534 -0.0942349077758006 -0.145875030984823
-9999 -9999 -9999 -9999 -9999 -9999 -9999 -9999 -9999 -9999 -9999 -9999 0.518660811047461 0.147693141113809 0.153563769493186 0.172012528501041 0.186413704288803 0.298397586707639 0.179829812527379 -9999 0.112642927510168 -9999 0.0423868395449175 -0.135678975205449 -0.261401113418814 -0.275580119325236 -0.252297507138369 -0.190005269304134 -0.10386648035877 -0.133757124909856 -0.097026345567387 0.113688491146981 0.16559628256671 0.209086436401501 0.167356712844712 -9999 -0.0172512948293684 -0.0367221318864215 -0.0441764709089745 -0.154991970641247 -0.24636480271384 -0.125870684896876 -0.218462833556122 -0.121915293882473 -0.0369764316756873 0.000317922646147116 0.102251880114855 -0.113174325529162 -9999 -0.125802874687514
-9999 -9999 -9999 -9999 -9999 -9999 -9999 -9999 -9999 -9999 -9999 -9999 -9999 -9999 0.133246004704905 0.161645702480353 0.206222548300118 0.17378191287983 0.0355667857243933 0.0443568554424379 0.101186529275711 0.0886755076632759 0.0579178195427013 -0.172508415671332 -0.114559497291934 -0.247035560264963 -0.177834102886785 -0.172323712547349 -0.174796904106596 -0.162795841949454 -0.0926008686082767 -0.00777743015361097 0.106292045962769 0.197543634629348 0.251310361309833 0.315366956369314 0.264550333797145 -0.0385725755771014 -0.0304572854543045 -0.0310908212861264 -0.0950893994557796 -0.249307340821021 -0.266898117026039 -0.224725624443925 -0.173149980648184 -0.202123312657952 0.0441285838387342 -0.07017222930729 -0.135678244637169 -0.0837166388788613
-9999 -9999 -9999 -9999 -9999 -9999 -9999 -9999 -9999 -9999 -9999 -9999 -9999 0.377526896305339 0.35727680120973 0.496619569999644 0.550178165580582 0.0384109593762235 0.00443403422876626 0.0748006129449875 -0.0137159591181086 -0.00832462567861032 0.0620087200389211 0.00683718260070171 -0.0555635538392873 -0.204794401073659 -0.160719167564753 -0.188789817221553 -0.228295623406345 -0.115565390632186 -0.0943595749480762 0.16153362199936 0.0647376925820461 0.0793192895490318 0.268962995987517 0.316678741407731 0.308486059035186 -0.0129562442405521 -0.0839374613482761 -0.0739587425464478 -0.14980191875733 -0.240711918755191 -0.281118591580289 -0.270082584087316 -0.244779978031425 -0.18334049786516 -0.110331422229175 -0.0986760664192483 -0.0521530598990856 -0.0664092950828728
-9999 -9999 -9999 -9999 -9999 -9999 -9999 -9999 -9999 -9999 -9999 -9999 0.337008454556727 0.228151273737775 0.292173592794876 0.320139137655737 0.432310238498805 -0.0954581955630136 -0.0584274342751316 -0.0668112489420501 -0.0519399682601579 0.0345669031479342 0.0452830642075571 -0.0527945586857882 -0.00515064547736664 -0.0123449502271582 0.0570706372152134 0.0966620953443448 0.442878890307707 0.246497928981247 0.0119235609047644 0.0705514179387441 0.145061688429344 0.153843993797792 0.146787056584848 0.317863021500123 0.424512614406007 -0.136338207024805 -0.156969162495425 -0.149996793977041 -0.260065063473482 -0.262302394912717 -0.29565199108544 -0.282196663700922 -0.302741030042606 -0.3100151923867 -0.105826282782005 -0.116838120451566 -0.120723310958203 -9999
-9999 -9999 -9999 -9999 -9999 -9999 -9999 -9999 -9999 -9999 -9999 -9999 -9999 0.39508530949278 0.248479726740521 0.206870599309302 -9999 -0.035487025237411 -0.0406079543274625 -0.0835174143006953 -0.0108095207315125 0.0511803101191376 -0.067899526975621 -0.0904851644025396 0.126252583007664 0.16220465800875 0.257672364636571 -9999 -9999 0.296512039642745 0.190246246793305 -9999 0.0343277187672173 0.375478196296264 0.360544255704708 0.33667477500346 0.501938484411288 -0.18450468796743 -0.154855585162848 -0.21400760192528 -0.283170868367666 -0.280272596360123 -0.269260538128867 -0.296198980384156 -0.273370138403088 -0.300937185499665 -0.317639377390813 -0.124359816188317 -0.0849239401155489 -9999
-9999 -9999 -9999 -9999 -9999 -9999 -9999 -9999 -9999 -9999 -9999 -9999 -9999 0.246297518984451 -9999 -9999 -9.22393307113008e-05 0.0314249108211325 -0.0363379094131722 -0.00148920300147525 -0.0630142144642885 0.00158650976148908 -0.00150221153674318 0.142166587206531 0.124285668316482 0.159682144830827 0.252277714096261 -9999 -9999 0.253930365000106 0.131999865543513 -9999 -9999 0.424057753371976 0.443093567209762 0.362825312661496 0.356253616231063 -0.152252164086813 -0.168938839170521 -0.146206462810946 -0.299035362877338 -0.26028016003606 -0.231865921568726 -0.309285002038793 -0.312271167227535 -0.292583527949677 -0.230067183892892 -0.182389539662809 -0.0524669972893285 -0.0226481162328654
-9999 -9999 -9999 -9999 -9999 -9999 -9999 -9999 -9999 -9999 -9999 -9999 -9999 0.203877837749018 0.151974351523426 -9999 -0.0445188303261579 -0.00397749487254253 -0.0736107019719497 0.058786048951385 0.117765282977934 -0.00362285875737097 -0.0306874013715052 0.147545102716607 0.151996079376601 0.157932168234088 0.188753342275408 -9999 -9999 -9999 0.114173972652461 -9999 -9999 0.342036115707848 0.387391886039571 0.305876512352579 0.17004368779847 -0.145934614083822 -0.110756193694582 -0.0195201966109403 0.0524753270613429 -0.22730290055814 -0.210581217730156 -0.212435526879449 -0.201786719252814 -0.251529080331009 -0.23552628978215 -0.21586777332802 -0.146146835643781 -0.0774688375252515
-9999 -9999 -9999 -9999 -9999 -9999 -9999 -9999 -9999 -9999 -9999 -9999 -9999 -9999 0.0529833741362596 0.145244771781495 -9999 -0.0219502029946905 0.0304295671696867 0.0590195262593741 0.139504768927232 0.211925052042614 0.0327391465326473 0.157173464459314 0.214803473888749 0.201440602884953 0.253639029816632 0.21923075063814 -9999 -9999 -9999 0.15515437784382 0.178586928473684 0.156048585323067 0.313700059393713 0.212917048558277 0.178300181614466 0.0462623791508792 -9999 -9999 -9999 -0.263562791809099 -0.282404213810672 -0.246246325411489 -0.259511535261083 -0.234312310685368 -0.292540424593703 -0.242079848981075 -0.0360184344008031 0.00397370473315904
-9999 -9999 -9999 -9999 -9999 -9999 -9999 -9999 -9999 -9999 -9999 -9999 -9999 -9999 0.0480365987815084 0.0327161106718798 -0.0336351738963052 -9999 0.0762390865516204 0.0680248897258556 0.0666704573313228 0.162599297813872 -9999 0.261085047193895 0.21840982317281 0.234164971487926 0.216425293193543 0.15690283618352 0.185255377880048 -9999 0.177126921355837 0.163314413146619 0.173895379210111 0.160506356692866 -9999 0.195108240850949 0.183986347665992 0.141979381543143 -9999 -9999 -9999 -0.141980844251145 -0.317122299364259 -0.16382353026735 0.0446205164113654 -0.0537042837730306 -0.288065153673085 -0.0143974755084716 0.00537694379745125 0.0168251051033077
