data/rasters/s3.18.05.cu.1_xyz_08_.asc
NCOLS 100 
NROWS 100 
XLLCORNER -4 
YLLCORNER -4 
CELLSIZE 0.08 
NODATA_value -9999 
[rows 46 to 68 of 100, columns 0 to 51 of 100]
-9999 -9999 -9999 -9999 -9999 -9999 -9999 -9999 -9999 -9999 -9999 -9999 0.331050832439823 0.395522313553717 0.380325559095735 0.500229165470437 0.467091277152138 0.469129297242867 0.480048746513834 -9999 -9999 -9999 -9999 -9999 -9999 -9999 0.0956493542952932 0.0149014569817716 0.00723148335995186 0.0794621449019091 0.0761304585811895 0.12127781835077 0.138373339642361 0.211800416641303 -9999 -9999 -9999 -9999 0.261627885206585 0.263376395665623 -9999 0.26094817647368 0.250044349395052 -9999 -9999 0.364113689554419 -9999 -9999 -9999 0.345567373198224 0.32278479753345 0.24799810952004
-9999 -9999 -9999 -9999 -9999 -9999 -9999 -9999 -9999 -9999 -9999 -9999 0.398726613399864 0.353532583076942 0.362125121870486 -9999 -9999 0.469522549305935 0.483458553360699 0.434791099371559 -9999 -9999 -9999 -9999 -9999 -9999 -9999 -9999 -0.0979306655706524 -0.0376823513309795 0.0110767278816114 -9999 -9999 -9999 -9999 -0.0231319982872333 0.00606934107821903 -0.00600397316633756 0.0607693456152287 -9999 -9999 0.29777990651862 0.340426864803466 0.35384368128 0.308142143910417 0.335761746128005 0.309840429120752 -9999 -9999 0.364415748955706 0.301010809978695 0.248501430387017
-9999 -9999 -9999 -9999 -9999 -9999 -9999 -9999 -9999 -9999 -9999 -9999 -9999 0.305509418817474 0.362257627943331 0.433584474176171 0.414482579269689 0.393482537754273 0.465451356561207 0.446845378493885 0.410346510556184 -9999 -9999 -9999 -9999 -9999 0.188353189599394 0.211341129173739 -9999 0.0454932058475066 0.0318987067594378 0.198595114930167 -9999 -0.12225518527385 -0.121486312233544 -0.0639337331288423 -0.0672465498311768 -0.0797789645456283 0.0242205032565829 0.0776092183984882 0.0763836559319767 0.256600814619209 0.244697553313427 0.320141030260922 0.299471999698425 0.309389931547816 0.298341022103044 0.316292642810621 -9999 0.316970141058307 0.275180693794963 0.259495194642248
-9999 -9999 -9999 -9999 -9999 -9999 -9999 -9999 -9999 -9999 -9999 -9999 -9999 0.267778593214611 -9999 0.509762961359792 0.483174692133848 -9999 0.462744700561446 0.401428111014561 -9999 0.300658447989904 0.259244087291759 -9999 -9999 -9999 0.229496632360205 0.203751256766035 0.00390415103029312 0.0147851847767299 0.0426504659238901 0.106798877638043 -9999 -0.112368072247246 -0.0120277502457643 -0.15906178477802 -0.151401128572677 -0.163335952484791 -0.10377160397081 -0.0609299569170217 -0.0323435539344525 0.0109353752621621 0.0816585908509939 0.133107436267602 0.0852249632618945 0.231241823004181 0.25929800829912 0.280261417939579 0.33672562993746 0.25466671179905 0.270182280403583 0.271487876099803
-9999 -9999 -9999 -9999 -9999 -9999 -9999 -9999 -9999 -9999 -9999 -9999 0.276002589178048 -9999 -9999 0.638623984970061 -9999 0.471822098342983 0.426170210888927 0.374771497366438 -9999 -9999 0.364852349586951 0.396638354778091 -9999 -9999 0.169137214220689 0.11459106282595 0.0640323327464263 0.066935770315401 0.0881861352455074 0.11976062029871 -0.0093581911155501 -0.0115505281748248 -0.104524300188642 -0.263043539399615 -0.219422227365836 -0.195108866986707 -0.177844345734164 -0.208968998469811 -0.131106912854645 -0.0906096509407945 -0.061402611066029 0.0349401012140912 0.0934120105897527 0.215234787941597 0.305411973205833 0.258040258999786 0.237490926047486 0.222961337132434 0.249165977549338 0.261930574768424
-9999 -9999 -9999 -9999 -9999 -9999 -9999 -9999 -9999 -9999 -9999 0.356612739001096 0.258654966282402 0.276948865563137 0.570040537755205 0.610073796973204 -9999 0.478422854701755 0.464159674189778 0.41707644945698 -9999 -9999 0.319669547167154 0.361328062063425 0.345270891354339 -9999 0.115769767168237 0.118190409088616 0.0553679180889509 0.102130463965147 0.0716894386713684 0.0383840249832524 0.00958112497066108 -0.0941339766213127 -0.238268594740242 -0.256044029384567 -0.244052664314789 -9999 -0.294862379616256 -0.271073041907281 -0.213835798081176 -0.233373114219363 -0.19247541158095 -0.0468115498745588 0.0231792100764914 0.146809094144735 0.312993535816706 0.240297582279645 0.199750480520062 0.21745573207285 0.210456726484058 0.236768548773139
-9999 -9999 -9999 -9999 -9999 -9999 -9999 -9999 -9999 -9999 -9999 0.336763048134905 0.283225985088059 0.264948169156859 0.208818052824171 0.199047109801584 -9999 0.463063987017323 0.369263832484223 0.437318319910591 0.449318150372635 -9999 -9999 0.30699487904031 -9999 -9999 0.124669928597513 0.111948922603574 -9999 0.128128408656318 0.0447572176898162 0.00110108298305021 -0.0944396095749684 -0.142939194853798 -0.245487232682487 -0.278859239782314 -0.265514746523704 -9999 -0.29749998444811 -0.314024414423636 -0.285349965028353 -0.256610022136729 -0.164771982047973 -0.0401196970637174 -0.0335004081654158 0.115741797821275 0.170283208430401 -9999 -9999 -9999 0.152850498731844 0.188185990053758
-9999 -9999 -9999 -9999 -9999 -9999 -9999 -9999 -9999 -9999 -9999 0.368799424022749 0.320017430388955 0.346989996287838 0.15947243351171 0.127493359163504 -9999 0.328281964460999 0.328335790349787 0.327548319708426 0.423369652315146 0.390597713659337 0.387971887764849 0.206467011044038 0.230987696988524 0.176530471953958 -9999 -9999 0.107958750634091 -9999 0.0583783545480989 -0.0972305276954763 -0.159623726995514 -9999 -0.297942050059068 -0.30788563665342 -9999 -9999 -9999 -9999 -0.317234817938815 -0.254629889279338 -0.154823500425524 -0.0991385958436228 -0.0526797247502396 0.0302790970220339 0.106958621655549 -9999 -9999 0.182426853657964 0.143635650402585 0.159093526254532
-9999 -9999 -9999 -9999 -9999 -9999 -9999 -9999 -9999 -9999 -9999 0.2500563634542 0.302937906108245 0.306527779172476 0.144824590959504 0.0958814040853304 0.321067932313475 0.307783084383259 -9999 0.358038627782468 0.407271841059956 0.398462571128274 0.338610013596594 0.314617926897036 0.260545587531824 0.211411940194614 0.150716188387682 0.166928709309221 0.115777932212493 -9999 -9999 -0.105758068894811 -9999 -9999 -0.31408553557569 -0.282511890316631 -9999 -9999 -9999 -0.318282346778533 -0.207199326733253 -0.222029098246271 -0.173475659150276 -0.119840819448488 0.00236866130725561 0.0490615754437071 0.205685157345539 0.165111033943779 0.101877948798863 0.108608123191288 0.0971872620509494 0.16046936304943
-9999 -9999 -9999 -9999 -9999 -9999 -9999 -9999 -9999 -9999 -9999 -9999 -9999 -9999 -9999 0.0347187102831099 0.368736797605281 0.381033726650194 -9999 -9999 -9999 0.394470543326206 0.307257496561923 0.272797396603123 0.226327444370437 0.193884271807166 0.175372021063339 0.141324501059248 0.136593482252996 -9999 -9999 -0.119336626997355 -0.205420690058682 -9999 -0.290081838529532 -0.442455102778175 -0.263461271280002 -9999 -9999 -0.372790997672687 -0.420762113668132 -0.371676076906381 -0.261135755617629 -0.169924973320194 -0.119016608613442 -0.0429575053518047 0.0376259476851187 0.1406660105006 0.143561356432385 0.131549737391591 0.0842268843290488 -9999
-9999 -9999 -9999 -9999 -9999 -9999 -9999 -9999 -9999 -9999 -9999 -9999 -9999 -9999 -9999 -9999 0.410861197372586 -9999 -9999 -9999 -9999 -9999 0.304129688207411 0.285331252231736 -9999 -9999 0.159340028403938 0.153278189415978 -9999 -9999 -0.0645182167158016 -0.119110219658975 -0.153300350610028 -9999 -0.348236977615841 -0.465326324941666 -0.445041342763436 -9999 -9999 -0.321993625652547 -0.38519472716939 -0.41798792946975 -0.320349542052124 -0.219139601515635 -0.193850719142785 -0.0466241379922349 -0.0218145641426737 -0.0158266535081605 -9999 -9999 -9999 -9999
-9999 -9999 -9999 -9999 -9999 -9999 -9999 -9999 -9999 -9999 -9999 -9999 -9999 -9999 -9999 -9999 0.416279854483294 -9999 -9999 -9999 -9999 -9999 -9999 0.292520025538899 0.244921233273126 0.283622144296274 -9999 -9999 -9999 -9999 -0.104640875695898 -0.144927814954543 -0.105777506702915 -0.11317988061357 -0.374795955447079 -0.469493822708327 -0.443541946623288 -9999 -9999 -9999 -0.279999980124576 -0.39635030065225 -0.360567328222944 -0.35099966423703 -0.186097948461642 -0.130499752061822 -0.0535672282217452 0.0068308542735408 -9999 -9999 0.384776533263465 0.109199039391335
-9999 -9999 -9999 -9999 -9999 -9999 -9999 -9999 -9999 -9999 -9999 -9999 -9999 0.327735228605295 -9999 -9999 -9999 -9999 0.367982242358442 -9999 -9999 -9999 0.389507931654243 0.319434440266151 0.266776059248027 0.158691676041995 -9999 -9999 -9999 -9999 -0.0735281486695624 -0.138317246129616 -0.151776572466033 -9999 -0.469160988617925 -0.531607900311708 -9999 -9999 -0.431019732793225 -0.432967691681011 -0.279696144363851 -0.216812190983877 -0.391652949185768 -0.225357307944384 -0.174921342956884 -0.0866865137554192 -0.0341464083256188 0.107672679544203 -9999 -9999 0.295533224162864 0.137333887579524
-9999 -9999 -9999 -9999 -9999 -9999 -9999 -9999 -9999 -9999 -9999 -9999 0.481388579822396 0.345399052478416 -9999 -9999 -9999 0.480432900918181 0.378794060795805 -9999 -9999 -9999 0.385949238563553 0.368079261886676 0.274520823427492 0.0838931072192923 0.085577121340975 -9999 -9999 -9999 -9999 -0.157477113337973 -0.166729211753599 -9999 -0.404118524493654 -0.481838681612356 -0.570592088944965 -0.269768185735689 -0.351700816726369 -0.399646920347875 -0.386597520736962 -0.314567091931164 -0.248032093688108 -0.175402664549944 -0.159891780550427 0.00775570063986573 -0.0429712443075859 0.0169357055317104 -9999 -9999 0.244093479989047 0.152428476638083
-9999 -9999 -9999 -9999 -9999 -9999 -9999 -9999 -9999 -9999 -9999 -9999 0.63508436963489 0.549857641817143 0.490246137360339 0.409862149668175 -9999 -9999 0.376221804477502 0.271799537368675 -9999 -9999 -9999 -9999 0.232232769471998 0.220748843155776 0.0933552338360102 -9999 -9999 -9999 -9999 -0.159351333981237 -0.168559513976985 -9999 -9999 -9999 -9999 -0.124321282558849 -0.344438867681019 -0.354012425752038 -0.369629987183071 -0.295986006481177 -0.271163901405088 -0.234696354918197 -0.22899238602083 -0.0532797539787986 -0.00198319465693235 0.0849444089376686 -9999 -9999 0.223813783314824 0.162331780980643
-9999 -9999 -9999 -9999 -9999 -9999 -9999 -9999 -9999 -9999 -9999 -9999 -9999 0.572139564423657 0.464832164152288 0.412557046339699 0.484281514223694 -9999 0.288758152580608 0.289403540112117 -9999 -9999 0.256238884369803 0.10342128859932 0.238474991520634 0.200474231190646 0.123325893380294 -9999 -9999 -9999 -9999 -0.101300086262652 -0.10815816233433 -9999 -9999 -0.173025097534538 -9999 -0.0963137962169437 -0.191305629010889 -9999 -9999 -0.15915824005698 -0.269196812826493 -0.209727904717694 -0.187819262884164 -0.101825670795714 0.290332524482981 0.132626010645968 0.128669016815371 -9999 -9999 0.166409686380311
-9999 -9999 -9999 -9999 -9999 -9999 -9999 -9999 -9999 -9999 -9999 -9999 -9999 -9999 -9999 0.271147284355093 0.432714440585339 0.404812061164451 0.401679422127162 -9999 -9999 -9999 0.254048323983446 0.167274296637077 -9999 0.146276485166891 0.136521176117246 0.159848187039524 -9999 -9999 0.0246460596558263 0.0231797430102305 0.0778111607731838 0.0736505696588605 -9999 -0.211150924975082 0.148475638833152 -0.17852928745582 -0.222963010903856 -9999 -0.16007676184792 -0.193218814869371 -0.224228451528097 -0.176990889025376 -0.0541747471969313 -9999 0.15264780937624 0.169764928629604 0.340425090805082 -9999 -9999 -9999
-9999 -9999 -9999 -9999 -9999 -9999 -9999 -9999 -9999 -9999 -9999 -9999 -9999 -9999 -9999 -9999 0.368033031145153 0.379999648719976 0.385235741613317 -9999 -9999 -9999 0.251075203471595 0.249713642591798 -9999 -9999 -9999 0.0504599159284088 0.0444921227782788 -9999 0.0486071449305148 0.0312480203236653 -0.0541648297971994 -0.0152454029403258 -0.226735998284788 -0.235403597658142 -0.0326217055996126 -0.0301111936674004 -0.210211324693076 -0.238091233720861 -0.221305283620102 -0.185424103692536 -0.261145420678581 -0.142393363785644 -0.0687515128314225 -9999 0.164465241069002 0.199072508198318 0.292812803963999 0.243663928412751 0.256303470003301 -9999
-9999 -9999 -9999 -9999 -9999 -9999 -9999 -9999 -9999 -9999 -9999 -9999 -9999 -9999 -9999 -9999 -9999 0.314161380041577 0.291833860012583 -9999 0.0598057899815133 -0.000581337294565257 -9999 -9999 -9999 -9999 0.0380931981598159 0.0866124971371229 0.10315995313468 -9999 -9999 0.0391000948258121 0.00611270866827835 -0.0286940807550805 -0.212573956276948 -9999 -0.00838917384053984 -0.027787410326284 -0.0812578887783588 -0.1041330813434 -0.198906272363563 -0.194339811027087 -0.130071766063473 -0.10043359338296 -0.0747383979563814 -9999 0.215129682185587 0.233197958068956 0.236278865812881 0.196372947165671 0.101465050417094 0.141576055006193
-9999 -9999 -9999 -9999 -9999 -9999 -9999 -9999 -9999 -9999 -9999 -9999 -9999 -9999 -9999 -9999 0.370306367667174 0.297261994385901 0.291928920061912 0.273725837709425 0.0431440616212264 0.00454439817991707 -0.0502600510864939 -9999 -9999 -9999 -0.0348882633771529 -0.0148163592714549 0.054060282122447 0.150662492519327 -9999 0.0292795435930564 -5.56878888544175e-05 -0.0375574180239322 -9999 -9999 0.0551209363328375 0.0221887137969243 0.014432090958945 -0.079624540833009 -0.127149914141791 -0.0965411144048226 -0.0587064786266923 -0.0523686441410336 -0.048045131669288 -9999 0.177596168481345 0.180840251441387 0.186833444825685 0.112615614783984 0.119204652486078 0.093460785604602
-9999 -9999 -9999 -9999 -9999 -9999 -9999 -9999 -9999 -9999 -9999 -9999 -9999 -9999 -9999 -9999 -9999 0.328985710192172 0.258977272303942 0.119048739964267 0.00646359972210148 0.0140074053570614 -0.106878962721051 -0.0943844911401458 -9999 -0.0402873788926206 -0.0484524739422547 -0.105745658329767 -0.106544660347157 0.108185717991138 0.0527326471202704 0.0670512855457567 -9999 -9999 -9999 0.0196036757780158 0.0575536997640396 0.0607127702412096 -9999 0.279740824842006 -0.0123813213931029 -0.0533453116296079 -0.0799778703292695 -0.072617586067632 0.0857994206090662 0.124504636600775 0.138712526582353 0.0955318711562799 0.132779978490811 0.0909866810522411 0.0841027158158658 0.0279202923336351
-9999 -9999 -9999 -9999 -9999 -9999 -9999 -9999 -9999 -9999 -9999 -9999 -9999 -9999 -9999 -9999 -9999 -9999 -9999 0.0903151680831509 0.0647033785359973 -0.0202801730905341 -0.0949614299123753 -0.0435039262768062 -0.039556792274442 -0.0616716627862023 -0.124692849137264 -0.118693188710169 -0.0698430007585901 -0.044425621961223 0.00345252398381924 -0.000312457389994252 0.104444794954367 -9999 -9999 -9999 0.101258069116038 0.123441462368861 -9999 0.188712981841553 -9999 0.209457739159083 0.198249803617503 -9999 -9999 0.192877143222947 0.152349389250388 0.234307155435765 -9999 0.0844988238997121 0.0649143116727167 0.0520457511142183
-9999 -9999 -9999 -9999 -9999 -9999 -9999 -9999 -9999 -9999 -9999 -9999 -9999 -9999 -9999 -9999 -9999 -9999 -9999 0.116498705816562 0.0291180813650471 -0.0880411036051725 -0.0844528952384231 -0.0641367359568013 -9999 -0.0795632533652615 -0.143393210872112 -0.13974201743669 -0.109672100729875 -0.0907904568971336 -0.0543391871947345 0.1861782645303 0.110780530532903 -9999 -9999 -9999 -9999 -9999 -9999 0.203617480374622 -9999 0.200063522103221 0.175751781861653 -9999 -9999 0.0654842809866054 0.0558458760562208 0.169870327680202 0.0318007144957123 -9999 -9999 -9999
