data/rasters/s3.15.06.li.2_xyz_08_.asc
NCOLS 100 
NROWS 100 
XLLCORNER -4 
YLLCORNER -4 
CELLSIZE 0.08 
NODATA_value -9999 
[rows 42 to 62 of 100, columns 48 to 95 of 100]
0.0786584204455169 -0.000581365669250661 -0.0258295967443493 -0.0706070701410283 -0.119871873575344 -0.0225019390859066 0.174991582899009 -0.0335457796064801 0.273089470335904 0.265819741521609 0.165665071052212 0.0789146157538924 0.130160910796406 0.0817268937178202 0.105313722773577 0.0319572857633245 0.0639413208711855 0.176851233706319 0.139231673756732 0.144625903102129 0.131972727612797 0.140257568241473 -0.00883181509998941 -0.0745047541863554 -0.0842106398264378 -0.0878544071466906 -0.11142056074619 -0.0927950526123365 -0.104293389089692 -0.0956549263005757 -0.0592766390354719 0.026186292130485 0.0147365665129869 0.0367333972655432 -0.0952927387599087 -0.0193915015885787 -0.0886044051381717 -0.174269885321972 -0.192936453124368 -0.17649700755241 -9999 -9999 -9999 -9999 -9999 -9999 -9999 -9999
0.0937812565443761 0.0559174475585024 0.00637550883064505 -0.0667483398972877 -0.0837412926324648 0.0463946332163961 0.321194808543085 0.391727244767383 0.326482405029857 0.260585950665002 0.195339938893846 0.187757455813114 0.0923950382564104 0.0976404969593906 0.113110012575923 0.0510745393749226 0.0942405188655179 0.183019578267113 0.249252078541036 0.256074964295048 0.204943425912062 0.0123699370081691 -0.0241735293411372 -0.0467508144854968 -0.0471301030904898 -0.104714381881481 -0.0973661669683536 -0.0918337226402048 -0.107653872769211 -0.0829113219451753 -0.0308460258478181 -0.00499127148692212 -0.0744493167894193 -0.0656063152251352 -0.178208469789021 -0.151113419206016 -0.215716534382497 -0.256632034701898 -0.267054229625361 -0.240932513016764 -0.217514816834995 -9999 -9999 -9999 -9999 -9999 -9999 -9999
0.0656163986649853 0.0712797181568462 0.0569988769258734 -0.0209947029995762 -0.0541998973345988 0.0908890097911328 0.323332265251174 0.370354404530527 0.434334336607766 0.325036990487178 0.0269993712625132 0.0581424510874432 0.0881266554480662 0.150105961341459 0.10116337028688 0.152654703466388 0.17722279918695 0.200726793447494 0.295734445492171 0.401469428681712 0.251136727095214 -0.0263417117610587 -0.0225189440392222 -0.0367462601693831 -0.0315225312450121 -0.0622302204388447 -0.0606234562100317 -0.0387686490815552 -0.0473634365443123 -0.0396134591425169 -0.0114112911045977 -0.0465734395603477 -0.0922011375073427 -0.125889632632267 -0.21300399345621 -0.225400922351619 -0.26984422809664 -0.250463462226943 -0.248899537389493 -0.258602928276696 -0.253469031819886 -9999 -9999 -9999 -9999 -9999 -9999 -9999
0.0716142332749501 0.0729393022087191 0.0966134829029134 0.110021035867042 0.0990764948691716 0.236696767968279 0.348527948757755 0.397647263781471 0.482248577378732 0.28206422592855 0.170134782826813 0.049592357622557 0.0793639447103681 0.117432360872033 0.145528305831949 0.166258849416423 0.167973988908981 0.193042973939463 0.27745953013643 0.342161109006427 0.208580452718977 0.334036183568974 0.0263107057693093 -0.0725853827344596 -0.105670341586637 -0.0223054498555813 -0.0932214163629909 -0.013678243367636 -0.056103170051941 -0.049121044284749 -0.00807843961451265 0.0245521655102263 -0.0176432670756383 -0.0292122345631964 -0.14808793578108 -0.235951766525725 -0.249258291071818 -0.200789540819764 -0.241233749649635 -0.232466658931929 -0.292886450397218 -9999 -9999 -9999 -9999 -9999 -9999 -9999
0.207242942058457 0.0797590428963974 0.137314812269325 0.158141923860482 0.135279236364278 0.228325537890869 0.368966970766254 0.448951656808703 -9999 0.124200712619122 0.135616214421448 0.115328834780662 0.0555212544557771 0.0806314523487695 0.124407942310602 0.088785888929633 0.099054679787493 0.180140214636822 0.229519165907926 0.328902702316895 0.177467099854427 0.123730625108796 -0.0380282663360209 -0.0702763033322496 -0.0316927566895298 -0.117875432170096 -0.0621074589854523 -0.0205891287471232 -0.0351152731891353 -0.0287752095402273 -0.0570509974087177 -9999 -0.0421240318862259 -0.0630141750855813 -0.165413720988554 -0.180812233083625 -0.138144961911585 -0.205543534122693 -0.263920995270276 -0.287865204366166 -0.245751399751935 -9999 -9999 -9999 -9999 -9999 -9999 -9999
0.168466783758878 0.112452861873582 0.0882668937531193 0.138312644882236 0.232500235217871 0.343415311976739 0.397918158957548 0.44735033568804 0.455392117015824 0.277952735124197 0.174123398964093 0.14127048395004 0.0994215307105921 0.0997911384745627 0.0850121858323399 0.0989783807816434 0.145870695512844 0.146479527963781 0.150435873811138 0.155908136193499 0.122356195866039 0.0922320854844053 -0.0433825375351105 -0.0330136657476989 0.014119565983729 0.0438973680967628 0.0264771343217643 -0.0252990750114096 0.00346274650192188 0.0608743038572748 0.0856057572936127 0.0270674153157325 -0.1252727511102 -0.18684815728713 -0.211158580784098 -0.199520648934748 -0.225859477551812 -0.256706217702154 -0.317266718400869 -0.283436082807013 -0.288752355636067 -9999 -9999 -9999 -9999 -9999 -9999 -9999
0.226536942303913 0.141252706643894 0.0618561514929926 0.139829288642577 0.274244216314695 0.274725412042206 0.393796881804049 0.457407059666185 0.376473943682474 0.298693623813983 0.16922930516928 0.203322384303595 0.113992324524819 0.113731950705988 0.112584302048007 0.105945745796941 0.185555031012051 0.174873395614485 0.108774143652145 0.0680182271643016 0.0958974139495535 0.121084557511296 0.0429076826730997 0.100652989430382 0.0639067928457429 0.0247953552730796 -0.0586135691129444 -0.0261425050964365 0.0858251095866001 0.180897709435157 0.195117763068434 -0.0274107612118184 -0.237996432683987 -0.150880170641049 -0.133993900876493 -0.0874927710429859 -0.0841297196813246 -0.255139731608558 -0.293372180985099 -0.278988005899698 -0.275115679048558 -9999 -9999 -9999 -9999 -9999 -9999 -9999
0.272086455820455 0.257983508652722 0.186334049950744 0.27425608471899 0.26107241193342 0.298431280512173 0.271063871282535 0.369350197925279 0.356438813655715 0.321868430134283 0.286496859565959 0.21537441206943 0.157533974942937 0.131008775977413 0.148884108295865 0.13310578648238 0.226114988841807 0.294169539514171 0.300209822387069 0.0913453885556095 0.0688313365446262 0.0942537411264003 0.0537438988456158 0.0229292419751903 0.0459263970753847 0.0630594655357217 0.0405581092973423 0.132064699638179 0.12242444367274 0.19163932264677 0.215349588809294 -9999 0.049948432750857 -0.0696557498760928 -0.00501663136799822 -0.194127928657243 -0.243170107335445 -0.306566678336461 -0.268270815963395 -0.25394909667869 -0.297503901531725 -9999 -9999 -9999 -9999 -9999 -9999 -9999
0.295118669558984 0.276306853453722 0.24657111583945 0.169131200196827 0.214912216787182 0.252220681672481 0.303971425711605 0.357412815728313 0.446849738966568 0.347332861524323 0.207341508549744 0.205358003501409 0.204173735432759 0.152468685357118 0.182285813263965 0.183218400260912 0.234976057822804 0.293855539709713 0.155136497696703 0.14568773593051 0.109610767257175 0.09712220547062 0.0199687618009024 0.0223331786461388 -0.0191355905647376 0.0648285554760791 0.193880374506119 0.132051230729832 0.151865874646787 0.149585795798792 0.163073103853617 -9999 0.123737786158036 0.137499818460577 0.00832571725453665 -0.217319676729434 -0.290319231140398 -0.224296614926627 -0.173139906948687 -0.258029617821608 -0.2382958396777 -9999 -9999 -9999 -9999 -9999 -9999 -9999
0.29649018776195 0.207595706142753 0.181309214948289 0.203514855137575 0.24873785453649 0.266365017107102 0.349941540495096 0.308220896155511 0.381894230828307 0.350566201550543 0.304049508164413 0.2875855348158 0.222421089669339 0.158340908601861 0.168968374620158 0.186964109720482 0.248425863188075 0.219443244929748 0.141469637749774 0.157404106975249 0.121887666213476 0.0416445878130375 0.024651521615178 0.0160154452750649 0.0589316567649522 0.146650646009292 0.197784638227124 0.192312736105891 0.191315752518456 0.170178428782074 0.0244087698483386 0.0343335603840287 0.126997621935992 0.0948962271387041 -0.15095922265891 -0.268880943731768 -0.263698895389342 -0.18793051620282 -0.129596111875844 -0.216480144727714 -0.22457360998806 -9999 -9999 -9999 -9999 -9999 -9999 -9999
0.207282512191786 0.214418105320993 0.271794915962991 0.314292669751052 0.317418117449274 0.325565843900206 0.254991613326789 0.30980801753344 0.363771642148672 0.35958512806928 0.305289975115962 0.27006023635701 0.197250434699876 0.210014515495993 0.164171503622069 0.14173358833844 0.196686631604423 0.204745362373758 0.17042293999303 0.148223450360963 0.160015758014593 0.0573601652673531 0.027201193286475 0.0491359027874179 0.0716535115623826 0.102879586606969 0.152660458374976 0.143892429765649 0.205105379462415 0.0702078115557244 0.0368345832315761 0.0417546879541532 0.0997957341693239 0.0112650860441461 -0.155897838590253 -0.176831216308298 -0.181277727285191 -0.221598769821651 -0.1817551688343 -0.15013663725513 -0.1355181547774 -9999 -9999 -9999 -9999 -9999 -9999 -9999
0.233458791375689 0.229499513130135 0.310916720451259 0.255619674927239 0.271922020487877 0.31037227432014 0.3197106214241 0.388788403282862 0.398980433827443 0.367255482140669 0.387412278163647 0.309272642120733 0.188154711061419 0.21780256572668 0.250666024572417 0.225146303742721 0.246659051272993 0.278835988164338 0.17991132623328 0.168446366708621 0.22661345453876 0.151768709069412 0.0595977509749696 0.034284145599464 0.048517538892018 0.142573890160357 0.116480657772143 0.105579967050214 0.107665749094717 0.0293826301118597 0.0197036899546637 0.0138342657160566 0.0393342260633823 -0.0632678521854699 -0.165156496101082 -0.118492702538395 -0.202608911968185 -0.276925612216813 -0.182885178284091 -0.129022885319532 -0.119291709265712 -9999 -9999 -9999 -9999 -9999 -9999 -9999
0.367587562980676 0.304329118142302 0.326680802599003 0.266131372903613 0.273801627007398 0.316094710516423 0.4147413308647 0.416282960849505 0.384514567367287 0.365722238574598 0.388853183552577 0.326050291096696 0.221491217114246 0.20158414241463 0.247351594576915 0.289434097095481 0.304590833943747 0.269946692774307 0.151688461774932 0.192870889330889 0.204889825217013 0.12740795935301 0.10918594292955 0.0822134436606426 0.0467813644116285 0.0931465696595679 0.0850094615955021 0.0517639552928035 -0.0110372804785155 0.00266202614606027 -0.049695464828984 -0.0146045395061845 -0.00284946160511466 -0.0503141984406822 -0.0832300012852835 -0.0442992652817099 -0.0463899920321227 -0.259795027527046 -0.214891484984033 -0.130528105803008 -0.129761946661375 -9999 -9999 -9999 -9999 -9999 -9999 -9999
0.321727647430648 0.344540501873336 0.338311352265542 0.312758406071602 0.31266116222644 0.36498965813605 0.378535950960864 0.38824353638153 0.359782744261227 0.406322780869496 0.349454664241422 0.316867676737761 0.279731520714864 0.271494110712514 0.284542530931748 0.292422233196307 0.285883616905825 0.249402619293002 -9999 0.208118609784853 0.106336990776379 0.090877043635373 0.111961428480742 0.0178550901060065 -0.00149910920397868 0.0186027755976688 0.0112253633941022 -0.000971006707701973 0.0138239534084721 -0.00478432785357692 -0.0490711744246036 -0.0534991639318387 -0.0623640095449094 -0.0755195975322565 -0.0421087111936474 -0.00262296593580852 -0.141796415862872 -0.173444717471461 -0.198483026160552 -0.165420031767055 -0.179895079801582 -9999 -9999 -9999 -9999 -9999 -9999 -9999
0.342988209226679 0.302706816938859 0.314118194794909 0.294195641026826 0.296815258746183 0.332510292612341 0.326416561966934 0.352555983688873 0.407608453550533 0.319011533847151 0.199821478063879 0.187758320851935 0.172699209051021 0.22086349179579 0.192543837633923 0.286010418352854 0.204170296573203 0.273409135681408 0.242434056879566 0.18704678280945 0.128889644453848 0.0775441154613758 0.0698585998358699 -0.00233523938043599 0.0117149140770077 -0.0314999197002366 -0.0452524032986259 0.0163287667633434 0.0202759218196692 0.00142003568911836 -0.0553838432192296 -0.0410935081298356 -0.0682185749081845 -0.0926136175715794 -0.0304712611425133 -0.036228928033105 -0.121723096681498 -0.183924281781381 -0.26335173791961 -0.267756394789821 -0.278130049573143 -9999 -9999 -9999 -9999 -9999 -9999 -9999
0.336411930499266 0.371487102496501 0.311168326295534 0.211060284485219 0.269562244481599 0.323065864206792 0.387316427755816 0.364789724500273 0.363460824371402 0.24624198655097 0.195187573934195 0.217891436735722 0.1626105725266 0.213449997993916 0.202140465428628 0.200972962871749 0.200772813236746 0.253936034870912 0.221913770577941 0.198482128811851 0.0913668407070309 0.109646006901875 0.0580323442628164 -0.00125453911461775 -0.0423466181152545 -0.102367624330013 -0.0420244782869753 -0.0936810852491024 -0.0754136149361957 -0.028342391859325 -0.0497399011106782 -0.0396395165422178 -0.0805476920586569 -0.0793462846943716 -0.064435593152471 -0.108582852087966 -0.149170215905515 -0.321808097548051 -0.308945492084232 -0.224189588081458 -9999 -9999 -9999 -9999 -9999 -9999 -9999 -9999
0.322091084704154 0.251629894989829 0.354157929410535 0.197479983295004 0.259003020746733 0.313276556175768 0.401532170033694 0.439312629470835 0.408952042202865 0.222223626479216 0.208063251744265 0.178906684215422 0.177816697529816 0.232242032991347 0.168414208408429 0.173699655119517 0.192525140276032 0.232944600287246 0.288918118862539 0.166391376745129 0.0495721348415562 0.0595207302242825 0.0632174313663105 -0.0495139279001677 -0.115337337663349 -0.0910302294859885 -0.0544423186842736 -0.0860223714056104 0.00114642093955945 0.0909815779334116 -0.0465707735781155 -0.0620927564045572 -0.117725194282687 -0.0951334854347968 -0.147881893039184 -0.194882927730461 -0.236809574025604 -0.187321296708093 -0.161952159168087 -0.25096532023639 -9999 -9999 -9999 -9999 -9999 -9999 -9999 -9999
0.289730069608377 0.257140631130642 0.25030176580301 0.261405931701419 0.281602424891286 0.328363105883876 0.399680638700009 0.333893865307438 0.356928277179316 0.413520595646852 0.215102113024235 0.203420920768431 0.121186539460439 0.140931949961571 0.132981324279319 0.161943958021841 0.178409768913559 0.241526706760151 0.248383303522047 0.160026182556891 0.0683916003281884 0.00130945498992332 0.00324130425885784 -0.117807409795532 -0.110229186100948 -0.085661380733212 -0.0752534394219263 -0.0765493713970044 0.000647103258185305 -0.108800490933694 -0.0450048295600811 -0.0627935494469201 -0.0622137938080901 -0.10477736839594 -0.176994101351248 -0.159862063517799 -0.19860907066287 -0.124801130888898 -0.158024886005646 -0.190650657661303 -9999 -9999 -9999 -9999 -9999 -9999 -9999 -9999
0.224500608113807 0.218958553001341 0.25730336572298 0.261056382384948 0.267446843159205 0.295367173055747 0.302614415969202 0.29908090792298 0.251991819933449 0.282998129955556 -9999 0.220970955452581 0.149493180892006 0.124441817673154 0.0836938131030787 0.125242182221682 0.181311121929996 0.211419938061532 0.221277671965433 0.0650171332498132 -0.0100341003990683 -0.0770428417909098 -0.0315066988016165 -0.107334261480786 -0.145602699043985 -0.135825219810713 -0.113062366993413 -0.0915059258242138 -0.0455899618824641 -0.134638272686844 -0.0685522414126579 -0.0506342998317665 -0.0849059987473949 -0.148378268210822 -0.157934391174909 -0.0496457389903886 -0.0675409338139402 -0.0928433033164037 -0.247189244750303 -0.232681291318335 -9999 -9999 -9999 -9999 -9999 -9999 -9999 -9999
0.176307203143883 0.179125010132565 0.251327622168614 0.222601937778882 0.184376600405126 0.226783358990389 0.280209389162398 0.218788978602932 0.16538988372244 0.123690900197885 0.1279346467568 0.123642204788385 0.0830416619812011 0.107918408991582 0.0839256051374155 0.0467771368439847 0.126166232704802 0.217416518400293 0.235376088264452 -0.0875348250558447 -0.0723083274389483 -0.0760290995811903 -0.107113840322677 -0.132495169791922 -0.143883609673373 -0.149646364494473 -0.148645388044597 -0.140111318847278 -0.117963434981377 -0.112828914086149 -0.108218984960543 -0.0845519245786774 -0.0756616931162032 -0.170724564626238 -0.162764071023739 -0.114158353461538 -0.100379736257078 -0.104073706078982 -0.156595529096909 -9999 -9999 -9999 -9999 -9999 -9999 -9999 -9999 -9999
0.205158389643729 0.194356092969712 0.181839418027912 0.19098832227276 0.216359090660778 0.234754571139939 0.296476092378752 0.230105196363908 0.0506916372633363 0.118680469896469 0.0393233680270435 -0.029019782034671 -0.0233072816988435 0.0281281386749684 -0.0261957955901614 0.0198077694446696 -0.0375102073494075 0.281611070792603 0.308725694743062 0.246106192701473 0.0383228904739757 -0.0600841104149377 -0.0950275425473398 -0.115321894501968 -0.142589902902987 -0.150561944407198 -0.110833697171056 -0.158467757171884 -0.122655288057472 -0.0581523989398605 -0.0858363254480914 -0.0956059404167563 -0.0654743223830012 -0.111848268318801 -0.128939773177102 -0.122541268898683 -0.105697424037388 -0.098002993045491 -0.102656273713276 -9999 -9999 -9999 -9999 -9999 -9999 -9999 -9999 -9999
