data/rasters/s3.19.05.cu.1_xyz_08_.asc
NCOLS 100 
NROWS 100 
XLLCORNER -4 
YLLCORNER -4 
CELLSIZE 0.08 
NODATA_value -9999 
[rows 48 to 71 of 100, columns 0 to 53 of 100]
-9999 -9999 -9999 -9999 -9999 -9999 -9999 -9999 -9999 -9999 -9999 -0.0741534904379903 -0.0852256370213202 -0.0668371765145452 -0.0775365555863674 -0.0397885720409587 0.142493269059702 0.0192219082647939 0.0520572807564816 -9999 -9999 0.126206973581463 -9999 -0.0951624984003034 -0.0867469100365871 -0.0801852161725164 -9999 0.073372760071159 0.0310425022736942 -0.00716199663819998 0.0282316097516019 -9999 -0.022195581100495 0.0071002043395524 -0.0267705649201537 -0.0753558823476608 0.0144112279566756 -0.093347338899282 -0.0429576808501806 -0.0382586548535068 0.0121580925552701 -9999 -9999 -9999 -9999 -9999 -9999 -0.0206619370947145 -0.0599691940225312 -0.0810851747631814 -0.0525289801107934 0.315584969188053 -9999 0.157828053159874
-9999 -9999 -9999 -9999 -9999 -9999 -9999 -9999 -9999 -9999 -9999 -0.100881413542174 -0.128345121538542 -0.14535306434681 0.0874106668671339 0.108230782688149 0.0602164749200867 0.04285383094151 0.032813503343714 -9999 -9999 0.192384171768944 -9999 -9999 -9999 -0.016563492862968 -0.0880017944696005 -0.0613306517181175 -0.017623232528176 -0.0374397913170634 0.040853778287442 0.0858426427736404 0.0764469481573594 -0.0397152574279349 -0.00336784187448783 -0.0294969938781171 -0.0884090589945271 -0.122434907614869 -0.0180192673369815 0.03959069381483 -9999 -9999 0.0840915204520628 0.0604613607746405 0.0315778076610855 -0.0185238494667871 -9999 0.150057323330119 -0.058458818302096 -0.00203526619696487 0.150771394928699 0.271548295423014 -9999 0.160401592384246
-9999 -9999 -9999 -9999 -9999 -9999 -9999 -9999 -9999 -9999 -9999 -0.111168096100897 -9999 -9999 0.124931387473404 0.147342221111567 0.0904472850990538 0.0194507259443444 0.0314087673962821 0.0488639266525529 0.152502164441575 0.118831437299084 -9999 -9999 -0.0253539814105227 -0.0249401786669279 -0.0577939842245898 -0.01430312031282 0.0460469789265206 0.0347621152737259 0.047463963410246 0.0880686464673484 0.0089093698608458 -0.0480402295153658 -0.0666125186595234 0.00216041708335838 -0.114623477973672 -9999 -9999 -9999 -9999 -0.00818098969505238 0.0242231222301969 0.0130040059879374 -0.0278179097724684 -0.123764951095615 -9999 0.137996047645943 0.0859168368628823 0.133386585706643 0.134897624028834 0.153999560196558 -9999 -9999
-9999 -9999 -9999 -9999 -9999 -9999 -9999 -9999 -9999 -9999 -9999 -9999 -9999 -9999 -9999 -0.0413967080906565 0.0577392955795037 0.0894027756514471 0.039307851251675 0.0430609332927692 0.0723912165732845 0.0684445482291351 -9999 -9999 0.00967207040035388 0.0639262360765289 0.0521824436997832 0.0317399537261246 0.0498783734981676 0.0516137960441143 0.0758435906202552 -9999 -9999 -9999 -0.0807713860839608 -0.0129493266726411 -0.0190353957662948 -0.0387788630217031 -0.0559388103257656 -9999 -9999 -9999 -9999 -0.0321259056420916 -0.0916905754666894 -9999 -0.0417145196185427 -0.0296385902669761 0.00080816352168624 0.063422143251475 -9999 -9999 -9999 -9999
-9999 -9999 -9999 -9999 -9999 -9999 -9999 -9999 -9999 -9999 -9999 -9999 -9999 -9999 -9999 -9999 0.218569525898267 0.101355686108423 0.124318924998688 0.0112094235154023 -0.0174616077739705 -0.0113088326969104 -9999 -9999 -9999 0.181645638769729 0.0566831104650086 0.0629823106584016 0.132554200140971 -9999 -9999 -9999 -9999 -9999 -0.0831890042009484 -0.0883768424338507 -0.0289550488495165 -0.0185476236422799 -0.0216352592389579 0.0120177040851679 -9999 -9999 -0.050047989993392 -0.0841540098706689 -0.119615473935814 -0.00963851743551988 -9999 -0.0424686875227112 -0.0402475835769723 -9999 -9999 -9999 -9999 -9999
-9999 -9999 -9999 -9999 -9999 -9999 -9999 -9999 -9999 -9999 -9999 -9999 -9999 -9999 -9999 0.199900800000638 0.205335839526518 0.0813249681905883 0.146681711152164 0.0941575301374016 0.0107010428560658 0.119322529559598 0.106201778976134 -9999 -9999 0.0932034563108235 0.074401323418236 0.0352198222422521 -9999 -9999 -9999 -0.00988804700921503 0.00198714795567389 -9999 -9999 -0.215376529266635 -0.27389927779648 -0.0592938345877624 -0.0154257086896139 0.00752221754680972 0.0331802960550463 -9999 -9999 -9999 -9999 -9999 -9999 -9999 -9999 -9999 -9999 -9999 -9999 -9999
-9999 -9999 -9999 -9999 -9999 -9999 -9999 -9999 -9999 -9999 -9999 -9999 -9999 -9999 -9999 0.162863875487347 0.187385978363626 0.208700135205507 0.180556916878853 0.171928599403166 0.133297154564021 0.123819392801482 0.121540288513988 -9999 -9999 -9999 0.0100414829007159 0.0215038173826673 0.0165288477603179 -0.0504266666166214 -0.0554952930074352 -0.0813375483306123 0.0183822529744254 -9999 -0.170096885713784 -0.237943672039033 -0.296629591816798 -0.142138148841341 -0.0523115218763359 0.0465231543596773 -9999 -9999 -9999 -9999 -9999 -9999 -9999 -9999 -9999 -9999 -9999 -9999 -9999 -9999
-9999 -9999 -9999 -9999 -9999 -9999 -9999 -9999 -9999 -9999 -9999 -9999 -9999 0.218028792909835 0.20451998182559 0.229503694403459 0.207141736585451 0.152877156014751 -9999 0.196394162940735 0.169459243177996 0.156714148613371 -9999 0.0305245623898497 -0.0177028773720456 0.00126038126898779 -9999 -9999 -0.0167129262111804 -0.079102394566548 -0.106768363985186 -0.0827520415523088 -9999 -0.206809719686974 -0.183810266558072 -0.164033415164484 -0.346785813834379 -0.282042103872259 -0.099247165441901 -0.219122645484393 -9999 -9999 -9999 -9999 -9999 -9999 -9999 -9999 -9999 -9999 -9999 0.0980612330282582 0.0665120177251247 0.0139463458957776
-9999 -9999 -9999 -9999 -9999 -9999 -9999 -9999 -9999 -9999 -9999 -9999 0.0817297851775905 0.170146155044198 0.177864993514293 0.196564306030984 0.23305182550935 0.188757852766471 0.207719725375132 0.20188529919901 0.210161396094782 0.320191307136648 0.129626545594326 0.0420861314574292 -0.0156999750349002 -0.0393403861723436 -0.10373166895262 -0.173276401597354 -0.0449483016215451 -0.146599477530137 -0.132698074001497 -9999 -0.20738019494768 -0.216552827055896 -0.140369516773543 -0.0558798151610621 -0.336055196357645 -0.251142366037626 -0.229012745240491 -0.17510368161071 0.0089646659353877 -9999 -9999 -9999 -9999 -9999 -9999 -9999 -9999 -9999 -9999 0.0653901336689373 0.0741623940554721 0.0491708021083595
-9999 -9999 -9999 -9999 -9999 -9999 -9999 -9999 -9999 -9999 -9999 -9999 0.104121839388824 0.128987842945576 0.129930201360057 -9999 0.228385015301696 0.220935600743521 0.212905922745795 -9999 0.228674638886194 0.210390961117989 0.104342567809639 0.0328898804346649 -0.0556371784656672 -0.112682291008452 -0.151627511799655 -0.163738019095927 -9999 -9999 -9999 -9999 -9999 -9999 -9999 -9999 -0.184835603591318 -9999 -0.158118989581889 -0.137849427815774 -9999 0.00148876951042168 -9999 -9999 -9999 -9999 -0.0619451027820682 -9999 -9999 -9999 -9999 0.15105677910689 0.0983381491329928 0.112855490074765
-9999 -9999 -9999 -9999 -9999 -9999 -9999 -9999 -9999 -9999 -9999 -9999 0.0894493890929135 0.114350618692416 -9999 0.202406727556517 0.186574592310212 0.227279401382004 0.254605497484539 0.273956867842565 0.209691344924166 0.190825483161796 0.0211569366545396 -0.130437594513767 -0.15492893552503 -0.0832483932581176 -0.181995890159374 -0.162604634135895 -9999 -9999 -9999 -9999 -9999 -9999 -9999 -9999 -9999 0.0631548319357932 0.0871349186290164 -9999 -0.0726319867706257 -0.00128177964813004 0.0261262793485699 0.073769073906109 -9999 -9999 -0.0630680823605104 -0.0414087071359228 -0.0335083041661774 0.0368784927675056 -9999 -9999 0.0990419930554028 0.172369106620701
-9999 -9999 -9999 -9999 -9999 -9999 -9999 -9999 -9999 -9999 -9999 -9999 0.0683011382679717 0.0582867328234035 0.0177434867503428 -9999 0.189714981855458 0.188131718344512 0.248854963692201 0.255341684203652 0.187975542253621 0.135066301913815 0.0433121892280183 -0.10845773398108 -0.0430910181717767 -0.240576129821691 -0.208447678242416 -9999 -9999 -9999 -9999 -9999 -9999 -9999 -9999 -9999 -0.0334866715785287 -0.0213465331113885 -9999 -0.0869136748018282 -0.0165901124538209 -0.00106322358123387 -0.0056795397318674 0.0856275192528445 -9999 -9999 0.148530307705188 0.141595607802409 -0.0305106050023931 0.0691919966980943 0.153566085272329 0.132429120083733 0.086191030482518 0.0886735600045946
-9999 -9999 -9999 -9999 -9999 -9999 -9999 -9999 -9999 -9999 -9999 -9999 0.054839395612229 -0.0543372132512809 -0.0472644743910922 -9999 0.143474165428572 0.10363712563395 0.174997599684333 0.222504407932649 0.0915068627842687 0.0834799945270119 -0.00363687756239024 -0.126639938061822 -0.201580285366179 -0.211697061204519 -0.219739102351483 -0.230737825363161 -0.110537200840208 -0.168888333623852 -0.124615534971274 -9999 -9999 -9999 -9999 -0.0686610162514966 -0.0231680749348087 -0.0300567511710433 -9999 -9999 -0.0460894812296791 -0.0336279752767055 -0.0672078301226984 -0.0536336234927806 -9999 -9999 -9999 -9999 0.028623566620528 0.0548827218789629 0.0898398480338495 0.119227257170234 0.0187622303329271 0.0254848426139041
-9999 -9999 -9999 -9999 -9999 -9999 -9999 -9999 -9999 -9999 -9999 -9999 -9999 -0.0912696475708796 -0.100419982888697 -9999 0.117336235633385 0.0625742358888527 0.10325987016147 0.0583216600026209 -0.0184272086336469 -0.0991039541617235 -0.125441722060565 -0.15525202768582 -0.161312135281064 -0.210653931053531 -0.201969611449484 -0.203875016582528 -0.154076197753093 -0.193152669972184 -0.190124388305676 -0.232311181374986 -0.145159890442005 -0.166339360179633 -9999 -0.0475916333241703 -0.0740570988432965 -0.0612655028864841 -0.00739123008440728 -0.0188449009255767 -9999 -0.0670969774902654 -0.0574953324501929 -9999 -9999 -9999 -9999 -9999 -0.0604702417571503 -0.0159517745158334 0.00806260823187314 0.0327032318986102 -0.00148052131693118 -0.0360618478184021
-9999 -9999 -9999 -9999 -9999 -9999 -9999 -9999 -9999 -9999 -9999 -9999 -9999 -0.0694113929702052 -9999 -0.00378111647717738 0.0386944657918027 0.0616662054015404 -9999 0.0723244149332453 0.0136922821947459 -0.0862449373771746 -0.142569004052751 -0.17826588119224 -0.200660821505714 -0.259142756891341 -0.236360967894491 -0.234876097183656 -0.188795962552689 -0.252970901992943 -0.254932252595089 -0.235596857450833 -0.216791644815427 -0.240187878919004 -0.0731317475710844 -0.190601768500565 -0.0569404865576686 -0.058753586584364 -0.0296218809801996 -0.0292528540763133 -0.075189193548408 -0.107962771126227 -9999 -9999 -9999 -0.150836348277931 -0.245446962836398 -0.234675122956163 -9999 0.0224644517266401 0.0132134382186484 -9999 -0.0747723874456023 -0.0912273866586561
-9999 -9999 -9999 -9999 -9999 -9999 -9999 -9999 -9999 -9999 -9999 -9999 -9999 -9999 -9999 -0.0281385604997912 0.0202086891581716 -9999 -0.0580791804481734 0.0621607829886736 0.0282232965761984 -0.111682097178807 -0.116255639376703 -0.17312727345014 -0.238788577141192 -0.237832018800569 -0.230880122059905 -0.179247007310857 -0.218272876259217 -0.252615348778871 -0.272237258380176 -0.26508728569305 -0.234188120279072 -0.245994342675528 -0.227411457680989 -0.0866470976700234 -0.066295158516011 -0.0623015796683188 -0.0544936134395506 -0.0370654713129641 -0.0703822240162 -0.112685431972739 -9999 -9999 -0.20710929980888 -0.217039614444252 -0.231967199991241 -0.22755848966923 -0.0784318466457204 -0.0743736355201555 -9999 -9999 -0.12713816796899 -0.090501085941387
-9999 -9999 -9999 -9999 -9999 -9999 -9999 -9999 -9999 -9999 -9999 -9999 -9999 -9999 -0.0731746370038745 -0.0514065731916508 -0.0543979350737181 -9999 0.0462892265836048 0.0418068753782054 -0.0795451289037371 -0.106468767959617 -0.12589287702241 -0.206366323043715 -0.220700832468272 -0.215314455049373 -0.216662016329203 -0.227565076301045 -0.235570551531727 -0.208010915779933 -0.27070338213369 -0.264788282060567 -9999 -0.228223633226977 -0.210192027157957 -0.122197348267573 -0.213043895252962 -0.0709746420085788 -0.0319596035255092 -0.0218424981792201 -0.0429260730152695 -0.060263269975223 -0.0854508742768531 -9999 -9999 -9999 -9999 -0.154522542911862 -0.096990708396685 -0.0720692213789366 -9999 -9999 -0.10846408830036 -0.0955793063333561
-9999 -9999 -9999 -9999 -9999 -9999 -9999 -9999 -9999 -9999 -9999 -9999 -9999 -9999 -0.0718056340581951 -0.0529022512823399 -0.0678742340739424 -9999 0.0962201828926933 0.0909110413330153 -0.150065452638516 -9999 -0.232866024355561 -0.230963438191624 -0.207629408433475 -0.188531205017467 -0.206985931130181 -0.217884529762688 -0.215369354614215 -0.262332269772315 -9999 -9999 -9999 -9999 -0.274868833245742 -0.214146813414853 -0.181983591433472 -0.0964136849223433 -0.0110856741058823 -0.0127426194701965 -0.0249270910184381 -0.0551859764112752 -0.0785697053189345 -9999 -0.033161005822811 0.0141075797854194 -0.138074797623064 -0.127709959149399 -0.0544114719486663 -0.00716420473400446 -9999 -9999 -9999 -0.0708774053715421
-9999 -9999 -9999 -9999 -9999 -9999 -9999 -9999 -9999 -9999 -9999 -9999 -9999 -9999 0.0043311997824225 -0.156383462355696 -0.146444132630619 -0.151298638859091 -0.204293570864683 -0.185436066867802 -9999 -9999 -0.244674435650401 -0.23693139061387 -0.233108084346075 -0.185601825316415 -0.183303004362788 -0.192968559577588 -0.268469721799674 -0.272739726712616 -0.244882554090572 -9999 -0.355130557680929 -0.327278959362045 -9999 -0.24425547028474 -0.215553166136728 -0.0830683501947783 -9999 -9999 -9999 -0.0387002774002225 -0.0693988788142779 -0.0289629691058714 -0.0700047365945786 -0.028371295615077 -9999 -9999 -9999 -9999 -9999 -9999 -9999 -0.0537960550756693
-9999 -9999 -9999 -9999 -9999 -9999 -9999 -9999 -9999 -9999 -9999 -9999 -9999 -9999 -9999 -0.210527727708729 -0.208432669411884 -0.182380664486193 -0.220157699502336 -0.201172495453452 -0.169759167515762 -9999 -0.251858885915659 -0.220000917675336 -0.213731675395477 -0.197508749492703 -0.193899158728672 -0.234538592447303 -0.251340412433581 -0.295128431102209 -0.195548376282829 -9999 -0.376505197567143 -0.378460340499807 -9999 -9999 -0.0206557661175428 -0.0113817243347426 -9999 -9999 -9999 -9999 -9999 -0.0705528210084787 -0.0812650039051769 0.056318514691589 -9999 -9999 -9999 -9999 -9999 -9999 -9999 0.0308611963810721
-9999 -9999 -9999 -9999 -9999 -9999 -9999 -9999 -9999 -9999 -9999 -9999 -9999 -9999 -9999 -0.200815696560618 -0.235789495609079 -0.2414568034516 -0.308522998811096 -0.263354231957925 -0.27120416249573 -9999 -9999 -0.248664002467548 -0.219970997244626 -0.22136728006197 -0.224859333743655 -0.265072717153404 -0.267950655944473 -0.290508128272524 -0.230203360194494 -0.0541142413805319 -9999 -9999 0.0271679712417993 -9999 -0.0444204933112178 -0.0663997430803387 -0.0504798476715003 -9999 -9999 -0.0888636729345486 -0.0564569661204891 -0.0555452790376488 -0.0260507293035079 -9999 -9999 -9999 -9999 -9999 -9999 -9999 0.195067261970222 0.20210836022885
-9999 -9999 -9999 -9999 -9999 -9999 -9999 -9999 -9999 -9999 -9999 -9999 -9999 -9999 -9999 -9999 -9999 -0.147538666534431 -0.335508811846274 -0.363105754167024 -0.35419877473982 -0.253507948380486 -9999 0.0321991059574759 -0.229273103927164 -0.201347023778892 -0.112755385489282 -0.268911622466119 -0.163205817098411 -0.0895021577174411 -0.249373889746009 -0.180369024707664 -9999 -0.000400013304018138 -0.0340750651249696 -0.166520750263609 -0.142117218990952 -0.185525244307962 -9999 -9999 -9999 -0.0569912481395047 0.0113313303174279 -0.00537860835485556 0.0391477590713031 -9999 0.0268268418416391 -9999 -9999 -9999 -9999 0.164065168850128 0.157571005055382 0.134920527510901
-9999 -9999 -9999 -9999 -9999 -9999 -9999 -9999 -9999 -9999 -9999 -9999 -9999 -9999 -9999 -9999 -9999 -9999 -0.36446436376222 -0.353978836272932 -0.337694098662322 -0.275717640466555 -0.0602674697236802 -0.0961297646394628 -0.161696354122693 -0.0758081388435637 -0.0655334135401807 -0.0868291376035718 -0.0831791966517432 -0.121456944993453 -0.191333345200573 -0.239074884645537 -9999 0.0102770305862914 -0.145123623684091 -0.105879919256773 -0.0451836987299713 0.274151413729589 0.231624897511933 -9999 -9999 -0.0235989390662049 -0.0107905137939025 -0.0107617451682488 0.0334007474859324 0.0779070803788587 0.070464828363155 0.153640753241871 -9999 -9999 0.120623747516989 0.117945551492921 0.157406453467532 0.182161669025576
-9999 -9999 -9999 -9999 -9999 -9999 -9999 -9999 -9999 -9999 -9999 -9999 -9999 -9999 -9999 -9999 -9999 -9999 -0.227164501110179 -0.320610316815652 -0.269352931387597 -0.227019475787593 -0.0743745462579074 -0.117598149089132 -9999 -0.0462680430437631 0.00170704055218826 0.00912290441912653 -0.0625119567839292 -0.0887845159436331 -0.17088353422909 -0.154863132484158 -0.0821417992478059 -0.0387789177458782 0.128407591877999 0.0843702624257237 -9999 0.167032881315462 0.0827705193893304 -9999 -0.0362708491820736 -0.0628842771897691 -0.055899483035819 -0.0420073562814807 -0.0105693400777241 -0.0193380914153123 0.00940518322145276 -9999 -9999 0.108464043578849 0.142142856090624 0.15896722811294 0.141785569228864 -9999
