data/rasters/s3.13.06.li.2_xyz_08_.asc
NCOLS 100 
NROWS 100 
XLLCORNER -4 
YLLCORNER -4 
CELLSIZE 0.08 
NODATA_value -9999 
[rows 22 to 43 of 100, columns 0 to 49 of 100]
-9999 -9999 -9999 -9999 -9999 -9999 -9999 -9999 -9999 -9999 -9999 -9999 -9999 -9999 -9999 -9999 -9999 -9999 -9999 -9999 -9999 -9999 -9999 -0.0226580629598617 -0.0804357313249375 -9999 -9999 -0.0710747543163756 -0.0700767256813248 0.00583216770377162 -0.0220538943421324 -0.0039763046423047 0.0379297284577376 0.0811303757064735 0.148887127649867 0.0901790569964253 0.0653476592901849 0.0640240228922959 0.10652165651459 0.0399572592189907 0.0971985775956381 0.0523618723698803 0.0607028187216768 0.16774663253447 0.123449706967254 0.176021846058751 0.265019817678847 0.0949433823211828 0.0517689999836723 0.119174567041545
-9999 -9999 -9999 -9999 -9999 -9999 -9999 -9999 -9999 -9999 -9999 -9999 -9999 -9999 -9999 -9999 -9999 -9999 -9999 -9999 -9999 -0.110532209471411 -0.150035173094057 -0.102792813197555 -0.0641999628501168 -0.0370593659447508 -0.0371079742364078 0.0320691458571487 -0.0092675264368259 0.00957798417416816 -0.0256145076460865 -0.0326902581784032 0.00970886059049337 0.0656807793585346 0.173988045857184 0.118993971964636 0.0413847424553369 0.119778251577136 0.169541022933496 -0.0295025852485945 0.111465840124405 0.0465215044298196 -0.00586081329399087 0.167654033246691 0.125136450746923 0.146919737854432 0.232268539711963 0.171809847378608 -9999 -9999
-9999 -9999 -9999 -9999 -9999 -9999 -9999 -9999 -9999 -9999 -9999 -9999 -9999 -9999 -9999 -9999 -9999 -9999 -9999 -9999 -9999 -0.144231242815392 -0.0449608825439628 -0.151222385802066 -0.0852050014760775 0.022272764449807 -0.00101962902494221 0.0197516986862198 0.00350044539708896 0.0242421412175357 -0.00226155600921056 -0.0377906490074178 -0.0119167190413358 0.0957253319808081 0.103127470401754 0.046244021454139 0.0913766282003407 0.0631654326305054 0.29385300828204 0.134501848680419 0.100571377556095 0.051721320975759 0.069182557345058 0.138000491751913 0.180050660030556 0.173934185218936 0.223420065020066 0.200646766194745 -9999 -9999
-9999 -9999 -9999 -9999 -9999 -9999 -9999 -9999 -9999 -9999 -9999 -9999 -9999 -9999 -9999 -9999 -9999 -9999 -9999 -9999 -0.145077594117468 -0.0885461008288168 -0.108771827784205 -0.153941226240452 -0.158436735293653 -0.0287422486308274 0.00925781898207999 -0.0245882756688481 -0.0486383880598598 0.00738413729764353 -0.0135545106911549 -0.0239496499822433 0.000926740783652488 0.0757787798264634 0.133170048897818 0.203093898422909 0.240762957236448 0.278952333035545 0.288259471287935 0.25772893399402 0.20956633679122 -0.00675513863085321 0.0341290430698462 0.111932144343356 0.163618483670183 -9999 0.26106358815123 0.211591435599658 -9999 -9999
-9999 -9999 -9999 -9999 -9999 -9999 -9999 -9999 -9999 -9999 -9999 -9999 -9999 -9999 -9999 -9999 -9999 -9999 -9999 -0.202461392472368 -0.156071759018051 -0.122407456340854 -0.0722701126875527 -0.135124247148199 -0.114466839150722 -0.0669945401966547 0.00153982465458687 -0.0338980450597408 -0.0342611885829285 -0.0465824703253768 -0.0917493103567312 -0.0203147878205134 0.076001166771046 0.105846902223438 0.167779939641151 0.121549853030627 0.178361912614141 0.285173787857058 0.217304227021602 0.223052820676291 0.121016871623396 0.0307339410449431 -0.0516264160642746 0.0646381502446433 -9999 0.21561812274546 0.222340488282269 0.222760927541039 0.233572390337475 -9999
-9999 -9999 -9999 -9999 -9999 -9999 -9999 -9999 -9999 -9999 -9999 -9999 -9999 -9999 -9999 -9999 -9999 -9999 -9999 -9999 -9999 -0.0544314868175722 -0.0737657359731463 -0.101299965758625 -0.122823146095054 -0.0425031809051812 -0.0123146492099841 0.00175164959829203 -0.121823188760006 -0.0565679939972484 -0.0709634355849017 -0.0471829306632529 0.0104171319566804 0.119036118918003 0.0755679782425056 0.020055907694131 0.352271763139522 0.328686423804994 0.073883141462279 -9999 0.320488351000854 0.320077656627414 0.360049412866321 0.252286606784845 0.209569651648069 0.188479986685835 0.230861168668213 0.255059749640022 0.257578594060595 0.0330665406385389
-9999 -9999 -9999 -9999 -9999 -9999 -9999 -9999 -9999 -9999 -9999 -9999 -9999 -9999 -9999 -9999 -9999 -9999 -9999 -9999 -0.399516068406299 -0.127498910743216 -0.209246156577294 -0.286700839609938 -0.11073448518555 -0.0672179348537547 -0.0061674685865585 -0.0353092092905044 -0.0376436524458748 -0.0827817344899029 -0.112868185377519 -0.0381591253138377 0.0504121637012246 0.177988277134568 0.0742071038027477 0.201043330574158 0.298686539805924 0.175885741483991 0.280502486424748 0.370341931445325 0.283122475687194 0.384145671813802 0.397596781779124 0.29174174359583 0.27193728362425 0.207844148050334 -9999 0.254790355331504 0.2621260736802 0.154251308391997
-9999 -9999 -9999 -9999 -9999 -9999 -9999 -9999 -9999 -9999 -9999 -9999 -9999 -9999 -9999 -9999 -9999 0.0987636311580867 -0.107599171348733 -0.154158976608912 -0.265829220042746 -0.344722878083902 -0.318264937212861 -0.257506711779897 -0.0837989842696916 -0.0408520617441009 -0.0466126553387575 -0.0822470542958136 -0.0506549940442262 -0.132697996193917 -0.142468819824689 -0.0983212462288844 -0.135586986789233 0.0547676636162159 0.187008381099158 0.213229358749713 0.171630697118376 0.220816787328291 0.324041535617688 0.361572530755118 0.301289495931376 0.261150292869085 0.188242631808116 0.31560373385875 0.194014268888009 0.232300954732033 0.185134578309271 0.173728812788249 0.204101648538887 0.244093542253929
-9999 -9999 -9999 -9999 -9999 -9999 -9999 -9999 -9999 -9999 -9999 -9999 -9999 -9999 -9999 -9999 0.0170646042568224 -0.00326746069940151 -0.132936715915002 -0.227552795343935 -0.204812646145985 -0.275407626718623 -0.105739830724124 -0.0917564929110603 -0.0739213281076109 -0.056082409540526 -0.0346058951583455 -0.141220081493841 -0.127106869967968 -0.145967139897794 -0.128149616895294 -0.104962648014715 -0.137715565819178 -9999 0.277031447874569 0.270503772786127 0.208058734257133 0.270167108861596 0.347151182651761 0.384459691368431 0.339468002557675 0.28757021960906 0.223021434901077 -9999 0.216642592871017 0.272337120219299 -9999 0.139092293719105 0.129840651898565 0.0985576025393863
-9999 -9999 -9999 -9999 -9999 -9999 -9999 -9999 -9999 -9999 -9999 -9999 -9999 -9999 -9999 -0.0649537556516696 -0.0719906059970442 -0.0904445127819865 -0.13406117395935 -0.0747955634585493 -0.212087018402144 -0.199333154439502 -0.0975777861209523 -0.0824483269383394 -0.122426361474997 -0.0882834836996157 -0.0737906053116639 -0.140515604705542 -0.107209639610211 -0.11212220067346 -0.113119087182869 -0.114079266733499 -9999 0.10032014085177 0.087351197414002 0.292146620390667 0.248142598636583 0.218661110108073 0.350801795374491 0.396571615301378 0.344857993236248 0.276701154968563 0.278267735565116 0.311955624178351 0.231698822411147 0.227153993584054 0.222527839151926 0.204094838792165 0.147526042985127 0.120336299045492
-9999 -9999 -9999 -9999 -9999 -9999 -9999 -9999 -9999 -9999 -9999 -9999 -9999 -9999 -9999 -0.13550603968519 -0.146533648986579 -0.177839219261213 -0.145665610196326 -0.0933709731062944 -0.0838302133240239 -0.112507297642192 -0.117700686659048 -0.0477969140263824 -0.0592292161157332 -0.0906355660594282 -0.0953155923749642 -0.168842061266672 -0.128437583604822 -0.107740527115854 -0.0931904027436461 -0.134948444450795 -0.170809665590244 -0.129958474907842 -0.0720215532540879 0.00306081157123774 0.230780314190513 0.197091522191086 0.257390535102423 0.312219777118824 0.355136676182017 -9999 0.192442124548673 0.285823692719023 0.247809893502232 0.268077635657534 0.265136158003211 0.177039301013181 0.122230328169831 0.0732099663057754
-9999 -9999 -9999 -9999 -9999 -9999 -9999 -9999 -9999 -9999 -9999 -9999 -9999 -9999 0.00604112866211623 -0.0541495211809282 -0.105697560346343 -0.182259007347539 -9999 -0.0859690757933638 -0.0610909966837502 -0.136488866585521 -0.112693675943413 -0.024964502477189 0.00826758904467128 -0.117393746561608 -0.0558069961686218 -0.149227838868617 -0.173548391948027 -0.202641712377561 -0.222807572211604 -0.0900241521452793 -9999 -0.181313689481982 -0.195491964110345 0.0970236825704036 -0.0112575894178842 0.166859013434282 0.330721057571589 0.297670850476802 0.206342641791168 0.215541008255504 0.209720200537158 0.273253180350246 0.255553910676894 0.312944591552046 0.180267268897158 0.140295108997228 0.157007641904056 0.169909610973445
-9999 -9999 -9999 -9999 -9999 -9999 -9999 -9999 -9999 -9999 -9999 -9999 -9999 -9999 0.0133738852052149 0.0513797585615388 0.000126114094959207 -9999 -0.0552574852670043 -0.153754425568797 -0.134003491489568 -0.120223795738929 -0.14252299502475 -0.104075730714997 0.00762812622839859 -0.00440011782542326 -0.0646389790296039 -0.152361042912891 -0.175839830374438 -0.183051839056077 -0.233981802384064 -0.167886882007291 -9999 -9999 -9999 0.096294639705307 0.123656277561308 0.117758147652029 0.143742616433507 -9999 0.117512040586812 0.189365566252501 0.230758883317721 0.129103850294397 0.137452113588932 0.162607512319534 0.182195706708252 0.135171551444396 0.139754114187998 0.225934420879426
-9999 -9999 -9999 -9999 -9999 -9999 -9999 -9999 -9999 -9999 -9999 -9999 -9999 -9999 -0.172002658879582 0.0104642577326953 -9999 -9999 -0.197835951647304 -0.10188584687799 -0.121875677571041 -0.154020239038979 -0.177382631920295 -0.0974898110657434 0.0548287191045043 0.0358342535447151 -0.044639352274909 -0.103160162101826 -0.118054252139593 -0.169171327871395 -0.063438383466119 -0.00310240537610183 -9999 -0.142975879580603 -9999 0.17912115664836 0.0554593668204459 0.103560179029238 0.0943311509816433 -9999 0.18065198113741 0.205936437725855 0.181388677267542 0.171914280644573 0.0966967154680225 0.11138418128344 0.138000567805469 0.195113984207952 0.20424702222354 0.22106120473819
-9999 -9999 -9999 -9999 -9999 -9999 -9999 -9999 -9999 -9999 -9999 -9999 -9999 -0.150784776126939 -0.173373017639296 -9999 0.00857380154687896 -0.0239936239851077 -0.0574574583588388 -0.0900478063966977 -0.0773732177385343 -0.18557141176114 -0.205628335093283 -0.196959705772684 -0.0748630434304596 -0.0102443229866764 -0.0535690191344819 -0.0913766533522195 -0.109571881683812 -0.106168965302632 -0.100601951321201 0.00901567863366463 -0.130734985111238 -0.127823395755802 -0.237057073818457 0.126636343270737 0.117509685922697 0.117884510850447 0.08831328317017 -0.0274263768104543 0.25003918273367 0.233369799651633 0.0712554270824866 -9999 0.0398001795837948 -9999 0.259248265464323 0.21240800597808 0.208963035414064 0.214251022194213
-9999 -9999 -9999 -9999 -9999 -9999 -9999 -9999 -9999 -9999 -9999 -9999 -9999 -0.151222184717467 -0.255299998758924 -9999 -0.275751192686789 -0.130980649985094 -0.198767278507455 -0.0608334636255583 -0.158854222774364 -0.202076408667335 -0.219736866752616 -0.174755613175391 -0.0734719495505469 -0.164460288998607 -0.0761927386730514 -0.17029376395616 -0.149552590804729 -0.095067281061948 -0.0229658307945446 -0.0464049216961638 0.0399811436159271 0.024741909858305 -9999 0.0524513954519152 0.0664093738214173 0.0702320614825844 0.0360439933509551 0.3044227199391 0.230942029538826 0.230418510062595 0.192019007297753 0.346055742827622 0.113115018314989 0.052609590288628 0.0951942421841957 0.207765989089391 0.0909554295178944 -9999
-9999 -9999 -9999 -9999 -9999 -9999 -9999 -9999 -9999 -9999 -9999 -9999 -9999 -0.212464788538504 -0.396323479301273 -0.247038295890486 -0.320432174730272 -0.194907464034873 -0.18707520570535 -0.121725284705079 -0.138030652718417 -0.197398526691444 -0.163418118252886 -0.106455289422982 -0.0874143642726858 -0.0935520300060515 0.174824630840602 -0.182969697364352 -0.137565795358401 0.0130711578269735 0.00689170866185095 0.0445711835747801 0.0773195260745894 0.101765492998408 -9999 0.0384142864579705 0.154907607984608 0.273844265236806 0.241977873201288 0.307048638294424 0.262583369045512 0.291254144925397 0.216735984660692 0.297708274945694 0.255687097469873 0.192802556973877 0.0402971276723859 -9999 0.250069832660327 0.318830703833043
-9999 -9999 -9999 -9999 -9999 -9999 -9999 -9999 -9999 -9999 -9999 -9999 -9999 -9999 -0.316615872530638 -0.293939162353007 -0.307463844517526 -0.156583751082418 -0.139776686591465 -0.0945124520861202 -0.124579256660377 -0.094891153962593 -0.109591585020287 -0.0835982823311069 -0.071374348664567 0.124142665242943 0.0727078466722792 0.117347050491819 0.0938289106542983 -0.0260124671285045 0.112744517316412 0.0813361021041222 0.0771103905159728 0.0728890966745255 0.151466252906958 0.0842039988970201 0.0905984498847887 0.188604544441472 0.290223361998583 0.240550469218851 0.263293166494038 0.150075472476278 0.0911194579920791 0.226166648230099 0.228248402353128 0.158136178122626 0.092399480359599 -9999 0.325757692895997 0.355089860566431
-9999 -9999 -9999 -9999 -9999 -9999 -9999 -9999 -9999 -9999 -9999 -9999 -9999 -0.254409779967779 -0.307568946859555 -0.299440422632188 -0.302459893634025 -0.225890917209096 -0.083021074205309 -0.0665053898663691 -0.111257590658075 -0.137787425165863 -0.14452317022298 -0.0510149049986716 -0.0561363521492005 0.0917723469211482 0.104308686716519 0.0904157926381053 0.0836167614066345 0.094956232881104 0.0599001305852414 0.107951635148756 0.0908175185551471 0.126216904325678 0.190063095263063 0.175611390686093 0.153605697619328 0.146229919439361 0.196563872171094 0.204072926131009 0.137445524050591 0.13150559340174 -9999 0.0563387821993121 0.145092009145345 0.242418126954561 -9999 -9999 0.338448205079593 0.372954628700403
-9999 -9999 -9999 -9999 -9999 -9999 -9999 -9999 -9999 -9999 -9999 -9999 -0.364841060844591 -0.200223519821764 -0.257853922118585 -0.217879743963967 -0.177231158138104 -0.193791109150849 -0.0731661333182492 -0.058323558457133 -0.0501368062274247 -0.118450351675932 -0.124547366260649 -0.189441162262972 -0.184903779010103 -9999 0.072090340333497 0.11544572524902 0.0608638473378642 0.0523820399769212 0.0677081084587661 0.152043725264221 0.116045651461402 0.121074893415081 0.289944019205 0.257454916424476 0.212568772986636 0.175626469887098 0.0330408374091016 0.128601384775945 0.0932030794040186 0.0368381620886391 -9999 0.0496037754762392 0.119301338621967 0.181137929251772 -9999 0.376649470276849 0.372325826078398 0.40055729356433
-9999 -9999 -9999 -9999 -9999 -9999 -9999 -9999 -9999 -9999 -9999 -9999 -0.0695623540361651 -0.134606755851059 -0.201802250846862 -0.223859170341677 -0.239824287435017 -0.129187740207451 -0.0398080927754142 -0.136615690690874 -0.0420878054100316 -0.230955925099147 -0.104343821422371 -0.139087586476728 -0.20412660473268 -0.218108581852256 -9999 0.0810578257116981 0.0787706837573335 0.0607263948981021 0.0902677422784334 0.119452526208836 0.0925970967629696 0.0966461949664392 0.252154749545965 0.252285240617609 0.247299346308367 -9999 -9999 0.112345488855697 0.0112223345012998 -0.0120320953177429 -9999 0.0996057787225274 0.0310475246851409 -0.0104156266093712 -9999 0.363114686390335 0.371355628770142 0.390829575230856
-9999 -9999 -9999 -9999 -9999 -9999 -9999 -9999 -9999 -9999 -9999 -0.215805294133053 -0.192777785329852 -0.153532263396218 -0.270024586284703 -0.113755862111187 -0.124089997613628 -9999 -9999 -0.208082231300085 -0.219880250985941 -0.176062893179893 -0.0919552426258004 -0.0703370365808167 -0.103370171106318 -0.143425990589409 -9999 -9999 0.184965803951336 0.114290153880453 0.0463816391361666 -9999 0.127354150993942 0.122316483022598 0.207829390679125 0.218892033395759 0.228987717707943 -9999 0.0537183169968068 -0.00536628709797552 0.016528760661342 0.0111081428807607 -0.0344188136528347 0.0451580346159708 0.0124727377179261 0.212892580838127 0.234532639371222 0.293614717175796 0.293944641530342 0.287862425217976
