data/rasters/s3.13.06.li.1_xyz_08_.asc
NCOLS 100 
NROWS 100 
XLLCORNER -4 
YLLCORNER -4 
CELLSIZE 0.08 
NODATA_value -9999 
[rows 21 to 41 of 100, columns 0 to 48 of 100]
-9999 -9999 -9999 -9999 -9999 -9999 -9999 -9999 -9999 -9999 -9999 -9999 -9999 -9999 -9999 -9999 -9999 -9999 -9999 -9999 -9999 -9999 -9999 -9999 0.133718946856256 0.0718486531034403 0.0116663806975742 0.0295222947536327 0.0965872934712559 0.00690273812475002 0.00358154468531854 0.205642742364769 0.158493734281227 0.109615086160843 0.0995313886060046 0.116591679872163 0.131605733060692 0.184535211943453 0.0946558270605923 0.0551778618856573 0.0526377842588736 -9999 0.158290736967958 0.119284475515095 0.143777099364366 0.181428009951296 0.247189674250196 0.120541791988545 0.0744465419265135
-9999 -9999 -9999 -9999 -9999 -9999 -9999 -9999 -9999 -9999 -9999 -9999 -9999 -9999 -9999 -9999 -9999 -9999 -9999 -9999 -9999 -9999 -9999 0.0885286442715024 0.0435737547599162 0.111609614179963 0.00868297670817103 0.0696389592964145 0.0102016261349825 0.0508957606354837 -0.0277533962915013 0.00670810187881329 0.132514050352254 0.0780262313877422 0.126566925796523 0.141030353681448 0.086261331979685 0.147603898909502 0.209353690119768 0.076980775807895 0.129970935979458 0.0797043253056547 0.137792689491377 0.150349388312945 0.114003028635351 0.102023124655738 0.0518331070068084 0.138588805740206 0.0850355729583615
-9999 -9999 -9999 -9999 -9999 -9999 -9999 -9999 -9999 -9999 -9999 -9999 -9999 -9999 -9999 -9999 -9999 -9999 -9999 -9999 -9999 0.12182517538409 -9999 0.0452744752798959 0.0135491897112477 0.00251047972432309 0.0178317378964133 0.0888471940392147 0.0265652974541534 0.0403981897729419 0.217606518640171 0.0481999135253766 0.0619466730655158 0.124058127491086 -0.0290724173013801 0.17765252244352 0.138876448304062 0.134102319992486 0.158592783832 0.192247441364127 0.138277354361515 0.0936906566375396 0.0380646301398093 0.183238033577652 0.128052838167798 0.0762344421742674 -0.0444784450138186 -9999 0.0709684028264054
-9999 -9999 -9999 -9999 -9999 -9999 -9999 -9999 -9999 -9999 -9999 -9999 -9999 -9999 -9999 -9999 -9999 -9999 -9999 -9999 -9999 0.0881853174267678 0.0313505176368898 -0.0275675319891474 -0.0150182641515826 -0.0230192334363241 -0.0131465523142855 -0.0299345877572654 -0.0290007608583853 -0.0124553416123342 0.163214518825228 0.12919941839002 -9999 0.0288259992438718 0.0781294292275342 0.0722247951793653 0.160485301497817 0.200239906844957 0.168984343330619 0.121080689831143 0.0950814857857065 0.0900906947796463 0.185388151705637 0.240237993476655 0.225177113793515 0.172015657446908 0.0853663458249933 0.0218544111497185 0.0241893863344222
-9999 -9999 -9999 -9999 -9999 -9999 -9999 -9999 -9999 -9999 -9999 -9999 -9999 -9999 -9999 -9999 -9999 -9999 -9999 0.290233009663697 0.0168108038808118 -0.0747504844354141 0.0237962712749187 -0.0520904415926032 -0.0335615250917364 -0.00377092556252897 -0.0285070163532041 -0.0495633032921969 0.0707174012403061 -0.0220119389467694 0.10047447858618 0.175930215235874 0.170810983243269 0.22328577553011 0.153008812612468 0.0958337629684822 0.182280689751437 0.14178132871728 0.1499008548703 0.141637855221048 0.0893047999912144 0.120867056345267 0.189181387991172 0.247613203488341 0.215164697047769 0.179225828026246 0.192947633595994 0.0734947150488089 0.0311692546663355
-9999 -9999 -9999 -9999 -9999 -9999 -9999 -9999 -9999 -9999 -9999 -9999 -9999 -9999 -9999 -9999 -9999 -9999 -9999 0.172970195607115 0.196452819381678 0.0172187479435911 -0.0385778158648292 -0.0093675365357808 -0.0185806342212065 -0.0086738351067796 -0.0157456506649644 0.0171841686636921 0.1107634069485 0.0816136312133116 0.161220380183254 0.166942548882985 0.235468832022557 0.26439367669807 0.205707930907884 0.203927279486047 0.166226101218753 0.138848384531135 0.0969102572670896 0.085726509291286 0.0686937320761406 0.0865799866366543 0.0957147548306161 0.218368416599727 0.255555071618332 0.163975871348272 0.0983460762516193 0.0161182951329386 -0.0253120921348001
-9999 -9999 -9999 -9999 -9999 -9999 -9999 -9999 -9999 -9999 -9999 -9999 -9999 -9999 -9999 -9999 -9999 -9999 0.127485647411803 0.0448914237430857 0.0153217472646009 -0.120559631108793 -0.0610360038485594 0.0601846638579713 0.016224683847634 -0.0156808890824942 -0.0600934760892559 -0.0395954753707487 0.0568487902543998 0.134764978384157 0.10321997560838 0.314217453900753 0.320322785413176 0.242790557513059 0.195369419953571 0.0908288637961158 0.387820100294718 0.106522359908533 0.0880108339372814 0.0476204500037284 0.0505470486288088 0.00619410905951941 0.0795893608202914 0.111941117957442 0.14131424221507 0.163875042171212 0.337020148154455 -0.0180899235672044 -0.0357701443619317
-9999 -9999 -9999 -9999 -9999 -9999 -9999 -9999 -9999 -9999 -9999 -9999 -9999 -9999 -9999 -9999 -9999 0.203873892915761 -0.0207889733332374 -0.0136665989158553 0.00851396656261469 -9999 0.0909343795064954 0.150655909704675 0.0573424474345206 -0.116453958314488 -0.0933897719344756 -0.0322363729287094 0.0556817433537146 0.0512835120079954 0.13672229690116 0.259275763660226 0.288137859531342 0.336551797819198 0.0805790261599607 0.207772905036662 0.103275323713496 0.04703425714343 0.044715608968566 0.010821230440451 0.0115263332652118 -0.0274979529334365 0.0540394101557919 0.0650483496959497 0.0345471808630333 0.0494482003253988 -9999 -0.0106163558525134 -0.0377083030318422
-9999 -9999 -9999 -9999 -9999 -9999 -9999 -9999 -9999 -9999 -9999 -9999 -9999 -9999 -9999 -9999 -9999 0.122868556234204 0.0306641249923923 -0.0695151428489278 -9999 0.136171426656885 -0.0202468308077058 0.105571842316067 0.11399017590687 -9999 0.0572987794784001 0.0709203246441699 -0.016867297123386 0.01639265288037 0.192387634474933 0.189403586091821 0.350137099106664 0.304182435282046 0.243671654767745 0.196972787769771 0.150509115389106 0.02398333605378 0.0370809712202284 -0.0278619532704385 0.0331255513498579 -0.0496703579547751 -0.00189001840073558 0.0130979915081505 -0.00579371586621672 0.0524669310385654 -0.00550975784450883 0.0491703043797638 -0.0272865357429283
-9999 -9999 -9999 -9999 -9999 -9999 -9999 -9999 -9999 -9999 -9999 -9999 -9999 -9999 -9999 -9999 -0.0965722222944558 -0.119417550781228 -9999 -9999 0.0472185215854187 0.0706305649661788 0.0155751623136129 0.043654800202225 -0.0322091579330828 0.21497166606838 0.0990361329373508 0.068655310799614 0.0480843540151667 0.034310237305935 -0.0116964348818559 0.156545302463766 0.111352831131988 0.281789630603023 0.286031305795863 0.222339146365173 0.159523466739773 -0.00530477564881936 0.013794899905882 -0.0113929748268269 0.0320081192787726 -0.00800310892635389 -0.0958504020401482 0.00164190605971336 -0.00886191337086935 0.00252103560419785 0.0075770765658198 0.0189052292344449 0.0465611071081921
-9999 -9999 -9999 -9999 -9999 -9999 -9999 -9999 -9999 -9999 -9999 -9999 -9999 -9999 -9999 -9999 -0.101448895537067 -9999 -0.0885623521717235 -0.0834506615309151 0.00444615768425178 0.0139317982118443 0.069624813577049 0.300918593724429 0.255879166052806 0.224536090179736 0.250780816448186 0.0320439955828103 0.0258538902243365 -0.0151734335718806 0.210039184112923 0.185620755013921 0.185405925311738 0.205739167212897 0.193330281446714 -0.00298845872800334 0.140853943204198 -0.000686739831320571 0.0552652954191127 0.0365388734089265 0.0084942715585409 -0.0694678496583597 0.0593661175750286 0.0403488187235113 0.087342704049027 -0.0358982112338964 0.00709883570671752 -0.0233738589166316 -0.0160755295044893
-9999 -9999 -9999 -9999 -9999 -9999 -9999 -9999 -9999 -9999 -9999 -9999 -9999 -9999 -9999 -0.151015209733528 -0.128419315499652 -0.129311956352933 -0.115528304681938 -0.124670341481099 -0.00911708694676971 0.061208636908159 0.158450952248833 0.309527120839817 0.208242781442369 -9999 0.233014711539776 0.150920058674571 0.0319415829679561 0.0141461929635207 0.215964822454575 0.141871745674697 0.125618686610456 0.17378543152868 0.153230006798162 -0.0270445723144692 -0.042107767312908 0.119577410228718 -0.106465719430138 -0.0526817364217059 -0.115350853916937 -0.0585887622283597 -0.0354375932078021 0.188856778777555 0.201784165150371 0.0381799956762982 0.0758956638907612 0.135883485641242 0.126842429562888
-9999 -9999 -9999 -9999 -9999 -9999 -9999 -9999 -9999 -9999 -9999 -9999 -9999 -9999 -9999 -9999 -0.133340167304246 -0.105009662253064 -0.121488144506425 -0.141077016975973 -0.0200916606460315 0.031871745013646 0.18145711422977 0.334690403910184 0.132763843620012 0.0993008268377564 -9999 0.0841179326953232 0.0311740298346888 0.0135653586870462 0.18567359956315 0.0952719480980268 0.0600492766400361 0.0854781836204633 0.13735089415276 0.133010672212662 0.115697475759358 0.106755640118124 0.094182099215365 0.123529521675546 0.0943321260434896 0.0709320281752822 -0.0437558772419121 0.123885396961466 0.139118852877454 0.198512539676458 0.202806660995833 0.209202080581894 0.240529907104488
-9999 -9999 -9999 -9999 -9999 -9999 -9999 -9999 -9999 -9999 -9999 -9999 -9999 -9999 -0.222407657120377 -0.236421969203844 -0.203991073413651 -0.160892455393324 -0.0761418861119773 -0.13229860769865 -0.0149391041382792 -0.0112468208525488 0.182146427892302 0.248548942978907 0.0183010383925939 0.0164454498499724 -0.0806129246446113 0.0514285853272627 0.0579151697578486 0.102577668689428 0.119950564695722 0.0651821394942974 0.131251700461469 0.0181062644402882 -9999 0.132452389313649 0.0802629358392875 0.157886284564531 0.208972443410281 0.0893851214484127 0.0742703740085956 0.0406765328725969 0.0870800079535232 0.109565349165173 0.219333005256584 0.290907659841879 0.197076141265807 0.232970856131862 0.216999132938559
-9999 -9999 -9999 -9999 -9999 -9999 -9999 -9999 -9999 -9999 -9999 -9999 -9999 -9999 -9999 -0.192720296276209 -0.198025607542303 -0.195233759576755 -0.192164696898558 -0.087256216862439 -0.0132900381171513 -0.015990475583886 0.0080656987650503 0.120647528880699 -0.0711562168858112 -0.0737923551997364 -0.0678510227778899 0.00972165198232389 0.107484933801929 0.118689193355323 0.0779042388150057 0.0986327130508121 0.135350486594359 0.101169381914909 0.0277723609285719 0.0675117526286484 0.0925783628514436 0.11763783292862 0.104547407786401 0.0721603072345868 0.0578946763216268 0.0470719232488298 -0.0317496621845645 0.10119806411123 0.213254520982865 0.196502813435441 0.348464040604191 0.35726008434032 -9999
-9999 -9999 -9999 -9999 -9999 -9999 -9999 -9999 -9999 -9999 -9999 -9999 -9999 -9999 -0.270920324448239 -0.240884035719375 -0.257871076250077 -0.0827772305299588 -0.284642004580789 -0.154297197006176 -0.169575170877864 -0.0521314469389003 -0.0145454344106204 -0.0136627450556466 -0.0220415943080613 -0.0377404246062 -0.0610237766152527 -0.000203516261770986 0.109970749213378 0.177431085423985 -9999 0.208174336429238 0.23631978108852 0.14434988595054 0.108129453301019 0.08957196087261 0.0488189667320248 0.0487732904122477 0.0431409989801402 0.0518222941435649 0.0979291104388941 0.117568413645525 -9999 0.248432798513283 0.242002441359899 0.221188019552373 0.257826450227327 0.357228442477021 0.163913092395968
-9999 -9999 -9999 -9999 -9999 -9999 -9999 -9999 -9999 -9999 -9999 -9999 -9999 -0.290058688995348 -0.230351731620732 -0.26612849922265 -0.336772809499819 -0.33036095043099 -0.314150222373181 -0.0868916165117063 -0.0653752034500708 -0.0406252586004975 -0.0486453279573956 -0.0571663441715686 -0.106458169211993 -0.00955431314167617 0.0388673965534445 -0.115216115143014 0.150161980045503 0.0683234024714903 -0.131560440827238 0.0131720742807032 0.0839639432711119 0.118585708937422 0.0828870610258305 -0.0277951378894181 -0.00364574804315594 -0.00651050799266598 -0.000326410736816802 0.102830166616389 0.101921049585634 0.0484219557489003 0.235458862320394 0.224486501575078 0.23631087296066 0.22829852568172 0.235375685111729 0.218563982595196 0.216618005602741
-9999 -9999 -9999 -9999 -9999 -9999 -9999 -9999 -9999 -9999 -9999 -9999 -9999 -0.248130932467329 -0.238543896506304 -0.261764360180154 -0.284070807563713 -0.239719603632803 0.0380769195603964 -0.239013662366266 -0.146300044834699 -0.0756264404649084 -0.0894832478715571 -0.0712697893269326 -0.0882274088224157 -0.0391619617594851 0.106789536703058 0.0540795719405685 0.0702636365309006 0.0746583409975443 -0.101451600616305 -0.0431499733945385 -0.0290229026846601 -0.00115961565791727 -0.0829502413379129 -0.0724348441670715 -0.00398623178290096 -0.0265171639835553 -0.00760305757975825 -0.0454720166098431 0.0681241596993675 0.0832266110956899 0.214817407221772 0.234555191387781 0.237377484229828 0.24724328778394 0.25583772259965 0.251767004500809 0.322371889252288
-9999 -9999 -9999 -9999 -9999 -9999 -9999 -9999 -9999 -9999 -9999 -9999 -0.298548286438935 -0.292703538113424 -0.262872366267079 -0.294989668185945 -0.248178560100219 -0.327420061597715 -0.212584687242889 -0.24829247264259 -0.183771169962165 -0.136480419388384 -0.137382962220752 -0.119726474661049 -0.0770159281519372 -0.0294500229942397 -0.0365327530528133 -0.100820173402134 -0.0837770035197367 -0.0579250174635428 0.0390773139125448 -0.0309677994552792 -0.0236492579314646 -0.0567709754502522 -0.0675913319138648 -0.0641241482670049 -0.032369794625986 -0.015510956766001 -0.0178620125378304 0.0626653767069235 0.0392583550304563 0.0185462789601779 0.116190951221997 -9999 0.339862168330903 0.260100601477422 0.236754648902195 0.265473191397069 0.361030706303288
-9999 -9999 -9999 -9999 -9999 -9999 -9999 -9999 -9999 -9999 -9999 -9999 -0.294519650124372 -0.364636277282935 -0.297915031305488 -0.325698417296363 -0.325672060823639 -0.251906546959698 -0.287596655727662 -0.194126479935177 -0.149701192756951 -0.184498550332088 -0.0768043891235854 -0.0733034103720085 -0.0740313692447785 -0.0869721350010735 -0.0206457773082674 -0.0714639817902303 -0.166332871864497 -0.0669279906891683 -0.00717721866192059 -0.0765479380276505 -0.0994073608715918 0.0341970537547968 -0.049723655665709 0.0155620613527313 -0.0301232377206911 -0.0852350702109002 -0.015174210654303 0.0724279387542463 0.0046981991787128 0.0613506097691322 0.0175775993000296 -9999 0.346998316352848 0.230236650257307 0.200635059774825 0.323705842140339 0.279636594585151
-9999 -9999 -9999 -9999 -9999 -9999 -9999 -9999 -9999 -9999 -9999 -9999 -0.22778686746977 -0.296003043341304 -0.363067032628099 -0.380915120588595 -9999 -0.351015086725635 -0.370807819948868 -0.224835881653085 -0.149146621785245 -0.176999957440545 -0.190103448796798 -0.110850557398321 -0.0614310470819638 -0.245190774078744 0.0113163799712974 -0.209764663527539 -0.139636650651458 0.0237373923638232 0.0354258812721604 -0.0709360535275881 -0.140984386972904 -0.0863523445854227 -0.0577291348433565 -0.0403988610307637 -0.0432430182329793 -0.0715514711699107 -0.0433264516781033 -0.0695801391350343 0.0816386032005991 0.105414391427305 0.118170743813865 -0.0172037629564772 -0.0631979164717097 0.216579247182749 0.177848977905799 0.301857209288274 0.248252523053478
