data/rasters/s3.10.06.cu.1_xyz_08_.asc
NCOLS 100 
NROWS 100 
XLLCORNER -4 
YLLCORNER -4 
CELLSIZE 0.08 
NODATA_value -9999 
[rows 63 to 83 of 100, columns 48 to 95 of 100]
0.0405431723721962 0.0202454832513736 -0.0423294889416766 -0.0832248842887239 -0.0440589045660267 0.0130739617485093 -0.00595475786884187 4.50844238722826e-05 -0.269216586850596 -0.230260977097019 -0.254078540061389 -0.30318312276968 -0.204572982196837 -0.106521042673069 0.0108520906775738 -0.0344205602156773 -0.0559992976485883 -0.0745626455675771 -0.0948569771128055 -0.093587886235 -0.101001833253164 0.13064029743683 0.149861277219293 0.038457608282732 -0.0143644853542882 0.0767167371045432 0.0702889342647734 0.0318296394492274 -0.0108849007223067 -0.0304297967360537 -0.0495961291276084 -0.0667726852508139 -0.0270747689571214 -0.0335279755370061 -0.0336125488355568 -0.0797278082617388 -0.101817357625974 -0.051171413661508 -0.0220813252241302 -9999 -9999 -9999 -9999 -9999 -9999 -9999 -9999 -9999
0.0437145410758933 -0.0741002354351446 -0.0938558484079988 -0.0941291986871979 -0.103344521515977 0.0198962997487458 -0.099832903372187 -0.108497631752141 -0.238532345034715 -0.265167329150363 -0.261141388292716 -0.233808467779224 -0.190668819702484 -0.150559313459971 -0.0645688138357358 -0.110767737024032 -0.165185329563103 -0.22310525048206 -0.213012977571082 -0.0681545769963915 -0.0480542594624858 0.00550237071291935 0.114649281357485 0.101436993479595 0.0569747289131518 0.0970160570176053 0.0787647675086424 0.0511564042836848 0.0740504534596664 0.0873662337711665 0.0160359291128571 -0.00596823987230607 0.0207411426920401 0.0164110206089309 -0.0248774786642032 -0.121199833532317 -0.156637224738172 -0.157730958046787 -9999 -9999 -9999 -9999 -9999 -9999 -9999 -9999 -9999 -9999
0.00618304589908023 -0.0786463969940781 -0.0951323683905948 -0.104646888999554 -0.155830805376148 -0.177961727410602 -0.103791939692156 -0.0993033897018589 -0.0906783976769534 -0.236637640954371 -0.216039884458899 -0.189006795637638 -0.199569459395916 -0.122760050710663 -0.117142274366735 -0.183304733122726 -0.211523063810826 -0.265142367809997 -0.151627302840486 -0.121395431025515 -0.0368611367459687 -0.0447544114924661 0.104163201595635 0.11671510577242 0.0986098631365697 0.117703277868242 0.143875581878542 0.14924082301215 0.22267166480434 0.146084487964763 0.0897887947810117 0.047888502959295 0.0452382017508662 0.00771351202377817 -0.0878047625472151 -0.202415673972205 -0.265001071488703 -9999 -9999 -9999 -9999 -9999 -9999 -9999 -9999 -9999 -9999 -9999
-0.190532107700126 -0.208930710771738 -0.171456633982096 -0.097765228582928 -0.139380490147812 -0.170373515627487 -0.150748077167506 -0.136454096728985 -0.143443933616033 -0.0920792647140849 -0.138536025498171 -0.155395709281479 -0.192155705312334 -0.207034269670522 -0.237387295823836 -0.248592318535819 -0.240675373670395 -0.237436615612332 -0.2635333876601 0.0178294694965884 -0.000184913557870885 0.0197278562331402 0.0668420169983337 0.0791771272034293 0.11081755098641 0.142909554603989 0.138103535440415 0.108197579729047 0.128447714540471 0.116199376943698 0.0723922005857687 0.0604360497594802 0.0331174864254385 -0.000530102074566085 -0.0921206265805253 -0.205216369882627 -0.264245613406418 -9999 -9999 -9999 -9999 -9999 -9999 -9999 -9999 -9999 -9999 -9999
-0.186258162546537 -0.187056588535387 -0.197159525304738 -0.219174512650459 -0.248285988776636 -0.228409804310737 -0.259297695436372 -0.197274613656436 -0.140815855515702 -0.103873251361717 -0.0916056739806309 -0.154685841523728 -0.19368270473959 -0.233852914473016 -0.279065732511394 -0.213701799877394 -0.200072418848618 -0.164200049848125 -0.0739165303587878 -0.0115504230595821 -0.00738290280943193 0.0525504390195122 0.0556992538175255 0.0694118915235248 0.142892306115721 0.154962379582446 0.0800408497355442 0.0844600121398054 0.105460155425404 0.121591476168278 0.122004295007623 0.0660520278311274 0.0137909365755094 -0.0109615573374832 -0.0419919106870467 -0.111447444652014 -0.146603415513519 -9999 -9999 -9999 -9999 -9999 -9999 -9999 -9999 -9999 -9999 -9999
-0.152694629538222 -0.223233621799027 -0.217558258537142 -0.166686927043975 -0.165000107032255 -0.168126435496927 -0.1518596630233 -0.182612795065299 -0.151435053010124 -0.129543869419517 -0.0981574333749405 -0.112822198761061 -0.156105702290255 -0.214715622113707 -0.248005632086248 -0.165982057681742 -0.131427249322686 -0.123723716966491 0.0101898857060533 0.179586246022346 0.143689443204794 -0.0633720577987361 -0.0222990621168221 0.00391969707670146 0.138182455112725 0.0902117271690547 0.0475483534123478 0.0268019785583466 0.0761740808660278 0.0634669001952646 0.0879678118386947 0.0654768017812409 0.00726987161530268 -0.0200516686756514 -0.041921671347422 -0.0547945112633512 -9999 -9999 -9999 -9999 -9999 -9999 -9999 -9999 -9999 -9999 -9999 -9999
-0.159946481792571 -0.207580879669015 -0.219526447202602 -0.0860293573385875 -0.111009046487505 -0.0716528265534122 -0.101592673005846 -0.132876800715818 -0.130983852428753 -0.119039730444905 -0.0950482128504614 -0.105925433968187 -0.175669303229594 -0.187211675559304 -0.185405868641241 -0.15080153242029 -0.11007768125599 -0.1349637106981 0.0535862402218943 0.185773823546548 0.163245271118407 0.0691644479631337 -0.0454048787811377 0.0187566460815348 0.0862964011893874 0.0560319164822876 0.0948408043961864 0.00557193843877238 0.0534934362463528 0.0650097193276539 0.0715187636713534 0.0103716493840734 0.0136673996104593 -0.0596838694043422 -0.0464090911454679 -0.0452229214407709 -9999 -9999 -9999 -9999 -9999 -9999 -9999 -9999 -9999 -9999 -9999 -9999
-0.108743058863699 -0.0666585909607101 -0.0770994387094519 -0.0509243093656068 -0.0466452743106669 -0.0809468857884747 -0.0698854355482216 -0.0991972073562353 -0.118234593248739 -0.0879374247439469 -0.0806394147543696 -0.111496381834436 -0.0847874582038688 -0.124317896087429 -0.128849647406142 -0.109682078469145 -0.0896324445325842 0.128089893508129 0.124946794415639 0.10378127567751 0.166542025280839 0.0849926815130736 -0.00814355046902024 0.0464514190710331 0.0723707566759546 0.0369470203140754 0.0877843485340716 -9999 -9999 -0.115589054295358 0.00688979881173273 0.0512867490468393 0.0674913641574656 -0.0121733910214896 -0.0320702691727742 -9999 -9999 -9999 -9999 -9999 -9999 -9999 -9999 -9999 -9999 -9999 -9999 -9999
-0.103324354945133 0.0441420740910365 -0.0231562427936617 -0.0024237488297058 -0.0305567894388823 -0.0341433574328126 -0.0831672241833964 -0.105696978687089 -0.102463494282974 -0.096442609406367 -0.102903904505362 -0.058156517768517 0.021914951014946 -0.0294187368327457 -0.0636467887174157 -0.0473410394213453 0.0108678221373525 0.101994833771576 0.182696381533998 0.201483390445964 0.16027064977828 0.0151282035480558 0.0101662494020159 0.0474705192243448 0.0829409537073752 0.0972515715465642 0.152981721502401 -0.0233449306626836 0.117251431865249 0.162966291976989 0.172775991737405 0.123631732488109 0.0588300312222299 0.0118148165628945 0.00717667152835892 -9999 -9999 -9999 -9999 -9999 -9999 -9999 -9999 -9999 -9999 -9999 -9999 -9999
0.149761188495737 0.118564338242707 0.0895285673964184 0.0109523105062285 -0.0161497763466158 -0.0316103562275613 -0.0620122282011627 -0.0627759180933969 -0.0674383794335487 -0.100702408485275 -0.1177378964578 -0.0495601619022882 0.0185072767542602 0.033634660742176 0.0237108038181193 -0.00224425024085063 0.242122677646223 0.263782058197777 0.227381970447314 0.174620135201538 0.122399883207267 0.106957209018222 0.0434480627830717 0.0102768814677205 0.0937713624022943 0.124559770777839 0.118340162971105 0.127254253953692 0.209393819692044 0.201667033776219 0.175760613943536 0.178005739808513 0.197739507969942 0.0611760139984264 -9999 -9999 -9999 -9999 -9999 -9999 -9999 -9999 -9999 -9999 -9999 -9999 -9999 -9999
0.148322496643968 0.124421894275149 0.035431283920442 0.030635150243759 0.0200160371824278 -0.0240008160294729 -0.0112000950229062 -0.0213853136567883 -0.0422350538600974 -0.0900800055135026 -0.111422645789886 -0.105949717160723 -0.0310278393079796 0.00265030275137701 0.041735587693226 0.238624178926882 0.295479011199915 0.26123427159958 0.214990852298462 0.201625959070317 0.0966446282810135 0.065965515152911 0.0543357781472829 0.0369356417182736 0.055225579788562 0.183309222529612 0.0549556292794126 0.194404916163441 0.243685865168058 0.256516490229949 0.257625763223868 0.248907792438939 0.18144278799682 -9999 -9999 -9999 -9999 -9999 -9999 -9999 -9999 -9999 -9999 -9999 -9999 -9999 -9999 -9999
0.13269394237983 0.048424345767093 0.0340120186686525 0.0566099016982783 0.0498155119085769 -0.025529444175616 -0.0136216985880351 -0.0253709327794657 -0.0929838853647709 -0.0892373027447377 -0.104359861989603 -0.0884346454677572 0.0370582465515695 0.101058780726336 0.268448557417136 0.314511968305501 0.306073821061647 0.217154023882394 0.191987290956267 0.20041085917019 0.0899847884606049 0.0444160314575794 0.00463174717204094 -0.0354547836804265 0.0184566031807092 -9999 0.241308521089456 0.257125773369417 0.264143534855238 0.278285373854844 0.298363337118594 0.176065753635192 0.216671069128011 -9999 -9999 -9999 -9999 -9999 -9999 -9999 -9999 -9999 -9999 -9999 -9999 -9999 -9999 -9999
0.0966967315481715 0.0732229185112296 0.0820403456554957 0.0866506573117206 0.0821613971552923 0.0394935442749595 0.190980339057168 0.149155828233254 -9999 0.0421482653343764 -0.0411786322115156 -0.0708552161047546 -0.107093815125894 -0.0784032920799574 0.254725504396541 0.324500486287387 0.31437813240068 0.323811675445919 0.38332266224753 0.325295684393056 0.201928062402846 0.273344756437438 0.275227044291205 -9999 -9999 0.25080344844016 0.247941420013059 0.221890295413269 0.218008438717486 0.260818957298655 0.199142031637735 0.205235250334369 -9999 -9999 -9999 -9999 -9999 -9999 -9999 -9999 -9999 -9999 -9999 -9999 -9999 -9999 -9999 -9999
0.106533475792065 0.106939443897258 0.099953293438607 0.0945283998894963 0.0695555183701783 0.0483675685604179 0.159220929709223 0.144555917133794 0.057513097729427 0.0657710703547044 -0.0451203094450288 -0.111254656387252 0.00565127558943026 0.0573221654556045 0.236314050790988 0.298110775565083 0.283725572146013 0.245486071213899 0.37040926369005 0.416490991619468 0.327168661622206 0.274506630264751 0.326084717345213 0.261565194208234 -9999 0.205836735428912 0.0923975300067581 0.196082511692268 0.217502369529628 0.155387772567166 0.162263133041329 -9999 -9999 -9999 -9999 -9999 -9999 -9999 -9999 -9999 -9999 -9999 -9999 -9999 -9999 -9999 -9999 -9999
0.0607316524724003 0.0798852113889599 0.0831197502258151 0.103614300977278 0.0974945369285742 0.122270004911947 0.104084026631814 -9999 0.22165169730008 0.158828327738043 -0.0795090472809899 -0.00767979254485331 0.0279668531334403 0.106265691999509 0.226261310421661 0.276280426612336 0.279189462834837 0.312470474121186 0.36602298025094 0.334002899117045 0.347770513630596 0.30023165695257 0.262547374843909 0.232174938662159 0.0489997980728505 0.143788095807289 0.111903648392133 0.223592600398277 0.150948343122502 0.14185895885709 -9999 -9999 -9999 -9999 -9999 -9999 -9999 -9999 -9999 -9999 -9999 -9999 -9999 -9999 -9999 -9999 -9999 -9999
0.0134373579524933 0.0878552228107191 0.0874209892439871 0.106554163928608 0.120004889854495 0.186982502923803 0.272203158886537 0.240422706899744 0.26017361632244 0.193251916919683 0.196677014665467 0.0575885109947935 0.0852221233670406 0.117315490973616 0.192107134822187 0.279785349796711 0.274159879251201 0.163117236604526 0.344948540336904 0.286974977060741 0.273346911394672 0.221634684922704 0.315126692667505 0.19761455814612 0.0803046544919296 0.030543294530308 0.127394302301325 0.157909827452195 0.13762633339336 -9999 -9999 -9999 -9999 -9999 -9999 -9999 -9999 -9999 -9999 -9999 -9999 -9999 -9999 -9999 -9999 -9999 -9999 -9999
0.0390309223165566 0.0533706278820272 0.0730139292740539 0.0996725209752567 0.114450241806494 0.215960709329562 0.291352431892093 0.268153807353338 0.220087400134712 0.0936677516462326 -0.0194554198997293 0.0563652616667814 0.0667571631248152 0.0645543533366242 0.0838924389857462 0.148173051866133 0.281892687161007 0.290205613762466 0.295322604477155 0.315416474971798 0.335659024550395 0.282083415855368 0.237806829619678 0.0929168151612698 0.0533014253211091 0.0348201112774012 0.0345771300026378 0.0682988481469268 -9999 -9999 -9999 -9999 -9999 -9999 -9999 -9999 -9999 -9999 -9999 -9999 -9999 -9999 -9999 -9999 -9999 -9999 -9999 -9999
0.0682256336431783 0.0607814917371873 0.0665469274164612 0.132895643027937 0.0889234269946461 0.292107907021187 0.317521236751327 0.253646268919293 0.155501380137847 0.0819872036008265 0.0401015538726357 0.0545301412693891 0.0600555238389465 0.0722866290891889 0.129364506008076 0.185775269949504 0.189643884573892 0.225527930547107 0.17381305210901 0.249805319344853 0.362626482592718 0.272651088603197 0.227653084853722 0.137071653519944 0.0732775159909897 0.0529488425475796 0.0487215317081761 -9999 -9999 -9999 -9999 -9999 -9999 -9999 -9999 -9999 -9999 -9999 -9999 -9999 -9999 -9999 -9999 -9999 -9999 -9999 -9999 -9999
0.0571726096294351 0.0323368403461231 0.124466126758248 0.196746393972601 0.145011744714446 0.332430641439824 0.366143048914712 0.353164393467821 0.167509938149329 0.126634764183772 0.0867232035633044 0.0560288857318863 0.0477260606029023 0.111760445780979 0.169911768445617 0.190389985312627 0.181526766137003 0.18280418357574 0.137615233121761 0.194817866309906 0.283993108515103 0.26528747388854 0.17344904997559 0.147211811909431 0.0998650424606506 0.0502942056414035 -9999 -9999 -9999 -9999 -9999 -9999 -9999 -9999 -9999 -9999 -9999 -9999 -9999 -9999 -9999 -9999 -9999 -9999 -9999 -9999 -9999 -9999
0.133561776868128 0.0717898204240408 0.198315984093143 0.255240068671204 0.18884623350218 0.067941264556043 0.170751259021059 0.261538990150659 0.174230671351616 0.132107369758397 0.084297708240087 0.0636927008265701 0.0447872255797495 0.113550602155794 0.167976630175009 0.153546872947078 0.163658712125388 0.170885467185209 0.149508462081726 0.211349486941093 0.234010257955438 0.178691070053653 0.151277768458466 0.147338370104237 -9999 -9999 -9999 -9999 -9999 -9999 -9999 -9999 -9999 -9999 -9999 -9999 -9999 -9999 -9999 -9999 -9999 -9999 -9999 -9999 -9999 -9999 -9999 -9999
0.161496959088043 0.271492556175502 0.265043081568242 0.228240815693702 0.173733355334818 0.121524297736169 0.107511897533385 0.197373254794833 0.230534366673704 0.140885613009073 0.0924230134766649 0.0960188373261615 0.085553982757213 0.10986640990759 0.121803586990862 0.138475247926972 0.138927269670142 0.146632700912918 0.166607133428653 0.176655111813186 0.145904203822532 0.13870656985831 -9999 -9999 -9999 -9999 -9999 -9999 -9999 -9999 -9999 -9999 -9999 -9999 -9999 -9999 -9999 -9999 -9999 -9999 -9999 -9999 -9999 -9999 -9999 -9999 -9999 -9999
