data/rasters/s3.17.05.li.1_xyz_08_.asc
NCOLS 100 
NROWS 100 
XLLCORNER -4 
YLLCORNER -4 
CELLSIZE 0.08 
NODATA_value -9999 
[rows 42 to 62 of 100, columns 47 to 93 of 100]
-0.177777951056591 -0.152478964090379 -0.134407130211956 -0.188399363485644 -0.135226622429491 -0.120848274927959 -0.137923060825462 -0.123896562659068 -0.0931428390386865 -0.0997909802304955 0.0324402369207725 -0.00881660554852694 0.0230305646978696 -0.0496181545911005 -0.0663213298354081 -0.0689452881997607 -0.105264811942303 -0.0715776836817646 -0.0487810289657156 -0.0176294135004578 -0.0144602793782809 0.0537352115212787 0.0372016669114276 0.0121938839109122 0.0456620838280234 0.0683570087528547 0.0628005452107856 0.0389999414549445 0.0686214832311329 0.0504149348140547 0.0544369403971412 0.0622456767242651 0.0895007247923736 0.0390945502221265 0.0682294242376596 0.0832843596240628 0.0306628205501394 -0.00239899429919475 0.0456132057795696 0.0567097315623128 0.0671020952858793 -9999 -9999 -9999 -9999 -9999 -9999
-0.200466774298564 -0.179614522768199 -0.122835348631276 -0.152242337986944 -0.143955682793049 -0.154963350390077 -0.160189519670459 -0.0958734113869548 -0.0676607507601727 -0.0389813896221313 0.0231617807528349 0.0180950662413576 -0.0748768950456909 -0.141717273692387 -0.150123020496889 -0.113133911884568 -0.140908872472056 -0.106101743890286 -0.0504508238905461 -0.00629856805044203 -0.0202195873071153 0.00115522630394039 -0.00475410998360936 -0.0317524989272138 0.0111318181335729 0.0540621438490731 0.0568563955328685 0.00438430427304998 -0.00463018048200332 0.0190860209628756 0.031363239170565 0.029397104781831 0.0632654624870306 0.0363394873436827 0.04104961902634 0.0512728696872283 0.101001713294738 0.0502546049790796 0.0708718725702039 0.0465821181833407 0.186959495972137 0.159895215968109 -9999 -9999 -9999 -9999 -9999
-0.167021777976781 -0.162693885792619 -0.157512484987794 -0.128140236086729 -0.128784983633135 -0.0878511078678904 -0.0924865103783989 -0.0634412753497733 -0.0490249610819667 -0.0645292978043093 -0.00883227559757678 -0.0678612720450234 -0.0172398398219205 -0.0893204933065491 -0.132904564300558 -0.144771414255555 -0.167413694230862 -0.12777334732725 -0.0724482372508844 -0.0294068350667972 -0.0403247363076018 -0.0873355170318826 -0.0958486143744209 -0.055765169882314 -0.0285475384109033 0.0229123994667261 0.0376959366037803 0.0285045185660435 0.0001161025801975 0.0215569360104973 0.0278976820837301 -0.00846923157542872 0.0439060171374394 0.042743667860053 0.0437753888326305 0.0713692067953036 0.0970962233050482 0.0355517234439281 0.0378824877929428 0.155242151953307 0.166761521871356 0.177760465989014 -9999 -9999 -9999 -9999 -9999
-0.190943107847844 -0.162862532542867 -0.18309010469392 -0.14055670502324 -0.0830535415477168 -0.114522494196386 -0.108296992451909 -0.0071103027762504 0.0306880745806719 -0.00797919202454525 -0.0104537322098048 -0.0152754079303847 -0.0265794165956293 -0.0530838724381918 -0.100169649503994 -0.132332849491122 -0.129773570646063 -0.107355851383604 -0.111052005242582 -0.107815357976508 -0.112731341633535 -0.0656591574148932 -0.105914100767151 -0.106862282225465 -0.0785648754667009 -0.0392700708329365 -0.0266951492388418 0.038274171061058 0.0352762629904225 0.0256868242632987 -0.0102711252058387 -0.0346252812515746 -0.0328166298980498 -0.0112564559123513 0.0517195394021749 0.0767538018509188 0.110319614676624 0.0744337042809183 0.05949339748846 0.134369485559071 0.192930892197983 0.179941793990513 -9999 -9999 -9999 -9999 -9999
-0.248805163801166 -0.207542008698532 -0.212084391091711 -0.112659157721968 -0.0337439036927616 -0.073691978501333 -0.0894573295039669 -0.013213500386509 0.0146021771840406 0.0252584225703676 -0.0399712219213912 -0.0475673165922731 -0.100773148991627 0.028192369751233 -0.0257658588685091 -0.0838790630190086 -0.106781192477548 -0.0952487818507234 -0.102353640657248 -0.0993555135553998 -0.145007411978352 -0.141609744168207 -0.0966047369546942 -0.101968665627616 -0.0696664774079567 -0.0412371580076184 -0.0579756450449085 -0.06399220931849 0.0197920458700461 0.00399043102382867 -0.00600944320254538 -0.0198497224874458 -0.0923140312119744 -0.0618207275131522 0.0774947445731105 0.137814063325379 0.17633657366844 0.133457656074861 0.0981936624099334 0.165344081184452 0.174565727530507 0.181948781133674 -9999 -9999 -9999 -9999 -9999
-0.158522586804794 -0.19264396756612 -0.167129830366032 -0.185308779305261 -0.0844376751349146 -0.00277150058467366 -0.068796712599134 -0.0135165638043744 0.0328192244774604 0.0650775562497388 -0.0199026910414977 -0.0294197763713721 -0.0455480245410873 0.0617129428929491 0.0108660720687928 -0.111440571740757 -0.0913278015125829 -0.0856532710774289 -0.0838755836872433 -0.0674787393751671 -0.122025477412316 -0.154580205401288 -0.15369112875382 -0.160028917311875 -0.0819903949229344 -0.023844156996508 -0.0440352654905758 -0.0881581105127499 -0.00824605878258812 -0.0176729920360709 -0.00238599311286006 0.0270425104592503 -0.0431327291169214 -0.0712311528717333 0.0534445548809167 0.117556011203504 0.153056385524593 0.166896638988935 0.144187583732219 0.151304421556402 0.116828577186735 0.166318853662272 -9999 -9999 -9999 -9999 -9999
-0.11317984496644 -0.148113513940202 -0.189108919497459 -0.183558480239052 -0.102834828149214 -0.0610267414522337 -0.111478273089901 -0.0362441280896089 0.083377915075849 0.115040200250783 0.057306235617805 0.01408455060203 0.0109005961706712 0.0645296886590624 0.116412697558894 -0.0892596633996984 -0.104053429054515 -0.0547762912697419 -0.0681090718318281 -0.00864765136818656 -0.0613388781675704 -0.075746154019857 -0.145863308443775 -0.201043330533666 -0.122704453397215 -0.0179091350175589 -0.036244059411688 -0.0766233910791497 -0.0726054259346626 -0.0212734112873655 0.0333894191120425 0.0658050343358056 0.0243851102506298 0.000825155293018155 0.0149902527216532 0.0656517227558928 0.0832998705016191 0.123982560343246 0.112159422069335 0.109990311029542 0.106474367185756 0.145753276203713 -9999 -9999 -9999 -9999 -9999
-0.135710810902016 -0.196940245727371 -0.207505991052818 -0.165205732394198 -0.127562614234314 -0.128107132482759 -0.160978747329906 -0.0930327718548389 -0.0108000772442509 0.0639176055359047 0.102643620358091 0.0333049243837508 0.0371555970474451 0.0588991174744248 0.0811470426576284 0.0406923038307229 -0.016694752431393 -0.00857083420636414 -0.0391058508926216 -0.0187510711863284 -0.0336883233306768 -0.0361456899268487 -0.101496407691618 -0.151331579908853 -0.130020602530871 -0.118224386950729 -0.101523575520275 -0.112902016445734 -0.0941398351015313 -0.0353082193021992 -0.0141438771285676 0.0738768682876162 0.0655826817755763 0.0742152167656768 0.112961513456214 0.12433928910425 0.114627955615137 0.103854814783421 0.113827854366668 0.158712026712177 0.14691366412986 0.167930359153421 -9999 -9999 -9999 -9999 -9999
-0.225235653738444 -0.267081815984389 -0.192865306110855 -0.109134097772704 -0.13304836938832 -0.137729539476074 -0.129676788216451 -0.124908142816396 -0.0941075368008545 -0.10296685504078 -0.0019731715445007 -0.0340336080662067 0.0353570730119472 0.0371323902023612 0.060560012827083 0.0748461648657108 -0.0608160917208367 -0.0185708563974521 -0.00498537752984155 0.00565395342731594 -0.00183323321162863 0.00622543178952573 -0.0856146244151752 -0.148320156814978 -0.223229525972873 -0.20823881230467 -0.108036323109654 -0.102911425269064 -0.0877787755979804 -0.0483246397214556 -0.038414632359691 0.0409303586362387 0.0879416564201753 0.104030557784051 0.0892937036352304 0.111961803772065 0.0961769726438602 0.0988934172678617 0.101509536752667 0.152130761057085 0.158426779634433 0.175663196060682 -9999 -9999 -9999 -9999 -9999
-0.257909485940281 -0.252399526570254 -0.157173884919501 -0.145778960113338 -0.121188853521177 -0.0608900392053066 -0.063052979536458 -0.119523345885135 -0.139019891550831 -0.1303344222039 -0.140409597278729 -0.101835100163919 -0.0441299219892527 -0.0772525632021806 -0.0894092266290071 0.0030334017839344 -0.0695683560555366 -0.137639665882253 -0.0144343642803889 -0.0790492242827551 -0.050914717460124 0.0299513450931328 -0.0534025185274195 -0.154589899143021 -0.202370186083811 -0.173665318133266 -0.179993659079479 -0.153512360223658 -0.115932897151529 -0.00136630511169327 0.0306597397955662 0.00615305173972862 0.0173644526775972 0.0605009806465154 0.044281782134127 0.0911328188307135 0.0944996340768954 0.128809247342746 0.127731583802506 0.156477636028297 0.159389753850226 0.17433101474367 -9999 -9999 -9999 -9999 -9999
-0.239887720345447 -0.22507258691389 -0.165778223659606 -0.151573794702004 -0.0803893345452013 0.00915500692291792 -0.0154261155577694 -0.177571788685562 -0.17881793749748 -0.171525072434941 -0.146862651845973 -0.133967639392264 -0.101518317679451 -0.0835469028141204 -0.0581454864246053 -0.0241988643699318 -0.00398665981887158 -0.0938444525528895 -0.118890104307639 -0.169875501093717 -0.198666316650047 -0.147719789355251 -0.117269518318566 -0.174459989160803 -0.132255499224672 -0.0866661259079618 -0.161351834442286 -0.165204268698642 -0.113339053758112 0.00593724727191941 0.0741115820745047 0.121305537198763 0.14627011078144 0.0993482156932128 0.0981422302648949 0.160629106375475 0.144048663285777 0.139737354201559 0.104305148073191 0.155478766260782 0.170578336905237 0.189174244151717 -9999 -9999 -9999 -9999 -9999
-0.242474817779626 -0.246733838145538 -0.227725780736868 -0.177134588792292 -0.145902000971783 -0.0671944603858659 -0.0928405013600034 -0.166887300637194 -0.180543366326071 -0.181491886785036 -0.168945689664604 -0.153242523615305 -0.0861094553126536 -0.0725689839700825 -0.00413867873635117 -0.0130951406207602 0.00590289301068617 -0.0588799153142155 -0.104071695700188 -0.185471726319726 -0.198184811902448 -0.123561873613601 -0.119350359396203 -0.107152878747351 -0.0641028320002001 -0.0176523260619642 -0.0299015441053256 -0.0278595984100622 -0.010982571840525 0.046930630726237 0.129305757619236 0.169185580574767 0.15472507059669 0.131998105954462 0.115913392880192 0.181758086490144 0.18302419431937 0.155416800793786 0.132569564871525 0.170411423759855 0.127570368454193 0.189201036933921 -9999 -9999 -9999 -9999 -9999
-0.279173485246208 -0.228048211907556 -0.216504037369037 -0.216370877539262 -0.18264703497685 -0.114919746878298 -0.143072090159113 -0.177751784841747 -0.191690082123 -0.175676145631523 -0.128742593827583 -0.11554069427557 -0.101879764927483 -0.0389844713302061 0.0501399234207556 0.0231507205489152 0.0277247587061764 0.0338003746659026 -0.0283198184535314 -0.107612908554207 -0.125544285138526 -0.0904297220237675 -0.131507065002425 -0.131417325868735 0.00518062724674732 0.0315600164543356 0.0438773441635169 0.0451186629527626 0.110564295604109 0.146784472243187 0.136967118216752 0.159202095694808 0.166537858778443 0.0908268767843024 0.0941944179545523 0.140218904396583 0.089534754899046 0.101917733950577 0.188935697373593 0.178143784861148 0.174205564651958 -9999 -9999 -9999 -9999 -9999 -9999
-0.217716425963632 -0.17598688937288 -0.167289581481132 -0.13315439308285 -0.0748313938957923 -0.134291897378674 -0.174362236009964 -0.202250855497454 -0.214868579214347 -0.130777873210737 -0.0870032950070584 -0.0610034912759343 -0.0856208739312704 -0.0752479335788459 -0.00105227430934842 0.0287539804359903 0.0653739246130477 0.0437636394363634 0.0288842399914933 -0.054576411697921 -0.119976198049289 -0.0592614043167427 -0.118434515548787 -0.157165894056162 -0.0367370102138545 0.0185232743988266 0.0512756284003523 0.0525653882301187 0.0943250318016423 0.102971112861099 0.064090923786059 0.0200528538188027 0.0625887008310425 0.0658380075013268 0.0663356842496112 0.0728544145881862 0.0950354831041492 0.122517708587226 0.203694708403412 0.189247908267329 0.241096871884506 -9999 -9999 -9999 -9999 -9999 -9999
-0.129461187980455 -0.172824606378319 -0.137593444284518 -0.0481977135158071 -0.0535863935842879 -0.0796375698293106 -0.0840252618740294 -0.110999699131291 -0.189756467655961 -0.110406739064307 -0.063051732328011 -0.0125393530750119 -0.0181436215762803 -0.029636564227469 0.0101795071273054 0.021352016440317 0.0583841422671053 0.0507803858310822 -0.000961496254011244 0.0146199678914603 -0.0605269698710497 -0.0761298356239867 -0.125460828490544 -0.138174128473923 -0.0733141127270341 -0.0166619333874322 -0.0104805896602425 -0.0074162801572659 0.0396355546136861 0.00580661984622122 -0.011556638674078 -0.00837313992489782 0.0201054489920495 0.0353593724120794 0.0142897410328441 0.0426737387562272 0.030289117364899 0.0626614640344208 0.079963181268915 0.117781216656276 0.13301287692875 -9999 -9999 -9999 -9999 -9999 -9999
-0.0874389309070472 -0.165178139733043 -0.120857236324002 0.0119201862120789 0.0617289661103543 0.0341530918480245 0.0546952846504575 -0.050647721680665 -0.118892739095292 -0.0701095361136568 -0.0163531526912829 0.022499298258287 -0.00710237182420066 -0.0197362872726284 0.00762478138360932 0.0151197986509295 0.0253180952730445 0.0114173630714228 -0.112460473387969 -0.0504956556070778 -0.087535020463675 -0.117760088745703 -0.17798934570686 -0.21628434918744 -0.126797109120774 -0.0341225996486481 -0.0512077308929244 -0.0747332289933517 -0.0224435911821333 -0.0195149152285894 0.00122165748122172 0.0126963139440953 0.0247632653923342 -0.0104927645475894 -0.0234567796251465 0.0184886078992211 0.0292105576823856 0.0187714701842889 0.0457153559753737 0.0849102010102215 0.0980008301532175 -9999 -9999 -9999 -9999 -9999 -9999
-0.0357552118307958 -0.0873412008442953 -0.139353724128273 -0.0591169741128781 0.065213744880829 0.0680220016503587 0.162866241323512 0.14319663156161 -0.00700142132377219 -0.0421219510517029 -0.00438827582764303 0.0157227801420428 0.00142961141090719 -0.0324017020271651 0.0187840520733707 -0.0529556634651466 -0.0470077007604871 -0.0196462612613715 -0.137211530504505 -0.125564672365374 -0.0160571459714163 -0.0808856004171321 -0.182861102485618 -0.2043781414904 -0.110448913680257 -0.00836294329187542 -0.0320183640636434 -0.0650122092497696 -0.0303063985381928 -0.00593393499137797 0.011686791894569 0.0238031647517634 -0.0184129562173257 -0.0761896716496144 -0.0175674688028911 0.0212868377464522 0.00252915719666372 0.0046586072338996 0.064328551450929 0.0747238667263253 0.110624583614686 -9999 -9999 -9999 -9999 -9999 -9999
-0.117179577311852 -0.110435069084169 -0.154404800404488 -0.064117142250328 0.188510585276145 0.202846956976989 0.18804312757588 0.108200193653693 -0.0277052365438897 -0.0307398734221613 0.000221254696702987 -0.0146667391595537 -0.103337375436501 -0.0891419888656603 -0.0489539161447279 -0.0782452277665087 -0.0903843994621626 -0.0919100402420285 -0.0723036478629133 -0.0378718839027443 -0.0434566134965168 -0.0687460076400832 -0.113827667527677 -0.10961703725476 -0.0414098609400802 0.0269507193378365 0.0112110573393257 -0.0405530641216287 -0.00780468380626458 0.00504493587689319 -0.00587102383925746 -0.00759938285094556 -0.0647888143161697 -0.144706649101042 -0.0785335040200356 -0.0601086760286399 -0.0864802761433682 -0.0490864257801005 0.0334891320054466 0.0582652408932895 0.102325696126655 -9999 -9999 -9999 -9999 -9999 -9999
-0.126463377105619 -0.0853127701900065 -0.0820372099710021 -0.0691338078044893 0.0183050040114954 0.19126168925404 0.148534985256318 0.150063726270771 0.0276027609170538 -0.0342839402821786 0.00735535787922512 -0.0127767804194985 -0.119957817742369 -0.141390289315226 -0.113934979821062 -0.113171008841575 -0.137040809259532 -0.120568270118985 -0.0864677803103916 -0.0513518803024799 -0.0879643868790207 -0.0695194756620387 -0.0730852340924094 -0.0664687803335634 -0.01241763691727 0.0268693387933392 0.012295652600983 -0.0333029132321821 -0.0191658225212663 -0.00184418710857418 -0.0694502237510274 -0.064837591926117 -0.0520473708464016 -0.0851555020926596 -0.0848844894484413 -0.093948925763648 -0.104206854940724 -0.0593834571484633 0.0439163148117685 0.0355484208619083 0.14587679400896 -9999 -9999 -9999 -9999 -9999 -9999
-0.122322972679197 -0.071653298148099 -0.0802421976486136 -0.0988005855873418 0.10802163457365 0.15402240238054 0.120158138165594 0.102080443529502 -0.0125780120881177 -0.0122245481134101 -0.0448850105605197 -0.0747799952160035 -0.153787745176946 -0.127167757058247 -0.0752794655683225 -0.099213187316692 -0.137343634066741 -0.123822782795402 -0.130553575772154 -0.0891597462619154 -0.0908064585953453 -0.0633956526241143 -0.05562648833553 -0.0674378460621509 0.0109937280245619 0.0162104713429096 0.0125240731228657 -0.0228951293870004 -0.0228585869737319 -0.0318690105026786 -0.0410422133728546 -0.0603719046890056 -0.0386325744018112 -0.0349071734177326 -0.0143538916493718 -0.0533942521108176 -0.0409267468759045 -0.00332462914120042 0.0660200414501272 0.0875412501791191 -9999 -9999 -9999 -9999 -9999 -9999 -9999
-0.152353189835658 -0.122592063185299 -0.0831300254195925 -0.0804914692781401 0.00474621719951575 0.0745911212295688 0.0883593536985945 0.0288240858433876 -0.00177420307937341 -0.018091615798534 -0.0573844586775894 -0.0743409896532221 -0.136927775493753 -0.098653904999281 -0.0821389670894078 -0.16079887187467 -0.168193187926455 -0.13141924168788 -0.12531405141389 -0.0904279500021573 -0.0909859926904377 -0.0280289744294445 -0.0266874005767208 -0.0193881012829447 0.0178952619199365 0.0293653060743752 0.000287296785983818 -0.0026308784813656 -0.0671599388048221 -0.055733681591949 -0.0680765391582355 -0.0624769391152728 -0.0401813797315213 -0.0131766878593466 -0.0152143906594609 -0.0172407121415759 0.0512544083097082 0.0724439158650171 0.0258400203432917 0.090934897907184 -9999 -9999 -9999 -9999 -9999 -9999 -9999
