data/rasters/s3.10.06.cu.1_xyz_08_.asc
NCOLS 100 
NROWS 100 
XLLCORNER -4 
YLLCORNER -4 
CELLSIZE 0.08 
NODATA_value -9999 
[rows 42 to 62 of 100, columns 0 to 47 of 100]
-9999 -9999 -9999 -9999 -9999 -9999 -9999 -9999 -9999 -9999 -9999 -9999 -0.0131233071264975 0.0521465696565052 0.0663816487697654 0.0569699565652069 0.0764832228443475 0.0831142056996016 0.139383464458338 0.0963792834014668 0.203337366062924 0.174442528413046 0.179129657876212 0.185173799852082 0.153576187774117 0.0853525187321939 -0.124559360409356 -0.121905016043576 -0.378474555287879 -0.501409517101984 -0.461496149977613 -0.354712835826745 -0.253311927062501 -0.241774114378623 -0.208314983632794 -0.1615581970465 -0.136845805801166 -0.132701445588215 -0.144719242370859 -0.237297136096482 -0.267622761380654 -0.335966021957213 -0.316815820342126 -0.272184974493804 -0.26442367241963 -0.333172185467954 -0.473933792838843 -0.560291319893547
-9999 -9999 -9999 -9999 -9999 -9999 -9999 -9999 -9999 -9999 -9999 -7.5706410717721e-05 -0.0146102634645656 0.0356527733688761 0.0829614162236349 0.112305174017099 0.10812093543649 0.120388465491043 0.0674600622967159 0.110831051942995 -0.0074129502579113 0.191570340205046 0.168004586515325 0.246448571592282 0.192050384907621 0.0562914377197899 -0.0551632175572335 -0.149919137721393 -0.299150311955043 -0.591958694689998 -0.535747016631789 -0.481386050466766 -0.296291957738612 -0.236557232876746 -0.174069792788724 -0.127029818285815 -0.110570587670944 -0.12075949937355 -0.139092785843348 -0.175699547779624 -0.171119841605565 -0.342980237850674 -0.271457949434564 -0.214746417124001 -0.263542248842368 -0.38256597652679 -0.523816855682135 -0.503954593917697
-9999 -9999 -9999 -9999 -9999 -9999 -9999 -9999 -9999 -9999 -9999 0.169473209292122 -0.0172182351186685 0.0897807026577248 0.0909461707705382 0.134538490917436 0.129499360805832 0.182281954226338 0.273123535132455 0.317282927974368 0.239526580090589 -0.311126132431311 0.178375949494511 0.206677304668849 0.113356337963152 0.0431938391066203 -0.0379055875749194 -0.20063634871278 -0.336439437125133 -0.539995220731374 -0.495224145396051 -0.360939854582127 -0.22257097101619 -0.200976612085163 -0.130913057789348 -0.102747732696869 -0.0748048004854401 -0.0702235269333552 -0.127879265383482 -0.145538108574011 -0.181959790296986 -0.293515789473483 -0.283652387875698 -0.201244574093851 -0.286574414427197 -0.40878337490005 -0.378165964553732 -0.263076252919107
-9999 -9999 -9999 -9999 -9999 -9999 -9999 -9999 -9999 -9999 -9999 0.273697679842812 0.0575212615570616 0.117851594883697 0.113704912510721 0.166565743191882 0.183778437630618 0.236607637557892 0.284296648671116 0.219848677623403 0.18996358312513 0.239748423422651 0.186445928362925 0.223044379480426 0.178089051424405 -0.092848575975563 -0.263345928531177 -0.268327669384725 -0.413966502942524 -0.42883866693622 -0.367076570852137 -0.258065715393842 -0.209272176016939 -0.15465178311433 -0.108626748270239 -0.0887873978993639 -0.0673847631841269 -0.0469366200682805 -0.109977916348801 -0.217338728042745 -0.218644574101104 -0.181377098546142 -0.227706145354831 -0.213618880220336 -0.257662307385579 -0.277046295154236 -0.245697827877655 -0.128965471122951
-9999 -9999 -9999 -9999 -9999 -9999 -9999 -9999 -9999 -9999 -9999 0.414198079951122 0.322979695284006 0.261681054695372 0.249531884767081 0.208581351619726 0.251478968038408 0.251158580201108 0.269937738817649 0.205272491770165 0.213934992530746 0.272040163014494 0.140061920705669 0.19928306073984 0.119914725249723 0.00384868751478651 -0.124110023385976 -0.200049287014801 -0.471564778889965 -0.488666864805046 -0.231107634964706 -0.232846863846424 -0.176544661807961 -0.11692141833906 -0.121434239835393 -0.0961906731181146 -0.122881763608891 -0.113702705311318 -0.11015531280723 -0.0996526644202707 -0.134475464290505 -0.154608278412458 -0.185038984414326 -0.180359550813976 -0.112893234834037 -0.11483250184039 -0.0507832943054833 -0.00509871960701109
-9999 -9999 -9999 -9999 -9999 -9999 -9999 -9999 -9999 -9999 -9999 0.369148958745318 0.429670287277561 0.366484781941356 0.264070034510855 0.260467259606441 0.419982556659221 0.286771527471448 0.236078659926306 0.184145411774858 0.111176749706456 0.118190425901524 0.178769453616875 0.200188363713895 0.0725673055012259 -0.112358765931271 -0.0773557953383167 -0.316093300107182 -0.397997528750333 -0.306570370574012 -0.208268521017746 -0.146906985579475 -0.123729105819184 -0.11395001345549 -0.177650384520568 -0.202801812676364 -0.209378325071786 -0.204405347783924 -0.166946651811739 -0.123640883859155 -0.164631204220465 -0.0941592768223318 -0.082625479042563 -0.10488841035801 -0.0703345436484459 -0.0455899784725027 -0.0130127675730359 0.0371719975394061
-9999 -9999 -9999 -9999 -9999 -9999 -9999 -9999 -9999 -9999 -9999 0.477193910396484 0.452698071503491 0.288184559001439 0.451955180917163 0.278871020862568 0.454766552905377 0.279157054168915 0.226129811793409 0.166659545288148 0.110797453449625 0.0345615708538761 -0.0331520314247713 0.0910545405041171 0.201486801750194 -0.250583335522776 -0.146492727008135 -0.387794555728687 -0.40783820377772 -0.336544787357761 -0.245448179768696 -0.165240785324012 -0.207416447702665 -0.191751172359213 -0.213443686550011 -0.233899693562607 -0.223635024175203 -0.216989877098891 -0.19286740515756 -0.190502901698556 -0.178855524244164 -0.136106055531299 -0.0550349619208575 -0.0572325285841776 -0.0797699452567499 -0.0394773395072155 0.0176754755251093 0.0671007079809815
-9999 -9999 -9999 -9999 -9999 -9999 -9999 -9999 -9999 -9999 -9999 0.494680611793641 0.390610855468266 0.362862047231214 0.480804133815597 0.375035252919591 0.478887982805631 0.190213275484497 0.228294917077759 0.149859172269762 0.0932932504337794 0.0540572446246961 -0.135657723733708 -0.139786045600552 -0.244877200527223 -0.239669197970696 -0.165057814029379 -9999 -0.250265446404997 -0.250053800156474 -0.2223471637701 -0.164518745564482 -0.14284710296553 -0.177370402501828 -0.282720534787694 -0.234030513068427 -0.228743928840779 -0.234085849881065 -0.178635412219651 -0.122411707588489 -0.12116350171998 -0.122223317794788 -0.0862458364236971 -0.0805625360558147 -0.0726512205415962 -0.0106565777300121 0.0368846969005832 0.0664276656419856
-9999 -9999 -9999 -9999 -9999 -9999 -9999 -9999 -9999 -9999 -9999 0.490688502919595 0.432976845698558 0.458962716971568 0.51113037919165 0.44224172561334 0.34745090271491 0.195492542878314 0.080688002229028 0.0237277303625254 0.0383463765341054 -0.0209214945164652 -0.145653867154659 -0.244764607456581 -0.199594289771844 -0.13011090361658 -0.0942730070788153 -0.137538962319741 -0.130967951087658 -0.0488049317251386 -0.126180422391317 -0.119441489733777 -0.0868925382007262 -0.175633525624355 -0.218489182916405 -0.220677917351909 -0.228592021700777 -0.215166774677585 -0.145027650886936 -0.106558952079706 -0.0794967858726679 -0.134619582863182 -0.112064974213409 -0.12129289266369 -0.090068787602274 -0.019321625667289 0.00875314065518753 -0.00741232579410382
-9999 -9999 -9999 -9999 -9999 -9999 -9999 -9999 -9999 -9999 -9999 0.500300910362714 0.512278078357553 0.280720811419642 0.490959276609751 0.490236330103623 0.365174286521428 0.292459480441595 0.15531978999957 0.01325937637498 -0.0515523256317733 -0.0588525956513966 -0.179337173815961 -0.269694519047368 -0.154180356629033 -0.158852957812936 -0.097752181864857 -0.0994773158930999 -0.0466217339541974 0.00334604512376509 -0.113262950662672 -0.118197763957831 -0.0805326861225445 -0.118049039659887 -0.101028274775799 -0.235877829059725 -0.283630857145941 -0.293518112399349 -0.0960955110871897 -0.0891999721755225 -0.104078038362642 -0.127594960309375 -0.109811026774556 -0.164340567988554 -0.196216371159748 -0.149327231653888 -0.11913072176461 -0.148823498657022
-9999 -9999 -9999 -9999 -9999 -9999 -9999 -9999 -9999 -9999 -9999 0.498561883399107 0.500286873412333 0.413509029321154 0.494771279298729 0.434103071982426 0.326518563213641 0.324537980625736 0.230744806276757 0.0740537434643991 -0.0331870753467528 -0.238339726420899 -0.29051294342343 -0.293242372124521 -0.153466087598724 -0.185485876411603 -0.0965945708857954 -0.0855447119502329 -0.154913713420868 -0.0990304675410148 -0.0882563893510487 -0.0866347645765427 -0.0966668363999385 -0.111938817398102 -0.123256262920676 -0.0884999349005144 -0.209117035690651 -0.0424779915400154 -0.297916287345087 -0.0357077227380921 -0.0971384701447808 -0.113708433593442 -0.115082217806142 -0.203335104194624 -0.181607669455615 -0.199860094093737 -0.285561978122498 -0.23678640370347
-9999 -9999 -9999 -9999 -9999 -9999 -9999 -9999 -9999 -9999 -9999 0.494633046579356 0.503580843644967 0.450166693443079 0.409462019951375 0.359519274239765 0.317626407418859 0.304273793584603 0.146923119135402 0.0429469540012837 0.0230292361130829 -0.260947228015471 -0.209408276100257 -0.15171192949148 -0.157065904582056 -0.147113373530939 -0.17945737099276 -0.164603345536699 -0.22285565338632 -0.126173901596849 -0.0659225200304527 -0.192632523413153 -9999 -0.0959438709679754 -0.0907113562194034 -0.101425083020104 -0.0495232563523474 0.0579218450274046 0.0927154474472695 -0.00453329883104605 -0.0360127896732898 -0.0663875013189904 -0.0973663119112583 -0.173751733293957 -0.16837508370193 -0.202942536841871 -0.283762759418822 -0.325188658258583
-9999 -9999 -9999 -9999 -9999 -9999 -9999 -9999 -9999 -9999 -9999 0.442807463953361 0.491327901696713 0.428063332758025 0.364330708638231 0.32555660700911 0.289676534505463 0.270319126634733 0.150995602142934 0.0360997811109721 -0.0161946911897874 -9999 -0.13681380020371 -0.0834702947998532 -0.167448571588689 -0.00804776805206367 -0.175145683768069 -0.263843492375423 -0.350555231631428 -0.342099723047879 -9999 -0.105224650317497 -0.0616367686560388 -0.151292354381409 -0.0588767031477463 -0.06782883961992 0.0161012748309865 0.0773431566148602 0.0273724113565508 0.0559685092828799 0.0640067403209393 0.0405734625651021 -0.0420089349452878 -0.0993899878700979 -9999 -0.228970825349404 -0.269902058617199 -0.307432027178721
-9999 -9999 -9999 -9999 -9999 -9999 -9999 -9999 -9999 -9999 -9999 0.423614752686748 0.441839977976824 0.364655117904125 0.242398462270781 0.179100003623984 0.28518849273913 0.266127313643083 0.206491661946672 0.0503627408352385 0.10795833819026 -9999 -0.0341901454195499 0.0416709484653974 -9999 0.0746324410046903 -0.100742584725833 -0.255824300190352 -0.345464924404803 -0.272935635558495 -0.151711746683881 -0.0604805265424945 -0.0153956618679175 -0.0948890550557382 -0.0329096770106475 -0.0388821934506329 -0.0163752784391851 0.021135063493336 0.030924847793616 0.0615867211421986 0.0956948987037132 0.0209053850876367 -0.0444317695537575 -0.197663705170034 -0.249596286559381 -0.273137641521419 -0.299238374151355 -0.283236405622961
-9999 -9999 -9999 -9999 -9999 -9999 -9999 -9999 -9999 -9999 -9999 0.370051642363547 0.356231176759124 0.309880069295012 0.243217874235134 0.0335489167414442 0.0170356139746334 0.046982175283463 0.0615087917944119 0.0872064893768056 -9999 -0.160927751246289 -0.0732907840063561 0.0459970274227247 0.0727381740899279 0.0600897231039703 0.0480871203731439 0.0201520774134043 0.00736327386501998 -0.105310605165488 -0.161582570014734 -0.251973051235006 -0.36045556468593 -0.269872270902164 -0.14379540278949 -0.151492127148211 -0.0767744797999689 -0.057342426884068 0.0209912352956462 0.0957890917018015 0.0803006195565414 -0.08408136970911 -0.0616200180960942 -0.150691367372101 -0.202095193307532 -0.214299286974097 -0.26951915242394 -0.291325511194136
-9999 -9999 -9999 -9999 -9999 -9999 -9999 -9999 -9999 -9999 -9999 -9999 0.290782411370272 0.22909931211242 0.185174782036514 -0.0185084760222731 0.0808367643631439 -0.18761737666298 -0.17130130710627 -0.055265575806812 -0.0600411707847709 -0.0267695460537804 0.101424987139058 0.15890918443551 0.0888065016642847 0.0800346226651035 0.0217748772473566 0.0668577535824141 0.118975238002036 -0.018724880009176 -0.271008026806437 -0.206180964334126 -0.353623782322651 -0.339054138552081 -0.197406787737012 -0.174213744369708 -0.104346743377647 -0.0902012111035958 -0.00192215312311603 0.0754283281902698 0.021388952847482 -0.0443108887544245 -0.116735304389987 -0.173615100696264 -0.13955634867892 -0.147635340840692 -0.240654102940836 -0.313059102320227
-9999 -9999 -9999 -9999 -9999 -9999 -9999 -9999 -9999 -9999 -9999 -9999 -0.136200408098234 -0.0458093610958987 -0.00813481546272083 -0.114944806411928 -0.216112007776948 -0.185688246845326 -0.106600663102054 -0.0540283301196979 -0.0450090767455203 0.0478635675051736 0.185217254370781 0.182483893477601 0.126056537804993 0.131661834311645 0.0229050762326182 0.0781959053263255 0.117037310738416 -0.0365777464225511 -0.154036655755536 -0.244248678717315 -0.298212793343752 -9999 -0.171888165377491 -0.164951661094832 -0.108536213010611 -0.060955290337009 0.00144338148159708 -0.107871902038277 -0.0157971645285719 -0.0628525591518872 -0.249385339452116 -0.0511883774309715 -0.0978860874097016 -0.131962238027996 -0.270374930458744 -0.285197717299249
-9999 -9999 -9999 -9999 -9999 -9999 -9999 -9999 -9999 -9999 -9999 -9999 -0.0664086298211018 -0.179072906320579 -0.177502484466781 -0.270664120314102 -0.224866133487551 -0.188928422104897 -0.138185249648755 -0.0602523989821763 -0.0781611387056188 0.0362726342411582 0.160836591626171 0.175667371865701 0.0812235677485525 0.053464129237377 0.00520235061366939 -0.0041400628796665 -0.0192352556457781 -0.0804608929616803 -0.139362527580172 -0.206849281206082 -0.240163059873143 -9999 -0.171395790303607 -0.117975226977704 -0.09235958562415 -0.0164351659366489 -0.0256263178205945 -0.119757376122812 -0.0919732299831224 -0.0855052681136173 -9999 -0.0657685140653546 -0.0588321929012021 -0.122457871171589 -0.184160520570603 -0.275417979627778
-9999 -9999 -9999 -9999 -9999 -9999 -9999 -9999 -9999 -9999 -9999 -9999 -0.182145328727089 -0.254970020444184 -0.319569530553633 -0.344969252848143 -0.346192477266242 -0.291226538572583 -0.146318130539806 -0.109909373213036 -0.105651298274195 -0.0453328027904145 0.0422901901299222 0.103784439673123 0.20214066461398 0.0878718593817318 -0.0848986820616107 -0.00427798693438713 -0.0107393955209957 -0.0708097053788106 -0.128453192992672 -0.186342667451316 -0.21095117169471 -0.209899503938245 -0.21239037046689 -0.138007085355251 -0.0623938560409461 -0.00997907060349868 -0.0356620483496537 -0.0955047792930613 -0.087210048275305 -0.081119147116096 -0.078899535987855 -0.0792398720172137 -0.0761385199131272 -0.162543528347935 -0.233538596114166 -0.168789215910555
-9999 -9999 -9999 -9999 -9999 -9999 -9999 -9999 -9999 -9999 -9999 -9999 -9999 -0.299791624371967 -0.317405635325604 -0.375537927553238 -0.439366722522276 -9999 -0.189309929256232 -0.148285407943226 -0.103261327059512 -0.10041351040038 -0.000713679406029105 0.0738688012022384 0.124818584048849 0.0538824926535825 -0.047594058404232 -0.0607523221945146 -0.0334096926189147 -0.0895621166727292 -0.137560886665241 -0.165906128645834 -0.185093322950462 -0.190020885993506 -0.179627146257422 -0.100656757627827 -0.041017736143496 0.0140009360189894 -0.0498457871822626 -0.0834462375382033 -0.0566277548976811 -0.0183772106948695 -0.0189235883915482 -0.0328602253896036 -0.12822868408473 -0.29076277591819 -0.112867700700427 -0.0619883728338976
-9999 -9999 -9999 -9999 -9999 -9999 -9999 -9999 -9999 -9999 -9999 -9999 -9999 -0.348911897990259 -0.329615835758587 -0.351633107088975 -0.38041211584069 -0.346713302980081 -0.236115119774416 -0.10622879809397 -0.0777296764065435 -0.0250031256534501 0.0492901697377091 0.0601744592219831 0.0823262439171339 0.0225779170046865 -0.0452375124038561 -0.0652000588285954 -0.0769815643903961 -0.085322281685435 -0.14718225287047 -0.195858055583454 -0.198681821092807 -0.159499298142969 -0.15675740115754 -0.0831680638040733 -0.0378593863957805 -0.0242615789910915 -0.0600906417045601 -0.0433519897182536 0.00238945155406108 0.02091530092999 -0.00697184024699476 -0.0266784701616152 -0.0390343443228171 -0.0703199776375602 -0.267875594701512 -0.0212571453773302
