data/rasters/s3.10.06.cu.2_xyz_08_.asc
NCOLS 100 
NROWS 100 
XLLCORNER -4 
YLLCORNER -4 
CELLSIZE 0.08 
NODATA_value -9999 
[rows 21 to 41 of 100, columns 48 to 95 of 100]
-0.0301254700334784 -0.0288733794466329 0.0407565148037775 0.058576006479238 0.0357115478034622 -9999 0.0297268178270735 0.155963051862804 -9999 0.127727885310766 0.194435516358124 0.190930582183874 -9999 0.0666328012745189 0.0715489097005748 0.118142695970372 0.0454994109634694 0.145904944431493 0.170104385278748 0.156981482925602 0.146404403498873 0.116627275744009 -9999 0.18747002119048 0.0817226996555886 -0.0455291856114687 0.025321368064568 -0.0489933625434916 -0.167390501105938 -9999 -9999 -9999 -9999 -9999 -9999 -9999 -9999 -9999 -9999 -9999 -9999 -9999 -9999 -9999 -9999 -9999 -9999 -9999
-9999 -0.0282239391213302 0.0641232123359512 0.095319381461878 0.244631529316667 0.223134935405264 -0.0888526755516225 0.0531233748707382 -9999 0.213924896244833 0.121346936708293 -9999 -9999 0.065822521402628 0.0880525025102214 0.133731297207005 0.107356463977059 0.15608352657241 0.144779846478479 0.19318975951163 0.141518837957459 0.0293282109884981 -9999 0.154210471530073 0.09239978496754 0.0583570553000905 0.0609893709107266 0.0216088159540837 -0.0884336284126381 -9999 -9999 -9999 -9999 -9999 -9999 -9999 -9999 -9999 -9999 -9999 -9999 -9999 -9999 -9999 -9999 -9999 -9999 -9999
-9999 -0.0354325713741199 0.0403522167054434 0.0454429034052997 0.160025778410149 0.258224679803471 0.0806075247108267 0.0562660708923841 -0.00433169838267939 -9999 -0.0038127777206621 -9999 -9999 0.0936565428288601 0.124787396507536 0.231694310378489 0.225038986971681 0.215831424958121 0.127256503514734 0.186375256934301 -9999 -9999 -9999 -9999 0.137492157800121 0.106399924238808 0.0935998826149577 0.0204715565451188 -0.102623423096062 -0.0650083875686885 -9999 -9999 -9999 -9999 -9999 -9999 -9999 -9999 -9999 -9999 -9999 -9999 -9999 -9999 -9999 -9999 -9999 -9999
-0.105362810866991 -0.0684342346606862 -0.0595228962472574 0.0161622706392801 0.0388018060895024 0.0422387138517866 0.0610502450603254 -0.0418574116660931 -0.052624902337647 -9999 0.0582845294933385 -0.0768301005909203 0.137633371807246 0.155879009550129 0.202869246056618 0.169627873225167 0.232211458411846 0.240890854099413 -9999 0.178569499252074 -9999 0.425844633770161 0.396260099930403 -9999 0.156613555538755 0.129173161189144 0.0777414591922707 0.0464646165767826 0.000612791867900507 -0.186733562249895 0.0145282803708331 0.0626933183227508 -9999 -9999 -9999 -9999 -9999 -9999 -9999 -9999 -9999 -9999 -9999 -9999 -9999 -9999 -9999 -9999
-0.128913264216316 -0.139086753053053 -0.0601333537520153 -0.00886984072481454 0.065313683745741 0.0710989240668544 0.116671329695762 -0.115790596652652 -0.0870634265601447 -0.0953636383900665 0.0151499777874446 -0.029015513968348 0.0582078967320241 0.0723374304093159 0.134126003240377 0.261386919980025 0.28004573079186 0.328544317747822 0.403906477987426 0.40558152629157 -9999 0.391146350389173 0.346481494476442 0.272255397935578 0.155358781657497 0.155567618368243 -0.374100094381466 -0.61818874649766 -0.0580488616646742 -0.053440824599194 -0.0129348073040698 0.0822320576531539 -9999 -9999 -9999 -9999 -9999 -9999 -9999 -9999 -9999 -9999 -9999 -9999 -9999 -9999 -9999 -9999
-0.103258308936677 -0.0535169683582026 -0.0308467232449818 0.000720080919596168 0.0400901817788069 0.0680964808353935 -0.0713657426152381 -0.0939297199386793 -0.14916799034746 -0.119304932931938 -0.0495885840415352 -9999 0.0511909047206396 0.0711808390205663 0.118062960881905 0.193941185346879 0.286353403253221 0.263375519061653 0.363344007590897 0.382286163213954 0.388358740078243 0.375220889022373 -9999 0.176795768792453 0.195850526509674 0.125688534682743 0.109906717788546 -0.491541806334325 -0.431355765639279 -0.505960449172341 -0.0172396444095089 0.0541954863630507 0.0771049099459524 -9999 -9999 -9999 -9999 -9999 -9999 -9999 -9999 -9999 -9999 -9999 -9999 -9999 -9999 -9999
-0.143389623530556 -0.0649116962495919 -0.055201054045098 -0.0329352977148363 -0.00245894567448494 -0.0122398820454985 -0.0715934276393211 -0.107399262761197 -0.173455632359715 -0.127119739650086 -0.08259268243876 -0.0253682283228422 0.0445597298340224 0.0737188280417416 0.0707915134196025 0.103070422193175 0.220572271013402 0.281645598005561 0.349070847405116 0.359324354339165 0.412151895790693 0.397263833032682 0.171382870180167 0.235006335481573 0.174932570635451 0.124683495542662 0.114188602418024 0.0562619028579452 0.0108417197146552 -0.502944390869296 -0.0412010247426753 0.00271001718715449 0.0506627512761667 -9999 -9999 -9999 -9999 -9999 -9999 -9999 -9999 -9999 -9999 -9999 -9999 -9999 -9999 -9999
-0.128609129825769 -0.105748233404111 -0.225823535001879 -0.0522069551282407 -0.0165220648988866 -0.0378582286001223 -0.07444185850378 -0.110699801974119 -0.187607126568038 -0.194752525454044 -0.171797488075599 -0.0582646403291453 0.0189886678622848 0.0564475943302675 -9999 -9999 0.185832160555897 0.245541148972265 0.249935014345004 0.380096089528881 0.43323247619544 0.420442317566513 0.267187757806975 0.207552571631736 -9999 0.160129895227692 0.133439826538752 0.110659665029841 0.0410004854158894 0.0727123823163043 -0.0384862975873561 -0.00300185756832104 0.0262653957605919 0.0190677919831994 -9999 -9999 -9999 -9999 -9999 -9999 -9999 -9999 -9999 -9999 -9999 -9999 -9999 -9999
-0.124553297862387 -0.118664636466709 -0.0835495193165703 -0.0296184696629025 -0.0306121869016938 -0.0512188831364138 -0.0919322725815794 -0.0866878800125973 -0.118298569896702 -0.229681856219849 -0.193265095942318 -0.132247679921244 0.060140679202368 0.104017936531563 0.113294704472493 0.2351369299978 0.282528165158685 0.194434408377966 0.203434286161372 0.285991638186606 0.440361452617738 0.43327043080594 0.192493071101113 0.274216758516076 0.287019537543115 0.222316861159027 0.186910331791325 0.164153057689015 0.13641592582254 0.0946309345221434 0.0801367398192779 0.10043151785646 0.1167294340397 0.0293205100316632 0.0347113029864205 -9999 -9999 -9999 -9999 -9999 -9999 -9999 -9999 -9999 -9999 -9999 -9999 -9999
-0.111994894728744 -0.109231659202756 -0.055611718436164 -0.0514906790243375 -0.109809520017022 -0.0249865279636382 -0.0664316316553623 -0.0660809141522837 -0.0947103868677378 -9999 -0.223198833216064 -0.0946001890400469 0.0996257412207232 0.186125881473202 0.315370360221861 0.335144185768285 0.213609499957726 -9999 -9999 0.166572733448173 -9999 -9999 0.333232318885172 0.293250705815002 0.268779980175997 0.24505260612242 0.186636283358311 0.154911677541176 0.109451705405614 0.0975016107710035 0.126517195457291 0.167500760176262 0.140514349959989 0.0555371652322663 0.0119680779130769 -0.00692784891971618 -9999 -9999 -9999 -9999 -9999 -9999 -9999 -9999 -9999 -9999 -9999 -9999
-0.0266199927709328 -0.0443044369257768 -0.0879213666022323 -0.0766455578366784 -0.0546995725244902 0.0262761573340515 -0.0481183290213222 -9999 -9999 -0.244960087040685 -0.220322272759623 -0.158279513496552 -0.00275726763361083 0.22342835840289 0.284288772515217 0.282396790989091 -9999 -9999 -9999 0.189187497615615 0.180718938204645 -9999 -9999 0.248034135626377 0.281966715231494 0.221862591452104 0.201162783750397 0.110737207395435 0.0442948301158072 0.0432781704171565 0.185196832285925 0.175497913340173 0.0399022530861945 0.101870321166377 -0.0111405796742627 0.0622275027877266 -9999 -9999 -9999 -9999 -9999 -9999 -9999 -9999 -9999 -9999 -9999 -9999
-0.0206951117092627 -0.0435797123657736 -0.105007399666205 -9999 -0.168491226810565 0.0425166720075115 -0.0287538418964363 -0.0412524456084256 -9999 -0.219202747689216 -0.225403694730124 -0.132850706591322 0.0445682507692028 0.187897613275826 0.217822940677663 0.220655746585297 0.0236387164928627 -9999 0.353263917693014 -9999 -9999 -9999 -9999 0.1815481519969 0.163848224853898 0.261915300715701 0.163306229865237 0.125807198078893 0.022101845687162 0.0492866684821033 0.0717087870451099 -9999 0.188809226707498 0.100533725424799 -0.0674650410141517 0.142139113203968 0.00863593298574341 -9999 -9999 -9999 -9999 -9999 -9999 -9999 -9999 -9999 -9999 -9999
-0.0315196683785427 0.0627238496883253 0.021387483480509 -0.195309443215931 0.0742867744044443 0.00761450470878075 -0.0917731651806603 -0.0750993178643323 -0.179907055537712 -0.232744069175948 -0.210329254741803 -0.133947820100276 -0.00539398639221578 0.0986569946977369 0.095188417324811 0.016567281471875 0.00879105673606038 0.159265716351799 0.174060166343027 0.31659134655711 -9999 -9999 -9999 -9999 0.0312178208749018 0.0305229958226052 0.103232239308168 0.124037947057483 0.0686944252308289 0.00799191030377288 0.04170311032829 0.184676919431201 0.148125403397999 0.104355879321368 0.206890801491406 0.159859198761063 0.0881791544654163 0.0696751952221855 -9999 -9999 -9999 -9999 -9999 -9999 -9999 -9999 -9999 -9999
-0.0871977060561756 0.0643613062392388 0.0436017645423263 -0.0214333049790611 0.0582177513807905 -0.0654969273666989 -0.00884410205535492 0.00397367122775182 -0.0603980317096545 -0.199819568842209 -0.185503074049444 -0.103802669048598 -0.0439299242733295 0.0388399213805036 0.00383851375324507 -0.0737862329101498 -0.0882098575989527 0.100998919288001 0.304443678481361 0.271737643616425 0.241418937606687 0.234677672288304 -9999 -9999 -0.00509462733642494 -0.0503409170887811 0.0131100118531328 0.114726698390427 0.0650098953805348 0.000435763235845796 0.00761775978614787 0.132617550546085 0.0809177653944766 0.195484093658906 0.258558406221516 0.167497939964504 0.082545722817312 0.0865056433326389 -9999 -9999 -9999 -9999 -9999 -9999 -9999 -9999 -9999 -9999
-0.0750903698776299 0.00667453305164374 0.0198608604000434 0.0350541435651452 0.0432461767990627 -0.0362872261303466 -0.0852168884726159 -0.030060828207562 -0.00882341236093598 -0.144717333686177 -0.145048827251014 -0.172125158329709 -0.099986854635084 -0.00487250419540423 -0.0288065716166439 -0.105258764780909 -9999 0.21551588221788 0.262278815505729 0.230666979047383 0.215344626876424 0.195016713872011 -9999 -9999 -0.0145108456310741 -0.0517220844830207 0.0245575884342959 0.0352340675888306 -0.00779322414596563 -9999 0.132487445216259 0.135602209843148 0.201269454434144 0.251960989494913 0.17843878174727 0.165280437188321 0.0695528129706032 -0.00914353142364445 -9999 -9999 -9999 -9999 -9999 -9999 -9999 -9999 -9999 -9999
-0.0874922794077135 -0.0485440042591779 -0.13769407010949 -0.003829491249235 0.0490608898224626 0.0341944549960593 0.00585457065336344 -0.0290657812130074 -0.0936322699569011 -0.082033489634246 -0.0942514639638945 -0.0954741385984301 -0.10975647363726 -0.0868945952356598 -0.0709761513252 -0.0861826167880082 -9999 0.0244404181875273 0.201054061074892 0.151754068279034 0.121943397535004 0.155192902947023 0.141965065545641 0.127536269859337 0.0457385355447269 -0.00259513139743984 0.0232504356121225 0.064846791289689 0.0270837702917106 -0.00551262061915453 0.079496852910482 0.157715124837588 0.216984250354221 0.316642169267299 0.391503692806009 0.287127749474823 0.150074551595155 0.00684017783384349 0.110527252943522 -9999 -9999 -9999 -9999 -9999 -9999 -9999 -9999 -9999
-0.132263549192113 -0.0519979671124198 -0.0226805773245539 -0.0888724570111805 -0.0324946446915579 0.0347615199991486 0.0123933517097316 -0.101382739779252 -0.0604417801016569 -0.0610242843354389 -0.0422976696771395 -0.0616133217763357 -0.0911698687189923 -0.111468923066476 -0.180100019741731 -0.216912843777297 0.155169899964841 0.00953114502303958 0.103832667036189 0.110830776319903 0.150387295655628 0.191190083462222 0.202765494663155 0.158500846907775 0.0941140739777521 0.0560724017912073 0.0934007089065465 0.19259289849013 0.299046474193925 -0.0982032944033794 0.151136391833185 0.283020601950043 0.275823133477758 0.320986890657864 0.333373172971787 0.313523224514682 0.270500611497723 0.23514474414798 0.207503677124607 -9999 -9999 -9999 -9999 -9999 -9999 -9999 -9999 -9999
-0.192668589160058 -0.0943376069982891 -0.0937018001365727 -0.0654675803453209 -0.00468961799243148 0.0455853027848413 -0.0311565150856374 -0.116317213877046 -0.093045504870152 -0.0752911804694042 -0.0596503698922542 -0.0610298024430688 -0.0866564770835494 -0.105768492202231 -0.134344714623333 -0.199029678738232 0.0889016693090701 0.127123455114435 -0.0179860806594026 0.15857636577253 0.148379303290602 0.206176396666223 0.189178878822476 0.137593035629039 0.0822122465411335 0.0654147662424571 0.074924718505281 0.149948540793437 0.236921482880177 -9999 0.387571973264803 0.316353044950823 0.285807097563524 0.303484931649086 0.31946185969986 0.298292034520472 0.259434207516635 0.246576348919237 0.238785252036752 -9999 -9999 -9999 -9999 -9999 -9999 -9999 -9999 -9999
-0.153116111175551 -0.125726906610564 -0.185455580934642 -0.180542159010453 -0.123779194996995 -0.14076136853563 -0.175183409259591 -0.179655386222608 -0.141667145284733 -0.0713243080195107 -0.108301104646345 -0.0541771587713523 -0.102275115048376 -0.147058632441103 -0.117995779380313 -0.197254082101029 -0.0506725910306915 -0.108527082942498 0.0604591858290167 0.178307652619316 0.174002420698044 0.231570626248106 0.178416935988095 0.0918842818048984 0.0498473954999102 0.0609013433278817 0.021559914962248 0.0685424429975033 0.220572048974602 0.326792372417194 0.438377714582147 0.429028180426808 0.425409162341122 0.445128756803205 0.346618733270889 0.274559987920472 0.217116498907821 0.238875977964889 0.0409103080914719 -0.0791690548994058 -9999 -9999 -9999 -9999 -9999 -9999 -9999 -9999
-0.124526854309492 -0.140115609080406 -0.210131416836231 -0.217357454241746 -0.187314913561642 -0.157702109046695 -0.172346435239248 -0.133965196901192 -0.115566427977595 -0.0957686926839091 -0.103787111387564 -0.0806788628608602 -0.126735407474791 -0.165224882849024 -9999 -0.0128672973483358 -0.0998064045194065 -0.0780669436170312 0.0302304781593112 0.129950496578015 0.146064802982991 0.188208276685056 0.10966800012082 0.130400508109091 0.116305679772519 0.0322297964265645 -9999 0.0555173294128471 0.286767733751339 0.36061970816898 0.356826664009451 0.488155969138654 0.365642219408163 0.418215437678993 0.376982033219091 0.279576069467214 0.160342267678415 0.0961927827200796 -0.032942934578836 -0.119749122031369 -9999 -9999 -9999 -9999 -9999 -9999 -9999 -9999
-0.0971717270756136 -0.146149651200543 -0.214116988540504 -0.219313176717509 -0.188792431208449 -0.197110500594532 -0.214587798315864 -0.086485121016443 -0.186696015223296 -0.211459482209103 -0.128532886678761 -0.118112095771621 -0.140958276237853 -0.16030001260504 -0.0896334614046717 -0.0325557099397751 0.00310261125245053 0.101623625726359 0.126823632160868 0.178057556439354 0.158766214636957 0.133961402923494 0.0323097188023624 0.134933444658664 0.155702668616839 0.202815393137245 0.12052082048632 0.104994541691732 -0.0328025871716462 0.358558733945014 0.226893544945493 0.177521828974424 0.400770776050213 0.404584401275436 0.392454917324651 0.267422163411314 0.155402792694333 0.025992275827203 -0.124197887787293 -0.116124173178189 -9999 -9999 -9999 -9999 -9999 -9999 -9999 -9999
