data/rasters/s3.13.06.li.1_xyz_08_.asc
NCOLS 100 
NROWS 100 
XLLCORNER -4 
YLLCORNER -4 
CELLSIZE 0.08 
NODATA_value -9999 
[rows 63 to 83 of 100, columns 0 to 48 of 100]
-9999 -9999 -9999 -9999 -9999 -9999 -9999 -9999 -9999 -9999 -9999 -9999 -9999 -0.14981645102917 -0.10865122760352 -0.115880816747044 -0.0537557208806695 0.128119789611783 -0.104959599836037 -0.0560161100061694 -0.041475732153344 0.000666994376556297 0.00659452470562402 0.191249118341218 0.254384272140202 0.278907347984446 0.171490207709634 0.105397611898106 0.106358717797066 0.041889834313891 0.0857175365625145 0.0355026583364621 0.0824451443213142 0.0958889769444847 0.0358937823900377 -9999 -9999 0.131534532351128 0.143644586476967 0.135862094736259 0.0975146199624159 0.0878779723229371 -9999 0.0253356004387614 0.0846624434056717 0.00131422855854013 0.00492796871149783 0.311229462081947 0.284548837863803
-9999 -9999 -9999 -9999 -9999 -9999 -9999 -9999 -9999 -9999 -9999 -9999 -9999 -9999 -0.156830376560744 -0.168049967752629 -0.0830036981676309 -0.0699947632108961 -0.0807157634803204 -0.115877838210515 -0.0255568346769784 -0.0191517184533946 0.195448584227194 0.308028949673001 0.226061817515854 0.1410181386586 0.15584541770846 0.0786380696598511 -0.00474057921985445 0.0130582933787801 0.0148001313317283 0.0953264409095837 0.154416133887647 0.209964101582847 0.309535997304899 0.276643553209459 -9999 0.215035939566053 0.208690406353005 0.174682957267049 0.205539303527137 0.106859447395106 0.128147579133361 0.11995979103865 0.0835408253883034 0.136441805965346 0.201278764992786 0.361594346601444 0.201808879362557
-9999 -9999 -9999 -9999 -9999 -9999 -9999 -9999 -9999 -9999 -9999 -9999 -9999 -9999 -0.0503980587895178 -0.124040553125033 -0.1795710997523 -0.0951459147231357 -0.110286920151635 -0.133467573920414 -0.0674593834778148 -0.0980627062259459 0.105509214426018 0.246705987927056 0.169089594271726 0.124327663246511 0.172270487002234 0.139316901930809 0.129440755554144 0.145270073122094 0.16405717077017 0.18963329839367 0.207752242314837 0.158892033751156 0.156241771770844 0.141773824785444 0.224760850161252 0.25659325897289 0.242746472210621 0.194157247089366 0.189118734796966 0.163269122078919 0.169889299018179 0.1654683805585 0.165544938141219 0.142674644169738 0.163591551416897 0.153714783025448 0.229574769998931
-9999 -9999 -9999 -9999 -9999 -9999 -9999 -9999 -9999 -9999 -9999 -9999 -9999 -9999 -9999 -0.182173809308377 -0.161525461985711 -0.136871062703342 -0.146517890240078 -0.107996234794481 -0.14778150188808 0.106377924419704 0.0585225231833703 0.0980958111943179 0.0128100016663146 0.0841564026239174 0.11718148860971 0.130487185820989 0.138287711794206 0.142989281652921 0.156930595995343 0.211386005091507 0.119749378710255 -9999 0.266112114846011 0.275187572819126 0.256108485332172 0.313540651492411 0.380405619496948 0.210807614927445 0.220839369963642 0.212166864323571 0.210444601029019 0.200968993360998 0.181419905655625 0.187405348855689 0.173773886582837 0.143269413348038 0.325340010625147
-9999 -9999 -9999 -9999 -9999 -9999 -9999 -9999 -9999 -9999 -9999 -9999 -9999 -9999 -9999 -0.168285062656681 -0.153390884228334 -0.151752052371027 -0.153120792533394 -0.0857446874223904 -0.107754329979973 0.0526516767209722 0.0716668541144387 0.121304079790848 0.113694674177413 0.17802394403586 0.0867837884776387 0.0983172356915306 0.123878900750076 0.158196214459479 0.224539538282472 0.200762153560918 0.117718737748907 0.179604844384078 0.18074040825006 0.285329592305855 0.327008601484383 0.346348282800631 0.38866642813724 0.355630644110189 0.306230304387164 0.262626168327836 0.25171856690728 0.267176902822802 0.182339711043312 0.137573107852846 0.202151593343846 0.140262488160474 0.139892601936611
-9999 -9999 -9999 -9999 -9999 -9999 -9999 -9999 -9999 -9999 -9999 -9999 -9999 -9999 -9999 -9999 -0.0624423551569765 -0.0602259076825046 -0.105395672302534 -0.10245316957151 -0.095727617180003 -0.0880325225649263 0.007117003971921 0.0746545107210259 0.159382920930261 0.0988152668565612 0.0934003717614367 0.083897906703527 0.10438366713137 0.113537387593679 0.17724979029102 0.125879762774365 0.1744601107348 0.177540494906484 0.194850538936844 0.502413363431095 0.390549862317426 0.364431018582926 0.367939671798373 0.373027684856964 0.298943815351528 0.267453437296803 0.256824363024537 0.232513173605852 0.202038287186064 0.318691331294183 0.204058105659908 0.204946023265268 0.134480268449357
-9999 -9999 -9999 -9999 -9999 -9999 -9999 -9999 -9999 -9999 -9999 -9999 -9999 -9999 -9999 -9999 -0.298720222202853 -0.281278637400281 -0.124630374631043 -0.118121388955416 -0.0810891449403071 -0.0935372473121125 -0.121841155454412 0.181934463140177 0.120974002291263 0.0681898705609407 0.105277869867622 0.160518179475965 0.154952782062642 0.108949627697091 0.0811666338233264 0.177146489777942 0.173560744953107 0.174892637531184 0.285911416156826 0.384362922695733 0.384206878735131 0.38093035942055 0.398498860588106 0.38192066044444 0.311154485820164 -9999 0.293129981904003 0.222586164143681 0.230877419705972 0.223787350050851 0.209203027207167 0.182785853309445 0.183512923812725
-9999 -9999 -9999 -9999 -9999 -9999 -9999 -9999 -9999 -9999 -9999 -9999 -9999 -9999 -9999 -9999 -9999 -0.230698712364498 -0.163744636473634 -0.119654017179839 0.201728162711163 0.0867247940434465 0.177271391777845 0.22383071522942 0.160378630564782 0.0821647397147002 -9999 0.102465308386821 0.137693466643465 0.0514781529892541 0.061834181557081 -9999 0.276219356344628 0.193640470333306 0.155470684331115 0.421940740673466 0.416123374016239 0.474075234147895 0.39630224594411 0.386090796280243 0.353057170726125 0.430385053379428 0.265184887584042 0.237278805728134 0.205311521035234 0.27506634814795 0.20466420012697 0.137663678637769 0.125946627815483
-9999 -9999 -9999 -9999 -9999 -9999 -9999 -9999 -9999 -9999 -9999 -9999 -9999 -9999 -9999 -9999 -9999 0.299620039799902 0.230321379410826 0.0501183563521061 0.138121903734194 0.0271912476822258 0.269726218418572 0.0860939163986892 0.118563404212693 0.139691255479316 0.0498108312063681 0.0586776185798898 0.0842822774435969 0.110138414449204 0.178922299108733 0.274577358146659 0.246587588623991 0.262316030391906 0.165578843533706 0.246227670970338 0.227521366562559 0.317397047959247 -9999 0.345513716162904 0.395833873833067 0.396878550131668 0.240309406292679 0.246414966477313 0.25340758224077 0.24924319113141 0.223200335571969 0.242628719234483 0.0755605000266688
-9999 -9999 -9999 -9999 -9999 -9999 -9999 -9999 -9999 -9999 -9999 -9999 -9999 -9999 -9999 -9999 -9999 -9999 -0.0624247318174117 1.86490571540419e-05 0.0916095198061307 -0.00558030139743226 0.170039782981671 0.0787868493620164 0.051909533880807 0.112142821945297 0.0221807625983103 0.0859575889573926 0.087655923160173 0.0949522255829812 0.0581512638845218 0.171787305572205 0.214505836803026 0.257382684041755 0.190737820971587 0.295376568705543 0.320818925491417 0.444593487123539 0.477425200140844 0.363235859443947 0.361067630017065 0.34263695540828 0.235073945414872 0.252870753492424 0.140141822130989 0.157247781721244 0.254649223074177 -9999 -9999
-9999 -9999 -9999 -9999 -9999 -9999 -9999 -9999 -9999 -9999 -9999 -9999 -9999 -9999 -9999 -9999 -9999 -9999 -9999 -0.0494951686281218 -0.0485032842903691 -0.0611939480263968 0.189784506721761 -9999 0.075665074876484 0.138758812515338 0.0890062788950386 -0.013213949973583 -0.0337001918974959 0.0127756564193758 0.039689178724254 0.132170518593859 0.122219540521926 0.176703377815846 0.171571838261374 0.243648948050684 0.286023910563596 0.0685727135004688 0.429742013551845 0.481275391215055 0.442893121520273 0.394876892438168 0.267996696033663 0.259386064388609 0.495068211783718 0.0928956332593193 0.0991804463362341 -9999 0.146376501870552
-9999 -9999 -9999 -9999 -9999 -9999 -9999 -9999 -9999 -9999 -9999 -9999 -9999 -9999 -9999 -9999 -9999 -9999 -9999 0.493028438137169 0.502508911479045 -9999 -9999 -9999 0.238882706874715 0.186222298429249 0.0835537741887686 -0.0143096038790934 -0.00712912891447284 0.0114123145385299 -9999 0.297435423295096 -9999 0.167551701029554 0.093860542524317 0.118703701327958 0.205122111450906 0.163184892269009 0.219613992717391 0.429943882743258 0.42412251565142 0.507468260615724 0.318870222792381 0.390964555796584 0.389594185944389 -9999 -9999 -9999 -9999
-9999 -9999 -9999 -9999 -9999 -9999 -9999 -9999 -9999 -9999 -9999 -9999 -9999 -9999 -9999 -9999 -9999 -9999 -9999 -9999 -9999 -9999 0.297841253954646 0.25846656983542 0.250115514309946 -9999 0.0174905140288112 -0.00277300398183227 -0.0682155306758474 -9999 -9999 -0.00508733954296601 -0.00586212997136877 0.184733512355504 0.138018161718613 0.0431509304674527 -0.0125229387448062 0.13093910464566 0.229662108756677 0.208400798860501 0.234354246758956 0.427548549312874 0.454438970075271 0.379814347010213 0.404419319444663 0.339379935194202 0.28885213692146 0.323438205700567 -9999
-9999 -9999 -9999 -9999 -9999 -9999 -9999 -9999 -9999 -9999 -9999 -9999 -9999 -9999 -9999 -9999 -9999 -9999 -9999 -9999 -9999 -9999 0.333144449625294 0.297569066986498 0.256472297934305 0.386074845285469 0.0769731154318086 0.0447148814482921 0.0758572807040545 0.0319818176757255 -0.0230411502999937 -0.00818318083029972 0.0394049894183355 0.0562514985475138 -0.00647469144538575 -0.0805243546689091 -0.0836707534691888 0.144163593893778 0.175445785637871 0.256859078803551 -9999 0.354819161926081 0.355356252947085 0.419973109684997 0.375510626566254 0.349791666574869 0.299259310548509 0.317823002743935 0.247894321828978
-9999 -9999 -9999 -9999 -9999 -9999 -9999 -9999 -9999 -9999 -9999 -9999 -9999 -9999 -9999 -9999 -9999 -9999 -9999 -9999 -9999 -9999 0.320554343369162 0.269814422799305 0.253219983775543 0.0768873213780321 0.12553624493907 0.0276967301134734 0.0505235494304264 -0.0202213639599374 -0.0716201044966956 0.00781200131628055 0.00244756855639245 0.101504575570225 -0.0492517372297427 -0.0764811280120896 0.00480292505030069 0.159689673326325 0.119747243332758 0.230647700555464 -9999 0.469539765496208 0.490389713625243 0.37507166713227 0.347033949269686 0.349465708373748 0.332021796165691 0.290161707833514 0.230993174675795
-9999 -9999 -9999 -9999 -9999 -9999 -9999 -9999 -9999 -9999 -9999 -9999 -9999 -9999 -9999 -9999 -9999 -9999 -9999 -9999 -9999 -9999 -9999 0.27297880532215 0.12635443596079 0.170915426943972 0.0582328748072429 0.0341873554520266 -0.00330702111775152 -0.0221725910681385 -0.0643752927792072 -0.0760231722136609 0.0740885727896097 0.0299307889341614 0.1091430791995 0.147183792643255 -0.0751293576252662 0.105771612750695 0.220699146666472 0.16812829620346 -9999 -9999 0.417725160455642 0.417812658272925 0.309463075855324 0.375892757506317 0.366771027364862 -9999 0.231382956937348
-9999 -9999 -9999 -9999 -9999 -9999 -9999 -9999 -9999 -9999 -9999 -9999 -9999 -9999 -9999 -9999 -9999 -9999 -9999 -9999 -9999 -9999 -9999 -9999 0.268132723086203 0.0848100746209533 0.0905376206125904 0.0709677238951506 0.0423223301922266 -0.0530977749149864 -0.0977781506437865 -0.0987603512858014 -0.00297618768241806 0.0130020037833843 -0.043263164110987 -0.0347699876782848 0.00842523724441897 0.012194298859919 -9999 0.177095691769956 0.0980777153398636 -9999 0.179476806803632 0.21373157507838 0.268693627297115 0.291244757121711 -9999 -9999 0.193552674461514
-9999 -9999 -9999 -9999 -9999 -9999 -9999 -9999 -9999 -9999 -9999 -9999 -9999 -9999 -9999 -9999 -9999 -9999 -9999 -9999 -9999 -9999 -9999 -9999 -9999 0.0476205484652355 0.113702324265562 0.016625421403571 0.0985412373445804 -0.0075116390806768 -0.0888876447361637 -0.13081890028053 -0.00097624022018553 -0.0287255705176953 0.00474753626527883 0.0460698082782923 0.0364791709157529 0.0616822753039269 -9999 -9999 0.137839578956693 0.206622431281215 0.23569810506005 0.257860715628428 0.309150616223502 0.279366175239154 0.248364343919026 0.179551728185281 0.252901094342081
-9999 -9999 -9999 -9999 -9999 -9999 -9999 -9999 -9999 -9999 -9999 -9999 -9999 -9999 -9999 -9999 -9999 -9999 -9999 -9999 -9999 -9999 -9999 -9999 -9999 -9999 -9999 0.0482337259420182 0.0762982881431204 -0.0437487322898876 -0.0381529462002176 0.0202382900966693 0.0824351756632295 -0.0651465180742061 -0.0376614475986284 0.0707671191650854 0.0119155131539748 0.0806792376751919 0.0241556142133685 0.188825424226828 0.198839457675406 0.197647612227601 0.193509687513539 0.216936933123373 0.268952070577831 0.303154354573023 -9999 0.211784662340731 0.273262392328672
-9999 -9999 -9999 -9999 -9999 -9999 -9999 -9999 -9999 -9999 -9999 -9999 -9999 -9999 -9999 -9999 -9999 -9999 -9999 -9999 -9999 -9999 -9999 -9999 -9999 -9999 -9999 -9999 -9999 -0.0510692301380083 -0.047941466308311 -0.00144236831930793 0.13279789219457 0.157988655383856 -0.0575157799097677 0.0017504718212164 -0.00313330025611729 0.106569462681759 0.0917842496044146 0.133889434376241 0.138383112988119 0.17591000703666 0.114108991477136 0.182095583737307 0.184657896363837 -9999 -9999 -0.203339840262774 -0.0494413009365841
-9999 -9999 -9999 -9999 -9999 -9999 -9999 -9999 -9999 -9999 -9999 -9999 -9999 -9999 -9999 -9999 -9999 -9999 -9999 -9999 -9999 -9999 -9999 -9999 -9999 -9999 -9999 -9999 -9999 -0.0452622962796157 -0.068191194047603 0.0743750558772061 0.0930152506054503 0.0962606547497037 -0.0443507030901966 0.0113675858286396 -0.00369133190969723 0.00937085106935755 -0.0120434314708513 0.0307510686111465 0.14114542279951 0.127529001560546 0.129567304316595 0.189012497656185 0.203837832257549 -0.068673254173795 -0.129823197107184 -0.185569135914654 -0.123814040571187
