data/rasters/s3.19.05.li.1_xyz_08_.asc
NCOLS 100 
NROWS 100 
XLLCORNER -4 
YLLCORNER -4 
CELLSIZE 0.08 
NODATA_value -9999 
[rows 22 to 43 of 100, columns 49 to 97 of 100]
0.174674730913241 0.15259021584458 -9999 -9999 0.292152153459794 0.296436417719308 0.334414662496879 0.300380869960305 0.329793405410439 -9999 0.258234870823823 0.235454036479999 0.24227730236852 0.124597199553069 -9999 0.243507917183335 0.129005603788796 0.138288664443325 -9999 -9999 -9999 0.22524734686624 -9999 -0.238438200892971 -0.28679894612533 -0.31553165713194 0.0309996628675473 0.0268663785332997 0.0295499840052455 -9999 -9999 -9999 -9999 -9999 -9999 -9999 -9999 -9999 -9999 -9999 -9999 -9999 -9999 -9999 -9999 -9999 -9999 -9999 -9999
0.233123311601929 0.0923111763279502 0.0735023038796293 -9999 0.213956386672863 0.232851355083793 0.298180840069169 -9999 0.355815281571413 -9999 0.189877830196352 0.18444691092418 0.149814382878104 0.152250714240699 -9999 0.175945473386764 0.14562251745585 -9999 -9999 -9999 -9999 0.172530093260206 0.150772430497306 0.162799653486226 0.0472594031946294 -0.195654482029931 -0.204534698677863 0.0568478679165698 -0.147356543507865 0.280596034506321 -9999 -9999 -9999 -9999 -9999 -9999 -9999 -9999 -9999 -9999 -9999 -9999 -9999 -9999 -9999 -9999 -9999 -9999 -9999
0.0872568382235665 -9999 -9999 -9999 0.154445279042168 0.131806698454247 -9999 -9999 -9999 -9999 0.132542271746931 0.147086961570265 0.13856383737603 -9999 0.120858723366375 0.102549580051965 0.119107277331965 -9999 0.150083507261922 -9999 0.0445034917155708 0.0850652459098624 0.18883092465815 0.171807892817408 0.220017491920833 -0.246492239706811 -0.177584738871111 -0.142969321434025 0.17274755193969 0.0572461394396568 0.0674565714786834 -9999 -9999 -9999 -9999 -9999 -9999 -9999 -9999 -9999 -9999 -9999 -9999 -9999 -9999 -9999 -9999 -9999 -9999
-9999 -9999 -0.176908351111083 -0.176316945550809 0.0732544465315874 0.106238957114571 -9999 -9999 -9999 0.0455482253874547 0.164026629549622 0.0858035782146902 0.0818960934364602 0.0875346190467978 0.117239401585794 0.109408524287137 0.136943691903763 0.117235520953837 0.125177769114567 0.165407734721603 0.121400624986952 0.133625429616288 0.20152784127838 0.181298493425718 0.201302878556953 0.176494919092781 -0.0128577582029344 -0.301874260104515 -0.294319676899106 -0.285918555184957 0.0596992389856853 0.291909155581053 -9999 -9999 -9999 -9999 -9999 -9999 -9999 -9999 -9999 -9999 -9999 -9999 -9999 -9999 -9999 -9999 -9999
-0.2672417235137 -9999 -0.192777805121727 -0.147063969280036 0.0658192890193675 0.108026093444511 0.149690995662396 0.18265746711999 0.191542279722057 0.169823254523498 0.111093761522439 0.060003857610173 0.0879666876983998 0.0840371616200639 0.0114778435269543 0.0219651155504058 0.019064738236392 0.026898164242408 0.133785005790438 0.139746787459281 0.14160187775263 0.185685194569621 -9999 -9999 -9999 0.17073388974997 0.164344013241472 -0.237130694770736 -0.360946745588473 -0.375474195488412 -0.27670946416444 0.131731450620844 -9999 -9999 -9999 -9999 -9999 -9999 -9999 -9999 -9999 -9999 -9999 -9999 -9999 -9999 -9999 -9999 -9999
-0.279849806428843 0.0321815457653763 -0.00743088525645511 -0.0274734889030211 0.115362561637642 0.109557423864905 -9999 0.0481528108203881 0.132334400206461 -9999 0.0804221247162698 0.0872758131401274 0.110814592453683 -9999 0.0269471625359027 0.0249436491116409 0.172370542637515 0.110720319867206 0.191201723406654 0.125713492752023 0.152282460352666 0.142835190252779 -9999 -9999 0.228396035559974 0.157205478888395 0.129791505412505 0.103554009489945 0.0706772041351808 -0.261393672243821 -0.339030805957772 0.0923070988653512 -9999 -9999 -9999 -9999 -9999 -9999 -9999 -9999 -9999 -9999 -9999 -9999 -9999 -9999 -9999 -9999 -9999
-0.308152947761563 -9999 -9999 -9999 -9999 -9999 -0.0791093852373521 -0.127767185329947 -0.0962259124652279 -9999 -9999 0.064841520157437 -9999 0.025077170230315 0.051066760272939 0.0520726673919248 0.110992742438561 0.141793893322669 0.167366595439866 0.122104042230045 0.116669557299247 0.162055536520155 0.27344389450757 0.221113971096623 0.187218462671953 0.14738469883696 0.110021864297981 0.09112284070077 0.0746573764695644 0.0798550441157028 0.145628784562456 0.181050081028199 -9999 -9999 -9999 -9999 -9999 -9999 -9999 -9999 -9999 -9999 -9999 -9999 -9999 -9999 -9999 -9999 -9999
-0.35995109903917 -0.310613658613394 -9999 -9999 -9999 -9999 0.127258488294029 -0.123207291729322 -9999 -9999 -0.0524721621664646 -9999 -9999 0.0352160999161134 0.0792477584734539 0.090387795287311 0.0437996322938991 0.120264668188635 0.169549190818784 0.132304145442421 0.0847858784312533 -9999 0.273105130125588 0.166949339888003 0.180129906906789 0.121423832467768 0.0660865739111428 0.105857997300401 0.0936968059592675 -9999 -9999 0.257820744245517 -9999 -0.0248051649417851 -9999 -9999 -9999 -9999 -9999 -9999 -9999 -9999 -9999 -9999 -9999 -9999 -9999 -9999 -9999
-0.391439301288375 -9999 -9999 -9999 -9999 -0.0145556487507272 -0.172231635934689 0.00770861174730579 -0.101675192741376 -0.042133416965736 -0.035125784697372 -0.058427703706867 -0.00101036737417835 0.0940386303652827 0.124647518234109 0.127186574986041 0.120800476006846 0.133380918102498 0.0981553641867038 -9999 0.235109759332374 -9999 -9999 0.0552167724754316 0.0681331080810452 0.0786043734960911 0.0618544340390988 -9999 -9999 -9999 -9999 0.13107800547368 -9999 0.0554635096844948 -0.073948071989107 -9999 -9999 -9999 -9999 -9999 -9999 -9999 -9999 -9999 -9999 -9999 -9999 -9999 -9999
-0.417806531707485 -0.464819476619108 -9999 -0.345976774731464 -0.25616640386723 -0.207241944538415 -0.15488312453306 -0.0430049896275825 -0.0989671477815449 -0.0421902958744018 -0.0186347180939919 -0.0505535096369286 0.0163720536746468 0.0923229107787907 0.0562881489571564 0.0796652549128126 0.123981141889583 0.105604590080259 0.147269460571265 0.182078690653885 0.220851150129325 -9999 0.10855891919766 -9999 0.0505127848609614 0.0559101561373383 0.0591804694800415 -9999 -9999 0.127227844697385 0.121759279410686 0.114917786560164 -9999 -0.401979893194081 -0.174392234597066 -9999 -9999 -9999 -9999 -9999 -9999 -9999 -9999 -9999 -9999 -9999 -9999 -9999 -9999
-0.468950867564202 -0.425786368943099 -9999 -0.285690203852518 -0.200752308464359 -0.197993378059262 -0.0913911328422179 -0.0748235696177502 -0.0417174037652303 -0.00236365725483791 0.0042148889479719 -0.0344737700653264 -9999 0.0721176914716826 0.00123682114208906 0.0858932665326512 0.124634349720698 0.0177106673405967 0.0589146425976436 0.152969768722923 -9999 0.0478856790458679 0.0409021680360636 0.00129164954206539 0.0612592512624431 0.0547630354311659 0.0360903894230938 0.0948838526801645 0.112029465159135 0.084271985787873 -9999 0.138063931022592 0.00326715948918977 -0.422160252411685 -0.259333805505907 -0.291303200920643 -9999 -9999 -9999 -9999 -9999 -9999 -9999 -9999 -9999 -9999 -9999 -9999 -9999
-0.359631980874361 -0.436396798620822 -0.347684788083141 -0.192482472766107 -0.225513557284991 -0.0476241015343333 -0.0227696048849635 -0.036155340044141 -0.0663033530343865 -0.121603524918179 -0.132273917638705 -0.0905642563836664 -0.0369260214620681 -0.0455906470529993 -9999 -0.00364970040298146 -9999 0.0230571428714935 0.0400122629953088 0.0375233705568883 0.0296254783117991 -0.00428685660766975 0.037062989141537 -0.0160481996157352 -0.0327897253499122 -0.0512294572578361 0.031062791958025 0.0575849374306261 0.058308881920317 0.0641336909775939 -9999 0.127931095917574 0.0042352045420357 -0.264291197570171 -0.327741081663471 -0.233278174291591 -0.169063698683468 -9999 -9999 -9999 -9999 -9999 -9999 -9999 -9999 -9999 -9999 -9999 -9999
-0.286872145273465 -0.385284888518408 -0.394802215933833 -0.3355101602009 -0.265595784090003 -0.0933173331549807 -0.00785192525936072 0.0583582750334368 -0.15649825995808 -0.13501655284136 -0.0966813762432585 -0.110437909843525 -0.0788806312268264 -0.0664242285900467 -0.0148055713323795 0.253462433838843 -9999 0.023590884951554 0.034960524770565 -0.0247826447269908 -0.0533307381788581 -0.0841975585313822 -0.00114023660868809 0.00628874894641766 -0.0381382420288423 -0.0742559382621491 -0.0288754204590385 0.0567574014553845 -0.0106836987966847 -9999 0.0631871913155992 0.109124690276632 0.0646868305655692 -0.19230639956899 -0.455690767666621 -0.289027602366075 -0.236607906990395 -9999 -9999 -9999 -9999 -9999 -9999 -9999 -9999 -9999 -9999 -9999 -9999
-0.240437419813322 -0.423350146316 -0.321815153799854 -0.356461578470118 -0.207657370766985 -0.158711413762717 -0.118432447988485 -0.147342598824037 -0.150964618923539 -0.0914673002905138 -0.126309657742645 -0.116694472965173 -0.165016647189147 -9999 -0.0845388345671222 -0.0643668008584311 -9999 -0.0374419435368062 -0.0461212315483255 -0.036048540056876 -0.125494712143056 -0.115393564790712 -0.0463107845215828 0.0190232320487582 -0.00393153124983272 -0.0898570102575827 -0.0548411304906132 0.00270856247481477 0.00890040148469382 -9999 0.0363427760862111 0.0620453639223312 0.0431575046948946 -9999 -9999 -0.396771570162393 -0.283575601011277 -9999 -9999 -9999 -9999 -9999 -9999 -9999 -9999 -9999 -9999 -9999 -9999
-0.273588133253153 -0.310074819896199 -0.28910383517952 -0.30502900156721 -0.257882510055289 -0.198238184423088 -0.126016368237246 -0.16790716917539 -0.173907331824411 -0.0922632253129057 -0.0971345145230754 -0.116796110747641 -0.193733068187261 -0.0460081135993377 -0.161010852382532 -0.0744269298712806 0.0124528442177561 0.0421873067152021 0.00296449675855562 0.00595381873577485 -0.0380847569647885 -0.0856507864540438 -0.07116040066087 -0.0920259980559432 -0.0680323169060968 -0.153443513111504 -0.0313557470442256 -0.0458524049158557 -0.0939893317460209 -9999 -0.00208877584708429 0.0791714707759025 -9999 0.0389471203301315 0.0278219905900158 -0.00998802322404943 -0.0876460169954204 -0.409240497855296 -9999 -9999 -9999 -9999 -9999 -9999 -9999 -9999 -9999 -9999 -9999
-0.285545272325941 -0.291648023685719 -0.262312100175314 -0.288087069326905 -0.139525188671359 -0.110229244974131 -0.0554446898407396 -0.0851843879142844 -0.0886828067638214 -0.0525213583815842 -0.0454114293814395 -0.144986050139538 -0.222348601997156 -0.0978160869278587 -0.109424752805882 -0.153152191980107 -0.0381175370396326 -0.0580947861450125 -0.0366863937505175 -9999 -0.0980936306023408 -0.112541858542281 -0.0764334635795229 -0.095036966525903 -0.0929977412157644 -0.0130731746444578 0.0117229072833408 -0.0587317050328011 -0.064464753507725 -0.104902067735341 -0.0617366680552185 -0.126897694441235 -0.0428884693879359 -0.0622636535838476 -0.0704761211032491 -0.0666032140759679 -0.038283444819202 -0.153292428040146 -9999 -9999 -9999 -9999 -9999 -9999 -9999 -9999 -9999 -9999 -9999
-0.29882049399491 -0.283075648627085 -0.259838365944209 -0.20675697321421 -0.0994224005552835 -0.0635185112634358 -0.0439354928630266 -0.067947781990218 -0.140902920447285 -0.136113347189555 -0.0974296165306351 -0.170673314708836 -0.237146494657252 -0.151378444341097 -0.0367860254976462 -0.0279961272723785 -0.0056151157637633 -0.058361000110344 -0.0601067579425171 -9999 -0.138066668773581 -0.102380333035475 -0.0457995594906246 -0.074875261540509 -0.062376948090731 -0.00866826623849583 -0.0113183791395029 -0.064451000004747 -0.118037582288455 -0.127583881664124 -0.0545030663082481 -0.111293876571376 -0.0994353487170424 -0.12517031134397 -0.160978699244194 -0.0759313600690811 -0.0584366978875514 -0.243186566982599 -9999 -9999 -9999 -9999 -9999 -9999 -9999 -9999 -9999 -9999 -9999
-0.397085638164215 -0.386163328191298 -0.169416398410781 -0.0682203741558443 -0.088982460717769 -9999 -0.107673121596466 -0.124303411182245 -0.159325497929042 -0.107145777121558 -0.141354689056881 -0.141160453000756 -0.0841299153817213 -0.122510175494782 0.0430250042786004 0.0188988481210043 -0.0572587225504283 -0.0720004500500327 -0.0609010467287098 -0.0519393033655918 -0.160183749227655 -0.103484770054696 -0.0810442379946341 -0.133266790701867 -0.104324332639015 -0.0274493847332557 -0.0452175543597887 -0.0942734856709313 -0.0863648593508483 -0.119698876602893 -0.113894534253739 -0.164098751153937 -0.131954607160375 -0.150082970468614 -0.117236909414965 -0.098883880224853 -0.123087675780053 -0.221041035197489 -0.321540596398313 -9999 -9999 -9999 -9999 -9999 -9999 -9999 -9999 -9999 -9999
-0.438083742315392 -0.304893375222595 -0.268142438399008 -0.129150477438468 -0.17315800744315 -9999 -0.157348473970251 -0.127672226438403 -0.155381898645978 -0.0936919603525106 -0.132624051887037 -0.126254792978862 -0.169108666517513 -0.152607163485641 -0.0227239339590054 -0.214068207429377 -0.174697965291184 -0.152704087947099 -0.133766515597616 -0.183825365527425 -0.135725616554178 -0.0932508050003671 -0.10073197705465 -0.120200831133403 -0.0985785667953453 -0.132009042738176 -0.104991357929587 -0.0818146783116322 -0.0722609756180774 -0.111762381004748 -0.178959361474931 -0.195909445938227 -0.167747893602254 -0.158107995131774 -0.12727270381346 -0.131974246485838 -0.143538774458472 -0.102168602884539 -0.0918939010451095 -9999 -9999 -9999 -9999 -9999 -9999 -9999 -9999 -9999 -9999
-0.379244750321852 -0.267106455512002 -0.369008755357145 -0.00761100528025044 -0.0751542980310356 -0.0862825602508142 -0.138921281955848 -0.133667526360379 -0.15972798334668 -9999 -9999 -0.220678299334645 -0.25744911233573 -0.183019633127126 -0.0829002269140662 -0.111303278318124 -0.0947965978097425 -0.137684222049282 -0.19158904107748 -0.1817047713136 -0.156905816147104 -0.174036219870398 -0.197405830932469 -0.139083640086125 -0.195490399357671 -0.1591331035169 -0.131999798529253 -0.065442105919878 -0.0616206385638822 -0.144895916730126 -0.191900913764451 -0.143526082754402 -0.13373821786646 -0.158150906450121 -0.128008992981589 -0.0961206307947628 -0.115666117203973 -0.0806099008114008 0.00543029708559801 -9999 -9999 -9999 -9999 -9999 -9999 -9999 -9999 -9999 -9999
-0.336526163233802 -0.296721710322758 -0.375505552587375 -0.197622361111512 -0.145728274899832 -0.154530341733138 -0.197649994790062 -0.178193390940198 -0.201704369843842 -0.204828032812191 -9999 -0.225545563897675 -0.217144247958553 -0.138931081944124 -0.110264782147347 -0.0774800547571748 0.00570326929161761 -0.109503530113864 -0.0760080772670112 -0.19712498779675 -0.19783125893103 -0.189560847661775 -0.0846309176972985 -0.171728211983319 -0.165548449750428 -0.154362801400125 -0.132108038893479 -0.0717487638496038 -0.0296937072841751 -0.159465467851978 -0.101915213987466 -0.152838121887523 -0.142436628215012 -0.149707226547205 -0.125901814236433 -0.114179821384511 -0.0732408317396275 -0.041131092122947 -0.114223751506447 -9999 -9999 -9999 -9999 -9999 -9999 -9999 -9999 -9999 -9999
-0.445630382831373 -0.396237500062653 -0.277542474568685 -0.187777249449354 -0.242777534745607 -0.218289170399468 -0.262538636630368 -0.273221773112554 -0.29872293673112 -0.268166630554771 -0.208375626051715 -0.281346544751288 -0.234250823280799 -0.167296991547422 -0.103616389952297 -0.0376899261969417 -0.00270555189831885 -0.159523978845763 -0.179081411448438 -0.180073020899307 -0.172832044351898 -0.210551666185904 -0.212288797674498 -0.173344521519389 -0.173236195497393 -0.148787996574811 -0.100107360954168 -9999 -9999 -0.104450241913375 -0.176211139462522 -0.185787714891387 -0.138778078665888 -0.130442790327577 -0.0896459304147916 -0.0816895158444942 -0.0713242405153451 0.0497221284543617 -0.166513709766823 -0.297741808702317 -9999 -9999 -9999 -9999 -9999 -9999 -9999 -9999 -9999
