data/rasters/s3.10.06.cu.2_xyz_08_.asc
NCOLS 100 
NROWS 100 
XLLCORNER -4 
YLLCORNER -4 
CELLSIZE 0.08 
NODATA_value -9999 
[rows 42 to 62 of 100, columns 0 to 47 of 100]
-9999 -9999 -9999 -9999 -9999 -9999 -9999 -9999 -9999 -9999 -9999 -9999 0.0794276485832329 0.0899483575115125 0.117997744231596 0.121546976827501 0.062309529375204 0.0084073066535441 -0.0226675744090765 0.00755406714022789 0.0166326553862977 -0.0104409358379531 -0.0437871797839388 -0.0599546601163738 -0.105510301548897 -0.136679326303502 -0.173509189200231 -0.19711665853571 -0.302955851477104 -0.218876798501327 -0.219091129233562 -0.213555311718434 -0.172005706408256 -0.151741457943257 -0.139416893938721 -0.174171797778278 -0.170962512366171 -0.167273943341291 -0.206194845319933 -0.215259049318557 -0.247525001793885 -0.199670527543313 -0.175500976269862 -0.19531501182736 -0.135339497847093 -0.100286839367866 -0.150009441592458 -0.143062340907656
-9999 -9999 -9999 -9999 -9999 -9999 -9999 -9999 -9999 -9999 -9999 0.108978100419155 0.0818805205104893 0.0902767960521135 0.114862423971546 0.0987949606854795 0.0954231730447546 0.0174346411680862 -0.00332025701753124 0.047496538755574 0.0139017524416164 -0.00181918054983928 -0.0361853582281448 -0.00146653450103321 -0.0885036938752538 -0.147957048749977 -0.279772834255423 -0.310133351870087 -0.362650611744958 -0.307427513029503 -0.294867993940179 -0.244061081463024 -0.239829940943753 -0.23019569163979 -0.161634267517172 -0.215709812767526 -0.222756878283151 -0.212822589882279 -0.21261567990274 -0.206374464822861 -0.333320089696802 -0.251937914847443 -0.186862181845575 -0.161760596425105 -0.163091271019434 -0.0757173862301373 -0.0604512159411356 -0.303801480482982
-9999 -9999 -9999 -9999 -9999 -9999 -9999 -9999 -9999 -9999 -9999 0.0930432155653993 0.045138287880849 0.0598876148661723 0.0835305828601454 0.0675945332095376 0.0261338763420346 0.0445847317870028 0.0154784002381087 -0.0240024012379908 -0.0222468546009061 -0.0249623907002916 0.0100512152066496 -0.109012365257215 -0.153225805477567 -0.187853816138333 -0.236228442520043 -0.363162273246969 -9999 -0.392708771618865 -0.34427832945549 -0.296246710569186 -0.249922275057936 -0.221558628669302 -0.196258289692857 -0.228972545250705 -0.218627028031353 -0.239781309418503 -0.265719332872354 -0.296725188429923 -0.306617232280161 -0.246858866016831 -0.200255464921513 -0.193812227937426 -0.148678255703479 -0.218710318964811 -0.156463300145479 -0.271705479905295
-9999 -9999 -9999 -9999 -9999 -9999 -9999 -9999 -9999 -9999 -9999 0.14479149791947 0.100177907768676 0.0668107218149474 0.0431645948875096 0.0251077564714712 -0.000713397834567663 -0.00631394557624157 0.0416547557318674 -9999 -0.039057409107896 -0.0253970301572575 0.0186588664050967 -0.101176149699219 -0.14630293996144 -0.166595626212333 -0.269495028271878 -0.398077834508934 -0.409601734136949 -0.355851945187335 -0.289506274269988 -0.283363003315422 -0.262657207602524 -0.22948892130529 -0.216691973337245 -0.256371884660615 -0.266649956912414 -0.242879725748424 -0.247665721313527 -0.297229110894855 -0.278828124339551 -0.229934419647482 -0.243072606548815 -0.390526515255047 -0.148292975862413 -0.293378423965648 -0.295755391724603 -0.270951463944906
-9999 -9999 -9999 -9999 -9999 -9999 -9999 -9999 -9999 -9999 -9999 0.187010662166229 0.149964279076143 0.0960555485580093 0.047941333082032 0.0143341471266281 -0.0216135569418155 0.0649311384852455 0.0418044237547378 -9999 -0.133953419712539 -0.00113965740253055 0.00380593190574964 -0.0784934318623402 -0.155065174994494 -0.170674672902387 -0.23389669593861 -0.327196725349857 -0.445137121973203 -0.370873499324219 -0.314226326292149 -0.290297488570335 -0.310207554519951 -0.206971065632324 -0.281732630026716 -0.261078093190967 -0.25933401519871 -0.248547220532271 -0.224879455949536 -0.201333413950494 -0.270634079142918 -0.234995833596733 -0.274849983435645 -0.337367040599198 -0.332361122295758 -0.235545665655087 -0.240763098795911 -0.30886214791203
-9999 -9999 -9999 -9999 -9999 -9999 -9999 -9999 -9999 -9999 -9999 0.183437848631787 0.218543272454086 0.163494028370231 0.124947443308829 0.0720250213727247 0.158240829408541 0.0976636323613256 0.0497052597748497 0.0973208074361098 0.0225864844327322 -0.135102183927113 -0.0490405706881843 -0.0984771673936665 -0.149349703961873 -0.226270349124198 -0.227479302653124 -0.259420097617489 -0.368837857252455 -0.4055252127037 -0.344848640569017 -0.291310321873932 -0.253999504417161 -0.281238650161022 -0.330409895770023 -0.304946013547423 -0.264624019962536 -0.317953302856611 -0.345849307493138 -0.361417719129403 -0.303350796729841 -0.33578825212355 -0.343230197542323 -0.342575083608255 -0.352637226535893 -0.209586043557436 -0.242313079778091 -0.347877664514067
-9999 -9999 -9999 -9999 -9999 -9999 -9999 -9999 -9999 -9999 -9999 0.182959977023872 0.212043151736028 0.158442531438784 0.100020041279827 0.0744533949088291 0.0906830334403724 0.0952036682552548 0.104740567769218 0.122389485910357 0.058440264642564 0.00744167694992212 -0.151560299965375 -0.142494443372558 -0.114895068958437 -0.182693521520461 -0.220250918678478 -0.237051849606565 -0.319045218280999 -0.40770798116766 -0.392199252282164 -0.371884690464767 -0.369368384817971 -0.348244378143048 -0.34469271136263 -0.383151585677747 -0.373328077964476 -0.363175062756038 -0.357231145342331 -0.341513016499969 -0.331271388975711 -0.30304823442721 -0.34093835096846 -0.34290474712498 -0.318247653717737 -0.25436866403054 -0.174104414939956 -0.359319032433485
-9999 -9999 -9999 -9999 -9999 -9999 -9999 -9999 -9999 -9999 -9999 0.212795517316844 0.146931219020812 0.111413337250537 0.0995475748358701 0.0746353345512743 0.0496842040468931 0.0547080475900717 0.125850316415297 0.132302227247368 0.105526941560778 0.0452437717340476 -0.0212952154641199 -0.209591891120826 -0.09371330557204 -0.136436200350385 -0.211488048121966 -0.300311951045378 -0.343053749542445 -0.37468896619406 -0.413143638519509 -0.389332633021145 -0.413315955031121 -0.347820551861694 -0.302802867454483 -0.337833941037597 -0.331032634395809 -0.303385786859571 -0.327349182428699 -0.337949940584726 -0.280539939364264 -0.2699524701307 -0.340615428872553 -0.357749305124206 -0.306912167201944 -0.270340172292649 -0.196588830072389 -0.236219096710296
-9999 -9999 -9999 -9999 -9999 -9999 -9999 -9999 -9999 -9999 -9999 0.136114655591058 0.102580160598021 0.0701968259633652 0.0745860247782587 0.0495661044458244 0.0165965274570049 0.0383696227088209 0.091744869809942 0.0800683800546656 0.0763513275145626 0.0466803894123534 -0.00285697028180474 -0.011088969830229 -0.0391426313238856 -0.153279571893859 -0.281132009391565 -0.3442850776448 -0.389587877050255 -0.451429872201004 -0.491643108702913 -0.52756512100251 -0.45304888387959 -0.35654117227771 -0.354513149624209 -0.351383789199154 -0.314534434778417 -0.268259363218591 -0.297551859444767 -0.329022995269382 -0.297747838187808 -0.291189236542487 -0.304559570666259 -0.291827793152867 -0.229348823623695 -0.184407496406699 -0.17142016037431 -0.133667119519063
-9999 -9999 -9999 -9999 -9999 -9999 -9999 -9999 -9999 -9999 -9999 0.0450911254460042 0.0313174448596557 0.0133064643080484 0.00551514962127103 0.0112311877759827 0.00160776807326012 -0.00989991788085987 0.029055679436471 0.0224412941639563 0.0457848729670195 -0.00100940068731713 0.000645004081213845 -0.106049485682719 -0.0956423528815897 -0.148397066544798 -0.246985926720925 -0.379363513426689 -0.468373653320554 -0.5645694833085 -0.530413593788704 -0.537052501694928 -0.474391405242698 -0.452961400366177 -0.418855091205443 -0.384267645785985 -0.303626555001038 -0.265702829998606 -0.290809679697106 -0.348215253771525 -0.3359685814418 -0.352860049753451 -0.393571099332494 -0.32385587260364 -0.187374179066813 -0.144872013212948 -0.0858241474049568 -0.0738167061411119
-9999 -9999 -9999 -9999 -9999 -9999 -9999 -9999 -9999 -9999 -9999 0.104885980355542 0.0775714753915959 0.0811247878797964 0.0630023592449226 0.0248551812036506 -0.00669605845673704 -0.00886804964280671 0.00182286973592275 -0.00724948582918467 0.0232079379236367 -0.011722476527712 -0.0131973382158991 -0.0956247872473138 -0.154293184261436 -0.179769763467665 -0.272171186124373 -0.413019884595814 -0.451044060361512 -0.531907914256007 -0.612462672382754 -0.528951399798368 -0.48900602677209 -0.418672506443234 -0.395945449141187 -0.44178769132007 -0.413282815056742 -0.298224258300628 -0.267443900801164 -0.404970786787647 -0.408156909363195 -0.40586735680652 -0.405580699323346 -0.371540674163597 -0.400628551465548 -0.218278489831973 -0.173313180135484 -0.15524692444199
-9999 -9999 -9999 -9999 -9999 -9999 -9999 -9999 -9999 -9999 -9999 -9999 0.100279665243618 0.0791958447747862 0.0459322595553303 0.0317859608158035 0.00261275485424283 -0.0636672544460924 -0.0576986282018096 0.0150463013829167 -0.059530512961883 0.00652913466055345 -0.0160472384337442 -0.104871082393842 -0.200989937061272 -0.206128120167813 -0.236901799437031 -0.319522140502983 -0.402238722680665 -0.439717614784224 -0.515989631072028 -0.552564254677579 -0.420661649200684 -0.380452887943088 -0.369425122530451 -0.424834923083043 -0.440297294194479 -0.349383147011971 -0.299816442636352 -0.364587711868348 -0.40734470810551 -0.398555964515261 -0.393295799832102 -0.401333466248416 -0.419724067022719 -0.387607948988213 -0.336081422016869 -0.249545691542973
-9999 -9999 -9999 -9999 -9999 -9999 -9999 -9999 -9999 -9999 -9999 -9999 0.142897956841455 0.170161554426318 0.0518371000492622 0.0516532657665916 0.00425493036107729 -0.0474020709223194 -0.0706981965191144 -0.0401040765561948 0.0304944336853451 -0.0601107635808748 -0.030011633533348 -0.0595544073414893 -0.135052002947486 -0.217096205797987 -0.235549583696522 -0.299076002672277 -0.387258145735734 -0.427873169415544 -0.463696231283 -0.57530268895178 -0.418581098541876 -0.410470323910078 -0.383796260090666 -0.408635739352526 -0.393172644545923 -0.35276092751633 -0.340933205425993 -0.377998739962971 -0.421521194713788 -0.402539386736506 -0.42018672977777 -0.466344622892834 -0.484144684140703 -0.417311837961254 -0.317636558527082 -0.254147426170527
-9999 -9999 -9999 -9999 -9999 -9999 -9999 -9999 -9999 -9999 -9999 -9999 0.055354246180589 0.00508583086927605 0.0420905060595833 0.0554452585849264 0.0409950831231617 -0.00807620594912548 -0.0220962643874627 -0.100370639656574 -0.00769704400382174 -0.0189201530812791 -0.0255996171131432 -0.0346887861045112 -0.0879475666062753 -0.19229132805797 -0.232646441349387 -0.330365835137455 -0.393396619513113 -0.450358056696858 -9999 -0.443570883273241 -0.363163734190464 -0.360971229527864 -0.405308696377885 -0.433421885412482 -0.437483611574714 -0.406518454843936 -0.389301063730773 -0.433304033195577 -0.505762798299904 -0.449027472720564 -0.417692998320186 -0.50700267699714 -0.474434986065312 -0.410310987023928 -0.265275508733975 -0.203741892454908
-9999 -9999 -9999 -9999 -9999 -9999 -9999 -9999 -9999 -9999 -9999 -9999 -9999 0.0163612365476005 0.0557440588043327 0.0714235580601475 0.0838074781698047 0.08404574747856 0.0558951444374448 -0.00713718955514129 -0.0478350145487318 -0.0440339474994452 -0.0195414582558641 -0.0395766014784997 -0.0651980801106533 -0.122936753749571 -0.238974000788865 -0.334171150847023 -0.328830816857435 -0.361636439351648 -0.249036883402432 -0.274057842900046 -0.318872618564047 -0.323255019315919 -0.386243027771758 -0.456905856154145 -0.408653425891237 -0.45789780389872 -0.458670504880467 -0.482531949136514 -0.53367308997539 -0.503873053370106 -0.511354312133363 -0.426265059199715 -0.351372289391643 -0.360397764459698 -0.248712326010291 -0.245079075771081
-9999 -9999 -9999 -9999 -9999 -9999 -9999 -9999 -9999 -9999 -9999 -9999 -0.0452374613058225 0.00323633420216764 0.0896393720498751 0.104010459145952 0.103243386565754 0.133679569363007 0.0634818416118524 0.00501548910617868 0.000282609312399192 -0.00422690298548565 0.014209531319194 -0.0552395851611592 -0.0852409622558213 -0.118183043980337 -0.179373638951774 -0.289809207732596 -0.296921928886808 -0.34120058298799 -0.314108650224665 -0.238708343867755 -0.304556622854909 -0.328717504688714 -0.328354486896496 -0.3524628502741 -0.380014552872876 -0.368518528820761 -0.454123357495035 -0.498991709426955 -0.599793923612231 -0.536766667332209 -0.530183583218512 -0.472989097075576 -0.338505578851933 -0.373103652702833 -0.331131826889384 -0.271444334877318
-9999 -9999 -9999 -9999 -9999 -9999 -9999 -9999 -9999 -9999 -9999 -9999 0.106629419232888 -0.00830490111653576 0.0815300275445967 0.230490809259731 0.17238676451643 0.147226617252345 0.0972755010999739 0.0118141358803163 0.0186903305391621 0.10228612281178 0.0723555595140216 -0.0230860015704704 -0.0850021154946815 -0.120744016764399 -0.245374978212019 -0.246491722826257 -0.255232409459306 -0.241266722235035 -0.259869918841689 -0.242258056697512 -0.230995215592417 -0.255691741206346 -0.313590786215628 -0.345276583225863 -0.367627641196926 -0.334386773685111 -0.354723068134755 -0.390722392654331 -0.543989156293567 -0.492658547184406 -0.455409568737725 -0.438271949310998 -0.362437403579518 -0.354560478211598 -0.291805043395668 -0.234199667911182
-9999 -9999 -9999 -9999 -9999 -9999 -9999 -9999 -9999 -9999 -9999 -9999 0.081911646084139 0.0623349104499423 0.0586279805535562 0.231528234269313 0.189179254528488 0.155593627037442 0.153154380446894 0.107558051878121 0.116744954874243 0.0857848088630654 0.0323997294202234 -0.0236404126494448 -0.0846197885597749 -0.17762090542933 -0.214381400713616 -0.261700532062306 -0.249057162540477 -0.201946598175301 -0.176991643161801 -0.187286202876282 -0.146475433750413 -0.186532353265136 -0.329963902210689 -0.403751621353707 -0.385584717672185 -0.323601245235056 -0.282589514917645 -0.309349112403498 -0.394160517315137 -0.401346603979907 -0.400619706889392 -0.421439188766789 -0.275815049394868 -0.276214256718608 -0.276270014874751 -0.225015938674803
-9999 -9999 -9999 -9999 -9999 -9999 -9999 -9999 -9999 -9999 -9999 -9999 0.0902088051740206 0.102375566223509 0.136749636514977 0.241431296642797 0.227713615080908 0.231912909636937 0.222360889885775 0.171394566420261 0.10057421068494 -0.0197542854246086 0.0228226751623295 -0.0342940671269265 -0.0519162851263143 -0.0879656541179571 -0.131313360176412 -0.240582294919084 -0.234069674940056 -0.188828428403045 -0.18265801250495 -0.183747652224328 -0.107668985287041 -0.174335162290036 -0.286710253321817 -0.38014885279221 -0.405462538861959 -0.256705011207064 -0.258004081652515 -0.281256443532437 -0.335298627625992 -0.358043167285991 -0.343857814155763 -0.291590869606288 -0.24418063823402 -0.280576236178658 -0.329879495299125 -0.277610955372922
-9999 -9999 -9999 -9999 -9999 -9999 -9999 -9999 -9999 -9999 -9999 -9999 -9999 0.0631992769765613 0.122593244682003 0.250559582273958 0.275364447944211 0.264951359305369 0.290267030222984 0.348987533575759 0.182813012947378 0.0556137241097383 0.0294644870068235 -0.0239609416639239 -0.0407630905790539 0.00481254915301621 -0.12124377938118 -0.185801734198003 -0.250270409246053 -0.252361236245087 -0.233423487048677 -0.198697428680337 -0.192637803283724 -0.194717177246172 -0.313747725712052 -0.351490869798874 -0.316703220326906 -0.251679240051038 -0.258218531556001 -0.303762523126963 -0.337502219569519 -0.333991429218494 -0.325064918889694 -0.301909607265613 -0.263100912111406 -0.268769246271773 -0.263743401867973 -0.273435385883708
-9999 -9999 -9999 -9999 -9999 -9999 -9999 -9999 -9999 -9999 -9999 -9999 -9999 0.110229740697723 0.0936361327854045 0.104512346573596 0.261864589027084 0.264817548793453 0.300851534795644 0.244215166573163 0.25087073168976 0.15174180466565 0.0604506147922172 0.0451885007563943 0.0611019488779987 0.0268038488566282 0.00201095651934927 -0.113232574058698 -0.207433497276422 -0.152103563962287 -0.186225893140416 -0.169529898421993 -0.10855722954592 -0.191500645442947 -0.283822017587155 -0.341309267170713 -0.22534561301631 -0.210499520017195 -0.240407788423156 -0.291681846358168 -0.312930029279884 -0.337738996740233 -0.346668906304815 -0.371071264709569 -0.302294627928682 -0.278012546672408 -0.270444221640997 -0.244608190916319
