data/rasters/s3.15.06.li.2_xyz_08_.asc
NCOLS 100 
NROWS 100 
XLLCORNER -4 
YLLCORNER -4 
CELLSIZE 0.08 
NODATA_value -9999 
[rows 42 to 62 of 100, columns 0 to 47 of 100]
-9999 -9999 -9999 -9999 -9999 -9999 -9999 -9999 -9999 -9999 -9999 -9999 -0.0327637539839736 0.00189802405815755 0.0187135862790142 0.0293672672534738 0.0685133348455586 0.182448671380537 0.237378221020075 0.0483331590792377 0.196678211694734 0.268591856520846 0.335608508333096 0.346809203074555 0.390960444479769 0.469990337262859 0.48591801594475 0.448252336575696 0.327805214047885 0.441130948282123 0.484072417093628 0.0449583949086914 0.0522717573164637 0.000489502110696077 0.047171414222912 -0.0923193361019733 -0.111547160780026 -0.0685957887452113 0.0500088462564562 0.104855678458697 0.056038848136891 0.150745879349341 0.219768120766365 0.216893598972415 0.240123915041631 0.0407711589568117 0.0895236218223102 0.0774369562931766
-9999 -9999 -9999 -9999 -9999 -9999 -9999 -9999 -9999 -9999 -9999 -0.0387880045584149 -0.0163837154006049 0.0260085600257109 0.0490625028946428 0.0288690485354638 0.147654584245436 0.210919865841947 0.234396672610118 0.1693775287603 0.266188689567261 0.288723136749858 0.358525516218695 0.354418296595572 0.422315601697059 0.493602527330761 0.552108068579421 0.54640745327485 -9999 -9999 0.495537311883934 0.205453452965331 0.15021489493778 0.361168287288422 0.084332668390829 -0.0503104378217041 -0.0671757476897704 -0.0858932333673213 -0.0108687378824978 -0.0627542560069152 -0.0270369068261145 -0.0195995720468429 0.223062334582464 0.312789507648844 0.315903841672148 0.135436904389198 0.0766419703677923 0.0838715178424159
-9999 -9999 -9999 -9999 -9999 -9999 -9999 -9999 -9999 -9999 -9999 -0.063180558636915 -0.025239772625413 -0.00254103422223664 0.0777758896562046 0.0995564514368378 0.0801515277093929 0.105227969390701 0.194026506213201 0.184684318881887 0.253301880651284 0.307703875166636 0.352281879886948 0.405154248015695 0.435640617693362 0.481464323637169 0.470213761464823 0.406087116079705 -9999 -9999 0.552910229456284 -9999 0.113585397638479 0.047839964002104 0.0685400019012504 0.0525452980708187 -0.0888586458703431 -0.0839154619825964 -0.0332798119084334 -0.0818215620967176 -0.0505973643689903 0.0940496167460574 0.245439861392028 0.179677710733291 0.33101688741148 0.298916340609207 0.0825333959125614 0.0559448127957807
-9999 -9999 -9999 -9999 -9999 -9999 -9999 -9999 -9999 -9999 -9999 -0.0923611726426567 -0.0832472084022894 0.0718467319950355 0.0690867194749496 0.0445833112182729 0.0769991896706368 0.0685781403984768 0.133768397701529 0.170038762127682 0.233580448391984 0.250091504965511 0.287214010603004 0.392843754614911 0.460636624752235 0.468550163595739 0.476695357387743 0.475327114534538 0.572530688511472 0.566470183764682 0.61758047177914 0.384512476718978 0.255049528494613 0.0841822462661065 0.129971528805984 -0.0163058102417435 -0.0825601503261002 -0.0562764519075942 -0.0603373767327591 -0.102394268353853 0.0197888395341067 0.154818622537576 0.0729294160333971 0.165091563979595 0.109732241706143 0.119035685560396 0.0991174867120984 0.0730878118736684
-9999 -9999 -9999 -9999 -9999 -9999 -9999 -9999 -9999 -9999 -9999 -0.0853898354291131 -0.0267040285212217 0.0515408632218276 0.0523342324701837 0.0820849265747224 0.0832208011690659 0.0935878035211282 0.145670099492253 0.223127035949896 0.247395936934791 0.265215247169035 0.325135772854019 0.308579416242727 0.444918956565913 0.434580243048951 0.474513803361431 0.300974256464396 0.340690863896684 0.406150186573835 0.406435194326809 0.3466100099404 0.405191970111383 0.335588526833436 0.0598672768750535 -0.063849365556694 -0.0226708896160078 -0.00999473589687789 -0.0792915090954121 -0.0934500814669602 -0.0585569803883028 0.0136172088284829 0.00194074579315776 0.0148690985313887 0.0565553564158337 0.10717473874662 0.113066438906339 0.146511625832394
-9999 -9999 -9999 -9999 -9999 -9999 -9999 -9999 -9999 -9999 -9999 -0.0708679759342073 0.00783411950851831 0.0411674254245372 0.0818156768021047 0.0614914613720022 0.0515946895245891 0.124165800598034 0.153064080403846 0.219110080518502 0.244127240277734 0.296842635529305 0.441755438569837 0.252160752936349 0.338805159186533 0.47817681478002 0.467748404302399 0.357358888800783 0.331651983129732 0.430569192123128 0.343976175529786 0.389770246606851 0.255429288583267 0.122175146697893 0.0578410484894487 0.0228657496016386 0.00125228730869714 -0.0238792980604906 -0.0736037505074395 -0.0186805148580267 -0.05379543252408 -0.0238783738343902 -0.0203554459833865 0.0698800784850576 0.138885077420984 0.156518262367112 0.122255619344555 0.186560145528606
-9999 -9999 -9999 -9999 -9999 -9999 -9999 -9999 -9999 -9999 -9999 -0.0907337623189377 -0.0141258900380595 0.0246618985920647 0.069372401092131 0.092379269355817 0.0814296571658825 0.12598488421048 0.102981359902273 0.146144556864836 0.315849274192225 0.35059327151727 0.330746203573623 0.385177497278151 0.272022114748624 0.39049516726501 0.450749154589466 0.384087798865324 0.368838940987021 0.30227704052292 0.254299527988743 0.34702470833495 0.400330169147889 0.234618102918096 0.0427381140198544 0.0298561794200169 -0.0191665907249061 0.000599965373439025 0.00758860792242947 -0.0202455887278265 0.015443880116075 -0.0325535924679826 0.000558277154778353 0.0238131066156535 0.128451552129023 0.168147297166987 0.165935328076902 0.196074721485447
-9999 -9999 -9999 -9999 -9999 -9999 -9999 -9999 -9999 -9999 -9999 -0.0681177630200601 -0.0462415328538044 0.0431610465870535 0.141720235966337 0.129161716566822 0.0814668337076895 0.16656835975102 0.0864424607785939 0.200014735737943 0.316954235002908 0.319487253825314 0.307071514017381 0.469084376233446 0.273855106309004 0.3207299380426 0.390322001868408 0.393288199653338 0.25730334233488 0.259979645025335 0.288440495722385 0.364222666246602 0.376363931008716 0.353963166030747 0.239190765824032 -0.00311994786739971 -0.014650448438176 0.0162987562480218 0.00844060195563493 -0.00978428317782699 0.0551635898946826 0.0383944566958463 0.0309185916252295 0.151491283483812 0.193304010118713 0.225879257147423 0.227251086398711 0.250946792478326
-9999 -9999 -9999 -9999 -9999 -9999 -9999 -9999 -9999 -9999 -9999 -0.0996146603289029 -0.0777958179306638 -0.0420619560323696 0.0496306405137165 0.0254408025845236 0.122104969993972 0.207831529990028 0.243629765553464 0.251091677071929 0.266421923618181 0.249991422585953 0.294044153686687 0.268155800954978 0.343541063089537 0.336721809785562 0.327925456371189 0.194845540435818 0.266167551624294 0.262889968542786 0.276576247829478 0.365414688793798 0.447223389458769 0.351156109728962 0.191269106507429 0.0720939759819849 0.0971128677890238 0.0408105394849191 -0.00143238966789058 0.0511396806654489 0.0588519908130866 0.0902117119743135 0.135241125737434 0.226418940703695 0.249400294074632 0.270776269793011 0.280506009749671 0.288955801032296
-9999 -9999 -9999 -9999 -9999 -9999 -9999 -9999 -9999 -9999 -9999 -0.0950503362643612 -0.122739228038 -0.0734545545896898 -0.0533723656804017 0.0519914874887563 0.0834515611744062 0.264514860440162 0.258879706443164 0.19911720526618 0.228053382736527 0.149375769939324 0.136924913859313 0.200693718551731 0.301525878568375 0.273398428749801 0.239475645161846 0.234329900307161 0.241878347160561 0.243731105957005 0.295922577355803 0.282874315236387 0.47661783274325 0.240044695993063 0.117932866506274 0.173727589096406 0.130755313641278 0.035492869403822 -0.0221025629524186 -9999 0.0628297384829144 0.0831132126010218 0.117432357516435 0.172469013228908 0.264326659474323 0.28625458699401 0.298163283246999 0.282563789486662
-9999 -9999 -9999 -9999 -9999 -9999 -9999 -9999 -9999 -9999 -9999 -0.0342585748718764 -0.0400190399836415 -0.0523496125655125 -0.0304696040968399 -0.0676945362458712 0.099256960847682 0.168406227981951 0.144825363359019 0.197082133377714 0.256838240366356 0.151697245624683 0.12310760747186 0.203622975369919 0.241946506797719 0.204265714277341 0.218079176277726 0.219836475128023 0.239559768018844 0.236779271844961 0.273182684530158 0.246850612617169 -9999 0.439826247494069 0.215148316857354 0.264399419931744 0.321762388681905 0.134430373105035 0.127718331536429 0.0566258385892273 0.0879355309813756 0.086522647197088 0.132934862484638 0.26434179531849 0.249396195770323 0.293933174243343 0.331713545994113 0.26750172775613
-9999 -9999 -9999 -9999 -9999 -9999 -9999 -9999 -9999 -9999 -9999 -0.11149436616999 0.0875837184076809 0.0409631468466537 0.034213364526586 0.0195985151481365 0.0190354399249675 0.065777915100447 0.13958439683941 0.178281062445688 0.187262601962632 0.152376098967865 0.119779839905178 0.202563988303509 0.169795946447617 0.183438309299793 0.219845633484862 0.362119415606573 0.36111854970731 0.233703981454962 0.254684055999772 0.244503215531781 0.252973355966949 0.31029062272384 0.394286527572558 0.446117665910562 0.462045938627912 0.403293002282437 0.0362864722937335 0.00878397262317709 0.071291494796687 0.0645569415718412 0.198972498874547 0.164026516853699 0.155966248443218 0.296208832650771 0.335284520003366 0.311055216934516
-9999 -9999 -9999 -9999 -9999 -9999 -9999 -9999 -9999 -9999 -9999 0.0386028898380152 0.0949348297277143 -0.146354628544368 -0.138803981968695 -0.0818901479266518 -0.0539469017885351 0.0524403465978326 0.150747504165434 0.0655221997838338 0.0394109682227035 0.0864278716710624 0.102388358159515 0.159721503081431 0.143841462934829 0.189417318979327 0.267303058195674 0.293386015828237 0.363435235953067 0.265902184432169 0.203515006674546 0.255739241699772 0.263499360625241 0.280588023995116 0.319506079150516 0.353342929506567 0.429196799094777 0.0821994266149703 0.0313379389011586 0.0269816159005681 0.0819167565633964 0.0939246337568191 0.0795795218346385 0.0402430534636781 0.0748371959392499 0.179607903216259 0.335575844767567 0.331721089682078
-9999 -9999 -9999 -9999 -9999 -9999 -9999 -9999 -9999 -9999 -9999 -0.0250019127014897 -0.166277332281158 -0.163750122278033 -0.148479172148924 -0.09155901257604 -0.0348635780104726 -0.0511464177904468 -0.0530154938241799 -0.0883974562891444 0.0261946485854946 0.0706916658459696 0.0805799185452351 0.110447800051934 0.16876246503711 0.226359847536488 0.279042106720616 0.339093463467944 0.305099067941025 0.234474051137798 0.195248830644453 0.246929417693004 0.267892654061047 0.249101733810781 0.258166176828048 0.277454625180016 0.359259883102508 -9999 0.0400005740242139 0.0174660249569203 0.0625406385122379 0.0224778146927597 0.0459282845514513 0.0539354375922699 0.111490295660232 0.300387208278222 0.300430826039539 0.312211737796779
-9999 -9999 -9999 -9999 -9999 -9999 -9999 -9999 -9999 -9999 -9999 -0.20465442357697 -0.180992288012385 -0.17466624570872 -0.139807613271756 -0.0696640551935533 -0.0944118978380964 -0.062621048008009 -0.117818313131006 -0.0390785483072307 0.0572988487569595 0.054865790119973 0.034495818493483 0.0936414942643019 0.1429045503824 0.183933402622209 0.276673265968904 0.289419421342149 0.152843639132801 0.183869968404296 0.174450486200282 0.139425485901131 0.189633540825865 0.223109763391512 0.232463730587591 0.31284034848282 0.283901494919591 0.111855694614754 0.0777572311677372 0.0250347513324945 0.0174010982735893 0.0653869920197836 0.0528808530576531 0.0980819011375471 0.134434663230173 0.145413867576052 0.209532477844649 0.337908460561356
-9999 -9999 -9999 -9999 -9999 -9999 -9999 -9999 -9999 -9999 -9999 -9999 -0.171037897895006 -0.203485779114904 -0.152802432507542 -0.131801434948462 -0.162572715956392 -0.130753349081965 -0.0860270654319739 -0.0220112559718667 0.0612719236841994 0.0952963740143979 0.0689638835926414 0.102031202841991 0.144243967113528 0.137534045749311 0.165745986357496 0.201804048517999 0.141885038634214 0.119178587686466 0.146910659741109 0.185985769020145 0.181935605414816 0.251661011880895 0.214188746579639 0.173529192370228 0.0503594248234144 0.115797827603314 0.0229092545709004 0.0440910145770128 0.0131348626349929 0.0357279011701005 0.0332881949376538 0.0792347482422889 0.0777953788472595 0.106126300255227 0.176011074302382 0.307835047844085
-9999 -9999 -9999 -9999 -9999 -9999 -9999 -9999 -9999 -9999 -9999 -9999 -0.157524439192916 -0.158400085930967 -0.16366915866018 -0.125629342583282 -0.121004586681006 -0.102594413774196 -0.0379407282897566 0.0689481428658072 0.0897293923657977 0.0882570527227443 0.0507565064995608 0.10055404181002 0.0950898707373408 0.112459090069249 0.136996693830931 0.161442236276963 0.170601409213613 0.100007664249911 0.0968964583113413 0.150580938613499 0.179579129621415 0.152404852561592 0.122906019304278 0.097706299588188 0.059836275162072 0.116520081242767 0.0618261295597524 0.0398389878632309 0.00581282807388315 0.0398777037687077 0.0450015132899977 0.0469175167446439 0.0357511398739589 0.13402583926868 0.2398410111469 0.313952491000422
-9999 -9999 -9999 -9999 -9999 -9999 -9999 -9999 -9999 -9999 -9999 -9999 -0.153172091813386 -0.169878608654029 -0.145267072804225 -0.135314770506157 -0.0781317022605241 -0.0599063313078881 -0.0468360262156307 0.0329638342018477 0.059244864357879 -0.0215635713630866 0.00289428645066384 0.073448042187203 0.153935111849081 0.167662739873719 0.1557458276776 0.159771528716633 0.05919048769519 0.0902325322873889 0.100963417512852 0.118064281169896 0.139087684019622 0.169214175515862 0.139313817324174 0.0137133051809664 0.0408083543646094 0.0869219045705007 0.0732379180634086 0.0344378069301575 0.0467728838581631 0.0551436090745175 0.0689334662352901 0.102645025875856 0.220448839634656 0.165363191190741 0.250391716565014 0.284567144234696
-9999 -9999 -9999 -9999 -9999 -9999 -9999 -9999 -9999 -9999 -9999 -9999 -0.155043191794058 -0.141498557221935 -0.15055505964702 -0.127712122679055 -0.0647318615625154 0.0414708903096025 0.0335040824954872 0.0412309240494014 0.0263182230752527 -0.0350356534247582 0.0351115140236249 0.119279897227051 0.161719312190869 0.187128086702334 0.126984319926682 0.109701581774175 0.0919694346358307 0.175488167474263 0.0861510974943206 0.0871853053069456 0.148019134257709 0.133526934654009 0.148403927786925 0.107067369314695 0.036193764579601 0.116320918847778 0.0571935799529292 0.0550646316588957 0.0915664262168717 0.0281062380117186 0.0668332308294775 0.0933367982308226 0.143631087201422 0.274791919861859 0.286830638656166 0.222033856226374
-9999 -9999 -9999 -9999 -9999 -9999 -9999 -9999 -9999 -9999 -9999 -9999 -9999 -0.137257639358367 -0.154276604258855 -0.128846146643593 -0.043477177973081 0.0145069732540866 -0.0190222753921592 -0.0928799627558904 -0.0330959128194277 -0.0441195606286503 -0.0143299202101431 0.0645579955256456 0.103118423956618 0.0884650603900375 0.0651968466270719 0.0874000870225121 0.117539112444432 0.11893132950735 0.0751036206637849 0.108659426758365 0.114121662978496 0.176464403356067 0.134829460966247 0.160349017924951 0.263312260939391 0.270607235115194 0.176576708821254 0.0777604554434926 0.098518297455344 0.0487816426521661 0.0808724648486149 0.157675735564906 0.168232666834079 0.227921584176373 0.212106580119752 0.224197660295591
-9999 -9999 -9999 -9999 -9999 -9999 -9999 -9999 -9999 -9999 -9999 -9999 -9999 -0.14832755363491 -0.127682291136815 -0.143225776647115 -0.0815561396638851 -0.0317252670957084 -0.0621416457002166 -0.112409341190019 -0.0872383568260805 -0.0579679575197415 -0.0219215747705794 -0.0240776008475014 -0.00120044146060414 0.0596030485177283 0.0843826165167976 0.0841370913513482 0.0549391156408077 0.0556583062060593 0.0434869059955043 0.0956497340500613 0.142630207485399 0.169267374317182 0.192230104025106 0.239963537726053 0.301313336208213 0.195178626414831 0.11883327061993 0.123887088192208 0.0704719679303522 0.0222189897643505 0.0857413219693054 0.165062827728739 0.187429045864146 0.177361714144783 0.202681195726727 0.248050171533882
