data/rasters/s3.13.06.li.2_xyz_08_.asc
NCOLS 100 
NROWS 100 
XLLCORNER -4 
YLLCORNER -4 
CELLSIZE 0.08 
NODATA_value -9999 
[rows 44 to 65 of 100, columns 0 to 49 of 100]
-9999 -9999 -9999 -9999 -9999 -9999 -9999 -9999 -9999 -9999 -9999 -0.265939413786365 -0.225239823339418 -0.213137464554239 -0.123513367701037 -0.142957167182162 -0.139062614674902 -0.231747581672775 -0.125466463223731 -0.214702388887182 -0.191466128353619 -0.0612688472464426 -0.132591072832895 -0.131470681794097 -0.133027454120196 -0.180481278603452 -0.193553874671639 -0.124004910000986 -0.0454668412105362 0.0643276795612601 0.0134245294913727 0.120693826189076 0.118309758004307 0.147382950753712 0.157712617386189 0.255579141608127 0.239206547664796 -9999 -0.0164527232183543 0.00649921324570423 -0.000963723468140287 -0.0189344763994083 -0.0226117151128118 -0.00673558160792128 0.0148890529264495 0.222372353888247 0.179212189915634 0.217671605844631 0.202828487092529 0.305588577119435
-9999 -9999 -9999 -9999 -9999 -9999 -9999 -9999 -9999 -9999 -9999 -0.291974032361914 -0.203585695408913 -0.289090723527083 -0.147337765680988 -0.184369462406453 -0.193298170577547 -0.24982677537826 -0.247287655681506 -0.225264465448499 -0.141652062888215 -0.156569176148721 -0.0733407341823886 -0.0846665926769778 -0.121781338698092 -0.130034818379591 -0.127341356513937 -0.159098269885872 -0.0513732287900068 -0.0178541124215699 0.00296158270253025 0.0331712475384421 0.119298567905807 0.146541855633257 0.162431738165041 0.256416821091669 -9999 -9999 -0.051272832934745 -0.0186091249731587 0.0264519367846565 0.0125992526594486 0.0077284408328946 -0.0797990696818491 -0.00654139876264677 -9999 0.139702932460807 0.167751242009393 0.144516922608992 0.297177429631071
-9999 -9999 -9999 -9999 -9999 -9999 -9999 -9999 -9999 -9999 -9999 -0.26308597111471 -0.297654751350313 -0.25251865501472 -0.267469442607486 -0.229372557745026 -0.209884769603462 -0.217131803600157 -0.231948775406096 -0.180911800212289 -0.144731598157395 -0.153793825537163 -0.0718011549888287 -0.100143020845437 -0.096793543866579 -0.120320701854214 0.0212686562750328 0.00110256605326373 -0.0288948278437807 -0.0425460334237388 0.0266706203792615 0.0679360558450165 0.0987188367808021 0.339515945395878 0.343530590940627 -0.00415079602469811 -0.0190987894192437 -9999 -9999 -0.0578319109886279 -0.0372920354637735 -0.00546659383722876 -0.00953851873416666 -0.0517539939933552 -0.0329487812967374 0.00933795928024574 -9999 -9999 0.248527558172236 0.239245499906525
-9999 -9999 -9999 -9999 -9999 -9999 -9999 -9999 -9999 -9999 -9999 -9999 -0.44574678863015 -0.275405885322898 -0.306181327364038 -0.228309090531039 -0.277275474377366 -0.243283020406719 -0.198974171832853 -0.180790233359985 -0.22072127458695 -0.16274540660242 -0.156957512973018 -0.173115019429176 -0.18757514150613 -0.0275003180888963 -0.0378324485529172 0.0516149620535907 0.0561520668856476 -0.00455561085769399 0.0154808459352583 0.0879198751436374 0.211666204219666 0.281231929684145 0.281834173549069 0.0457350432622377 -0.0105389114879107 -9999 -9999 -9999 -0.0720713001317434 -0.0234774962981084 -0.0209477248915853 -0.0479444221813011 -0.0542097551250389 -9999 -9999 0.255274347869823 0.219154934129364 0.279849028257205
-9999 -9999 -9999 -9999 -9999 -9999 -9999 -9999 -9999 -9999 -9999 -9999 -0.33800730579836 -0.291417804321943 -0.237177243580832 -0.221899360330635 -0.187831203200116 -0.199767974877536 -0.253738815000848 -0.240363456164364 -0.187573358314267 -0.158378102214657 -0.399305737142595 -0.171547014336947 -0.150195250062288 -0.150157100540258 -0.0372408073066985 0.0229345417305271 0.0621527804670034 0.0539933304455278 0.0847718925195355 0.102397093356447 0.194230059140267 0.244641942416533 -0.0571936884804365 0.0573116445624727 0.0166066340841391 0.0177613426738281 0.0823127946063952 -9999 -0.114032049770851 -0.0338034363119971 -0.0506574953159809 -0.0478132457409688 -9999 0.10005450688571 0.055040368815311 0.213914367791272 0.287548383324153 0.327530016267181
-9999 -9999 -9999 -9999 -9999 -9999 -9999 -9999 -9999 -9999 -9999 -0.397829863269261 -0.285903336467932 -0.256495242417609 -0.251020040107501 -0.190079514487246 -0.174702417579903 -0.206419522831525 -0.239494164290532 -0.227914253342645 -0.218118496062108 -0.155005728754967 -0.0873405029799264 -0.139361798326364 -0.186342782478442 -0.069106158166727 -0.0445728559037299 -0.0560396537768549 -9999 -0.0755119844408681 0.0035570658603238 0.185441222861381 -0.0221849341863498 0.187340952742117 0.173228592853433 -9999 0.0250896001164815 0.0401369830576686 0.0742723694375907 -0.0165530735733627 -0.18742701512377 -0.0870958399542908 -0.035829602184664 -0.222027352130016 0.0611997138889595 0.0741307287048702 0.0761979845461578 0.215200232836758 0.315692372975028 0.339754225831621
-9999 -9999 -9999 -9999 -9999 -9999 -9999 -9999 -9999 -9999 -9999 -0.316102845898611 -0.323622711722905 -0.182792799028215 -0.170730736429968 -0.0945217750063509 -0.270440165088281 -0.166442748511181 -0.224961502715095 -0.275285341380394 -0.281003031658619 -0.11221963016196 -0.0957103267930848 -0.0818543181443913 -0.0487778673360001 -0.058746048575468 -0.109425340699628 -0.0411790189587364 0.0468919355237647 -0.0202023338224259 0.0403235866667184 0.206926536731106 0.208337815801478 0.0246875739673373 0.306517753760993 -9999 0.0999753322760707 0.159330085588658 0.152739661106907 -0.0438333201806976 0.0452225685715358 -0.107062622603678 -0.0723599526254607 -0.0328807237253968 0.0537806858328858 0.0557717566193064 0.164881724679816 0.214151516547092 0.272411617830434 -9999
-9999 -9999 -9999 -9999 -9999 -9999 -9999 -9999 -9999 -9999 -9999 -0.269042966659563 -0.192570902796911 -0.167132358140606 -0.197710809723226 -0.175578586633153 -0.137604881324334 -0.177000645080758 -0.182429676461537 -0.267715693805447 -0.229156077287364 -0.227077252105861 -0.185756348899325 -0.0631040727051728 -0.119566220090737 -0.131763965321882 -0.0653114997018258 -0.0385638081852934 0.142464277672814 0.106989329691407 0.212685758972411 0.212132862477222 0.285561556276783 0.331446046542616 0.246799916637375 0.014144421290506 0.0440914998223888 0.132941389557009 0.211335812913334 0.0870178795746931 0.0816359064639805 0.0720128751536715 -0.0638653705320351 -0.0776556973613386 0.109163059247833 0.11770362601968 0.184394595962044 0.192174461392747 -9999 -9999
-9999 -9999 -9999 -9999 -9999 -9999 -9999 -9999 -9999 -9999 -9999 -0.254522493349407 -0.285646186559532 -0.209619898385118 -0.154916544813077 -0.116665439548118 -0.178319672482672 -0.149957395957976 -0.143334537778909 -0.122527763036267 -0.210271364957494 -0.242925220383298 -0.235863226827775 -0.183748385309301 -0.15406337432773 -0.103078532560198 -0.053954746437556 -0.0360476053450648 0.142663937026575 0.106523691862943 0.0743107313338777 0.262705076899037 0.276575220275324 0.359157210168744 0.306887268176345 0.193350382520013 0.237537722430427 0.136512351412466 0.194446171135837 -0.0575081787868366 -0.0238625845793897 0.0737061953715648 0.0612321302016852 0.203844692301094 0.192308571173514 0.154614556787844 0.211644752266081 -9999 -9999 -9999
-9999 -9999 -9999 -9999 -9999 -9999 -9999 -9999 -9999 -9999 -9999 0.0289586938753469 -0.351633301493946 -0.150262820034795 -0.213883982035109 -0.174061951656712 -0.131253995614808 -0.0690400177938308 -0.0420808178819086 -0.146809766748778 -0.236555892369884 -0.293411521932478 -9999 -0.1754097375214 -0.151387560875999 -0.129018501765961 -0.139008385005731 -0.0468772722463322 0.0495683419718396 0.136270803773112 0.16462958216212 0.251273640799485 0.293346712535098 0.307521987390252 0.218507886393278 0.234582176756907 0.254319098982341 0.23299541671067 0.21670459851405 0.156634162476333 0.154460687900589 -9999 0.181375887272066 0.142141420333922 0.217011269612309 0.15438278670726 0.173889366323902 0.16591187814285 -9999 -9999
-9999 -9999 -9999 -9999 -9999 -9999 -9999 -9999 -9999 -9999 -9999 -0.0422113552422702 -0.0514520916555699 -0.0872660573291472 -0.000966186603810677 -0.0385463109667857 -0.105662059783507 -0.0895193504528863 -0.117541664210023 -0.161841264058045 -0.260361033012898 -9999 -0.302605980795174 -9999 -9999 -9999 -0.0967340843939215 0.00984595981308783 0.114416831728775 0.177785678922033 0.206200100844163 0.24083422038257 0.255008476733591 0.229562480874532 0.215989956531601 0.247778300410978 0.259160176841411 0.0169227787672787 0.317074274654677 0.223687400565966 0.134088012566436 0.0163136668057045 0.174231969347931 0.0157606989117895 0.0282456744986096 0.176532642892007 0.190939125405685 0.12203792669419 0.175229388088059 0.116065716434429
-9999 -9999 -9999 -9999 -9999 -9999 -9999 -9999 -9999 -9999 -9999 0.00157501450030696 -0.00095284644912683 -0.0184690431464882 -0.0242098355991118 -0.0406845953702091 -0.0979412202068298 -0.150904283244406 -0.15703322866683 -0.297525859034196 -0.438405403576051 -0.342225376904322 -0.35818603145327 -0.461843491738573 -0.49552633251262 -9999 0.0424830465554421 0.00326289046837588 0.127135501184243 0.163140367178041 0.177893349418852 0.208065834128425 0.141716184043982 0.323850741727263 0.29808302859783 0.324642949704374 0.280495570051727 0.358711036832321 0.315898540959305 0.244951860736306 0.233808722570979 0.252545866012464 0.190650148399583 0.226222662901137 -9999 0.249333458773893 0.27831567718007 0.157941987409329 0.132046181669982 0.12492598421979
-9999 -9999 -9999 -9999 -9999 -9999 -9999 -9999 -9999 -9999 -9999 0.0321612805161488 0.0453993859174538 0.0300166304774568 -0.0229577200558858 -0.0583706464600938 -0.0746686542797491 -0.226829360834672 -0.119480794195044 -0.205870612904797 -0.329328968166583 -0.461451927246286 -0.441164150562922 -0.463858596301065 -0.458839780246916 -0.421716380481227 -0.197026437162007 -0.0754821924902975 0.12640730314324 0.208222339309084 0.231404609274303 0.238388406408633 0.413988821046602 0.387654843593702 0.349559387303127 0.360779411453863 0.33110780264109 0.285063330491322 0.209790686479111 0.25870904424374 0.304842408612569 0.170690789879377 0.191500061326005 0.175311651238541 0.177449419150637 0.307864791396553 0.292222196719614 0.16007644641684 0.128051607215885 0.125380903985949
-9999 -9999 -9999 -9999 -9999 -9999 -9999 -9999 -9999 -9999 -9999 -9999 0.0130722247572364 0.0212209973150554 0.0070107562841125 -9999 -0.197430647979484 -0.178466616335732 -0.188655449555676 -0.181783513472044 -0.501150538152161 -0.522356162298008 -0.484255759978084 -0.491103082113166 -0.399923003951447 -0.31328532847989 -0.103263607560237 0.14341610023367 0.183718413821692 0.260935648536686 0.251856192214006 0.337431551317185 0.322564449604697 0.450450099327235 0.430619537987877 0.353953434899082 0.334064800261941 0.237932911467605 -9999 0.25571038989869 0.243420530549256 0.246515091190478 0.229995745172668 0.156032956830517 0.176784291152672 0.14837258830964 -9999 0.13402695395575 0.110288699946659 0.0964571871277181
-9999 -9999 -9999 -9999 -9999 -9999 -9999 -9999 -9999 -9999 -9999 -9999 -0.0255834646713975 -9999 -9999 -9999 -0.165139198961498 -0.217714945871667 -0.127801838835644 -0.183549588536253 -0.396678327573537 -9999 -0.499388835495936 -0.524795133328204 -0.502863587639996 -0.270381064997567 -0.203490407627431 0.109437704942364 0.13324825612423 0.0718025867403578 0.383946596570128 0.320420700937579 0.334482930731405 0.387231850755705 0.32528856965181 0.348276116114664 0.374619284620155 -9999 -9999 0.206827683375337 0.141918644017155 -9999 0.0906108295499759 0.208713279202444 0.196811553465743 -9999 -9999 0.194007466349407 0.15543096521486 0.283610486842169
-9999 -9999 -9999 -9999 -9999 -9999 -9999 -9999 -9999 -9999 -9999 -9999 -9999 -9999 -9999 -9999 -0.279194562124324 -0.189019681051293 -0.183512050691882 -0.281068046257198 -9999 -0.444538514061109 -0.495061391579021 -0.522427538443239 -0.439342768990228 -0.166114660570999 -0.200050074726204 -0.0231891296113397 -0.200425785385585 0.15814682298206 0.191530247893066 0.320667053057489 0.372734777529189 0.322287543334287 0.318083425314785 0.343181069163745 0.412685025021276 -9999 -9999 0.226456046004162 0.217798712829924 -9999 -9999 -9999 -9999 -9999 0.206908104064767 0.185968612187675 0.226459375794464 0.253834885385228
-9999 -9999 -9999 -9999 -9999 -9999 -9999 -9999 -9999 -9999 -9999 -9999 -9999 -9999 -9999 -0.0884799307804069 -0.198663156692978 -0.301198880468043 -0.300053099462542 -0.221425293506554 -0.227004556005158 -0.422177343004549 -0.483963781109747 -0.574598412160695 -0.368445896694752 -0.297845143356254 -0.252936657490382 -0.177527234277309 0.111989259464737 0.0850768616277831 0.0997713363092175 0.161283395224977 0.100940221224143 0.14373721943871 0.364132335686259 0.381391060932575 0.411952679079102 0.154790898521825 0.12632630446746 0.184344298372244 -9999 -9999 0.0808939845578901 -9999 -9999 -9999 -9999 -9999 0.253655607870621 0.247994736175071
-9999 -9999 -9999 -9999 -9999 -9999 -9999 -9999 -9999 -9999 -9999 -9999 -9999 -9999 -9999 -0.0545300063709638 -0.129679533865952 -0.118617955978708 -0.115191463392677 -0.193140037411645 -0.275021835202766 -0.466849067508696 -0.516693537811217 -9999 -0.228937577928688 -0.0804684582742964 -0.0911473429138183 -0.134044604460756 -0.0245949165858979 -0.0285642325826175 0.110027771561823 0.136697083254095 0.140142329911765 -9999 -9999 0.338607679312519 0.354977444274906 0.234489961122185 0.220228152701309 -9999 -9999 -9999 0.0444635442119214 0.0543266747616359 -9999 -9999 0.17505825807405 0.119877985111724 0.128456619306278 0.0912285849134331
-9999 -9999 -9999 -9999 -9999 -9999 -9999 -9999 -9999 -9999 -9999 -9999 -9999 -0.0634823160276556 -9999 -0.0531397123395278 -0.139885921487995 -0.118692507378142 -0.105042661712327 -0.113993548855879 -0.27810403981629 -0.320510439741102 -0.253989238576586 -0.00878604779012461 -0.318518270886129 -0.115299768044217 -0.0768672877999747 -0.0656245592866057 -0.0625650161424872 0.0197286964191683 0.0377252251055469 0.0896109260142835 0.109606348459419 0.125239322221994 0.208577201213595 -9999 -9999 0.184557675869412 0.175083708459191 0.174247702823617 -9999 -9999 -0.0214029737817725 0.0236694966377566 -9999 -9999 0.0919402532249818 0.101046259384198 0.109112136975575 -9999
-9999 -9999 -9999 -9999 -9999 -9999 -9999 -9999 -9999 -9999 -9999 -9999 -9999 -0.086109994896106 -0.0583556703065172 -0.0490085961011939 -0.0964117677954506 -0.0996263701510398 -0.0914723985499359 -0.1879074241309 -0.271020917596657 -0.308098196690642 -0.210958204165112 -0.0578694348264656 -0.0452500348701028 -0.0280539673954158 0.0790463427998112 0.0433162323791405 0.058075556333592 0.0602207666150598 0.0393648716555624 0.132642440242357 0.138363046415511 0.182614900552835 0.208621707312501 -9999 -0.0348570961068845 0.152889428628247 0.138376504963057 0.177359724032417 0.00955780267684123 -9999 -9999 -9999 -9999 0.170795182168762 0.0797325728104639 0.0403211386175244 0.0784907610396213 0.190230076865673
-9999 -9999 -9999 -9999 -9999 -9999 -9999 -9999 -9999 -9999 -9999 -9999 -9999 -9999 -0.0835660532865287 -0.0822554149170481 -0.0758090404498183 -0.0770420279043829 -0.120207185439619 -0.158325636309294 -0.225285557127518 -0.223279763484269 -0.169141004073092 -0.0194980034402761 0.0293459413580276 0.0131595434239601 0.0385345303314262 -0.0298854200534408 0.0726511053244125 0.0744028116752929 0.181088217501667 0.245654564986896 0.219434866641192 0.20699063437487 0.182078115583409 0.194246321660294 -0.0814754232319229 0.0313383417471379 0.0379861604016694 0.047760991585791 -9999 -9999 -9999 -0.0191746770701129 -0.0240488387031294 -0.0804742986090165 -0.0855169244386113 0.0364116460191373 0.0981614369000289 0.189126463878146
-9999 -9999 -9999 -9999 -9999 -9999 -9999 -9999 -9999 -9999 -9999 -9999 -9999 -9999 -0.0936716573457803 -0.13795899801846 -0.0268916364908496 0.0398641931196366 -0.0898661067743004 -0.079564921948593 -0.12303261577743 -0.169806388812366 -0.118985016144904 0.0522372700415546 0.0790046707262513 -0.000464983624360624 0.0113126124030242 0.0764112819706775 0.106549230106216 -9999 0.248417137726878 0.161422205597883 0.185719001323611 0.208629324336911 0.210373188774831 0.152663027107097 0.132038250231538 0.111052229563577 0.0572681753200006 0.0987853338152774 -9999 -9999 -9999 -0.180818713988372 -0.0716729933358791 -0.103367615335258 -0.0960587341213994 0.0454630912243141 0.0819456050194431 0.146179190592069
