data/rasters/s3.19.05.li.1_xyz_08_.asc
NCOLS 100 
NROWS 100 
XLLCORNER -4 
YLLCORNER -4 
CELLSIZE 0.08 
NODATA_value -9999 
[rows 22 to 43 of 100, columns 0 to 48 of 100]
-9999 -9999 -9999 -9999 -9999 -9999 -9999 -9999 -9999 -9999 -9999 -9999 -9999 -9999 -9999 -9999 -9999 -9999 -9999 -9999 -9999 -9999 0.614028426852087 0.637331545492976 -9999 -9999 0.373201264709326 0.345910048234692 0.311481686928393 0.048843359990396 0.167345361724985 0.190937533687589 0.169276238051135 -9999 -9999 -9999 -9999 -9999 -9999 -9999 -9999 0.180261221172756 0.130354422406347 0.108137930453496 0.0684454825081515 0.0339190936349645 0.0479341610321801 0.0458433007996747 0.0514303062350772
-9999 -9999 -9999 -9999 -9999 -9999 -9999 -9999 -9999 -9999 -9999 -9999 -9999 -9999 -9999 -9999 -9999 -9999 -9999 -9999 -9999 0.39914669071485 0.561943794117043 -9999 -9999 0.294109389784857 0.335249044060055 0.423678260519416 0.162935091677958 0.126147860667935 0.0963957532365836 0.12367819790671 0.0180661855854393 0.0348722840951926 -9999 0.171979877422227 0.179704029156518 -9999 -9999 -9999 -9999 0.17673064340663 0.107568950502015 0.035177473642159 0.0718398024631142 0.0520043264937655 0.0331276429953346 0.0619318773826777 0.193541024622046
-9999 -9999 -9999 -9999 -9999 -9999 -9999 -9999 -9999 -9999 -9999 -9999 -9999 -9999 -9999 -9999 -9999 -9999 -9999 -9999 -9999 0.552803013379093 0.515926323051864 0.461324186738292 0.446044051441964 -9999 0.25142388316175 0.318565706728371 0.225198061042773 0.304457704558323 0.0338124831963073 -0.0215115296481882 -0.0564790856105805 -0.0405216858856177 0.0189576423804919 0.139914522182466 -9999 -9999 -9999 0.00175480067361778 0.0153123108037262 0.116922950575913 -0.0149605283187335 0.0297106737701042 0.0735419999770831 0.0292851217785191 -9999 -9999 -9999
-9999 -9999 -9999 -9999 -9999 -9999 -9999 -9999 -9999 -9999 -9999 -9999 -9999 -9999 -9999 -9999 -9999 -9999 -9999 -9999 0.333255193308577 0.427084266269558 0.442239387370351 0.432864953229991 0.423649752075446 0.331721634988961 0.212779700070506 0.212222111923343 0.103030338118222 0.0682948666021776 -0.0283633058377634 -0.0400527526221152 0.171426150554452 -9999 0.0482187458338113 0.0851950177523463 -9999 -9999 -0.0343560143854996 0.0471696606754233 0.0371735011578622 0.0771713465455324 -0.0248981828927836 -0.023514754729637 -0.0504094829339591 -9999 -9999 -9999 -9999
-9999 -9999 -9999 -9999 -9999 -9999 -9999 -9999 -9999 -9999 -9999 -9999 -9999 -9999 -9999 -9999 -9999 -9999 -9999 -9999 0.307717930148718 0.373643279153697 0.39068933535644 0.43813625591879 0.310587614523975 0.324161795756638 0.321490385181713 0.292479331033087 0.15323613577925 0.0451231647936712 -0.0246784371101041 -0.0201443820551775 -0.0506394050382933 -0.0929597481679632 -0.106908320354158 0.106741413710998 0.109523269638678 -9999 -0.0600484569498008 0.0394073170091063 0.00233830719753409 -0.01920940003003 -0.126910777437226 -0.138254591299016 -0.0841715780431349 -9999 -0.243274664637095 -0.160901913594166 -0.280861911276274
-9999 -9999 -9999 -9999 -9999 -9999 -9999 -9999 -9999 -9999 -9999 -9999 -9999 -9999 -9999 -9999 -9999 -9999 0.498062625868168 0.434330545409517 0.334512937105381 0.416889547379175 0.428948622218958 0.45932843759482 0.335993685057624 0.342359890035212 0.21064249596732 0.128193184979206 0.0684986540865179 -0.0112976836231678 -0.0801822162237685 -0.078413946964565 -0.0525694560532365 -0.0993750478377637 -0.155254101937827 0.0747626973804335 0.101440854651562 -9999 -9999 -0.0392405277132881 -0.0785537383902258 -0.129906950284478 -0.202038052110896 -0.188495126307098 -0.143733074964318 -0.201156687204821 -0.255259842799317 -0.209947337688703 -0.259806006622202
-9999 -9999 -9999 -9999 -9999 -9999 -9999 -9999 -9999 -9999 -9999 -9999 -9999 -9999 -9999 -9999 -9999 -9999 0.375084805571162 0.355251823112667 0.357728323824274 0.420375988142794 0.343162893109751 0.327582708262762 0.389421859738116 0.169829994303959 0.0108211709743049 0.0800748424793439 -0.0172250702551106 0.00218392418187121 -0.0349365964813303 -0.0395056983516986 -0.0849801001550303 -0.0820094842316315 -0.0435617439587303 0.0700415897053806 -0.0106850071118381 -0.127310698075282 -0.119590882274754 -0.105795447385209 -0.132767886951134 -0.186240212602973 -0.245138976935994 -0.148172479209407 -0.165150601284822 -0.135629927026992 -0.297456507100571 -0.33734534191431 -0.32420311856806
-9999 -9999 -9999 -9999 -9999 -9999 -9999 -9999 -9999 -9999 -9999 -9999 -9999 -9999 -9999 -9999 -9999 0.341972559255316 0.347650545156335 0.351483573866497 0.315542486878806 0.319531954766338 -9999 -9999 -9999 -0.0431805454858449 0.279582055010966 0.195539859199376 0.0152801575353875 -0.00847385598355402 -0.0059775896115475 0.00544876997033782 -0.0621148891862837 -0.0149144279410239 -0.0491244307956103 0.0217164261342119 0.0131434011752045 -0.151770997080887 -0.122571223611522 -0.115749258462261 -0.193846018251404 -0.271763716329138 -0.267380456199861 -0.211964469295023 -0.280549503371455 -0.22720949089726 -0.302258231208989 -0.360077972849218 -0.350428974192014
-9999 -9999 -9999 -9999 -9999 -9999 -9999 -9999 -9999 -9999 -9999 -9999 -9999 -9999 -9999 -9999 0.318948782559569 0.37039169989737 0.389982870204488 0.347691351035344 0.280789053775424 0.309334076832613 -9999 -9999 -9999 -9999 0.251467786178969 0.252872273022035 0.112615480554221 0.0357952033278578 0.124027937040918 -9999 -0.0358584982093929 -0.00230420757079741 -0.0300606985339056 -0.0746800539860209 -0.0831091251676389 -0.146051525482077 -0.175933318427095 -0.204097839632606 -0.259331140434066 -0.264497659631544 -0.254414567782132 -0.316713866403447 -0.369879435082639 -0.339250708474453 -0.357501977536233 -0.333286643955704 -0.366795863765021
-9999 -9999 -9999 -9999 -9999 -9999 -9999 -9999 -9999 -9999 -9999 -9999 -9999 -9999 -9999 -9999 0.354870258331489 0.392522906841133 0.34893633170406 0.339923343263577 0.297508541319815 -9999 -9999 -9999 0.0641271256968212 0.113881770497806 0.149675319590067 -9999 -9999 -9999 -0.118607918220038 -0.114565650706088 -0.171382449684041 -0.152379664216298 -0.0103959786466887 -0.0429883597254778 -0.0673820489271206 -0.13177611703426 -0.189726215683387 -0.226087069651178 -0.248108458625743 -0.248630273114359 -0.333677396918832 -0.391357573582261 -0.384063959313679 -0.346442874900027 -0.375983321629391 -0.357789599699497 -0.215099685511046
-9999 -9999 -9999 -9999 -9999 -9999 -9999 -9999 -9999 -9999 -9999 -9999 -9999 -9999 -9999 0.365511964029755 0.449073424203797 0.41613612717881 0.399165973341787 0.361499362956474 0.0333689521700367 0.0665235378436504 -9999 -9999 -0.147867184341712 -0.131105407190948 -0.127126027015857 -0.104507176332592 -0.118458433760308 -9999 -0.178075938599205 -0.184759960136201 -0.241658859165746 -0.232959595700581 -0.0761368221155002 -0.0692528959253889 -0.19127283322997 -0.171059543401523 -0.247074258076361 -0.233504500493754 -0.298891173492582 -0.333535077049428 -0.385322381695131 -0.378935900211888 -0.324376502406185 -0.371254221796857 -0.379495429080554 -0.462155908589678 -0.421947501422674
-9999 -9999 -9999 -9999 -9999 -9999 -9999 -9999 -9999 -9999 -9999 -9999 -9999 -9999 -9999 0.369527351758771 0.437403484861891 -9999 -9999 -0.00896920228920215 -0.0330543602059684 -0.00665943171404703 0.0997109915897947 -9999 -0.120452934604883 -0.060077973465701 0.0893045501792142 -0.16354825815746 -0.181065607807612 -0.171603710402204 -0.275114083542099 -0.268574666858157 -0.291049791083013 -0.360329270367143 -0.0868891250724179 -0.121939948734284 -9999 -0.111210454753042 -0.226735276194598 -0.186353080643262 -9999 -0.327516342106611 -0.312408089000441 -0.332730413606255 -0.3252215201356 -0.331149581593493 -0.310868791555624 -0.404152108750493 -0.423608645802917
-9999 -9999 -9999 -9999 -9999 -9999 -9999 -9999 -9999 -9999 -9999 -9999 -9999 -9999 -9999 -9999 -9999 -9999 -9999 0.0312686786081647 -0.0203875542395282 -0.0723002704740148 -9999 -9999 0.114971147673664 -0.0195663960918683 -0.0163467547206596 -0.183299482988481 -0.262139505861959 -9999 -9999 -9999 -0.389819450294557 -0.354615949006832 -9999 -0.273688842104997 -0.271645837780547 -0.16063016512163 -0.172502884879772 -0.192877361606091 -0.282570187959856 -0.263441752251523 -0.286361681232253 -0.334544982090786 -0.340132478304619 -0.308407928083198 -0.357530527779103 -0.370820320841461 -0.345254837533396
-9999 -9999 -9999 -9999 -9999 -9999 -9999 -9999 -9999 -9999 -9999 -9999 -9999 -9999 0.17200796889365 0.145668225101783 0.147570437860581 0.148302745331059 0.115146502351126 0.0513855584962316 0.0230159796516391 -0.0212684654697354 -9999 -0.0750984904447066 -0.0643507669137291 -0.00138639980471076 -0.168055341151002 -0.232782914759564 -0.263503205141842 -0.287558947970122 -9999 -0.393282737703474 -0.38771567615231 -0.377384518773237 -0.386565528809915 -0.391404456414751 -0.286354885940195 -0.15149932166969 -0.16585542645449 -0.162157440571092 -0.202956825832261 -0.263315974998596 -0.280383732459043 -0.341320437071821 -0.419788898612547 -0.479626044018221 -0.405199040118433 -0.368855974190707 -0.300616522482356
-9999 -9999 -9999 -9999 -9999 -9999 -9999 -9999 -9999 -9999 -9999 -9999 -9999 -9999 0.175612182769172 0.172698662693249 0.132123116662839 0.14211399380045 0.014662943819331 0.0546961410984797 -9999 -0.203453147429913 -0.236403726824675 -0.29677372955733 -0.135857550070557 -9999 -0.200448078962452 -0.347791510463041 -0.374810850494802 -0.364733145007949 -9999 -9999 -0.40396875851214 -0.387507540294957 -0.381520961360323 -0.341657784107222 -0.415210639315091 -0.229681318519665 -0.151467322229365 -0.151838963456766 -0.155663472118469 -0.241932619648517 -0.322882616033173 -0.364484198691433 -0.391537652579018 -0.448937052702152 -0.427017671275552 -0.382947565586231 -0.276704438270563
-9999 -9999 -9999 -9999 -9999 -9999 -9999 -9999 -9999 -9999 -9999 -9999 -9999 -9999 0.186941200017816 0.143771477515702 0.0784485303794367 0.0577334664270989 0.0442087839605258 0.100592328309802 -0.225399442913915 -0.21272403177813 -0.250715289619461 -0.287659377736601 -0.183970706455746 -0.157974028390021 -9999 -0.366172912548047 -0.371421913150001 -0.452527513785726 -9999 -0.496022569500179 -0.471076439835594 -0.450922477547363 -0.393196366639139 -0.335158961184883 -9999 -0.13318064178393 -0.101562448836269 -0.147904708394627 -0.160592231649815 -0.246907196767637 -0.293134164761993 -0.29336259994178 -0.331505090117794 -0.376734245285435 -0.372007299757071 -0.383313825170894 -0.319513470994356
-9999 -9999 -9999 -9999 -9999 -9999 -9999 -9999 -9999 -9999 -9999 -9999 -9999 -9999 -9999 -9999 0.0135314745043601 0.0127690033663612 -0.0531458946888488 -0.070384011199219 -9999 -0.071206160077101 -0.298968724281268 -0.217314077444215 -0.132746871781072 -0.190336836426063 -0.263018547650079 -0.33165021727881 -0.316734367467667 -0.430372089926324 -0.498557381345264 -0.49226800581474 -0.504200642531937 -0.451939295549577 -0.399703231997458 -0.254831971459456 -0.223765797400163 -0.0932595973741701 -0.0662320291573202 -9999 -0.244227601897409 -0.253730589212184 -0.282973815223545 -0.238347763123129 -9999 -0.385752994410356 -9999 -0.284683477073833 -0.308224988469989
-9999 -9999 -9999 -9999 -9999 -9999 -9999 -9999 -9999 -9999 -9999 -9999 -9999 -9999 -9999 -0.0522208754126659 -0.0523148830932669 -0.116037577815443 -0.173218061960077 -0.22550984920506 -0.225542836979823 -0.281421008705094 -0.359704662707248 -0.319890989117102 -0.198012166456113 -0.342882605351313 -0.326844479198632 -0.364084316470986 -0.398478397316952 -0.450199646992781 -0.481383165357095 -0.458973896969793 -0.487758259310225 -0.495079355461125 -0.43386464962806 -0.270890652272422 -0.20401746522205 -0.12657396304506 -0.110168913751139 -0.150832574181448 -0.212727585460482 -0.237368160718932 -0.329662215409636 -0.384516124760137 -9999 -0.423030103072073 -0.486298880412364 -0.37638561539516 -0.348884186446594
-9999 -9999 -9999 -9999 -9999 -9999 -9999 -9999 -9999 -9999 -9999 -9999 -9999 0.174831843917819 -9999 -0.0241651134652612 -0.0904245916228622 -0.14872931682011 -0.192935290758609 -0.313767909588469 -0.290438498725396 -0.309385035242873 -0.273939500434134 -0.383574486475314 -0.312006400525367 -0.362895351470931 -0.323233914182044 -0.31030464760125 -0.38147066558086 -0.450409467787569 -0.44480885937644 -0.376902767201156 -0.42472324204703 -0.456927392932288 -0.44518439420567 -0.336703189314457 -0.255045126640785 -0.209772189878058 -0.18553176838752 -0.15521831687695 -0.164466807451804 -0.254877313296795 -0.211202134231019 -0.319619289505762 -0.377496376895353 -0.428654186537609 -0.427806080396613 -0.314629607667093 -0.396631015451301
-9999 -9999 -9999 -9999 -9999 -9999 -9999 -9999 -9999 -9999 -9999 -9999 0.210883120401126 0.124304810322562 0.0537144961009665 0.0294016092830378 -0.0740215603592898 0.00822043931838661 -0.188416688534482 -0.297999385218955 -0.307146136748658 -0.279494750190362 -0.286958070258811 -0.353273647040776 -9999 -0.159269221763714 -0.192935707129279 -0.212798802654804 -0.241828534358689 -0.325954212267407 -0.3482509760423 -0.326803581599274 -0.346766355549143 -0.39017514565227 -0.389338319542728 -0.382668195820582 -0.308198020016297 -0.252157128667943 -0.194666164483628 -0.13005081174045 -0.110644658458269 -0.20372517022298 -0.221918811767606 -0.346421348573341 -0.400599652155325 -0.416590014154897 -0.433901181260413 -9999 -0.418564220399613
-9999 -9999 -9999 -9999 -9999 -9999 -9999 -9999 -9999 -9999 -9999 -9999 0.175985773153222 0.160415351834706 0.0243044389580168 0.00896039507213055 -0.0377848496581956 0.0433910040670246 -0.197875651949808 -0.301264030824966 -0.34409914649123 -0.304190646340431 -0.380630074476293 -0.388224311500363 -0.351422773841519 -0.131477684727468 -0.138272995810993 -0.0669005083038405 -0.256306258185372 -0.271479529515111 -0.250782282293972 -0.23087055599481 -0.270203326549634 -0.392940665097611 -0.305971626326175 -0.282804049431403 -0.29317466505898 -0.268563492170365 -0.207412242059098 -0.165416211658989 -0.162949006874293 -0.193925854302772 -0.300215152576883 -0.283775371034859 -0.3840146331738 -0.392134341636181 -0.419015207603379 -0.426257931362105 -0.416524337936663
-9999 -9999 -9999 -9999 -9999 -9999 -9999 -9999 -9999 -9999 -9999 -9999 0.155944041006622 0.192700336609513 0.141796916242157 -0.0684352871626698 -0.117234729608696 -0.112705088054595 -0.249799794673752 -0.33970061337135 -0.312360381599364 -0.212413651964809 -0.323131492947877 -0.305224923185536 -0.373649240394425 -0.182781685203168 -0.0258390885873884 0.0489713377818179 -0.101667627947411 -0.167800917247834 -0.124573455823116 -0.0677120264180073 -0.136351611826433 -0.215210681081408 -0.284646984955084 -0.30709275498334 -0.320879503749169 -0.261396132860533 -0.217271336127069 -0.194040907309092 -0.182692945536272 -0.265198960537689 -0.340585460514792 -0.328410739514406 -0.419226027897733 -0.458875573552435 -0.473898791484729 -0.425030982092605 -0.366690660578898
