data/rasters/s3.15.06.li.1_xyz_08_.asc
NCOLS 100 
NROWS 100 
XLLCORNER -4 
YLLCORNER -4 
CELLSIZE 0.08 
NODATA_value -9999 
[rows 44 to 65 of 100, columns 50 to 99 of 100]
-9999 -9999 -9999 0.0551888108079169 -0.222278868898175 -0.0918288436959608 0.0182760931822713 0.0519142424541282 0.11950841491648 0.109331398178855 -0.0437702413577444 0.0916181877484155 0.0850044796379925 0.112567914110366 0.234426118033879 0.241977978365488 0.203870315162234 0.00602809667292399 -0.246996001724478 -0.23156965630735 -0.284971272784915 -0.282686485618764 -0.248208253772744 -0.261431101199838 -0.245015755635003 -0.228637015089182 -0.237903934523982 0.0405522853436523 0.0664692895720351 -9999 -0.00404096589922308 -0.0135660891999088 -0.00104014332583259 0.119356813167837 -9999 -9999 0.0429756925016938 0.0738389770680672 -9999 -9999 -9999 -9999 -9999 -9999 -9999 -9999 -9999 -9999 -9999 -9999
-0.0306338557626069 -9999 -9999 -0.240951547342548 -0.242899824033059 -0.270660330850491 -0.318680907232827 0.0343858323733776 -0.0729760854180425 -0.148530018329836 -0.0819864388016422 -0.00186531467026306 0.0685003750308407 0.25520812551889 0.288802576280793 0.289164798919449 0.381148950002968 0.314833935358586 -0.166772729433438 -0.230536133982122 -0.222998088896348 -0.269198836554072 -0.28002151110495 -0.279033971674459 -0.27996359864391 -0.259822038101883 -0.196944033868193 -9999 0.107451717618019 0.0982184654741703 0.0158320976302692 0.000341658041328528 -0.00745920576457623 0.0771566242711478 0.0822796569642004 0.0385926724009514 0.0527390316942169 0.0792652817796102 -9999 -9999 -9999 -9999 -9999 -9999 -9999 -9999 -9999 -9999 -9999 -9999
-0.0551136773610953 -9999 -9999 -0.245142020714618 -0.211502943121342 -0.187598278611745 -0.363235528415912 -0.322427200914305 -0.217893893562637 -0.154069299017714 -0.173283689297177 -0.17029583437272 0.0731701804457553 0.235754518433122 0.271447911217124 0.238889182250049 0.347229620521393 0.147183258560236 0.102599433336296 -0.219008002508996 -0.250273508519729 -0.211643217011975 -0.310466198837274 -0.24703169897928 -0.28646195052329 -0.242557251597507 -0.173505445816598 -0.169508109823729 -9999 0.200160994027159 -9999 -9999 -0.101939062402333 -0.0367277907704128 0.0363959925381975 -0.0576716342118797 0.031655145228429 0.0421266274688833 0.0211321834199103 -9999 -9999 -9999 -9999 -9999 -9999 -9999 -9999 -9999 -9999 -9999
-9999 -9999 -9999 -0.300803136616819 -9999 -0.354840720693287 -0.341881810579321 -0.336468415214325 -0.257722485942423 -0.257597863128453 -0.29531854753627 -0.170282178335738 0.138497174952134 0.201916138190381 0.229296152650109 0.139337767865402 0.21134394735247 -0.166929091736642 -0.162557128523364 -0.0983158367186393 -0.144583751824583 0.0524553018445977 -0.199499372437986 -0.220753982834745 -0.0488719656079765 -0.218330033690263 -0.205740973767225 -0.165079344045283 -0.0223638811496407 -9999 -0.0921431198220124 -0.0515376767336273 -0.113528122433112 -0.0977758965154557 -0.0554574760452956 -0.027355904442095 -0.000718343813602507 0.0274492801637547 -9999 -9999 -9999 -9999 -9999 -9999 -9999 -9999 -9999 -9999 -9999 -9999
-9999 -9999 -0.233269328457223 -0.259550387946043 -0.249132929409116 -0.339726088978904 -0.315922993178599 -0.360371764787991 -0.348201290687831 -0.327475582211583 -0.311171337691217 -0.154984480190765 0.010043881225519 0.175265256849633 0.116124662980679 -9999 0.208935463739829 -0.168710613780986 -0.193953179592858 -0.0311532312662164 0.142928710661161 0.227787445771068 0.0113370242900711 -9999 0.0104777171333724 -0.0187169133379856 -0.159029193148502 0.0140751021451172 -0.000831106983909664 -9999 -0.0625991981044641 -0.0722814127807302 -0.0856149446651307 -0.112339349317265 -0.0237661972969108 -0.00627024400267915 0.0174723196462311 -0.0788392174540688 -0.0906136575880494 -9999 -9999 -9999 -9999 -9999 -9999 -9999 -9999 -9999 -9999 -9999
-9999 -9999 -0.221678513390148 -0.172022602178456 -0.290706101437678 -0.353285735711194 -0.342158231547188 -0.360080014777984 -0.348101278975152 -9999 -0.333547650029914 -0.259325741781222 -0.189892840357668 0.294206016618906 0.197186125301108 0.188857575864535 -9999 -0.194133551176032 -0.160736849065592 -0.165751661633069 0.351285160442758 0.251802815545788 -0.183649073734188 -9999 0.229507072203983 0.123332779506201 0.12168382729051 -9999 -0.105438512194761 -0.0891753232143803 -0.0343269860323252 -0.0905080322047057 -0.0741843238133129 -0.0958892606087998 -0.0724459775862058 -0.0173708564654684 0.0572202004052068 0.00339094556887204 -0.0322943764657982 -9999 -9999 -9999 -9999 -9999 -9999 -9999 -9999 -9999 -9999 -9999
-9999 -0.369799672833255 -0.32376055487247 -0.114191291662533 -0.378231640160175 -0.39875867748008 -0.399780209793205 -0.378791039789224 -0.370872289444326 -0.364728992173673 -0.325405120932271 -0.279699336233817 -0.198098987473316 -0.221168185980939 0.0740059745229407 0.149913556059739 0.145718858110662 -0.0271133704197101 0.0634480143451541 0.070387842812831 0.126368956678376 0.154851339751629 0.225562204698029 0.308577477478051 0.163906762614949 0.106903375690049 0.148281394217491 0.111927485546854 -0.0916873014231179 -0.0965108988698571 -0.0683090005721183 -0.107168422311823 -0.073321535522803 -0.0624261589786847 -0.0872625740153024 0.0247831063200039 0.0152081707870161 0.0192940114203086 -0.00123491445514411 -9999 -9999 -9999 -9999 -9999 -9999 -9999 -9999 -9999 -9999 -9999
-0.238648882339854 -0.177020391887849 -0.25800967788737 -0.193545463258312 -0.36343575888396 -0.369674993176069 -0.354087876318356 -0.393370551033327 -0.363836532468118 -0.35587991294297 -0.330597678411764 -0.22933823359136 -0.160948741563717 -0.180879814895124 -0.00053481822427823 0.0640931768265368 0.109128128656815 -0.0108669600951098 0.0514917938312316 0.0984392730213911 0.154741612694819 0.111741617393254 0.211407531514838 0.284423317733205 0.127455577516974 0.15807136678851 0.120733509198763 0.167799443438765 -0.0116311538246236 -0.041943733926285 -0.061396745527867 -0.0663733027114736 0.00501248517145433 -0.0674371833969134 -0.0373666229737097 -0.0254283709073895 -0.00354008499970858 0.0656944904991822 0.084680749155323 -9999 -9999 -9999 -9999 -9999 -9999 -9999 -9999 -9999 -9999 -9999
-0.194205261556847 -0.222012403800079 -0.241383612077402 -0.272571742060545 -0.425286758288115 -0.408416755205373 -0.386551022349973 -0.370354006286596 -0.34147104125827 -0.290499262765981 -0.275412213681515 -0.325962242610279 -0.188077642441956 -0.189778440012484 -0.113633385852447 0.147956410261202 0.199052360478898 -9999 0.0261964623668261 0.0915439505072757 0.0819647506189716 0.102723165946885 0.0869601928326639 0.282929755427595 -0.0711762646918313 0.081262269155639 0.0684995916692126 0.0704474624435019 0.032537759619503 0.0471287433720785 -0.0477770879238376 -0.0483663060972023 -0.0460768242437906 -0.0718582586934216 -0.0247481864821658 -0.0313771390687048 -0.0320048883567486 -0.000919254998150917 0.0470661082438904 -9999 -9999 -9999 -9999 -9999 -9999 -9999 -9999 -9999 -9999 -9999
-0.288621554440458 -0.284554662298693 -0.324277860863354 -0.321808171652836 -0.317063582178114 -0.358024978289733 -0.422252698479028 -0.406248339802092 -0.262276922381081 -0.243413217554895 -0.345249723539587 -0.306162583758188 -0.150488599140328 -0.124258046706925 -0.0865595486016145 -0.125224048082948 -9999 -9999 -9999 -0.0240175404864417 0.0105396170680562 0.029863819083481 -0.064295722463395 -9999 -0.0986434744583818 -0.0178460200383518 0.041870477065553 0.00113647874986582 0.0364551488468687 0.144891125295218 -0.0197348092202788 -0.0657817371283433 -0.0910725887778989 -0.0386877429345212 0.0278189988244878 0.0202890438525313 -0.0287930736405717 0.0103067813440152 0.00329215557209339 -9999 -9999 -9999 -9999 -9999 -9999 -9999 -9999 -9999 -9999 -9999
-9999 -9999 -0.363373789017791 -0.341868047731316 -0.317981707501121 -0.357979388457278 -0.424400712936373 -0.388110648341861 -0.326389502966107 -0.328933408190692 -0.0930712194225152 -0.0791176535385367 -0.0101910633466327 -0.110546235465862 -0.0578400828784523 -0.013518350530516 -0.0750583070725751 -9999 -9999 -0.0931629921389198 0.0170846820316837 -0.0166927138592725 -0.10796887605724 -9999 -9999 0.034823585802725 0.0707530483702472 0.0151778801565583 0.0774749066154075 0.201259825469138 0.0859246337196956 0.0239080347263117 -0.0117959151378641 -0.0663290908593523 -0.00996355445974712 0.0245586220244573 -0.0352681872134631 -0.0235631210030713 0.0153165874276422 -9999 -9999 -9999 -9999 -9999 -9999 -9999 -9999 -9999 -9999 -9999
-9999 -0.0392279714366184 -9999 -9999 -0.328746332836937 -0.422933894587208 -0.366674364061972 -0.344761060238688 -0.387297391241616 -0.285865295297702 -0.20656493104069 -0.230776706103471 -0.0355075969468894 0.133736658549919 0.0869890610062725 0.06013658131389 -0.040157588780916 0.0447238316890138 -0.164498486982527 -0.147277505265996 -0.0784644689999343 -9999 -0.129074964065131 -9999 -9999 0.0365454235171489 0.0455822676119346 0.034312223679384 0.210301714782332 0.178133117085814 0.0812036287215756 0.096385189947488 0.0534247202236643 0.0747142227680408 0.0365803627617 0.0211736650638424 0.108007939029609 -9999 -9999 -9999 -9999 -9999 -9999 -9999 -9999 -9999 -9999 -9999 -9999 -9999
-0.0521308295360831 -0.0491963976250194 0.0712350618074652 -9999 -0.326404414751381 -0.42564743673803 -0.43000685718315 -9999 -0.23528364173527 -0.238660762429825 -0.269796240743495 -0.236468277977777 -0.0297180289575144 0.106552302170365 0.18099357193814 0.0643261260398336 -9999 -9999 -0.134824136324668 -0.178664289472998 -0.140593762989858 -0.141722267653323 -0.19817370199143 -0.167532772118223 -9999 0.0952568291355842 0.0757339152886518 -9999 -9999 -9999 0.0471400690429866 0.0504441004314173 0.0428406962020694 0.0804741875940235 0.0966470129229493 0.120943591150011 0.324400376398041 -9999 -9999 -9999 -9999 -9999 -9999 -9999 -9999 -9999 -9999 -9999 -9999 -9999
-0.116362901213854 -0.000982775149051674 -9999 -0.170102429421827 -0.385399910743104 -0.366671069171708 -9999 -0.362896292423993 -0.355006340983325 -0.267416677882323 -0.311376301429591 -0.153870539547926 -0.0260358771864804 0.116068043991974 0.174974083361134 0.194445183746093 -9999 -9999 -0.080106289256284 -0.123682649887734 -0.109989195431891 -0.128119167686201 -0.254742787609995 -0.253750034288008 -0.278848122929272 0.0980114663576015 -9999 -9999 0.034897473923228 0.0186820569143081 0.049586939480039 0.054651360601229 0.101224331848672 0.0940590116288443 0.226328834793484 0.286274254178972 0.18292936150102 0.120745236817548 -9999 -9999 -9999 -9999 -9999 -9999 -9999 -9999 -9999 -9999 -9999 -9999
-9999 -9999 -9999 -0.245605962632357 -0.348067454777406 -0.347467584453512 -9999 -0.369306121848972 -0.374136789264467 -0.331659502532464 -0.430952375126861 -0.175704904463002 -0.0892624906125954 0.0526729281901171 0.113949681631978 0.220845371083037 0.169162547510849 0.0228671087642843 -0.0155528285191059 -0.0648325353142266 -0.114389627011472 -0.158085105573489 -0.198150214251388 -0.242017383981619 -0.239824091671788 -0.222961795366346 -0.0978254074409772 -9999 -9999 -0.0417875690889549 -0.0435487257428485 -0.0319458559994046 0.108220854010141 0.162941310685522 0.222933742429131 0.251412666533516 0.316439838063979 -9999 -9999 -9999 -9999 -9999 -9999 -9999 -9999 -9999 -9999 -9999 -9999 -9999
-9999 -9999 -9999 -9999 -0.354181830323513 -0.354544569458959 -9999 -0.39218675039287 -0.358294478628106 -0.369094651500773 -0.412901670552186 -0.0773927271821398 0.00203814784555325 0.0110187827587564 0.154647938223224 0.161732765221709 0.170879264513876 -0.00222071391450898 -0.0864933194630371 -0.128938065918878 -0.170989850433736 -0.134865580160371 -9999 -0.297227191969139 -0.200367134303343 -0.150338026023326 -0.115427188255857 -0.0108409326510828 0.0268421099647745 0.00528384122410017 -0.0709142363179858 -0.0335508983309568 0.129778313336137 0.143353253532859 0.240405490171294 0.228995298737558 0.314749750717431 -9999 -9999 -9999 -9999 -9999 -9999 -9999 -9999 -9999 -9999 -9999 -9999 -9999
-9999 -9999 -9999 -0.311897940208651 -9999 -9999 -9999 -0.541426409614541 -0.532781047560254 -0.493876192429388 -0.222840039022332 -0.168902033803634 -0.0585106189471071 -0.00172328023109647 0.107626542167865 0.220412278004368 0.238991873870047 0.0937076076925461 -0.0302325577551111 -0.217725591531938 -0.0793074897757164 -0.0645278891004912 -0.0954138229084064 -0.230817526005105 -0.128539161020539 0.0340915353260804 -0.0159659221110079 -0.04166589022482 -0.00533344973537628 0.0354320749996238 0.143918793478703 0.198088959697726 0.267748088826865 0.226767605650316 0.220176655479626 0.208954291275697 -9999 -9999 -9999 -9999 -9999 -9999 -9999 -9999 -9999 -9999 -9999 -9999 -9999 -9999
-9999 -9999 -9999 -0.370971463042167 -0.368183365877368 -0.395371421399311 -9999 -0.478076883007464 -0.513289224542816 -0.481720443930721 -0.440078244413586 -0.116886921930902 -0.141001655650857 -0.0781363074071 -0.0609390935057008 -0.0219871957338017 0.0229053435348786 0.0141397171818197 -0.163069371469983 -0.143277691379466 -0.0469737374778866 -0.0643991700377569 -9999 -0.077338456391626 -0.0480610630792379 0.0493697422429659 0.171878661786082 -0.0330566555296203 0.024284277852817 0.0528831078297027 0.141221780569815 0.237475045862208 0.251813686540541 0.232476094081482 0.2537850680997 0.237943683557129 0.263097830255762 -9999 -9999 -9999 -9999 -9999 -9999 -9999 -9999 -9999 -9999 -9999 -9999 -9999
-9999 -9999 -0.369507296136176 -0.413348611032091 -0.425467917988656 -0.413239520729582 -0.498310795286849 -0.509485687433734 -9999 -0.390865284581761 -0.389711136844994 -0.42404284389224 -0.334942214747489 -0.151505993476305 -0.158037047520934 -0.160663721150379 -0.0497148081891077 -0.0646521450640393 -0.108654994284983 -0.0660005617460986 0.0593946966754505 0.0955349251549422 -0.156069824890651 -0.151528193759279 -0.20001997008455 -0.185730067360664 0.0755170969198964 0.0639626104069679 0.0571763796089634 0.0559708701707172 0.142053506366027 0.243649483499608 0.27521524555439 -9999 0.300916356134417 0.266647484234143 0.329579870019036 -9999 -9999 -9999 -9999 -9999 -9999 -9999 -9999 -9999 -9999 -9999 -9999 -9999
-0.0228469862172195 -9999 -9999 -0.378420515148802 -0.424489448929201 -0.436602714450919 -0.481422541031249 -0.488692103242525 -9999 -9999 -0.494561891384939 -0.45663321385424 -0.444773431248483 -0.112212878712771 -0.0539701048612008 -0.0903958493096665 -9999 -0.0345361989177008 -0.0387915715491524 -0.0203550540130527 0.0228754305546329 0.0421835657813206 -0.119626959517955 -0.162681548657429 -0.141100741057949 0.154209727606797 0.0907366782182537 0.0569062421033629 0.0297989648814651 0.0843709440703679 0.0843190980427718 0.198961706811777 0.313992634836033 0.297717998672255 0.2826114668405 -9999 0.42495178149349 -9999 -9999 -9999 -9999 -9999 -9999 -9999 -9999 -9999 -9999 -9999 -9999 -9999
-0.0150550486277596 0.0472286934945596 -9999 -0.55711217711275 -0.4993137959872 -0.388463928291937 -0.477659516519471 -0.493347348618563 -0.460808907520866 -0.496490434685003 -0.463201606065717 -0.367476676999467 -0.3203021315228 -0.306118000834965 -0.249322906128505 -0.332989547588843 -0.247544350010264 -0.0119239524882837 0.0248216841320489 0.00454656135198824 0.00716601109735663 0.141612401309761 -0.173165540295346 -0.136293414649596 -0.12142118221643 -0.0396370534660579 0.071025202348027 -0.0156858638069585 0.039558872759325 -0.00990247609596301 0.0456913322005123 0.190519652026007 0.265266853083237 0.351909448056425 0.329209454251375 -9999 -9999 -9999 -9999 -9999 -9999 -9999 -9999 -9999 -9999 -9999 -9999 -9999 -9999 -9999
-0.0962393220271557 -9999 -9999 -9999 -0.451034472381681 -0.459934473814672 -0.445827723207195 -0.394683095119763 -0.513456200179406 -0.469846578120146 -0.451105069278546 -0.169251007253715 -0.331551483060341 -0.314724739656667 -0.258492646320946 -0.307270181633999 -0.281497059160641 0.0400134994858112 0.0869623455018703 0.0401635615798312 0.00560065589149114 0.0369099372024689 -0.251989410864604 -0.130393646529303 -0.0622900765677634 -0.0370134555134816 -0.194568341299732 -0.155247126625556 -0.11366090427729 -0.10108738123536 -0.0585230722856266 0.159439007930052 0.255111053121443 0.276323388089181 0.265291731199201 0.304815086145035 -9999 -9999 -9999 -9999 -9999 -9999 -9999 -9999 -9999 -9999 -9999 -9999 -9999 -9999
