data/rasters/s3.17.05.li.1_xyz_08_.asc
NCOLS 100 
NROWS 100 
XLLCORNER -4 
YLLCORNER -4 
CELLSIZE 0.08 
NODATA_value -9999 
[rows 63 to 83 of 100, columns 0 to 46 of 100]
-9999 -9999 -9999 -9999 -9999 -9999 -9999 -9999 -9999 -9999 -9999 -9999 -9999 0.0978467593875661 0.12007771294815 0.144135338101555 0.13575007055004 0.128276737226508 0.112035754688944 0.133425772527202 0.144208527919426 0.0919193051102848 0.0346526718953953 0.0422042100429527 0.0930552215317023 0.121755577233613 0.112077209345073 0.1031258830751 0.130364581252849 0.183848014271649 0.236185138430554 0.241626750904515 0.162872445232969 0.130286692670499 0.0835720828622941 0.0261737059311774 -0.0861657912214925 -0.10485872428594 -0.153862583063249 -0.167599280677164 -0.135764841393133 -0.147761401296598 -0.182295015703303 -0.199401661339377 -0.188741497995974 -0.179658476809154 -0.176126592378914
-9999 -9999 -9999 -9999 -9999 -9999 -9999 -9999 -9999 -9999 -9999 -9999 -9999 -9999 -9999 0.139931621771841 0.148700764745976 0.143788285121522 0.105954805329974 0.0979968632917174 0.0667263206874811 0.0174797452860459 0.0415579280887446 0.0834998324400512 0.103174274300217 0.178156489069271 0.133600504577924 0.15344893568755 0.104529664827711 0.148628113765684 0.133840733947033 0.137191622056461 0.110740173692969 0.0959282269745815 -0.045719364489456 -0.0677567616312506 -0.0730312207094712 -0.0752390003124847 -0.107715884235515 -0.114958277427221 -0.0873823644569001 -0.0553803101809562 -0.115234186983757 -0.141206462805828 -0.1127183912014 -0.141147084998978 -0.130000002450633
-9999 -9999 -9999 -9999 -9999 -9999 -9999 -9999 -9999 -9999 -9999 -9999 -9999 -9999 0.0904471805994259 0.105796000615762 0.150281068221001 0.146573665716275 0.120230936294411 0.106707941166092 0.0611498493675565 0.0321729274578439 0.0858578580276487 0.101663468548941 0.100804695287025 0.170415908488187 0.123612669255288 0.162135439700266 0.132343686443179 0.176702179500021 0.149665375028756 0.122147804059111 0.0949563164832744 0.0753373224311611 -0.00606131735010711 -0.0573910027866939 -0.0550725448179343 -0.0538062699758338 -0.0707775824045078 -0.0725205062836897 -0.00857288708777148 -0.0121836642442176 -0.0308151704788999 -0.0597315814795175 -0.069035851485276 -0.142987498653238 -0.0140550593059142
-9999 -9999 -9999 -9999 -9999 -9999 -9999 -9999 -9999 -9999 -9999 -9999 -9999 -9999 0.0833174304876328 0.0935831891979531 0.151726388145007 0.151296550243831 0.116230364209598 0.121114548187256 0.0909591695961685 0.0128043684899848 0.0641484749712973 0.118457675680362 0.100660310970934 0.122930676301569 0.123110815441896 0.157381678511126 0.15677177155459 0.139018828444063 0.138620412827794 0.146042198436908 0.0878725138133984 0.0921993752237817 0.0459649925873637 -0.0394557446195071 -0.0576979713416955 -0.0677512033366721 -0.108087999053262 -0.0664938402708453 0.0246885308964344 0.0190536276139758 0.00387940743435843 -0.0100715394371639 -0.0541967651491078 -0.100850467441837 -0.0183093954901313
-9999 -9999 -9999 -9999 -9999 -9999 -9999 -9999 -9999 -9999 -9999 -9999 -9999 -9999 -9999 0.1062252509155 0.14112238995855 0.143816143981144 0.0782697325401683 0.0979745551932428 0.0629419009306838 0.0416091591423178 0.0495297872492465 0.0430957275967812 0.12496368785407 0.107693115432916 0.0757256873617958 0.14045027977625 0.133762597083175 0.124991163141527 0.163478647089478 0.160883342502992 0.0832638436957773 0.0726425059056259 0.0687370231563475 -0.00669619490186573 -0.0378202380968827 -0.057411222505866 -0.144795129258713 -0.0560443327975475 0.00721381925995595 0.0378799348845225 0.0213201821267408 0.0589937826467897 0.00900758760054303 0.00300152635177308 0.066924958356691
-9999 -9999 -9999 -9999 -9999 -9999 -9999 -9999 -9999 -9999 -9999 -9999 -9999 -9999 -9999 -9999 0.0840602529606686 0.150980534882658 0.107578322068143 0.118757954217944 0.0706152622360656 0.0726428094735405 0.0232700089876068 -0.0394827213380689 0.0575312620815739 0.127157996748689 0.109574119046323 0.0435380241174573 0.139800598281394 0.134987700259071 0.15728394639005 0.137953388473793 0.0439635530240463 0.0668054520175384 0.0340570573482664 -0.00700761918702412 -0.0487135466012493 -0.105885280769316 -0.145005225195888 -0.0540088346325223 0.0266603642179552 0.028731618251479 0.0226544601126103 0.0497134220180187 0.0760158279862705 0.0988716951799354 0.00339641879783645
-9999 -9999 -9999 -9999 -9999 -9999 -9999 -9999 -9999 -9999 -9999 -9999 -9999 -9999 -9999 -9999 0.0722005210297691 0.0888014274766592 0.134625976087047 0.120106009012725 0.0876122293640801 0.0752540788148691 0.0604152535032015 -0.0352088284547945 0.0348016331744863 0.0624437351075601 0.0856004269069457 -0.00457834988981132 0.153902282647269 0.132242264042993 0.0896532165243409 0.0361981525871994 0.0156266492540338 0.0226395872199363 -0.0176140290621546 -0.0959233799046494 -0.11505762418259 -0.106235741984376 -0.0793358655916165 0.0293457763135598 0.0628661095037838 0.0234715179396964 0.00503626270955426 0.0204728983580479 0.0304063903533815 0.0868924219893935 0.0269284892390523
-9999 -9999 -9999 -9999 -9999 -9999 -9999 -9999 -9999 -9999 -9999 -9999 -9999 -9999 -9999 -9999 -9999 0.0781254015237053 0.114534287880729 0.115925657968274 0.0858235671941528 0.0884583220012076 0.0772419188485315 0.0241853114819412 -0.000468226921744762 0.0192044811561239 0.0441643564979389 0.0389480420866994 0.15074782426374 0.108842035091623 0.099082188908787 0.0454676206615641 0.0019961989942996 0.00331282759462582 0.0197505883149375 -0.144929605857731 -0.157481926255375 -0.102498493726501 -0.096873489335166 -0.132441134279472 0.01959001978636 0.0635553993479882 -0.00703473165519195 -0.0165554089082419 -0.00684959026031129 0.102214697678144 0.0104369016558863
-9999 -9999 -9999 -9999 -9999 -9999 -9999 -9999 -9999 -9999 -9999 -9999 -9999 -9999 -9999 -9999 -9999 0.0869977905225055 0.0882340756438563 0.0830790468052092 0.104157963202962 0.0832383467067059 0.0360184655417567 -0.00615663145160203 0.00578213200675151 -0.013148438643557 0.00783337412817589 0.0138014842576303 0.0842241702370663 0.0878726255918245 0.0474211669028116 -0.00461409319040466 0.0105376135164073 0.00513845611349824 -0.0216597483667393 -0.128076257663295 -0.150552492606584 -0.143762872763721 -0.163338328093174 -0.145237755845892 -0.0875496672744203 -0.0497977633552175 0.0147650262646447 0.00941336868490121 0.0306601510451382 0.0381640293554591 0.15452266821187
-9999 -9999 -9999 -9999 -9999 -9999 -9999 -9999 -9999 -9999 -9999 -9999 -9999 -9999 -9999 -9999 -9999 -9999 0.14808843971976 0.0919395082218296 0.0931467617210668 0.0653660763445376 -0.032161512117452 -0.0281350372577439 -0.0130723333693419 -0.0201166007563769 0.00608026645522791 0.0521058208228452 0.09726246675146 0.0961694827082745 0.00197429946904027 -0.0337919811303039 -0.0240103145632858 -0.0880763801472638 -0.0830370670335788 -0.104289686012757 -0.116483437318536 -0.111349407576717 -0.117572392612701 -0.132839358348863 -0.0800123216762861 -0.0552796505302135 0.00266532923313419 0.0256416684203381 0.0281376294085109 0.0313660118913732 0.165327449315087
-9999 -9999 -9999 -9999 -9999 -9999 -9999 -9999 -9999 -9999 -9999 -9999 -9999 -9999 -9999 -9999 -9999 -9999 -9999 0.14929224530121 0.094393532510256 0.0420639587103706 -0.002680916016229 0.0318148834979615 0.0444386804678799 0.0232846973740395 0.0318112334776333 0.0615658683323566 0.0748088859334183 0.113691295231088 0.013121328580211 -0.0317372383458121 -0.029219993157218 -0.00591688015988042 -0.127580450167996 -0.115474791781521 -0.0890973410932476 -0.130262000329219 -0.141384113361274 -0.125290250412138 -0.104768596308103 -0.0854147348986428 -0.0642951290476024 0.0306114544444743 0.0618414143877357 0.100040873434953 0.264734725700466
-9999 -9999 -9999 -9999 -9999 -9999 -9999 -9999 -9999 -9999 -9999 -9999 -9999 -9999 -9999 -9999 -9999 -9999 -9999 0.155202019340001 0.05102829541637 0.0411893844481756 0.0668209553778714 0.113475569673434 0.0829200299518875 0.0450744927915305 0.190889672434512 0.13916669043443 0.162047933388911 0.120172727932397 0.0680471653754254 -0.0215239317579949 0.0552303989018342 0.0634848270349589 0.0579268019868151 0.122063725885209 -0.0248975265655413 -0.129122178679263 -0.127646553458693 -0.139010402737337 -0.12528702952641 -0.0503903519344609 -0.0164153259369713 0.0265049672414194 0.0824728420841018 0.306932861357802 0.265280735145896
-9999 -9999 -9999 -9999 -9999 -9999 -9999 -9999 -9999 -9999 -9999 -9999 -9999 -9999 -9999 -9999 -9999 -9999 -9999 -9999 0.0328088441213038 0.033962664966078 0.0638062261629979 0.0837273627273584 0.095176632455462 0.0655087050531027 0.186144898931144 0.182756502801172 0.240926788657231 0.151704172614893 0.163416024493816 0.192096342793323 0.239135317910218 0.267838624830522 0.231276575870884 0.151698967562593 0.0161847310995065 -0.0440109582827259 -0.0714801836214084 -0.102614844782303 -0.073208168108822 -0.035867239353578 -0.0258657213440363 -0.0018284864222032 0.0289909514470607 0.20023336531552 0.210559326178631
-9999 -9999 -9999 -9999 -9999 -9999 -9999 -9999 -9999 -9999 -9999 -9999 -9999 -9999 -9999 -9999 -9999 -9999 -9999 -9999 -9999 0.0437326423677403 0.024270459792898 0.0425079122920069 0.144169689514609 0.0467710407366463 0.172516347689594 0.359621314369275 0.240350545996458 0.257730233008269 0.246865570466231 0.324835730496369 0.318546985002155 0.342624290030168 0.218695297745632 0.113558114896865 -0.00630902560552552 -0.0204774504718315 -0.0696423725425351 -0.0358345765891782 0.00538024782496127 0.0164379723375989 0.0215731321005739 0.0842981685523579 0.0555479037222947 0.139562172665513 0.175598878991174
-9999 -9999 -9999 -9999 -9999 -9999 -9999 -9999 -9999 -9999 -9999 -9999 -9999 -9999 -9999 -9999 -9999 -9999 -9999 -9999 -9999 -9999 -9999 0.251082114122787 0.244916258850721 0.322719783855065 0.288749510609595 0.244517934905725 0.253355042156693 0.301620793640537 0.25503929949843 0.333121679826164 0.37130314873337 0.31531368064161 0.182518925390941 0.0856392520952635 0.127896996610965 0.0257300868328876 -0.0380105721897408 0.0836837822317501 0.0339597198391083 0.0860302061820143 0.0512457011544779 0.15099559490421 0.121677814673018 0.183107628850115 0.164746024508544
-9999 -9999 -9999 -9999 -9999 -9999 -9999 -9999 -9999 -9999 -9999 -9999 -9999 -9999 -9999 -9999 -9999 -9999 -9999 -9999 -9999 -9999 -9999 0.265427066576568 0.262377322821038 0.28211714002894 0.299201845954025 0.296861132483707 0.246185335968322 0.268530132813476 0.23692520029178 0.2990516982477 0.363555519578991 0.33951080925449 0.246109741330528 0.172002937748065 0.0779780802025272 0.0386972174183803 -0.0198376083653946 0.0820742725167027 0.121062695373497 0.136385663390619 0.165168813413176 0.211976498886326 0.252331735075451 0.218227744185153 0.132838876594196
-9999 -9999 -9999 -9999 -9999 -9999 -9999 -9999 -9999 -9999 -9999 -9999 -9999 -9999 -9999 -9999 -9999 -9999 -9999 -9999 -9999 -9999 -9999 -9999 0.280458487748528 0.287486088290017 0.296631811967246 0.273538910188488 0.246701274187348 0.214648700647519 0.22944933723189 0.270196669150241 0.344168000477746 0.309996851452254 0.310560416035257 0.231033878193714 0.103059293217946 0.0671716420477167 0.141836896509702 0.196769512315732 0.141421217858505 0.142033405676524 0.134108959244695 0.159960883818968 0.310585491268611 0.277199746738615 0.127681644810996
-9999 -9999 -9999 -9999 -9999 -9999 -9999 -9999 -9999 -9999 -9999 -9999 -9999 -9999 -9999 -9999 -9999 -9999 -9999 -9999 -9999 -9999 -9999 -9999 -9999 -9999 0.234527980455595 0.215878747296681 0.213873698775935 0.190863491178984 0.211690100673765 0.199534914116132 0.204727960317739 0.244651882702857 0.2775670977542 0.212032308230722 0.116913561352527 0.0981299514825008 0.200441441880931 0.213396466341119 0.195377870965592 0.153044749073727 0.125837586929925 0.152011038828232 0.271993467983158 0.142699825100587 0.150684787809584
-9999 -9999 -9999 -9999 -9999 -9999 -9999 -9999 -9999 -9999 -9999 -9999 -9999 -9999 -9999 -9999 -9999 -9999 -9999 -9999 -9999 -9999 -9999 -9999 -9999 -9999 -9999 0.202600941008776 0.223807659533613 0.222027129283157 0.230779542132081 0.181397662618163 0.189804153758005 0.207241799322782 0.192389238155682 0.20718830894998 0.176174183384478 0.182702898257033 0.205934503336785 0.201558621654974 0.191490400344618 0.190211430215639 0.178478987302425 0.212538280437175 0.275991686114421 0.203410594334107 0.210602596935772
-9999 -9999 -9999 -9999 -9999 -9999 -9999 -9999 -9999 -9999 -9999 -9999 -9999 -9999 -9999 -9999 -9999 -9999 -9999 -9999 -9999 -9999 -9999 -9999 -9999 -9999 -9999 -9999 0.195377559324511 0.205499625667904 0.240227903160831 0.266801614082031 0.239279783541511 0.178795958733854 0.138624127868211 0.164417742628265 0.168872655598227 0.125781242783094 0.160688775286783 0.1973613113399 0.189621429894416 0.22230946322674 0.208626011054725 0.219157243466671 0.213039657306377 0.208350497976063 0.235243847301643
-9999 -9999 -9999 -9999 -9999 -9999 -9999 -9999 -9999 -9999 -9999 -9999 -9999 -9999 -9999 -9999 -9999 -9999 -9999 -9999 -9999 -9999 -9999 -9999 -9999 -9999 -9999 -9999 -9999 -9999 0.311220606795023 0.312231387569843 0.247807468694121 0.215575815481766 0.138982144166224 0.131537405256055 0.12939238884484 0.105988241129715 0.0947983510460881 0.184894620867877 0.170353848402233 0.161302683295085 0.218832838370438 0.240920072408319 0.208574226003007 0.211535201088902 0.243394247861351
