data/rasters/s3.15.06.li.1_xyz_08_.asc
NCOLS 100 
NROWS 100 
XLLCORNER -4 
YLLCORNER -4 
CELLSIZE 0.08 
NODATA_value -9999 
[rows 22 to 43 of 100, columns 50 to 99 of 100]
-0.0410279066054516 -0.0532273997615352 -0.132378023024329 -0.131327218218652 -0.0999912202109739 -0.111940541785009 -0.0973450007504334 -0.090223072692179 -0.0398304921981845 -0.045866989794591 0.0757549423494358 0.137306041426269 0.363749171410152 0.429934459555135 0.355201576610582 0.411765533574017 0.354410051798556 0.344921573070272 -9999 0.0715254938133615 0.0650634484320817 0.022412188352364 0.0615814558586781 0.0596092441936177 0.0709749637314554 0.131428158739017 0.0612654141975243 0.0126023340499671 -9999 -9999 -9999 -9999 -9999 -9999 -9999 -9999 -9999 -9999 -9999 -9999 -9999 -9999 -9999 -9999 -9999 -9999 -9999 -9999 -9999 -9999
-0.0142175523869312 0.00795554882023527 -0.0856652235136744 -0.0653873689721139 -0.0993317919671 -0.109844254700227 -0.0863156209115783 -0.0976081689922773 -0.0856720857460616 -0.0171358979757614 0.157368758130511 0.0902760740113479 0.100526728502462 0.226268550135449 -9999 0.0964491467615758 0.101714873086107 0.0920071985547326 0.115718259753592 0.115502214523359 0.106044383990927 0.0505112906877383 0.0367336238720572 0.0639615490543379 0.101508251246251 0.126396293383774 0.0661683932840889 0.0752525544011346 0.141870800771262 -9999 -9999 -9999 -9999 -9999 -9999 -9999 -9999 -9999 -9999 -9999 -9999 -9999 -9999 -9999 -9999 -9999 -9999 -9999 -9999 -9999
-9999 -0.0399977968614567 -0.0788787275896015 -0.15087317216175 -0.153204021524826 -0.185591449456175 -0.151010184704322 -0.0584468123028444 -0.00753222743221362 0.0652310395362519 0.133817595878004 0.0330124035470222 0.49221999798408 0.368067333253729 -9999 -9999 0.0602550393276056 0.105006950732869 0.121775923166815 0.110483278971419 0.0291848522445867 0.059987248830445 0.0458483777369562 0.0641765635447428 0.11369735889234 0.0965466456592785 0.0946684888653483 0.131990532592937 0.108731043299098 0.0965310035318682 -9999 -9999 -9999 -9999 -9999 -9999 -9999 -9999 -9999 -9999 -9999 -9999 -9999 -9999 -9999 -9999 -9999 -9999 -9999 -9999
-0.0415440586401127 -0.110773155500964 -0.075389141734402 -0.148862520020587 -0.189420192998259 -0.281472619936959 -0.160816112361598 -0.0503145571034289 -0.0241012176694828 0.013082964495048 -0.102076135728198 -0.0851978483940626 -0.0904757754428357 0.440542524719165 0.305776705010871 -9999 0.0453778604619595 0.0629475920131413 0.0929063161407236 0.133256850846559 0.0568899458600792 0.064410644267288 0.025148189240188 0.0241791484086326 0.0559361735805169 0.0171454066022508 -0.0165047583827083 0.112826188336208 0.222244148078667 0.139134938373354 0.160852426154458 -9999 -9999 -9999 -9999 -9999 -9999 -9999 -9999 -9999 -9999 -9999 -9999 -9999 -9999 -9999 -9999 -9999 -9999 -9999
0.00927514809162093 -0.141373050571117 -0.109267315537121 -0.115077066260693 -0.209707505311531 -0.246559277634346 -0.213850642561464 -0.0713984166417654 -0.0533921999185487 -9999 -0.0701053320887078 -0.125179970786823 0.231745058971133 0.271222134214729 0.228756888323664 -9999 0.0385690067628678 0.101266135511933 0.099926601095736 0.071767954230522 0.0589756873725852 0.0819707205929446 0.0761022267626303 0.0812783324284458 0.10678836955332 0.0508269884439929 0.0431585493436251 0.126965698655309 0.0765770476601279 0.200974648879845 0.250329227853718 -9999 -9999 -9999 -9999 -9999 -9999 -9999 -9999 -9999 -9999 -9999 -9999 -9999 -9999 -9999 -9999 -9999 -9999 -9999
-0.050026695285175 -0.0265244991494885 -0.0346498434549788 -0.117634377513719 0.00451619715176363 -9999 -9999 -0.0148867735129076 0.00190401830578082 0.181665976547662 0.24992722706081 0.208923810876159 0.0805874381497303 0.0969853696255256 0.225635715328205 0.205559282780624 0.20473041818804 0.0993900155518048 0.0997379115500698 0.0590520246595285 0.0889230001987494 0.0832979588943275 0.0272131579684945 -0.0097187416951079 0.0807803555546631 0.161856270681769 0.156488158123017 0.134759228760785 0.0957377354945507 0.165556443904291 0.185698295071956 -9999 -9999 -9999 -9999 -9999 -9999 -9999 -9999 -9999 -9999 -9999 -9999 -9999 -9999 -9999 -9999 -9999 -9999 -9999
-0.0268224340157015 -0.0215639289683088 -0.172935436782613 -0.228448775384281 -0.132351030980077 -0.190808754826779 -9999 -9999 -9999 0.151182539491136 0.156552466584289 0.206678895532488 0.21865992777599 0.0794887954799263 -9999 0.192364127002223 0.189209881127586 0.0254027147570565 0.0629708191333947 0.0707507623856481 0.0293906512136739 0.107099699968485 0.0715695349320069 -0.0244822892208319 0.105719931787981 0.181524488805793 0.233307404858159 0.143877784723702 0.162572669786265 0.250490899738537 0.187852233581463 -9999 -9999 -9999 -9999 -9999 -9999 -9999 -9999 -9999 -9999 -9999 -9999 -9999 -9999 -9999 -9999 -9999 -9999 -9999
0.0621351100148303 -0.00256251796441609 -0.0583505394528179 -0.225221395171947 -0.142762387199812 -0.11257764192378 -0.274103930530212 -0.256743821113102 -9999 0.305358503767731 0.185403770451111 0.185484149485111 0.202115999569674 -9999 -9999 0.262522807498551 -9999 0.0530339372169477 0.0551049681380759 -0.037431708859473 0.0212766106971871 0.115496347080721 0.206054207573149 0.27368898084951 0.405864405911238 0.158319175584725 0.20252960888486 0.15181392638411 0.180814782033462 0.333070481776223 0.366286361772553 -9999 0.501482277985261 -9999 -9999 -9999 -9999 -9999 -9999 -9999 -9999 -9999 -9999 -9999 -9999 -9999 -9999 -9999 -9999 -9999
-0.0718136715957006 0.0011950788003503 -0.0447884856794181 -0.0311682230657376 -0.134305649005997 -0.148018702323496 -0.259234554815135 -0.213772715921697 -0.107751333951738 -9999 -0.0295130077091681 0.0752787048963793 0.203236838211897 -0.131220078732281 -0.0595835116339219 -0.0330502210957185 0.00640222596636435 0.0792524240209589 0.0376895938450474 0.112643847420578 0.101839640719242 0.111405527106181 0.079838541313805 0.321858650949318 0.360686178693552 0.229585857731225 0.203688858038218 0.252597949613639 0.302156923370784 -9999 0.441989051352282 0.557231445881447 0.531858439982315 0.653205244036386 -9999 -9999 -9999 -9999 -9999 -9999 -9999 -9999 -9999 -9999 -9999 -9999 -9999 -9999 -9999 -9999
-0.126343876233948 -0.0881531104014323 -0.116441843612717 -0.0874762597282843 -0.145670486296048 -0.21029692153439 -0.228230162600438 -0.257152365880157 -0.184846103114158 -0.0870895184444779 -0.126956902497718 -0.0266106670292284 0.00417191254641523 -0.0674140222879549 -0.0963759365300347 -0.0554319617632699 -0.0480905330097338 0.00934938494026559 0.0186641544507978 0.0939026988654985 0.155313241072993 0.0632125693383487 0.0514973410643201 0.326278569495673 0.278094807921432 -9999 0.301664576685309 0.347585065183461 0.27374914022567 0.339446260655188 0.49905830200175 0.534363618209914 0.549800181709534 0.662402068025486 -9999 -9999 -9999 -9999 -9999 -9999 -9999 -9999 -9999 -9999 -9999 -9999 -9999 -9999 -9999 -9999
-9999 -0.161885003311437 -0.135235457857224 -0.0831164876036681 -0.226535950942105 -0.235964281210511 -0.186169131687906 -0.235834568834164 -0.167392604969729 -0.18113284036647 -0.13429319400821 -0.089909499184217 -0.0539218622515494 -0.0272068920688623 -0.0818206565691212 -0.0819587673527357 -0.0764655899734455 -0.0376208338908879 -0.0132964132075028 0.083800868221479 0.0974815311021418 0.135563950366286 -9999 0.254165809034357 0.313217477387465 0.293322752450098 0.301297724196068 0.320099399601287 0.33963427719367 0.328409329437874 0.39673630582998 0.503206424676292 -9999 -9999 -9999 -9999 -9999 -9999 -9999 -9999 -9999 -9999 -9999 -9999 -9999 -9999 -9999 -9999 -9999 -9999
-0.146836570333766 -0.170344349022612 -0.170025704103116 -0.150880468270842 -0.237093398960797 -0.247524663217285 -0.184670371295987 -0.17850102385962 -0.123590385609676 -0.0578688945894879 -0.0616697001421303 -0.108655274067976 -0.10077671761999 -0.0875300657244454 -0.071255885814561 -0.0764200313659709 -0.0849751779550421 -0.104519191369941 -0.0275023003367151 0.0713621413075307 0.00571306105437585 0.0326845701402446 0.200390512294914 0.316896289636443 0.328369811052639 0.337862426159263 0.358877984942012 0.314944496079689 0.37113578692457 0.370637009250032 0.364808174238984 0.520383153856307 -9999 -9999 -9999 -9999 -9999 -9999 -9999 -9999 -9999 -9999 -9999 -9999 -9999 -9999 -9999 -9999 -9999 -9999
-0.136497391288988 -0.176038179922391 -0.241846495392441 -0.227749242859051 -0.262168712342869 -0.26034923869391 -0.247915451337326 -0.213840094250872 -0.0523885999852807 -0.000872754134636144 0.0168244807849104 0.0388453768916054 -0.0632389432993043 -0.0308862967844151 -0.11879324157 -0.111652406089448 -0.0507149797192986 -0.0303220963627372 -0.00433308769313633 0.0416529966794857 0.0532306416354597 0.0195646086148267 0.0777911074499539 0.199657694250672 0.230316979551579 0.362342074906691 0.357521828529266 0.304772075103114 0.292399959774695 0.327582654076468 0.535175243354212 0.443112375619157 -9999 -9999 0.435325555560771 0.4942110933133 -9999 -9999 -9999 -9999 -9999 -9999 -9999 -9999 -9999 -9999 -9999 -9999 -9999 -9999
-0.0890497535968646 -0.145961142766094 -0.209598060638437 -0.183065648233232 -0.215960902955831 -0.227797440897532 -0.222825976255854 -0.173372806953238 -0.0458488470480283 -0.148378121681844 -0.15036146504263 -0.0737425327401541 -0.0603721828256293 -0.0234804083770109 -0.102748246184563 -0.0876830593771305 0.0625284842918254 0.0366643830692044 -0.065408975716866 -0.0634007129146378 0.0630803200396959 0.028841184196596 0.0411989706929103 0.109757133511426 0.0463241065570568 0.15821503149131 0.341904008045596 0.287619894291465 0.283965373142336 0.361696498181014 0.412589999020108 0.451078253875575 -9999 -9999 -9999 0.440126814287256 -9999 -9999 -9999 -9999 -9999 -9999 -9999 -9999 -9999 -9999 -9999 -9999 -9999 -9999
-9999 -9999 -0.208879101022098 -0.19485492280593 -0.204759849263491 -0.245739731089069 -0.255622912210088 -0.191786540528641 -0.161615012188363 -0.184907116169717 -0.187711756116042 -0.0941912568569292 -0.10986640120083 -0.113101286591489 -0.0440944727444947 -0.120166817231148 -0.0436593902911365 0.101788688532209 -0.0383446353957785 -0.09277821719971 -0.0946184517955945 0.038460799518794 0.0617161853140994 -0.119960559889137 0.0775832044378768 0.0990261873300172 0.2883968979471 0.294491684200092 0.307135224149052 0.318253561906357 0.397348299204101 0.451071927487363 0.474957699721294 0.516303962842004 0.678634387946301 0.769555930041156 0.654769453547773 -9999 -9999 -9999 -9999 -9999 -9999 -9999 -9999 -9999 -9999 -9999 -9999 -9999
-0.297167067897468 -9999 -0.221026592077905 -0.197818357140654 -0.173936930400533 -0.269423478012154 -0.179892560397405 -0.187538244903021 -0.0986885562633146 -0.184168268941675 -0.065013708522047 -0.0756123715628856 -0.113276891988782 -0.0708669076015314 0.0133881497812215 -0.146593568299914 -0.069170500285562 0.0701805263195789 0.0402975803866153 -0.115748175852286 -0.126954394803706 -0.0406659143160369 0.0172014610777888 -0.0768664830710719 -0.052618157473644 0.0859265846992442 0.238698198516307 0.25803092226916 0.298250648130608 0.325569950063331 0.341874263213362 0.461216121169557 0.461947436200315 0.633548135855503 0.653446043826855 0.646610567977788 0.555309079279693 -9999 -9999 -9999 -9999 -9999 -9999 -9999 -9999 -9999 -9999 -9999 -9999 -9999
-0.164720321463962 0.0491133851037365 0.00833375321041526 -0.173470865520889 -0.154294905928689 -0.184097570220048 0.0261856570716837 -0.114838349548746 -0.0533549919797821 -0.043595771720343 -0.0010222123790403 -0.0471511909227406 -0.0578558523274718 -0.0829895569978963 -0.00683842627657771 0.0142677183100407 -0.00704021890300498 -9999 -0.0549201272493667 -0.0577672030603372 -0.126915778173828 -0.0960095668504777 -0.084873048225511 -0.120375057985256 -0.0764542553836695 0.0435997280345522 -0.00212315668927348 0.0546678569305984 0.0599792225165874 0.197847777324683 0.302933115293655 0.368789848118093 0.461775898375987 0.595748495093215 0.727257951236738 0.657531903808967 0.539973919744087 -9999 -9999 -9999 -9999 -9999 -9999 -9999 -9999 -9999 -9999 -9999 -9999 -9999
-0.130119669255758 0.00255029994941135 0.1140670066231 -0.181472663099729 -0.17705271316559 0.0703970691713944 0.102394466067034 -0.138823769168101 -0.104054404906573 -9999 -0.0549587415275899 -0.112108264928952 -0.0357893407359085 -0.0364597434768106 0.0253096481039867 -0.00228725408855006 -0.073622315232154 -0.0981825564632719 -0.0558713325331711 -0.177091109332654 -0.228223160149802 -0.213295734195036 -0.116423910748152 -0.0709813461468844 -0.0605716569722298 -0.0253291965769345 -0.166385647612712 0.0130548094240576 0.0842274434553985 0.0362846768682938 0.207503598204573 0.279996182307143 0.431816688090678 0.630393395678353 0.653947260927479 0.464323475543283 0.461770414622058 -9999 -9999 -9999 -9999 -9999 -9999 -9999 -9999 -9999 -9999 -9999 -9999 -9999
-0.219511382951631 0.0192930200913779 0.118908795775401 -0.109301756839195 -0.184978345062875 -0.139854015912069 -9999 -0.102376680411424 -0.0716641359521531 -0.0155841282654736 -9999 0.198630484494456 0.0457604672035113 0.0500704169879268 -0.0197601938375652 0.0479543785013007 -9999 -0.173133658098745 -0.143506363593624 -0.194470527662619 -0.241531021179685 -0.225632280783635 -0.204739630224673 -0.251007824976534 -0.0822472615538684 -0.197812163090696 -0.162468798930932 -0.0263274192354718 0.161320346098179 0.121518800803887 0.0964960873970266 0.19014869938682 0.29579923497088 -9999 0.496148283366633 0.294607636898881 0.573953032184479 0.605931044705289 -9999 -9999 -9999 -9999 -9999 -9999 -9999 -9999 -9999 -9999 -9999 -9999
-0.232280943100443 -0.105932954273037 0.117011716324105 0.133518962308394 0.15811639076341 0.155408805459308 0.143656645997812 -0.0194857447876296 -0.0191233259075577 -0.0418638064120084 -0.0605053159360327 0.131838319809304 0.0749534573228421 0.132462797229503 -0.00349170039967099 -9999 -9999 -9999 -0.144654170072037 -0.161640424896665 0.00181559254102351 -0.0203501600983577 -0.238177246854467 -0.259386897955 -0.100847017887023 -0.144050087996596 -0.134998275853167 -0.110756777018605 -0.15032747850126 0.0103125400464432 -0.0981439050981655 0.170591143499589 0.281588470921223 -9999 0.607226373721702 0.327383552063698 0.388143243869098 -9999 -9999 -9999 -9999 -9999 -9999 -9999 -9999 -9999 -9999 -9999 -9999 -9999
-9999 0.0936255933543701 0.0644790032712966 0.102223624378073 0.123265436475096 0.115234417373145 0.0932087586690181 -0.0163622861785709 -0.0130387970855665 -0.0868883209407806 -0.0689350108852494 0.0970331062012707 0.0152106061015795 0.207431160189615 -9999 -0.0501273644816734 -0.0470143662490611 -0.0433327921295844 -0.233572120952148 -0.204920532938115 -0.258679378903507 -0.283516948718604 -0.257422500405815 -0.228659429814438 -0.269368425490502 -0.195961036128991 -0.0689126484955168 -0.0906450488367367 -0.0766976443172753 -0.0684815438298127 -0.0575181919126516 0.310035001563438 0.311466369530356 0.309857976053719 -9999 0.386947802873563 0.322498739203855 -9999 -9999 -9999 -9999 -9999 -9999 -9999 -9999 -9999 -9999 -9999 -9999 -9999
-9999 -9999 -9999 0.0768744317909246 -0.0327175775971842 -0.108465873777975 0.0457031641536752 -0.00630669357823926 0.00473452037193711 -0.00536957686886931 -0.0225496133623695 0.0518088643465449 0.115733950780862 0.172767950713293 -0.0396601483203741 -0.0308749723064379 -0.0708544223943678 -0.112705996827384 -0.264914069838565 -0.239636629837232 -0.287344434314719 -0.289408573776317 -0.277813381220099 -0.262954534393731 -0.205436125055106 -0.245011506868552 -0.0543926878904441 -0.0123907932094801 0.0180103411644391 -9999 -0.0438507725398344 0.120682371109902 0.242022437052209 0.178253396488787 -9999 0.33195355011094 0.427546173896573 -9999 -9999 -9999 -9999 -9999 -9999 -9999 -9999 -9999 -9999 -9999 -9999 -9999
