data/rasters/s3.13.06.li.1_xyz_08_.asc
NCOLS 100 
NROWS 100 
XLLCORNER -4 
YLLCORNER -4 
CELLSIZE 0.08 
NODATA_value -9999 
[rows 63 to 83 of 100, columns 49 to 97 of 100]
-9999 -9999 -9999 -9999 0.232455406800091 -9999 0.11882859576135 0.110523439231649 0.125707525842181 0.215492785160211 0.204389970419012 0.22707000111469 0.10938841339042 0.150658060086457 0.219310171837056 0.186148107305345 0.15627932699617 0.121722791072144 0.0726513569650526 0.0979000099223244 0.0691811852485534 0.147839901055384 0.0555642450700086 0.0159190156729038 0.0142038970019976 -0.124585515026203 -0.143871963153367 -0.0537442942327532 -0.0401392396931482 -0.0540231694122049 -0.130789485706557 0.0142570507098951 -0.0705199336363914 -0.178804314883554 -0.0116481686326798 0.0316182248859257 -0.00128313798946732 -9999 -9999 -9999 -9999 -9999 -9999 -9999 -9999 -9999 -9999 -9999 -9999
0.247653887053128 -9999 0.391114972826407 0.24172235426546 0.227311206504223 0.233278591481214 0.112569154750072 0.104608869515757 0.126909874840353 0.186156799667961 0.19007552784174 0.170579685442916 0.104296639246005 0.110557946202804 0.268259128633819 0.120445938846199 0.118383827368555 0.185845958674075 0.212967945203011 0.112411861616162 0.166726395564912 0.0718997295908761 -0.0428939211759423 -0.086532982187552 -9999 -0.20477682695854 -0.131961349422279 -9999 -0.0756147756562588 -0.119591033992228 -0.00431464032767442 -0.118833314956984 -0.0724161500371467 -0.138169724208788 -9999 -0.0431043901726188 0.0329415977213132 -9999 -9999 -9999 -9999 -9999 -9999 -9999 -9999 -9999 -9999 -9999 -9999
0.287859601145726 -9999 -9999 0.146501281423397 0.178632853527664 0.168383995635672 0.16134376896507 0.144035281860028 0.170129181277027 -9999 -9999 0.14443050388834 0.130664188343401 0.0646396588682136 0.10214771075847 0.0736995677828914 0.274568863844461 0.195769003010058 0.214609319505845 0.0822549116935408 0.119672379055713 0.0842402206167627 0.0624296685528012 -0.029638317977089 -0.10096784241327 -0.0253733843124362 -9999 -9999 -9999 0.114237694804701 -0.0547836435607685 -0.0686154696876344 -0.161280163734793 -0.150673236835679 -9999 0.0287310373872024 0.0734967994211703 -9999 -9999 -9999 -9999 -9999 -9999 -9999 -9999 -9999 -9999 -9999 -9999
0.25922849418213 -9999 -9999 0.311572748487039 0.280496933555855 0.159551341809953 0.167579508423069 0.105283600568222 0.243670557378213 -9999 0.167638624432893 0.33910800813834 0.117515797963259 0.0369923143350968 0.139061776198686 -9999 0.230221179485997 0.127345267416132 -9999 0.0917679576591225 0.0451381527310502 -0.0301574467439307 -0.0414177990261442 0.242337588999401 0.200866406759661 -0.095673410082851 0.117368646138638 0.11624504584725 0.0101582585648803 0.0276881934735419 -0.00605313327929505 -9999 -0.0716258124861174 -9999 0.0235041653635646 -0.078115875045028 -9999 -9999 -9999 -9999 -9999 -9999 -9999 -9999 -9999 -9999 -9999 -9999 -9999
0.198968527834331 0.141302241886167 0.237094664894083 0.238997993549756 0.254126147796649 0.28716394232615 0.180582684792884 0.103559011416945 0.116387069970943 0.275803755279865 0.233585093159192 0.233046742490024 0.332228282484634 -9999 0.153139872447322 -9999 0.07522313372298 -0.00923777509753275 0.0346929133482766 0.0659842166130603 0.02924973600798 -0.0684972133153366 0.0267488155929776 -9999 0.326767810854459 -0.0411088030092165 -0.103989134674251 0.0405342665732915 0.0323990845975439 -0.00552350019207531 -0.085699296163186 -0.0764044659893593 -9999 0.0657143765437565 -0.00091908983025952 -0.0166161263785363 -9999 -9999 -9999 -9999 -9999 -9999 -9999 -9999 -9999 -9999 -9999 -9999 -9999
0.141658541682171 0.239783769684327 0.178328594985442 0.216511381531615 0.102377269493635 0.112282811104833 0.295305575638534 0.189821358880878 0.268171592692744 0.316273393174486 0.293398923459716 0.30151109663218 -9999 -9999 0.13659777550142 0.111091075418953 0.0754551720501525 -0.00135772945216966 0.0200801836721047 0.0407951133367044 0.0440286576240026 0.031412456234994 -0.0153158686989422 0.029066662663668 0.100026829781525 0.0160991468337358 -0.0598825608567489 -0.0276704275854559 0.00038371334767264 -0.128568271658895 -0.129814864764634 -0.0664775781505931 -9999 -0.0116960253754824 0.013914887923802 -0.017285061133551 -9999 -9999 -9999 -9999 -9999 -9999 -9999 -9999 -9999 -9999 -9999 -9999 -9999
0.171696783971951 0.246708125004611 0.151950774747914 0.198834855017036 0.197749687014099 0.134589399435619 0.213518320441471 0.197006255959401 0.252609797633991 0.290746406394423 0.251802891841326 -9999 -9999 0.166419473216557 0.103099719210798 0.128000665841302 0.0891166205988654 0.0407581110065805 0.158181575864028 -0.0510142359834315 -0.0413258720233077 -0.0131743776879838 0.0485010550248314 -0.0516357074009261 0.0194024939216778 0.0106902121402795 -0.0192929912699377 0.0327259586219154 0.0096044142839321 -0.172943622021537 -0.071454080859143 -0.0287154742705055 -9999 -0.00701635858308383 0.048055205327872 -9999 -9999 -9999 -9999 -9999 -9999 -9999 -9999 -9999 -9999 -9999 -9999 -9999 -9999
0.169121364192152 0.218208565746583 0.113323753307418 0.113554923075832 0.0667864230255735 0.320663052436632 0.177902370270821 0.211374453467599 0.157657319382121 0.294119025949634 0.159100903567533 0.115958940843025 0.160291199394739 0.177543808172807 0.182969749663169 0.132756105503069 0.140770649840158 0.0486939296848272 0.0423966968784495 0.0626176284427383 -0.039372790031422 -0.0333144804988968 -0.0126771860217941 -0.039599931072771 -0.0789333137827755 -0.0123157737789494 -0.0353917588898181 0.0212091343252366 -0.0292741218577925 -0.0800637992684734 -0.142587095293846 -0.196474454297906 -0.125120118294878 -0.022091280821494 -9999 -9999 -9999 -9999 -9999 -9999 -9999 -9999 -9999 -9999 -9999 -9999 -9999 -9999 -9999
0.120699230726284 0.151455255296792 -9999 0.0921397138955739 0.063166420972934 -9999 0.1913867645433 0.187706989423262 0.18132078468659 0.209531260952222 0.118055409841117 -9999 0.148672541014509 0.217928706883953 0.113103238915496 0.0446012794726753 0.125404638150386 0.0215615236075909 0.0221972461082559 0.0750490950426442 0.0294425675183212 -0.155363821622862 -0.152652331957171 -0.0918747865257601 -0.158340331862384 -0.103016795859512 -0.020361479623642 -0.019105221151386 -0.133002110131215 -0.125922396255036 -0.115114410876403 -0.144531615527815 0.16338835683609 0.0337218815172644 -9999 -9999 -9999 -9999 -9999 -9999 -9999 -9999 -9999 -9999 -9999 -9999 -9999 -9999 -9999
0.0890404178820607 0.128424133287278 0.143964525740756 0.092709471502214 0.1809746621075 0.169427006814096 0.0898907044368159 0.130816698301083 0.12126953563708 0.161478517721483 0.0973066057425431 0.321130095109662 0.192774071219192 0.193447389170607 0.150295241710271 0.0452611221224836 0.084978125056278 0.00771990932677602 0.0134858051750042 0.0598007112229171 0.0467266947178107 -9999 -0.127235201331726 -0.103518434965432 -0.0843473333556065 -0.136624404424196 -0.0165929890952086 0.0715592642685857 0.0514765135267051 -0.195383259900155 -0.235799377512228 -0.173536793613298 -0.0741235411452263 -9999 -9999 -9999 -9999 -9999 -9999 -9999 -9999 -9999 -9999 -9999 -9999 -9999 -9999 -9999 -9999
0.0873849950807175 0.0862084049645537 0.149068572719886 0.0764646551347348 0.111055355228704 0.12969787458377 0.169933797953966 0.124346293479769 0.11171394036179 0.0836540151390146 0.0340004177064851 0.271568254257863 0.319304226190905 0.123897194417896 0.123781566271924 0.069291756764822 0.049967927475504 0.0053307058809483 -0.00597013974391649 -0.03210622882335 -9999 -0.0261517194605783 -0.102548702319883 -0.0616779261617745 -0.0595332428649681 -0.0544625997999825 0.0348521244098319 0.093191090310255 -0.246682991498811 -0.230236717389669 -0.2467538229766 -0.120193388953994 -9999 -9999 -9999 -9999 -9999 -9999 -9999 -9999 -9999 -9999 -9999 -9999 -9999 -9999 -9999 -9999 -9999
0.117690519362254 0.0996857993447268 0.11327492560704 0.175145584393168 0.145938496206604 0.220513474296655 0.285615783977166 0.110943388133815 0.0634930909557035 0.079973692606661 0.132095459787429 0.174364790617528 0.278501817709392 0.179697076630159 0.0566778213537149 0.121536951157401 0.0216244471851041 0.00401715034394686 0.0266917959829583 0.0479292770213461 0.164726036561106 -0.0106715374724548 -0.0327797799106201 -0.142076685726469 -0.107972364951192 -0.160880686322349 -0.0994867322826007 -0.252432285993726 -0.230414945491251 -0.286628200179319 -0.269668789215291 -9999 -9999 -9999 -9999 -9999 -9999 -9999 -9999 -9999 -9999 -9999 -9999 -9999 -9999 -9999 -9999 -9999 -9999
0.084991330843458 0.0843269617609781 0.124377147453391 0.181889701676772 0.162495186423191 0.221412324752117 0.398501653031795 0.253409868509951 0.144604226266558 0.211893495602286 0.124197755396156 0.146301470974599 0.159584054761789 0.14736239231691 0.128654604864586 0.0770099495653315 0.0875773159432671 0.120681864238776 0.0691263838417876 0.0641561274309153 0.0753393492580431 -0.034141634423141 -0.103053365624395 -0.150946739864277 -0.132269604159821 -0.251927870704793 -0.200641986756422 -0.260431224568292 -0.225778536779037 -0.274858085474473 -0.265408854431107 -9999 -9999 -9999 -9999 -9999 -9999 -9999 -9999 -9999 -9999 -9999 -9999 -9999 -9999 -9999 -9999 -9999 -9999
0.136640094912733 0.119373627328547 0.131707253589827 0.127879063413306 0.18996783257941 0.191278499096905 0.386014045232989 0.340231922667463 0.297993830211342 0.20761322602209 0.175718802770641 0.225150926168266 0.307048305847969 0.0286892668346723 0.0786462013798339 0.0477347788675013 0.052952188127061 0.0763934043224761 0.100838844329842 0.0500458552393519 0.0680883737813563 -0.016431519119718 -0.0874862225113692 -0.106805579512083 -0.187468518995846 -0.262237681194785 -0.230440838908127 -0.339980308499733 -0.254948122502671 -0.222110380696555 -9999 -9999 -9999 -9999 -9999 -9999 -9999 -9999 -9999 -9999 -9999 -9999 -9999 -9999 -9999 -9999 -9999 -9999 -9999
0.113955565038728 0.0695223417490901 0.0573977200545304 0.00987668106671051 0.109649585507141 0.101191477686948 0.218338993337495 0.280493253080351 0.214614645997149 0.409099235034432 0.372138265144815 0.268306025876704 0.065620494459341 0.110621960481316 0.09415999089306 0.098200921939364 0.0966061338531384 0.0272572638615122 0.0706660316124288 0.00441961175897871 -0.13671892829976 -0.130667903038073 -0.178072883637093 -0.217563752061571 -0.245178635857639 -0.298775338540202 -0.199829469754622 -0.2606597011653 -9999 -9999 -9999 -9999 -9999 -9999 -9999 -9999 -9999 -9999 -9999 -9999 -9999 -9999 -9999 -9999 -9999 -9999 -9999 -9999 -9999
-0.000216511915333777 -0.084058948965967 0.0356838103610326 0.0839363619032377 0.0960218432149212 0.0377315121941407 0.158169554705749 0.257979653286376 0.310147574616059 0.345739426688945 0.392026446855224 0.159885225625203 0.11209984016329 0.127519838091674 0.128559467829257 0.0119115572690703 0.0234592611485209 0.0140919277502154 0.0690623623362417 0.07247965485007 -0.0418710684618236 -0.12574573852758 -0.165504209426452 -0.200724396484509 -0.133950094492102 -0.206502287403114 -0.24154212917915 -0.327210322597183 -9999 -9999 -9999 -9999 -9999 -9999 -9999 -9999 -9999 -9999 -9999 -9999 -9999 -9999 -9999 -9999 -9999 -9999 -9999 -9999 -9999
0.0607329174391377 -0.04328647607694 -0.0311013457585856 0.0319090025606422 0.120752068629683 0.0986591880592747 0.168022203151172 0.215514201788157 0.223334908491632 0.248477285816145 0.328321240464453 0.266469702411322 0.199029703050751 0.137527608157668 0.0834086906565123 0.228546317921505 0.0806520677426829 0.101070139924079 -0.0749062353462448 0.0173230167618435 0.067510908425332 -0.129447014134763 -0.164062345943437 -0.184469862347482 -0.144598320679143 -9999 -0.149180117541667 -9999 -9999 -9999 -9999 -9999 -9999 -9999 -9999 -9999 -9999 -9999 -9999 -9999 -9999 -9999 -9999 -9999 -9999 -9999 -9999 -9999 -9999
0.167062743015448 0.000303046577699773 0.0749235198735576 0.0324110544683683 0.0598561406181562 0.124910971481078 0.207060304058223 0.147938944528866 0.201306361857803 0.119545209570438 0.145555108959726 0.180285169146634 0.17824785654978 -9999 0.123691242564683 0.142342093401713 0.067605412947952 0.0315859935059049 0.00366808470711648 -0.0569284508228644 -0.0233990633256084 -0.0135263379886084 -0.077880723218328 -0.0930772985305685 -9999 -9999 -9999 -9999 -9999 -9999 -9999 -9999 -9999 -9999 -9999 -9999 -9999 -9999 -9999 -9999 -9999 -9999 -9999 -9999 -9999 -9999 -9999 -9999 -9999
0.0238626132180755 0.206049634977096 0.0900971730775694 0.00203452022485634 0.0565589423141546 0.268067389432287 -9999 0.207349151522603 0.160265306458994 0.135569367104489 0.147328066486038 0.0278301462631659 0.248028279370573 -9999 0.0888491514524688 0.0701580574354637 0.02215434066191 0.0563582220703764 0.00747160005859617 -0.0586309702695374 -0.0702887800767956 -0.10791208788611 -0.116959432032326 -0.133233169439674 -9999 -9999 -9999 -9999 -9999 -9999 -9999 -9999 -9999 -9999 -9999 -9999 -9999 -9999 -9999 -9999 -9999 -9999 -9999 -9999 -9999 -9999 -9999 -9999 -9999
-0.04379899240062 0.0745204108118909 -0.0189415781283081 0.0421983096268429 0.114068541634972 0.202898358764566 0.217730129456208 0.12627661187738 0.137573389554438 0.0926397681972551 0.164609878854426 0.229423570909551 0.200790452908069 0.211256975561674 0.0648342562171843 0.0857024719941287 0.0977026421363006 0.117366526568037 0.114953209320287 -0.00339097817522813 -0.0686944726207741 -0.131851771741419 -0.148263875440583 -9999 -9999 -9999 -9999 -9999 -9999 -9999 -9999 -9999 -9999 -9999 -9999 -9999 -9999 -9999 -9999 -9999 -9999 -9999 -9999 -9999 -9999 -9999 -9999 -9999 -9999
0.0234435856765446 0.0634033777575669 0.0485533711005378 0.0727899218024474 0.0990331286167011 -0.0151918828541814 0.0649818482620388 0.076752328499879 0.11368672704628 0.147055021833519 0.170011212645777 0.127027615103557 0.211649220650262 0.253283008037911 0.183719908737681 0.119110545009152 0.131802581943948 0.133290248258264 0.140334259450012 0.170331300169065 0.0455348665089396 0.0878578683394208 -9999 -9999 -9999 -9999 -9999 -9999 -9999 -9999 -9999 -9999 -9999 -9999 -9999 -9999 -9999 -9999 -9999 -9999 -9999 -9999 -9999 -9999 -9999 -9999 -9999 -9999 -9999
