data/rasters/s3.17.05.li.1_xyz_08_.asc
NCOLS 100 
NROWS 100 
XLLCORNER -4 
YLLCORNER -4 
CELLSIZE 0.08 
NODATA_value -9999 
[rows 42 to 62 of 100, columns 0 to 46 of 100]
-9999 -9999 -9999 -9999 -9999 -9999 -9999 -9999 -9999 -9999 -9999 -9999 -0.0440603894707373 -0.0504744700704125 -0.0898478979145584 -0.105313257746834 -0.0855635388834182 -0.0786256972344317 0.095071686808347 0.0910579695679429 0.190386796444643 0.0567156707220176 -0.000375522568290772 -0.00311260630212319 0.044519834739813 0.0335315318793708 0.0938155726789714 0.0757502899083493 0.0336508806950559 -0.00376805002782629 0.0670590599372133 0.199296528387229 0.159907663438927 0.0404772770353861 0.0219667075267004 -0.0297627298444876 -0.156394396929568 -0.165093410020824 -0.142431362905422 -0.17881784114782 -0.126928715399646 -0.1038053780883 -0.0648050932571701 -0.0322001680405522 -0.106468169333294 -0.17450571532272 -0.152589875059554
-9999 -9999 -9999 -9999 -9999 -9999 -9999 -9999 -9999 -9999 -9999 -0.148030633304488 -0.106034306482771 0.00760713082942857 -0.127114893972551 -0.130448198601415 -0.091495322627919 -0.0614800103282416 0.00494253942641644 0.046400793333677 0.0858960203227313 0.145061348471172 0.114709753168144 0.0781194420515068 0.0291018388685507 0.0420197016572051 0.110898081127124 0.0839958118766399 0.021348332560889 0.0523688002461554 0.2024469881162 0.220238220620754 0.250514461927402 0.0697017848614628 0.0561567119063563 -0.0708622162048118 -0.118517621485397 -0.0598308788458124 -0.111407610002866 -0.15698327050972 -0.170560476643558 -0.164448266310227 -0.0297140175243372 -0.153933644179101 -0.173946296738166 -0.152316370744767 -0.180952251455366
-9999 -9999 -9999 -9999 -9999 -9999 -9999 -9999 -9999 -9999 -9999 -0.0987902824325882 -0.101537585283759 -0.105279546227603 -0.180945706908015 -0.150712070188857 -0.120174202481281 -0.0933312708497976 -0.0181529365736092 0.0416480686042887 0.110717275165041 0.226831342558235 0.13505876854752 0.117812532777611 0.0491234440298985 0.0447018008845603 0.0651289814297211 0.0560596890397217 0.0203501244250454 0.123056095414105 0.202714683222582 0.196137421003015 0.22389484750156 0.197416726770412 0.0553821999464327 -0.0975844624212603 0.062054157980514 0.0700620523788704 -0.0537104140087466 -0.101141564715006 -0.127295015190823 -0.123059567586268 -0.14930725950322 -0.144909997659092 -0.134905719294759 -0.148325828713779 -0.190132148657017
-9999 -9999 -9999 -9999 -9999 -9999 -9999 -9999 -9999 -9999 -9999 -0.0479829711069425 -0.0535835594175735 -0.0585180993598151 -0.107005568420687 -0.100249657260467 -0.0976519275209979 -0.060846760700378 0.0241455533807117 0.110656288387742 0.159930902951376 0.123003917280224 0.117709056807762 0.105566304052105 0.036437542205131 0.0369678143854117 0.0304542762743449 0.0259486680174828 0.0305056338471677 0.0812438356538542 0.186751879632021 0.190369915153984 0.228191001870103 0.254915620221134 -0.0537077681264486 -0.041209731863248 0.0306014215515384 0.082657096133286 -0.035796447730713 -0.0456181678150394 -0.0882766049293781 -0.076611257766149 -0.0725912806967083 -0.095194267338124 -0.128579342138727 -0.167182066558498 -0.183323763789179
-9999 -9999 -9999 -9999 -9999 -9999 -9999 -9999 -9999 -9999 -9999 -0.104564791805071 -0.0594214645007243 -0.0202886803754155 -0.0459405989757633 -0.0817557242094941 -0.0718355306686884 -0.0462362146344748 0.0384547110378383 0.12310301221603 0.143466991550634 0.0700549379290894 0.0219789868897999 0.0596544291525576 0.0315003671355746 0.0355529635815541 0.0309958342649425 0.0484890671571312 0.0826600523382442 0.0910664811598395 0.12912323628781 0.192680424091935 0.190736358156125 0.0123393601849869 -0.0203260024441338 -0.0184772333152584 0.058242948687021 0.11079960480313 0.0693299508313942 -0.0477430211196571 -0.112351660549559 -0.101985568628401 -0.0583442949291756 -0.101926750612861 -0.205074014797622 -0.152484600595674 -0.146915686165953
-9999 -9999 -9999 -9999 -9999 -9999 -9999 -9999 -9999 -9999 -9999 -0.0600031667239635 0.00518272017109327 0.0518627430706141 0.0358218521704439 -0.051623712049988 -0.0302288429582169 0.0142706279314446 0.042329537436973 0.109154881421662 0.10958843053868 0.0752196840815897 0.04706907173858 0.0806801545267695 0.0926400401688982 0.0721078491731649 0.0336196051908147 0.0586892741963205 0.097251453375357 0.129760169359617 0.173854595553108 0.190784441688064 0.127385400687922 -0.0286282923864507 -0.0644991050859241 -0.0178369002685996 0.0807858183499598 0.104796858646833 0.0659582973993337 -0.0479822726189874 -0.108886157394329 -0.100493249180997 -0.082231583780501 -0.125730843182045 -0.206501195546815 -0.133855143927386 -0.0757813038797627
-9999 -9999 -9999 -9999 -9999 -9999 -9999 -9999 -9999 -9999 -9999 0.0817076821127783 0.0270780347052233 0.0992495035815916 0.00587790609757047 -0.00642239754188328 0.0621162073909943 0.0311765179233177 0.0474453166254003 0.0976732992907023 0.0477376031148616 0.0843750849522545 0.0789373313289623 0.0763789537224766 0.0786207089574223 0.0503733681768296 0.045378032866462 0.0302829724657691 0.0594156189971081 0.0990705215686219 0.116750983165775 0.195669872769289 -0.0226557317289178 -0.0417930409477387 -0.0797289350367247 0.0146367063169366 0.083655022932958 0.102190082002884 0.0350787868805289 0.014995269142907 -0.0904376042513966 -0.095108585119712 -0.151406933777009 -0.144379079515041 -0.121077585637668 -0.136919097775309 -0.0974951373606918
-9999 -9999 -9999 -9999 -9999 -9999 -9999 -9999 -9999 -9999 -9999 0.0684388459733495 0.10710168994938 0.102264394513496 -0.00694267451175929 -0.0660231923584435 0.057696104500153 0.030409566251426 0.023981960168782 0.0539063645284969 0.0455115785295625 0.047597065230834 0.0458305543198376 0.0442029965125577 0.0811023252970042 0.0594311710790381 0.0369787431265959 -0.0458371177328953 -0.0578566499187823 -0.0448567347790352 -0.0261047096393213 0.0627367137173986 0.0229419707534967 -0.032888483647582 -0.0463938773326906 0.050117907486881 0.0997976872990854 -9999 0.0579386043604168 0.00216947838492334 -0.0785976964846349 -0.120207873114566 -0.162322442380394 -0.153062086622358 -0.108888221185492 -0.19462005639749 -0.129323778521741
-9999 -9999 -9999 -9999 -9999 -9999 -9999 -9999 -9999 -9999 -9999 0.1556277210843 0.0810514734275058 0.0668174271473919 0.089369982744393 0.0974242638290242 0.0856600075032188 0.00616829435202228 0.0421254388230348 0.0551861810664355 0.0350161004655 0.0136567422229338 0.0138168175223922 0.0661574844456851 0.114993107125846 0.0797989614189724 -0.0312191625859289 -0.0519634907197705 -0.0556589682386891 -0.0443421929863704 -0.0386051837546261 0.0290976114558554 0.0375283875182229 -0.00365728501125 -0.0140207708625158 -0.0677867212131085 -0.00673757059539157 -9999 0.16279597354837 -0.151106449976526 -0.134880417050227 -0.107151927453684 -0.152885479471093 -0.180640710280111 -0.166563766067304 -0.207014076917539 -0.21723828803082
-9999 -9999 -9999 -9999 -9999 -9999 -9999 -9999 -9999 -9999 -9999 0.1318714632781 0.0305002891136556 0.04393886284693 0.0870190979423177 0.149629135458922 0.12596472938003 0.0422958326225051 0.0451972303481153 0.0638788365282376 0.0114746139317703 0.0226035996796174 0.00847686169763492 -0.016068874784884 -9999 -0.0258954797145244 -0.0207097116852196 0.0148894987944527 -0.0120039395697916 -0.0602709762482951 -0.0500787411941806 0.0242051566500597 0.0193824842450478 -0.00454203659766342 -0.0219718862332216 -0.0214737938379875 0.00394758043715434 -9999 0.15454094919672 0.126749146930871 -0.0615936583080524 -0.0884601934050948 -0.0934040078731767 -0.152509366114326 -0.143347437783974 -0.149822053056758 -0.190098839042135
-9999 -9999 -9999 -9999 -9999 -9999 -9999 -9999 -9999 -9999 -9999 0.108590033905205 0.0379893660426463 0.0563850001861661 0.10053517451474 0.166165829791222 0.123865366295041 0.0179148390267095 0.00762991370015908 0.0520005096681223 0.047739521905843 0.0372560726592397 -0.0295949313048676 -0.00460722209217376 0.0730236817247296 0.111060427178711 0.0439523739208814 0.0293522026852381 -0.00599900740763403 -0.056168327697929 -0.0518731600049413 0.0176160430072519 -0.0276687753643195 -0.0388274305783569 -0.0116801927732908 0.00603673445571196 -0.00389472047258023 0.104878631789407 0.0945117642880227 -0.124924367612738 -0.0428586293950323 0.0133734547834412 -0.0105227156119411 -0.0807470137235584 -0.198837583131855 -0.193983871831344 -0.198135521445031
-9999 -9999 -9999 -9999 -9999 -9999 -9999 -9999 -9999 -9999 -9999 0.0931207318417598 0.0485980852153326 0.121476269409534 0.123259883484294 0.0712612772103536 0.0465034577170831 0.0222159262321058 0.0410928693439296 0.0871192849707452 0.0662392444769921 0.0420134866456371 0.00863862374566205 0.0159731906308486 0.0875786544439906 0.0935082047786482 0.023707012940433 -0.0156177046506163 -0.0564041763552776 -0.0520220410183612 -0.0363322447449362 -0.0371320853623224 -0.0831789857548791 -0.0268447440628308 -0.0178424148406817 -0.0235578395199368 -0.0262791006202694 0.0157755348173423 -0.0992436895403131 -0.168203042475046 -0.0856445366587208 -0.0112694604020211 -0.00192258289715384 -0.0809950506451617 -0.190960747141772 -0.220018150450197 -0.228203068413917
-9999 -9999 -9999 -9999 -9999 -9999 -9999 -9999 -9999 -9999 -9999 0.0621764120182244 0.112552325219277 0.178029904524859 0.103686178792716 0.0872523054242942 0.0823070277737987 0.123591020435531 0.0793420483928798 0.0647269327588527 0.0475049502577951 0.0416280833004964 0.0130513016450522 0.0267819777242768 0.0442957251700822 0.0419621848160973 -0.0224644454034395 0.00870537438703371 -0.0105017646770597 -0.0630063734076715 -0.06560240450536 -0.0210283672469268 -0.023440292299155 -0.00737020248040265 0.00676994005921916 -0.00496406722547904 -0.0232724767534167 -0.077175079330797 -0.0842461020022392 -0.111821375475849 -0.107130326316455 -0.0637341046585789 -0.104820527546252 0.0110233187086075 -0.0393893520596981 -0.168080684024203 -0.225561546942965
-9999 -9999 -9999 -9999 -9999 -9999 -9999 -9999 -9999 -9999 -9999 0.0839944815690385 0.101644952526428 0.131159049583858 0.0546464278192901 0.0607225351423135 0.100198483203428 0.0847378929337537 0.0960764767064583 0.0905768490064634 0.119925343862254 0.0252451275444953 0.00885165131531408 0.0587302245853274 0.121950231239438 0.0995054714045753 0.0519052170088596 0.0037083818929087 0.00297690223260148 -0.0214801112778978 -0.0425382424265828 -0.00353035187311983 0.0668903397940966 0.0126119634600455 -0.00998142699820479 -0.0578994824240279 -0.0700262971587947 -0.0823892034289911 -0.0755608859667267 -0.0875738547080059 -0.126317637281952 -0.162322959101446 -0.140298262900689 -0.0704391418725814 -0.0621880367666513 -0.174692108606769 -0.198277071844615
-9999 -9999 -9999 -9999 -9999 -9999 -9999 -9999 -9999 -9999 -9999 0.111302305868739 0.122118724234932 0.150036611501107 0.101561542439402 0.0873534398817997 0.0916776148095608 0.0850756209931124 0.113133739174501 0.0810930757306934 0.0801246800346615 0.0990645740183108 0.0637665712599366 0.0801442924352037 0.170805741603043 0.198827707953094 0.0844001502498639 0.105338393727201 -0.0157398544257567 0.017784095109534 0.0137640708686457 -0.0163206787009011 0.00782796387958306 0.00648243377351888 -0.104425375288839 -0.0750519847310731 -0.0681273720815222 -0.0982239566611686 -0.0797791396915221 -0.117526510305251 -0.13703989261405 -0.14496940113373 -0.120588113809275 -0.0845185085140254 -0.0595256696716488 -0.144578764266616 -0.146312117528467
-9999 -9999 -9999 -9999 -9999 -9999 -9999 -9999 -9999 -9999 -9999 -9999 0.173016654572613 0.230144484480301 0.120759363542527 0.0641854341183213 0.0695588525885178 0.0519805965243095 0.0713582797600862 0.0887660587353834 0.128802099066071 0.189590529770356 0.136001800731177 0.129145313958153 0.133625890491136 0.155106117902976 0.129573536411449 0.135696547063379 0.0356093906377144 0.0619728886322693 0.07386772307771 -0.0099325397427664 -0.0449932569409419 -0.0272139871164178 -0.0621601653446352 -0.0801152971160212 -0.0626876770927042 -0.117938725871348 -0.114384240540537 -0.120656819786689 -0.117673918361212 -0.126843409131907 -0.0857719008695171 -0.0965763447975361 -0.0916216102340803 -0.0595026105040633 -0.0695623552240794
-9999 -9999 -9999 -9999 -9999 -9999 -9999 -9999 -9999 -9999 -9999 -9999 0.251293662877537 0.222151666959449 0.148883156604685 0.0833364664174037 0.0692462784990663 0.051079342602101 0.0560138653009133 0.067845959436463 0.111950503666014 0.184378807962629 0.185559995129302 0.171144965750307 0.166209717203914 0.149941723414942 0.13468201722551 0.12333924261146 0.135953488648414 0.136328205159687 0.0881857842346469 -0.0170647583170389 -0.0897626325811066 -0.0753128686376228 -0.0566942615935881 -0.0699780551305629 -0.117705178588881 -0.159594594152267 -0.23923453095473 -0.213380956789619 -0.260354147143998 -0.151130755891253 -0.0870121918759258 -0.0605919206470552 -0.0821111129207765 -0.0293635121674311 -0.0205288412674594
-9999 -9999 -9999 -9999 -9999 -9999 -9999 -9999 -9999 -9999 -9999 -9999 0.367205259775024 0.308513128216925 0.202628902447912 0.136624178456733 0.0894280317382482 0.0475826199871724 0.0856412259527839 0.0762339130662522 0.0510422163405912 0.187360005040294 0.214284318848184 0.263991514659121 0.302969303821221 0.209179617905274 0.142947475640676 0.122392889952571 0.170886372456255 0.246373027667671 0.0210600441751008 -0.0312007802215262 -0.0882221003489891 -0.0936568560453009 -0.0905273510463128 -0.122861635150587 -0.209944265923045 -0.237231228447868 -0.290309627001701 -0.229100731151787 -0.203107485110737 -0.128716684564079 -0.0798976034608295 -0.0641908662106113 -0.109918692034852 -0.106392552713064 -0.0714403610440681
-9999 -9999 -9999 -9999 -9999 -9999 -9999 -9999 -9999 -9999 -9999 -9999 -9999 0.145735128038659 0.112887581384295 0.156642596867125 0.112556743228033 0.0356693855108875 0.0937934331407628 0.0672940100513519 0.0717597898534683 0.0918882748498185 0.172088648380865 0.224964145052032 0.253546827590002 0.149569436146638 0.117823724133279 0.107731139705333 0.116206073265866 0.178950641578968 0.185990638055516 0.0939938142898671 -0.0332713102275278 -0.0561338146169564 -0.0840238254496525 -0.134980367204252 -0.199658934962395 -0.193259804683822 -0.233621130620167 -0.186519959854825 -0.147360871166581 -0.125501521428978 -0.103141033581507 -0.0756778915687907 -0.148860455586513 -0.167008517689716 -0.179785770969671
-9999 -9999 -9999 -9999 -9999 -9999 -9999 -9999 -9999 -9999 -9999 -9999 -9999 0.132203290626138 0.120019554054147 0.140722575154399 0.100286385091343 0.07020956814215 0.0552911685973333 0.0607137095675807 0.0450817823463209 0.0642095427435244 0.19502898111042 0.193110207478044 0.201670009734705 0.13839671883712 0.105725220879423 0.101956022241978 0.127437138612513 0.17998991180916 0.226431739012366 0.162129553614346 -0.0153791622481469 0.0260279870241686 -0.0379942831958947 -0.0598581090715306 -0.111159597156861 -0.152062831164434 -0.210798008437541 -0.157780549680819 -0.136433908929803 -0.174176122279016 -0.160552981824457 -0.0572715838200095 -0.115849007686495 -0.164656447282418 -0.161399731085898
-9999 -9999 -9999 -9999 -9999 -9999 -9999 -9999 -9999 -9999 -9999 -9999 -9999 0.113339063075868 0.117479789363057 0.147135769572403 0.0985897726014209 0.114044107659029 0.112926803297296 0.116883467212619 0.117950096145753 0.100312583092057 0.072721729877512 0.16599825009707 0.172464535102591 0.136999415411101 0.114717992345694 0.114630310970249 0.162638006936613 0.227984874754259 0.262731423909405 0.284098191407654 0.287433747833527 0.0639834594946013 0.083970739032901 0.0398999236195573 -0.0975112900747283 -0.0828594291042254 -0.149074192074972 -0.145201551333866 -0.143903972278367 -0.176761399136014 -0.163761735658937 -0.181510347829766 -0.190003949649798 -0.161978460124685 -0.170989594238436
