data/rasters/s3.10.06.cu.2_xyz_08_.asc
NCOLS 100 
NROWS 100 
XLLCORNER -4 
YLLCORNER -4 
CELLSIZE 0.08 
NODATA_value -9999 
[rows 63 to 83 of 100, columns 0 to 47 of 100]
-9999 -9999 -9999 -9999 -9999 -9999 -9999 -9999 -9999 -9999 -9999 -9999 -9999 0.141236619472465 0.157110921898354 0.107512284501386 0.176476903722647 0.192635007907841 0.241245611318153 0.198766217634104 0.229564444096248 0.194939430588871 0.194185344788678 0.138330507968877 0.108870880292932 0.0773899392312434 0.00944168720900795 -0.0667828261560888 -0.0864180149887688 -0.0350671065692249 -0.0554829144491251 -0.152152184316292 -0.042756435409849 -0.197036270396309 -0.279129571751258 -0.331097660790022 -0.193032847385128 -0.170496451240515 -0.235069872594846 -0.239789391731483 -0.241848421721223 -0.314960090556963 -0.338840199002921 -0.385661874436866 -0.410174442447589 -0.299592352465581 -0.231888991218327 -0.234265245248732
-9999 -9999 -9999 -9999 -9999 -9999 -9999 -9999 -9999 -9999 -9999 -9999 -9999 -9999 0.200950518033089 0.119835584698756 0.112058054898572 0.164882832891811 0.203471597055853 0.248271647249853 0.225377217659045 0.2045003739133 0.202633184140349 0.168747126108074 0.0963146443626821 0.103190524364106 0.0830091573139097 0.0687551546875594 0.0465368094699461 0.084618913806845 0.00546628022432908 -0.103059682952812 -0.154049652339944 -0.296345233638846 -0.252316849053814 -0.186488741838295 -0.199179608045766 -0.163012941264713 -0.17524363062067 -0.20361749841064 -0.196917197180942 -0.298382441320324 -0.379602860140881 -0.385107137640312 -0.390365670461082 -0.30207104144008 -0.219574183656236 -0.228172779430137
-9999 -9999 -9999 -9999 -9999 -9999 -9999 -9999 -9999 -9999 -9999 -9999 -9999 -9999 0.22010486656316 0.1457572702 0.125388404204769 0.139437282933024 0.185849100547793 0.205659388398428 0.231441069120242 0.212275886068579 0.175149912205759 0.141351199429912 0.0892194992500054 0.0300550980311525 0.0420856821223445 0.0941166129762709 0.0815024426804785 0.109649426776018 0.0316052569384675 -0.0225201007063964 -0.0625618375677528 -0.126909288774585 -0.190605857347981 -0.173913620642299 -0.151278888005467 -0.136334063650205 -0.152281371356307 -0.160942404775573 -0.159327135853758 -0.266816128852362 -0.350193229178416 -0.345713954266488 -0.321833646603252 -0.337852339972107 -0.28962300523786 -0.163707304833985
-9999 -9999 -9999 -9999 -9999 -9999 -9999 -9999 -9999 -9999 -9999 -9999 -9999 -9999 0.211691661885111 0.180913721408311 0.149194648086383 0.112011415816085 0.139562638371074 0.148714947489523 0.184579613727986 0.192657961393582 0.166123351092862 0.150690772438103 0.12273116043089 0.109315649727848 0.160588421411268 0.10368835818427 0.349290749783924 0.337011675531662 0.24794977340429 0.0624790825920449 0.019086251676 -0.0750472284609168 -0.140653062135172 -0.142990651786478 -0.121326124316459 -0.107404853098227 -0.130300192183608 -0.143954995688118 -0.170281740354518 -0.303269593891244 -0.33821088900602 -9999 -0.33262323977575 -0.350491607839794 -0.351895376921986 -0.184377966683105
-9999 -9999 -9999 -9999 -9999 -9999 -9999 -9999 -9999 -9999 -9999 -9999 -9999 -9999 -9999 0.235480561916572 0.200690265335208 0.160180381873763 0.158663157321533 0.182826218440747 0.171583554890467 0.213183587737306 0.2150172361261 0.200261333404198 0.205000871865981 0.116553219787976 0.21208115066884 0.207687620882063 0.327509731211504 0.355934999113818 0.207798923737185 0.109364914754789 0.0208946519522086 -0.0588203397647193 -0.11286982979475 -0.132236631204005 -0.105968774746456 -0.0954847228414145 -0.1441806362241 -0.171203145954312 -0.168501910784951 -0.16858354878706 -0.136736569826907 -0.275753057904559 -0.350246083162321 -0.344909232642635 -0.32851552738938 -0.253863596822492
-9999 -9999 -9999 -9999 -9999 -9999 -9999 -9999 -9999 -9999 -9999 -9999 -9999 -9999 -9999 0.24989686989927 0.24168480763057 0.213148024755155 0.20880309217396 0.229402588687594 0.202704951220612 0.210187319548964 0.265991005557902 0.212733215391253 0.233802493309132 0.147640144552971 0.127967762880376 -0.0234029673781514 0.239107193101001 0.248387605152858 0.167414638716782 0.218414106024298 0.162870961457658 0.0383591742809954 0.0188274942923406 -0.0604203795644214 -0.118449815013015 -0.108673839199608 -0.106433618098968 -0.150773802373614 -0.151898306828309 -0.130032174486074 -0.144399212855472 -0.20143826415365 -0.255959854955802 -0.233520254483878 -0.196726562220322 -0.244940611753514
-9999 -9999 -9999 -9999 -9999 -9999 -9999 -9999 -9999 -9999 -9999 -9999 -9999 -9999 -9999 -9999 0.251211385588857 0.24097661761893 0.237907198380282 0.229954978124475 0.1770236252164 0.175494162521394 0.216658552641381 0.245632362984241 0.273071397673903 0.2500784913488 0.330951663517002 0.278120035367145 0.258420350240544 0.225069869049926 0.148198329394298 0.266516836862542 0.251778941681003 0.165761420605393 0.0856434962179611 -0.0660449016385556 -0.115312408199431 -0.101998060809164 -0.108035567150848 -0.129036054350682 -0.150044297954991 -0.126223033265871 -0.196655985257542 -0.0943950447419887 -0.0752512475949346 -0.0838179361127983 -0.105481563302324 -0.11481447484032
-9999 -9999 -9999 -9999 -9999 -9999 -9999 -9999 -9999 -9999 -9999 -9999 -9999 -9999 -9999 -9999 -9999 0.245338594403979 0.249070450975424 0.256124665122515 0.225691455255662 0.139612637122893 0.179167912174772 0.212545238945326 0.25315735228913 0.301840816892929 0.238664756490224 0.3080350050062 0.30962352615771 0.244174256385872 0.279547102844181 0.253385890452648 0.222415900736432 0.162432600540134 0.107955469386933 -0.0677756451351086 -0.161288791458805 -0.135127410043276 -0.121841743179371 -0.102272222030492 -0.0708377908686065 -0.0516695588698707 -0.0646996159815314 -0.00300139458052674 0.0519925316597853 0.0380674129817684 -0.0490896966570387 -0.0180166344344727
-9999 -9999 -9999 -9999 -9999 -9999 -9999 -9999 -9999 -9999 -9999 -9999 -9999 -9999 -9999 -9999 -9999 0.248341265380645 0.232164044845646 0.266122574247663 0.22084480984888 0.184902666520624 0.114745642646039 0.171769597466011 0.260804154583633 0.274073729746153 0.252124257744902 0.318692002970825 0.317703151762538 0.321154156734534 0.367698991503028 0.317826676388137 0.290239547083128 0.175917817407707 0.188243779235443 0.0138073721034368 -0.104020142359201 -0.198651480682886 -0.168377745199455 -0.064063038177458 -0.0381288623561914 -0.0139064583746839 -0.00557101130450341 0.00693860124368541 0.0149452919655331 0.00646342473500335 -0.0249431490795186 0.0394080063781475
-9999 -9999 -9999 -9999 -9999 -9999 -9999 -9999 -9999 -9999 -9999 -9999 -9999 -9999 -9999 -9999 -9999 -9999 0.171871064764187 0.237309339074064 0.234817779175025 0.198358350433767 0.141985996448829 0.180675455521477 0.285205395051505 0.260796678800607 0.278091029618905 0.279877027330525 0.305453252700999 0.287168938309631 0.306584612485496 0.308563500806057 0.287122327446158 0.216181759323293 0.234977413139174 0.0996658903517145 -0.00181666238320336 -0.199776967475967 -0.100111274792847 -0.100771903105897 -0.0462831129879977 -0.000293786012408095 0.00373830417557695 0.0842797456107513 0.064068895248491 -9999 0.0325659734125892 0.00997403369496282
-9999 -9999 -9999 -9999 -9999 -9999 -9999 -9999 -9999 -9999 -9999 -9999 -9999 -9999 -9999 -9999 -9999 -9999 -9999 0.242460526493147 0.244843011557101 0.222541061359112 0.208930390116391 0.241271686969328 0.283077284152821 0.0816569933091906 0.302255712216603 0.288308431627034 0.295062332777549 0.328326401726395 0.303161295162586 0.269901568373563 0.280120163075016 0.228537891820018 0.234944076885321 0.195445592487386 0.124212751950405 0.15331479230823 0.00589426308900943 0.0192356357946708 -0.016445275354224 -0.0133951500190637 0.0141845073745782 0.0560216452834554 0.00971944626701755 0.0750792248110611 0.0501719170901217 0.0736594158966793
-9999 -9999 -9999 -9999 -9999 -9999 -9999 -9999 -9999 -9999 -9999 -9999 -9999 -9999 -9999 -9999 -9999 -9999 -9999 -9999 0.0958257097801396 0.0641329075245516 0.198370442988804 0.202108183895161 0.2108976286644 0.204314473970662 0.228893261012186 0.231559266685122 0.277178377919649 0.308725091891546 0.303989751525783 0.289701013525681 0.22104978886316 0.207155339555491 0.234632558270473 0.200326861435916 0.144533751100616 0.153659183147509 0.148948701034839 0.0753464139236323 0.0180957630009279 0.0293151349444887 0.00676046845472934 0.0019988030806418 0.0451245686893287 0.077520137761156 0.0686811345249242 0.0603525033539198
-9999 -9999 -9999 -9999 -9999 -9999 -9999 -9999 -9999 -9999 -9999 -9999 -9999 -9999 -9999 -9999 -9999 -9999 -9999 -9999 0.163151434512014 0.175388455050165 0.184378241821267 0.17773450447898 0.220038512071175 0.213977624234282 0.198067699924906 0.231117677205481 0.286696664152246 0.322226258552946 0.311669892130963 0.263006487217255 0.231981012897367 0.212592241919374 0.221668647135532 0.210390304530234 0.152995743154167 0.149049288300532 0.084547526381769 0.0108045800264592 0.0235650764347338 0.0722769807916986 0.027648988036322 -4.41539594071018e-06 0.0369466732051244 0.159699138064002 0.0767845605180707 0.151215727016035
-9999 -9999 -9999 -9999 -9999 -9999 -9999 -9999 -9999 -9999 -9999 -9999 -9999 -9999 -9999 -9999 -9999 -9999 -9999 -9999 -9999 0.18662101421663 0.198326511947707 0.205480368061926 0.243144716891897 0.211448157391777 0.202465533506172 0.265645858339101 0.311081374372789 0.331076605291751 0.292813056999757 0.281292798430061 0.298740356048357 0.261227259165126 0.32718768906378 0.368583428170793 0.177317012370243 0.132995382731713 0.0825357738620771 0.0355872319982088 -0.039021266848363 0.023806438167892 0.0527419240267036 0.0560753697878705 0.0832913300738006 0.112924464754341 0.135623598382917 0.115960430503963
-9999 -9999 -9999 -9999 -9999 -9999 -9999 -9999 -9999 -9999 -9999 -9999 -9999 -9999 -9999 -9999 -9999 -9999 -9999 -9999 -9999 -9999 0.291878552809023 0.171435877190682 0.25088122299948 0.236034502615719 0.228404941138327 0.268528475908667 0.290095988163774 0.282082308947281 0.263533828768747 0.292891579773203 0.298553188599518 0.365648392561322 0.419378837352422 0.35014214632401 0.314526445870159 0.316108907486451 0.244737640698236 0.0507198527325649 -0.020971861078475 -0.13595739249792 0.141366983385318 0.147042833889636 0.0186051756208997 -0.0934528057368378 0.0422950827412929 0.168413994635286
-9999 -9999 -9999 -9999 -9999 -9999 -9999 -9999 -9999 -9999 -9999 -9999 -9999 -9999 -9999 -9999 -9999 -9999 -9999 -9999 -9999 -9999 -9999 -9999 0.281673560002258 0.210977016394177 0.19049142963633 0.204997629641128 0.25921894063928 0.275471768001712 0.241506628205935 0.249591250882025 0.31660046710475 0.376268376924515 0.3875458925946 0.362102257370891 0.314328636111 0.309703823478937 0.287215833587322 0.152885783027895 0.0187834855086256 -0.00315300607003977 0.175756624305462 0.119413279578428 0.106987159933178 0.0998630684155084 0.101428972419614 0.065596080679086
-9999 -9999 -9999 -9999 -9999 -9999 -9999 -9999 -9999 -9999 -9999 -9999 -9999 -9999 -9999 -9999 -9999 -9999 -9999 -9999 -9999 -9999 -9999 -9999 -9999 0.18232326507639 0.353526877963364 0.170849632534142 0.171429781490112 0.145312144071751 0.300651276218989 0.25840024592909 0.327078325891319 0.360516652686097 0.371015442372147 0.314184304140216 0.29556391770398 0.271340358936142 0.192617152246053 0.218611390942947 0.194045444410707 -0.0128293946089425 0.087890252691575 0.133456620743262 0.0997199954890943 0.0437492638639262 0.064260858017671 0.0034521096684317
-9999 -9999 -9999 -9999 -9999 -9999 -9999 -9999 -9999 -9999 -9999 -9999 -9999 -9999 -9999 -9999 -9999 -9999 -9999 -9999 -9999 -9999 -9999 -9999 -9999 -9999 0.300134506142807 0.179214435513134 0.197729166536344 0.157889934394824 0.19086300105993 0.274254458208179 0.289375425648647 0.342432131459839 0.349835769917685 0.32745465635966 0.310776354806844 0.280108172896844 0.18614076870084 0.0756168961111489 0.0395393465964751 0.0258208954764469 0.077061924772481 0.1235659758279 0.071692557170954 0.0102467410880137 0.0339795955059762 0.0461819150851242
-9999 -9999 -9999 -9999 -9999 -9999 -9999 -9999 -9999 -9999 -9999 -9999 -9999 -9999 -9999 -9999 -9999 -9999 -9999 -9999 -9999 -9999 -9999 -9999 -9999 -9999 -9999 0.226609801086095 0.2830444632107 0.231083407794402 0.248137695064203 0.247752377052088 0.277881055849473 0.276256519562193 0.33817852590895 0.30973763976121 0.322566765087595 0.286922344132163 0.299585957531816 0.0757829170304017 0.0420352507328669 0.000203416009754968 0.0235182162131169 0.0811471426144281 -0.00117800378024956 -0.00556049841314047 0.042619406213049 0.0816299404586821
-9999 -9999 -9999 -9999 -9999 -9999 -9999 -9999 -9999 -9999 -9999 -9999 -9999 -9999 -9999 -9999 -9999 -9999 -9999 -9999 -9999 -9999 -9999 -9999 -9999 -9999 -9999 -9999 0.33877106859235 0.288376297858659 0.281456834032556 0.271884950806163 0.304698041236959 0.324452883649743 0.32859139966847 0.317695909257836 0.11223971191036 0.195943361857725 0.0963525796802835 -9999 0.0331731009586874 -0.0240040891209307 0.0263502119271546 -0.0126413821712418 0.00268547606687789 -0.0396230245522487 -0.00633818973935447 0.0760849321125829
-9999 -9999 -9999 -9999 -9999 -9999 -9999 -9999 -9999 -9999 -9999 -9999 -9999 -9999 -9999 -9999 -9999 -9999 -9999 -9999 -9999 -9999 -9999 -9999 -9999 -9999 -9999 -9999 -9999 -9999 0.334154573572233 0.271813213790133 0.244446375179705 0.251850692192781 0.356094828503116 0.321810127948657 0.228684125546381 0.147938361047911 -0.0268973808919773 0.0620970609359108 0.0515105536400173 0.0241143614002459 -0.00829883877884301 -0.109971922999845 -0.0371994165983256 -0.0504640858685509 -0.0288330280875075 0.0682724142078706
