data/rasters/s3.19.05.li.1_xyz_08_.asc
NCOLS 100 
NROWS 100 
XLLCORNER -4 
YLLCORNER -4 
CELLSIZE 0.08 
NODATA_value -9999 
[rows 66 to 87 of 100, columns 49 to 97 of 100]
0.295146237847169 0.15207526843042 0.135461711859917 0.137900837739925 0.164522255713581 0.160534862745666 0.248523263820697 0.259794239430429 0.312735101309317 0.291013092792964 0.284846582727816 0.244726591179361 0.19455456134112 0.243937848431511 0.316041121093455 0.336042664148827 0.379997554186569 0.422669048384535 0.408113491898142 0.31790691511783 0.295389161308033 0.365598153995918 0.396480339095573 0.428961558729773 0.466969841825835 0.501824330431514 0.547538330327552 0.434900520986922 0.413138178284117 0.350649396280861 0.275430645490904 0.242142917224007 0.250420682257893 0.193897871896839 0.179602463705659 0.000329133593801309 -0.163970633996952 -9999 -9999 -9999 -9999 -9999 -9999 -9999 -9999 -9999 -9999 -9999 -9999
0.351932886512574 0.275034430079294 0.11314876459778 0.0928107783374258 0.0984216983641113 0.243920013658578 0.326365391165365 0.379660184430273 0.392790203601443 0.376001028990522 0.331578862725643 0.300185160228697 0.255454325227224 0.285651310404343 0.337815956728865 0.300358604047905 0.323322744782642 0.385893217349956 0.334180656104107 0.358787452864438 0.311114417967229 0.334391560606172 0.333410761713592 0.387389762303302 0.393370230181358 0.548219749009667 -9999 0.398517522600011 0.385548549917552 0.331939240566189 0.272980666261421 0.240675367511046 0.179775389916852 0.166115251804409 0.155705629831432 0.185937755726783 -9999 -9999 -9999 -9999 -9999 -9999 -9999 -9999 -9999 -9999 -9999 -9999 -9999
0.00830490339564789 0.186589351983847 -0.025244271249286 0.0662699202192834 0.0738203847564776 0.224404213173032 0.372063113617305 0.333964753188157 0.392055221181542 0.395981992753313 0.330483133773217 0.334964476279802 0.274297349272576 0.320509443042829 0.232558458062375 0.29698164511248 0.349348155295592 -9999 -0.00307492081158105 0.0922315814871152 0.207557444080857 0.305911405223552 0.298922933529154 0.352651583554376 0.442312038098069 0.498037319663545 0.539183775327021 0.388589813100402 0.241527931284496 0.204906109202979 0.225072625129483 0.203739366570974 0.176402259721789 0.198087291847178 -9999 -9999 -9999 -9999 -9999 -9999 -9999 -9999 -9999 -9999 -9999 -9999 -9999 -9999 -9999
0.134625034006918 0.0980957141563627 0.0720438789732817 0.0730211858141038 0.127664152544431 0.149692475950874 0.299386552757611 0.298358405317791 0.340855435353091 0.372834505097896 0.316469530604841 0.242252059470063 0.303050904897252 0.257225470797409 0.228718542938577 0.256411587326802 0.309320927281975 -9999 0.0407768563571875 0.0461093173633467 0.0267339101705324 -9999 -9999 0.401958734242131 0.419569970066018 0.468952292122679 0.450505165448111 0.466805876246433 0.317921468722756 0.250293709724061 0.262853076322389 0.23514610678177 0.276662592870394 -9999 -9999 -9999 -9999 -9999 -9999 -9999 -9999 -9999 -9999 -9999 -9999 -9999 -9999 -9999 -9999
0.190050440582367 0.12713314652586 0.0988839527092379 0.10505750273811 0.137334590694588 0.174754246108816 -9999 0.25550195441307 0.263346514508962 0.292865779716098 0.252275901452476 0.266750945188022 0.226085573110165 0.269523414255925 0.223177780027256 0.256907913574622 0.207419508483099 -0.0837474059006526 -0.0530761012589186 -0.033891978478347 -0.00808812201685257 -9999 -9999 0.373099412438371 0.395351542774744 0.47454495121863 0.437192734677811 0.433296476099249 0.419922134325527 0.341507250451917 0.308399338642669 0.25367035873373 0.299685697065319 0.276202066930767 -9999 -9999 -9999 -9999 -9999 -9999 -9999 -9999 -9999 -9999 -9999 -9999 -9999 -9999 -9999
0.196909618876074 0.159547264299621 0.128564117797254 0.247812750760759 0.244969359992189 -9999 -9999 0.268599640988901 0.258140324678852 0.205385486828148 0.243544047251056 0.193073413560378 0.236732805577292 0.265485262983436 0.250655503609658 0.255275958995233 0.154477286821865 0.132024561815402 -0.0549393553659711 -0.0792009753355005 -9999 -9999 -9999 -9999 0.39401459070861 0.388904240098104 0.321146335857939 0.341427215019964 0.393673564878489 0.270061498153498 0.244940642969377 0.231891530155113 0.265959822846246 0.244508800742822 -9999 -9999 -9999 -9999 -9999 -9999 -9999 -9999 -9999 -9999 -9999 -9999 -9999 -9999 -9999
0.25958694278966 0.113521323289397 0.177203519814026 0.283950360883672 0.213459571887982 -9999 0.139048568673681 0.102667592105838 0.0803821196459007 0.081916087605288 0.12760510075276 0.212962695455249 0.293018756112107 -9999 0.260322230859279 0.331754517744098 0.0605321664275688 0.0304773968849014 -0.100694705322078 -0.114469575280871 -0.136576859865057 -9999 0.263848279946136 -9999 -9999 0.298593445219484 -9999 0.392293177183332 0.447773446445056 0.253569413836707 0.300771017077697 0.245300274172292 0.269064421298431 -9999 -9999 -9999 -9999 -9999 -9999 -9999 -9999 -9999 -9999 -9999 -9999 -9999 -9999 -9999 -9999
0.243821144007261 0.178181118432273 0.190229181800451 0.350398877288751 0.281584905363201 0.247582293808529 0.104860804859764 0.0695175010085548 0.0740358427247469 0.0846541718727585 0.19660737461199 0.23227056940753 0.293394378233884 -9999 -9999 -9999 0.0458323879291987 0.0343002168623537 -0.104828077852545 -0.126942531862805 0.153367955797416 0.219588026991862 0.206209520322525 0.213694114536425 -9999 0.348356661321093 0.293151640612404 0.341097655626161 0.255217071818914 0.283972041074156 0.2781935886816 0.272222227836034 -9999 -9999 -9999 -9999 -9999 -9999 -9999 -9999 -9999 -9999 -9999 -9999 -9999 -9999 -9999 -9999 -9999
0.1351710155608 0.196936166260659 0.132744634218399 0.0711299687274682 0.115987078772418 0.0814831072376183 -0.162252021506761 -0.0172061195211015 0.032890518164891 0.119110398076799 -9999 -9999 -9999 -9999 -9999 -9999 -9999 -9999 -0.155265834760815 -0.143471025940473 0.0817864497787341 0.183515145058062 0.261838094739082 0.191509489703686 0.247153252798939 0.28401233424922 0.260459999400739 0.287186880666367 -9999 0.287757977689232 -9999 -9999 -9999 -9999 -9999 -9999 -9999 -9999 -9999 -9999 -9999 -9999 -9999 -9999 -9999 -9999 -9999 -9999 -9999
0.145875376421034 0.127469576427659 0.121725070316643 0.0429794476892748 0.0360538644361388 0.0100433981987024 -0.161433197467693 -0.035500802167295 0.0579155503134007 -9999 -0.233902517102467 -9999 -0.289683206043481 -0.244060140552782 -9999 -9999 -9999 -9999 -0.207096028934818 -0.162268298333866 0.148730646124524 0.168664110299788 0.243812878540969 0.259828220366707 0.255740259935929 0.299180043099876 0.329871017444856 0.352287434063824 0.237779377408295 -9999 -9999 -9999 -9999 -9999 -9999 -9999 -9999 -9999 -9999 -9999 -9999 -9999 -9999 -9999 -9999 -9999 -9999 -9999 -9999
0.157435932666873 0.0571548584594018 0.0320885520005039 0.0173443578343654 -0.030815589346654 -0.0437550927005034 0.0466521631615575 -9999 -9999 -0.258126964894583 -0.246168797126512 -0.28591708379877 -0.254611488223602 -0.231036667531821 -9999 -9999 -0.113585693655147 -0.163247759915089 -0.214792628070689 -0.236497239378211 -9999 -9999 0.184545044016482 0.208022680404332 0.304098943968958 0.280645836642245 0.318781497753095 0.269215040897498 -9999 -9999 -9999 -9999 -9999 -9999 -9999 -9999 -9999 -9999 -9999 -9999 -9999 -9999 -9999 -9999 -9999 -9999 -9999 -9999 -9999
0.086452050485649 0.149296945048791 0.0422449669879783 -0.0142015431903617 -0.0598001694910996 -0.181161329027995 -0.128139669461956 -0.226502145235402 -0.297201331922161 -0.249608555177616 -0.0767834881286179 -0.218777535538395 -0.249219904738173 -0.207450505250176 -0.179468354445718 -0.18971355698362 -0.226615660623054 -0.186007605236701 -0.258321620291552 -0.24010762091845 -0.0581104078198852 0.121191595259555 0.158488257526073 0.201674044026458 0.278699784967509 0.32372457416025 0.324044110271004 0.324359753317956 0.324396704095525 -9999 -9999 -9999 -9999 -9999 -9999 -9999 -9999 -9999 -9999 -9999 -9999 -9999 -9999 -9999 -9999 -9999 -9999 -9999 -9999
0.0561948328518106 0.0671289574968432 0.0479380426166376 -0.0260499013946149 -0.0696132356136732 -0.132738789804952 -0.157642406285408 -0.342783654297446 -0.295556740195413 -0.272578380949247 -0.276248233334204 -0.235708128876451 -0.188649905232699 -0.282198900469309 -0.264967957767923 -0.226072607326417 -0.203489889499441 -0.23844808897305 -0.19875691681161 -9999 -0.100355372531437 0.104218394501657 0.156241445746451 0.205957891357065 0.222306024105907 0.226991303548358 0.277401138642792 0.320962214567901 -9999 -9999 -9999 -9999 -9999 -9999 -9999 -9999 -9999 -9999 -9999 -9999 -9999 -9999 -9999 -9999 -9999 -9999 -9999 -9999 -9999
0.0669821919367024 0.0456864237605403 -0.0207445906601272 -0.143244749143432 -0.144216656078912 -0.136627229438086 -0.273615811702428 -0.31339996869422 -0.351559069986772 -0.268709638656334 -0.276279244544953 -0.248011136324233 -0.246262311891242 -0.295141138274266 -0.318720625696982 -0.246680253969335 -0.229012680890596 -0.26108436549261 -0.26828354949377 -0.205633610705474 -0.136028847716619 0.142099261761019 0.197506732494115 0.294793726555118 0.229815194975687 -9999 -9999 -9999 -9999 -9999 -9999 -9999 -9999 -9999 -9999 -9999 -9999 -9999 -9999 -9999 -9999 -9999 -9999 -9999 -9999 -9999 -9999 -9999 -9999
0.0939898753511831 0.0751503550818715 0.00551941332941149 -0.0586333235431107 -0.00997076892533726 -0.101904089602878 -0.188195290629974 -0.252833028600793 -0.288751518793441 -0.227252366393323 -0.246307383130461 -0.251009444345222 -0.288553763387571 -9999 -0.282506393442685 -0.307167531499811 -0.283460074812744 -0.356939279952838 -0.278542935142995 -0.166418722780054 -0.149794797337342 -9999 -9999 -9999 -9999 -9999 -9999 -9999 -9999 -9999 -9999 -9999 -9999 -9999 -9999 -9999 -9999 -9999 -9999 -9999 -9999 -9999 -9999 -9999 -9999 -9999 -9999 -9999 -9999
0.00418258082216881 0.0229441422693799 0.0180452007387673 -0.0666433976353428 -0.0790250978124096 -0.163654461528806 -0.225088888724646 -0.265686414334669 -0.147971886131351 -0.148821227310892 -0.343245253484678 -0.283841239489297 -0.216826263647531 -0.219876268673263 -0.26231562464941 -0.161951965934051 -9999 -0.38687399280803 -0.324122345402767 -0.0675718576365606 0.00449815639715464 -9999 -9999 -9999 -9999 -9999 -9999 -9999 -9999 -9999 -9999 -9999 -9999 -9999 -9999 -9999 -9999 -9999 -9999 -9999 -9999 -9999 -9999 -9999 -9999 -9999 -9999 -9999 -9999
-0.0632738587843095 -0.0537696193354181 0.110004221190641 -0.0273160502250439 0.0198262718343453 -9999 -0.290843313404305 -0.0725064317690249 -0.287330330652008 -0.21563378411651 -0.297529223908712 -0.29194269590632 -0.286288984086048 -0.307416405839899 -0.270930964634245 -0.202801616949962 -0.173525176842477 -0.398542490716341 -0.201840738206388 -0.0630293949795948 -0.0124953215388527 -9999 -9999 -9999 -9999 -9999 -9999 -9999 -9999 -9999 -9999 -9999 -9999 -9999 -9999 -9999 -9999 -9999 -9999 -9999 -9999 -9999 -9999 -9999 -9999 -9999 -9999 -9999 -9999
-0.071377474108878 -0.0416473516207826 0.116103220246129 0.105427192570005 -0.0312731076510028 -0.0316433313811992 -0.0193214322513315 -0.0119375376517823 -0.286853436753184 -0.251670945321843 -0.304307859702578 -0.320384038539448 -0.285357921845177 -0.262510700564555 -0.27858778762984 -0.225543396120801 -0.214937957971487 -0.384489899397691 -0.0870605193463868 -0.0872142136711114 -0.0616919744677163 -9999 -9999 -9999 -9999 -9999 -9999 -9999 -9999 -9999 -9999 -9999 -9999 -9999 -9999 -9999 -9999 -9999 -9999 -9999 -9999 -9999 -9999 -9999 -9999 -9999 -9999 -9999 -9999
-0.05425414354511 -0.118691432416784 0.142130121048783 0.0891965050172835 0.0695934356957074 -0.0198816695906176 -0.0201136052994473 0.139886267847933 -0.11781408906492 -0.150647284789193 -0.117601403332636 -9999 -0.273737165642203 -0.268410533648954 -0.253453536319774 -0.272776834211289 -9999 -0.0548838804942862 -0.0982571171300838 -0.110354790093137 -9999 -9999 -9999 -9999 -9999 -9999 -9999 -9999 -9999 -9999 -9999 -9999 -9999 -9999 -9999 -9999 -9999 -9999 -9999 -9999 -9999 -9999 -9999 -9999 -9999 -9999 -9999 -9999 -9999
-0.0910106432580682 -0.0683372782884146 0.0791134431739675 0.0520167826012494 0.0612963757796986 0.0299574610124243 0.00208322024583646 0.110538076992244 0.0200463631611959 -0.167372835451595 -0.0570103515173041 -0.114572925036751 -0.189811938068823 -0.235843722677761 -0.271432089528378 -0.27394398380896 -0.143758763786753 -9999 -9999 -9999 -9999 -9999 -9999 -9999 -9999 -9999 -9999 -9999 -9999 -9999 -9999 -9999 -9999 -9999 -9999 -9999 -9999 -9999 -9999 -9999 -9999 -9999 -9999 -9999 -9999 -9999 -9999 -9999 -9999
-0.063264750451973 -0.0738601626204767 -0.028579535613112 -0.00648979944182484 0.0409517179803744 0.0401695226995823 -0.0365043102829834 -0.0574674564637626 -0.09821973998431 -0.147018123966286 -0.154284088805676 -0.163788624138664 -0.184277258728463 -0.246178778134024 -0.254426640573583 -9999 -9999 -9999 -9999 -9999 -9999 -9999 -9999 -9999 -9999 -9999 -9999 -9999 -9999 -9999 -9999 -9999 -9999 -9999 -9999 -9999 -9999 -9999 -9999 -9999 -9999 -9999 -9999 -9999 -9999 -9999 -9999 -9999 -9999
-0.100599157307206 -0.0690680498984667 -0.0770434868608481 -0.00829352837854099 0.0419327509680344 -0.119792776217271 -0.0656132501665541 -0.0239400687395497 -0.131588946170986 -0.10624119807593 -0.109469973786983 -0.092167316728953 -0.117753628236945 -9999 -9999 -9999 -9999 -9999 -9999 -9999 -9999 -9999 -9999 -9999 -9999 -9999 -9999 -9999 -9999 -9999 -9999 -9999 -9999 -9999 -9999 -9999 -9999 -9999 -9999 -9999 -9999 -9999 -9999 -9999 -9999 -9999 -9999 -9999 -9999
