data/rasters/s3.10.06.cu.1_xyz_08_.asc
NCOLS 100 
NROWS 100 
XLLCORNER -4 
YLLCORNER -4 
CELLSIZE 0.08 
NODATA_value -9999 
[rows 21 to 41 of 100, columns 48 to 95 of 100]
-0.253870167095317 -0.301036530665077 -0.297627886461466 -0.273092261413722 -0.28113527058239 -0.31511481998905 -0.290568205549335 -0.244562339268023 -0.238822768975001 -0.230642739330923 -0.0982800674790039 -0.0140358496250329 -0.0698430897216797 -0.0488296809616745 -0.0662489380533617 -9999 -9999 -0.0369505496601532 0.0931529321351856 0.183891163417305 0.19327663326613 0.091054292277991 -0.0178576140961921 -0.161296439798256 -0.208568304895728 -0.227667806711245 -0.157911979135981 -0.0354064323533577 0.0803665311249395 -9999 -9999 -9999 -9999 -9999 -9999 -9999 -9999 -9999 -9999 -9999 -9999 -9999 -9999 -9999 -9999 -9999 -9999 -9999
-0.269047142528334 -0.286585546378167 -0.28073992962283 -0.302017305311546 -0.297135879087599 -0.290824055080347 -0.25776683311087 -0.205406959067946 -0.187438637696454 -0.201763337627418 -0.101261041698653 -0.0546161462656972 0.0120430466328121 -0.0493020069261986 -0.00561479466632103 -9999 -9999 -0.0444501968793781 0.0418511685658252 0.156231037471218 0.097065515233672 0.104192595565191 -0.0725256641604204 -0.177360074585325 -0.284632869473783 -0.209902969378635 -0.109349427224492 0.0396929750441063 0.125903311861459 0.169359437631544 -9999 -9999 -9999 -9999 -9999 -9999 -9999 -9999 -9999 -9999 -9999 -9999 -9999 -9999 -9999 -9999 -9999 -9999
-0.270872052230345 -0.271590353390838 -0.252290068237662 -0.251885404704173 -0.299043654190017 -0.278850214752032 -0.223795331429964 -0.187151324436922 -0.155775036705889 -0.133104480448418 -0.169417711693137 -0.0351367897388799 0.0125596414754161 0.037556165519672 -9999 -9999 0.0386959603334771 0.0969649319926988 0.125924547076444 0.203008115672009 0.135700798785817 0.048208520185466 -0.101853136904214 -0.132285547478635 -0.177671815303878 -0.209581819743879 -0.113705802422705 0.0717014872393892 0.137976562746069 0.160999857482813 0.159128449175141 -9999 -9999 -9999 -9999 -9999 -9999 -9999 -9999 -9999 -9999 -9999 -9999 -9999 -9999 -9999 -9999 -9999
-0.257370807016757 -0.304446512901625 -0.269927685265399 -0.210853090696428 -0.200590397099506 -0.162875165854136 -0.02719198550934 -0.16746419058794 -0.188129108404075 -0.130098581827256 -0.174378657994278 -9999 0.00292721744250019 0.107320498519456 0.0803772638558831 0.00819445888490992 -0.0166041552210361 0.236775377252954 0.229438583413966 0.236365330856379 0.139318848673243 0.0583404076788577 -0.0794649218727074 -0.110727193942273 -0.124319991180302 -0.124912073467576 -0.0390678245383845 0.0728615654383588 0.138477508392708 0.170001802087537 0.147508570232804 0.180886864140771 -9999 -9999 -9999 -9999 -9999 -9999 -9999 -9999 -9999 -9999 -9999 -9999 -9999 -9999 -9999 -9999
-0.257063645743656 -0.331223164749792 -0.283587487775045 -0.205433887216481 -0.0231048872258669 -0.0181788967244429 -0.0224168914451997 -0.0702511375012429 -0.167388566827678 -0.0676632431036972 -0.0618217688471367 0.0308530830278908 0.0526255940007738 0.121571598749807 0.120355909129164 0.138150158971869 -9999 0.19312467687828 0.238316281788869 0.234555356016097 0.201871670272961 0.183340749887124 -0.0576407555551339 -0.0796797598349012 -0.0788971046634333 -0.0617265867638003 -0.0905915500685937 0.117466706781774 0.147031158423408 0.232972730484345 0.204924120912885 0.14812289459636 0.129910402351007 -9999 -9999 -9999 -9999 -9999 -9999 -9999 -9999 -9999 -9999 -9999 -9999 -9999 -9999 -9999
-0.156120156960409 -0.288716853996479 -0.268404887817717 -0.176061252658972 -0.105057206720618 -0.166020096267396 0.0399481042012866 0.0353980718667459 -0.027743683838214 -0.0137843775983619 -0.045250114521838 0.0538038570373101 0.0565847933092887 0.153888080291195 0.200183603943978 0.183949028878105 0.239836220599623 0.207542124565549 0.250219592349135 0.221970241285741 0.188815278541418 0.257382386473388 -0.108708442269193 -0.052058067746539 -0.00933016104297259 -0.00177980925186305 -9999 0.198005847844715 0.166814996707953 0.233629941664008 0.19226879816065 0.154017521239161 0.113071344439706 -9999 -9999 -9999 -9999 -9999 -9999 -9999 -9999 -9999 -9999 -9999 -9999 -9999 -9999 -9999
-0.118067765102682 -0.25132425774898 -0.248075435522562 -0.203791704191673 -0.0234416650182586 -0.0150136414916666 -0.00867680681727677 -0.00738510880731026 -0.0189911773514269 -0.0184766145126369 -0.0378156520956527 -0.05413029980215 0.102946888142364 0.155722936794286 0.150347642133925 0.127182631550559 0.246554048926597 0.221092674740646 0.177080219217667 0.150850233827847 0.137026379756452 -9999 -0.116176122940027 -0.0467649707124402 0.0287580849913506 0.0435334155650004 0.249064939884149 0.241174567416193 0.05781217797694 0.183418551510652 0.178822603519754 0.103990897793355 0.0682560739470229 0.10177388318708 -9999 -9999 -9999 -9999 -9999 -9999 -9999 -9999 -9999 -9999 -9999 -9999 -9999 -9999
-0.184929089029777 -9999 -0.161675713774789 -0.0755359991792248 0.00694329081862121 -0.0315287513170608 -0.0150765030635815 -0.0475663413679516 -0.0441464477909469 -0.020910527725879 -0.0197161510571769 -0.0203355936158759 0.0369468570686496 0.0903174460941672 0.125706366181703 0.0951779672273364 0.158281505892575 0.18339381599415 0.126717962176166 -0.00380341675313635 -0.111877839938118 -0.115304966852768 -9999 -0.0730151444922549 -9999 -9999 -9999 0.228644471251672 0.234358037096677 0.181451094172986 0.0125023301786724 0.0318835520797175 0.0613183942593976 0.123208665145868 0.142976126678971 -9999 -9999 -9999 -9999 -9999 -9999 -9999 -9999 -9999 -9999 -9999 -9999 -9999
-0.0746851877223692 -0.102049281024497 -0.0548119712686537 -0.0743026162451694 0.0314594385067555 0.0301965547870164 -0.0091696822289714 -0.0817895464172682 -0.0364837252886812 -0.0104573224565933 -0.000504993042149028 -0.00386306952211371 0.00949671854202644 0.0168107424760121 -0.262592114957171 -0.322382951462488 -9999 0.101458416276581 0.0539982640005627 -0.0185790750891275 -0.288322884438022 -0.10358861203204 -0.137732232470185 -0.150616842706816 -0.0435761410990827 -9999 -9999 0.1594549006363 0.237743979544807 0.238564157549386 0.224264211023116 0.207973819613276 0.0902083548780614 0.123676178713695 0.14526646849084 -9999 -9999 -9999 -9999 -9999 -9999 -9999 -9999 -9999 -9999 -9999 -9999 -9999
-0.0110548875709744 0.00706743937601998 -0.0545461183233816 -0.0913488156156229 -0.0587198755931831 0.00285694910809086 0.0328816783691581 -0.0679943374560505 -0.118330309187556 -0.0171140768142628 -0.00128298613248369 -0.0273431636808166 -0.0163376445730309 0.0184960658386894 -0.00743928710490801 -0.351029985978721 -0.234965073224931 0.0748911535927993 0.0328871846146264 0.0228970467897842 -0.0273671751522622 -0.0800954923727679 -0.0645952798294482 -0.0295175771660117 0.0465627969095685 0.0880757717795427 -9999 -9999 0.251014483332321 0.251958365206873 0.288862870741504 0.262070699478828 0.139936064394334 0.142243133765937 0.165997531186877 0.186922565413358 -9999 -9999 -9999 -9999 -9999 -9999 -9999 -9999 -9999 -9999 -9999 -9999
-0.00551140071391713 0.0438306952774982 0.00130825968792135 -0.035008645460261 -0.0601459620006626 -0.0539959678808319 0.0101576753920456 -0.0815174718036131 -0.0678804072266462 -0.039997260044275 -0.0339479642190157 -0.038126614115486 -0.0491125408172366 -0.0296503844481612 -0.0476665941398781 -0.0762427107542678 -0.061610510070708 -0.0684663358461777 -0.0532688006364949 -0.0109758762168038 -0.0524343708949618 -0.104468976576621 -0.086910326594251 -0.0483389130351591 0.0153120924968586 0.0591703615257766 0.054179348755107 0.256558740492224 0.230383563001025 0.228534849701989 0.27021456527585 0.294191498233119 0.248814018093784 0.269290931685398 0.229401540166014 0.0999616620003786 -9999 -9999 -9999 -9999 -9999 -9999 -9999 -9999 -9999 -9999 -9999 -9999
0.00685522262096027 -0.00845582811446664 -0.0686987499241521 -0.152709299667426 -0.11141459820388 -0.102617843629989 -0.113689602624608 -0.097762773134302 -0.0586819711783493 -0.0600622566382092 -0.0766220038387855 -0.0653197996495974 -0.0344874843081673 -0.0254085109226459 -0.0690345156812935 -0.104853646990031 -0.143489716531615 -0.179092124962882 -0.110664661858574 -0.0574630990697722 -0.113964423084185 -0.153156008667673 -0.134621317194453 -0.059572053901315 -0.00208571761097149 -0.00677366183598215 -0.0446836416116448 0.150635624153735 0.200757040435381 0.206232305654713 0.237016501461385 0.30674348939747 0.324016893996205 0.271146316065785 0.324642761824706 -9999 0.394758578140597 -9999 -9999 -9999 -9999 -9999 -9999 -9999 -9999 -9999 -9999 -9999
-0.00730126274305489 -0.0500290364200658 -0.204618866864797 -0.168827349414612 -9999 -9999 -0.127803422803326 -0.0762280755055106 -0.0381122984863952 -0.0326952446121687 -0.0730011312013977 -0.0765827535136364 -0.0524736950748457 -0.082026717853374 -0.114214476851509 -0.135422204794914 -0.176993183930804 -0.18969849746978 -0.151719970889627 -0.120125112986342 -0.174886605460364 -0.21876355232356 -0.199399734796179 -0.153079810821543 -0.118620152634983 -0.0877117849052281 -0.181336011278769 0.0966912683780043 0.160183839404597 0.167341703606721 0.237302880303486 0.258650040561844 0.190666221083392 0.302699715324262 0.322869351225836 0.362393355561491 0.388629540678787 -9999 -9999 -9999 -9999 -9999 -9999 -9999 -9999 -9999 -9999 -9999
-0.0871774636227761 -0.16499454529258 -0.224565826298682 -0.217024071520897 -9999 -0.138405395124331 -0.109928632473735 -0.0721491744593943 -0.0139252088304668 -0.0116647589794481 -0.0626824543612335 -0.0911511259568913 -0.0958442446293896 -0.150736726113851 -0.176468433561459 -0.208837183860055 -0.211344365969296 -0.111238201385383 -0.131924863313567 -0.203349578195525 -0.264950898099581 -0.288434835753924 -0.244124774546857 -0.205941108711678 -0.186483009151868 -0.230497710964052 -0.265031188482815 0.10253546582159 0.0487837360513998 0.0724111515887484 0.104502033947814 0.139432969330585 0.136912178472482 0.279148408226813 0.343261829296123 0.323038268119053 0.463850992423031 0.472708222249134 -9999 -9999 -9999 -9999 -9999 -9999 -9999 -9999 -9999 -9999
-0.074407913837366 -0.125188908705752 -0.264594194155344 -9999 -0.166241084516173 -0.14429017940957 -0.120569122496539 -0.0745904660993652 -0.0242050339168143 -0.0115574126639733 -0.0581111687789503 -0.0860740536297026 -0.0862981742824981 -0.18395173608435 -0.205794470669855 -0.23077877449223 -0.042428331514731 0.00146054505867058 -0.0572592534701356 -0.17302127509842 -0.346360151169181 -0.343770586485307 -0.29738410271454 -0.237689231239343 -0.22598652971519 -0.25897843898651 -0.286461430061152 -0.084606127704607 -0.0737721373090493 0.0185176175711847 0.115324262434933 -0.0277199372692921 0.090834740088059 0.306471749980072 0.318740328813409 0.297018743716783 -9999 -9999 -9999 -9999 -9999 -9999 -9999 -9999 -9999 -9999 -9999 -9999
-0.22414152966856 -0.202292877886305 -0.290655787631536 -0.166938998220615 -0.147945953805617 -0.138172044728571 -0.125949312444484 -0.0894432093623801 -0.0543183642175407 -0.0311926929507681 -0.000405243712475345 -0.0392983115037623 -0.0919658621134851 -0.149365253042427 -0.222306949136025 -0.142582350396279 0.0129144093696437 0.0443841643552761 -0.0859707141456561 -0.232131209372752 -0.369793871121499 -0.401509810862344 -0.321894913460402 -0.259909197913069 -0.287667517981669 -0.335134164426192 -0.352480131347673 -0.240682268840772 -0.156971456014274 -0.0240862111016328 -0.045254491712091 -0.124412200677126 0.204171686960921 0.223887478697386 0.265127037539785 -9999 -9999 0.311003242518339 0.37096370662006 -9999 -9999 -9999 -9999 -9999 -9999 -9999 -9999 -9999
-0.242445114487168 -0.289960523671715 -0.229820198714485 -0.182908579930757 -0.149000928399734 -0.130924885742221 -0.137765454600762 -0.134601661836484 -0.0871562920139811 -0.0497727125862898 -0.0123999844054094 -0.0413018424637174 -0.0747144775676902 -0.0774464423216631 -9999 0.0520079065753136 0.0461016316165527 0.009396123041012 -0.251771892633634 -0.280170983644141 -0.321804551878451 -0.330438497310176 -0.309380417960027 -0.301053157492832 -0.305240328039359 -0.32349769694146 -0.357628414321 -0.264005597480024 -0.210021072728822 -0.0949275633658656 -0.065812137547914 -0.106218550392354 0.220879898824521 0.194102905128376 0.246419763618004 0.315193926703367 0.357339170333328 0.446993958232266 0.433775986137151 -9999 -9999 -9999 -9999 -9999 -9999 -9999 -9999 -9999
-0.256300574562033 -0.225269424672731 -0.251309308896983 -0.254543467257997 -0.176465389330868 -0.173362717715014 -0.156902326529085 -0.160900282125919 -0.124075709199175 -0.0722856450946726 -0.0432172873132248 -0.0331108903134288 -0.0590318488629223 -0.0355725978410279 -0.0259014489762634 0.0799131306053956 -0.0515065859390027 -0.268539780566993 -0.283306486127412 -0.300982505761473 -0.322796841257657 -0.349947703854926 -0.328995978234192 -0.337937613359253 -0.41382919818306 -0.320354138217154 -0.247272131753458 -0.350736848984559 -0.329949837308491 -0.240133058697355 -0.139015712638111 -0.0605320588830745 0.186130887443911 0.222641762924521 0.23164206686861 0.282214440989018 0.281535509311791 0.449908728244057 0.356260235657601 -9999 -9999 -9999 -9999 -9999 -9999 -9999 -9999 -9999
-0.33124581768615 -0.281583637922689 -0.329994816228938 -0.25265383018895 -0.220945093277115 -0.200115372090415 -0.181082399321076 -0.161936759111059 -0.125705524568261 -0.118425628788244 -0.0793143167744146 -0.0445406746499176 -0.0472978156534424 -0.0407276181827491 0.0122877950701155 -0.00825657812256335 -0.0716303751780022 -0.212912649707426 -0.279756749414972 -0.345652950528906 -0.325310140664714 -0.352582257421694 -0.361673292038817 -0.388966140248066 -0.377368277316383 -0.384862608729377 -9999 -0.310562860198213 -0.309701902051155 -0.319138980738015 -0.266505988475216 0.0317189100153662 0.218915196811742 0.265045403210582 0.26491329137978 -9999 0.248508813042961 0.300084123704105 0.414216332252017 0.329968463343833 -9999 -9999 -9999 -9999 -9999 -9999 -9999 -9999
-0.442386212520496 -0.489113191110174 -0.424262775060393 -9999 -0.219566813878309 -0.163194903321016 -0.160610861834777 -0.189036989067415 -0.220664060701952 -0.225126132332496 -0.186817561107448 -0.130980724616641 -0.0527247093990421 -0.0654899896003651 -0.0693621671619628 -0.137077230603321 -0.168809870191361 -0.178981920921809 -0.218996683137951 -0.194421109377201 -0.262640136892406 -0.320470797558186 -0.36385936153473 -0.398606315677211 -0.41930008723443 -9999 -0.26673757526164 -0.265429929143238 -0.253533396316065 -0.30579476880287 -0.28902520825115 -0.182021224912927 0.00907493920515948 0.109908138827684 0.132784632352898 0.135110469062411 0.234666107567394 0.0541589687738567 0.393804819110076 0.356154220767918 -9999 -9999 -9999 -9999 -9999 -9999 -9999 -9999
-0.448585794791884 -0.490781806489727 -0.352139864333798 -0.261722486531718 -0.253761870276459 -0.154065132544861 -0.141284020637427 -0.191256834463301 -0.181005133524918 -0.283512937510306 -0.297850025548507 -0.178672863349777 -0.129435546229423 -0.134018987954502 -0.170834932451393 -0.225000358435629 -0.261907882674573 -0.20201418537665 -0.156382890061409 -0.129221871656996 -0.154361168915278 -0.177634962654536 -0.342256472580623 -0.33534248726717 -0.361311454714585 -0.33497991665065 -0.249936774031517 -0.21035090830809 -0.254102736133159 -0.258478153495526 -0.324307084013017 -0.153353961273704 -0.118474149589709 0.11865370263475 0.154684054075287 0.109891191628792 0.0916557727413869 0.0705397791483365 0.256391871526514 0.345524772394155 -9999 -9999 -9999 -9999 -9999 -9999 -9999 -9999
