data/rasters/s3.13.06.li.2_xyz_08_.asc
NCOLS 100 
NROWS 100 
XLLCORNER -4 
YLLCORNER -4 
CELLSIZE 0.08 
NODATA_value -9999 
[rows 44 to 65 of 100, columns 50 to 99 of 100]
0.283572184857243 0.229790236432252 0.238497976615026 0.198005284093093 0.196575800737822 0.19348181997472 0.20423437919534 0.215578502537597 0.269984460275738 0.238378596845514 0.265932643723973 0.226458129021182 0.145142017197444 0.110036313792684 0.052282918754841 0.0781420553103608 0.124889450409527 -9999 -9999 -0.0696021935398687 -0.0436089747649151 -0.114626043191024 -0.26857551405117 -0.092187515914365 -0.0144980781205689 -0.0961115391770579 -0.108068561744415 -0.0740730653471712 -0.0496395532565407 -0.0205443603165294 -0.0230508504748068 -0.0722203378824769 -0.137480811042118 -9999 -0.168545942867217 -0.246413404063846 0.01717061141093 -0.118175009320966 -9999 -9999 -9999 -9999 -9999 -9999 -9999 -9999 -9999 -9999 -9999 -9999
0.350986506987496 0.308419577807442 0.26710233468837 0.244404137877798 0.244106256548134 0.238312831067649 -9999 0.257397267720385 0.270076463057551 0.261330195963851 0.272203987591203 0.238913540220716 0.228728451347255 -9999 -9999 -9999 -0.0109734035677443 -0.0673149420404778 -0.185914625153053 -0.0429290037766174 -0.0802503304550901 -0.291345699819112 -0.260270191075365 -9999 -9999 0.000944281283924094 -0.00254263551477996 -0.0478601019055727 -0.0312551766521077 -0.125908397525529 -0.148056460111333 -0.0956569338824057 -0.14733141616684 -0.214716073412965 -9999 -0.215798568422106 -0.145981961550253 -0.12413481629183 -9999 -9999 -9999 -9999 -9999 -9999 -9999 -9999 -9999 -9999 -9999 -9999
0.285016874894724 0.312055202217455 0.293582966480972 0.255638343479108 0.2723670360345 0.311530992226455 0.232163407060103 0.260616172625912 0.263155561152451 0.236751640732247 0.285426169966294 0.239876791982301 0.245201861877409 0.253696293259233 -9999 -0.000600604826441896 -0.0204144411123175 0.0334015061757199 -0.228761679223211 -0.102657726233714 -0.197209627922112 -9999 -9999 -9999 -0.0288084033414018 -0.02587475046936 -0.0565947248962982 -0.0275007280808253 -0.0865862533829285 -0.118395263722637 -0.112286894052586 -9999 -9999 -0.289383185062539 -0.332772235074791 -0.19105903599607 -0.181717802610032 -0.151556119846551 -9999 -9999 -9999 -9999 -9999 -9999 -9999 -9999 -9999 -9999 -9999 -9999
0.333155138408303 0.334597393131979 -9999 -9999 0.328148518545719 0.300981723452371 0.152606189994835 -9999 0.256562583925741 0.26086320109263 0.282053376178424 0.225836933439785 0.178607047806963 0.199631696375508 0.160413820140504 0.16221864748871 0.0665841577851209 0.0411978407263205 -0.0835456164650663 -0.22776176437181 -0.132734714070195 -0.159033428924711 -9999 -0.0936886622528388 -0.123090228634685 -0.0460948827295805 0.0382449663948314 -0.05715236687229 -0.104918802089147 -0.10850029663788 -0.100977432557797 -0.0627094491083313 -9999 -0.396915451376149 -0.358381161444767 -0.109966990996595 -0.180553002990119 -0.170617612477813 -9999 -9999 -9999 -9999 -9999 -9999 -9999 -9999 -9999 -9999 -9999 -9999
0.376904520178239 0.291133850611017 -9999 0.359962957809505 0.375308770110552 0.374228607128371 0.427687681652745 -9999 0.366282658600585 0.243639582726877 0.265800840383118 0.256006805934361 -9999 0.0760272288662786 0.110529944230183 0.133517124307887 0.126968292940506 0.14980264860265 0.0177888621257518 -0.188501500603784 -0.259646246421212 -0.13076452024076 -9999 -0.0540504215237679 -0.0777427315493367 -0.10709336502125 -0.0759272957538534 -9999 -0.166531851253773 -0.125655202699677 -0.131754525369288 -9999 -9999 -0.332119200825923 -0.340447054939216 -0.12240198695199 -0.155307849618222 -0.197665882848481 -0.0983869944584414 -9999 -9999 -9999 -9999 -9999 -9999 -9999 -9999 -9999 -9999 -9999
0.313746015975085 0.274735123661467 -9999 0.336671306574704 0.384421628266622 0.454944367089024 0.518616692355817 -9999 0.300695317846533 0.289810087025995 0.282254296165906 0.240688599625518 0.110545857657859 0.143943498493127 0.0930160168442067 0.0362275902511533 0.0927821115294332 0.110300310945035 0.0956087223520875 -0.00309217617471681 -0.00651187491143354 -9999 -0.00731751976285857 0.00536675214846837 -0.0222031607329576 -0.0695772316892146 -0.0928123322539575 -0.198038044227993 -0.199759027744892 -0.0607923386253441 -0.0658065756958762 -9999 -9999 -0.49907947635315 -0.31558365548527 -0.263046398689136 -0.108931272656433 -0.11785520975401 -0.128354961205389 -9999 -9999 -9999 -9999 -9999 -9999 -9999 -9999 -9999 -9999 -9999
0.260401863629412 0.352410114216279 -9999 0.324144374408611 0.313177781797978 0.281675319146544 0.50146780970497 0.426413770815038 0.267292596418431 0.329535915694335 0.319462731078229 0.261485175805127 0.141498023724859 -0.0300282034661098 0.0461668252714074 0.0474423812906975 0.0949098863290669 0.0242490310198086 0.0563941320681724 0.0660657754928015 0.0249503327655612 0.010632174216894 -0.00735018747042878 -0.0454142465515772 0.0620162054157303 -0.117670869696848 -0.190064536909144 -0.156875915667926 -0.165850743242897 -0.161796724149039 -0.125340863017977 -9999 -9999 -9999 -0.295136225139329 -0.133088272285874 -0.141789148616721 -0.11934093288853 -0.33976611869031 -9999 -9999 -9999 -9999 -9999 -9999 -9999 -9999 -9999 -9999 -9999
0.0443694706797743 0.292692360728154 0.243095590670099 0.18456263247719 0.276652345592922 0.316256230311274 0.273252895497932 0.182853104647892 0.269226288263864 0.345705632731767 0.342433490012879 0.286043934619384 0.164308314282209 0.00400810603348062 0.185838666386952 0.146682293198228 0.0720466327838387 0.0256433941472159 0.0762358473907536 0.019297154412062 -0.0189822807279115 -0.0624351335408649 -0.00395432149477177 0.0274049132020319 -9999 -0.18586315623164 -0.19478454768115 -0.0909943780796846 -0.0865320253204248 -0.230586719123469 -0.227494326499847 -0.197403297757173 -0.143557770576111 -0.226708019674571 -0.261567826027882 -0.20690090850134 -0.182511928500727 -0.227917903539296 -0.358231982248951 -9999 -9999 -9999 -9999 -9999 -9999 -9999 -9999 -9999 -9999 -9999
-9999 0.331922977293185 0.265998095916511 0.148824362666052 0.165261938133826 0.167054701578292 0.166717339067043 0.145580780834559 0.281627820474865 0.327248613369107 0.386389951708762 0.330659881002592 0.191681793698574 0.17445660014912 0.161221936099165 0.133452873003765 0.0591220370299156 0.286920093024595 0.190757063749975 0.132054675506457 -0.0214574736009137 -0.0693381439115541 -9999 -0.100187759756382 -0.15021450957679 -0.166853802520828 -0.164773185667329 -0.107107709822445 -0.146687766139096 -0.286643334718791 -0.178852028872696 -0.163170313814226 -0.170014418297241 -0.131803475161529 -9999 -0.242200827269527 -0.190436011214229 -0.173671419674856 -0.142298440076852 -9999 -9999 -9999 -9999 -9999 -9999 -9999 -9999 -9999 -9999 -9999
0.415223927317553 0.402931360987101 0.241281445752554 0.197256787619387 0.158043181167461 0.170563686494712 0.175245919822558 -9999 -9999 0.357737912298604 0.36056278376803 0.323661985718654 0.234972109128262 0.213738890828171 0.193707789259967 0.0913719305027636 0.163024444711597 0.234548082230836 0.168615209336994 0.0849730572258706 0.0495474704946432 0.0129591928132698 -9999 0.0108931836036832 -0.140925576111434 -0.183686230401025 -0.151220723829686 -0.108635718795071 -0.109882927294474 -0.0191615946378124 -0.0818566581787387 -0.141638069708663 -0.212047911997051 -0.177309248370007 -0.25105113987438 -0.258972908018516 -0.158882245830765 -0.151501910237465 -0.113569817408949 -9999 -9999 -9999 -9999 -9999 -9999 -9999 -9999 -9999 -9999 -9999
0.032951152061966 -9999 0.268437134758018 0.26506506603015 0.262160353456178 0.175618077713235 0.145795630919441 -9999 -9999 0.327959928990897 0.336916174760672 0.332121808654827 0.354986973897883 0.303489951153489 0.205704360575601 0.195068974285763 -9999 0.122684525086001 0.159978355941534 -0.00501717591490167 -9999 -0.00193136257383908 -0.0710702273279405 0.0204947801113764 -0.0287888978650783 -0.0863051746756674 -9999 -0.0751878821795526 -9999 -0.0099399465134166 -0.118038322361504 -0.113691230434378 -0.190052478390259 -0.220561022062455 -0.228240989852645 -0.175000589422252 -0.0949532078583829 -0.140845715506303 -9999 -9999 -9999 -9999 -9999 -9999 -9999 -9999 -9999 -9999 -9999 -9999
0.126928705205268 0.212188886512414 0.228906009585739 0.208964193696229 0.259459984178831 0.186708370341788 -9999 -9999 0.171840518315119 0.322998181129476 0.336409442041048 0.305050520357353 0.334002484734144 0.18696895293489 0.356172740680252 0.465474010163291 0.282884551569007 0.244725767853007 0.180575431264163 -9999 -9999 -0.105353157233863 -0.0437107996963462 -0.00874710386352132 -0.0206360538095165 -0.0486656506004392 -0.087384385932221 -0.0678770912213616 -0.100886036136188 -0.0675620103112743 -0.132121043606876 -0.14157395900258 -0.215492587870101 -0.14853412100755 -0.172949203718978 -0.0702271223816372 -0.14234201174899 -0.179282234599524 -9999 -9999 -9999 -9999 -9999 -9999 -9999 -9999 -9999 -9999 -9999 -9999
0.148321329497411 0.131815398035628 0.186749957567763 0.112977181277388 0.158938783754846 0.166982833119578 -9999 -9999 0.149921782316068 -0.00605344685871807 0.364400851500787 0.317106592504888 0.308417266731647 -9999 0.31889562640159 0.437921898869168 0.287293981954135 0.275279576344371 0.224194448870729 -9999 -9999 -9999 -9999 -9999 -0.0525826437590007 -9999 -0.176023825743259 -0.126953038046596 -0.109828581315075 -0.0561507186312337 -0.088819302891966 -9999 -0.136772528983026 -0.110498887196855 -0.244933688624233 -0.27357059255261 -0.237573032633244 -0.150766478600083 -9999 -9999 -9999 -9999 -9999 -9999 -9999 -9999 -9999 -9999 -9999 -9999
0.121910000336384 0.20817063478804 0.159710350901905 0.150738150665251 0.178073833054939 0.105657254732905 0.0937040022811483 0.0461316138911241 0.0907576811957824 0.0309307117318378 0.385247028641603 0.386340701950061 0.353021554614205 -9999 -9999 -9999 0.277593971954601 0.212223699530943 0.214103376261943 -9999 -9999 -9999 -9999 -9999 -9999 -9999 -0.248899796569409 -0.133178413449203 -0.124849238416002 -0.0632279505356134 -0.175504683445172 -9999 -9999 -0.181415173877608 -0.200885365707667 -0.183128177817044 -0.0999245064697206 -0.0947788424860219 -9999 -9999 -9999 -9999 -9999 -9999 -9999 -9999 -9999 -9999 -9999 -9999
0.156475137254732 0.228118974457342 0.230665153166174 0.0737287248285758 0.0859167458569191 0.100107460204358 0.0726129376534464 0.0977325918620998 0.0715472025955399 -9999 -9999 0.260878670875506 0.296577756579929 -9999 -9999 -9999 0.226171825517821 0.242293289458305 0.269696518424509 0.274127824495274 -9999 -9999 -0.223334856750201 -0.207583520641151 -0.200134189645774 -9999 -9999 -0.0556180173606083 -0.0726796963171781 -0.0352851959742709 -0.154497211263921 -0.0810565926212514 -9999 -0.167653123736555 -0.2496416677887 -0.166836687075329 -0.148429111230532 0.055130611336286 -9999 -9999 -9999 -9999 -9999 -9999 -9999 -9999 -9999 -9999 -9999 -9999
0.2678987543637 0.268298399920385 0.155202433766894 0.0816965500343866 0.128232891162972 0.133768696657783 0.159918373659023 0.031015661185109 0.0718440262093256 0.0517904858423049 0.155335955516724 0.273781182939645 0.288565781204858 0.284123284463248 -9999 -9999 0.385650009595428 0.413320266954767 0.318720240773 0.319244651244378 -9999 -9999 -9999 -0.25674331386455 -0.270400656666693 -0.0429241105397175 -0.0116036610192315 -0.0672022994886705 -0.0472030344696353 -0.059018864960795 -0.167640677140021 -0.17427035353613 -0.182753444581709 -0.154977023444318 -0.187040251380919 -0.187553728168948 -0.202913196931579 -0.00921444401840893 -9999 -9999 -9999 -9999 -9999 -9999 -9999 -9999 -9999 -9999 -9999 -9999
0.235178492062892 -9999 0.214831730446188 0.145417299562417 -9999 0.107188708371487 0.0669132584173089 0.0593469451948844 0.0582232065873307 -9999 0.171726747620878 0.264529691177451 0.305338387272521 0.278841095432242 0.342167629698077 0.20465376756339 0.347285253074582 0.381598506909047 0.35987928998358 0.36980003004843 -9999 -9999 -9999 -0.2993794289335 -0.367227675962018 -0.0561950918038855 -0.0322115421003615 -0.0523818312788094 0.0152935767330304 -0.064437519052479 -0.165920772087069 -0.205598163883947 -0.165534550320629 -0.158480421445501 -0.0380181227185542 -0.0460811821701447 -0.0249917509152614 -0.00924999779458006 -9999 -9999 -9999 -9999 -9999 -9999 -9999 -9999 -9999 -9999 -9999 -9999
0.207454527143591 -0.0451069268258742 0.196626216908792 0.14557812812817 0.115843899027364 -9999 0.0879205004451357 0.0601890315276717 0.0557327583717814 0.0955866935845213 0.161454648315635 0.250446087875106 0.295585059678004 0.254344335793341 0.352444379097476 0.249683382002006 0.275629861750076 0.349287053991596 0.0478039285482575 -0.00551266404473667 0.010123422557151 -9999 -9999 -0.382208099507447 -0.345136496727294 -0.180762800466515 -0.12357713663059 -0.021581615071435 0.0370792034680915 -0.0810546197536867 -0.11916098106589 -0.130596228673696 -0.128538662523065 -0.128940280380859 -0.153978169173572 -0.171956554466136 -0.171775984084678 -9999 -9999 -9999 -9999 -9999 -9999 -9999 -9999 -9999 -9999 -9999 -9999 -9999
0.18097087659542 0.171828715243768 -0.0181156511491711 0.0581884092350369 0.0655984592323315 0.0458834460356129 0.0813341838529792 0.0904341554456477 0.0717532782398199 0.153378399101867 0.108783414458728 0.109430027926594 0.232815534172424 0.202243256374368 0.0965885305872443 0.143811903357398 0.140760710445706 -9999 -0.0226334549107784 -0.0265496116775154 -0.107885913536629 -0.233476767126519 -0.194237748059847 -0.218149503309143 -0.203962723048797 -0.121510353066279 -0.161947878527339 -0.0226918311044196 -0.0217290514118814 -0.0814893649408383 -0.0830009687179042 -0.103131614013863 -0.10159897811024 -0.134299986729937 -9999 -0.233300844176244 -0.211608754647795 -9999 -9999 -9999 -9999 -9999 -9999 -9999 -9999 -9999 -9999 -9999 -9999 -9999
0.192947842460051 0.124805041055687 0.012748805894879 0.0224174827296327 0.0203045327888225 -0.0987049670825222 -0.053036370313021 -0.0429512212142213 -0.0405596415357546 -0.00660559362653872 0.0433451517976282 0.0299819960953718 0.131382000120819 0.185353121893121 0.119087947884901 -9999 0.133655319048682 0.0457399053318916 -0.022859663619501 -0.0589986910334177 -0.0902143944110822 -0.131593692400065 -0.197645020258137 -0.242311948004321 -0.158692539029017 -0.173890937618344 -0.0691560011886339 -0.00512789298683237 -0.0840063923769414 -0.0734176545558233 -0.0862051838414824 -0.119477406492366 -0.1329386275007 -0.164961941074585 -0.143827491475914 -0.155396615893178 -9999 -9999 -9999 -9999 -9999 -9999 -9999 -9999 -9999 -9999 -9999 -9999 -9999 -9999
0.186647632482917 0.208236592817106 0.0799374833032801 0.0369794533432887 0.048799833010787 0.00664846721112246 -0.047539237926296 -0.00621283356389831 -0.0525123307428725 0.0146161908688335 -9999 -0.047057723073925 0.0905127077011669 0.131030732693619 -9999 -9999 0.0759695937460957 0.170151740926566 -0.0582505948831647 -0.0888944161243363 -0.171300183416288 -0.134901498542855 -0.226189910808543 -0.17521280389122 -0.17620114349842 -0.160343618778239 -0.0905187615040582 -0.109253035447339 -0.165691838857372 -0.226045193913516 -0.226880993937305 -0.219734473398301 -0.0352281381810541 -0.082774908484876 -0.0976125929554927 -0.153992255331533 -9999 -9999 -9999 -9999 -9999 -9999 -9999 -9999 -9999 -9999 -9999 -9999 -9999 -9999
-9999 0.222688980495226 0.0854741306894645 0.0692087448232943 0.030677426783051 0.0248508260992338 -0.015448183489954 0.0480525099655238 0.0558641502892409 -9999 -9999 -9999 0.0617176978333676 0.0442099502343755 -0.0969127206460585 -0.0649026164894318 0.0337178475153833 -0.0892495704594164 -9999 -0.103800392102238 -0.139438672205825 -0.188654796921047 -0.205910793922938 -0.184289157894735 -0.128294120269674 -0.0992412869987867 -0.097017212086422 -0.133456973900109 -0.16421042298761 -0.207154432023788 -0.194294950410789 -0.0395479694581346 -0.0313869368975215 -0.0556373019586857 -0.029678235428505 -0.123122509505717 -9999 -9999 -9999 -9999 -9999 -9999 -9999 -9999 -9999 -9999 -9999 -9999 -9999 -9999
