data/rasters/s3.13.06.li.1_xyz_08_.asc
NCOLS 100 
NROWS 100 
XLLCORNER -4 
YLLCORNER -4 
CELLSIZE 0.08 
NODATA_value -9999 
[rows 21 to 41 of 100, columns 49 to 97 of 100]
-0.00120495568415481 -0.0022051673668305 0.0702247587491168 0.0658486272026465 0.0448687445153178 0.202576051112028 0.118485149390005 0.1227506570363 0.121736446062867 0.137124265453673 0.138104333604445 0.0978416031591985 0.071470471263314 0.0593568329487729 -9999 0.0267810355505126 0.0685588516085619 0.0613399968174763 -0.0463612617292862 0.00108031622495538 -0.00916180643038958 -0.034226709996214 -0.101319658803558 -0.176054462413286 -0.189532692875 -0.0957647755406236 -0.0646025599220095 -0.179861246642809 -9999 -9999 -9999 -9999 -9999 -9999 -9999 -9999 -9999 -9999 -9999 -9999 -9999 -9999 -9999 -9999 -9999 -9999 -9999 -9999 -9999
0.0407380301685448 0.0287181610103702 0.0188550755072161 -0.127875213852869 0.0951777735126164 0.234151330153191 0.15300987057298 0.106273999875059 0.0820125654410689 0.149993334898374 0.0520107590015465 -9999 0.0947843014481447 0.13584531110562 -9999 0.0162999089561416 0.0594777879146407 0.0198533976362332 -0.0180613414586552 -0.0161431598109922 -0.0181207894304527 -0.0546740466101489 -0.0854940929939194 -0.119321485748346 -0.275845785747978 -9999 -0.116887692717618 -0.134420609660449 -0.161006046426325 -9999 -9999 -9999 -9999 -9999 -9999 -9999 -9999 -9999 -9999 -9999 -9999 -9999 -9999 -9999 -9999 -9999 -9999 -9999 -9999
0.00103036215885651 -0.0227935911056293 0.054869947412298 -0.0398040656616673 -9999 0.275354771779744 -9999 -9999 0.175552922451534 0.128449529201782 0.0762827090173228 -9999 -9999 -9999 0.365117843902384 -9999 -9999 0.0180368873229514 -0.000900761477716034 0.0675767361084512 0.0499871707976421 -0.00207415293222535 -0.0808200632329341 -9999 -0.107506820273742 -9999 -0.144396755960591 -0.0463027649027459 -0.0484480673867197 -0.0085695325970892 -9999 -9999 -9999 -9999 -9999 -9999 -9999 -9999 -9999 -9999 -9999 -9999 -9999 -9999 -9999 -9999 -9999 -9999 -9999
0.00445732225356568 -0.042056356365535 -0.0220329993926302 -0.0705103091161555 -0.109029969960656 0.0199807805017929 -0.0513316315463775 -9999 -9999 -9999 -9999 0.0976698845709905 0.0534630611026931 -0.0162791105025607 -9999 0.258828719575241 0.0938278905660993 0.0859423558843754 0.0962649700938343 0.0841578203999905 0.0779098931230531 0.0421731835550557 -0.0053765666249368 -0.0434680145029751 -0.0892798966528249 -9999 -9999 -0.177360418994242 -0.0224929744793688 -0.0276596874898455 0.0596436243296387 -9999 -9999 -9999 -9999 -9999 -9999 -9999 -9999 -9999 -9999 -9999 -9999 -9999 -9999 -9999 -9999 -9999 -9999
-0.0198904179299616 0.00467361955257889 -0.0924788942359473 -0.0763775869100291 -0.0296581337734113 0.00475396585832442 -0.0245648067014927 -0.0706688772378486 0.0686545510442054 0.0610314581406554 0.0280741489120567 0.0760929127331726 0.0816156124091024 0.283376372335245 0.175621252872866 -9999 -9999 0.131918660002087 0.0514261586733405 -0.0163394265324197 0.0712868403853688 -0.003892382671029 0.0996409231061116 0.0880201394339233 0.0184180244188159 -0.0991538268072897 -0.0932877687831401 -0.0897701335156805 -0.137436436260982 -0.0553086115597902 0.0232335955129533 -0.0178668782319355 -9999 -9999 -9999 -9999 -9999 -9999 -9999 -9999 -9999 -9999 -9999 -9999 -9999 -9999 -9999 -9999 -9999
-0.0224163845279012 -0.0493890011989244 -0.0712285316064799 -0.0843016853372831 -0.110754894995306 0.0267152449087295 0.0305853691071897 0.0436692041896574 0.0763648330273023 0.0197175465871952 -0.0110501402246479 -9999 0.0882677869388835 0.133619918499127 0.234626512073668 0.167657265082598 0.0197711853972067 0.0589932211494494 0.0487702919608583 0.0245350162262972 0.0146067836516723 -0.0154623078852033 0.0982548954999167 0.0468631324177311 -0.0639203716071192 -0.0480546159900242 -0.0971850955491257 -0.100718484483521 -0.166079128606614 -0.103586323709843 0.0298088660297431 -9999 -9999 -9999 -9999 -9999 -9999 -9999 -9999 -9999 -9999 -9999 -9999 -9999 -9999 -9999 -9999 -9999 -9999
-0.0339132833644956 -0.0215041844769462 -0.0733173874816014 -0.10019128301589 -9999 0.0525843343818182 0.0651073835853006 -0.0159261489544645 -0.00747176160317153 -0.0766787626742932 -0.0415992474230515 -0.0496046165635094 -0.0219799851605748 0.093417931219556 0.164579291864384 0.0166450987837284 0.0087558901636904 0.0796020889905732 0.0941502497228421 0.138473121405856 -9999 -0.0129031928000711 0.00448739400693175 -0.0528056515686412 0.0221611119709883 -0.0371972313291679 -0.0633470803314981 -0.0488667089386954 -0.154731709289808 -0.110385240474193 -0.164905449974897 -0.212412682571869 -0.189370149301417 -9999 -9999 -9999 -9999 -9999 -9999 -9999 -9999 -9999 -9999 -9999 -9999 -9999 -9999 -9999 -9999
-0.0293702283346423 0.00150024573329687 -0.131436993307571 -0.07929219287827 -0.0965893126745274 0.101723091932113 0.0273565759275616 -0.0412391001217236 -0.0842800074775492 -0.0611743893003592 -0.0277389682174995 0.0162359396810928 -0.00797805196601772 0.101319787304206 0.208486984796224 0.00540791939376632 -0.00433334462383657 0.0721908388079209 0.130538975206545 0.166459963435222 0.187090498148845 0.0815576686224072 0.0743094420407982 -0.0581956503150539 -0.013387845795161 -0.0172771412390664 0.0256489116871191 0.00369119620671852 -0.0268542851158494 -0.0501272179523569 -0.180569429221854 -0.228009505408913 -0.153472745099552 -9999 -9999 -9999 -9999 -9999 -9999 -9999 -9999 -9999 -9999 -9999 -9999 -9999 -9999 -9999 -9999
-0.0113431700920439 -0.0350876430288967 0.0432645474920738 -0.0568360237567376 -0.0204122527728781 0.113970596706208 0.0597376407079355 0.0203903030221637 -0.0704553228104951 -0.0663997368881177 -0.014971343300581 -0.00126433944785333 -0.0064743653664573 0.0568878451516023 0.201897702738329 0.0945869691122309 0.049872330095974 0.0413958176162684 0.0415886135352983 0.0405035955627494 0.234097206462703 0.167584431017523 0.177312520025739 -0.0500285702283625 0.0221694673518107 -0.00166055889389663 0.0555534809779502 -0.0485322980349186 -0.130136694445667 -0.203632192070174 -0.101317928134288 -0.159768618427317 -0.180441625515774 -0.161448979356507 -9999 -9999 -9999 -9999 -9999 -9999 -9999 -9999 -9999 -9999 -9999 -9999 -9999 -9999 -9999
0.0384029873377652 -0.0355452838440167 0.0368850350209645 -0.0453955238885537 0.156418754548068 0.0842965612202953 -0.0278035059114261 0.116741421772741 -0.0208917427749897 0.0177212911428094 -0.00817189366417124 0.139955605339452 0.137221177150245 0.0578162548979349 -9999 0.183200647706769 0.108388818046356 0.0938812346438451 -0.0526955560983225 -9999 0.215565830156374 0.138240947750389 -0.0657899687954782 -9999 -0.0991637264668308 -0.0884815361014646 -0.0816684524751475 -0.107478358679483 -0.0588892378893278 -0.153510960406574 -0.201348703659261 -0.185710601281223 -0.124551129476194 -0.134556683538423 -0.16185834699082 -9999 -9999 -9999 -9999 -9999 -9999 -9999 -9999 -9999 -9999 -9999 -9999 -9999 -9999
0.0056733658184722 0.0581134871863521 -0.0247837806054063 0.0252152332438564 0.187340447181514 0.0696922673278256 0.0314772415864758 0.095230653484061 0.0843873553778651 -0.0659610848892872 -0.0311520199293885 -0.00126174231888403 0.0780577622087545 0.177061084751358 0.224573619286722 0.191068532422614 0.149135101646053 0.144712220652194 0.154569561445328 0.220309218021575 0.159164663939882 -0.072533094675866 -0.0537801636943748 -0.0683161675682975 -0.08243409017255 -0.11982809651026 -9999 -0.0418840489040801 -0.0667587553052081 -0.0548064550761331 -0.29202160635549 -0.245943992382045 -0.140175386081251 -0.131892608610999 -0.127663814691581 -0.153211628766895 -9999 -9999 -9999 -9999 -9999 -9999 -9999 -9999 -9999 -9999 -9999 -9999 -9999
-0.0206748718237476 -0.0330318234259827 0.0614014265133444 0.0572541885140138 0.205372427020127 0.149762341957968 0.235121198686384 0.181951331678054 0.144256910037954 -9999 0.0730048857984014 0.180670120301449 0.300250947037175 0.250864077137147 0.21507361167368 0.171193466667202 0.183039642240491 0.161288341464645 0.203363622122467 0.253027771748845 0.179324394695384 -0.0831620811060683 -0.0121968715728567 -0.100382700594844 -0.0722685320701156 -0.0728715518496169 -0.0366573146102027 -0.124630859646863 -0.0715704331529321 -0.128764966437565 -0.322800047777151 -0.351978602491334 -0.186601571819484 -0.0979018657664465 -0.0854276237943499 -0.1475000959026 -9999 -9999 -9999 -9999 -9999 -9999 -9999 -9999 -9999 -9999 -9999 -9999 -9999
-9999 -9999 0.195411953005427 0.110462741076722 0.121677566567443 0.112479727038838 0.22407841682114 0.273721006932434 0.246808176764773 0.338367284647802 0.401251836304587 0.155978071308974 0.196622607926531 0.197522271540418 0.226979184245936 0.172320374603111 0.138828742358744 -9999 0.132423386173937 0.184359204831936 0.145250604380895 -0.0824415078731561 -0.0602507144945786 -0.0768907431973018 -0.158691425383503 -0.180735177001994 -0.079148902340903 -0.130431167991984 -0.0286487966036118 -0.108254874246005 -0.181853296085563 -0.234234829928298 -0.279962001227792 -0.206350953702164 -0.122000055614077 -0.108355565462092 -9999 -9999 -9999 -9999 -9999 -9999 -9999 -9999 -9999 -9999 -9999 -9999 -9999
-9999 -9999 -9999 0.100889001494141 -9999 0.319605068776154 0.268192060933523 0.285078033965599 0.250151862632931 0.206234329684206 0.29266013972617 0.180822214146537 0.152301665055559 0.147769407236759 0.228212610314246 -9999 -9999 -9999 0.123649995478718 0.0609240589814647 0.0419689337451751 0.0172031706969457 -0.144222758695639 -0.247728021230391 -0.265677222672247 -0.196610395521136 -0.252719418161567 0.00518526271521744 0.00581008770860827 -0.114863555613532 -0.162542493200799 -0.142912229325695 -0.289319333809467 -0.24818737047012 -0.139188429782143 -0.0962406210964681 -0.209933207091098 -9999 -9999 -9999 -9999 -9999 -9999 -9999 -9999 -9999 -9999 -9999 -9999
-9999 -9999 -9999 -9999 0.162249892291824 0.220088896082059 0.288810457945801 0.284718384078926 0.244906299482394 0.212028999811924 0.265161741106864 0.2187248623715 0.168171304945299 0.129725668777402 0.303500987427561 0.267293479826349 0.293750340154621 0.113665455969885 0.116814381114283 0.14101165160103 0.233804870609465 -0.072640469747232 0.000518519060204121 -0.167796342672984 -0.232450380926589 -0.220660936451915 -0.303634654829257 -9999 0.0249248891422918 -0.0884452263922904 -0.223312558881775 -0.201246007327994 -0.0342682499718248 -0.0676248806135565 -0.130209552397271 -0.115854380208027 -0.199150874348707 -9999 -9999 -9999 -9999 -9999 -9999 -9999 -9999 -9999 -9999 -9999 -9999
-9999 -9999 0.397995749928311 -9999 0.137600863290424 0.169312636917367 0.41426186116074 0.267795220616061 0.282832538486915 0.263152974913027 0.25601822585331 0.244114759030265 0.21921422698611 0.267159078495752 0.347077719500045 0.18815223485606 0.30098129143967 0.316603571268977 -9999 0.134172021306821 -9999 -0.0129865369437149 0.0698977276473798 -0.193268531365882 -0.234114621688536 -0.224024201932653 -0.149800773551476 0.0302494568097646 -0.0692624135795673 -0.176861559113635 -0.265308093437809 -0.25007240106469 -0.208748594166501 -0.105815026261564 -0.156283841750824 -0.106675031162066 -0.130236810169263 -0.124471338978672 -9999 -9999 -9999 -9999 -9999 -9999 -9999 -9999 -9999 -9999 -9999
-9999 0.35762973003332 0.340855610084424 0.393042095253092 0.1427596856561 0.242892656679638 0.369613455431358 0.262098564774471 0.316726303387181 0.341972035472452 0.288430995099339 0.258687570599388 0.160549382064436 0.307260414975298 0.261416539905796 0.144259690284153 0.187884702506042 0.151525699491858 0.0649775407962197 0.00329032093630134 -0.0399776299590282 0.0357393590331129 0.105658849471572 -0.211536360979248 -0.21871867866219 -0.259968566030889 -0.144616616923763 -0.212801016422996 -0.172480830431987 -0.247123565407053 -0.250877979870339 -0.228367072171497 -0.0484475667258859 -0.0827721765479953 -0.114613032583435 -0.126621449258899 -0.0839248283850778 -0.105948107698371 -9999 -9999 -9999 -9999 -9999 -9999 -9999 -9999 -9999 -9999 -9999
0.332806512128669 0.334482291904065 0.37987856276597 0.31310384889443 0.200823907983006 0.161838297272278 0.191198841444521 0.193714988743634 0.331099547243626 0.349953393175234 0.528253710798916 0.439547931580483 0.402535650788052 0.454882559285769 0.289995112176844 0.17707994300844 0.20784121361239 0.137034238063084 0.0488188853213788 -0.0716771263588789 0.0145308891498949 -0.0294161640736109 -0.239790411586274 -0.331445053888974 -0.277189384393731 -9999 -0.248905814658837 -0.301632276834865 -0.269178895911974 -0.298697808467332 -0.292825233190318 -0.1644396453445 -0.0824511591134706 -0.0700990602170922 -0.0844666794360331 -0.0945443080176706 -0.0680673835739019 -0.0834364536244226 -9999 -9999 -9999 -9999 -9999 -9999 -9999 -9999 -9999 -9999 -9999
0.329967904799731 0.323686305322467 0.345019082472376 0.258020012815742 0.246858637128708 0.232415708020518 0.195385902103558 0.285455918107311 0.230784243709387 0.36663844304444 0.318641908326416 0.407326079983163 0.491566277418599 0.503192628534714 0.328474058823441 0.229034407321084 0.260124005415447 0.175101608832958 0.0956429026674229 -0.00687210787037365 -0.0405185803198844 -0.0708311201716028 -0.280009354210236 -0.367498387210954 -0.228704676634167 -9999 -0.261912062531177 -0.316109341779289 -0.310579778272342 -0.297496333797512 -0.282878270565535 -0.195043030946913 -0.137608043490277 -0.0292852244476879 -0.0246870271940873 -0.13645355467087 -0.140638124082965 -0.110122482855122 -0.0334352116638456 -9999 -9999 -9999 -9999 -9999 -9999 -9999 -9999 -9999 -9999
0.266569937033771 0.289862616904004 0.171372006078887 0.142028728519702 0.180381012729388 0.248458064426326 0.183652717264441 0.319744197023284 0.199944943164327 0.426775275089914 0.221879336254941 0.378334725452998 0.48578814599942 -9999 -9999 -9999 0.191275674097356 0.322263672859099 0.259967090353583 -0.0253690525206825 0.00563410434303274 0.0661245011860186 -0.0797662846033059 -0.288439894304655 -0.239054096836695 -9999 -0.374298681056373 -0.335982972923255 -0.236349519994231 -0.249952569318973 -0.262160018945696 -0.227314179371151 -0.220172017376369 -0.129874517250538 -0.167683574886899 -0.159466247969478 -0.145609566366343 -0.102243539966591 -0.0236538990246548 -9999 -9999 -9999 -9999 -9999 -9999 -9999 -9999 -9999 -9999
0.170928974994167 0.365554569369075 -9999 0.265631143112048 0.296337508124265 0.282953878046795 0.334981546452224 0.227907013969725 0.167372225541021 0.259562716253607 0.24603960950718 0.545536886461021 0.341364852403854 -9999 -9999 0.180249898148458 0.206248333515608 0.213206860336729 0.276458800622156 0.301958569639482 -9999 -0.0240542678814976 -0.392757957543989 -0.324238292799313 -0.291458475472777 -0.246109419399781 -0.225209836614671 -0.272493134188246 -0.279095891649335 -0.232291640576572 -0.229443369665836 -0.26975489387597 -0.244529390691594 -0.229217048102406 -0.180181411021463 -0.0648560416643056 -0.164333850011251 -0.105577832366455 -0.104480381846541 -9999 -9999 -9999 -9999 -9999 -9999 -9999 -9999 -9999 -9999
