data/rasters/s3.10.06.cu.1_xyz_08_.asc
NCOLS 100 
NROWS 100 
XLLCORNER -4 
YLLCORNER -4 
CELLSIZE 0.08 
NODATA_value -9999 
[rows 63 to 83 of 100, columns 0 to 47 of 100]
-9999 -9999 -9999 -9999 -9999 -9999 -9999 -9999 -9999 -9999 -9999 -9999 -9999 -9999 -9999 -0.317504475098585 -0.368210629021389 -0.332523852796548 -0.337894854695835 -0.202686561433791 -0.0798670651255143 0.00505708483803804 0.0571472096396078 0.0465391362447592 0.013475511625356 -0.0374955598039747 -0.0753106751676841 -0.090959703762851 -0.0484350527580751 -0.0405910777527882 -0.133469075043494 -0.196387280517339 -0.165113887862476 -0.108477725352288 -0.100257702534046 -0.0611547195525115 -0.0352102871003248 -0.0313636742352229 -0.0198380380188359 -0.0238889306815383 0.0023236236888361 0.0216733724522602 0.0216122952633041 -0.00136312865792866 -0.0368894910159668 -0.0558554570148052 -0.0398808669752545 0.0228714521687047
-9999 -9999 -9999 -9999 -9999 -9999 -9999 -9999 -9999 -9999 -9999 -9999 -9999 -9999 -0.243814559307373 -0.293098599159988 -0.303335346328066 -0.306750254565222 -0.299338646206252 -0.206762484258482 -0.0888470149069791 -0.0152312662865508 -0.00854538388065136 0.00535642541102668 -0.0264044096884743 -0.0634655219365815 -0.0956008174538278 -0.123682363243085 -0.0230284228559814 0.0218796076220718 -0.0800086391461663 -0.142724860753587 -0.143671136917407 -0.069909569433848 -0.0365757968140224 -0.0422719355422803 -0.036744894715949 -0.060346065465467 -0.0527944030937312 -0.0171929626485253 0.0301284112656289 0.0423221392563654 0.032736072695364 0.0222236203339876 -0.124195315715216 -0.0342959608351643 0.0446596613854156 0.0908795418405974
-9999 -9999 -9999 -9999 -9999 -9999 -9999 -9999 -9999 -9999 -9999 -9999 -9999 -9999 -0.25179946252039 -0.245567395672333 -0.302840730036499 -0.330888272689042 -0.275058679324306 -0.131723307314177 -0.0815027700548663 -0.0452063329175801 -0.0879842105196483 -0.116459008920193 -0.0448499051512458 -0.0535164411657565 -0.0681646066603592 0.0198106956783202 0.076199052651139 0.0180178777873052 -0.0539670053073313 -0.140710451839635 -0.207423242309964 -0.0729021162532734 0.0126016257986404 -0.0329332655149395 -0.0490645454095347 -0.102458712066477 -0.0326748103360736 0.0241862744943816 0.0318102306863561 0.0207447719300428 0.0231097971248537 0.0460043504373493 -0.0356018521111099 -0.0520416167300837 0.0824886494018814 0.149297517386008
-9999 -9999 -9999 -9999 -9999 -9999 -9999 -9999 -9999 -9999 -9999 -9999 -9999 -9999 -9999 -0.236934730038663 -0.224263670868869 -0.367368303918916 -0.353118838044718 -0.277916878579368 -0.0312470006244807 -0.0214176979399447 -0.0371451377635046 -0.0539494407761336 -0.0255051918125526 -0.0410781498213523 0.0695080557962478 0.0873275589739525 0.0807066466284084 -0.0423956351902448 -0.0990880288102298 -0.169971917367255 -0.239151039701347 -0.0523492670324463 0.0291640891751766 -0.0413676852441195 -0.0373822925179023 -0.0127087448541837 0.011911234138912 0.0100063456076821 0.0167677718070641 0.00671063636946118 -0.018649194069812 -0.0568491744591767 -0.0926057552794365 -0.077122995855567 0.0613621416815174 0.0934990607387727
-9999 -9999 -9999 -9999 -9999 -9999 -9999 -9999 -9999 -9999 -9999 -9999 -9999 -9999 -9999 -0.117886671406875 -0.111220536688301 -0.149565347693653 -0.227283537735752 -0.145112206055795 -0.0527942585031931 0.0146084782011506 0.0171508757327806 -0.0612652037336503 0.0268658670753158 0.0171884164524566 0.105510580906266 0.0809519947510836 0.0152019722573779 -0.069944066127825 -0.112689770180241 -0.169498747995892 -0.193210913351924 -0.025457967999466 0.0316528068458958 0.00765475137546125 -0.0331434344548602 0.000173681023898842 -0.0162851749922144 -0.0094071474129625 0.0287041249926461 -0.0789115640658482 -0.0824328261152522 -0.138466815455301 -0.174241955558186 -0.0777754491402762 -0.0317147951555018 0.0307018619697474
-9999 -9999 -9999 -9999 -9999 -9999 -9999 -9999 -9999 -9999 -9999 -9999 -9999 -9999 -9999 -0.0628392139489784 -0.0441208380070375 -0.000227513294452384 -0.00960385912300839 0.0334614430769299 0.123318650605339 0.0330012702539178 0.131627459094929 0.268328643324571 0.180099460928667 0.128758825572381 0.219036289417472 0.0857315899361547 -0.0102899662338071 -0.0840997765687429 -0.161561332561521 -0.185401776906594 -0.140053289514655 -0.128071086442534 -0.0251521051723873 -0.0229562317564667 -0.0219600690153643 0.00383952332667129 0.0271066213920036 0.0295661259139796 -0.104756924797253 -0.177493812221341 -0.142879590412173 -0.15921591766514 -0.184832330995624 -0.0907257221946742 -0.0775114474912838 -0.141745071747629
-9999 -9999 -9999 -9999 -9999 -9999 -9999 -9999 -9999 -9999 -9999 -9999 -9999 -9999 -9999 -9999 -0.018770612690924 0.0565985186724409 0.151941048659754 0.18105464537165 0.190752139941911 0.158244842981608 0.1556793250558 0.228440622973045 0.227903860914055 0.236555603390171 0.28817513351929 0.0680274093810751 0.0137800690020424 -0.0363510207908965 -0.133163363973744 -0.149875065380004 -0.149360371050065 -0.207795942905827 -0.268435204402477 -0.14597392700766 -0.0674120855918466 0.0412796084536708 0.0623785480731444 0.0378221376556036 -0.0519054627618738 -0.164382050487454 -0.180315424877532 -0.188869311667487 -0.117068667163777 -0.117947923529185 -0.101915543893062 -0.112829330005721
-9999 -9999 -9999 -9999 -9999 -9999 -9999 -9999 -9999 -9999 -9999 -9999 -9999 -9999 -9999 -9999 -9999 0.128553429371304 0.12633233878623 0.15497683693866 0.166445927248518 0.142405500536984 0.149534429164635 0.207418169517695 0.253251917555892 0.27255045900113 0.160299791539415 0.0232742248995541 -0.00685035615613082 -0.025902508481776 -0.134069591773892 -0.1848625491508 -0.132074680752162 -0.32709676427482 -0.238915670603268 -0.18124173987732 -0.0860037444807546 0.0351320952788223 0.0750883859660925 0.057331004388995 0.0243797800679677 -0.0656353039909332 -0.0793172687420895 -0.153205630328801 -0.126302905870705 -0.128020288232085 -0.123831919019262 -0.129130852060731
-9999 -9999 -9999 -9999 -9999 -9999 -9999 -9999 -9999 -9999 -9999 -9999 -9999 -9999 -9999 -9999 -9999 -9999 0.0611173038923314 0.101756975278597 0.117496064756342 0.164288278829716 0.165165053598668 0.22227327910527 0.247090565958992 0.254320109161291 0.0976953929571307 0.0156762985740551 -0.0477771738097629 -0.152530014977287 -0.200021535362595 -0.275186434123403 -0.158598624993085 -0.187072729775677 -0.248664347250985 -0.215521448606838 -0.101022049510669 0.0242347986498304 0.0913596870050697 0.0499364433268324 0.0286570906888983 -0.0176896078144244 -0.0585218445997369 -0.0814031692161783 -0.0818463849695309 0.0163193042025805 -0.138279396051682 -0.201507634576474
-9999 -9999 -9999 -9999 -9999 -9999 -9999 -9999 -9999 -9999 -9999 -9999 -9999 -9999 -9999 -9999 -9999 -9999 0.0461978023266849 0.0598876738142149 0.0882136090302827 0.174217067778147 0.200042744988038 0.264541739574926 0.294667854382661 0.288270395476792 0.209702829464077 0.219141154914822 -0.0260389675852946 -0.0734976364240127 -0.12139148617925 -0.0344333672889791 -0.188570465958277 -0.180336608613414 -0.227981617346376 -0.23214912551221 -0.169856272096267 0.00875132044686882 0.0811875182702607 0.0645589096106921 0.0219182906699037 -0.0187679419782029 -0.0644737148352031 -0.088439469157221 -0.063247053925025 0.126727749612793 0.133637141115546 0.192705832428992
-9999 -9999 -9999 -9999 -9999 -9999 -9999 -9999 -9999 -9999 -9999 -9999 -9999 -9999 -9999 -9999 -9999 -9999 -9999 0.0790769260850918 0.177069278006979 0.190575792435812 0.224877513071368 0.298453387139164 0.280663563600908 0.250111284288379 0.15855494751664 0.20719601537025 0.00672457618836832 -0.0345075190915056 -0.0210587876633117 -0.0540801536429023 -0.149749024293901 -0.159792158096724 -0.306835415005817 -0.250349473789 -0.178754790490736 -0.0833175004513842 0.0331924062000067 0.0575069727765867 -0.0210028421185224 -0.0412173710337391 -0.0638743300459929 -0.0775106749866936 -0.0400912495053911 0.146417721907795 0.146992846853108 0.165463880546264
-9999 -9999 -9999 -9999 -9999 -9999 -9999 -9999 -9999 -9999 -9999 -9999 -9999 -9999 -9999 -9999 -9999 -9999 -9999 0.140397145481952 0.149009623410149 0.167036350758899 0.25119281357647 0.266317311163502 0.234463359648414 0.192219738519688 0.191584040810755 -9999 -0.0263517025642477 -0.0499196590037879 -0.041034688383478 -0.124474341806073 -0.11276747624471 -0.131010758476266 -0.241097436251521 -0.220742225783283 -0.170360028188058 -0.129789799188087 -0.0627392742552097 0.00409698804773079 0.0183386716481508 0.0793979649519468 -0.00339727242411065 -0.0270429107785061 0.0788328328198506 0.129503219648192 0.145970051826753 0.132776688485496
-9999 -9999 -9999 -9999 -9999 -9999 -9999 -9999 -9999 -9999 -9999 -9999 -9999 -9999 -9999 -9999 -9999 -9999 -9999 -9999 0.150448559119042 0.189566830698908 0.233993753433126 0.235905031373691 0.146940892557136 -0.122452915289365 0.120799876142596 -0.123180943750214 -0.0313731399165471 -0.0935655911664937 -0.0863713480979531 -0.0863292632144299 -0.0682308186265703 -0.116929872735055 -0.230436671976173 -0.232713025898975 -0.192115361073596 -0.148604114636595 -0.126872717628449 -0.0899499340113487 -0.0919929619520292 0.0311510354971985 -0.0456574697723768 0.00218277607032568 0.0690021665476024 0.0977444657883431 0.124597078061093 0.097942597390845
-9999 -9999 -9999 -9999 -9999 -9999 -9999 -9999 -9999 -9999 -9999 -9999 -9999 -9999 -9999 -9999 -9999 -9999 -9999 -9999 -9999 -9999 0.0674081714105225 0.0512959461264708 0.0314191022116615 -0.0991176880846577 -0.198989855083534 -0.186980544910693 -0.163917033852329 -0.13108473551708 -0.0700654806557647 -0.0651721883592639 -0.0508477481960531 -0.10650572877792 -0.244683805362557 -0.199927066432945 -0.201818944167535 -0.161840552064864 -0.11194525383432 -0.0663735514640725 -0.0780837907652854 -0.0719276977034967 -0.0371483685170865 0.0106751462991607 0.0288128289316174 0.0772378193230605 0.0964101095663081 0.0966440882212816
-9999 -9999 -9999 -9999 -9999 -9999 -9999 -9999 -9999 -9999 -9999 -9999 -9999 -9999 -9999 -9999 -9999 -9999 -9999 -9999 -9999 -9999 -0.000761413515807235 -0.0068197363551383 -0.0149133038926336 -0.0760105688977064 -0.109585982055276 -0.10966332671333 -0.1133016103601 -0.0868924100918881 -0.0741117711329282 -0.0673130297630827 -0.0779365424499489 -0.146983091174131 -0.181489983596429 -0.172846954530573 -0.208963050156153 -0.111819232548004 -0.0960721826328682 -0.0782130160682333 -0.0560442779614164 -0.0308100414234639 -0.0129159122431807 -0.0374532335516594 0.0469209597805853 0.0501539437059342 0.0433176435685403 0.049809794658964
-9999 -9999 -9999 -9999 -9999 -9999 -9999 -9999 -9999 -9999 -9999 -9999 -9999 -9999 -9999 -9999 -9999 -9999 -9999 -9999 -9999 -9999 -9999 -0.0216939478408966 -0.0440176210225218 -0.130724237434474 -0.13434735574627 -0.102964721978709 -0.112999436555302 -0.10775408711976 -0.085595197739922 -0.0611367451988843 -0.0828432638691861 -0.112938153979096 -0.127966775284651 -0.162959435720278 -0.190560621982212 -0.162826264797619 -0.17867579851626 -0.122925357617729 -0.0491500440696434 -0.00386530578944999 0.0361815925234426 0.0619521489984745 0.084828602011654 0.127300370983507 0.0633098753803577 0.00728653234153221
-9999 -9999 -9999 -9999 -9999 -9999 -9999 -9999 -9999 -9999 -9999 -9999 -9999 -9999 -9999 -9999 -9999 -9999 -9999 -9999 -9999 -9999 -9999 -9999 -0.0740764073021569 -0.127093953726505 -0.103173597128181 -0.0908756834836304 -0.0818473935171998 -0.104457657965629 -0.122101118396621 -0.0853859355268703 -0.0641307612591444 -0.0947058018011234 -0.146536361830306 -0.160495763339668 -0.35313413775619 -0.228834509428626 -0.259479981476461 -0.188179987289696 -0.079184372114514 0.0220312467798 0.0919324090351461 0.134490681330211 0.128776263413139 0.175640317997781 0.135552930574767 0.112984298286626
-9999 -9999 -9999 -9999 -9999 -9999 -9999 -9999 -9999 -9999 -9999 -9999 -9999 -9999 -9999 -9999 -9999 -9999 -9999 -9999 -9999 -9999 -9999 -9999 -9999 -0.129342181467973 -0.0897767352668446 -0.0740783598027355 -0.091959265694787 -0.119006132996941 -0.121145667679441 -0.132915043873694 -0.0799903626736714 -0.143118117623983 -0.137617559006142 -0.192195172026065 -0.382214371150523 -0.312275833988524 -0.297261738509544 -0.205291948631311 -0.00343564509461047 0.0930125782747981 0.192565145918947 0.217007933413021 0.214294297889511 0.200532089933398 0.0986379967116259 0.154523653209916
-9999 -9999 -9999 -9999 -9999 -9999 -9999 -9999 -9999 -9999 -9999 -9999 -9999 -9999 -9999 -9999 -9999 -9999 -9999 -9999 -9999 -9999 -9999 -9999 -9999 -9999 -9999 -0.100458869517751 -0.0930943871087413 -0.122749636599209 -0.145965294449201 -0.125596389121235 -0.115860546244367 -0.151386517071895 -0.213446010972028 -0.302306321476185 -0.33898378909529 -0.369043519439566 -0.341332363537225 -0.246980167331462 -0.102855821874151 0.0801160348167789 0.236228091005275 0.291154678242925 0.250162956857333 0.240371499245074 0.136048293591448 0.138264771000436
-9999 -9999 -9999 -9999 -9999 -9999 -9999 -9999 -9999 -9999 -9999 -9999 -9999 -9999 -9999 -9999 -9999 -9999 -9999 -9999 -9999 -9999 -9999 -9999 -9999 -9999 -9999 -9999 -0.137738888429695 -0.141128362923245 -0.170406222818496 -0.154877462411831 -0.191630284718058 -0.187994746917101 -0.262544386143603 -0.364128541097461 -0.389280535256849 -0.36223914425417 -0.178853123281714 -0.254552716393116 -0.0776867000956743 0.0377924063728104 0.161126706579283 0.31288164797315 0.328046577686871 0.0720977935224599 0.262266483325849 0.193318438780341
-9999 -9999 -9999 -9999 -9999 -9999 -9999 -9999 -9999 -9999 -9999 -9999 -9999 -9999 -9999 -9999 -9999 -9999 -9999 -9999 -9999 -9999 -9999 -9999 -9999 -9999 -9999 -9999 -9999 -9999 -0.180407582441017 -0.242973831525752 -0.268697625019056 -0.261986842932729 -0.285969639936964 -0.308720637033884 -0.344123364540964 -0.334220844668133 -0.116190685555826 -0.0396977294641044 0.0111287947917352 0.0592488925318179 0.0562447535774114 -9999 -9999 0.502209558084579 0.327721164932892 0.26146167369805
