data/rasters/s3.24.05.cu.1_xyz_08_.asc
NCOLS 100 
NROWS 100 
XLLCORNER -4 
YLLCORNER -4 
CELLSIZE 0.08 
NODATA_value -9999 
[rows 44 to 65 of 100, columns 0 to 48 of 100]
-9999 -9999 -9999 -9999 -9999 -9999 -9999 -9999 -9999 -9999 -9999 0.0849231403620362 0.0753420773262009 0.0320203752785271 0.00325433397325907 -0.043456314404974 -0.0977673198856746 -0.119139982642949 -0.125496287793733 -0.178153058003185 -0.161158337266036 -0.1605352302709 -0.160260971781436 -0.203825125136581 -0.180569368171047 -0.190976800535921 -0.18741394957295 -9999 -0.203132302136909 -0.241782756974846 -0.298215839984353 -0.426787695482595 -9999 -9999 -0.443639782850775 -0.410137168974688 -0.389004548610086 -0.271767840148218 -0.142574536203175 -0.150889705702845 -0.0917796177535109 -0.129425008615973 -0.123472527314892 -0.116006416483757 -0.155471171686753 -0.171633863369456 -0.23932507284331 -0.20001584008454 -0.141923178400076
-9999 -9999 -9999 -9999 -9999 -9999 -9999 -9999 -9999 -9999 -9999 -0.0259615095134451 0.0181732916825744 -0.0662745861925283 -0.0687143221187181 -0.0783161058224871 -0.0921189065663031 -0.177105092561318 -0.139180032090493 -0.175158139191541 -0.186345441674856 -0.196713967450085 -0.190062355451577 -0.212824766512747 -0.267267607967578 -0.157173567095973 -0.147528603641372 -9999 -0.224699748738685 -0.224272757720645 -0.462898303022322 -0.430793917317884 -0.463644183754277 -0.432561547555184 -0.392841221442702 -0.384178232870566 -0.323420617999495 -0.225421048263635 -0.146854800085044 -0.0529472872937137 -0.00739345411093602 -0.0252525350683701 -0.0124911847680036 0.062979541813283 -9999 -0.117308283065616 -0.135031467716021 -0.114116064443153 -0.0556748697052605
-9999 -9999 -9999 -9999 -9999 -9999 -9999 -9999 -9999 -9999 -9999 0.0209937705056822 -0.0277172706851179 -0.0997496042879124 -0.150915900514017 -0.092334196027158 -0.129733150018938 -0.143686328740293 -0.141108914103302 -0.205478304153373 -0.199184527762009 -0.20913839400319 -0.196862271422751 -0.206347672865131 -0.252958623227879 -0.252346246221058 -9999 -0.365607425814949 -0.461602648782304 -0.497833087744432 -0.481634331208846 -0.429576018603446 -0.412920981315966 -0.406697350779306 -0.404932719323834 -0.357057786140797 -0.269133927109663 -0.195006832729661 -0.114619847933018 0.0113967193395473 0.0905885462526165 0.108195579499124 0.055914734872688 0.138908475414343 -0.147420477135589 -0.0783701875183296 -0.0912925217510786 -0.0561915045033328 -0.0275385221098516
-9999 -9999 -9999 -9999 -9999 -9999 -9999 -9999 -9999 -9999 -9999 0.0233485086129099 -0.0167677882594802 -0.0887508339437399 -0.0914160507417201 -0.11766763323769 -0.160780206890614 -0.174301467409146 -0.129469906515903 -0.0874845918339374 -0.181590208129901 -0.19678737959115 -0.233916091166815 -0.212448945011992 -0.217819219875713 -0.242688752372599 -0.248753869306244 -0.347014360611609 -0.424888306862653 -0.53065887495327 -0.487475782013579 -0.425364803616504 -0.354968560527162 -0.342081893469328 -0.323764129478438 -0.301861971379421 -0.24610773304099 -0.191929362636921 -0.137415401703857 -0.0227728786444242 0.109082877086387 0.0842760829253799 0.16333400935716 0.0744251242144042 -9999 -0.103282615011185 -0.0851447200150509 -0.0651052320462255 -0.0579531133916501
-9999 -9999 -9999 -9999 -9999 -9999 -9999 -9999 -9999 -9999 -9999 -0.0086501025912735 -0.0600402403361172 -0.0900158817093529 -0.0944138169252509 -0.0981679216768126 -0.103676866567586 -0.125373326974358 -0.117459703362129 -0.0550249599349071 -0.176503384390976 -0.188974590837546 -0.223546415659135 -0.243311105006201 -0.229428778386193 -0.247688092005062 -0.262827569288919 -0.44828695828368 -0.595225893225806 -0.554835958511108 -0.545209976563106 -0.430346151644849 -0.319780589925424 -0.274345822186187 -0.266427191826327 -0.27602737376828 -0.185467366760203 -0.137809259666029 -0.112372311603136 0.153204668998401 0.144453698946374 0.193894825096086 0.211562534672688 0.222083262224015 -9999 -0.0569101043336928 -0.0416485179230862 -0.0407212727396481 -0.0578749955825715
-9999 -9999 -9999 -9999 -9999 -9999 -9999 -9999 -9999 -9999 -9999 -0.0812225988045741 -0.166529071405088 -0.130471110108244 -0.190644277373084 -0.0499780388679829 -0.0619879237086171 -0.100763682922612 -0.134939333533726 -0.202586967386088 -0.221819721458968 -0.264173914440779 -0.273148032675713 -0.24272299399711 -0.266484476831971 -0.258901490800817 -0.3265784268495 -0.505252107284048 -0.634612974577655 -0.606583091809097 -0.51147608998816 -0.437047005131188 -0.277289150477202 -0.250029013179563 -0.235078137905326 -0.224241567653242 -0.182613026438119 -0.120410968393768 0.00301131994213076 0.107750715808088 0.144877206742412 0.159013584547144 0.186921188330734 0.212326800597761 0.0600497423794214 -0.0187928666116484 -0.036582069175188 -0.0440326393807218 -0.0450391020733687
-9999 -9999 -9999 -9999 -9999 -9999 -9999 -9999 -9999 -9999 -9999 -0.0947462848566444 -0.161369488642745 -0.19012732131004 -0.114046547654624 -9999 -0.0703080970416359 -0.0823064724526461 -0.143883245741578 -0.181898493630181 -0.168494163781396 -9999 -0.28668840053317 -0.343811086612793 -0.323733547295186 -0.296887904733002 -0.296958221959023 -0.627767854478431 -0.646603125528172 -9999 -0.461918613570353 -0.398229521255973 -0.273907702414793 -0.239045703187787 -0.217942023579403 -0.217411033841443 -0.171234769154588 -0.100526179597588 -0.0231047171353942 0.0451184576525367 0.107095447002054 0.124035925600023 0.162402276463149 0.14917291881141 0.143918474166007 -0.141445710851938 -0.129263142193576 -0.0502895262679222 -0.0651895563599496
-9999 -9999 -9999 -9999 -9999 -9999 -9999 -9999 -9999 -9999 -9999 -0.107367222482208 -0.131766761758787 -0.120031140792156 -0.0992020831177078 -0.1086804696119 -9999 -0.0788467013956146 -0.163203013680224 -0.210702998788856 -0.216853529756184 -9999 -0.332505703657695 -0.372609130870701 -0.442087067766326 -0.420210359566822 -9999 -0.680539519155199 -9999 -9999 -9999 -0.359291265759994 -0.229658908795929 -0.332716111197079 -9999 -0.177574513125654 -0.129699093906708 -0.0287249379957974 0.00547228227814185 0.0432284343708 0.0540079837808212 0.0592520444653682 0.105114772669958 0.053524671942891 0.0252695292303552 0.0105439453689454 -0.0646864892557834 -0.076665628880839 -0.0283186412241219
-9999 -9999 -9999 -9999 -9999 -9999 -9999 -9999 -9999 -9999 -9999 -0.0865299517231285 -0.137589332952628 -0.0527922736654874 -0.098411155879622 -0.0884996136100876 -0.079756607649381 -0.0653253257750602 -0.0563810471292285 -0.178685627952913 -0.338913528177801 -9999 -0.388923068404096 -0.420733443444835 -0.40068305367968 -0.445933659755494 -0.488591735949948 -0.657054782880205 -0.711776076201754 -9999 -9999 -0.306830252913763 -0.291965523005019 -0.199935266330567 -0.184409621777755 -0.142898624400878 -0.102137113889802 -0.078539833838422 0.000294949691971264 0.0186519436244329 -0.00657941449640514 0.0410823905397007 0.109848449333052 0.0531351287872509 0.0686354459394355 0.0253938140576205 -0.0378335541741397 -0.0674006205972194 -0.0377126031638176
-9999 -9999 -9999 -9999 -9999 -9999 -9999 -9999 -9999 -9999 -9999 -0.0459726383362147 -0.0238406380646476 0.0485255603085328 0.0940395810087414 0.0754701616731357 0.0763124611524682 0.0945311590797156 0.0926703327343134 -0.071424217985547 -0.291355544735645 -0.256732898385929 -0.253251990096756 -0.417005895850406 -0.429655673289688 -0.466114148303008 -0.503645150373942 -0.583546752865474 -0.628201835264872 -9999 -9999 -9999 -0.286132217659972 -0.244956125025593 -0.205241006909507 -0.171950233433841 -0.183492457719792 -0.185678536031822 -0.100342218773269 0.00366292195191867 -9999 0.0217139582142314 0.0791747687680743 0.0626599550518719 0.0147178326364895 -0.0321058151540111 -0.0466981702352849 -0.00855251349840153 0.000132747021028276
-9999 -9999 -9999 -9999 -9999 -9999 -9999 -9999 -9999 -9999 -9999 0.0971736527515152 0.16039911227952 0.233364569431159 0.303319797521982 0.246988708529533 0.231251066366926 0.224999378615654 0.175045395369774 0.0823329677257192 -0.0751103895739906 -0.109699222010679 -0.152001811749225 -0.328245017357969 -0.361180976340092 -0.38809486285813 -0.437455295232717 -0.528947467755035 -0.575209793858083 -9999 -9999 -9999 -0.348992581240005 -0.285725007902241 -0.227695852145357 -0.225479474685332 -0.269992365901437 -0.243103642343377 -0.108845034808209 -0.118377103928192 -9999 -9999 -9999 -0.0510511900727296 -0.0361851931174693 -0.0545812740101948 -0.000794411896877055 0.045259385948753 0.0188332714436847
-9999 -9999 -9999 -9999 -9999 -9999 -9999 -9999 -9999 -9999 -9999 0.185396767760968 0.237685376043063 0.289272958055336 0.317203578659237 0.379054822432351 0.384525706290028 0.446871291471654 0.565747134023288 0.285533616818584 0.218046800118626 -0.0171356890620283 -0.0743152726645698 -0.203655884322016 -0.232455086638692 -0.262028404249051 -0.300807493512398 -0.396340894210666 -9999 -9999 -9999 -9999 -9999 -0.299176013035561 -0.234905910022952 -0.22379811729988 -0.287137639444984 -0.269930095011323 -0.21115866099776 -0.130049368108538 -9999 -0.0513193764135647 -9999 -9999 -0.0254507907758395 0.015184147015496 0.0162340857864582 0.0936884644970309 0.107005984564499
-9999 -9999 -9999 -9999 -9999 -9999 -9999 -9999 -9999 -9999 -9999 0.215247212440232 0.23222935256466 0.348637738813723 0.362819381971638 0.40899233534829 0.497847142700689 0.546233424504184 0.533697449293353 0.191618437412835 0.29892893588902 0.299288218101264 0.00468612026523066 -0.122975552536985 -0.140943673245129 -0.18925135890378 -0.244426918595451 -0.320729066250864 -0.425031294979179 -9999 -9999 -9999 -9999 -0.277281251113862 -0.232036994478684 -0.211462134671488 -0.243454511309273 -0.295795780768753 -0.21768920673124 -0.146369766828052 -0.0524181909033938 0.226110230572216 0.188615905196844 0.148646296368586 0.141042207732203 0.138525541916922 0.163609262120907 0.129172527891502 0.0742197971202347
-9999 -9999 -9999 -9999 -9999 -9999 -9999 -9999 -9999 -9999 -9999 -9999 0.279791578880676 0.347364584923724 0.427305380701237 0.447176476616229 0.485238278855177 0.514495655622227 0.507207022222006 0.346396322609969 0.231507383528551 0.101048235664973 0.0819232582381547 0.0384446714559518 -0.0433283352868661 -0.0709913475833546 -0.158051519943845 -0.236656568400611 -0.400915609907509 -0.452856068109237 -9999 -9999 -9999 -0.305406686610713 -0.262048583013281 -0.239053451708424 -0.224420243247532 -0.187963817532035 -0.176880916701649 -0.147450751095217 -0.0651329705217164 0.00513917993325782 0.184253540690092 0.238635762613238 0.234697040977487 0.223171516254032 0.284695038408825 0.172526428441756 0.105551986377959
-9999 -9999 -9999 -9999 -9999 -9999 -9999 -9999 -9999 -9999 -9999 -9999 0.279090362440804 0.469410377568809 0.48977327922973 0.485573058254465 0.466268419837704 0.476974917157051 0.46640464072022 0.456364118748497 0.362435942875632 0.240551085851744 0.114295118336561 0.113546842586634 0.0671779373285765 -0.0434044114424258 -0.102478768362576 -0.203940109450304 -0.296831342933511 -0.47624866872616 -0.528087211902196 -9999 -9999 -0.301487994778985 -0.300503614200785 -0.305086807934183 -0.342121758189966 -9999 -0.204277714151865 -0.116042015769243 0.0176536561212849 0.0372785121428266 0.116332198342561 0.300718613114757 0.269653677235976 0.312518215518572 0.316603546605973 0.306162677658573 0.0581195548730464
-9999 -9999 -9999 -9999 -9999 -9999 -9999 -9999 -9999 -9999 -9999 -9999 0.297125255970386 0.326432271801045 0.434789052888696 0.447557559922859 0.407091169025842 0.407390454830789 0.431132114420421 0.430511757590482 0.313867965320604 0.171100160229627 0.0996370339079519 0.150097558076037 0.109523145738423 0.0284743626458671 -0.0606317643833114 -0.204714626327504 -0.277274842375847 -0.402052530326464 -0.531890803168126 -0.553980234205732 -9999 -9999 -9999 -0.294975354117985 -0.27356018222695 -0.288095554521695 -0.245392425998907 -0.0679980650606504 0.0384043791801189 0.0535782525588289 0.146246330349924 0.30148687608408 0.278900143571787 0.313744960275367 0.316760668921716 0.276270507496481 0.272767763787564
-9999 -9999 -9999 -9999 -9999 -9999 -9999 -9999 -9999 -9999 -9999 -9999 0.289717963824169 0.289721977453748 0.339982293081473 0.373642305886633 0.386003033299251 0.349152209857389 0.398917345240565 0.403751785068181 0.272295708828103 0.0531869260897361 0.030729943806204 0.122864292907842 0.143126601287993 0.0891939690607604 -0.0361949863395074 -0.16103924754041 -0.241498446407385 -0.332690623175876 -0.48046765292761 -0.719740744391616 -9999 -9999 -0.359374445650735 -0.324506187640015 -0.260119730368898 -0.229799960454161 -0.231208017238298 -9999 -0.0281812182919883 0.120522378695288 0.167641987731407 0.261844556058335 0.233867018651831 0.247960576230943 0.283403225356466 0.258428301822693 0.252263064643176
-9999 -9999 -9999 -9999 -9999 -9999 -9999 -9999 -9999 -9999 -9999 -9999 -9999 0.167523403764976 0.272190915904145 0.297420727720671 0.298754387392807 0.187362543424367 0.322585052582437 0.293209219758502 0.115295209893399 0.0566119768289985 0.107421174453735 0.169593354786545 0.140297949521054 0.0977478471271281 -0.00412357435650093 -0.0927379268123229 -0.119729235829359 -0.231999029275543 -0.416886064444909 -0.643944283847188 -0.623750397457434 -9999 -0.466765519425066 -0.460476981758378 -0.23925273423239 -0.120513879914691 -0.200236467060431 0.0237461677972321 0.00994503526538855 0.03347821159305 0.118446232232875 0.187048671101289 0.179020090566403 0.185245668026648 0.193140169034708 0.160448061186948 0.221684623497714
-9999 -9999 -9999 -9999 -9999 -9999 -9999 -9999 -9999 -9999 -9999 -9999 -9999 0.108011133225938 0.18074164696213 0.2776585265664 0.277488603207222 0.201397030309386 0.222025624501873 0.146868304653849 0.128872020764506 0.133052617398043 0.11915074404374 0.167979765434586 0.174116302381422 0.117034731423623 0.0617600076978573 0.00750000221623508 -0.0975324562862545 -0.253108057972354 -0.460241250816021 -0.59543355037394 -0.782089965573875 -9999 -0.703338430751782 -0.585458876693722 -0.248823004743631 -0.211845049351406 -9999 0.0508103873399639 0.0346546186821418 0.0860111613021853 0.130244489133514 0.178791993901269 0.164566142554968 0.116462721133908 0.138419062354381 0.171041046462464 0.181341185949767
-9999 -9999 -9999 -9999 -9999 -9999 -9999 -9999 -9999 -9999 -9999 -9999 -9999 0.206829673994596 0.216259443441352 0.229271411944853 0.217828736403451 0.172811252429138 0.122167052556784 0.106024942990807 0.148698944072446 0.136915462575036 0.0797072910922667 0.195473447498168 0.217728592030296 0.17817111284312 0.125638996604427 0.0663191453199272 0.00309904828986399 -0.308247396806182 -0.469458925947713 -0.611551821403835 -0.807861267544514 -0.887222846355786 -0.701732927465847 -0.577327262827406 -0.254880663907743 -0.0272130152968269 -0.00380928686041331 -9999 0.00236618802353321 -9999 -0.0307570846743982 -0.0321846028612436 -0.00437763795075821 0.0409587176247263 0.0858205445205019 0.130629722177013 -0.027515718191619
-9999 -9999 -9999 -9999 -9999 -9999 -9999 -9999 -9999 -9999 -9999 -9999 -9999 -9999 0.22556288872189 0.130052442683899 0.108961566740806 0.0608060103019994 0.036568042962507 0.0329992277448252 0.0739625911972166 0.0918365959731175 0.127250567863938 0.183157787798096 0.23695188230335 0.229494185346007 0.113020470715144 0.0094654329422672 -0.0976789522641881 -0.237192160780314 -0.431469446298028 -0.551434813195037 -0.750227707556729 -0.75994601731892 -0.52334043585254 -0.475265202229379 -0.165405618531961 -0.0268899664609273 0.0426152735822308 0.0271921775072702 0.0583924552032455 0.0947537763528327 -0.0347424578913924 -0.0678119064639475 -0.0826682511982042 -0.00668069619357508 -0.132058986212946 -9999 0.00143274245509386
-9999 -9999 -9999 -9999 -9999 -9999 -9999 -9999 -9999 -9999 -9999 -9999 -9999 -9999 0.133896042472769 0.0315598305185683 0.00619876331907153 -0.0316251890257955 -0.0182023234619458 -0.0421223311265227 -0.0369974190051875 0.0773301778714535 0.0601420004727219 0.115110380833196 0.200297299346292 0.187168449277332 -0.00471397675029117 0.0122923107374268 -0.130842928858752 -0.380087662450384 -0.448265253871948 -0.442177945509296 -0.767692312765988 -0.526171964364322 -0.470937101137623 -0.268864081432502 -0.106565104963507 0.0507832540131208 0.0584415495306829 0.0980026125962803 0.0595551732727457 0.0250765392911655 -0.0257547402200457 -0.0625703133062274 -9999 -9999 -0.103156430118717 -0.251573105863629 0.00290218795420322
