data/rasters/s3.24.05.li.1_xyz_08_.asc
NCOLS 100 
NROWS 100 
XLLCORNER -4 
YLLCORNER -4 
CELLSIZE 0.08 
NODATA_value -9999 
[rows 21 to 41 of 100, columns 0 to 47 of 100]
-9999 -9999 -9999 -9999 -9999 -9999 -9999 -9999 -9999 -9999 -9999 -9999 -9999 -9999 -9999 -9999 -9999 -9999 -9999 -9999 -9999 -9999 -9999 0.162743376454001 0.0932317230255302 0.0793547128448498 0.168390622496083 0.135178352369747 0.142250271802824 0.130982291803811 0.155554507035094 0.162704034714697 0.186078426912142 0.215866458092021 0.231283785300583 0.187252517124433 0.0832479570387896 -0.00636147619530773 0.0206045411867239 -0.0411935652445015 0.0239721911118313 -0.00943276335039267 0.042862970278491 0.180178444198114 0.164579705711068 0.0461773605170662 0.00763248640933251 0.0900305014298959
-9999 -9999 -9999 -9999 -9999 -9999 -9999 -9999 -9999 -9999 -9999 -9999 -9999 -9999 -9999 -9999 -9999 -9999 -9999 -9999 -9999 -9999 0.185796565142887 0.181972530445118 0.132799735142654 0.0931425308809852 0.162937605638759 0.120926984438991 0.112779460487771 0.189689559657716 0.183896287608586 0.163694756655423 0.163427205138052 0.16439300273397 0.149886830385339 0.108775637009401 0.0671084767039313 0.0158380718362068 -0.0252012034238099 0.0438280660109469 -0.0632624042125578 0.044550949568284 0.0543126296314524 0.0697995841099798 0.0575674403943557 -0.0133331159684178 0.0188349445290294 0.0684390383294858
-9999 -9999 -9999 -9999 -9999 -9999 -9999 -9999 -9999 -9999 -9999 -9999 -9999 -9999 -9999 -9999 -9999 -9999 -9999 -9999 -9999 0.0972951791802525 0.150277144243883 0.210716917915952 0.198405332394517 0.106417883333572 0.213195219198163 0.278289536166138 0.245824105754494 0.24557721015668 0.261639556425601 0.238326932484697 0.142694790848363 0.103754027376366 0.10147837134745 0.0198357555082936 0.0639659906621519 -0.0511112513402228 -0.103256753039529 -0.0954193721766172 -0.129957733486579 -0.0412954018107697 0.00892230741631025 0.0222885639772766 -0.0415903217423168 -0.0712711730507438 -0.0594511094964895 -0.0318946562839222
-9999 -9999 -9999 -9999 -9999 -9999 -9999 -9999 -9999 -9999 -9999 -9999 -9999 -9999 -9999 -9999 -9999 -9999 -9999 -9999 0.111704720774827 0.102093006929139 0.139690142350215 0.257429405671713 0.337464359956442 0.209892480401587 0.19775225071587 0.271289679924533 0.279054916186399 0.28764068831738 0.244377150072129 0.21768047899368 0.232163097138823 0.122902403957797 0.178030702311498 0.102499221711457 0.00595035323597965 -0.0611770567569988 -0.123814547943887 -0.123269013679389 -0.0451304046667339 -0.0487981149454824 -0.00896145672743417 -0.0843855016678091 -0.068050964049667 -0.0925820598256701 -0.0570599282478749 -0.0135830468143551
-9999 -9999 -9999 -9999 -9999 -9999 -9999 -9999 -9999 -9999 -9999 -9999 -9999 -9999 -9999 -9999 -9999 -9999 -9999 0.146831642031706 0.15105543726508 0.134586940094682 0.148624015251763 0.381801562777468 0.275161931716603 0.209745447133689 -9999 0.233557078220361 0.302199303207227 0.315816725121029 0.259745369488596 0.143146829475998 0.245300757896511 0.231394456485558 0.118100768854285 0.161893624611928 0.0543412912659554 0.0300350407484117 -0.110864415028574 -0.0632258024675156 -0.0435242493923906 0.035984007163198 0.0641845798914938 -0.0767730189829479 -0.0677428812010266 -0.0523923766780541 -0.000949989922358036 -0.00440968533443235
-9999 -9999 -9999 -9999 -9999 -9999 -9999 -9999 -9999 -9999 -9999 -9999 -9999 -9999 -9999 -9999 -9999 -9999 -9999 0.217814617254549 0.107859559465988 0.106978637649347 0.292467230990139 -9999 0.208275998617667 -9999 -9999 0.290071146470248 0.245278997432184 0.260115810205722 0.36843091239637 0.264260661042128 -9999 0.237174577300816 -9999 0.118789743355591 0.165997720247385 0.0164436066423487 0.0725084505892514 0.224213828757051 0.19340136462963 0.149384783357443 0.109137224233849 0.0231436031069436 -0.0502209550633003 0.0236076337786616 0.00101498115844878 -0.0168593012779492
-9999 -9999 -9999 -9999 -9999 -9999 -9999 -9999 -9999 -9999 -9999 -9999 -9999 -9999 -9999 -9999 -9999 -9999 0.262565671846003 0.283370972896101 0.186661160937268 0.187082330150116 0.219305275888571 0.287576998959329 0.219834331446296 0.2407132963131 0.232353325960296 0.205181456947552 0.199400688231932 0.195802324211428 0.245914642271098 0.259157736436336 0.198331335735909 0.204761061676887 0.187918679844223 -9999 -9999 -0.126154750936638 -0.141483549150993 -9999 0.150904533952768 0.134158639192655 0.050836657486009 -0.00217309864114945 -9999 -9999 0.0177603253687034 0.00717284093763077
-9999 -9999 -9999 -9999 -9999 -9999 -9999 -9999 -9999 -9999 -9999 -9999 -9999 -9999 -9999 -9999 -9999 0.209021461244743 0.257645525228218 0.291299909323941 0.211787348134669 0.190963072031497 0.132529700879644 0.102438681982921 0.127336147959551 0.152121605266389 0.170177032118059 0.147055333137187 0.145507739627043 0.155640276979576 0.220055843488229 0.247883908182284 0.238557137026187 0.194414268264447 0.228377294844634 0.241405064325967 0.0494380663004809 0.0283547382104949 -0.00950510396849778 -0.045262342250615 -9999 0.101365608715092 0.10096174301066 0.0602947112897279 0.0213237539478613 0.00513548985992713 -0.00496221107643351 -0.0454894473585859
-9999 -9999 -9999 -9999 -9999 -9999 -9999 -9999 -9999 -9999 -9999 -9999 -9999 -9999 -9999 -9999 -9999 0.241159250734375 0.262574962952877 0.357104882034924 0.307272654131924 0.214123449155351 0.185827089059321 0.113766568154306 0.0560929950876494 0.128201399921227 0.170120916815517 0.125581936026863 0.126922401880151 0.149240542992787 0.193553498043603 0.193036684421607 0.212445107197611 0.169449149706088 0.10036031037205 0.0429788959211342 -0.0631097143750927 -0.0212190937811543 0.0322876787635662 0.0288412778116227 0.0717009534819916 0.044300231461734 0.125942973473756 0.0422743498922544 -0.0771830143206887 -0.0455472431435205 -0.0450904287764271 -0.0395023677537128
-9999 -9999 -9999 -9999 -9999 -9999 -9999 -9999 -9999 -9999 -9999 -9999 -9999 -9999 -9999 -9999 0.342075676015955 0.299744431054757 0.322593908076212 0.343466404484648 0.30548521347332 0.297545534637984 0.197571826871556 0.151916754029312 0.153361844929578 0.113559404261915 0.0803594653351224 0.0995065551173311 0.11388737694514 0.156287196489793 0.161799594212922 0.281435173880399 0.108327281407293 -0.0680591230995556 0.207075149957875 -0.00101424490746246 0.00342627658607099 -0.0311082022367478 0.0499811510667363 0.191055760489221 0.0641589439496897 0.0392195050085635 0.125800032070595 0.0698250064816077 0.0515070439070977 0.0179754221068591 -0.00447433510777836 0.00507209680033543
-9999 -9999 -9999 -9999 -9999 -9999 -9999 -9999 -9999 -9999 -9999 -9999 -9999 -9999 -9999 0.16043449977583 0.278356143645078 0.288979589536043 0.35256176641893 -9999 -9999 0.261545585476671 0.304122986075859 0.250326859679601 0.190173693376898 0.159922735223778 0.171954968563984 0.150603688651377 0.141646694093436 0.119892985913122 0.119395717390385 0.185943372171712 0.0848067732032308 -0.0698098774864131 -0.0588427512048153 -0.0286866860143118 -0.0732733889368463 -0.0452457903291982 0.0656225153378445 0.155539959844184 0.0277959487470532 0.0812191459005284 0.12250338742823 0.102413329710677 -9999 0.0818864377105655 0.0314553823698082 0.0122109107536449
-9999 -9999 -9999 -9999 -9999 -9999 -9999 -9999 -9999 -9999 -9999 -9999 -9999 -9999 -9999 0.272960249853808 0.320161207117605 0.448107632920502 0.47805203842638 0.369931646399379 0.247707920015676 0.255948983614429 0.263327649269571 0.234757197619124 0.324182511380885 0.251515835040848 0.243637039329782 0.184411999918479 0.17696608363388 0.0819871268617864 0.108803961084013 0.0797540869274016 -0.0343407392377398 -0.0125704616863098 0.0897111754088014 0.0657303994010234 -0.0373052230545278 -0.0617908165904417 0.0776460789419663 0.0618072765111658 0.0749020411490259 0.0503048470864161 0.0426276011885301 0.104717850904764 -9999 -9999 0.125902140312492 0.0344635595328371
-9999 -9999 -9999 -9999 -9999 -9999 -9999 -9999 -9999 -9999 -9999 -9999 -9999 -9999 0.165411295544657 0.25389866983091 0.198044110530151 0.387037962404727 0.223650843525112 0.245756580272862 0.270147322119842 0.300180965749044 0.311868923059331 0.23586350332592 0.192081026754017 0.188493850602747 0.164851488892288 0.128888874604387 0.128046767285234 0.0390940720202781 0.0777322725095478 0.121097015209872 0.0340408415568438 -0.0740860422660054 0.0671355583803401 0.0975237255222621 0.0854785072091431 0.0356108684216959 0.0755337319573658 0.0219020650775403 0.0179620770716272 0.0540518481404903 0.0547068478026592 0.0656113412934018 -9999 0.204746692126651 0.182932549216859 0.0943239704170613
-9999 -9999 -9999 -9999 -9999 -9999 -9999 -9999 -9999 -9999 -9999 -9999 -9999 -9999 0.186606742663054 0.246541641197181 0.154405077959319 0.191160154084768 0.184460009192254 0.132213433424674 0.23005936397695 0.154667933037814 0.128533504165876 0.130042155397939 0.156447583907835 0.126228250816807 0.0945521454584452 0.107118326630092 0.120941757608222 0.0233794212216646 -0.0540633530464912 -0.0485379051681225 -0.0509491315363335 -0.0893539485379961 0.0405004510273842 0.127039823503683 0.179257883703582 0.170701339932629 0.0996507682519644 0.0398459368328115 0.0480986892314208 0.0454628933014811 -9999 0.0944129568513027 0.195123734499429 0.2133361497283 0.211336516301654 0.133885231500826
-9999 -9999 -9999 -9999 -9999 -9999 -9999 -9999 -9999 -9999 -9999 -9999 -9999 -9999 -9999 0.299852338241268 0.222715634481446 0.254223422357619 0.213307847406278 0.119888545510524 0.0562617387304692 0.0769342966154867 0.0395472025208129 0.05635965505868 0.0503816207193655 0.0100239485741815 0.0264908047094237 0.0211087838770183 0.170783780569385 0.00955118967856608 -0.128925135789581 -0.0588901586283106 -0.107230219314725 -0.0393966781380134 -0.0142033657457128 0.0305331201208375 0.15282293442672 0.0727788398604747 -9999 0.0875768010146677 0.0502677137768922 0.0107066464045085 0.00755679373427046 0.0760198580422856 0.137391896498555 0.186724707532825 0.127464129731748 0.126930125445647
-9999 -9999 -9999 -9999 -9999 -9999 -9999 -9999 -9999 -9999 -9999 -9999 -9999 0.22420739043562 -9999 0.339583072361036 0.407685379481077 0.388397426571687 0.303686432245799 0.115844097033987 0.0468994278534472 0.021147754270048 -0.0129116212161796 -0.0195262183748756 -0.0208492394222301 0.0079882704257774 -0.0141408354768493 -0.0298283621597828 -0.158127827521099 -0.0770214676265551 -0.203842029767722 -0.179807040120496 -0.133053111145497 -0.0445720792553755 -0.0818042731639852 -0.0421005230766278 0.0389986067476085 -9999 -9999 0.106745409361446 0.142049202843463 0.0207984631198676 0.0372748250764529 0.0569976190518687 0.091689245734637 0.225013515703949 0.184837267967966 0.129739788784062
-9999 -9999 -9999 -9999 -9999 -9999 -9999 -9999 -9999 -9999 -9999 -9999 -9999 0.194746157792134 0.0774424465368497 0.158495013192485 0.248509205354834 0.21488199926323 0.297592049848094 0.0341594222190449 0.0262592376828132 0.0274068940848108 0.0130814385162197 -0.0335988015531268 -0.0717141620240791 -0.00787669545040609 -0.0789640383815139 -0.132495024722762 -0.136618319273141 -0.177721634101223 -0.215090754347419 -0.216101499544238 -9999 -9999 -0.108156789520302 0.0242434044902605 0.0740829811182343 0.326478751770026 -9999 0.141190597092038 0.174877359725762 0.0304997879934003 0.149391795858998 0.13953830871563 0.173866239320213 0.302699994326901 0.290900848698578 0.329254783311204
-9999 -9999 -9999 -9999 -9999 -9999 -9999 -9999 -9999 -9999 -9999 -9999 -9999 0.19876747038296 0.070058901831594 0.185398768015233 0.134456026834583 0.156749457427218 0.154988060067203 -0.0433915358847905 -0.0188590931099506 0.00611188336863442 -0.0250914638468362 -0.040742485826358 -0.0497107872548179 -0.020717564405783 -0.0408201003827071 -0.0115284166261561 -0.236458072190539 -0.198349041907322 -0.242211597655373 -0.239157345768132 -0.113497164381026 -9999 -9999 -9999 -9999 0.291240776420305 0.272195852071279 0.31861407605568 0.112935487158439 0.0722505490756524 0.200605965585644 0.269235042797378 0.298948445623441 0.347030355517981 0.300516176991142 0.288086518851667
-9999 -9999 -9999 -9999 -9999 -9999 -9999 -9999 -9999 -9999 -9999 -9999 0.0960622347116967 0.0591771039065193 0.0291994263708612 0.152058983231232 0.177101691596967 0.151792186047862 0.175175056699402 0.0201105405177549 0.0625253171615859 0.117938788819514 0.0654218130413791 -0.0126299755375557 -0.00454113639845692 -0.0088306696449241 -0.144195292761545 -0.225942070918171 -0.207169987708193 -0.215783123572291 -0.233023004067434 -0.173082724597153 -0.104251135799985 -0.224512913294903 -0.217347882570803 -0.232846517747552 -0.180078479685217 -0.0713603598888389 0.272986192929186 0.392226525055952 0.275840096843176 0.133047813460991 0.171658685826324 0.304080906565855 0.324028175827724 0.373718344550568 0.297898112179046 0.255557860557637
-9999 -9999 -9999 -9999 -9999 -9999 -9999 -9999 -9999 -9999 -9999 -9999 0.120565846183693 0.138755916733035 0.0704106299348318 0.0307581367846576 0.198718939928477 0.157070180006571 0.160172759791519 0.104679026191278 0.136541569146343 0.0710489336116341 0.0346288231791511 0.00379265371690563 -0.0579732991262221 -0.0611186363956095 -0.200938897755406 -0.220640011122676 -0.222471450332778 -0.245627307028505 -0.275333731937246 -0.292057178411441 -0.130865342288463 -0.242234371521278 -0.255926582876506 -0.256324473204235 -0.22039977393681 0.0364862403582116 0.290192276820288 0.33349805397173 0.262162502586294 0.204269655383609 0.138256933091189 0.406578690296532 0.289622322652059 0.336940842018594 0.2445046391031 0.300131638998984
-9999 -9999 -9999 -9999 -9999 -9999 -9999 -9999 -9999 -9999 -9999 -9999 0.0943729313529496 0.182543511305853 0.181552043548153 0.106748316045195 0.164122779154204 0.159585264781989 0.171028266336713 0.0793639818815358 0.0955697188345703 0.0357723577194026 0.0243630333875061 -0.0474674624611413 -0.156293926813716 -0.124550155248979 -0.163720201265096 -0.286294396630844 -0.253018502208621 -0.195959855377795 -0.221125435166904 -0.267288774080187 -0.190707046031912 -0.209564576243833 -0.247722117577158 -0.250158192344417 -0.215942259795034 0.0307278991040468 0.170969882523837 0.224242325909282 0.184667400561341 0.192310495383636 0.131746054771062 -0.0276861501008421 0.215995013065065 0.27615299030509 0.416273434517872 0.444334643063124
