data/rasters/s3.24.05.cu.1_xyz_08_.asc
NCOLS 100 
NROWS 100 
XLLCORNER -4 
YLLCORNER -4 
CELLSIZE 0.08 
NODATA_value -9999 
[rows 22 to 43 of 100, columns 49 to 97 of 100]
-0.168491745770646 -0.15354147217888 -0.104366131270542 -0.120659790885664 -0.134566027563548 -0.124632225660471 -0.0448453335400258 -0.0616421053614297 -0.0621024151445445 -0.0384270907980715 -0.0230791868366342 0.0329327492258767 0.0218836555306311 0.0106897003682659 0.0615652937572763 0.034938041905507 -0.0732946455725397 -0.0658817047553891 -0.039146679351341 -0.0459542336434577 -0.0599611360616798 -0.131904940560399 -0.271383841484165 -0.220953206675668 -0.208030046020683 -0.263763071182928 -0.331436529551941 -0.161066236742878 -0.128134508055097 -9999 -9999 -9999 -9999 -9999 -9999 -9999 -9999 -9999 -9999 -9999 -9999 -9999 -9999 -9999 -9999 -9999 -9999 -9999 -9999
-0.046504394580029 -0.0800231052891 -0.0547241697388686 -0.0317389009471535 0.0162012001612559 0.111478748595309 0.142764320102401 0.0844852101391038 0.0271659541082167 0.0621573134327559 0.0208002632640539 0.0363912698395947 0.0464098095401705 0.0513019880720867 0.0395738320864699 0.024639983972885 -0.145868191527093 -0.156254348356323 -0.118151170730733 -0.0806115793518425 -0.0448291599465981 -0.0478773899021404 -0.135336622673445 -0.170358208165341 -0.1632898260879 -0.235003247317177 -0.280662369254932 -0.409228986931157 -0.1702036920604 -0.100888110856428 -9999 -9999 -9999 -9999 -9999 -9999 -9999 -9999 -9999 -9999 -9999 -9999 -9999 -9999 -9999 -9999 -9999 -9999 -9999
-0.0214307895725519 -0.0547501116802956 -0.00367888396895352 0.0321512971002512 0.0604169805824584 0.130109986550835 0.184619069386251 0.214467649173408 0.162168211041253 0.0885423715933442 0.0699553652577108 0.0377580169171361 0.0582755209460356 0.0352277086622731 0.00207981246132342 -0.0313771928941145 -0.124443347802431 -0.160817401645409 -0.136573778078027 -0.0827645191739942 -0.0241516709544282 -0.00300172956994215 -0.0272681943718925 -0.0861214332862271 -0.119991052373826 -0.165340375408181 -0.177363103870231 -0.23277936779241 -0.133847315367743 -0.0776728568393742 0.0100992154685859 -9999 -9999 -9999 -9999 -9999 -9999 -9999 -9999 -9999 -9999 -9999 -9999 -9999 -9999 -9999 -9999 -9999 -9999
0.0176559894842275 -0.031733343911701 -0.0210432631191487 0.0595261779243546 0.097233863296058 0.133664781004704 0.179001186888761 0.221839682290769 0.208516984776268 0.185349043136793 0.173380738096777 0.177301889308907 0.0828850349070799 0.026783324662948 -0.0242782197881239 -0.0429800135256633 -0.169583354079497 -0.100368709325139 -0.0597368429219723 -0.0509477386737668 -0.0352094168508603 0.0483040865068138 0.0606018265131019 -0.0351376563216884 -0.0420143927330786 -0.0507496489328949 -0.0832632956408347 -0.151499382367385 -0.175290808199419 -9999 0.0554710134719851 -0.0517340278625937 -9999 -9999 -9999 -9999 -9999 -9999 -9999 -9999 -9999 -9999 -9999 -9999 -9999 -9999 -9999 -9999 -9999
-0.0146264701806462 -0.0481961021550131 0.0042987753512475 0.0859518783039753 0.115656809635992 0.154354715363315 0.203036378550328 0.241443509746926 0.226974241688913 0.234296460728315 0.247415442707323 0.192975121324164 0.16193680720741 0.0404452519960949 0.0204906870888165 -0.029811404146517 -0.114564609242103 -0.0896064580526307 -0.0274052704791512 -0.0184810385832204 -0.0180387086724212 0.0518217837982096 0.0824608124283673 0.0177980930251317 0.0376428549670174 0.0103105323733066 0.00598910544245201 -0.0581161798246223 -0.0594935923152633 -9999 0.0505523062034817 -0.0313519283035456 -9999 -9999 -9999 -9999 -9999 -9999 -9999 -9999 -9999 -9999 -9999 -9999 -9999 -9999 -9999 -9999 -9999
-0.0574848646654369 -0.058973258377706 0.0138248970694788 0.0943310385393078 0.137964614189529 0.241327167749684 0.311305499639717 0.304379465794892 0.27702657506021 0.292289038339818 0.282562386651723 0.279359690492153 0.205642721412716 0.0791592799991478 0.0515167227817852 0.0150155911529587 -0.0052777314246423 -0.001650798529811 0.0283897153575822 0.00958046393364639 0.00533847129829051 0.0767680880229265 0.0920922553649206 0.0553921819001584 0.0592675065761602 0.087356700724243 -0.01731593969675 -0.0649532605580748 -0.116036021495989 -0.184116358871434 -0.207419606610464 -0.202707485104569 -0.165324468708494 -9999 -9999 -9999 -9999 -9999 -9999 -9999 -9999 -9999 -9999 -9999 -9999 -9999 -9999 -9999 -9999
-0.0574334541027892 -0.0743106731911193 -0.00684552803014165 0.0646030286362723 0.190269177051097 0.286835129307174 0.371184148149891 0.292482488696399 0.305054073523524 0.305222631511997 0.316872902233152 0.295839532678164 0.195940116634486 0.0769960612380238 0.0553751396072644 0.0433587176094402 0.0560110051023199 0.0571588774629447 0.0626970666712777 0.0417530358273704 0.0306983119189106 0.0669850879904264 0.0630575295071857 0.0735328424367163 0.118841391812808 0.12586211902337 0.108952385334201 -0.0844100661509655 -0.10897133009683 -0.193674030401158 -0.268008009654 -0.33074678467844 -0.267334997144321 -0.211034966819888 -9999 -9999 -9999 -9999 -9999 -9999 -9999 -9999 -9999 -9999 -9999 -9999 -9999 -9999 -9999
-0.0493756476247046 -0.0755079125069845 -0.0543778921392301 -0.0409882394844898 0.13128750350168 0.250817074017614 0.34582597166719 0.31350326357008 0.311820980070495 0.32005556345533 0.296510053924583 0.227238432867377 0.294819129178691 -9999 0.0631708792096617 0.0834887319913752 0.065168998439731 0.00431360475249996 0.03875232532039 0.0290982399612879 0.0184329527245796 0.0193679140151935 0.0358920422963588 0.0949877747435256 0.150912179533808 0.151447313979338 0.0975686896243137 0.0484284042882218 -0.170297493048105 -0.207493297919992 -0.214967367922446 -9999 0.00882160781706012 -0.115489527767441 -9999 -9999 -9999 -9999 -9999 -9999 -9999 -9999 -9999 -9999 -9999 -9999 -9999 -9999 -9999
-0.105925177196085 -0.115668249980109 -0.154660090311543 -0.133688672411239 0.0271042617553756 0.223102796723306 0.261862738581019 0.276597765283424 0.264332693514359 0.220470388260311 0.180929455936991 0.133466550546735 -0.00101920578345427 0.032141746782251 0.0124390010468731 0.0729314220810739 0.0599846784145582 0.0177039634266586 0.014865801313592 -0.033482549661669 -0.0312847290642472 -0.0212490436151114 0.000469377377847236 0.0764168395009571 0.0860351564757714 0.112934427718292 0.0608005804750788 -0.112435603606977 -0.171989375714125 -0.209257483279596 -0.181436094206544 -0.150072646427955 -0.124898278074053 -0.0122922650614022 -0.0559457265051692 -9999 -9999 -9999 -9999 -9999 -9999 -9999 -9999 -9999 -9999 -9999 -9999 -9999 -9999
-0.181708186894354 -0.235061430848498 -0.453750228544029 -0.327384314752851 -0.0924389512936332 0.0808203492815354 0.177611255746961 0.201475466956325 0.214321979290537 0.117298708907313 0.106983738366708 0.0275031550877504 -0.00998551994790549 0.0243978140105082 0.018525231589679 0.0708300721939876 0.100791925227004 0.0614766392107518 -0.0368258455608836 -0.0653803756939679 -0.0485161001868072 -0.105494089887839 -0.0793067925054749 -0.0132539338771737 0.030139388680875 0.00996560380643933 -0.0277128333026397 -0.0805408827016212 -0.146490285263835 -0.176048954510133 -0.120215967568477 -0.0860117557705346 -0.0922593225815947 -0.116005239302724 -0.0776092213836642 -9999 -9999 -9999 -9999 -9999 -9999 -9999 -9999 -9999 -9999 -9999 -9999 -9999 -9999
-9999 -1.12843106846951 -1.15108535156256 -1.14927805074625 -0.289039701917351 -0.0422446053701944 0.0692942673671282 0.0927194164101283 0.0668847122450314 0.0173781667320392 0.0339629072400287 0.0284970752679045 0.00951075566244237 0.000469793268199317 -0.0053164523175909 0.0368290947509013 0.0854713348660472 0.0564551300049971 -0.00320670309298873 -0.0933412109626667 -0.104806284310992 -0.1428815171278 -0.128503416649515 -0.0854242226353283 -0.0567267601137404 -0.0681496036721652 -0.103747048150456 -0.0948989945189292 -0.115359335447342 -0.125891770539749 -0.0895557008581553 -0.0689836890358206 -0.0533382888902879 -0.0693009943571532 -0.08540311022971 -0.105610171565043 -9999 -9999 -9999 -9999 -9999 -9999 -9999 -9999 -9999 -9999 -9999 -9999 -9999
-9999 -1.103730269862 -1.09656384602217 -0.295335725088604 -0.234562989228173 -0.0228242833948958 -0.0177578220032978 -0.0168244199488821 0.0141764477416678 0.0145131712377698 -0.0630553727294198 -0.0530669860194542 -0.0266453716278426 0.0158439753350406 -0.0307329853959307 0.00691187668637357 0.0315316021361237 -0.0332223424648789 -0.0927805726432906 -0.121267027249919 -0.132313548165478 -0.130890913496849 -0.1761810570883 -0.178752933578938 -0.129826028508678 -0.112869807900057 -0.106593848775416 -0.103861149984405 -0.079790929573506 -0.070160464346555 -0.0761524690659457 -0.032946388016949 -0.0326979754219757 -0.0530828704244196 -0.0788742799305463 -0.094760103751315 -0.067491300187292 -9999 -9999 -9999 -9999 -9999 -9999 -9999 -9999 -9999 -9999 -9999 -9999
-9999 -9999 -9999 -0.344635560349953 -0.38616710113957 -0.0225334827213379 -0.0819228568830199 0.045283982359491 0.125978524372226 0.153486448140337 0.0554803426971664 0.0240996701879461 -0.0130305641154636 -0.00683638276508333 -0.0449093808213809 -0.0640098077944201 -0.0343905641507337 -0.0645750174436018 -0.132805186622548 -0.16794682506165 -0.184399483996044 -0.224959271540582 -0.201216415464422 -0.202109299474402 -0.177699381969313 -0.124936859157255 -0.0972001296624092 -0.0987387808390175 -0.0619624181827603 -0.038561701685892 -0.0550120354137833 -0.0241890114424224 -0.0329834216823265 -0.0289296672374488 -0.0415630319167657 -0.0966557983313163 -0.0883588095630088 -9999 -9999 -9999 -9999 -9999 -9999 -9999 -9999 -9999 -9999 -9999 -9999
-9999 -9999 -9999 -0.631454143714905 -0.336104618683043 -0.141754347129115 0.0081089590670228 0.10346614063635 0.241917034841624 0.287209124171446 0.26462275343158 0.141709839376266 0.050560145121874 0.0179421143540608 -0.0353987857888618 -0.0970782111719015 -0.13163230179334 -0.167891770927081 -0.199234347256648 -0.193173114300117 -0.2166506371606 -0.156416233903598 -0.187804605720392 -0.17269442672421 -0.184243161624075 -0.180887335512419 -0.146092181877137 -0.104167656136376 -0.0595858488921956 -0.0468824505258215 -0.0274941152272744 -0.0172564779994984 0.0144281562718791 0.00514101782872055 -0.030384766629791 -0.0633436865724707 -0.125682849907796 -9999 -9999 -9999 -9999 -9999 -9999 -9999 -9999 -9999 -9999 -9999 -9999
-0.677961018071529 -0.696365390214153 -0.712184731249021 -0.686980167678076 -0.413638908826881 -0.0569456746324558 0.0940753129962356 0.145018003424718 0.307475832276335 0.226679529386591 0.229437249782863 0.185737329958626 0.12238428676789 0.151247352998732 0.145473912037153 -0.00781563866068043 -0.020389198764593 -0.121860594649008 -0.197685192435317 -0.140958898767168 -0.161670186460004 -0.125108033537442 -0.132801083290463 -0.172145383309329 -0.184760743271831 -0.177673720687868 -0.110578447793141 -0.0610292776141188 -0.0226224718388437 -0.00684844083236659 -0.0362479589827628 -0.0468555801595349 0.034355818286146 0.0310721404889054 -0.0342370571363412 -0.0728748816179077 -0.104898338313852 -0.164527513734606 -9999 -9999 -9999 -9999 -9999 -9999 -9999 -9999 -9999 -9999 -9999
-0.671523261081025 -0.666986506674974 -0.676583215180091 -0.421409896541529 -0.328556072356772 -0.0445119002798739 0.0730116864492193 0.136488469643344 0.246578083280286 0.392870490453825 0.287986152267439 0.242606306915596 0.191476051089458 0.241260012816678 0.228863671475501 0.00197905948423232 -0.00448113081494811 -0.0416082391572191 -0.0309874270101763 -0.0162130217586538 -0.138839566410315 -0.069900872623416 -0.0575705878372891 -0.108181887125068 -0.11755595564722 -0.144086937705133 -0.087269389221859 -0.0327611779886999 -0.0275627447646102 -0.0183504260892774 -0.030502786217522 -0.0499427575515377 0.036778391325901 0.049121634446703 -0.131919395562741 -0.115116010126646 -0.15848976337896 -0.17421942330659 -9999 -9999 -9999 -9999 -9999 -9999 -9999 -9999 -9999 -9999 -9999
-0.707465820556814 -0.759809866836468 -0.737808376478552 -0.477780612299539 -0.2076336963013 0.0818579187240211 0.218632966327541 0.203986036906588 0.271373235528485 0.434028222877676 0.368039547153012 0.304028239991147 0.22367009711476 0.278525180788609 0.159566440866103 0.119666739599674 0.117737706003528 0.123742132345112 0.0928317896884086 0.0246193381603942 0.0230032783021863 0.0776652270857243 0.0570405300952805 -0.00945534620219183 -0.086983195807058 -0.119923268518703 -0.0795678742387573 -0.0417435476230673 -0.015827880769775 -0.0204246432830048 -0.0160381900871998 -0.0818899030990955 -0.0366446139371725 -0.0522848501376401 -0.114386432560742 -0.150411430508182 -0.20318567895679 -0.123642221276988 -9999 -9999 -9999 -9999 -9999 -9999 -9999 -9999 -9999 -9999 -9999
-0.789785661501003 -9999 -0.632031732776433 -0.360833907129288 -0.0827245435895586 0.137510186122704 0.257292776962995 0.287533323930067 0.336276162649365 0.360650364672941 0.397846060362124 0.368952676047304 0.346136967538599 0.394027316821865 0.329453023322364 0.153950754023407 0.142804472901654 0.144410330138116 0.126861788527205 0.124686228897259 0.113831830963139 0.187596791034651 0.148292456543602 0.0322434443990349 -0.0254489289730195 -0.0778876733366275 -0.103661633050521 -0.0711366549573521 -0.0363756248282862 -0.0474705909075422 -0.0805180706218283 -0.124010061262998 -0.107747079794308 -0.0923693460835486 -0.114447383426199 -0.0850499658930436 -0.135317660205502 -0.0574928578770734 -0.0600998568054329 -9999 -9999 -9999 -9999 -9999 -9999 -9999 -9999 -9999 -9999
-0.724090684950176 -9999 -0.543366642497726 -0.307546339846177 -0.0619200158969672 0.128695943055785 0.210492519452359 0.321739679629017 0.351858319577027 0.35000690279639 0.354425769372932 0.406741894678422 0.41193722316648 0.398994302391601 0.319547567806552 -9999 0.134633156071564 0.151263301853485 0.173215003125425 0.21890223543949 0.27642896165292 0.24876326445121 0.203374468744159 0.133583635314553 0.013475169026556 -0.0284344853291795 -0.0710845230260591 -0.00693221355631657 -0.0261190493146101 -0.0573960412268321 -0.070742137121659 -0.106799276780697 -0.0870912265816248 -0.0736213463782867 -0.0809107616715995 -0.12387837177955 -0.166599577817588 -9999 -9999 -9999 -9999 -9999 -9999 -9999 -9999 -9999 -9999 -9999 -9999
-0.691926759980421 -0.788339902788852 -0.478753029160297 -0.330914149773694 -0.0427288695560556 0.0955379757961093 0.259397227023426 0.355790202509672 0.423277523665762 0.400648150756776 0.422822463909099 0.386113792622751 0.441612281021116 0.397951229316354 0.31778581404301 0.166350033747026 0.169331358588531 0.139804012645218 0.193751217767845 0.246950386798435 0.338593462540299 0.317701582684943 0.207919706629574 0.116388961931587 0.0876338978855757 0.0342076857258285 -0.00587643234134265 0.0620896027028635 0.118266346144855 0.0579017891494261 0.0261192323747915 -0.0214338957138426 -0.072862598469919 -0.0530636744474604 -0.012378686224146 -0.0784414599732219 -0.159836121251243 -0.156248909127686 -9999 -9999 -9999 -9999 -9999 -9999 -9999 -9999 -9999 -9999 -9999
-0.301223412442094 -0.79133666732024 -0.405966207840765 -0.352784904321018 -0.0869134631521702 0.069170889794406 0.183912822739763 0.35037821975139 0.371388359780709 0.417404915652353 0.432568838551394 0.371457090061222 0.349214679222215 0.378308074300673 0.200534004083733 0.206732981284571 0.134390908916593 0.19992415404748 0.199365411548506 0.233122514043652 0.279931342327681 0.289842309342504 0.245652341737391 0.143347171886242 0.185813428641655 0.126456548282101 0.0122711446268153 0.083293522969732 0.186747331752144 0.187743180369645 0.165639987381741 0.104197158650225 0.00354420469276031 -0.000163003803485043 0.0365374464733192 -0.0411677884770345 -0.0879023906940134 -0.181157996390438 -0.0976740764369359 -9999 -9999 -9999 -9999 -9999 -9999 -9999 -9999 -9999 -9999
-0.251335360682162 -0.209738147868595 -0.336357195846234 -0.252360785470506 -0.128912142877592 0.251376680551416 0.299983064848138 0.339230692242914 0.360088621550833 0.405690338358132 0.40452954984677 0.33389294611563 0.312336384053076 0.166317631886067 0.179973461807952 0.209963580472798 0.195221526542015 0.182474256436144 0.187133073260727 0.18352866164734 0.211342771915862 0.217166604234921 0.18907681320426 0.177585161074347 0.23301915573527 0.217453726455553 0.167160620276261 0.184815987824803 0.240404772617414 0.266428764695504 0.240828383200982 0.17617379615984 0.155823031791488 0.0745892240252905 0.0475407054917844 0.0393018117126327 -0.0419009134479677 -0.100493363389202 -0.11136723104969 -0.0976577007711925 -9999 -9999 -9999 -9999 -9999 -9999 -9999 -9999 -9999
