data/rasters/s3.23.05.cu.1_xyz_08_.asc
NCOLS 100 
NROWS 100 
XLLCORNER -4 
YLLCORNER -4 
CELLSIZE 0.08 
NODATA_value -9999 
[rows 42 to 62 of 100, columns 0 to 47 of 100]
-9999 -9999 -9999 -9999 -9999 -9999 -9999 -9999 -9999 -9999 -9999 -9999 0.188537741344797 0.177893974469956 0.26180754716579 0.277261783971853 0.176687037131222 0.0760127072040498 0.0292596788264583 -0.019287174017626 -0.1473693388247 -0.203708275729744 -0.241385236127616 -9999 -0.182126563473057 -0.143120282843252 -0.0559886860260701 -0.048761857590193 -9999 -9999 -0.161939775909791 -0.201238638469881 -0.252442078980404 -0.265641821961785 -0.259554321009753 -0.239796754796404 -0.200604844234184 -0.15222421614162 -0.134587278770518 -0.120915978227998 -0.271473687515355 -0.25193204155477 -0.203216021228053 -0.231641998452506 -0.249029442432774 -0.214349856874604 -0.203499935763417 -0.176521820198639
-9999 -9999 -9999 -9999 -9999 -9999 -9999 -9999 -9999 -9999 -9999 0.0933996060069827 0.213141542197374 0.33120160219886 0.294860624307686 0.274673683602132 0.225134053442997 0.0772701085373838 0.0346267534717468 -0.00179313004073848 -0.111668086153493 -0.17970406655231 -0.0199923684802514 -0.102443595699466 -0.12846140697359 -0.122288701952888 -0.059406431476086 -0.0441427009820517 -0.0480267901992817 -9999 -0.180462675872168 -0.231399988960872 -0.307933018513074 -0.320367205895889 -0.304292997079157 -0.310559354018222 -0.314263410268257 -0.247042542285117 -0.181824768064566 -0.132040731136002 -0.137754476558066 -0.144323424151272 -0.103044080329808 -0.0872912083137474 -0.197036700101719 -0.147180825532307 -0.135928194618488 -0.0848227212607096
-9999 -9999 -9999 -9999 -9999 -9999 -9999 -9999 -9999 -9999 -9999 0.184356776443608 0.199560002340357 0.110313236372591 0.249833469790954 0.239651362770846 0.227053497072489 0.158704622955677 0.0295680770811058 0.0284861973857329 -0.0479028487784098 -0.0118010775835695 -0.0364043433481479 0.0420763666534932 -0.0965338439805555 -0.0793353320130234 -0.0100377672830286 -0.0633882304085638 -0.105871698588196 -0.110732331218389 -0.300132126316249 -0.336292303933294 -0.337130239344565 -0.349656326306732 -0.35338335082693 -0.351929973668736 -0.343273194656595 -0.29518586226425 -0.235069346338523 -0.0998633334306039 0.0219494810336359 -0.0973105323237006 -0.0875601077940688 0.0471185895442819 -0.0363662532201678 -0.0431478406804154 -0.089217385157279 -0.128470229570347
-9999 -9999 -9999 -9999 -9999 -9999 -9999 -9999 -9999 -9999 -9999 0.0519842573224891 0.107135102739367 0.0841645013107394 0.149175883406285 0.257053735693073 0.208976047498443 0.0823307985954324 0.0231799213959427 0.00843953319189288 -0.0226699403630128 -0.0170519122717577 -0.0708043919805855 0.00694278551884492 -0.0256783507739583 -0.023429225757423 -0.0455239737956815 -0.0971833800625279 -0.172853681057337 -0.329409190429085 -0.338110671648896 -0.465554425917561 -0.419908248795513 -0.302903835636893 -0.370759383066573 -0.395819965880512 -0.344924279153344 -0.340231223423729 -0.29550270166342 -0.167771550082247 -0.167529659528913 -0.0327154169159728 -0.0653050339908817 -0.0308472258388055 -0.042740987130218 -0.0108695597011121 -0.0947624935096322 -0.065682373531394
-9999 -9999 -9999 -9999 -9999 -9999 -9999 -9999 -9999 -9999 -9999 -0.0102018040234905 0.0236135743459575 0.0716948294458965 0.175122767806856 0.26336685730566 0.145676295970875 0.0822584157569268 0.0407457470437535 0.0227031783420469 0.0181165510144525 -0.0240721608895592 0.0713420104199548 0.104082387259794 0.0625258417069311 0.0475717399067453 -0.0292224995181467 -0.111200275959585 -0.176452370507627 -0.342222695869322 -0.457018290497943 -0.562080721574199 -0.505176728193644 -0.405616658308548 -0.45014795156657 -0.466046318404745 -0.356084620388349 -0.35365453390194 -0.270051470449994 -0.134698275804943 -0.0626835394244151 0.0136579500263116 -0.0384607978928546 -0.00701650487120712 -0.0173115368816611 0.0358668079323908 0.0184914090505059 0.0246799344650615
-9999 -9999 -9999 -9999 -9999 -9999 -9999 -9999 -9999 -9999 -9999 -0.0687729309133277 0.00593375246709776 0.0606123644011743 -0.00313735344669563 0.0850482483352517 0.11592858848356 0.0690664139898753 0.0264194230866868 0.0258442389216443 -0.0042566089106913 -0.0172127495546207 0.0576248420603452 0.109842749480871 -9999 0.071716246559723 -0.0217863927054882 -0.0864265562296728 -0.155574243342597 -0.391499067597373 -0.566294585547304 -0.588625856745233 -0.550749178065844 -0.525723477484053 -0.335408764470315 -0.443275495340952 -0.398716421022569 -0.319328508542598 -0.22063796148063 -0.0966784779031331 -0.0253441727074656 0.0951419168902596 0.129669123435984 0.0457732273701331 0.0453525426387101 0.071251865790262 0.0627500370964086 0.0629406594631188
-9999 -9999 -9999 -9999 -9999 -9999 -9999 -9999 -9999 -9999 -9999 -0.0464855231899551 0.00956441562186556 -0.0169025863311469 0.0493657322141385 0.0667981713416449 0.125362027074824 0.0367336960977153 -0.0118310300338595 0.00741960047157019 -0.0370436947964035 -0.0435655837075896 -0.0132518547331886 0.0527896781745007 0.140748603874751 0.148310818102096 0.122918256201822 -0.016539324239689 -0.0608215297418156 0.131143820782015 -0.403868559259577 -0.586023549627252 -0.592356473531777 -0.514265715556227 -0.599980764939216 -0.493515447409345 -0.386073933841202 -0.319949120396742 -0.17720792535544 -0.0500443475863411 0.186676391455545 0.279501422982075 0.181252502125633 0.140144398119059 0.273059014269662 0.157361311704856 0.0873019431951248 0.101583692264497
-9999 -9999 -9999 -9999 -9999 -9999 -9999 -9999 -9999 -9999 -9999 -0.0710484958958715 -0.0252500779134894 0.000235767220685419 0.050579926665061 0.0952716632118486 0.132886125512606 0.0346079117968579 -0.0473621754550103 -0.0412477068081975 -0.0736944181932696 -0.0818856766810141 -0.0313166346486179 0.047890562631829 0.136555452665669 0.203428375715689 0.112629976590495 -0.00568277628160833 -0.0137116918710485 -0.121101110043406 -0.0142997898781714 -0.322390887087487 -0.402351769725604 -0.476593187162619 -0.509317484689446 -0.371418043532006 -0.309368097586717 -0.29726807944961 -0.135815402563231 0.00984807133811698 0.227767147715354 0.283797869951621 0.361221839867739 0.266477764832598 0.218700725205701 0.212138441522169 0.143394934494824 0.121603656508567
-9999 -9999 -9999 -9999 -9999 -9999 -9999 -9999 -9999 -9999 -9999 -0.0326661093743417 0.00384429977466453 0.0419506908397739 0.0836833077091332 -9999 0.132181747664929 0.00827776844495008 -0.043351366332197 -0.0411369761205064 -0.0748616570814849 -0.102730600703659 -0.0834580284264789 -0.0176654018645919 0.0580334770012843 0.141779800286138 0.0622912276869342 0.0296443269995631 -0.0471866288223933 -0.122901343899053 -0.115878791956853 -0.0726555223404914 -0.464857686057103 -0.317073942033461 -0.365836626093197 -0.318703098627874 -0.288527160535765 -0.231572823686166 -0.133069499544919 0.0520971575244605 0.306065522817146 0.328412117963027 0.395934781022498 0.393731319455507 0.358511286346461 0.273080784384769 0.16772485753814 0.219398217260606
-9999 -9999 -9999 -9999 -9999 -9999 -9999 -9999 -9999 -9999 -9999 0.00497870117256323 0.0410483833273502 0.105082443045627 0.167060515710418 0.311401629531269 0.256242463769358 0.0376554472263725 -0.000493345180266227 -0.0482999569708717 -0.109946406107304 -0.109916461535377 -0.0933570994894493 -0.0679282561966445 0.0983953706404422 0.0951627124351903 0.118969145772177 0.0434728307657752 -0.0445201410092317 -0.0600199043636136 -0.0709662701266752 -0.110561823094984 -0.40028673233267 -0.366019026546731 -0.385768219955128 -0.25435139742248 -0.17619850231124 -0.148468072128459 0.0545428157281423 0.0517895410128409 0.281976237840278 -9999 0.378186756244298 0.457860311049847 0.436238807069633 0.321651630600749 0.327047081899593 0.283730484288885
-9999 -9999 -9999 -9999 -9999 -9999 -9999 -9999 -9999 -9999 -9999 0.101930680034151 0.106331483415775 0.132313055327519 0.178095078140117 -9999 0.149371485720981 0.0958429673693891 0.0208351176823271 -0.0466736096450925 -0.054617393643575 -0.0761758784101429 -0.0893563707727453 -0.078111111859148 -0.00716923885473787 0.0723197753745309 0.139236080309292 0.174675307070636 -0.080443229283551 -0.0515751091087119 -0.0725302634094857 -0.0140515453972627 -0.2958985940897 -0.162647879280701 -0.230255341690292 -0.136125292470454 -0.132795448776306 -0.000821453772263555 0.203265274061286 0.303291533775523 -9999 -9999 -9999 -9999 -9999 0.366542705009515 0.351359038201727 0.316670880154773
-9999 -9999 -9999 -9999 -9999 -9999 -9999 -9999 -9999 -9999 -9999 0.117450254229479 0.123989477768746 0.13878939015053 0.1535562856099 0.132995040726742 0.165352275634586 0.0832391503897798 0.0357814487173379 0.0431095974227127 0.00843110513352328 -0.0549685754334348 -0.0776096513695855 -0.0645031701792972 0.002481155020001 0.0749098488143982 0.130363594457002 0.129829074734719 0.133689925948587 -0.0117937347955312 -0.0277667597286007 -0.0784553328706538 -0.177410208495617 -0.231250565463422 -0.116773980762385 -0.0696752881425481 0.0144640169084343 0.167759405911497 0.318848609956652 0.422772523186026 0.412108586236458 0.39073936887716 0.431583971573845 0.402542228415759 0.292960485405419 0.329786355245569 0.249743995580703 0.191614146259836
-9999 -9999 -9999 -9999 -9999 -9999 -9999 -9999 -9999 -9999 -9999 0.090906446671884 0.15445480535513 0.193987786762431 0.136210128295137 0.166280633924905 0.14461479349167 0.146412225621558 0.0561023357665613 0.0611847655347157 0.0245938890705809 -0.0798466079606952 -0.0762749693497661 -0.0447877874007602 -0.00435085060300876 0.0559534960982423 0.0832363215935241 0.0379398991009927 0.0906416868014176 0.0426160454555945 0.0114074970020572 -0.100795856701703 -0.132001301290711 -0.114333174982989 -0.0287632595455169 0.0151248697041357 0.104649058433933 0.193448615889111 0.379310583452857 0.390685805653646 0.364557238354463 0.415531024506971 0.378352184110311 0.418273737785158 0.299010245039383 0.255501380548656 0.240401931770877 0.185072705342259
-9999 -9999 -9999 -9999 -9999 -9999 -9999 -9999 -9999 -9999 -9999 -9999 0.195111279266849 0.209222138323654 0.165051191429616 0.199853320103607 0.135958163618708 0.0679093721699319 0.0806050409110814 0.0612248248807788 0.033178621087453 -0.0362070847099105 -0.0817000645059652 -0.0544488161054461 -0.0126446652117079 0.0279373088012408 0.0801491772929138 0.0890390879973864 0.067187614346972 0.0653860878349262 0.0254118948303641 0.0475178329657035 0.0938849998360405 0.0744767905698097 0.0133513303809422 0.0814874410445 0.112440163273441 0.365820574052465 0.376072317559302 0.392881443337132 0.369129538588091 0.374290992652721 0.37782149223211 0.279849135077022 0.255623294539693 0.285839794711862 0.268724090938597 0.18418298892522
-9999 -9999 -9999 -9999 -9999 -9999 -9999 -9999 -9999 -9999 -9999 -9999 -9999 -9999 0.200433690813128 0.195829700745363 0.172154699658403 0.0862510710370054 0.0752991913537827 0.016823387968133 -0.00204225720986997 -0.099725514510173 -0.0693026926734052 -0.0645280879037871 -0.0419009051156798 -0.00508247609284026 0.0487006640905071 -9999 0.0669149290326587 0.0541405204327655 0.0565339073344892 0.0601396285043514 -9999 0.0294726886019637 0.10762808240905 0.184447834739818 0.204265791996232 0.305555999570847 0.351800736703509 0.377277702468544 0.401250734913293 0.332727840365088 0.275669238908606 0.258483147395167 0.250888253531172 0.198041244028124 0.197517652831164 0.177389077924073
-9999 -9999 -9999 -9999 -9999 -9999 -9999 -9999 -9999 -9999 -9999 -9999 -9999 -9999 0.215549480913434 0.193352426781384 0.155705169072582 -9999 0.022070601367416 -0.00670430850917129 -0.0114535248562635 -0.0894102433973231 -0.0900200734622397 -0.0682576652621183 -0.0386877225803779 -0.00767284243176046 -0.00512482606439938 0.017027022171851 0.0324043102071953 0.0436587908139794 0.0585059492206302 0.0800311959625953 0.086120886585724 0.0463618650915192 0.099703276813495 0.114728383068311 0.163856259841839 0.176896179418885 0.207106717717472 0.299665871491446 0.409435843577763 0.313400658716413 0.223566102987613 0.196696560890391 0.223447839905942 0.237566689773996 0.199822332748449 0.137861120106082
-9999 -9999 -9999 -9999 -9999 -9999 -9999 -9999 -9999 -9999 -9999 -9999 -9999 -9999 0.275511484080118 0.263025522141965 0.0577408391397185 0.0441918296838792 0.0221948305537573 -0.00822892198920365 -0.0464298075655132 -0.101432160148592 -0.0775891984136885 -0.0463034975306822 -0.0411753842455316 -0.00342566378488993 -0.0276031176200171 -0.00994170592123626 0.0225614976605442 0.0374436417015225 0.0182876004064057 0.0247596310937238 0.0279650940030265 0.00351273011437985 0.0501317655107362 0.0123441639374397 0.129038072946204 0.0815756456297827 0.0890227988162623 0.181109377411082 0.18832390285132 0.255614494846242 0.211027266923599 0.210233069523543 0.224489771426207 0.239172612627993 0.207930274592216 0.180197072986413
-9999 -9999 -9999 -9999 -9999 -9999 -9999 -9999 -9999 -9999 -9999 -9999 -9999 -9999 -9999 0.28784942940529 0.0492795600643402 -0.0207740990592916 -0.0141542962428879 -0.0166920544752729 -0.035696337661269 -0.0682245812474907 -0.0373962402866977 -0.0100053065418065 -0.0472974444882024 -0.0370777871863593 -0.0477475166397491 -0.0313367564448636 -0.00692595663677815 0.025052959099411 0.00320619334267437 0.0390289731191018 0.0192510999922462 0.00356239700723614 -0.0034293743082634 -0.0532956640237859 0.060064468347917 0.0480320583099309 0.0166597724575923 0.00904135678313409 0.133409621323783 0.261926740841627 0.289904648820014 0.234303383552225 0.261200434787163 -9999 0.252871270632748 0.224126123482708
-9999 -9999 -9999 -9999 -9999 -9999 -9999 -9999 -9999 -9999 -9999 -9999 -9999 -9999 -9999 0.236731988232093 0.204705901930011 0.0906869716689132 -0.0161774583177949 -0.0205192260502747 -0.0153852273267839 -0.00554610114463302 -0.00869685259734694 -0.0496339106933039 -0.0317502143703906 -0.0470947862746696 -0.0484504499380243 -0.054845922101949 0.0287835112919284 0.0244936449692021 -9999 0.040725394169431 0.0103343868604261 -9999 -0.174513826020642 -0.104582356158647 -9999 -0.18945430914479 -0.113818878625998 -0.0910873676417024 0.0278959443267252 0.145930683491633 0.244096725710563 0.292983971851496 0.298911113647271 0.1862269087327 0.267731112798409 0.244604152568133
-9999 -9999 -9999 -9999 -9999 -9999 -9999 -9999 -9999 -9999 -9999 -9999 -9999 -9999 -9999 -9999 0.280399769631395 0.211288497723817 0.111571410968739 0.0842202214147629 0.0771697329406115 0.0456641414344162 -0.0172804675667099 -0.0472209219313196 -0.0152605300304547 -0.0254532288755266 -0.0233479571602232 -0.0634035016082278 -0.0389925397907547 -0.0458241021518863 -0.0695537539887299 0.0615957575797955 0.0116150116937806 -0.0880351177828888 -0.250362275447678 -0.127632757372434 -0.216053656818149 -0.249903659725458 -0.269371885031157 -0.157896824290726 -0.099167404267969 -0.0150143443355461 0.15603853132373 0.307242618554253 0.339494445335109 0.43903789094422 0.326171706705359 0.260299141366515
-9999 -9999 -9999 -9999 -9999 -9999 -9999 -9999 -9999 -9999 -9999 -9999 -9999 -9999 -9999 -9999 0.310953044073458 0.264046924359453 0.218417672177181 0.0783361256200099 0.0508578047667832 -0.00394669184098156 -0.0694425276568188 -0.0310386385697271 0.00486911052338547 -0.0385285819670061 -0.0373743032827244 -0.0721454823422509 -0.0777625549119531 -0.0184312309031668 -0.0541087228341369 -0.0527395695571911 -0.00889650017002245 -0.0759147086565627 -0.326430035460645 -0.302669026255041 -0.267756735832972 -0.2980616973979 -0.352968797464277 -0.284282690984441 -0.257691095671712 -0.170214324616246 0.0231066339049089 0.157233352464045 0.297825703708121 0.349071663294782 0.343967823277031 0.387212690303343
