data/rasters/s3.23.05.li.1_xyz_08_.asc
NCOLS 100 
NROWS 100 
XLLCORNER -4 
YLLCORNER -4 
CELLSIZE 0.08 
NODATA_value -9999 
[rows 21 to 41 of 100, columns 48 to 95 of 100]
0.300888604508986 0.292782978100917 0.451013773058277 0.398730805235795 0.235031356211154 0.151023385866446 0.173922254293806 0.199252574165038 0.168259653734266 0.161764127278155 0.0691739206071911 0.146810037838818 0.205395326751347 0.150107378825594 0.119585954239127 0.129161183360166 0.0516485034357751 0.0791801223956744 -0.0395149223027115 -9999 -0.227196976080797 -0.26220127029968 -0.269989752539045 -0.265074914129385 -0.318432481799683 -0.254097480211455 -0.223618130918316 -0.216196302209576 -0.266532836328834 -9999 -9999 -9999 -9999 -9999 -9999 -9999 -9999 -9999 -9999 -9999 -9999 -9999 -9999 -9999 -9999 -9999 -9999 -9999
0.308029859549669 0.306410858026056 0.371351957522534 0.336813692919596 0.164075012701749 0.125350234470343 0.164195676607531 0.164516889600319 0.0472096351098552 0.0681027960891485 0.0700818006645929 0.13466621298271 0.155153365904432 0.14003872597527 0.142284764338408 0.143145393539883 0.175064079131704 -0.0175420208235888 -0.128263792841163 -0.254930680755005 -0.273824107914504 -0.269692050874963 -0.30038504429886 -0.270205901870419 -0.31852235312458 -0.305218971481521 -0.22962473125074 -0.262869157848488 -0.284839716034797 -0.308268369445046 -9999 -9999 -9999 -9999 -9999 -9999 -9999 -9999 -9999 -9999 -9999 -9999 -9999 -9999 -9999 -9999 -9999 -9999
0.260109316055636 0.224948692743008 0.310387640892899 0.289159024880057 0.0893650816702342 0.0161964672590602 0.104468568650785 0.100965261766428 0.0234155865781218 0.0213519675353553 0.106663878156334 0.157574825814573 0.146959196768407 0.139167093682032 0.123758788218777 0.206539596932885 0.162230777003504 -0.0190599098100429 -0.0976486291563923 -0.21492035274141 -0.249713443372844 -0.233614812754482 -0.296855530385411 -0.283006938642668 -0.292738303762247 -0.301355635857374 -0.234292516823053 -0.241895454387543 -0.28252755576123 -0.267453653742083 -0.276463845073024 -9999 -9999 -9999 -9999 -9999 -9999 -9999 -9999 -9999 -9999 -9999 -9999 -9999 -9999 -9999 -9999 -9999
0.213733348366292 0.273654218227913 0.2520482244538 0.242066488189549 0.00339844906705019 -0.00545211537003625 0.0593627766879545 0.00359547262208644 -0.0144192717726943 0.0324502976068105 0.119998089234582 0.176880395583256 -9999 0.195120996776049 0.192502813655146 0.19568799485842 0.137126373473915 -0.0616189375637525 -0.0900020832933454 -0.162952216859024 -0.240976788903841 -0.261353669663578 -0.308840295365553 -0.247588638239283 -0.288862260217271 -0.312790686577838 -0.285800962066144 -0.231289139744058 -0.228865714484828 -0.218600248175851 -0.166892522408951 -0.199564128663642 -9999 -9999 -9999 -9999 -9999 -9999 -9999 -9999 -9999 -9999 -9999 -9999 -9999 -9999 -9999 -9999
0.204813847726803 0.179902917407878 0.237038774559158 0.0113279480876583 -0.0539359210596353 -0.0394503307752321 0.00585217435235051 -0.0289028108298767 -0.0444294079006084 -0.0457847950945286 0.160310800106938 0.0403050485327115 0.02733116239385 0.108124782926409 0.0790150989155217 0.0315112839058656 -9999 -0.0413690555372182 -0.109616895378188 -0.153052589728245 -0.262192027371372 -0.303688927357308 -0.343109173537688 -0.342809498266259 -0.29692292554034 -0.293925617774762 -0.272019638819201 -0.16959456156162 -0.198437382447443 -0.223735603368439 -0.218081195549806 -0.188437397429859 -9999 -9999 -9999 -9999 -9999 -9999 -9999 -9999 -9999 -9999 -9999 -9999 -9999 -9999 -9999 -9999
0.225984096138409 0.271998379212501 0.193876373881807 0.0436208846668872 -0.0682939004385796 -0.0647365793174368 -0.0342066108598061 -0.05854174292028 0.0285034767959501 0.0930326485616589 0.108370657922289 0.0481458806059034 -0.0818170862994845 0.044881177111258 0.00741276090327218 0.0531778202394219 0.112662665451417 -0.0508252380840771 -0.0697244234100954 -0.103207132519853 -0.212798193785809 -0.156418298691767 -0.346295207673234 -0.32736946492441 -9999 -0.228925775416316 -0.231997412305586 -0.225850551503699 -0.154834052025564 -0.242412820981805 -0.234629572855606 -0.0730369567225475 0.0112205116898591 -9999 -9999 -9999 -9999 -9999 -9999 -9999 -9999 -9999 -9999 -9999 -9999 -9999 -9999 -9999
0.192613694366843 0.193816500581045 0.161534876499227 0.00774946882935339 -0.0607468086758227 -0.0370849612012499 -0.0486540750568004 0.0200585851508838 0.025651064571236 -0.060346991996609 -0.096455386670749 -0.0566924145702162 -0.0748167838668904 0.0463232046278097 0.0626147686664661 0.106571260804723 0.163242533083693 0.00633437618982483 -0.0502798409601753 -0.12169229531257 -0.119056135399974 -0.143059147838953 -0.165595263036341 -0.148919609045571 -0.209637380856809 -0.239177872504411 -0.23874819190649 -0.215316084714019 -0.199280305621612 -0.233309677612287 -0.203158815251801 0.0136217415489409 0.0243748769053472 0.042135816037216 -9999 -9999 -9999 -9999 -9999 -9999 -9999 -9999 -9999 -9999 -9999 -9999 -9999 -9999
0.175257078204705 0.0937106195491475 0.0562799980184157 0.0454017020785804 0.00403809618002173 -0.0354598298475486 -0.0472024761029408 -0.061615786616338 -0.0614456149699736 -0.0123906362762611 -0.0613720589225692 -0.0210695674069088 -0.0404994221743784 0.0448644859072709 0.0319183614944696 0.0956180635183769 0.0813918769840194 -0.00679182505514108 -0.117420289132457 -0.163699219679388 -0.0880679016091079 -0.104885548060459 -0.109147260248449 -0.176187291012577 -0.119835652643084 -0.148888836641616 -0.179726934650654 -0.166087527654849 -0.138645872040194 -0.0101453468079368 0.0010403573008815 0.02985522784786 0.0566198917248819 0.0228527643455416 -9999 -9999 -9999 -9999 -9999 -9999 -9999 -9999 -9999 -9999 -9999 -9999 -9999 -9999
0.174957775030097 0.105279804344809 0.0313002640038424 0.00719701807231449 -0.0191686732764877 -0.0548173632549816 -0.0781712726561475 -0.0729997582916574 -0.0768803427005273 -0.104227062892848 -0.0156084640511982 -0.0216315219958694 -0.0246373409634338 0.0354811962823926 -0.00620144704294367 -0.0234260113436789 -0.039799463841035 -0.0403887278493015 -0.0921566506476869 -0.113726334287817 -0.0659464511005904 -0.143178688382823 -0.129704834577173 -0.175625120345701 -0.109842377886815 -0.101525611821523 -0.14319249478943 -0.0963604036482985 -0.112272132967255 -0.03377582971585 -0.0102105702575244 0.106761576173625 0.0937038742725343 0.122269469371095 -9999 -9999 -9999 -9999 -9999 -9999 -9999 -9999 -9999 -9999 -9999 -9999 -9999 -9999
0.234632591406803 0.173729788811642 0.097718839783368 0.0323082140182947 0.050811964667031 -0.0387460324899655 -0.0576596375145392 -0.0415496976441802 -0.104973960704529 -0.131402561552439 -0.0105986262330483 -0.042357377267017 0.0209328985152191 0.0545949072178448 0.0403588573277626 0.0161194350588906 -0.012257417213504 0.170515444643464 -0.066234182734167 -0.11764248567016 -0.086471794520422 0.0256502422083861 -0.20653494197296 -0.279800916257192 -0.099071839953162 -0.0674082397705334 -0.0961832717014091 -0.146414701211305 -0.12016666719284 -0.0092604570617534 0.0222754915712517 0.0575654827151079 0.117227745283455 0.105029715762721 0.131371539165389 0.190871116625214 -9999 -9999 -9999 -9999 -9999 -9999 -9999 -9999 -9999 -9999 -9999 -9999
0.215657639569398 0.193387300062373 0.144260539524641 0.164039682589364 0.0212086150324328 -0.0410466946053132 -0.0698627508488249 -0.0973265353521 -0.134128255087235 -0.123923057390502 0.0702964701242684 0.0105481221479127 -0.0488962726590217 -0.105590985485478 0.0881778813748579 0.0700381617743863 0.0695782706632117 0.0859832054345026 0.141924620370999 -0.128120592967129 -0.0885282473280793 -0.0272467228001847 -0.192405392846242 -0.263784327952195 -0.145141920333074 -0.0633352898622554 -0.107971674406379 -0.13128683099657 -0.136290755447124 -0.0640747896512727 0.00471873980576019 0.069146524669008 0.11481684142542 0.0800097173154372 0.111753810049864 0.0998864272916059 -9999 -9999 -9999 -9999 -9999 -9999 -9999 -9999 -9999 -9999 -9999 -9999
0.223778630953976 0.162759781272945 0.176098893023906 0.0525371210473072 0.0350285200265152 -0.0148927690712864 -0.00465124604258892 -0.131847615328755 -0.150011554091279 -0.0277015182651296 0.0370801920248323 0.0820661018725226 0.0901578824803402 0.0342829453529845 0.0574564099547925 0.0619978931430058 0.136023371855477 -0.22070126306271 -9999 -9999 -0.150339100555286 -0.115823306330108 -0.227209502916647 -0.219525519521963 -0.0130920430454736 -0.0524536753268687 -0.106758838452903 -0.142795480342175 0.0384609231353256 -0.0596512602761044 -0.089646669159825 -0.143638051582728 0.0738598503197841 -0.00144934272960514 0.0908615992290031 0.0160156045644124 0.055300414130304 -9999 -9999 -9999 -9999 -9999 -9999 -9999 -9999 -9999 -9999 -9999
0.271549224810364 0.249617937621837 0.384363302678208 0.0183842593010898 -0.0130950746952658 0.121241271607419 0.0304396964699466 -0.0290533851886088 -0.0717683799969547 -0.122680064220188 -0.0437914649864893 0.0566564881211706 0.109208233297963 0.0180829667188563 -0.0994129372730784 0.0533567532239245 0.174555660040065 -0.227071861209275 -0.278030270315883 -0.29819415955406 -0.284059095162549 -0.2588503472659 -0.110146538786249 -0.263810220439619 -0.154101937958059 -0.0192968643699555 -0.0897192331563697 -0.0956134466702377 0.0573569032019641 -0.0399293809742899 -0.105554457592501 -0.0642114856030748 -0.118181913196625 -0.0221917431818835 0.0276191058721904 -0.0367058418258812 -0.0878610217350375 -9999 -9999 -9999 -9999 -9999 -9999 -9999 -9999 -9999 -9999 -9999
0.306180399829485 0.418768166238056 0.394144248518669 0.287282063542028 0.211349289696945 0.157726923031328 0.049015801084105 -0.012509564445006 -0.138072470425225 -0.183198533710488 -0.190154303820623 -0.112836678910115 -0.0153373527412489 -0.112627588015988 -0.0726129031635827 -0.0218517478085436 0.0302441757920635 -0.21345265523453 -0.245137615427646 -0.275080918205578 -0.303120483321183 -0.273466881959195 -0.251512936357821 -0.263032372605822 -0.19297479956626 -0.121318338723197 -0.109545208798182 -0.107958505985211 0.027528922808173 -0.0413385353058437 -0.0590926677102196 -0.0941446482387217 -0.173276506308376 -0.0960560874260135 -0.0791257060314083 -0.0934004600398811 -0.124219839373815 -0.137095700342123 -9999 -9999 -9999 -9999 -9999 -9999 -9999 -9999 -9999 -9999
0.473367697392796 0.491539909915332 0.375651529142786 0.31662803653712 0.182712650029648 0.128388727672072 0.0674478047153699 -0.001573146129778 -0.164786880769366 -0.223286853887067 -0.179791098481321 -0.132243514810596 -0.140354458615711 -0.136093858269162 -0.139478581204906 -0.102245538299783 -0.103010535152634 -0.0349659970360388 -0.232741077467089 -0.27460992401549 -0.29714007111515 -0.276661312697586 -0.267970567716651 -0.266734007843179 -0.228195816788558 -0.183697145251489 -0.114606156942233 -0.0633045499660342 -0.0179965494413793 -0.0791590510782028 -0.0926645806149609 -0.135697951191037 -0.20630251223415 -0.188793712526473 -0.170972817288778 -0.164482938003654 -0.135378412391509 -0.152791684014837 -9999 -9999 -9999 -9999 -9999 -9999 -9999 -9999 -9999 -9999
-9999 0.325836626156207 0.248563159836095 0.255695554483398 0.185841204699424 0.0582243599897941 0.0834011949037408 0.0220217270148254 -0.13558056852929 -0.306077678914725 -0.252997923639026 -0.149045396213267 -0.177693587834761 -0.223782683020967 -0.184906728835938 -0.123834371966751 -0.0895843349526541 -0.10114307780225 -0.0985009644898878 -0.233113895439075 -0.280259135794374 -0.251028220986391 -0.268509661438596 -0.251591113529122 -0.251211177288236 -0.206362670332377 -0.197230100886318 -0.125025628418477 -0.145135993337691 -0.163900149795372 -0.150044780230553 -0.128562889055449 -0.264531361478198 -0.202366942737142 -0.186795163670747 -0.171895514350871 -0.132083734377719 -0.147531043802641 -0.0998407768356255 -9999 -9999 -9999 -9999 -9999 -9999 -9999 -9999 -9999
0.506272718983176 0.368301537945561 0.227262000233261 0.133500385649413 0.0693209392055209 -0.0845078780668837 -0.140343493299142 -0.0478765882156999 -0.130094740493536 -0.350562247609041 -0.25530417056876 -0.121059085455011 -0.190339474163813 -0.265749455053675 -0.282373855653112 -0.0748136844071472 -0.0587362327076774 -0.125352356314603 -0.125289621453287 -0.263977935967768 -0.217171217335837 -0.258008673895591 -0.232913450041143 -0.234560312292001 -0.25357488000719 -0.267430664418238 -0.271112763953041 -0.201909993439878 -0.145905798200752 -0.173123562069502 -0.147114411698636 -0.22235357980436 -0.256907222662867 -0.239925797156416 -0.21459737361403 -0.205828096844447 -0.195674052568313 -0.164669553010556 -0.0937762297365981 -9999 -9999 -9999 -9999 -9999 -9999 -9999 -9999 -9999
0.408160775597826 0.338403929752996 0.14585617097734 0.126861786078455 -0.00846123844259472 -0.162446655434174 -0.201854880965675 -0.104839719870534 -0.172176068622542 -0.317655666184162 -0.219469027090037 -0.143491330013841 -0.227182889505847 -0.247051010972016 -0.181079511360041 -0.124399288118632 -0.0846631320663721 -0.10472908583707 -0.170510311336354 -0.214172920073733 -0.16544175833563 -0.196313144854615 -0.211514799542115 -0.234209965797734 -0.195845243683733 -0.213410029107715 -0.228914538595318 -0.22628029789782 -0.225881835158327 -0.22870519070132 -0.107332297236852 -0.128466272459179 -0.234952002324709 -0.255569935929824 -0.26086534371469 -0.237350615151152 -0.236696123899502 -0.148987720827515 -0.0110510289196994 -9999 -9999 -9999 -9999 -9999 -9999 -9999 -9999 -9999
0.605409031865355 0.206117268426799 0.00781663489105145 -0.134120015765222 -0.183953319474518 -0.263351672799469 -0.195402094299997 -0.33830694937518 -0.350318112952475 -0.337679248459112 -0.30725247996845 -0.279207930335857 -0.310498836219508 -0.210562402111418 -0.145210783973168 -0.138922726320089 -0.117020368660796 -0.109195348599996 -0.234887935043897 -0.222927955117563 -0.143126830286468 -0.166472587562844 -0.232038294948791 -0.223459177152867 -0.227457378776478 -0.176311636653636 -0.182499417124955 -0.2158948179164 -0.182358753501611 -0.247060903196217 -0.261509289140609 -0.229816177934871 -0.268607275333625 -0.27995920717473 -0.25623075271522 -0.261379526600012 -0.158974647833525 -0.170412805392256 -0.0311069666513433 0.0990501191176361 -9999 -9999 -9999 -9999 -9999 -9999 -9999 -9999
-0.037089509301082 0.0807821116818991 -0.0555038999397184 -0.250379129016265 -0.220472575658539 -0.261494721798683 -0.362545015815713 -0.350217065092694 -0.340381956036411 -0.334164335995336 -0.35739050292301 -0.349812877459104 -0.298427358675381 -0.221876082363004 -0.0990272307014905 -0.119315577235189 -0.131776074242921 -0.130461580297526 -0.20128312720086 -0.196935930469834 -0.123573026085313 -0.174629279176309 -0.254116853063645 -0.172954903919517 -0.226655547967118 -0.119204767550848 -0.0888174195497169 -0.123576677848814 -0.114981422727599 -0.133414847011011 -0.21054747708718 -0.301983992754679 -0.255779304105429 -0.264411886918655 -0.141758073430932 -0.230470345133347 -0.186341135004756 -0.177795355428975 -0.129342261543558 0.0412880989325754 -9999 -9999 -9999 -9999 -9999 -9999 -9999 -9999
-0.195412301144816 -0.0973744845824819 -0.010148431665491 -0.221569554921556 -0.282607490315849 -0.245784820004361 -0.330157371787194 -0.347872922469051 -0.337693900555437 -0.300002956041747 -0.359308176636055 -0.299357076475626 -0.24053800439612 -0.20345244559861 -0.119073361364267 -0.110290061053275 -0.149394616353817 -0.127767298581714 -0.179633129833379 -0.0860431287410239 -0.0936533465916402 -0.129281984987043 -0.198552445135656 -0.104689893567279 -0.185987223264535 -0.0617523271480605 -0.0950276712372559 -0.126754067429554 -0.113711030142463 -0.139509705548727 -0.19676725042424 -0.291386714713654 -0.208654942921866 -0.137434451513593 -0.13425388252494 -0.224152541102132 -0.283375709210458 -0.169272591183651 -0.109594315273505 0.0107638460968817 -9999 -9999 -9999 -9999 -9999 -9999 -9999 -9999
