data/rasters/s3.24.05.li.1_xyz_08_.asc
NCOLS 100 
NROWS 100 
XLLCORNER -4 
YLLCORNER -4 
CELLSIZE 0.08 
NODATA_value -9999 
[rows 21 to 41 of 100, columns 48 to 95 of 100]
0.128005923450399 0.116272734127228 -0.00665495835506686 0.0293760050164524 0.064254675134221 0.115834652878135 0.268728792147831 0.223612756053399 0.12564364576984 0.0933195695183367 0.0943041157983356 0.13478546349938 0.073980591419426 0.0355303840142534 0.0270265146353873 0.00277864062769187 0.0734727187928414 0.0936381833383639 -9999 0.248479906239218 0.290254210482074 0.154865253816522 0.0644112216215447 0.0594342906707642 0.168396725086687 0.202576282846391 0.271076866206985 0.226923816216382 0.231350133273684 -9999 -9999 -9999 -9999 -9999 -9999 -9999 -9999 -9999 -9999 -9999 -9999 -9999 -9999 -9999 -9999 -9999 -9999 -9999
0.0166583743289686 0.117771715509629 0.0761632475293593 0.107993633289611 0.0723798207613244 0.0230692174268953 0.216093533949476 0.0577235128658295 0.0518073333837778 0.11118264554866 0.111723850948158 0.117119591737435 0.0853621217510423 0.0368010456143835 0.0159155679351146 0.108080043728472 0.176197706657292 0.130027895354731 0.0811605005180683 -0.0458393467124235 0.0337500928213632 0.0333933797817607 0.00261508673287283 0.0755500424636251 -0.0266726440210226 0.055625838154977 0.208820561194668 0.200767982191103 0.157248775561588 -9999 -9999 -9999 -9999 -9999 -9999 -9999 -9999 -9999 -9999 -9999 -9999 -9999 -9999 -9999 -9999 -9999 -9999 -9999
-0.045747604209371 0.0611937870201884 0.0741457335263076 0.0913622640079784 0.0933269682220835 0.0925042432287839 0.119956961630633 0.0665213850055221 0.103769001816798 0.20108111456544 0.0973955439058679 0.0590174677441101 0.0875436829428133 0.00879005986218422 0.039912978546882 0.240640694358183 0.167342990651249 0.101708757984395 0.0884894139126993 0.0307405356064746 0.00769095777732325 0.0209744931412073 -0.00754248496623734 -0.043622772216934 -0.0814032580702362 -0.0432024461016851 0.0510775716532462 0.0666901637903447 -0.0101179804392576 -0.0256592852218501 -9999 -9999 -9999 -9999 -9999 -9999 -9999 -9999 -9999 -9999 -9999 -9999 -9999 -9999 -9999 -9999 -9999 -9999
0.0118780015392234 0.0892849153322881 0.0891777454070679 0.0965535598607603 0.098131539561669 0.117655512535295 0.0952984012278762 0.107720367798093 0.189245920664341 0.0427097191462381 0.0824906996913821 0.0972861060550685 0.0903674016884651 0.047557152763816 0.0529238721953316 0.101322570417433 0.20778123904673 0.0762995015520029 0.0881680450750393 0.10437128536827 -0.0234201855932178 -0.0481394878614985 -0.0728052147935186 -0.0650862949257317 -0.0434607434651077 -0.0524122441451335 0.0302144068432962 -0.0627350843674397 -0.0607286332286383 -0.0503021668955115 0.00246483323726442 -0.00294840197642353 -9999 -9999 -9999 -9999 -9999 -9999 -9999 -9999 -9999 -9999 -9999 -9999 -9999 -9999 -9999 -9999
-0.000138950186078458 0.0517624102485134 0.145508993786303 0.134858040267213 0.0881711710372052 0.0482425218083051 0.119641470258376 0.0537451331021831 0.144887020122446 0.151507453958222 0.0369360284752314 0.0508558018504507 0.0506347568314033 0.123179367295681 0.198484157978811 0.0689908460221004 0.187376658584362 0.0778506483649074 0.090952024924601 -0.00656671186199573 -0.0611351824481002 -0.0484717972704365 -0.0644482977634871 -0.0354026885768014 -0.0147808421179592 -0.0169053890077689 0.00541757852560695 -0.0553913659860952 -0.0430296338170942 -0.0561660895065002 -0.0243076621089165 -0.0280695990128404 -0.0156995577833856 -9999 -9999 -9999 -9999 -9999 -9999 -9999 -9999 -9999 -9999 -9999 -9999 -9999 -9999 -9999
0.0157511490925643 0.0286251466469321 0.108762767306032 0.11958220858188 0.0669908182280588 0.00650700976382056 0.0266001889943979 0.0835734999676708 0.168679057862472 0.217999900980772 0.112836315993853 0.103154178248458 0.134516309403189 0.165866754878731 0.247241185392701 0.265330830306779 0.260692442678695 0.167117320733381 0.181236359352394 -0.0331385368548275 -0.075343877658795 -0.0384828059706807 -0.109348904816934 -0.141334569432667 -0.0584918164906623 -0.048825239334364 0.050233681380439 0.0060612798918552 -0.0189966150655963 -0.0188971398702147 -0.0359817775047155 -0.000531801809683179 0.0279218174226611 -9999 -9999 -9999 -9999 -9999 -9999 -9999 -9999 -9999 -9999 -9999 -9999 -9999 -9999 -9999
0.080568263552001 0.0182954185144789 0.117721261645456 0.166088959038674 0.139637679578069 0.0150743218174435 0.0343015601675042 0.0645190547827962 0.158663746418827 -9999 -9999 0.080772135633393 0.180155548118635 0.258501437713514 0.241874049862693 0.285272135319902 0.280566269918344 0.250999954806093 0.187654178085056 -0.0141176041185627 -0.0222192277496828 0.0166992440569153 -0.0730750517528104 0.025145072024902 -0.145949210980693 -0.106961661088531 0.071693099065958 0.0614690003460874 0.0249185812368768 0.00472718959474892 -0.0168255551767776 -0.0207588847444453 0.129398193269239 0.157201787097094 -9999 -9999 -9999 -9999 -9999 -9999 -9999 -9999 -9999 -9999 -9999 -9999 -9999 -9999
0.126835402471734 0.228981437361875 -9999 0.148869349261094 0.14455963491411 0.0604794924951684 0.0784698607458264 0.121368899045278 0.187273701439567 -9999 0.103543240535563 0.128849065496132 0.141724169852387 0.301097664195066 0.281107442073308 0.190022615786255 0.252340776841499 0.281306082530209 0.179031641560018 0.00702438469690019 0.0685814700224262 0.117837264070493 0.136601306527891 0.0462653780277919 -0.133180582352975 0.15759996949685 0.124095442997979 0.099105134877139 0.0335711656572397 0.0124857514905429 0.0867063309086115 0.205466780365602 0.106489697318808 0.166845208110397 0.191182322658532 -9999 -9999 -9999 -9999 -9999 -9999 -9999 -9999 -9999 -9999 -9999 -9999 -9999
0.100757532916902 0.134887914942504 0.1583643637386 -9999 0.159350946671391 0.114961175744199 0.0933772967011209 0.109275853851183 -0.0699437558738415 0.277281905882993 0.204714014345009 0.128425014903058 0.114077943375666 0.123639374394688 0.205685947397869 0.106869033346184 0.0486447395495966 0.225566286837483 0.0520707741593999 -0.0375664985771887 2.29621317592567e-05 0.0211069877564485 0.023381197469244 0.0351460417902788 0.0676022878279127 -0.123817266373596 0.118250218231216 0.0721239765362725 0.0533891308243218 0.122285616871322 0.244971057545703 0.297625105167126 0.145062140778026 -9999 0.157658626126664 -9999 -9999 -9999 -9999 -9999 -9999 -9999 -9999 -9999 -9999 -9999 -9999 -9999
0.00816373659691209 0.127931873429904 0.182144760245735 -0.0925946140207167 0.166094862991514 0.110364931967941 0.0579223752134873 0.00399189708131581 -0.0195676431726707 -0.02573489810078 0.0426396495418933 0.149515880104289 -0.00672123639571334 0.112179668479182 0.132001937078157 -0.0729879946303351 -0.0866094015900717 0.102929124499311 0.0424486733554262 -0.102461042563455 -0.0950147117056894 -0.0814621963555754 -0.0195014774292082 -0.0206744694771582 -0.0723200836626888 -0.0604363884700576 0.100047128409453 0.0871369714255326 0.087295831789666 -0.11922079096763 -0.152464991676714 -0.093646523061234 0.185852625472296 -0.0180781226832286 0.0503314152412477 0.0670227318929633 -9999 -9999 -9999 -9999 -9999 -9999 -9999 -9999 -9999 -9999 -9999 -9999
0.00332168631636789 0.117468749352741 0.144192958438781 0.0100201900858465 -0.0465881517401744 0.0485660914757854 0.109041122373973 0.109288253236375 0.205233289657182 0.118998930206895 0.0374593693585245 0.00897152522541699 -0.0810497429741239 -0.0844798972150886 -0.047083518584848 -0.0527123866931545 -0.118922816801045 -0.0780226234308971 -0.0608590633286086 -0.178865789605031 -0.162558794939264 -0.168743882552536 -0.0931425622781119 -0.0367572587184049 -0.0481145899943873 -0.0413483771692366 -0.0598049203828126 -0.0907180654034255 0.0940855347784207 -0.0640271332835432 -0.0771879726376224 -0.108682637479998 0.135102521285731 0.0267242782578296 0.017092234212086 0.108110630180907 -9999 -9999 -9999 -9999 -9999 -9999 -9999 -9999 -9999 -9999 -9999 -9999
-0.0179556813866178 0.0627212033167212 0.0793608752509003 0.114037509677861 -0.0415440893173063 0.0209754017860905 0.0965123896235003 -9999 0.307508693365896 0.0949882271930379 0.112932378294432 0.0294690357014207 -0.0698409869498972 -0.043981144766607 -0.223219423243319 -0.194994843452787 -9999 -0.258659286172039 -0.161850143538163 -0.211264195246763 -0.21424796099974 -0.13859233530895 -0.0836028405281284 -0.00455632456492607 0.00281316281301756 -0.0311660430570048 -0.0463176741652351 -9999 0.015253493512365 -0.0533010980977924 -0.124207309335269 -0.106557950177916 -0.00395151519072743 -0.0155780466667658 0.0475359362404956 0.19794565134618 0.167899871291298 -9999 -9999 -9999 -9999 -9999 -9999 -9999 -9999 -9999 -9999 -9999
0.0569159124235919 0.0659781625744446 0.00137938393694581 -0.00688856922762709 0.0286512161396704 -0.000661189623144965 0.0376359316307885 0.0983809289661846 0.203753259799829 0.127011668532249 0.198969043837466 -0.0198568019253973 0.0423607825630197 0.0377182016339142 -0.0298484876545952 -0.151978769234794 -0.16601678610195 -0.182702481260759 -0.220510507191981 -0.235179508544585 -0.174326310028047 -0.198588378586675 -0.19108287390822 -0.155379354420562 -0.12554740773035 -0.163342381697836 -9999 -9999 -0.0260819293771617 -0.014371759304303 -0.0912410111347891 -0.0801275348857199 0.0158071390875757 -0.0461995445539619 -0.019799947310056 0.17793924874607 0.166297595195995 -9999 -9999 -9999 -9999 -9999 -9999 -9999 -9999 -9999 -9999 -9999
0.0994250543376151 0.065165941122085 -0.0155834713038977 0.0242831533998214 -0.00986507662287393 -0.0255008687408827 -0.0288141737929132 0.0487339874824546 0.111141273653018 0.142439706327399 0.0664210904746121 0.0636087472675658 0.125544840641907 0.183986003853408 0.0678754763410666 -0.000580700605540374 -0.162161783340203 -0.168043579792196 -0.279732828512392 -0.198595946428558 -0.116954568027832 -0.173348281821164 -0.206267430676906 -0.142372191082196 -0.0437034008978054 -0.0946930518434224 -0.151101609324967 -0.223692649383712 -0.218204150858945 -9999 -0.0204842518597243 -0.0367662757734793 -0.136294847185564 -0.0659482033114182 0.0771638835146304 0.134761165863883 0.161348937651305 -9999 -9999 -9999 -9999 -9999 -9999 -9999 -9999 -9999 -9999 -9999
0.157233737815062 0.0812127042864708 -0.0371675801554673 0.00547324299977929 0.0484268337992092 0.00129796080672831 0.00957806658025214 0.0581501878867565 0.108551565760841 0.0680138747573683 0.0781463619841941 0.0570246613690418 0.10958855828767 0.117725690424572 -0.111286496295555 -0.155742374628263 -0.205907270498268 -0.117016585886862 -0.206436622613906 -0.147352855170877 -0.0684173496338099 -0.165959901799913 -0.232048398772225 -0.190076077977966 -0.150194754116398 -0.133882833975439 -0.117308080310152 -0.209014779225537 -0.0680864246216442 0.136770532473402 0.0138119458107419 -0.102058618441308 -0.225239274982767 -0.0983224144620957 0.138261898466759 0.150143654107825 0.13006801550916 0.172357235947566 -9999 -9999 -9999 -9999 -9999 -9999 -9999 -9999 -9999 -9999
0.180482103526563 0.254273973511611 0.155361311147293 0.106442980417322 0.0917145214941871 0.0808357400225201 0.0417576175514933 0.0538946551897289 0.0644510213176938 0.030189139696564 0.00332285211289567 -0.00647875141844385 0.0151249727275263 0.0882173025539767 -0.010297856411512 0.00158638123429425 -0.188484005432718 -0.192141377174201 -0.18322304254466 -0.174241244258855 -0.0461158077124897 -0.160374069356137 -0.26010597258119 -0.299299917974236 -0.250206889602955 -0.236136871140819 -0.275197335473442 -0.231475460797254 -0.149221098597345 0.035470107701762 -0.0557672507054297 -0.122221155691499 -0.142275169486833 -0.208489268259353 0.0354155530431603 0.00760777635121362 0.093821255470726 0.568016235645231 0.523667074667273 -9999 -9999 -9999 -9999 -9999 -9999 -9999 -9999 -9999
0.288857417890952 0.241156253515784 0.0697331160192792 0.104468720898346 0.139891812138536 0.137849006304407 0.0306023058966335 0.0426053079518673 0.0674396601490767 0.102946095780864 -0.0293757042720952 -0.00443040701580568 -0.0314245427941671 -0.0719226070886424 -0.0947691779837377 -0.105331362568851 0.102176662672377 -0.149789204189729 -0.20398642857382 -0.299748553032795 -0.0801102100132294 -0.167278506131736 -0.263404856965531 -0.348779429285703 -0.293554403259233 -0.266736874918012 -0.30183454193939 -0.250242517440802 -0.0743966808337671 -0.151899580056781 -0.118655424009977 -0.181471200233242 -0.196942214896894 -0.169174339937076 -0.0928493385254624 0.0261582634783775 0.0586382306968657 0.350571883656581 0.510107796804492 -9999 -9999 -9999 -9999 -9999 -9999 -9999 -9999 -9999
0.285566332293433 0.192682228104135 0.0525511601740888 -0.0098641813995864 0.0463387716942245 0.230260266312102 0.0344682699111077 0.156256778301674 0.123175913889532 0.0419689933421755 -0.0325898003756869 -0.0326331058039408 -0.111974117244815 -0.17159662680561 -0.142240957164687 -0.153180544590739 -9999 -0.0998295351863825 -0.0453929471055901 -0.241116073268491 -0.134247211996478 -0.173677340314543 -0.250940721423121 -0.2981378679272 -0.323485523688361 -0.120081092325229 -0.208034059710014 -0.267138169811624 -0.043510903401529 -0.0934797692416273 -0.198954623613591 -0.181647868711539 -0.131435292835342 -0.0943401680422551 -0.102755120235309 -0.0653539338415468 -0.0174276839578389 0.100744724692849 0.110413647131451 -9999 -9999 -9999 -9999 -9999 -9999 -9999 -9999 -9999
0.243378207582804 0.152667049036985 0.0813018748616682 0.092450610084242 0.0863389708490282 0.122348215099266 -9999 0.205638336495671 0.195938098932098 -0.0250122580769578 -0.0993783404153465 -0.105485789773004 -0.139108140280204 -0.165244016419335 -0.153003460501166 -0.0465825892656611 -0.0461920373112218 -0.271609802377457 -0.250984113691388 -0.361351671500948 -0.13988648778256 -0.198133236908324 -0.2281412378398 -0.302369245790024 -0.312164674691952 -9999 0.0290177808952861 -0.0464266784447243 -0.152050961196028 -0.0846305639311531 -0.0809535672829828 -0.153612295556613 -0.0995084911089987 -9999 -0.0873351045044156 -0.0874942155119647 -0.0187079584142919 -0.0786971940138611 0.409982408272074 0.357962820189424 -9999 -9999 -9999 -9999 -9999 -9999 -9999 -9999
0.21508929620116 0.0986474045862599 0.108444874792428 0.106347758335058 0.0674194918340576 0.0804267979894785 0.207983819075508 0.205245448798742 0.117333007928496 0.0150871040608575 -0.0731215338578021 -0.079605802917253 -0.0860417239692953 -0.172902964832674 -0.113339028323734 -0.0499766535987089 -0.0681306581680633 -0.0602441164441029 -0.363305599364824 -0.313130319194921 -0.291990571339009 -0.222828414896915 -0.290639799446915 -0.282773589241811 -0.292608271426116 -0.219429690432332 -0.0877339256642301 -0.357030520757455 -0.135613222240297 -0.127009677685499 -0.136811921611092 -0.15876841096886 -0.0927075517629089 -0.0409653253395872 0.0188973045231557 -0.0880530298866194 -0.0826001465875737 -0.124591686599706 0.398580610853908 0.360259034041542 -9999 -9999 -9999 -9999 -9999 -9999 -9999 -9999
0.130769068796423 0.0349643959141189 0.0790980420800009 0.0643244431095003 0.115194756345455 0.0538043266749701 0.0176794080030072 0.029007886925647 0.134327661663784 0.0837921775855328 -0.00721422849592177 -0.0491975063365947 -0.0437900377822142 -0.0841361875441639 -0.0626168443117462 -0.095868667190456 -0.0777714000753579 -0.0414862176354384 -0.228523076668771 -0.28024035117955 -0.244706437294059 -0.257525195715234 -0.276079204653381 -0.259843851129711 -0.255395329910149 -0.181143057714898 -0.178318204760121 -0.307587921142849 -0.268581170242963 -0.272041760023999 -0.106044038607323 -0.221692654190331 -0.165611255940991 -0.158604709874925 -0.0339213950171449 0.0302661885226607 0.212260925101832 0.207535074569094 -9999 0.275325546074613 -9999 -9999 -9999 -9999 -9999 -9999 -9999 -9999
