data/rasters/s3.23.05.li.1_xyz_08_.asc
NCOLS 100 
NROWS 100 
XLLCORNER -4 
YLLCORNER -4 
CELLSIZE 0.08 
NODATA_value -9999 
[rows 42 to 62 of 100, columns 0 to 47 of 100]
-9999 -9999 -9999 -9999 -9999 -9999 -9999 -9999 -9999 -9999 -9999 -9999 -0.346634715530053 -0.303569280703881 -0.265031103206941 -0.276408235991448 -0.26077879261995 -0.214970785603432 -0.196062006798259 -0.166311009097784 -0.177824964407176 -0.117247985975681 -0.0513407036906552 -0.206564313122832 -0.253075244100374 -0.262149347091504 -0.275289472360472 -0.310565015380114 -0.206422626860761 -0.191152667276832 -0.192329297183123 -0.0868518969006682 0.170163845975834 0.216872038944513 0.201129847308078 -9999 -9999 0.0430481159340616 0.00869267188072926 -0.00494888000557882 0.0635429129505893 0.170087454482487 0.0985141993585989 -0.226342666958801 -0.303255941515926 -0.246003093460626 -0.245968421612726 -0.329480067631217
-9999 -9999 -9999 -9999 -9999 -9999 -9999 -9999 -9999 -9999 -9999 -0.324486960491487 -0.327040560719857 -0.342816785542424 -0.260481846214713 -0.329066330700282 -0.272290085997493 -0.264979317716536 -0.309950796753904 -0.208189931410425 -0.105402032220082 -0.145378918512471 -0.183182617590832 -0.239268415328597 -0.241653157783893 -0.284397532718096 -0.31194120988389 -0.236847952924694 -0.248139424836635 -0.173480602226181 -0.169094503560863 -0.131907222993826 -0.0051457936207537 0.14014415877651 0.180860365724915 0.0915952088955612 0.018879833618886 0.102822306252045 0.0730836039962502 0.0179779221204457 -0.102393338579806 -0.164002360582953 -0.283209007075458 -0.295426225846709 -0.277184358196776 -0.322970300031655 -0.312238249823745 -0.329847123825652
-9999 -9999 -9999 -9999 -9999 -9999 -9999 -9999 -9999 -9999 -9999 -0.319960641045853 -0.354469217355058 -0.385284235353054 -0.286275750443933 -0.35453852909904 -0.392479118712285 -0.25443966331577 -0.206941909183358 -0.186537575280544 -0.146155482540111 -0.149237138971639 -0.190708348989212 -0.200462112101837 -0.261623295418197 -0.293953596043296 -0.27485204849263 -0.24666023097497 -0.247264807876547 -0.262697266561214 -0.245144881438192 -0.127955628138776 -0.0326484443666537 0.00920536492078081 0.105984332878722 0.0242606229428703 0.14083388441009 0.138164874510604 0.110081771343948 0.0209534230917008 -0.106781313773637 -0.205935541829867 -0.294359073155345 -0.337983906890029 -0.351095675363661 -0.432871854125905 -0.421300942632582 -0.358090639668811
-9999 -9999 -9999 -9999 -9999 -9999 -9999 -9999 -9999 -9999 -9999 -0.373427792995029 -0.332564795829519 -0.367730347272428 -0.382761553761773 -0.396403133462026 -0.374652462405318 -0.325903527287299 -0.299946390822551 -0.10338914985 -0.141590160544656 -0.151677303775061 -0.119774838191339 -0.14661763545813 -0.224316844325709 -0.248268864358761 -0.241892166696284 -0.266846743944012 -0.186290921017169 -0.24810955113352 -0.281788447941615 -0.202732955453518 -0.10238490342561 -0.0618155982675777 -0.0699611983146433 0.0305440954661366 0.105075643820702 0.0749957245204761 0.134251180046655 -0.0490911687949637 -0.234758019993021 -0.288807983878799 -0.272326888683068 -0.321721023135973 -0.371985372530005 -0.432780662306002 -0.469517726241101 -0.443011282597822
-9999 -9999 -9999 -9999 -9999 -9999 -9999 -9999 -9999 -9999 -9999 -0.32423604216348 -0.34934382703286 -0.34066712801716 -0.398522862745941 -0.413607990610555 -0.271575670813324 -0.304938282180884 -0.262367905761713 -0.140133802562013 -0.118932294968473 -0.135251582858372 -0.0759936645339221 -0.119641750329698 -0.157763468930109 -0.170353815314808 -0.239637919672031 -0.247210103841095 -0.225356658394311 -0.21671311128391 -0.213687386754705 -0.139837795922599 -0.101338723721499 -0.06332926523023 -0.109935156108143 -0.0420190214198763 0.122836172826868 0.0823381463390391 0.117440422060138 -0.215595353171837 -0.285470270982084 -0.324135318710894 -0.322806044497364 -0.357589357993134 -0.393041230115464 -0.399496241413404 -0.4257955702228 -0.407810462396792
-9999 -9999 -9999 -9999 -9999 -9999 -9999 -9999 -9999 -9999 -9999 -0.269647478363397 -0.278357440208111 -0.347918673413072 -0.319755818207287 -0.271535517961556 -0.308686022999971 -0.324416061072154 -0.270678818214261 -0.166485091863284 -0.123319387766134 -0.131628360133883 -0.106020224596336 -0.0530900025958742 -0.118582600972563 -0.173341512314184 -0.228945707212747 -0.162857654872396 -0.193111382084387 -0.203041885699652 -0.190327349407998 -0.137265030080723 -0.166958917787851 0.0137240792772195 -0.0230258785465602 -0.0820394958091602 0.170831266196509 0.0990570741279149 0.0421749586598415 -0.0695871019235654 -0.248288920807567 -0.290417558813815 -0.30321070671294 -0.357237565380941 -0.400241682465162 -0.402326486106343 -0.375469851421515 -0.397892482733755
-9999 -9999 -9999 -9999 -9999 -9999 -9999 -9999 -9999 -9999 -9999 -0.167885178943529 -0.251576719754676 -0.341898573256597 -0.378747582539583 -0.298707847587203 -0.303650858561352 -0.365056729918152 -0.399251051197284 -0.321010639700644 -0.0840921495332688 -0.118493663095704 -0.0738986086579793 -0.0297164510128911 -0.025529668739532 -0.147197081394573 -0.220667777567123 -0.153616562837478 -0.143129032457743 -0.145255363994899 -0.115882350450882 -0.127808594338373 -0.164145624039425 -9999 -0.0955124578544244 -0.0505663657743621 0.206085549818215 0.15697718516492 -0.0161624782993612 0.0365604165778499 -0.2353253081764 -0.267692853194634 -0.25654808779638 -0.355922569264217 -0.355461938558333 -0.352006432188749 -0.361498693472955 -0.375339791008411
-9999 -9999 -9999 -9999 -9999 -9999 -9999 -9999 -9999 -9999 -9999 -0.183018397226481 -0.290679173621831 -0.376578327011073 -0.36921956024047 -0.316408663724233 -0.216764288022922 -0.374998240022866 -0.38601895947355 -0.474000368582877 -0.0546181293013601 -0.183578963097871 -0.0253297228238592 -0.0409685443632912 0.000401207225475986 -0.143607585140173 -0.199330300600824 -0.151011974036941 -0.146108932213321 -0.10237318856387 -0.0414367527205566 -0.0505483688582176 -0.123158044378072 -0.139695209422512 -0.0324776192350658 0.0228062231329584 0.111352159724342 -9999 -0.031072507999164 -0.00121025529049465 -0.240554280181644 -0.31469971962733 -0.361859250176935 -0.378807667705957 -0.362078935786404 -0.383873957397226 -0.466687023472832 -0.387433393784157
-9999 -9999 -9999 -9999 -9999 -9999 -9999 -9999 -9999 -9999 -9999 -0.332360627555058 -0.337538755577691 -0.303095695629305 -0.287016867149459 -0.293504823216496 -9999 -9999 -0.421198547564311 -0.489865236328782 -0.416828383100552 -0.332293017226651 -0.157443481491212 -0.0797985797639058 -0.100729938065041 -0.262312812289868 -0.249869155433962 -0.156326099932198 -0.148163415729244 -0.0505236470153775 -0.0766289644542359 -0.0923773750138559 -0.00298569389162465 -0.0901020870132482 -0.0479520398447959 -0.026337600271602 0.112695863456987 0.116807350057856 -9999 -0.229375432147972 -0.308905955528642 -0.313298514995332 -0.36545191642452 -0.385513274507809 -0.358818031617 -0.360856888852891 -0.363741310416443 -0.34649507351404
-9999 -9999 -9999 -9999 -9999 -9999 -9999 -9999 -9999 -9999 -9999 -0.333744886779896 -0.334254734280378 -0.310847258846883 -0.273811517582553 -0.398256319982185 -0.422913061157253 -0.394945736941985 -0.431166346701467 -0.428866846869101 -0.394052019561177 -0.347769854765539 -0.138619767339197 -0.138738205099833 -0.163431367838374 -0.252905161875222 -0.196589852515346 -0.134706677998443 -0.0917693655757276 -0.0396309686711457 -0.0637200169274421 -0.0771605381230258 -0.0375774725024155 0.00443522867774671 0.174539209306274 0.0784242700467572 0.0721270403098768 0.0848435057500242 -0.204385816501242 -0.209190068962969 -0.290152497807075 -0.278494826465852 -0.275771008719027 -0.290571258254591 -0.337614879053062 -0.266888135224005 -0.279702782048856 -0.341593108609151
-9999 -9999 -9999 -9999 -9999 -9999 -9999 -9999 -9999 -9999 -9999 -0.342748009033479 -0.371785056552862 -0.343881392249055 -0.279024919129732 -0.288524111723494 -0.415461254665564 -0.488632322561014 -0.413301829637008 -0.460331261707369 -0.375296811224753 -0.356102210324476 -0.327895974411014 -0.144660938863882 -0.246170794770687 -0.202899930754687 -0.246807993183444 -0.131070539915538 -0.0406177990708118 -0.0367593666682825 -0.0451209898504312 -0.069542218428223 -0.165105474478232 -0.153919129861409 0.281340232776198 0.0549492755176514 0.0506028515285346 0.0491692227495201 -9999 -0.195602736209066 -0.224946646857952 -0.253097863264996 -0.217046862427705 -0.250647684274999 -0.229812465994031 -0.256827432332405 -0.221605725848175 -0.281350788815947
-9999 -9999 -9999 -9999 -9999 -9999 -9999 -9999 -9999 -9999 -9999 -0.285373678683545 -0.349005532053938 -0.37669909535087 -0.379366424936277 -0.21137971091822 -0.340164301821187 -0.421105200326915 -0.480053668243571 -0.501577230180107 -0.427463599078014 -0.446999108098272 -0.389686683119437 -0.456050509652203 -0.292914245347161 -0.307310763201189 -0.307380862522122 -0.170906405115067 0.00573100201318364 0.011197656350267 -0.0443489838295923 -0.139074701065511 -0.18718914136798 0.241142774982218 0.0858095725765753 0.0525530340806643 0.0398817405817317 -0.0454359832646509 -0.213688024644872 -9999 -0.223352830330088 -0.251978723217995 -0.208237631601183 -0.213949185439918 -0.271136799069075 -0.178921951807252 -0.169175820663927 -0.0946343431274022
-9999 -9999 -9999 -9999 -9999 -9999 -9999 -9999 -9999 -9999 -9999 -0.288627409756743 -0.376456701292104 -0.446143428741374 -0.404715217475773 -0.383878789480386 -0.38941616718481 -0.472649304699311 -0.462592367731998 -0.519382860815463 -0.469926429401124 -0.479129563847972 -0.421305530649351 -0.346516891495352 -0.328305171864614 -0.328199814262028 -0.31780426291492 -0.135822017776505 0.0568770413821128 -0.0101816217068189 0.179066409522083 -0.192053004604856 0.0263884610883875 0.223439092996647 0.0832731868979668 0.0487183561090299 0.0519188691317121 -0.108979083206514 -0.230475697741991 -0.202635354442211 -0.243689232075183 -0.271300185440474 -0.223700952147945 -0.263494413388276 -0.213527386507016 -0.186775443367903 -0.071260276493073 -0.0555308925923356
-9999 -9999 -9999 -9999 -9999 -9999 -9999 -9999 -9999 -9999 -9999 -0.283172612885614 -0.281369228473783 -0.330564539153064 -0.425533438082353 -0.444107465261092 -0.51653352060814 -0.525314300125859 -0.550720645862559 -0.613129503729217 -0.513804607023936 -0.510842353116795 -0.446777224888551 -0.418354309264766 -0.352638515476823 -0.309392162871451 -0.262365945319811 0.0158658023210497 0.201279826697127 0.148946728096198 0.161854799665213 -0.168201234517231 0.0671994957279694 0.159773182841862 0.124287635819442 0.053949520488491 -0.103516568161133 -0.108224930612893 -0.231251987554579 -0.182526631544433 -0.225361524927678 -0.247706198914916 -0.261964905150942 -0.204555540577611 -0.21639620254189 -0.070952161982008 -0.0687459343653751 -0.0471420455721757
-9999 -9999 -9999 -9999 -9999 -9999 -9999 -9999 -9999 -9999 -9999 -9999 -0.221794702198084 -0.412651732831966 -0.436333743133703 -0.519705479074694 -0.500822292584167 -0.530427447197946 -0.533646618588973 -0.596092676877073 -0.595794127125555 -0.533181349539289 -0.439398052035606 -0.433700897899166 -0.406538119452225 -0.377693836401286 -0.0840704977920016 0.0563560723680111 0.143727779100592 0.172828228047541 0.148617032567751 0.0503702301199558 0.101427463278477 0.109194777540117 0.113162838609483 -0.0406537732745234 -0.0503459456946171 -0.171395234607776 -0.185165509036212 -0.0985459007848478 -0.117738627706431 -0.274147452752535 -0.265248417111252 -0.149908267939139 0.143638249882279 -9999 -0.0590391614969304 -0.0424956468966795
-9999 -9999 -9999 -9999 -9999 -9999 -9999 -9999 -9999 -9999 -9999 -9999 -0.258495338985844 -0.339020787332254 -0.421314160138655 -0.435459237006293 -0.481176419229196 -0.499607300190816 -0.531254486181949 -0.604715287730162 -0.577927695912876 -0.546973215661254 -0.458758496029015 -0.483814329762284 -0.40104277976385 -0.395630848867568 -0.000105030782316425 0.0472435978112324 0.120349725256161 0.159512491525015 0.166948910271371 0.0730129003054328 0.0648901214285167 -0.177578041684667 -0.138516294654869 -0.138013816710947 -0.12217775822065 -0.269594456648159 -0.181425074372882 -0.0856810200105958 -0.0671490032757135 -0.0632809798946626 -0.0892172636613894 -0.134962506907683 0.340788020294542 0.139747027058962 -0.0718751323761376 -0.0412390588263888
-9999 -9999 -9999 -9999 -9999 -9999 -9999 -9999 -9999 -9999 -9999 -9999 -0.289810821451385 -0.414972834083666 -0.413146323635597 -0.420587769428038 -0.48086875272952 -0.502691302240371 -0.516255040112448 -0.542227358034447 -0.578741538318344 -0.510167640621705 -0.500307793418428 -0.474194334644525 -0.395344149031208 -0.343578151313221 -0.275414075532527 0.0997516241875263 0.203704688927199 0.279319647787913 0.235434767975412 0.141212057414008 -0.186338005144783 -0.195375591218326 -0.175845825108037 -0.151187551701081 -0.084600211063391 -0.145370963016069 -0.162113831090208 -0.120830830565145 -0.103953776940207 -0.0606403374745384 0.0158574063092728 0.108104066794543 0.188866276448726 0.23572403798545 -0.0650542108333616 -0.0382847426701113
-9999 -9999 -9999 -9999 -9999 -9999 -9999 -9999 -9999 -9999 -9999 -9999 -0.289394894622752 -0.327509662341115 -0.391160168940828 -0.380258027710182 -0.423416330822628 -0.454480634412168 -0.494272545820039 -0.483990516299018 -0.567591523037627 -0.204595156330266 -0.358727340104586 -0.36430666662452 -0.41561393696833 -0.204436519313857 -0.130641024180583 0.0986459044774376 0.192678503746624 0.300667871799521 0.296661179936684 0.0306501969324472 -0.211933287491281 -0.114159347867863 -0.133052032037861 -0.159005164169774 -0.131584959964449 -0.124745544516935 -0.0868617938620271 -0.120044859898132 -0.0574507506554547 -0.00291358699537234 0.0867596201956122 0.141314046440033 0.170199336311209 0.391530346037607 0.145302821998412 0.22230471349068
-9999 -9999 -9999 -9999 -9999 -9999 -9999 -9999 -9999 -9999 -9999 -9999 -0.122186781180948 -0.252323959434304 -0.348152368641032 -0.340897365531131 -0.417324616309403 -0.397822930281024 -0.485557079804259 -0.415537755639451 -0.451467627297829 -0.30395754254199 -0.204361620768565 -0.279061153907111 -0.291802632671911 -0.0785756849323553 0.0579258989067657 0.204950303083084 0.236449126799175 0.261442290929019 0.0617416230215088 0.0391220542501651 0.0382343195930714 0.0985578795361628 -0.133195021272268 -0.0727943640862382 -0.10293099454361 -0.0685746893821633 -0.119576885682167 -0.037157110310745 -0.0328498076357937 0.0483082378007727 0.316641621660367 0.268901816274829 0.277939959899493 0.326308577114288 0.380135740036976 0.334851016262524
-9999 -9999 -9999 -9999 -9999 -9999 -9999 -9999 -9999 -9999 -9999 -9999 -0.136056362455047 -0.231341647923353 -0.29421375263791 -0.272426366500028 -0.353503798428518 -0.346794554824141 -0.423845593307059 -0.371173007554827 -0.340487593376636 -0.189125133012998 0.0185740775598717 0.136954449202625 -0.165229957816887 -0.371620765364217 -0.113111501761856 0.178192960056662 0.176712174647115 0.0391526699898338 0.0495832418310772 0.0921007670343831 0.00779766061028433 -0.116014887085032 -0.128559489433742 0.0196332586964132 -0.0549477835232323 -0.0259423901636954 0.0462398053346732 0.00886974562172935 0.00167713060569396 0.142664111958429 0.260128106101311 0.382386977286947 0.502139956976826 0.378837355662553 0.378521205532711 0.344237135234226
-9999 -9999 -9999 -9999 -9999 -9999 -9999 -9999 -9999 -9999 -9999 -9999 -9999 -0.128217754862423 -0.263116045636593 -0.195850067281102 -0.200922922647486 -0.298367663334975 -0.373323953336188 -0.203258721069988 -0.310900327998565 -0.179330960251412 0.0327483151955002 0.207525561445335 0.248107934177041 0.221365520907847 0.18167072762482 0.24130385803392 0.272746056391215 0.281271255787324 0.312951503562045 0.31615289547413 0.326558179120227 0.199696388394491 -0.0163096594425812 0.140033685321243 0.0979712146653633 0.05998579508114 0.0511678657786051 0.0509557287822326 0.061150572938287 0.242798423893683 0.273518149653338 0.382919181776902 0.460804105306289 0.413943040977862 0.354746660105261 0.348473001931215
