data/rasters/s3.24.05.li.1_xyz_08_.asc
NCOLS 100 
NROWS 100 
XLLCORNER -4 
YLLCORNER -4 
CELLSIZE 0.08 
NODATA_value -9999 
[rows 63 to 83 of 100, columns 0 to 47 of 100]
-9999 -9999 -9999 -9999 -9999 -9999 -9999 -9999 -9999 -9999 -9999 -9999 -9999 -0.189527286460524 -0.170502345845105 -0.212014841104763 -0.248185192022501 -0.172345340169676 -0.142313248919374 -0.146033292519052 -0.177436197504842 -0.0933082787519672 -0.0723056331751968 -0.139235571183698 -0.134455684751285 -0.123974600508435 -0.135867653567454 -0.0588591346149419 0.0186015857937201 0.203460643290114 -0.000254360147587687 -0.000192204812775618 -0.0203577518681834 -0.0310729453627396 -0.0841560512951112 -0.127754175071168 -0.0981858168028343 -0.197223766201182 -0.212607259436448 -0.264517335558894 -0.289026506528489 -0.310632272483161 -0.214441476837538 -0.263204192041362 -0.210982527589595 -0.207797635864867 -0.180098464301402 -0.204792258069529
-9999 -9999 -9999 -9999 -9999 -9999 -9999 -9999 -9999 -9999 -9999 -9999 -9999 -9999 -0.174268655743558 -0.222799045874369 -0.294176581202438 -0.212442174500235 -0.141908716267531 -0.0912653508298717 -0.0945616548367045 -0.0678705247771331 0.0298701241135816 -0.0826809343879844 -0.145967986787453 -0.115280127542997 0.130148572509712 0.141849881402238 0.252888846061426 0.224406251996918 0.162242141102168 0.00459831604130479 -0.069484464104528 -0.0933153069804028 -0.110065718741014 -0.157269044529518 -0.194417429024624 -0.234564899759525 -0.223075280537652 -0.191675791930455 -0.211114575894919 -0.170783925271434 -0.134849090641281 -0.178753694428331 -0.19407307052787 -0.134079802087369 -0.120472394206107 -0.153655421453758
-9999 -9999 -9999 -9999 -9999 -9999 -9999 -9999 -9999 -9999 -9999 -9999 -9999 -9999 -0.223222126663136 -0.248249286694608 -0.342639952504509 -0.190348590387469 -0.0833483323590695 -0.0555670498579778 -0.0677911293109604 -0.0463673931725037 -0.0552826453468672 -0.103449594372758 -0.176238614136856 -0.152197802762797 0.0823668703859723 0.135396559262575 -0.0667107337050421 0.177070579043413 0.238591280259471 0.158651047797635 0.0510152797215787 -0.063900763669168 -0.133721163327204 -0.154746660326176 -0.147844422425258 -0.134653265964365 -0.17624336153283 -0.224390728968053 -0.226691247199207 -0.141229564813093 -0.159391609045349 -0.103827614196017 -0.050920754422778 -0.0382921140636921 -0.0875442646422332 -0.160882239622447
-9999 -9999 -9999 -9999 -9999 -9999 -9999 -9999 -9999 -9999 -9999 -9999 -9999 -9999 -9999 -0.283462283219512 -0.279303387080073 -0.235208876741163 -0.0693458921802919 -0.0224464657130821 -0.10167657914435 -0.0306718829492371 -0.0883797897331424 0.0708763225343879 -0.131995230180519 -0.107030321860766 -0.0828280851430681 -0.178492717324142 -0.216638840175408 -0.0274715720584293 0.143230766805269 0.0511232052705646 -0.0550308719466781 -0.0522688776308078 -0.11236390908603 -0.144788878569539 -0.0852491033096854 -0.0738537157806871 -0.039458267715264 -0.0459945337489197 -0.224326584382622 -0.161906627867529 -0.200308404886244 -0.138667407294793 -0.0118153166930387 0.0499114500859806 -0.0154367877758319 -0.135636056572657
-9999 -9999 -9999 -9999 -9999 -9999 -9999 -9999 -9999 -9999 -9999 -9999 -9999 -9999 -9999 -0.249247204295653 -0.185707786477193 -0.121794061518785 0.0707576887430828 -0.0059270092117793 -0.0741800782047896 0.0107632154178392 0.0483333297133618 0.111319250556934 -0.182997761334836 -0.0514672191199286 -0.0667559340812658 -0.129075876202838 -0.178402974580312 -0.0177651399066796 -0.0318806450662672 0.00375603997035254 -0.0314195047193143 -0.0803009532182327 -0.0447164452900695 -0.0902600568692495 -0.0399758967147481 0.0243979544027398 0.0605421183854891 -0.00303630752887619 -0.0533014361179154 -0.0908696758961239 -0.124766852845293 -0.0821296526020851 -0.0387885657938373 0.0790322545924367 0.0881104742018526 0.151776437141044
-9999 -9999 -9999 -9999 -9999 -9999 -9999 -9999 -9999 -9999 -9999 -9999 -9999 -9999 -9999 -9999 -0.120491066348427 -0.067100213502023 0.0984485839903632 0.305228059687338 0.253629896884222 0.159109885457711 0.132804374347575 0.0832737610842034 -0.13113021059368 0.00359408532622816 -0.134393979544463 -0.144005322496044 -0.187742140647913 -0.125509764509385 -0.0194183824653186 -0.0498615478864758 -0.060702327415906 -0.0698179273609354 0.0157836067600877 -0.00491870257955605 -0.054990958350495 -0.047083070415053 0.085659245622214 0.0625891567296208 -0.0973344250076251 -0.0803942418513952 0.0510471905666723 0.0868460295004311 0.00871313070215643 0.0628446955385888 0.141637814457649 0.226133169420536
-9999 -9999 -9999 -9999 -9999 -9999 -9999 -9999 -9999 -9999 -9999 -9999 -9999 -9999 -9999 -9999 0.177875530068056 0.671232367516903 0.137694827228345 0.151324927157789 0.162383068494688 0.168240982034656 0.149567640086714 0.0659976374694068 -0.0405353676607241 -0.0637813319623632 -0.0544793826427419 -0.0884513746219073 -0.114402358953325 -0.0432418658915373 -0.0402265696098179 -0.0364346600374351 -0.0592466698750935 -0.0140758310052636 0.0651365739026101 0.17073069813898 0.0512857537923389 -0.0730848648101033 0.157637218474483 0.23846620514157 0.0386312541671194 0.0195119457289382 0.101825928445104 0.22664181600981 0.113717618698308 0.181163923481061 0.158787377189483 0.18634132371545
-9999 -9999 -9999 -9999 -9999 -9999 -9999 -9999 -9999 -9999 -9999 -9999 -9999 -9999 -9999 -9999 -9999 0.568683957576121 0.185921464741054 0.192008771323717 0.149163304428407 0.151172491862498 0.122405426277918 0.135315988232135 0.0363877116559184 -0.0782665742162798 -0.0701745524560562 -0.105280322065396 -0.134715116357456 -0.0844119713983837 -0.00126444651061481 -0.0464673938827551 -0.126675933432889 0.0850146024380949 0.202606425220879 0.199519147515601 0.154506170969472 0.16633727801438 0.129418929548664 0.145184740621193 0.0530730337383114 0.0332621412990664 0.15248146723933 0.136678342108046 0.168644591657845 0.198453710858252 0.217701622317653 0.242112922828853
-9999 -9999 -9999 -9999 -9999 -9999 -9999 -9999 -9999 -9999 -9999 -9999 -9999 -9999 -9999 -9999 -9999 -9999 0.366314961287218 0.264869046649228 0.151822412614302 0.145119126694644 0.167214403473867 0.148947266229333 -0.00260991112717736 -0.112496356347546 -0.0953666540130572 -0.0978246372580579 -0.14138465307531 -0.0955547636910992 0.0470540705387705 0.0781852756021907 0.0771937809803895 0.149429842803401 0.159266741681414 0.258773866112279 0.201329717687281 0.176074628590421 0.151669838582752 0.229229323341212 -9999 -0.045911602147296 -0.00341602007175476 0.0758794458060382 -9999 0.211971319400166 0.270020552282784 0.231228819009236
-9999 -9999 -9999 -9999 -9999 -9999 -9999 -9999 -9999 -9999 -9999 -9999 -9999 -9999 -9999 -9999 -9999 -9999 0.480959284464055 0.361859803354717 0.262692499428761 0.0697301663456975 0.198752404508118 0.218183873442764 -0.0693595638154877 -0.115646811512838 -0.101287369918962 -0.00291587585922626 -0.00606530099900137 0.0280428135706047 0.0371366280880531 0.102925097836124 0.173116310808304 0.184825922612483 0.206667427417998 0.223160180794862 0.227692362589355 0.209297473021981 0.19595977663889 0.0507305984125936 0.0576225049403636 -0.0353411176693636 -0.0306508035904951 -0.00622246705448379 0.129895967931786 0.262913242650118 0.24065366237932 0.261588378715699
-9999 -9999 -9999 -9999 -9999 -9999 -9999 -9999 -9999 -9999 -9999 -9999 -9999 -9999 -9999 -9999 -9999 -9999 -9999 0.3077445936631 0.203319227291694 0.00995263129888162 0.0267265058666262 0.208274704789216 0.252182467906585 -0.10046733669292 -0.0990012228177911 -0.0565178858626188 0.0586873738624345 0.124248296713553 -0.0203116611074979 0.105991694841345 0.207255590775393 0.279524200783681 0.335265972049309 0.221593951752597 0.316516348463851 0.275033551984315 0.210543186572695 0.147790298543303 0.0215911240850813 0.128144722004488 0.0606191943069197 0.0427648383220331 0.0342523915483631 0.245672444945598 0.335280423967666 0.267238293225028
-9999 -9999 -9999 -9999 -9999 -9999 -9999 -9999 -9999 -9999 -9999 -9999 -9999 -9999 -9999 -9999 -9999 -9999 -9999 0.249351805046126 0.173772684162972 0.0584656830224995 0.0955179474541901 0.0938546468160725 0.00467028066887423 -0.0496724016951061 0.0200603224530703 -0.0317993383693333 0.0804289717262438 -9999 -9999 0.134799336523883 0.172981041107724 0.232013179114668 0.31413251395905 0.346913063337431 0.334839605077937 0.289053481598557 0.175639166649126 0.179458314242411 0.0916464475964054 0.143925590389717 0.069607790998491 0.00442928363367394 0.133020049285094 0.201371312441432 0.274000710775701 -9999
-9999 -9999 -9999 -9999 -9999 -9999 -9999 -9999 -9999 -9999 -9999 -9999 -9999 -9999 -9999 -9999 -9999 -9999 -9999 -9999 0.148724001449898 0.145574818826022 0.118902706902052 0.0825751651284322 -0.00285833466494805 0.01365161296225 0.0812618863080957 0.0590645002228802 0.101829499294786 0.238508089215232 0.250911007907305 0.064814077202691 0.139430124254239 0.2729468650294 0.276093530366143 0.327423195011645 0.362133097920327 0.322030057054484 -0.0244346045931814 0.0170799392604385 0.0604958067825229 0.164602102898457 0.129810166327992 0.0547159830941603 0.0895409329557141 0.105027127675381 0.351145841341995 0.149942105611696
-9999 -9999 -9999 -9999 -9999 -9999 -9999 -9999 -9999 -9999 -9999 -9999 -9999 -9999 -9999 -9999 -9999 -9999 -9999 -9999 -9999 0.124723886783406 0.0651757435139631 0.00663823168049759 0.0201387796101858 0.00992021522625407 0.00380003336891752 0.0667790189210592 0.0907927802545097 0.160650776566286 0.19170941687 0.123186040446461 0.162402748518904 0.293540186198822 0.306359272968955 0.320811296304838 0.358570542894528 0.284987363973429 0.206796657906029 -0.0114896853409213 0.123984884667694 -9999 -9999 0.0766248071810606 0.104699574684842 0.193579423057513 0.169979769159657 0.226401996917274
-9999 -9999 -9999 -9999 -9999 -9999 -9999 -9999 -9999 -9999 -9999 -9999 -9999 -9999 -9999 -9999 -9999 -9999 -9999 -9999 -9999 -9999 -0.0567434882053635 -0.0127205769173974 -0.0208539505077395 0.0147547883132885 0.0281604402900658 0.0919140737544071 0.0508319231608634 0.0860178858609909 0.134097943749936 0.154914383880452 0.211311094148134 0.293396513642389 0.256942465555898 0.293613542905341 0.419033008827825 0.123156677166239 0.133754411710576 0.156949096217971 0.172782479107521 0.272695087361339 0.422883524631395 0.140636320439218 0.124252100120913 -9999 0.0773607910521092 0.0404360252818383
-9999 -9999 -9999 -9999 -9999 -9999 -9999 -9999 -9999 -9999 -9999 -9999 -9999 -9999 -9999 -9999 -9999 -9999 -9999 -9999 -9999 -9999 -9999 0.143181906954544 0.018942558202348 -0.0175952965916128 0.0105772809058736 0.0425398715969296 0.0674983477348472 0.0774116713034733 0.102657624653875 0.0929036273936969 0.34060770013202 0.276480580198468 0.227677641974059 0.255427492293775 0.18756442929257 0.192546866022324 0.289001501942292 0.377243868082852 0.191123963988911 0.207696079777244 0.197491129434751 0.0260164449939305 0.00751865220671313 0.122247567359092 0.129744091702117 0.201271134419472
-9999 -9999 -9999 -9999 -9999 -9999 -9999 -9999 -9999 -9999 -9999 -9999 -9999 -9999 -9999 -9999 -9999 -9999 -9999 -9999 -9999 -9999 -9999 -9999 -9999 0.0290019905770832 0.074025242022948 0.0747200105457154 0.00476105084991298 0.128061146710506 0.095549249753476 -0.0332850134166841 0.085525238118233 0.199117542469089 0.142462302272391 0.185358372437944 0.225388813932128 0.309864980612194 0.507622079987566 0.445929162382303 0.2712426968886 0.194975506046873 0.168251448116312 0.041691309379903 0.0726512640201185 0.198077349839983 0.260456085249183 0.196211037629299
-9999 -9999 -9999 -9999 -9999 -9999 -9999 -9999 -9999 -9999 -9999 -9999 -9999 -9999 -9999 -9999 -9999 -9999 -9999 -9999 -9999 -9999 -9999 -9999 -9999 0.0560555725432805 0.0832517564973673 0.117167874100302 -0.00465560760186893 -0.00671661635923038 0.0759417033075431 -0.0466506898659615 -0.0541699713593822 0.0201738193372317 0.0821126911756894 0.118924674518778 0.258941831075832 0.27760255989918 0.382693789646818 0.477212062950916 0.365142441554052 0.278415908462614 0.190811757968903 0.0890696106827289 0.11423130969477 0.191498839280505 0.261954249455145 0.195310573566229
-9999 -9999 -9999 -9999 -9999 -9999 -9999 -9999 -9999 -9999 -9999 -9999 -9999 -9999 -9999 -9999 -9999 -9999 -9999 -9999 -9999 -9999 -9999 -9999 -9999 -9999 0.0492774731852549 0.110135642840534 -0.0288696917331623 -0.0231704366074917 -0.0389964407649261 -0.0539208362959611 0.0333512285887191 0.0751361293660213 0.098934033394921 0.0431883482780971 0.273569258023469 0.232896688172807 0.413601420794602 0.38617722068903 0.233037264787977 0.203375081661508 0.268260522189682 0.105335608427364 0.119923982886861 -9999 0.132305338115229 0.169250000019391
-9999 -9999 -9999 -9999 -9999 -9999 -9999 -9999 -9999 -9999 -9999 -9999 -9999 -9999 -9999 -9999 -9999 -9999 -9999 -9999 -9999 -9999 -9999 -9999 -9999 -9999 -9999 -9999 -0.00666170023873541 -0.060486844166842 0.0335787668572377 0.0439487016896573 0.0918621209945845 0.0981914996238619 0.132425755566492 0.0932176721617772 0.183313261832511 0.169033804996055 0.201778663447037 0.296315293833098 0.261145436340872 0.262946555331552 0.056788082750474 -0.0174261122751338 0.0761653907487674 0.0862082430429569 0.146353485455904 0.0967312602182453
-9999 -9999 -9999 -9999 -9999 -9999 -9999 -9999 -9999 -9999 -9999 -9999 -9999 -9999 -9999 -9999 -9999 -9999 -9999 -9999 -9999 -9999 -9999 -9999 -9999 -9999 -9999 -9999 -9999 -0.105683417007954 0.0485419204130756 0.0714813933435749 0.190898915623167 0.174554417854044 0.148488187845167 0.113364275653017 0.159348025228323 0.163404465977257 0.141177688137599 0.194542843014357 0.168708530212279 0.0707415464293487 0.101552936397333 0.0472200835880744 0.0285015914834554 0.0896462072739524 0.117270713763993 0.0738209297302737
