data/rasters/s3.23.05.cu.1_xyz_08_.asc
NCOLS 100 
NROWS 100 
XLLCORNER -4 
YLLCORNER -4 
CELLSIZE 0.08 
NODATA_value -9999 
[rows 21 to 41 of 100, columns 48 to 95 of 100]
-0.145090191391274 -0.110040437196751 -0.114592907999489 -0.0383296376553046 0.0256545660182835 0.102111427968955 0.205752828747006 -9999 -9999 -9999 -0.0794918424371998 -0.146941115013679 -0.252170639205466 -0.270190508819569 -0.258361175598082 -0.251634656522225 -0.257604786322866 -0.278066780781659 -0.268078523337233 -0.157077700245483 -0.150372757762815 0.273144300229642 -9999 -9999 -9999 -9999 0.194872647244468 0.198911249936134 0.179781865712343 -9999 -9999 -9999 -9999 -9999 -9999 -9999 -9999 -9999 -9999 -9999 -9999 -9999 -9999 -9999 -9999 -9999 -9999 -9999
-0.0855767517613932 -0.0779165199699758 -0.0461440507869956 -0.00751457483086765 0.0292304054636856 0.189407581950778 0.193032157271604 0.230313043752686 0.210754766130179 -0.000697873842181327 -0.0348865335245733 -0.128501641911441 -0.104719727688004 -0.21756060981255 -0.219260980296055 -0.217146175071126 -0.201482670230249 -0.203200665032136 -0.14047831725262 -0.0305479574037604 0.0334422797380454 0.0589200627779331 0.108442141980156 -9999 -9999 -9999 0.201822289104278 0.154645069065327 0.160665980798938 -9999 -9999 -9999 -9999 -9999 -9999 -9999 -9999 -9999 -9999 -9999 -9999 -9999 -9999 -9999 -9999 -9999 -9999 -9999
0.0202769335995335 0.0142569737703934 0.0399972846863519 0.0805351903495159 0.0764775687248602 0.208594693994896 0.292145323486526 0.322232455720232 0.268230139771025 0.203417437967543 0.0934170952739242 -0.0329812179148014 -0.109918938758645 -0.165140633238956 -0.105288983744795 -0.181169957968069 -0.0867157497679972 -0.129619700346587 -0.0247583574422692 0.0634251390463543 0.108143438835459 0.147766029920145 0.248835156766185 0.0840202522819188 0.130179065645263 0.111442540659469 0.160310667212184 0.136279901560395 0.140391157687788 0.128012720988846 -9999 -9999 -9999 -9999 -9999 -9999 -9999 -9999 -9999 -9999 -9999 -9999 -9999 -9999 -9999 -9999 -9999 -9999
0.139175870078542 0.0678687375986494 0.0983937412870292 0.131318046739941 0.228931318665219 0.240136495612867 0.298513327776868 0.319158127691293 0.408869738395007 0.299803723502105 0.312343275816736 0.309613217978645 -0.0302686418556282 0.00734689633210614 0.0870426710172683 -0.0668768899290551 -0.0869983478009303 0.00926808768057105 0.0414895349786804 0.147623838568095 0.160451482600245 0.289542536917337 0.142203706079021 0.160663657783687 0.169390726593892 0.150896029443486 0.151497034374324 0.116462045649763 0.0719306443098604 0.0662846511079365 0.0709381771902203 0.0105800217244549 -9999 -9999 -9999 -9999 -9999 -9999 -9999 -9999 -9999 -9999 -9999 -9999 -9999 -9999 -9999 -9999
0.16964484219534 0.168583133570129 0.172550814993049 0.219398922700157 0.306008430237436 0.507490529439637 0.607741908405482 0.464987814275886 0.503106715264652 -9999 0.102130065793069 0.0971966189614875 0.0178845890956042 -0.0367901432012847 0.0335555950115641 -0.0451823336279502 0.0107641608219253 0.110775671931461 0.118616986186302 0.149387485693934 -9999 0.200634219195824 0.292052842040002 0.359336116467208 0.128378735816746 0.148163034618722 0.128655468379773 0.110124118121331 0.0824728674504318 0.0695009178755312 0.0585021227073196 0.0728076519718258 -0.0132630371454293 -9999 -9999 -9999 -9999 -9999 -9999 -9999 -9999 -9999 -9999 -9999 -9999 -9999 -9999 -9999
0.185072409107745 0.212134520034819 0.238092637659218 0.290275327611119 0.446025448658492 0.595035563490684 0.719035211082736 0.482958111537874 0.456097051330415 0.444896524787551 0.188417689760743 0.185744564120057 0.0494502572270042 0.0337035258679919 0.000967502930151471 0.105807168589788 0.200330229872721 0.25927202019245 0.213944860259438 0.229593845269897 0.248009852153471 0.294222036625152 0.331258197268021 -9999 0.246279488044429 0.228513801992168 0.135140005996848 0.138507514983535 0.188228277573521 0.00219468967982302 -0.0787227884989443 0.0771308312676584 -0.0294733261916366 -9999 -9999 -9999 -9999 -9999 -9999 -9999 -9999 -9999 -9999 -9999 -9999 -9999 -9999 -9999
0.196676236516537 0.224590363592758 0.230539049803787 0.333370772302994 0.512842829560441 0.52037474026662 0.550690358750988 0.523010217336026 0.482709514537429 0.426684589418286 0.276088551756086 0.172221272258225 0.140909227096003 0.195092934051657 0.310880552198672 0.313704043866317 0.374749185443685 0.385997187728217 0.311757242528671 0.286722169266861 0.329969595674927 0.315814991495465 0.405290286999153 0.32407245959722 0.297763954929789 0.262911534513867 0.121587652294808 0.0759779976601131 -0.0042885337629056 -0.0824669110764419 -9999 0.0448057725509199 0.0115410723414486 -0.137496332552924 -9999 -9999 -9999 -9999 -9999 -9999 -9999 -9999 -9999 -9999 -9999 -9999 -9999 -9999
0.19774855616533 0.235051415694707 0.242378310841258 0.334268413156904 0.521219744973864 0.572786457568767 0.562878601452267 0.589651388429802 0.500911775636419 -9999 0.331360778585014 0.230870301606537 0.280985337123931 0.287933949522813 0.262309481764676 0.493556333760602 -9999 0.522379876216448 0.490081215061258 0.453921519542231 0.435111228119204 0.481223311229168 0.385455855179574 0.413409719674142 0.333264355774588 0.218250420571392 0.0910763401271433 0.020033236081435 -0.0171158711486116 -0.0561224093120668 -0.027924022779117 0.102246454325899 0.054024024166339 -0.134458232216567 0.214776152960522 -9999 -9999 -9999 -9999 -9999 -9999 -9999 -9999 -9999 -9999 -9999 -9999 -9999
0.239025212695468 0.248788308318492 0.274902093779258 0.344656116665743 0.567563090235237 0.632227081474263 -9999 0.507507434394598 -9999 0.425009999916791 0.408637858940487 0.31533458772716 0.266241464064538 0.259482801439411 -9999 0.308308197959318 -9999 0.606494349107698 0.570758652044026 -9999 0.577468101188751 0.613671498912977 -9999 0.48408870677327 0.317905475921729 0.279167659629984 0.167224085649423 0.0263735166892379 -0.0289545233956235 -0.0759066090217722 -0.0328852951970346 -9999 0.0695652783674815 0.0430051043986292 0.12011959555153 -9999 -9999 -9999 -9999 -9999 -9999 -9999 -9999 -9999 -9999 -9999 -9999 -9999
0.286086947564717 0.302745076269446 0.305082886117303 0.332319521520052 0.517820956977191 0.664579738390757 0.711612163642118 -9999 -9999 0.461034571259732 0.440868148339005 0.301699816139368 0.303335208275145 -9999 0.68671012373814 0.622413902674563 -9999 -9999 -9999 -9999 0.593616947968019 0.600952031928593 0.507043245093537 0.462125280872268 0.271959143551424 0.257983791693406 0.22433197932715 -0.00446617327516524 -0.026038262246216 -0.035410754884626 -0.0218216232155366 -0.133496001879741 -0.0902886462487902 -0.0173701137522076 0.099748887655595 -9999 -9999 -9999 -9999 -9999 -9999 -9999 -9999 -9999 -9999 -9999 -9999 -9999
0.264217684658378 0.315902998161212 0.29774581715472 0.494341171926106 0.493717459629948 0.667015546392442 0.659413233472518 -9999 0.518568693203358 0.589803193835512 0.45783952350086 0.319463609860307 0.366671304882335 0.392696282463102 0.71253563203263 0.684266489325592 0.589787848293487 -9999 -9999 0.550520362005038 0.54379467137205 0.495317208500315 0.552180175476096 0.469750807748731 0.441340696439915 0.242797022600507 0.247778887771995 0.0540436768395424 0.0348805738443625 -0.00706518124783155 -0.0821123015907081 -0.0998207918673603 -0.0121952131248066 -0.0164767577799726 -9999 -9999 -9999 -9999 -9999 -9999 -9999 -9999 -9999 -9999 -9999 -9999 -9999 -9999
0.319100438961758 0.307723601561739 0.401841680997949 0.482721610889155 0.526805133954468 0.644350245136026 0.615726832493419 0.551266864637754 0.565288860437161 0.572276195002586 0.447675044896762 0.351979933041502 0.411631568604087 0.47043263848044 0.742138713574573 0.585190257103739 0.598391193454765 -9999 0.424846475496667 0.459676276206423 0.493813496248121 0.469925639846723 0.544741249176947 0.509036530765188 0.43514645440512 0.315513462425785 0.24079796337585 0.0253039051770377 0.0380116239353246 0.00241870886305573 -0.0157507337310611 -0.0225911985376368 0.0499501894199932 0.0376449898244732 0.129672685306499 0.220734510918659 -9999 -9999 -9999 -9999 -9999 -9999 -9999 -9999 -9999 -9999 -9999 -9999
0.339294780939042 0.350203459565879 0.370862130774404 0.416102160317426 0.548608848017816 0.582441438219833 -9999 -9999 0.685244664779054 0.457469016371216 0.435816299011675 0.417399317318317 0.43377680183872 0.525905227871823 -9999 0.585153918402265 0.552829380550287 0.365688894243282 0.312481477070416 0.430652945732177 0.481627514630562 0.416088285728527 0.453397617500372 0.358914885344279 0.358098989985171 0.310318744081873 0.255493649015466 0.11882142950575 0.0329392165159906 0.00634931442170068 0.0272133404316108 0.0396965107609671 0.083220170893557 0.0635522502828829 0.157484472627649 -9999 0.197755948328156 -9999 -9999 -9999 -9999 -9999 -9999 -9999 -9999 -9999 -9999 -9999
0.366011773047049 0.432437786286782 0.392721044046788 0.405260528717619 0.533803398543238 0.604418414163311 -9999 0.50230369420067 0.531040534747454 -9999 0.470065078362589 0.434267854367178 0.488253547502879 0.550803881037814 0.594948554377474 0.528137257274694 0.353615205873511 0.247469791054757 0.230935876818029 0.175301854622292 0.313257213660596 0.29579396368622 0.260147585429549 0.286161272347279 0.260162650108448 0.212223288278195 0.214168367674835 0.205151948335415 0.104209891438983 0.0343982512115859 0.0911900828804265 0.110744071626085 0.118518241730915 0.0937897014981331 0.102655362854577 0.129796735886386 0.20301628112 0.212301641072872 -9999 -9999 -9999 -9999 -9999 -9999 -9999 -9999 -9999 -9999
0.451359560824162 0.499763430768249 0.502548076313352 0.505025064679449 0.53052054501281 0.560543667517393 0.557460469305825 0.528125688578789 0.560689440489071 0.543153181541316 0.444129805761528 0.428096853361701 0.195002084483941 0.405668662711127 0.162440490531706 0.400296209861905 0.191693137311242 0.110063520957837 0.0705224892914965 0.0518430055688565 0.123467721466553 0.201648073863192 0.216000433542172 0.176466994064176 0.171616662108468 0.139478288440017 0.130368735011726 0.16060575929955 0.107729019404793 0.0496190345662489 0.115274991130949 0.11324688755404 0.0791162829990808 0.0522964444160011 0.0239150967522041 0.0870891777929422 0.090341215310046 0.165533437417026 -9999 -9999 -9999 -9999 -9999 -9999 -9999 -9999 -9999 -9999
0.391631300085182 0.144475324396082 0.486073388143367 0.522990307257583 0.506188789080727 0.521942839341932 0.44958527733501 0.487604961770352 0.499617447967331 0.499310521806575 0.429653331358749 0.34120852254288 0.198620825031852 0.246276199502508 0.218009124264587 0.297337395674571 0.0475957875671031 -0.0298847467782213 -0.0711435258309965 0.0212021655032608 4.52346242642976e-05 0.0634358963693678 0.155801775016563 0.143790736146099 0.0896156443682838 0.0947656914902242 0.0578699517211055 0.0877159990729796 0.0560890803875325 0.033858244998154 0.0436795511515894 0.0673703781297117 0.0469076138602083 0.00607698698835489 -0.00198040785371957 -0.011382121953266 -0.0127057601050395 -0.0438007403996229 0.0400128394802623 -9999 -9999 -9999 -9999 -9999 -9999 -9999 -9999 -9999
0.134505433178063 0.184251695873172 0.194103231353853 0.483551039288617 0.508194963707664 0.449452681235492 0.422470145988258 0.457193867412422 0.449595553063967 0.446573252990597 0.398872224842176 0.323384073559956 0.157683515382591 0.0832916746461892 0.124416947830791 -0.0264674755569791 -0.0730765326053485 -0.0887874773648269 -0.128750747851177 -0.106410163598968 -0.0747354855458322 -0.0498569597085643 0.0630684961751802 0.0469837746993116 0.0321225646722294 -0.0131300973211828 0.0641721396253725 0.0200712900562854 0.032582559881232 0.125253360111401 0.050584703839882 0.0192396321773636 0.0141883564140398 -0.0168576338451683 -0.0545178212950414 -0.0589248876145834 -0.0452583369769878 -0.0397421046136632 -0.0317623572983331 -9999 -9999 -9999 -9999 -9999 -9999 -9999 -9999 -9999
-0.0395108033170721 0.169655643945533 0.201472994397187 0.37164866083633 0.438572851017063 0.400973790099878 0.384089480901158 0.392357005216566 0.385298940573022 0.41151221364265 0.372135358636364 0.285874438761566 0.147002676224969 0.0179998879354384 -0.058919371517626 -0.0888378753640242 -0.124921547692539 -0.0585334101841768 -0.16892988337601 -0.162300972399374 -0.128243098734446 -0.0871088952884999 0.00202906647351252 0.0102417854249324 0.0148002976229286 -0.0094177482937109 0.130744154478591 0.0551850051861349 0.062350907218112 0.0398927958935191 0.0352974183066379 0.0174631059491827 0.00397571290244739 -0.034691495853923 -0.0370610715042389 -0.022604446545031 -0.058278839942232 -0.0728558359451764 -0.0827161561744815 -9999 -9999 -9999 -9999 -9999 -9999 -9999 -9999 -9999
-0.117490767492065 0.01468790346187 0.105180890579145 0.261060543017784 0.370050758471303 0.379797782125545 0.406137602852039 0.342131626482075 0.332761033971473 0.342839394223485 0.234449323397258 0.159536299920469 0.0711976096590653 -0.0194148211109293 -0.112172407300058 -0.163643959398519 -0.182763213097076 -0.173255384190845 -0.156762078747336 -0.188493260435214 -0.155186986071775 -0.115494878548474 -0.0982817518512952 -0.0577628709837009 -0.00292009864341077 0.0569569163168588 0.0963650046782866 0.110254808607614 0.112892216252008 0.0888453150943097 0.0364667602759882 0.0520043074741619 0.0407642126610647 -0.0212675389174431 -0.0274052486708603 0.0801349710479851 -0.0646294201205664 -0.0654963474953495 -0.0641068166742725 -0.0931395055105584 -9999 -9999 -9999 -9999 -9999 -9999 -9999 -9999
-0.151648945683141 -0.0282572755262958 0.0843019876204202 0.162375961698826 0.259941546927911 0.328023233406609 0.357225288384779 0.345293594322702 0.34405121101204 0.314803585629372 0.16306060983183 0.0726115443867169 0.0340668509779211 -0.119318650816052 -0.142473091534115 -0.167072689375935 -0.177341705556884 -0.158345023364 -0.176053490177961 -0.174249711520312 -0.157406752756928 -0.0612344103402579 -0.0765408360455514 0.0491998922425186 0.0445895371959006 0.0874993263834729 0.139623704212329 0.161217312766586 0.152110934412621 0.11543021068411 0.0525518648108525 0.0514560109346256 0.0672451813810978 0.0161911798971042 0.0917032182993955 0.030901521100971 0.0156954446939166 -0.0594491317165379 -0.138414666561788 -0.13588081691617 -9999 -9999 -9999 -9999 -9999 -9999 -9999 -9999
-0.139709036973106 -0.048574586940601 0.0176066973141109 0.0790797202266921 0.188921367557814 0.271037762257179 0.354889472094087 0.280086790322378 0.330308251575237 0.244147975367551 0.15761219092911 0.0491747693920093 -0.0427019974157659 -0.120931485439717 -0.177611866679023 -0.200171666070795 -0.196894335395786 -0.1795128186545 -0.154916768241718 -0.185511324740584 -0.239205062759304 -0.0981871449174428 -0.0619735504898601 0.00116407101447386 0.00672727247661764 -9999 0.246772498604524 0.213160990294508 0.199096960595439 0.173327629706209 0.0830267788487307 0.0344458535886026 -0.00593911760110263 -0.0327997218712592 0.00129465690092628 -0.0181951105954195 -0.0278079596092665 -0.0935665136762097 -0.1861555308429 -0.216281563976623 -9999 -9999 -9999 -9999 -9999 -9999 -9999 -9999
