data/rasters/s3.23.05.cu.1_xyz_08_.asc
NCOLS 100 
NROWS 100 
XLLCORNER -4 
YLLCORNER -4 
CELLSIZE 0.08 
NODATA_value -9999 
[rows 63 to 83 of 100, columns 0 to 47 of 100]
-9999 -9999 -9999 -9999 -9999 -9999 -9999 -9999 -9999 -9999 -9999 -9999 -9999 0.140230503455506 0.210514024614109 -9999 0.252102033245502 0.226353300879262 0.190771310605361 0.076873789879909 0.00437032591469691 -0.00304094651047874 -0.0673908325105897 -0.0410055746093178 -0.017276169758681 -0.0484304556572843 -0.0185748340248416 -0.0382468461948886 -0.0636518294247507 -0.0211627395274426 -0.129013993842117 -0.077005874300223 -0.182808659380968 -0.324675908377762 -0.373703089659269 -0.408548995643187 -0.33762287103168 -0.313745264013962 -0.339281333619671 -0.32430576713762 -0.27659846870369 -0.197151592540432 -0.113396709784332 -0.0122934995323221 0.212686446935659 0.325402386369257 0.39122010873577 0.390389254561837
-9999 -9999 -9999 -9999 -9999 -9999 -9999 -9999 -9999 -9999 -9999 -9999 -9999 -9999 0.184580971437007 0.281743394066449 0.217411637774513 0.149861221865583 0.061622170829386 0.0382606450085243 -0.0439393681457929 -0.124897947227924 -0.0781849324889845 -0.10924467900963 -0.116507328740252 -0.0910624600083254 -0.0237625504045306 -0.0541154393214148 -0.0385829442071911 -0.0236807856762954 -0.0572239272964947 -0.129343843807342 -0.201377209812921 -0.328354258703869 -0.441269002061327 -0.471986722933018 -0.424802782139679 -0.310042733311173 -0.313713478758427 -0.287685426546723 -0.26671395504529 -0.199081996796403 -0.134716750518667 -0.0474579510037082 0.107412948735659 0.295093098682203 0.385525314668415 0.432980034084671
-9999 -9999 -9999 -9999 -9999 -9999 -9999 -9999 -9999 -9999 -9999 -9999 -9999 -9999 0.151496467837566 0.132019583809357 0.168107836185079 0.0884252985318923 -0.0483373219907796 -0.0746742033081642 0.00470112625396603 -0.102255893089312 -0.0890083091761927 -0.0753405012859635 -0.049981587241616 -0.043201921395316 -9999 -0.0641557974072162 -0.0287309250646108 0.0187491446754137 -0.022163940065407 -0.0920135658017701 -0.118377042708888 -0.228941089134447 -0.376382814547337 -0.484306447578568 -0.398558269012708 -0.35526335123703 -0.274461162687605 -0.256392627449466 -0.200810230613765 -0.171125566068698 -0.117008505025213 -0.0196294816046688 0.101477086643201 0.257980704118249 0.324651573451316 0.352465651037017
-9999 -9999 -9999 -9999 -9999 -9999 -9999 -9999 -9999 -9999 -9999 -9999 -9999 -9999 0.239138265990499 0.194866979557603 0.247780466491581 0.0144767084433888 -0.0943283717602552 -0.0970443511707937 -0.0768625457426039 -0.128335076492133 -0.0673388667973419 -0.042719892075073 -0.00493034594787369 -0.0325797902283711 -0.0182025368451896 -0.078498658562453 0.008908835245334 0.00911714057466937 -0.0246437379455263 -0.0998461492100512 -0.143963807926391 -9999 -0.383164062530827 -0.394565921393132 -0.375597716863424 -0.34417547632989 -0.336654075628858 -0.261640492369589 -0.198997484784946 -0.155036556788926 -0.0968440049968744 0.0091973356705801 0.0893473674158073 0.171946994517243 0.296319058076645 0.394751428326801
-9999 -9999 -9999 -9999 -9999 -9999 -9999 -9999 -9999 -9999 -9999 -9999 -9999 -9999 -9999 0.108981446531517 0.0991324531732287 0.0325426562635652 -0.120218862519243 -0.0893566531768861 -0.113583700423339 -0.14415408480727 -0.0727465145110456 -0.069974603425832 -0.0401328186643543 -0.0123767187207549 0.00478991289994278 0.0301126216303899 0.0467856905059149 0.0133000783749544 -0.0350686422109212 -0.132867725458733 -0.239595853892867 -0.260029634228572 -0.336290154405611 -0.343449479253273 -0.330161271418114 -9999 -9999 -0.300077578894123 -0.253029684382595 -0.184679612816029 -0.0797847160416697 0.0216161918151387 0.119683469227792 0.168309040252097 0.225326531077262 0.225127509069398
-9999 -9999 -9999 -9999 -9999 -9999 -9999 -9999 -9999 -9999 -9999 -9999 -9999 -9999 -9999 -9999 0.155719346947685 0.0968277935114915 0.0217047777446318 -0.0439107807884459 -0.123754405295413 -0.12961599547834 -0.0384839975799043 -0.0624186658087659 -0.0186691554301129 -0.0359661640887327 0.004346807700996 0.0516139195241433 0.0572236619234199 -0.00647111944153495 -0.0969619535721984 -0.165036306511561 -0.237640548915247 -0.241091037014457 -0.314730624204363 -0.323948686535933 -0.296312738661333 0.0902250789676175 -9999 -9999 -0.213667523069387 -0.170397857831512 -0.136930428716454 0.03837717923962 0.161479608156 0.225650393507481 0.256940015267665 0.211893102645537
-9999 -9999 -9999 -9999 -9999 -9999 -9999 -9999 -9999 -9999 -9999 -9999 -9999 -9999 -9999 -9999 0.0987070866125269 0.0446587574001721 0.0377302899106867 0.122083594715479 -0.0374651552470816 -0.027255091057806 -0.0230010086147772 -0.0787914583836496 -0.0442401430322562 -0.0262987916894311 -0.0452142625683418 0.0221559135812491 0.00108753820933864 -0.0461337781364856 -0.124731679565209 -0.174874910238375 -0.239610270872099 -0.284350953133572 -0.265819438036502 -0.252373745300963 -0.231050858038971 -0.223379600559603 -0.216388392718206 -0.18604001763704 -0.149815487990743 -0.12531303392084 -0.0530748785899838 0.0472503131106198 0.208987481850743 0.257579036781122 0.24751485925479 0.209529323619378
-9999 -9999 -9999 -9999 -9999 -9999 -9999 -9999 -9999 -9999 -9999 -9999 -9999 -9999 -9999 -9999 -9999 0.0606863531152046 -9999 0.112146422896678 0.0565830039796121 0.00954423057199775 0.0592986907408418 -0.0457853568963905 -0.0443303410559399 -0.0488517643723245 -9999 0.046714531867645 -0.0716221650142195 -0.188079282364862 -0.182460599588853 -0.197756008968767 -0.257635405231096 -0.278477913497168 -0.277101603714902 -0.243825552442641 -0.187368696993195 -0.178530301838156 -0.182770698159279 -0.154666226152219 -0.0621618844147744 -0.0378812053610411 0.0287508835097 0.182654012876733 0.298322828321522 0.402155379950858 -9999 0.240704596175443
-9999 -9999 -9999 -9999 -9999 -9999 -9999 -9999 -9999 -9999 -9999 -9999 -9999 -9999 -9999 -9999 -9999 -9999 -9999 0.131598713289504 0.17013114033989 0.110779876810493 0.118286051766042 -9999 -9999 -9999 0.0866936339821241 0.0147138935176657 -0.108832481959742 -0.249866518106832 -0.27525482411579 -0.249072478561515 -0.345129935268833 -0.327001588751049 -0.283980365093785 -0.239425314343708 -0.135799331857953 -0.162845831114034 -0.138625400968515 -0.109335254537008 -0.0923519338580681 -0.00683294940922795 0.139152384748901 0.267529092701954 0.302285416627211 0.374139361186017 0.321473960489203 0.353393927666692
-9999 -9999 -9999 -9999 -9999 -9999 -9999 -9999 -9999 -9999 -9999 -9999 -9999 -9999 -9999 -9999 -9999 -9999 -9999 -9999 -9999 0.225810917245935 0.232192851199619 -9999 -9999 0.111128987131227 0.0468488474589799 -0.0344630413200861 -0.132195313508323 -0.232445501598597 -0.282697308308688 -0.296434625318402 -0.338368490866748 -0.370452527064191 -0.374436872147544 -0.330201033099953 -0.191065698732565 -0.165498562097561 -0.0491018184739459 -0.0314718711349084 -0.0117253040833671 0.0632741241417815 0.168392525028595 0.334512087896739 0.388987314952685 0.35635119651178 0.379977513797123 0.497368736439545
-9999 -9999 -9999 -9999 -9999 -9999 -9999 -9999 -9999 -9999 -9999 -9999 -9999 -9999 -9999 -9999 -9999 -9999 -9999 0.300403820155273 0.343738959351123 -9999 0.155844491204749 0.176726264599263 0.144709225679003 0.176973930607977 0.0398045850919757 -0.0754052739496496 -0.174847675410699 -0.229860503139866 -0.334730942180051 -0.351007325985502 -0.382655743969648 -0.395041575853709 -0.400154241974002 -0.335058707253897 -0.186063587456552 -0.113089561578461 -0.0171764773889187 0.111168136399467 0.110738499033806 0.241294057682171 0.308995460458411 0.338638868031361 0.368676886311169 0.356607816903016 0.304989374582967 0.253448497525961
-9999 -9999 -9999 -9999 -9999 -9999 -9999 -9999 -9999 -9999 -9999 -9999 -9999 -9999 -9999 -9999 -9999 -9999 -9999 -9999 0.361050609751552 -9999 0.166402810724252 0.170802224108111 0.144794164816515 0.125975665615948 0.00275038004942646 -0.134236129507033 -0.233993883737101 -0.268982976909001 -0.276381203321598 -0.276325126740953 -0.382561224192301 -0.417734358451045 -0.350153228623813 -0.291034438437268 -0.289184474737108 -0.143906512861467 -0.0134377911368465 0.0870981458081345 0.152112365851054 0.240326551155748 0.283477478569501 0.281817997652482 0.318469020881345 0.343551416623655 0.273708445532151 0.328066633714504
-9999 -9999 -9999 -9999 -9999 -9999 -9999 -9999 -9999 -9999 -9999 -9999 -9999 -9999 -9999 -9999 -9999 -9999 -9999 -9999 -9999 0.202351379648195 0.208474732266674 0.21990009354748 -9999 0.109331093291579 -0.0364286717651036 -0.168658405683335 -0.271230532780443 -0.258648314288175 -0.309932313770408 -0.295773386862979 -0.210006806897299 -0.300790682297832 -0.270685794048809 -0.276348519920836 -0.300959269829037 -0.153696142786206 -0.0273316359550074 0.0800046288262036 0.139727678006807 0.176449532139229 0.194897788328333 0.208842296776786 0.239090041706828 0.168059725046546 0.177830958614929 0.223461074316519
-9999 -9999 -9999 -9999 -9999 -9999 -9999 -9999 -9999 -9999 -9999 -9999 -9999 -9999 -9999 -9999 -9999 -9999 -9999 -9999 -9999 0.209274543041147 0.223676655255411 0.118849072040022 0.250159298886206 0.171998443850628 0.00784038177283786 -0.145488651626978 -0.262658786961129 -0.27102082969007 -0.217861794190726 -0.184991068985091 -0.196258682218157 -0.272955455962999 -0.281839304767327 -0.268816935973584 -0.214372938029287 -0.174046254675017 -0.069844300622996 0.0244256562544036 0.0918632805318929 0.123488730893317 0.112737242182567 0.192867211760506 0.192773753240459 0.158956869550488 0.150213687040466 0.124972208419091
-9999 -9999 -9999 -9999 -9999 -9999 -9999 -9999 -9999 -9999 -9999 -9999 -9999 -9999 -9999 -9999 -9999 -9999 -9999 -9999 -9999 -9999 0.208544038027499 0.155094698096589 0.279706538598026 0.165070365211949 -0.07028510552052 -0.170648635232292 -0.216523893416829 -0.232633138048349 -0.256660124735361 -0.202231765083239 -0.238514617222441 -0.287989584588422 -0.266782408465485 -0.245764994409047 -0.20371019575092 -0.158504588587976 -0.0608360246261657 -0.0144827439633823 0.106840047103305 0.0657703406550273 0.0962968174396663 0.144119252174348 0.154211159722091 0.17934939125097 0.114584979698698 0.0891045349910599
-9999 -9999 -9999 -9999 -9999 -9999 -9999 -9999 -9999 -9999 -9999 -9999 -9999 -9999 -9999 -9999 -9999 -9999 -9999 -9999 -9999 -9999 -9999 0.224571857112437 0.371328727571222 0.299023978786698 -0.10973933891463 -0.178018426402903 -0.193471522747336 -0.232794622002081 -0.20196511387884 -0.218743217214292 -0.258172854059017 -0.204092224935408 -0.134972849846278 -0.170802344016593 -0.12916550398854 -0.112352969389508 -0.0751399490324899 -0.0693613617780927 0.0417136538071526 0.0124074155745372 0.00874522176748913 0.110472247851035 0.166133791346752 0.164249670214557 0.132862916018275 0.112713398343174
-9999 -9999 -9999 -9999 -9999 -9999 -9999 -9999 -9999 -9999 -9999 -9999 -9999 -9999 -9999 -9999 -9999 -9999 -9999 -9999 -9999 -9999 -9999 -9999 -9999 -9999 -0.163093346262046 -0.177007141412835 -0.234366549280642 -0.224680910165514 -0.244704463062163 -0.25050651390446 -0.226747258100949 -0.15111887099207 -0.0971916664983726 -0.0812975265355364 -0.124389930564394 -0.10806942250116 -0.108845721305154 -0.0760211519038044 -0.101353114249427 -0.106068797151226 -0.074480529026053 0.0446907683292209 0.138071095530801 0.190663957601098 0.200796837428726 -9999
-9999 -9999 -9999 -9999 -9999 -9999 -9999 -9999 -9999 -9999 -9999 -9999 -9999 -9999 -9999 -9999 -9999 -9999 -9999 -9999 -9999 -9999 -9999 -9999 -9999 -0.123501779141455 -0.125190187103207 -0.15286564501296 -0.172228626163532 -0.223905479675098 -0.229383230162109 -0.191529721745841 -0.177117464170455 -0.141353495856931 -0.112261354363789 -0.0986177777412053 -0.0985949621401533 -0.128062643878608 -0.121673036108688 -0.126219250857935 -0.168588482189765 -0.124862041483133 -0.0725852581506653 -0.00213771218692982 0.11039948306203 0.206247350773043 0.233300138233499 0.509327184611998
-9999 -9999 -9999 -9999 -9999 -9999 -9999 -9999 -9999 -9999 -9999 -9999 -9999 -9999 -9999 -9999 -9999 -9999 -9999 -9999 -9999 -9999 -9999 -9999 -9999 -9999 -9999 -0.168901567608147 -0.203481838590521 -0.215820536969881 -0.192640030353389 -0.189422282851391 -0.169494071517532 -0.138482970236232 -0.104163263039935 -0.146717146607011 -0.125114406109288 -0.145499369364716 -0.179763322896632 -0.241574780791643 -0.193628071855827 -0.12886541117154 -0.117592545875071 -0.0110002793304618 0.0800314902987833 0.194089826094687 0.283708966865909 0.421806133820407
-9999 -9999 -9999 -9999 -9999 -9999 -9999 -9999 -9999 -9999 -9999 -9999 -9999 -9999 -9999 -9999 -9999 -9999 -9999 -9999 -9999 -9999 -9999 -9999 -9999 -9999 -9999 -9999 -0.195094866874828 -0.175908336025045 -0.157545694840875 -0.171492198240359 -0.158694887750124 -0.107527742770934 -9999 -9999 -0.182122781541388 -0.216044844102577 -0.189888784532001 -0.209865288467164 -0.165473343947433 -0.127829021426034 -0.0938096521160149 0.00627624038301119 0.0575832734192664 0.153378736385119 0.207049307421072 0.331101567302128
-9999 -9999 -9999 -9999 -9999 -9999 -9999 -9999 -9999 -9999 -9999 -9999 -9999 -9999 -9999 -9999 -9999 -9999 -9999 -9999 -9999 -9999 -9999 -9999 -9999 -9999 -9999 -9999 -9999 -9999 -0.164003139583806 -0.166024592410244 -0.16417768529162 -0.109698798739425 -9999 -9999 -0.238424072029854 -0.207828162826285 -0.24598694285875 -0.205479026852659 -0.172346928455908 -0.105115855089686 -0.0679424986088476 -0.0177925290329764 0.113018719638735 0.16156295858901 0.190397066715368 0.291197878619162
