data/rasters/s3.24.05.li.1_xyz_08_.asc
NCOLS 100 
NROWS 100 
XLLCORNER -4 
YLLCORNER -4 
CELLSIZE 0.08 
NODATA_value -9999 
[rows 42 to 62 of 100, columns 48 to 95 of 100]
0.034203202390171 0.0519073456909473 0.0572956949991981 0.0685177447836141 0.00155807337460093 0.0539156386321036 0.0466465300457582 0.067977809867173 0.163620602656205 0.146310638363517 0.114810019071929 0.0513442962959286 -0.0518945734562864 -0.0626101823353191 -0.120547378405438 -0.117390758535762 -0.105257426237501 -0.111564086828295 -0.194925294697082 -0.217752220583289 -0.233892541768132 -0.228780788854323 -0.24695009707438 -0.276150292613608 -0.231635776711153 -0.158831493204747 -0.0951141530445515 -0.280630961959381 -0.219280256231991 -0.331688439550963 -0.25582609699596 -0.179837828810781 -0.12021355879164 -0.0615851447863429 -0.0252564692059437 0.0397391320312568 0.2359503000877 0.224628281808809 0.192149415050061 -9999 -9999 -9999 -9999 -9999 -9999 -9999 -9999 -9999
0.0351426396795642 0.0618145370966669 0.0681661505565492 -0.0648107328662107 -0.0144808025446909 0.0726545035362622 0.125841882794077 0.115930862651174 0.215062538215963 0.196562926534071 0.177692438306168 0.183319595846617 0.0752565360772096 -0.063176325832404 -0.138758843332581 -0.15600032727415 -0.153589519553502 -0.199080204261082 -0.297163756690302 -0.226627947845614 -0.263035049718853 -0.290513366490702 -0.265371779828042 -0.278632071931174 -0.253052606901761 -0.195812553770191 -0.154939865409131 -0.230179191925442 -0.309855191462538 -0.287491187285978 -0.161732731730362 -0.119803911370832 -0.0178560846947012 0.0275888533406579 0.0581292408086772 0.0717290149064535 0.130652250976667 0.16698173886445 0.16227836280184 0.17419067176664 0.1910273946262 -9999 -9999 -9999 -9999 -9999 -9999 -9999
-0.0039537394558193 -0.00297985178420593 -0.0735267054318567 -0.108098555308958 0.200923498482121 0.0612756374347472 0.23365850724948 0.335141993248124 0.27691517392377 0.259517372058482 0.331456811771123 0.336910652958399 0.0610944845120043 -0.0464876309333073 -0.140083690863759 -0.189605841366599 -0.165324651897592 -0.251282629142833 -0.318032749518409 -0.225719464778392 -0.231315648531925 -0.262933598690061 -0.267466758075215 -0.2580752822952 -0.202544375835112 -0.192929414714528 -0.233823873114688 -0.239773544349778 -0.235075632386632 -0.183820766206529 -0.25292335912757 -0.257054012046054 0.0546319653419031 0.0411723376000835 0.103763159292811 0.108433467297258 0.0733508563023703 0.133799991472063 0.117436227813858 0.140204246783481 0.235960969152306 -9999 -9999 -9999 -9999 -9999 -9999 -9999
-0.0727869506868517 -0.0562618467250999 -0.0874478437017584 -0.153794108248912 -0.0569153159559269 0.0384702770795748 0.142146359029222 0.286916910252103 0.346738086135102 0.341658882359916 0.424556518816335 0.317965374622847 0.130980137994948 -0.099544712270653 -0.156696709525283 -0.211334462577021 -0.174947213087945 -0.195844937381775 -0.272817362705115 -0.239309793226999 -0.294970454628239 -0.309233719290202 -0.26291480061333 -0.299416818894374 -0.309893723118732 -0.247151293198394 -0.296308205019999 -0.305647676658221 -0.20526483149465 -0.263608535812733 -0.29100907771742 -0.208756151274448 0.0335509637630154 -0.038659851013773 -9999 0.102969120572952 0.089045372532226 0.0208357792777399 0.137779429866585 0.151008250240132 0.197964921963405 -9999 -9999 -9999 -9999 -9999 -9999 -9999
-0.0273866004362608 -0.067323972904031 -0.00909181904869757 -9999 -0.0539850790025233 -0.0528380382636991 0.161727797474131 0.0781334870402966 0.104204312057021 0.132711241542521 -0.0664989181412976 0.101354957712154 0.101097484199543 -0.0876967086534607 -0.107012428024932 -0.0503821215746509 -0.103412094804764 -0.149898793988829 -0.13341905687082 -0.226809894541144 -0.30590471478835 -0.286931193292383 -0.2801611724999 -0.304845227934626 -0.327293895032451 -0.280970490960215 -0.276858571516551 -0.346690695128003 -0.182181899892029 -0.229325785831153 -0.162316956843803 -0.0822858122316751 -0.0389895844118588 -0.094299557546317 -0.0374866858849535 0.10623189647103 0.00532692765180782 0.018305361573111 0.0358582135983729 0.257137236485411 -9999 -9999 -9999 -9999 -9999 -9999 -9999 -9999
-0.141797981187213 -0.10068698331947 -0.0529086427461751 -0.0278492783027199 -0.0191374947635833 -0.309061795186568 0.0462937124157074 0.0104745943690596 0.0366323377053604 0.115216526312214 -0.0430505597436069 -0.183038988997945 0.0627288144905834 -0.0430099057174764 -0.00933799144970018 -0.0259695589797556 -0.117104850925059 -0.161352930518486 -0.137699754119811 -0.214368263712792 -0.252340341867897 -0.272296962832687 -0.363398357597193 -0.387650270237778 -0.396020914808629 -0.322889922187298 -0.276793998497872 -0.284693366892731 -0.229389548561546 -0.251393306317027 -0.197521041519066 -0.0667143644518492 -0.0632412245328871 -0.0985727009434723 -9999 0.0214352431002944 0.00838070797536164 0.01790569651158 0.0533507573140575 0.110027526639815 -9999 -9999 -9999 -9999 -9999 -9999 -9999 -9999
-0.249007871892535 -0.119996930725301 -0.131013731273098 -0.0933573577784916 -0.191617423408119 -0.247723875468752 -0.300144205150889 -0.213119928470656 -0.172331844478627 -0.0818181560782306 0.283725456550064 -0.0416691806555399 0.0663287089908637 0.0668899596874279 0.064038114138019 -0.214260541102821 -0.203146195196624 -0.177002822620948 0.0508362864668477 -0.169687587701451 -0.164155303093487 -0.290989868103221 -0.346966513770363 -0.427380684076373 -0.389367160157037 -0.333531065729946 -0.174063666942658 -0.23247398667427 -0.252042187807992 -0.272257750711252 -0.225593569770121 -0.12802141610859 -0.0846956061587559 -0.0859563540701822 -0.162990738972596 -0.132981373268364 0.0430900233385682 -0.0830694646935206 -0.0639546706838753 0.0249915565962892 0.0673482327786632 -9999 -9999 -9999 -9999 -9999 -9999 -9999
-0.200397682348535 -0.231375755238125 -0.13433349337306 -0.230066386289699 -0.251604645152787 -0.271838472582338 -0.278109495553157 -0.363088418255133 -0.381164732745519 -0.0959355199628981 0.12826459363149 -0.0279896976124655 0.0400199146893165 0.0852689939179173 0.00664011743538332 -0.101742283527952 -0.230564561653211 -0.167782777952538 -0.00176073333023173 -0.137586889614345 -0.1599499637537 -0.331249197487535 -0.416065633452011 -0.343757683198435 -0.297762006885424 -0.124275211784536 -0.0564669181108912 -0.151419672098591 -0.218559761960395 -0.237943289199871 -0.195951865728666 -0.149844687625771 -0.060284349746303 -0.0640213752537699 -0.202856555105453 -0.114149664253067 -0.0560608563174276 -0.14033297403076 -0.11048495732959 -0.0267154947822466 0.0685741677562806 -9999 -9999 -9999 -9999 -9999 -9999 -9999
-0.206841984799891 -0.197359738234015 -0.201874958733391 -0.361330916794738 -0.357955897942897 -0.249237444968473 -0.0551361088472897 -0.23863778886784 -0.142790300498955 -0.16811665220199 -0.0141730261275105 -0.000703046244212433 0.0367425225588474 0.0165345698267544 -0.0483521302901077 -0.0723275857366392 -0.233203771590265 -0.243540483764328 -0.0445307373679903 -0.10859266184737 -0.151759849879072 -0.125924009306095 -0.296353858684806 -0.347521361934792 -0.25729955210987 -0.0747924237488719 -0.113215443150431 -0.177380499076871 -0.19821109405365 -0.062846891949089 -0.123321795610949 -0.101312875225291 -9999 -9999 -0.197133403776813 -0.198169467288292 -0.173283677220595 -0.194764943610813 -0.176190759817979 -0.206654203949494 -0.24073818729649 -9999 -9999 -9999 -9999 -9999 -9999 -9999
-0.225287276991537 -0.426346827060516 -0.485355138660454 -0.407741190520257 -0.381561888405518 -0.270539508252419 -0.306756324608125 -0.298984406329616 -0.165890315280214 -0.17187670877021 -0.152294285870905 0.0174410119716591 0.00804469587678851 -0.283835551396599 -0.0585085327998693 -0.0328963287740562 0.00507587563052753 -9999 -9999 -9999 -0.046845053675255 -0.141880940689717 -0.416145928785099 -0.297351181380731 -0.171738946028684 -0.0687767449493745 -0.139150050644188 -0.164235366307136 -0.0883475165089354 -0.161306422866284 -0.146554209778462 -0.0984660720617673 -0.132009856942572 -0.0977465811215788 -0.14289963638251 -0.224957351427932 -0.208584327479413 -0.259028826101695 -0.257146894290468 -0.192625853851829 -0.230316473252113 -9999 -9999 -9999 -9999 -9999 -9999 -9999
-0.200572526462745 -0.397997220825086 -0.502690640583847 -0.309022829816584 -0.392882785894945 -0.382007178078951 -0.286082383212753 -0.161464808185836 -0.128370739842333 -0.159313857087155 -0.100562839873841 -0.0463387777940322 -0.046637235485755 -0.150985950812359 -0.0579863762045959 0.00602432842541716 0.145082186231079 0.0465730657220712 0.0706883360092005 -0.111740345155393 -0.109206745653071 -0.0672983955371334 -0.183271840129662 -0.125062473285205 -0.0168917555478122 -0.107396422999006 -0.153462148695137 -0.10815673717803 -0.120437834782221 -9999 -0.0860682944396687 -0.0689039298145771 -0.0436672626617086 -0.0535816926869602 -0.0709177742637837 -0.185306317302409 -0.175743118098307 -0.239139114574928 -0.252666655014737 -0.254721000021133 -0.264427266905915 -9999 -9999 -9999 -9999 -9999 -9999 -9999
-0.321444631453013 -0.348809485474776 -0.312815707629923 -0.274999729809584 -0.358599367407424 -0.374286995509156 -0.281562398537061 -0.236861994785156 -0.188884206191305 -0.153625568930402 -0.118698769236392 -0.0183575107096389 -0.052947258799051 -0.081714483140124 -0.0811534742449273 -0.0832414697207639 -0.154152613605088 -0.0989030068130518 -0.0588004086656981 -0.104121377320619 -0.0525074731289398 -0.118875053960757 -0.0480087971077589 -0.101200221174574 -0.0789598464258173 -0.123435701044326 -0.167128212252879 -0.144620606095661 -0.158526811604303 -9999 -0.0963587951841618 -0.001368224656255 -0.0530262538572645 -0.010001370761274 -0.0100895936615399 -0.246481667902076 -0.174928060975748 -0.174225361108657 -0.168261388890246 -0.248131148417205 -0.333612229968801 -9999 -9999 -9999 -9999 -9999 -9999 -9999
-0.251901517211497 -0.24347951121723 -0.171789958896886 -0.187961766027483 -0.233694747636727 -0.255540051119726 -0.292714341783454 -0.263386571453464 -0.262450145239132 -0.104772517760322 0.0659320212704923 -9999 -0.0740949531779809 -0.0822132933879445 -0.0889589824993015 -0.151086523679191 -0.154319936852248 -0.0932227946051725 0.149448537343523 -0.0397893565697646 -0.092031922186246 -0.131660326923126 -0.110472455984185 -0.0116730032570908 0.0038022833128247 -0.0598864685100969 -0.129885268965576 -0.1509719064192 -0.148663014223381 -0.20372403729102 -0.136510547463905 -0.0899878430361761 -9999 0.0210904212038251 -0.352781894169089 -0.318487158672079 -0.248787554262558 -0.222105127369248 -0.260796964739772 -0.215148635736747 -0.281210530563721 -9999 -9999 -9999 -9999 -9999 -9999 -9999
-0.0711733204471816 -0.0983843575355345 -0.147878215308883 -0.156777052600171 -0.166426899876847 -0.305083896342097 -0.278728612495124 -0.217347801374144 -0.109777350368644 -0.122049017812533 0.00761296815228473 -0.0132500224705507 -0.0917777244440214 -0.10461403456091 -0.0721094939795476 -0.140878856824326 -0.107223275060476 -0.0226854769035197 0.0356079043290209 0.0205781974988771 0.0436922833770152 -0.0424108142420738 -0.0942363634381928 0.0278976744749472 -0.00494820102511341 -0.0421972701167547 -0.140050967767619 -0.205163364380822 -0.2189668683164 -0.153108300722591 -0.096875558481975 -0.0565151868244707 -9999 -0.241784539462326 -0.323685586710891 -0.357449423994726 -0.330769574997612 -0.29892819675016 -0.267159468760816 -0.187206580257678 -0.274414547022182 -9999 -9999 -9999 -9999 -9999 -9999 -9999
0.0268236189978395 -0.144312979165889 -0.233987364176765 -0.248405444889509 -0.317478282536442 -0.209257402421368 -0.266298007338627 -0.042233974580108 -0.101370534946981 -0.0421304030434886 0.0140296975285505 -0.010412540628062 -0.104700804805876 -0.142673080718056 -0.132104039562417 -0.0642155519285824 -0.0622525411362005 -0.01348740853666 0.0791505335060155 0.0625277416729765 0.0405112391702838 0.0644034955823601 -0.0247926586581498 0.0158398391458496 0.0130449556368135 -0.0305244590259175 0.00183766010891968 -0.155096323279887 -0.191626736358396 -0.243894165250869 -0.168720389316531 -0.0972821764936855 -0.308489129602919 -0.295293551644487 -0.338927610687306 -0.389472744184408 -0.372835457916748 -0.24745947158635 -0.194666541920532 -0.082502470880218 -0.0985311419580747 -9999 -9999 -9999 -9999 -9999 -9999 -9999
-0.223692408396376 -0.176433019455977 -0.275800411835524 -0.175421178266714 -0.312725729673189 -0.286184324614089 -0.294814075646271 -0.126084942341487 -0.140902016065673 -0.140146925539224 -0.0750885617771178 -0.155821144886436 -0.127105649766729 -0.0984829725978103 -0.08807401362136 -0.0278842896797764 -0.0725844614793404 -0.0810140036260358 -0.0550922334335268 0.0147472533799063 -0.0446457842776109 -0.0186002277647834 -0.0714010822269151 -0.112456135764944 0.0440994022269113 -0.0022668951454999 0.0665424489344097 -0.0531683378977472 -0.218784645916251 -0.204663938747761 -0.108408879576832 -0.197979879520624 -0.319905540770031 -0.341346565929659 -0.347297295497951 -0.356379376201238 -0.309770266606585 -0.233523879531628 -0.180885108994968 -0.107300376100901 -9999 -9999 -9999 -9999 -9999 -9999 -9999 -9999
-0.186875391849278 -0.274968903330024 -0.347244347684152 -0.207252910041331 -0.224654641151849 -0.155658582786728 -0.314571495952558 0.0145274546813893 -0.057514373705149 0.127171804145854 -0.0641192272934484 -0.00705246084841674 -0.137497226804651 -0.138259117126377 -0.071088184556014 -0.0271181407255978 -0.0536250334265357 -0.0643203743200987 0.00320355456407127 -0.0176368874528915 -0.0652260768970757 -0.0146864841971763 -0.0847621653048804 -0.0194860019288208 0.0324683006372044 0.054878423254046 0.0618143219945178 -0.0964044411710806 -0.166378021095268 -0.237311916639987 -0.0728035733407575 -0.254325515305688 -0.303056447609638 -0.323710300443878 -0.260253300423147 -0.173186077726981 -0.182653065683473 -0.193649310096079 -0.189527718653067 -0.0449875625508807 -9999 -9999 -9999 -9999 -9999 -9999 -9999 -9999
-0.205882419320938 -0.223243531859064 -0.21198128140392 -0.199023542571121 -0.126597589218169 -0.0629829937159095 -0.013012076623166 -0.0526230690662327 0.010048687576041 0.0596326700405275 0.0491913558320225 -0.00386725132850546 -0.096402037993597 -0.0430490867633888 -0.0656503918725975 -0.00126535164120085 0.0179732463817298 0.0313583140835487 0.0388190125602919 -0.089773320517251 -0.0897512054811946 -0.0745127290748884 -0.087738336762851 0.0141909180729254 0.0317400068768167 -0.0177617813691177 -0.0360957641150709 -0.047458700862351 -0.115582918978393 -0.106113814100977 -0.124162790587646 -0.286103681552482 -0.270890096240026 -0.229834645813284 -0.174428535380556 -0.13445265428682 -0.0619448626665768 -0.0676211805917826 -0.147781591814092 -0.0628526375134805 -9999 -9999 -9999 -9999 -9999 -9999 -9999 -9999
-0.235870902324793 -0.192064634530627 -0.162180517290081 -0.160771835846216 -0.162262534521461 -0.0436867733457554 0.0211246914448973 -0.0455711111558157 0.026447553932731 0.0684588332738414 0.0655840900569435 -0.0866298401852171 -0.104929808948182 -0.10032255900563 -0.0936163054667321 -0.105744287091226 -0.00256074859668878 0.0330531487470718 -0.0225606896603149 -0.0370854173428379 -0.0504772820410637 -0.072015366146491 -0.0667115735659995 -0.0303245675790869 0.0399215997520995 0.0292219492515793 0.0215544161472217 0.023273338491047 -0.0376157569106502 -0.038148086212545 -0.0615625317513395 -0.142844274945787 -0.00804738227588577 -0.039325382532416 -0.0779952959010258 0.0141991704539089 0.0342564395406505 -0.0360788860131182 -0.204067645832718 0.0710760824421383 -9999 -9999 -9999 -9999 -9999 -9999 -9999 -9999
-0.20410062696619 -0.146811217024612 -0.127362951812825 -0.0493596711736383 -0.0045483243544537 0.081253633718803 0.171367864645829 -0.0523691339156246 0.047764716107572 0.0950442495200346 0.0877252336563878 -0.0446577477793952 -0.0120633608393609 -0.0734996761843273 -0.0964723484436473 -0.0238346358738572 -0.055054215008528 -0.0420212472734127 0.0371591737357389 0.0375621006403985 -0.0491149622189838 -0.0566333199020024 -0.0569589982719666 0.0302646047658478 0.112094023388519 0.252254426341801 0.170299413575979 0.0942435298936096 0.0759415211608811 0.0490613640439411 0.0352701197621752 -0.0929194075588771 -0.0921125923821957 -0.105358642479664 -0.0860363717454203 -0.0583001694540434 -0.0778881654422742 -0.0536704640357712 -0.212537919867859 -9999 -9999 -9999 -9999 -9999 -9999 -9999 -9999 -9999
-0.228848660130852 -0.113228710559093 -0.0726560385361579 -0.0158153772960449 0.00210284935510719 0.187593828541687 0.252639241206326 0.258302808455525 0.269225150669325 0.320644600881432 0.276796573247562 -0.0343687167382501 -0.0242188446672064 -0.0258668152973159 0.00240523241707753 -0.00559436725409572 -0.0552375781958145 -0.0918355987517009 -0.0100294687635357 -0.0228331127214839 -0.00409681929725685 0.026380870163176 0.113975302718071 0.0894368544739849 0.150070339663867 0.391498265077745 -0.00784647157160338 0.159544210114248 0.137412122673111 0.0831254290248203 0.0563016689415141 -0.0798260053926096 -0.111125968369593 -0.14154093160476 -0.183122878033938 -0.171775217746879 -0.17771462211914 -0.101237394951405 -0.0276537091689222 -9999 -9999 -9999 -9999 -9999 -9999 -9999 -9999 -9999
