data/rasters/s3.24.05.cu.1_xyz_08_.asc
NCOLS 100 
NROWS 100 
XLLCORNER -4 
YLLCORNER -4 
CELLSIZE 0.08 
NODATA_value -9999 
[rows 22 to 43 of 100, columns 0 to 48 of 100]
-9999 -9999 -9999 -9999 -9999 -9999 -9999 -9999 -9999 -9999 -9999 -9999 -9999 -9999 -9999 -9999 -9999 -9999 -9999 -9999 -9999 -9999 0.019608082654767 0.0708140459764749 0.0607745472227422 0.153191871604658 0.186813255838309 0.135658708977695 0.101000881573197 0.022362811483924 0.00456638612182538 -0.0447894298684433 0.028033616145884 0.0777036809995975 0.0760729617863999 0.037902006761991 0.0124874272039586 0.0253039714367893 0.0101660650862418 -0.090559950798567 -0.202789453161863 -0.189861536351961 -0.126843455423706 -0.077171809420441 -0.0566895592484343 -0.0541911013429448 -0.0609549322360929 -0.0825600566341561 -0.132376926333138
-9999 -9999 -9999 -9999 -9999 -9999 -9999 -9999 -9999 -9999 -9999 -9999 -9999 -9999 -9999 -9999 -9999 -9999 -9999 -9999 -9999 -9999 0.0628352057795202 0.172475890417902 0.174630776795923 0.169363427375636 0.25431111322051 0.295680207558004 0.173498125224542 0.166203885284798 0.170035444980243 0.114698791709562 0.147984962363763 0.16992015784525 0.152548161797785 0.140737850090808 0.230250515024197 0.198099337238057 0.0103829674235607 -0.0322390834272682 -0.144334895206835 -0.141436093728271 -0.110256804013718 -0.0657455330465407 -0.0475430093927666 -0.0696584057469239 0.0938637103234077 0.065123243505768 -0.039926899777736
-9999 -9999 -9999 -9999 -9999 -9999 -9999 -9999 -9999 -9999 -9999 -9999 -9999 -9999 -9999 -9999 -9999 -9999 -9999 -9999 0.189555838086432 0.1110352937081 0.168990149930968 0.229716038416764 0.249925413714364 0.247130166288744 0.259935797029252 0.273857354633086 0.272788795580288 0.235170049654883 0.24152398028718 0.214578125052464 0.230236724726594 0.230311082081299 0.204562826367246 0.373050542795293 0.403728393191108 0.373294472068119 0.222368347781304 -0.0265767501923809 -0.0805212758024955 -0.10411336972782 -0.0775856466183616 -0.0639150695446269 -0.0505173372690244 0.0308216662895426 0.100133835304217 0.136714792629968 0.0839085309554065
-9999 -9999 -9999 -9999 -9999 -9999 -9999 -9999 -9999 -9999 -9999 -9999 -9999 -9999 -9999 -9999 -9999 -9999 -9999 0.249923131104427 0.222707625589089 0.154084575084693 0.0832605337442719 0.208147507195483 0.233117695373306 0.219962014131641 0.229039696598285 0.26726321204187 0.220739267163709 0.200484140208875 0.205499032489205 0.211623366050389 0.207641167291798 0.24880634354484 0.265189657896961 0.358254548650384 0.402302620397497 0.368310033922214 0.233164370482164 0.239034107769826 0.0659287590934344 -0.0857929285634913 -0.0616593292268035 -0.0183430100921338 -0.0242650071209242 0.0284284789254181 0.108662992581927 0.123666935518573 0.0906737645813096
-9999 -9999 -9999 -9999 -9999 -9999 -9999 -9999 -9999 -9999 -9999 -9999 -9999 -9999 -9999 -9999 -9999 -9999 -9999 0.256384054711927 0.221475546408287 0.16457352764368 0.12763201003453 0.12893356930008 0.200847413227443 0.166266756167835 0.19725290186172 0.229377914480605 0.157836641288082 0.0720614175563952 0.139743439450234 0.158991227817467 0.203860792986244 0.23693295457189 0.333245550585819 0.391314526745054 0.390453649314706 0.38813455847278 0.344588898648413 0.179272017085966 -0.0474026557354179 -0.0835355007110222 -0.0618275203427347 -0.0179650033085754 -0.0367918532330329 -0.0167335284824399 0.0901573580757399 0.110448221913634 0.0937270406144368
-9999 -9999 -9999 -9999 -9999 -9999 -9999 -9999 -9999 -9999 -9999 -9999 -9999 -9999 -9999 -9999 -9999 -9999 0.274167708585462 0.273627522136335 0.23330114803525 0.199978221291324 0.177678669959313 0.0817940670923442 0.183446284539452 0.173263291528792 0.177835947138416 0.180972811713829 0.12935240740242 0.109638689601061 0.131618622417502 0.16431805518754 0.172359689901561 0.303831064102209 0.398142847911986 0.402853083939458 0.36306828339803 0.378614712880974 0.317296420353749 0.21778353678107 0.150748541725521 0.12261610342582 0.107735786072015 -0.0922618713430556 -0.061194005420506 -0.0174946126845711 0.101856396471301 0.113585098053929 0.0322299306874851
-9999 -9999 -9999 -9999 -9999 -9999 -9999 -9999 -9999 -9999 -9999 -9999 -9999 -9999 -9999 -9999 -9999 -9999 0.278590832873178 0.255112492927876 0.255818840157301 0.21289292235091 0.162974727433553 0.13805444394219 0.172824520451279 0.187976104028457 0.200916306294458 0.196550071968921 0.170709986806063 0.182685610195247 0.179437278048217 0.163803916708226 0.217769407146236 0.308499703649511 0.410037717506392 0.411506221604543 0.393656659036147 0.391207807855993 0.329015025165211 0.255581486336666 0.252089228464586 0.125391317843853 -0.0353259591631569 -0.106781258950521 -0.0989057652577537 -0.0291243891234567 0.114899916320581 0.144529340187275 -0.0450403407876619
-9999 -9999 -9999 -9999 -9999 -9999 -9999 -9999 -9999 -9999 -9999 -9999 -9999 -9999 -9999 -9999 0.164535358140758 0.256851070512354 0.217426372812358 0.234858616938897 0.20443261671351 0.1553949493086 0.107531980491228 0.155122167221493 0.199262221311176 0.215788836061178 0.209726859641479 0.19907197368779 0.16078569016267 0.169453916721274 0.16516272570952 0.161485702135672 0.215209776306184 0.187361582263731 0.287401138777207 0.399215318251063 0.408520149816197 0.410282142444543 -0.0635433462325218 0.0808871976855231 0.158762277028091 -0.188318874138865 -0.150814954876591 -0.150230224074181 -0.17974577803262 -0.277450943638788 -0.0892206023676768 0.0168529285277644 -0.0655414961403493
-9999 -9999 -9999 -9999 -9999 -9999 -9999 -9999 -9999 -9999 -9999 -9999 -9999 -9999 -9999 -9999 0.247789029150714 0.220224780800578 0.228564293850054 0.229945924501312 0.18146068383495 0.116449390360907 0.130721717975784 0.204370509524438 0.2248663817254 0.245649769625541 0.217888419058981 0.188046057893544 0.13892611134975 0.0908141919520499 0.0475370889102125 0.15786990202862 0.200698683525469 0.163992324623806 0.27474770838872 0.360009287110993 0.316705533361019 0.0594973990212961 -0.0309989778514392 -0.068752342472232 -0.249380621327997 -0.268957565946777 -0.286233720893585 -0.271845022261974 -0.309184438276564 -0.436419016751663 -0.4608869451493 -0.210297800921144 -0.146663320859584
-9999 -9999 -9999 -9999 -9999 -9999 -9999 -9999 -9999 -9999 -9999 -9999 -9999 -9999 -9999 -9999 -0.0380787587814997 0.0780850241232598 0.219975097590787 0.213978496654621 0.191128097746867 0.190189057845464 0.163848351148799 0.247117312870339 0.27039863220681 0.279188130186661 0.266009310585184 0.197130658315732 0.143868399843427 -0.0645319837090231 0.00104834776790169 0.0846869277224505 0.137312053850651 0.110417501969399 0.172721952231569 0.352403227697556 0.367542769550418 -0.00270001042065932 0.0581861190452737 -0.00849111831254503 -9999 -9999 -0.406995918198614 -0.400375893374759 -0.52810185135379 -0.635837935375946 -0.302674698759503 -0.279278410967985 -0.254704466662452
-9999 -9999 -9999 -9999 -9999 -9999 -9999 -9999 -9999 -9999 -9999 -9999 -9999 -9999 -9999 -0.0984387921566348 -0.060765429592033 -0.0128181275264088 0.185741801439891 0.204330951811903 0.183769410085457 0.189465852706979 0.22248559776205 0.264608004195149 0.275842961571249 0.314142733911209 0.244416379005379 0.23180589539204 -0.14210643747783 -0.220317409604621 -0.0983161229947413 -0.0781781186532723 -0.0497994812871994 -0.0537505614159918 0.0625062031543512 0.12328354863372 0.0526466621415497 -0.0803916779543 -0.0395205800439457 -0.0338877890879988 -9999 -9999 -9999 -0.430490919691454 -0.476757168335465 -0.564286899773102 -9999 -0.31811849128277 -0.349539432906132
-9999 -9999 -9999 -9999 -9999 -9999 -9999 -9999 -9999 -9999 -9999 -9999 -9999 -9999 -0.0523238699088753 -0.0718366758764702 -0.0782383189230801 0.0411733887959216 0.14033448370953 0.17429125084185 0.189593032691565 0.197869503276976 0.227202194834569 0.226644266397121 0.313942672918016 0.345656133853949 0.313650423687562 0.289085305787893 -0.00885951566003529 -0.0832261004758932 -0.158064462259716 -0.165167119745818 -0.339085876863208 -0.232053486572779 -0.0744889416470148 -0.0295612861261664 -0.055625607159741 -0.0882463230946533 0.0636374106753556 -9999 -0.0132192381504527 -0.0369387545186153 -0.154810560797184 -0.315991548745658 -0.384395630096009 -0.518943796061166 -0.682653173806334 -9999 -9999
-9999 -9999 -9999 -9999 -9999 -9999 -9999 -9999 -9999 -9999 -9999 -9999 -9999 -9999 -0.0345869721015494 -0.0407702788553006 -0.0398692187310743 0.021447484793902 0.0974914137090249 0.133719071551054 0.148547091329786 0.174427028384477 0.139288187803019 0.222181819759134 0.292516963304936 0.301161465806885 0.310030957489752 0.251241204108337 0.091955380055692 -0.172839989938428 -0.362570718879858 -9999 -9999 -9999 -0.264624085352244 -0.210604875886328 -0.1954330770151 -0.179721564412727 -0.0491750364162115 -0.0959837168292964 0.0107237083316276 0.00356371138116968 -0.171101746697315 -0.30326651861283 -0.380867114461767 -0.401646908661271 -0.623182174728767 -0.831158850893007 -9999
-9999 -9999 -9999 -9999 -9999 -9999 -9999 -9999 -9999 -9999 -9999 -9999 -9999 -9999 -0.0509140434711362 -0.0600568371527203 0.00572398142774528 0.0700756217191853 0.104287674700223 0.0682480243556051 0.123241741355693 0.134886096541121 0.0989059800155977 0.14462492223241 0.2976538633796 0.300326483205412 0.261067463210269 0.265804278770809 -0.210545781870547 -0.290649280002256 -0.544645403204046 -9999 -0.561594601718791 -0.519814333367909 -0.36329764657821 -0.275323769554888 -0.188499784427437 -0.158378570977453 -0.0516695419970278 -0.0474323802500013 0.0854341409868594 0.0504243180636916 -0.18696878195033 -0.179902932178046 -0.302392780356601 -0.506529448924191 -0.555361235581475 -0.622671272957183 -9999
-9999 -9999 -9999 -9999 -9999 -9999 -9999 -9999 -9999 -9999 -9999 -9999 -9999 -0.0347308444610174 -0.0817553509468921 -0.144884096972818 0.00969920492169376 0.071120965972707 0.0513646201816424 0.077448518035254 0.106482919220571 0.0851249641831474 0.0362826311680635 0.107954089927171 0.243749280114217 0.277070601635936 0.223148334676293 0.0175327173982741 0.0412244773147226 -0.371116229945846 -0.459783891439239 -0.535700962593491 -0.584650530290247 -0.489125233875029 -0.344850030849265 -0.264788771593543 -0.1698122617819 -0.123365102123138 -0.0678214077411148 -0.0149823668746836 0.143108341765561 0.0925753993281276 0.0609124639922408 -0.179009414614745 -0.251020490689235 -0.335959146804731 -0.559461933300056 -0.685377558877315 -0.748786894844748
-9999 -9999 -9999 -9999 -9999 -9999 -9999 -9999 -9999 -9999 -9999 -9999 -9999 -9999 -0.134991493581492 -0.147934031761202 -0.0462999757956745 -0.0173274427643275 0.0323053754607178 0.08050708174454 0.0574594096637421 0.00803532576287293 0.0209527268967657 0.0228910245486994 0.00102567381383442 -0.0546441493060926 0.0228075583083715 0.0149878289465088 0.0407878709330278 -9999 -0.431404964454712 -0.494453188348234 -0.571478277032922 -0.465842709706685 -0.320743891146268 -0.159153994163079 -0.125414440611355 -0.0363895422411191 -0.090071201745433 -9999 0.125204954953276 0.0403019994225125 0.0496768528912831 -0.123546897504493 -0.167322923984584 -0.265921783693435 -0.451120489222673 -0.606266465031648 -0.841544198051464
-9999 -9999 -9999 -9999 -9999 -9999 -9999 -9999 -9999 -9999 -9999 -9999 -9999 -0.0353622493785086 -0.0832662304954461 -0.1497868704655 -0.0790274078508375 -0.0664626630442041 -0.076886858396107 0.00112807781489557 0.0349671903479885 0.0197316571232508 -0.016563436661088 -0.0216739491909139 -0.0365332571363851 -0.059858222195108 -0.0725631885352629 -0.0864436535465703 -9999 -9999 -9999 -9999 -0.536185433529676 -0.454149814958557 -0.344959816215549 -0.19888599668089 -0.106034070832896 -0.0434943253797379 -9999 -0.366549889132657 0.0929728121152093 0.0130563256840376 0.0339115842447923 -0.0842502242657175 -0.13534099276245 -0.221509934104087 -0.385691053839162 -0.574944719867307 -0.793151507185647
-9999 -9999 -9999 -9999 -9999 -9999 -9999 -9999 -9999 -9999 -9999 -9999 -9999 0.0292192058513737 -0.139824177966302 -0.0941886433873303 -0.103218717232945 -0.157842227787157 -0.0534528436905491 0.0362817279177732 0.0469087260700576 0.0156620714622736 -0.0258269060260339 -0.0795503098244685 -0.0998154413362885 -0.12942595958756 -0.104192352795397 -0.0643716673852583 -9999 -0.347285958502636 -9999 -0.494534106110511 -0.440334314845661 -0.428664376155603 -0.372961268270617 -0.316009182716324 -0.0425288278587976 0.0192187624281637 0.0505676568559355 0.0901580501765926 0.127472918120267 0.0944251380493835 0.0192225761865378 -9999 -0.136655951736692 -0.198434119807547 -0.371771032819161 -0.459930074382581 -0.669920265776045
-9999 -9999 -9999 -9999 -9999 -9999 -9999 -9999 -9999 -9999 -9999 -9999 0.173465569983846 0.160492570591851 -9999 -0.0930510723877422 -0.137405863328694 -0.120355255849374 -0.0393964896050933 -0.00956076960165325 0.060130089432752 -0.0399298078222404 -0.069036056074261 -0.108851449673341 -0.137350920633637 -0.126498422738715 -0.0993665572122039 -0.0976211542663234 -0.313752853169129 -0.321600544454595 -0.396704626515591 -0.41925752038963 -0.413754585876743 -0.403370967865948 -0.410128454704277 -0.350493311482384 -0.0172448807429795 -0.00427358986162144 0.0596072145102108 0.0575769653025062 0.0658861036742159 -0.00486868801468395 0.0364668367214117 -9999 -0.150612709510234 -0.282376421397532 -0.377826459658697 -0.418021736776619 -0.577042889826562
-9999 -9999 -9999 -9999 -9999 -9999 -9999 -9999 -9999 -9999 -9999 -9999 0.196084845125004 0.129634254286174 0.0880758018421055 -0.054951317105316 -0.114284077883448 -0.116881394809468 -0.112417771873276 -0.109703929149295 -0.119555417340929 -0.0879358981001963 -0.109557862236317 -0.137490484474505 -0.144548072588588 -0.10544746006357 -0.0772390375091357 -0.104010090948963 -9999 -0.297631008631251 -0.346516568308041 -0.362850291797347 -9999 -0.423104386234383 -0.399582414665948 -0.313477518464685 -0.212283604266639 -0.130417489894787 -0.0517009379193482 -0.167694693264014 -0.0310554719361055 0.0450684399442779 0.0297504370117206 -9999 -0.297014218865431 -0.333785009122317 -0.436691559046158 -0.523072041625254 -0.503929094600635
-9999 -9999 -9999 -9999 -9999 -9999 -9999 -9999 -9999 -9999 -9999 -9999 0.190694501469073 0.11551077931426 0.0671848128592675 -0.077645238717625 -0.0316306730578324 -0.11377581075089 -0.132297418688342 -0.16875806804781 -0.0962624609626627 -0.101005996758589 -0.35546260013829 -9999 -9999 -0.0893530084542005 -0.102922090522153 -0.0972560791600099 -0.161776631420203 -0.262092022605655 -0.332555469725773 -0.386344760953788 -9999 -0.425721351419336 -0.396988452310618 -0.316326765894096 -0.234254808368718 -0.208978922646157 -0.192169821027855 -0.107932912651062 -0.173777050027534 -0.157062885407461 -0.147042043770893 -0.123174084510277 -0.254083075239986 -0.321948051200889 -0.411685644428814 -0.55688213281985 -0.379609797621596
-9999 -9999 -9999 -9999 -9999 -9999 -9999 -9999 -9999 -9999 -9999 0.135641823649214 0.140596144846897 0.0734604694998945 0.0175153049801373 -0.0456111717317958 -0.0301808792282833 -0.0864477744673286 -0.136023842851133 -0.154667263888646 -0.133646155577537 -0.120806282009284 -0.192152619711388 -0.176947551011502 -9999 -0.145465640453631 -0.149517880532687 -9999 -0.179783967454494 -0.246217780784971 -0.31028363229152 -0.303831704601135 -9999 -0.440387942292825 -0.411639608418214 -0.36162107014016 -0.291071890851312 -0.246368199574732 -0.202496785845392 -0.167551324738188 -0.199554238382665 -0.182616569621071 -0.171716045116831 -0.133668874269611 -0.157487634605264 -0.265356595861377 -0.393204415721128 -0.375284303524367 -0.274077963634082
