data/rasters/s3.23.05.li.1_xyz_08_.asc
NCOLS 100 
NROWS 100 
XLLCORNER -4 
YLLCORNER -4 
CELLSIZE 0.08 
NODATA_value -9999 
[rows 63 to 83 of 100, columns 48 to 95 of 100]
0.369607435455381 -9999 0.125337313308924 0.10525448875398 0.132774412512893 0.0837368121406508 0.0175696347825632 0.0880914125582888 0.111589984265968 0.00691423119449388 0.045756641834789 0.399133160360538 0.434886324261425 0.423247312670528 0.340995902116246 0.261267564280849 0.23990016007599 0.211542960177411 0.102181691813175 0.049571777730744 0.124138337721701 0.0851905584629405 -0.014175226652175 0.00435170951862754 -0.00343963404672944 -0.0236056859334169 0.00221595654537718 0.0250224484625113 0.0141871816456986 -0.0785548062129574 -0.0400823246960785 0.0524823251770367 0.0312490725337613 0.00936353846337056 0.0532940399887163 0.100586876069678 0.137076500067854 0.147867304526897 0.153564292825545 -9999 -9999 -9999 -9999 -9999 -9999 -9999 -9999 -9999
0.296721925852943 0.152050790485993 0.0641117164357792 0.0467899451140371 0.0249924020474051 0.00954247693354277 0.0418472811096718 -0.035930122337541 -0.0092558482709471 0.0239266437256411 0.283045999766609 0.447846664716403 0.437480700065362 -9999 -9999 0.253866614898298 0.231225817053223 0.25716725232816 -9999 0.192151237870663 0.157365724971607 0.0862377067150535 -0.0279840671145722 -0.0183952240275908 0.0387354920094225 0.0211837791260186 0.0402231114491782 0.0255095162214725 0.0151426092474742 -0.0282480786126652 -0.03189990472836 0.0400192290941157 0.0687941411123218 0.0149750670853869 0.0233029166479718 0.0958730955574699 0.111697712381766 0.121043237802704 -9999 -9999 -9999 -9999 -9999 -9999 -9999 -9999 -9999 -9999
0.257689380570848 -9999 0.0994216145691215 0.0424188562455379 0.0509293810649815 0.0417172601191508 0.0264844311680929 0.0509906846229902 0.190310108191381 0.205133597342102 0.225782468853028 0.374365936670151 0.4573601144767 -9999 -9999 0.160464430281432 0.307077668095332 0.219099868008279 0.137153213133528 0.159347129781987 0.181168528986438 0.128568640794158 0.0671139025814826 0.0346112595676838 0.0297591258965698 0.0709496042593898 0.066179477987957 0.072052542642251 0.0913770937164828 0.0799955327583496 0.00869221102636131 0.0804945564486798 0.128654257109676 0.0206707967687416 0.00869853475242402 -0.00811155574137006 0.0947907841356292 0.114518259803796 -9999 -9999 -9999 -9999 -9999 -9999 -9999 -9999 -9999 -9999
0.396365509208092 0.212994172619909 0.205226088227496 0.196129135446687 0.162562990295126 0.110815482927023 0.0981129716625909 0.113721378682445 0.339631192902349 0.227654304990396 0.14665965558843 0.457751367505828 0.68716988231187 0.186549032907813 0.138251834459117 0.210701362033192 0.417575567715063 0.216299990795911 0.108504306285826 0.115670852185129 0.0450672234090032 0.0398305948955103 0.0967557904116801 0.0247157829447746 -0.0548680370198705 0.0649970514698365 0.0103416345479829 0.0759898734419253 0.180341201279582 0.161029508781847 0.0102119923812021 0.000406239805163938 0.0504727222371841 0.0270819915440137 0.050970624263444 -0.0171280633580616 0.0420487410319731 -9999 -9999 -9999 -9999 -9999 -9999 -9999 -9999 -9999 -9999 -9999
-9999 0.317431895134817 0.25791612818692 0.32855588803 0.247836462141932 0.205303272931786 0.201333602085839 0.23436950660165 0.332577228828515 0.313569587909935 0.343653529274709 0.530647247369032 0.743349019310361 0.183758402365012 0.179846129319441 0.196555109882217 0.258038981730387 0.210037428191336 0.106913277034453 0.0163271622487232 -0.0549348650090724 -0.0289768478881472 -0.0710583727987584 -0.0656045451292723 -0.0821656530644924 0.0538897788064215 0.0140210156441757 0.1180362192448 0.195032927281427 0.180932900304059 -0.0306893562039119 0.00322425261422721 0.0122358997347246 0.016301258225796 0.0553648937992791 0.0383583200250887 0.0292428625333861 -9999 -9999 -9999 -9999 -9999 -9999 -9999 -9999 -9999 -9999 -9999
0.221699139769049 0.205499041543329 0.318473808168315 0.315130710712925 0.303378655234562 0.242480410039601 0.229505917840846 0.354942318047255 0.275597628791084 0.270652216209063 0.412452302310606 0.477750919709345 0.558584881969675 0.350107182508691 0.123102622508056 0.215330399315114 0.14928349445895 0.16304051276557 0.0458521279069617 -0.10401483028995 -0.101229920429308 -0.0575558962488823 -0.0708472701928336 -0.097116862721555 -0.0693807275439844 0.0185661048064907 0.0242905799036601 0.0822296012430128 0.107447770235518 0.0653483941228306 0.0699579566051374 0.0595881883317999 0.113778876679251 0.0745013377292576 0.0346852231069348 0.0488654735784015 0.062873759849434 -9999 -9999 -9999 -9999 -9999 -9999 -9999 -9999 -9999 -9999 -9999
0.153990345517153 0.253770813739658 0.386194184405733 0.397764834600385 -9999 0.41841073932941 0.414669955019576 0.395822691616284 0.326338832899405 0.308237168252808 0.557664279747797 0.488193147225129 0.479554771625052 0.257411041167271 0.0826682988900341 0.0869390097799222 0.063496289665631 0.0287511468926913 -0.0445140258221039 -0.125005110192809 -0.0845458601067978 -0.0681037803209413 -0.0874143846075214 -0.0456666603634447 -0.0424628347689032 0.0302725742577513 0.0310977510057691 0.105512848923934 0.0830102481863663 0.0589743803786287 0.112826209427173 0.0944463354822882 0.135497793958254 0.119049368299444 0.0483219450901018 -0.0165868691593427 -9999 -9999 -9999 -9999 -9999 -9999 -9999 -9999 -9999 -9999 -9999 -9999
0.203233184631083 0.444907252362274 0.412155448632347 -9999 0.360343312726424 0.394612177185689 0.407184132829939 0.405421438829331 0.464136651586115 0.5105496006506 0.506298982561425 0.500256936852012 0.48628330164278 -9999 0.125921878688067 0.0550477930715439 -0.0312052870850743 -0.034971139778044 -0.0919737764934414 -0.116805265017516 -0.0140084031694528 -0.060293481850316 -0.0600275322283425 0.0223686573493122 -0.00738390068077669 -0.0494950660298351 0.256937619968279 0.16274181435053 0.100599351570133 0.111341221302783 0.173724912744893 0.112338031611206 0.154939025096616 0.123165129968184 0.0793432991665407 -9999 -9999 -9999 -9999 -9999 -9999 -9999 -9999 -9999 -9999 -9999 -9999 -9999
0.293370356190783 0.499235825056739 0.415367209456543 -9999 0.39500043994989 0.445099421475413 0.422307252456711 0.431216885346135 0.515090365511451 0.490470395153 0.496336764977192 0.398764387352664 0.0914904485266988 0.0891362199641275 0.108282954211645 -0.0712511448870666 -0.0660666379171287 -0.0883071244669701 -0.128821769839624 -0.0492494555024508 -0.0524056629311339 -0.151781183064932 -0.072506884200331 -0.0391604999363976 -0.087077440873629 -0.0260206766732832 0.115685450579576 0.0312773422576486 0.177745369469352 0.210439546525799 0.187255928189808 0.303776352190356 0.25366487514088 0.202641710725554 0.140207468149362 -9999 -9999 -9999 -9999 -9999 -9999 -9999 -9999 -9999 -9999 -9999 -9999 -9999
0.311612179638163 0.618457538204331 -9999 -9999 0.400584520103584 0.487596150461665 -9999 -9999 0.540552269001596 0.486863694371095 0.51939170685052 0.356357800083565 0.0439044984890991 0.0944814982620981 0.00722269311763322 -0.0567676889297331 -0.0294029699659164 -0.09257282545665 -0.139127463930457 -0.150021701857348 -0.0920780635945302 -0.124210012390825 -0.132640621803973 -0.15883687918726 -0.127413510632321 0.00560039771472137 0.170616471026816 0.0258702770914212 0.0449700979121465 0.259391900450553 -9999 0.341976006078935 0.319197734229017 -9999 -9999 -9999 -9999 -9999 -9999 -9999 -9999 -9999 -9999 -9999 -9999 -9999 -9999 -9999
0.360832405859887 0.298059017871047 -9999 0.363866583548656 0.58449244586539 0.612944952951269 0.522710008131748 0.566078059395473 0.425723840658716 0.532955943743467 0.598904125988817 0.18661727514164 0.166993348044141 0.131697258209641 -0.00213947808631781 -0.0751140864113736 -0.0864901365437521 -0.092662653237382 -0.113223404275696 -0.134901726684226 -0.14015577333008 -0.102660673254465 -0.200784358092676 -0.163924629459005 -0.0628067157726477 -0.0873953146026445 -0.0574038557339997 -0.101156141528947 -0.050658596110554 0.0033540701862214 0.482689600859976 0.359064581546194 0.341960738208205 -9999 -9999 -9999 -9999 -9999 -9999 -9999 -9999 -9999 -9999 -9999 -9999 -9999 -9999 -9999
0.340318410502388 0.264213360839648 0.490510822528677 0.446515270143521 0.715105508059965 0.567721023414955 0.59767525763327 0.501096881420557 0.508450847551892 0.624911540299883 0.628631487007382 0.468468471456673 -9999 0.176908802412921 0.193636254188229 -0.105459802156378 -0.110339453156293 -0.0905502472821513 -0.128346553021477 -0.142481027235764 -0.164285380313418 -0.136634068302862 -0.161711241994044 -0.0537791357351759 -0.0769505152774342 -0.0617805819386877 -0.0883453727217438 0.155612414551583 0.13685780824581 -9999 0.523852161829883 0.331292374415776 0.39947418911718 -9999 -9999 -9999 -9999 -9999 -9999 -9999 -9999 -9999 -9999 -9999 -9999 -9999 -9999 -9999
0.242526822541424 0.367408422612673 0.374231874958421 0.573483374217145 0.563112652303264 0.556731784309204 0.557955508615391 -9999 -9999 0.638355903968031 0.694251648834575 0.409346238259442 0.268360086343933 0.164967043742211 -9999 -9999 -9999 -0.127853898471335 -0.0803286208707172 -0.114012108189749 -0.133670537571299 -0.175737453452015 -0.0920387397234216 -0.0846079698224256 -0.0762489518679644 -0.0969424255482606 0.363058397744395 0.372331743749004 0.391259092871252 -9999 0.585499250215375 0.392345059548266 -9999 -9999 -9999 -9999 -9999 -9999 -9999 -9999 -9999 -9999 -9999 -9999 -9999 -9999 -9999 -9999
0.201917977447901 0.18516477319081 0.290847125140863 0.431387399301869 0.617583667029456 0.574021668688616 0.71344421953576 -9999 0.472143659289769 -9999 -9999 0.413227836078634 0.248742219454652 0.0900789130712375 0.0399524902003514 -9999 -9999 -0.0462051051253429 -0.0368705075470635 -0.0567703667091957 -0.0722795780966592 -0.145564381539414 -0.0930703690126157 -0.108448569711703 -0.042376702150428 -0.0508832416690231 -0.00899383586734728 0.268535609283784 0.416007172831846 -9999 -9999 -9999 -9999 -9999 -9999 -9999 -9999 -9999 -9999 -9999 -9999 -9999 -9999 -9999 -9999 -9999 -9999 -9999
0.152999918940383 0.191437849287448 0.39016407221296 0.0708824046829676 0.213718716889593 0.617708852760955 0.640800022325515 0.26343282978835 0.518925680633395 0.468128363514875 -9999 0.331240625002388 0.161359164275557 0.0845627635837004 -0.0179635472968124 -0.0305582578649167 -0.00421908155323473 0.00740950824164699 -0.0714157647077152 -0.115807768045354 -0.152983919177365 -0.174528263473894 -0.119304728748828 -0.0521002729126146 -0.0664190077127049 -0.0817805603967783 -0.0783512140286785 0.1264788771712 -0.00591128183630621 -9999 -9999 -9999 -9999 -9999 -9999 -9999 -9999 -9999 -9999 -9999 -9999 -9999 -9999 -9999 -9999 -9999 -9999 -9999
0.133905944695962 0.223991043697816 0.474345702285501 0.161720520511348 0.158241818349183 0.324221402805618 0.295184519218667 0.310667669407364 0.431561860015911 0.596933358701984 -0.140413398343672 0.0793867127010302 0.240080069671893 0.239172117795237 -0.151624925348121 -0.0586445145130768 -0.041691446797875 -0.0168742461980518 -0.0579920354214399 -0.125825298770019 -0.225927759198223 -0.0553445653628632 -0.0930931771631158 -0.064122431327806 -0.048365457060244 -0.0491709900618273 -0.0520025818488012 0.111158234378583 0.304800451740479 -9999 -9999 -9999 -9999 -9999 -9999 -9999 -9999 -9999 -9999 -9999 -9999 -9999 -9999 -9999 -9999 -9999 -9999 -9999
-9999 -9999 -0.0540533687858845 -0.064292106684215 0.248997004172931 0.222092183309529 0.0535201112219852 0.33462826352905 0.0923784903487486 0.117895539917967 -0.119558890618085 -0.0968714967310575 -0.0716045321049153 -0.0388015098227924 -0.120411767484532 -0.15175802056268 -0.0690268378421883 -0.0891075645109753 -0.141910442264413 -0.176497892586729 -0.145252783853184 -0.018610603683868 -0.111451523174357 -0.100468596805567 -0.0831537556061079 -0.0494673150066792 -0.0887053516026645 -0.09885213857183 -9999 -9999 -9999 -9999 -9999 -9999 -9999 -9999 -9999 -9999 -9999 -9999 -9999 -9999 -9999 -9999 -9999 -9999 -9999 -9999
0.557308467816663 -0.121584078314547 -0.129642211685552 -0.190996080094529 0.190583537414844 -0.214375038093208 0.0322690193025764 0.0256672515929458 -0.0120700564984967 -0.066923078017825 -0.162813230782775 -0.0619103529673332 -0.156932766616276 -0.158529642577677 -0.259344013486151 -0.160699253437681 -0.137075459319654 -0.10987957804412 -0.124718753157355 -0.162248891581265 -0.0061899639658529 0.0136001325334304 -0.0697883284263255 -0.170344432052434 -0.133558867372889 -9999 -9999 -9999 -9999 -9999 -9999 -9999 -9999 -9999 -9999 -9999 -9999 -9999 -9999 -9999 -9999 -9999 -9999 -9999 -9999 -9999 -9999 -9999
-0.104749197423078 -0.169374176467194 -0.290184955174759 -0.279171162276675 -0.286381599880941 -0.242478596435857 -0.314962498718289 -0.40641166984725 -0.196269665515608 -0.103693841401259 -0.308960492317543 -0.190471825698862 -0.282014974828007 -0.196783328954195 -0.247255620541744 -0.209530882396199 -0.220200807160193 -0.173202625549721 -0.113108322632672 -0.124846981663841 -0.0884539968324823 -0.0224345095806998 -0.105133326522597 -0.150128913993861 -0.149636691311928 -9999 -9999 -9999 -9999 -9999 -9999 -9999 -9999 -9999 -9999 -9999 -9999 -9999 -9999 -9999 -9999 -9999 -9999 -9999 -9999 -9999 -9999 -9999
-0.0292421305189911 -0.21072760072505 -0.286561850678372 -0.3569256582607 -0.334833167905455 -0.406804587267483 -0.399652731700913 -0.400575516358475 -0.202275155271144 -0.302708521188916 -0.26971620809552 -0.221300499995059 -0.295400608876009 -0.229286615387713 -0.284124574463717 -0.259414401225318 -0.229159616590381 -0.175355893641291 -0.149836398725725 -0.134202719224918 -0.0832313323200717 -0.0282304576923717 -0.0256291002299952 -0.137891503254387 -9999 -9999 -9999 -9999 -9999 -9999 -9999 -9999 -9999 -9999 -9999 -9999 -9999 -9999 -9999 -9999 -9999 -9999 -9999 -9999 -9999 -9999 -9999 -9999
-0.111827030682437 -0.267056900707042 -0.310699941435093 -0.343090468153139 -0.385184231955997 -0.439946227372547 -0.382613404501428 -0.3718809184427 -0.245586058041628 -0.368853356077082 -0.26110425410704 -0.272791034150153 -0.30746803905456 -0.303161249083953 -0.347656204386423 -0.289688696581136 -0.272268066456246 -0.257373678511261 -0.229563022669768 -0.211741661953381 -0.0495658070447188 0.0439990480658683 -9999 -9999 -9999 -9999 -9999 -9999 -9999 -9999 -9999 -9999 -9999 -9999 -9999 -9999 -9999 -9999 -9999 -9999 -9999 -9999 -9999 -9999 -9999 -9999 -9999 -9999
