data/rasters/s3.23.05.cu.1_xyz_08_.asc
NCOLS 100 
NROWS 100 
XLLCORNER -4 
YLLCORNER -4 
CELLSIZE 0.08 
NODATA_value -9999 
[rows 42 to 62 of 100, columns 48 to 95 of 100]
-0.133222349696148 -0.0537463890705774 -0.0162877622837016 0.0649930371459736 0.144733270831599 0.248388100555589 0.356210477946963 0.248929117015785 0.27621678934614 0.237339237119368 0.156256829550704 0.0836752273806357 -0.0457478142396596 -0.111275708707176 -0.172444333141086 0.0064379061008753 -0.212711437996659 -0.186671569084696 -0.125974225774707 -0.200402251441237 -0.25668122907537 -0.112018499748129 0.0233735522034181 -0.00869600063041517 0.158376841420225 0.202221752371939 0.244770392695706 0.232260883013515 0.199120835861621 0.154088144039365 0.0934471940181544 0.0451494745948591 -0.0228726204615184 -0.0253121323334164 -0.0269776608827843 -0.047942169257424 -0.110049495371497 -0.162682579245771 -0.191713922007218 -0.204940624032061 -9999 -9999 -9999 -9999 -9999 -9999 -9999 -9999
-0.130329219993211 -0.0890301909157578 -0.0492272214608115 -0.00793013637664028 0.125179850493603 0.182606847135863 0.238917259070713 0.206137495592571 0.210405325512928 0.210065555923776 0.170757030137867 0.111505954227908 0.0038554146304428 -0.06024680580208 -0.105891211614242 -0.140230878771366 -0.152224064310816 -0.200260065896957 -0.164786726441989 -0.196143789302784 -0.170106828961422 -0.118146879718784 -0.0365730925831841 0.0969013916857711 0.114531439617883 0.152494444108954 0.224594916528428 0.222881148169734 0.183356058601127 0.142817307849664 0.0939847808196228 0.0427421542084481 0.000150124845675061 0.00787892479324021 -0.0290854006671661 -0.0694096874483001 -0.142862707528185 -0.172598696382833 -0.235519477478725 -0.195748452345236 -0.139655478370616 -9999 -9999 -9999 -9999 -9999 -9999 -9999
-0.0887751056437236 -0.0539810147481211 0.00264004456863782 0.0623544840911686 0.157493822566464 0.237834094971153 0.192215158132885 0.161206671964497 0.200064496562293 0.155707775171316 0.163881820334741 0.126508426779331 0.0484749304867481 0.0244959686219935 -0.0225461960862085 -0.103798615204962 -0.196846559709705 -0.175539499304881 -0.136564369452057 -0.200302186750968 -0.18589119394085 -0.145462951749909 -0.17262710476485 0.110063635069643 0.0950508485123414 0.105421785272752 0.196501755199489 0.213328684035109 0.231555792892887 0.175827225864224 0.122047141550659 0.0530040836942769 0.0266778543463057 -0.0362483299421348 -0.0588001535864627 -0.0544691595622134 -0.124743551670436 -0.185877159370353 -0.240031294846318 -0.235445932471928 -0.158989243475004 -9999 -9999 -9999 -9999 -9999 -9999 -9999
-0.0114156532245448 -0.0182699119797391 0.0527997364731338 0.117127379805434 0.247090253422307 0.203960768085868 0.175847029474979 0.166384225453381 0.0423915071758661 0.0929020928821688 0.0891613309584595 -9999 0.102010332540994 0.0364332031921542 -0.0501252110667735 -0.0216670759192792 -0.158560792720583 -0.147112890069391 -0.0929196722211887 -0.101958397836494 -0.15690517784547 -0.027424804497655 -0.0766221700093755 -0.031158767844701 0.0474894773990536 0.0911670044528638 0.133178722828918 0.190837349090566 0.204973390152445 0.17336672220929 0.107035412948739 0.0442374090958689 -0.0100362110670595 -0.0448225277590915 -0.0499470102792019 -0.0525553630617278 -0.0913462324933534 -0.162249151362018 -0.148449177310732 -0.105690996856779 -0.0109867770818597 -9999 -9999 -9999 -9999 -9999 -9999 -9999
0.0381522728831822 0.0481886236715717 0.111996199600528 0.173427084927211 -9999 0.26757851615258 0.204772548067577 0.108265002578873 0.0355387833931353 0.00237356764094184 0.0166039210211393 -0.0072205434808452 0.0116872809579447 0.0420330264065817 0.0309664788630025 -0.0240494703188413 -0.153310600071432 -0.0637851215248618 -0.0409834258629773 0.033241789299761 -0.0701887915577704 -0.00535859583366403 -0.0304103372599403 -0.0550875834697825 -0.0291996613977881 -0.0421532742553951 0.0757234058977579 0.0911979536854952 0.0632168985030889 0.161263161147642 0.112378086963474 0.0628865691096213 -0.00541054844578936 -0.0462644392593231 -0.0399969764733821 -0.0708437653214019 -0.0486992496082699 -0.0257579753711628 -0.04717939782487 -0.0601505138166795 -0.0425934439460125 -9999 -9999 -9999 -9999 -9999 -9999 -9999
0.0881629885382626 0.131910994743626 0.182038117122858 -9999 0.310968528192256 0.21077698691215 0.23787443787515 0.0972949921586256 0.00908809978770904 -0.0371212453084654 -0.0710275726466091 -0.126398751188031 -0.0581717212204577 -0.0357119108332887 0.0244790242845808 0.0281594707086174 -9999 0.0136465027357271 0.154419823620771 0.120066369013549 0.0523118670276864 0.0246781125460645 -0.0174111132862361 -0.0808073331976838 -0.0803573295042997 -0.0982216216751561 -0.00355085640208016 -0.0103840271607655 -0.0254462393578994 0.0631259338397167 0.106694289080049 0.103094777038499 0.0286586362783805 0.022952588158133 -0.00602285537654275 -9999 -0.0119279576427142 0.0111701685969212 0.00960096377788427 0.0305659694616839 0.0306125940941715 -9999 -9999 -9999 -9999 -9999 -9999 -9999
0.134688303927975 0.18532045525531 0.221473261316575 0.297161669800269 0.335186014849169 0.262279896211411 0.181163152255611 0.0228632350259835 -0.0673736092666439 -0.095597390720549 -0.108458220833064 -0.161293730870947 -0.195187999986433 -0.153436114045335 -0.0574317299658125 -0.00593725611297109 0.0391529909135236 0.0397881422455135 0.102451837608577 0.158953755243067 0.13711206532369 0.0607053102943861 0.0270193413088488 -0.15346521666096 -0.134836951058616 -0.12753268226427 -0.10761902195843 -0.0386072879622035 0.0161552264359291 0.0286746605856919 0.0262103203182493 0.104418546103493 -9999 0.11173895987361 0.0807059434987784 0.127614727119809 0.131444132127089 0.0347091944673812 0.0316422578513572 0.00421661290508517 -0.0351671474975661 -9999 -9999 -9999 -9999 -9999 -9999 -9999
0.186829209665253 0.183495602943503 0.253578950151713 0.357960541072744 0.347176750159687 0.19629009154633 0.0578818052008455 -0.0655606559479776 -0.130765556731472 -0.162596920597945 -0.180634072286637 -0.186322844663587 -0.215824161547327 -0.191527833097399 -0.116784378533215 -0.0534275976246288 -0.00868878939393493 0.0270009563373601 0.114626663675682 0.209602837979035 0.104157966634026 0.0564395830701016 0.0307500719775254 -0.120999129462451 -0.178622632187047 -0.166980133628635 -0.102662329719375 -0.10290391053056 -0.0441067848590429 -0.0319341289868355 0.0247084417026944 0.0879755318670602 0.135011974808432 -9999 0.0905615286398319 0.178389466168032 0.165924857942271 0.100367437907114 0.0266581985349291 -0.00601753474907934 -0.0621240576658526 -9999 -9999 -9999 -9999 -9999 -9999 -9999
0.117863273856342 0.178918535790994 0.20182510080092 0.266931640369168 0.224017042012956 0.139080990115676 0.0170719563592054 -0.086053234042126 -0.134902681737374 -0.201511536262127 -0.223272895728222 -0.234953283068158 -0.252649428549583 -0.212213251714741 -0.126865465946878 -0.0755510029991954 -0.0406708959120828 0.018371221597885 0.122501002853659 0.199796809699956 0.0661241561977814 0.080651547222751 -0.0830015583912337 -0.138954585512644 -0.268520341828737 -0.217634788221185 -0.162165134472898 -0.132675993481774 -0.130481601770532 -0.059678386864573 0.0303071217670614 0.0499785659203115 0.104918736098466 0.118459083213393 0.13579734963767 0.18403814217371 0.135128674372545 0.090866664447298 0.0406696763008358 0.00349392860365267 -0.00600029939725997 -9999 -9999 -9999 -9999 -9999 -9999 -9999
0.124637518751709 0.132023490686577 0.157851601948864 0.219166754456333 0.176161075633953 0.0862359036366254 0.0296905775575837 -0.052228127206024 -0.1148935726395 -0.217917630471703 -0.238414400219784 -0.249600971469134 -0.249923000565748 -0.209387683519332 -0.16454767080964 -0.102805972857263 -0.0776891066228369 -0.0215274636860988 0.102182101920873 0.179174724627557 0.124926522785388 0.0887844726551525 -0.0342173866595803 -0.139673008553693 -0.223517157597076 -0.207579391221246 -0.126894104831967 -0.166582799128425 -0.127891828305369 -0.0671379920592643 -0.00691942232284056 0.040046581344144 0.126765829267424 0.0962184831397087 0.104916941024711 0.137884746320132 0.130509195489582 0.0732990077349185 0.0138786934208554 0.02654742404299 -0.0038070864830933 -9999 -9999 -9999 -9999 -9999 -9999 -9999
0.146986459284786 0.0910621868625076 0.0822620334895131 0.0675324063193829 0.0450029871314604 0.0731715699860558 0.0265156793510982 -0.0847479468463797 -0.220111502910339 -0.267928094155983 -0.265396357963487 -0.283573965018786 -0.271507331462482 -0.225409402825827 -0.185299942173785 -0.145495328336988 -0.0924164840452417 -0.0464030168154569 0.0439713090716659 0.11545180163683 0.119078723528498 0.0478247640189285 -0.0199047713346861 -0.140772519955005 -0.160211947640503 -0.161846064477927 -0.138920528747557 -0.175589866012402 -0.0814373546446115 -0.0480475744482717 0.0214288159182953 0.130161561487376 0.0972339937213485 0.0743354535409551 0.104100949772058 0.0923848570045063 0.106995956786226 0.0480034812157345 0.101136817841904 0.00606949903137412 -0.0269822225406268 -9999 -9999 -9999 -9999 -9999 -9999 -9999
0.152004038146988 0.0670361931549789 0.012163430489936 0.0579011040699013 0.0633290980010417 0.0621588580352222 0.0303192606303753 -0.0507465149933054 -0.176637565962118 -0.307693242826762 -0.315782542800328 -0.327962327398448 -0.268777755009995 -0.253148946646717 -0.263640855981072 -0.236184972340011 -0.183174098897464 -0.0802276642870036 0.00494150077804548 0.070707746305275 0.0834712178914018 0.0291203376411943 -0.00492608997907545 -0.0975188288175467 -0.142169266782053 -0.0635097875380605 -0.0663023503024981 -0.106793199173847 -0.100054702402869 -0.119144643869228 -0.0880742106193673 0.125257932204147 0.088539609211339 0.0640608855776971 0.0983904920280802 0.140258754991939 0.12050273239314 0.0782279729721427 -0.0137629716377573 -0.0322881326330425 -0.0529368528580269 -9999 -9999 -9999 -9999 -9999 -9999 -9999
0.0762797934128516 0.0145860212843579 0.0117162759068078 0.0439004300391611 0.0726164610263422 -9999 -9999 -0.140422906252984 -0.133269169936541 -0.314777303015199 -0.344717017059369 -0.314615722048926 -0.277059684697049 -0.227723976953619 -0.300954596447417 -0.302733298225076 -0.210742378291656 -0.182643357068199 -0.113718280395606 0.0744096058017901 0.164124553044688 0.0500495598464194 0.0398888473017915 0.00129739567057415 -0.0962591828673063 -0.0584586829237354 -0.0386609385807302 0.0272529740256519 0.0166271569731158 -0.0065102270835605 0.0380693376330069 0.115033045569359 0.0584713931250216 0.0402971453638768 0.0922208913151992 0.0352255667303908 0.0863420452641335 0.00359332962183788 -0.0888381272713083 0.00514752965167827 -9999 -9999 -9999 -9999 -9999 -9999 -9999 -9999
0.119061473735012 0.0404321548957262 0.068864790469335 0.0909928472944605 0.192208237954464 -9999 -9999 -0.0992868970299743 -0.124452312396618 -0.214003082043155 -0.338128232611666 -0.296398982736389 -0.291453504812209 -0.261421422701094 -0.287700691453299 -0.239850392018919 -0.222458467947609 -0.12739247013559 0.0152022598792576 0.0574125955409382 -9999 0.0275600402653116 0.0267866568602915 -0.00394746771059012 -0.0194992473305286 -0.0253802653014371 0.0364558996183728 0.102315448852744 0.108489953865679 0.122541371893332 0.0808513491585732 0.0283323620794213 -0.0463364783121527 -0.0409541119289501 0.00696611420762564 0.00983261431988664 0.0301910699447794 -0.102439097466675 -0.118508115168288 -0.0665562654837688 -0.0744280415088199 -9999 -9999 -9999 -9999 -9999 -9999 -9999
0.136436038539564 -9999 0.0856349897253747 0.124212428718356 0.132053152269006 0.0937862217931777 0.118800043735254 -9999 -0.120343573674502 -0.175708435820661 -0.24534146926543 -0.287051340731102 -0.256999271892985 -0.238592925517503 -0.272933905142632 -0.216362187160053 -0.107006351692567 -0.0517274117820752 -0.0176021189642525 0.0103227291254973 0.00356471598553451 0.0615506841838119 0.0663713284634866 -0.0405164189754966 -0.0736532532295212 -0.0363918925857022 -0.0472084879414963 -0.00081913136853794 0.0674451402440204 0.0744588686149744 0.0542059548655218 -0.11405629341414 -0.147288532860774 -0.131539193598942 -0.0682199624589392 -0.0596789232049475 -0.0747619805637428 -0.13607938424391 -0.145941846179889 -0.0925859553345938 -9999 -9999 -9999 -9999 -9999 -9999 -9999 -9999
0.0950064388354827 0.0616234339430748 0.127743450432023 0.152890825103391 0.00821452916988559 0.106833457749919 -0.028280530070669 -0.0288950912037074 -0.190874883505037 -0.102353309960782 -0.128107074677763 -0.248343063474275 -0.13693800644632 -0.234600762519758 -0.222522322469558 -0.197379382681666 -0.161815064630831 -0.112333170143654 -0.0863059045293524 -0.0540090442611493 -0.0707884472638022 -0.0969391058521641 -0.105095295013459 -0.212139494624294 -0.112675176189075 -0.108811635386843 -0.125905590323212 -0.0988609485599161 0.00094773320692589 0.0234884080364936 -0.0196152675782283 -0.203187772423477 -0.183264642163404 -0.21000868938868 -0.166041854067513 -0.132843472352594 -0.16221860201928 -0.174715600546413 -0.152970573650142 -0.0947161846781554 -9999 -9999 -9999 -9999 -9999 -9999 -9999 -9999
0.122889684513329 0.127852993141758 0.146178743192409 0.153603057952924 0.145081242853249 0.0810956332572101 0.0276632794612587 -0.00504403089995684 -0.0235576914267475 -0.020469921081762 -0.0481130154677177 -0.138990209314803 -0.215860825844189 -0.193790648922341 0.138813245723296 0.0154023817561273 -0.170723689737723 -0.106235978705448 -0.0961318990316965 -0.112609118611919 -0.120157272570103 -0.147551656979826 -0.231415103843262 -0.256853849762373 -0.211320493610382 -0.164268641665147 -0.169490542940414 -0.108750663585774 -0.0405402456794537 -0.0538342814019005 -0.128733855634335 -0.199329287268273 -0.209893869835752 -0.239345397176806 -0.197625717270186 -0.151674698039067 -0.170189300166443 -0.140600249237009 -0.121999690435829 -0.0858644268802153 -9999 -9999 -9999 -9999 -9999 -9999 -9999 -9999
0.185268986967039 0.178560181214126 0.199660717201888 0.160575262141168 0.140159862066557 0.0231862248917283 -0.0142649970756231 -0.0401042024315278 -0.0173239253552772 -0.00370902136526417 -0.113217961341409 -0.0818255523652221 -0.0811038023818229 -0.0851857481630248 0.127361111382836 -0.0965055960181994 -0.0807790288353248 -0.0715831632240282 -0.0906581835059596 -0.136442057873068 -0.151516048404448 -0.15324776738742 -0.273915977109177 -0.198401860324845 -0.248907062154677 -0.265469034876684 -0.255321026911195 -0.171838954278038 -0.157651182365155 -0.102908404624271 -0.117195340281238 -0.17516205598347 -0.223934574006544 -0.161498034047276 -0.185351641231122 -0.104234148526044 -0.113241989373444 -0.136481207148864 -0.129329155054471 -0.0998560382782102 -9999 -9999 -9999 -9999 -9999 -9999 -9999 -9999
0.195320449436571 0.171014553668509 0.215120183534855 0.242011615121195 0.0305403154287204 -0.0427090116493033 -0.0578169168878579 -0.068802527854967 -0.0639326512873002 -0.109121520224471 -0.109354041031759 -0.131748459933645 -0.11735203794464 0.0375109427442723 -0.0660636236319944 -0.0808845557022208 -0.00269316504716691 -0.0374389572332737 -0.0814455856167254 -0.0597168588532985 -0.174338486270318 -0.299020863628712 -0.305184371922257 -0.372411214348333 -0.309372368793378 -0.36492468920252 -0.317769283078567 -0.206732614776286 -0.234198551562035 -0.246927765411033 -0.195793889207043 -0.22045650504131 -0.227397696743333 -0.195729504388769 -0.142981066922482 -0.0966830269457014 -0.0370331741607801 -0.124577505222705 -0.10517550567824 -0.0505673103411689 -9999 -9999 -9999 -9999 -9999 -9999 -9999 -9999
0.415842238098875 -9999 0.180572972308533 0.217786024885627 0.107795368842399 -0.062975340357761 -0.0312995343352582 -0.116506679856691 -0.118729922756378 -0.14569062594341 -0.13700988615966 -0.142257784753704 -0.0991055779629905 -0.0555184708965821 -0.052670400430838 -0.0139499697896797 0.0144817391012958 0.0148099716077262 -0.0944024747771019 -0.05905850715407 -0.164544413158518 -0.252328663241478 -0.421217568512555 -0.41830383250251 -0.362905205591517 -0.375290369551975 -0.281279834193292 -0.28355657706926 -0.333566586209209 -0.266158357254929 -0.181043320949644 -0.21887975760532 -0.258464169801732 -0.234443508631502 -0.195682360132399 -0.139348854979671 -0.0666748837924419 -0.0612425923938463 -0.038185298724205 -9999 -9999 -9999 -9999 -9999 -9999 -9999 -9999 -9999
0.362027972954245 -9999 -9999 -9999 -9999 -0.0782752217435073 -0.11079039024846 -0.143413911450663 -0.123629898915599 -0.167556361001124 -0.150927748651065 -0.101663774969863 -0.0531567162425714 -0.0055079002018319 0.094140796032158 0.0496774722332466 0.0586583968499536 0.0262304761492152 -0.0571326051607588 -0.0895386901118301 -0.190989928518139 -0.394520896902026 -0.364642620430571 -0.420349770588776 -0.37499091143148 -0.379893715035473 -0.332995378299734 -0.239112153706262 -0.258093886274418 -0.228825752247412 -0.196415322762787 -0.19508025064685 -0.199594649050147 -0.183629378239116 -0.135694021184114 -0.139357656051556 -0.0896702903453519 -0.060598339838261 -0.0135859858942173 -9999 -9999 -9999 -9999 -9999 -9999 -9999 -9999 -9999
