data/rasters/s3.23.05.li.1_xyz_08_.asc
NCOLS 100 
NROWS 100 
XLLCORNER -4 
YLLCORNER -4 
CELLSIZE 0.08 
NODATA_value -9999 
[rows 42 to 62 of 100, columns 48 to 95 of 100]
-0.382898232943391 -0.0946039097289422 -0.184099158588066 -9999 -0.272432709997612 -0.288499775576575 -0.288068799544742 -0.270372537416656 -0.330915011360835 -0.315781546277286 -0.298498426127097 -0.309547344398015 -0.323647354572412 -0.241871486794776 -0.168481046245924 -0.179412103123503 -0.216388274807401 -0.153350942434624 -0.186071914799278 -0.0497154325435867 -0.0702429564699872 -0.0764286527716472 -0.0774113576036145 -0.0514143509147168 -0.118714008402328 -0.0451746251248308 -0.0942400765364815 -0.14582061617205 -0.109239920245374 -0.148631501853868 -0.199639434648517 -0.210858379627095 -0.189777844159104 -0.092711288789185 -0.117692174222711 -0.175742268945669 -0.185926053995926 -0.104980670456041 -0.113975199926169 -0.0692426504897516 -9999 -9999 -9999 -9999 -9999 -9999 -9999 -9999
-0.362755025762428 -0.244437461287918 -0.304772639747709 -0.30688880943358 -9999 -0.312700210003025 -0.280463060782141 -0.254807397453593 -0.257629477127384 -0.292905144883749 -0.319622381527603 -0.29457601871833 -0.317646994081317 -0.283454779778739 -0.194516479283473 -0.243384695571664 -0.198281798542515 -0.164807811098053 -0.167570831230817 -0.136278135469641 -0.102516813857161 -0.0813048636009672 -0.0526541741124883 -0.0056890562127178 -0.135373638649798 -0.0662114149714151 -0.0984795341458721 -0.104377733884224 -0.110073970860011 -0.0992776517785536 -0.134670976833788 -0.144320737849864 -0.0832988763146884 -0.0276657604419781 -0.129003225360371 -0.17817624743485 -0.158834921660341 -0.08407156603716 -0.205369996114973 -0.0725322431975511 0.0422370524488567 -9999 -9999 -9999 -9999 -9999 -9999 -9999
-0.298094894339821 -0.318095517745611 -0.53981730336509 -0.423223710773103 -0.211555733209535 -0.178571379055432 -0.211685931883414 -0.271714825836541 -0.257014864389821 -0.277741732191804 -0.251073910657843 -0.224244713914816 -0.257106960897436 -0.213145907805693 -0.129203310865283 -9999 -0.192146282965712 -0.195875817229521 -0.132091041083202 -0.111143000880856 -0.101115726191849 0.0182853405522413 -0.0200402299002886 -0.0105002141401435 -0.107216557365832 -0.117582554978113 -0.133983642605816 -0.117700934499158 -0.121033425351476 -0.137407931425339 -0.0444422404998618 -0.0264525072422529 -0.0385252720440278 0.00182289992812791 0.00731623602856282 -0.180430467180677 -0.130207418566098 -0.115615448932196 -0.181207840723997 -0.103968471618318 -0.0297169261156045 -9999 -9999 -9999 -9999 -9999 -9999 -9999
-0.347825146117895 -0.435084196835072 -0.361691320221692 -0.36321727348811 -0.258594159541468 -0.136796097067255 -0.265281726972113 -0.254132830195339 -0.22912693443157 -0.25575954788076 -0.231512630622087 -0.207001425988265 -0.124127754433257 -0.158666435192383 -0.117622988699264 -0.115851486377737 -0.167069003934269 -0.181007434096743 -0.131478572068389 -0.100037033730131 -0.137964974810558 -0.0189128428577347 0.0281172005834375 -0.0926414800446441 -0.135567033433434 -0.109540956220374 -0.107030700752256 -0.119706616458313 -0.097854342652505 -0.137725468775014 0.0362257772084086 -0.0160035257118637 0.0521500686729068 0.0680743952917904 0.0588668409542692 -0.0649158051157587 -0.144494728821703 -0.094907081271941 -0.162075370616189 -0.166724997435872 -0.176958998074396 -9999 -9999 -9999 -9999 -9999 -9999 -9999
-0.378794505693027 -0.405599034348144 -0.339449868087866 -0.254280088577211 -0.267598945034731 -0.0969086676200824 -0.277518435492332 -0.184160890572663 -0.126659522110295 -0.187426141302504 -0.161392303431488 -0.247944036679338 -0.122016715242023 -0.0365454411072706 -0.161119341574302 -0.172196575770052 -0.131362288558114 -0.158110386190253 -0.113410546225223 -0.102237992486747 -0.161409823587294 -0.0980537479416353 -0.0567221470240724 -0.138830340999061 -0.116834028211042 -0.0707854996110924 -0.0908115246185068 -0.0965813503277348 -0.0753030092981847 -0.0115392470646937 0.00474937037508549 0.0407713365858779 0.0824184177237736 0.108061959585126 0.0583280889436269 -0.0104915813667833 -0.186451884921118 -0.157635128110094 -0.172270383218428 -0.243578925131294 -0.146073809280332 -9999 -9999 -9999 -9999 -9999 -9999 -9999
-0.399677130323541 -0.353836751301099 -0.253607335977601 -0.276350348855714 -0.151795670087035 -0.0974446296245678 -0.0193719646032417 -0.127715970681235 -0.0593918574990956 -0.0667382575417173 -0.0833832873122436 0.0869719930477525 0.0439709825657828 0.0235171857039784 -0.207533834777246 -0.282584369460738 -0.253811822278833 -0.204422958568068 -0.159711903596609 -0.177149772784911 -0.160285056131675 -0.139907283360349 -0.136308347327705 -0.150476305889883 -0.110483026216873 -0.0514534292720462 -0.0741333509803512 -0.0630194261961089 -0.0940454406993177 -0.0438382056551001 0.033772298488358 0.0257584640822166 0.0903968983969216 0.0321299971313318 -0.0305926286154499 -0.127887096011943 -0.147299771934095 -0.158796892366116 -0.184923245916893 -0.284588241829891 -0.229857503026173 -9999 -9999 -9999 -9999 -9999 -9999 -9999
-0.396381168847296 -0.320369619875432 -0.268639932017288 -0.223480839194173 -0.185993981951234 -0.0595053943699717 0.0154776011753378 -0.0118867442965489 -0.0885973103020303 0.0409983341356672 0.0597581492026996 0.0868708676667289 0.104879787585062 -0.0414650338812044 -0.186735481048205 -0.242276277244317 -0.267277877134095 -0.227631319256824 -0.254381539045098 -0.244024379169178 -0.21530598405794 -0.172058185244053 -0.148117940971142 -0.129302134264325 -0.0359942850881335 -0.0447956254822279 -0.0695395670821225 -0.100629779128745 -0.107183275868268 -0.051577120811013 -0.010706916166332 0.0155738707286734 0.0621869393897165 0.0114383566109976 -0.0332734494501862 -0.0824518548285703 -0.149815357427138 -0.173419729675399 -0.24047575677811 -0.327157222387546 -0.265691118460071 -9999 -9999 -9999 -9999 -9999 -9999 -9999
-0.346916607252991 -0.325107746949888 -0.266611780349851 -0.215316503055237 -0.152968338635463 -0.0260492087491256 0.138039889955441 0.000577528225917739 -0.117718224460792 0.178097241602876 0.0434252516331071 0.084523359201684 -0.11141730821553 -0.123479723533495 -0.142287177501089 -0.178150562432939 -0.212914848585436 -0.25659600751069 -0.2690792799095 -0.230266804249351 -0.241806610207189 -0.223155045727981 -0.144944178198717 -0.119858339477697 -0.0063141105696349 -0.025753406318148 -0.0426113776603238 -0.0768463423986617 -0.115043400916082 0.0765804744359362 0.0368978871050525 -0.0176823574195983 -0.00618725240689705 -0.0462206411043948 -0.105620656104451 -0.0888475488986995 -0.148799168782149 -0.190967383744329 -0.29182554315729 -0.318263808864677 -0.216955165444542 -9999 -9999 -9999 -9999 -9999 -9999 -9999
-0.341141970296564 -0.287330556415925 -0.257594078186687 -0.323293966445095 -0.138338428202227 -0.0285418557628235 0.020267237161621 0.254976920111509 -9999 0.170212395627053 0.0526758329896421 0.00337235212013879 -0.0801866234895302 -0.185782535017147 -0.221353591629518 -0.159977356634988 -0.19877549883523 -0.186677586681995 -0.242915041392213 -0.238732041321973 -0.225346984653968 -0.224274316738366 -0.158399184180616 -0.00201174085562759 0.0231163679535732 0.062218288081288 0.105948410135568 0.250748606615416 0.0779662637515851 0.0729460339737864 0.0695533278297942 0.0427572904186271 -0.0125190561603724 -0.022492312229453 -0.0769895223482707 -0.0974860302983381 -0.147489615087987 -0.152065255332948 -0.289869798090405 -0.225079206532259 -0.167896498657577 -9999 -9999 -9999 -9999 -9999 -9999 -9999
-0.260024360375542 -0.211557154859034 -0.2653624711433 -0.203557161937487 -0.0935995526574293 -0.0678063329156523 0.0440108999266852 0.214780827247515 0.331211205538068 0.185698711499304 0.139072132845052 0.0361343659767867 -0.0215287099702979 -0.165913649746474 -0.222828289025716 -0.257055966957914 -0.254935396794961 -0.284907341523391 -0.218467787149209 -0.229301607692778 -0.183443026402047 -0.229343911166562 -0.189399764155342 -0.0523120402433757 0.0176753042284976 0.0693425273505322 0.180053865819015 0.114044826237508 0.137331861887319 0.0690421181820604 0.103039103306984 0.107033280198925 0.0384044394296626 -0.039440333233647 -0.0159720156892069 -0.129717664570908 -0.189355114587061 -0.157574893393767 -0.244747381271116 -0.233767936311841 -0.168460387256338 -9999 -9999 -9999 -9999 -9999 -9999 -9999
-0.169568167197263 -0.172388448462538 -0.22338472361126 -0.203775187585492 -0.151057195688171 -0.0784111205647835 0.140009651830516 0.238920390688049 0.331693820639778 0.410105875420152 0.135462244362926 0.0434585331490448 -0.0585127101713477 -0.11509573343579 -0.125204406200869 -0.141925980591255 -0.221154331537402 -0.242299374836811 -0.241016379384011 -0.235194047421877 -0.189681293697932 -0.230535763141209 -0.180215232544494 0.0311743141233006 0.0450341137181568 0.095496830316542 0.17937638678472 0.10187350285956 0.0395069537552146 0.0559105174150361 0.0688587361730347 0.12671653399847 0.0906753878697731 -0.00647385900436553 0.00329363057474326 0.0247154544243345 -0.139679920615112 -0.169866523344778 -0.234338532037776 -0.219616179754862 -0.19180830208374 -9999 -9999 -9999 -9999 -9999 -9999 -9999
-0.066323687697095 -0.11947424852476 -0.0969830658802754 -0.0727879492399309 0.0235099391656209 -0.00404811239205185 0.129526282045899 0.348061764512145 0.593968518555834 0.460416682746435 0.186803526759872 0.149292267287224 0.0598331690499292 0.0105109183371406 -0.0183987512993966 -0.0231447494211567 -0.144991729894167 -0.162303398354798 -0.245374516630491 -0.201115953954385 -0.142442790176411 -0.185518658345306 -0.107637947572508 0.122461199726104 0.166296648060918 0.164825096018383 0.197346176062103 0.120923299830659 0.0444992739206888 0.0292064130286066 0.0335134623559301 0.115561360362677 0.0696803056431542 0.00788705024192594 0.0431160809914266 0.0379365018755838 -0.0721489042956234 -0.124779364196553 -0.160380263893154 -0.191477693042552 -0.0201741259870643 -9999 -9999 -9999 -9999 -9999 -9999 -9999
-0.0435566059857742 0.115294658368867 -0.0209888274413022 -0.0143651371138319 0.00230478699543955 0.336742915526278 0.319614289114928 0.32086751380486 0.650814308016372 0.454060529911442 0.250420519393514 0.185345776355261 0.114055807530328 0.147193751176663 0.176592509895162 0.115699225719858 -0.0894505716348149 -0.176065538966342 -0.171405679983315 -0.14087167865894 -0.113906158576094 -0.108253540534708 -0.0876549507305987 0.11503538917047 0.183869750308873 0.176219629802668 0.132168178839259 0.102101972925018 0.0333874852244364 0.00771889534941133 0.0488569048510656 0.0396036435217941 -0.01138994616267 0.0127617791698576 0.0374408349978269 0.0446069372684161 -0.0442876597918578 -0.0733847743720666 -0.109952086564538 -0.177288660927812 -0.184984606331411 -9999 -9999 -9999 -9999 -9999 -9999 -9999
-0.0293118115398755 -9999 0.153040750523067 0.0979103940274549 0.112489372099923 0.227660825577818 -9999 0.853790528717883 0.609745203383369 0.403757940228618 0.314641250846209 0.24128851578627 0.148216163088918 0.190854063240847 0.175189574910022 0.081432901587011 0.0674929037407944 -0.041931513820274 -0.0927175874312596 -0.160592135993413 -0.0738083563687557 -0.0625808020651614 0.0105058969907854 0.0321204707374657 0.152060160022506 0.143744972009037 0.142834278429306 0.125127625810854 0.0127564256826625 0.0509394014130011 0.0432879249000112 0.0477560795104439 0.0277402675491652 0.0379673508482819 0.0276908831902652 0.125227851480205 0.0768876513991851 0.0329561305238069 -0.0419947786465421 -0.168817357469053 -0.199385604932226 -9999 -9999 -9999 -9999 -9999 -9999 -9999
-0.0265435324121736 -9999 -9999 0.118400999006862 0.293689404484033 0.541370440208064 0.641069211796677 0.924495693158357 0.576405642119745 0.395223440867492 0.314904574658873 0.206758057221156 0.187494403957064 0.168226088797856 0.169187697325599 0.0250566352534478 0.0130027381181579 0.131685613109242 0.0832010097005622 -0.00146649593479203 -0.0285783773003428 -0.0601434629920792 -0.0702717183724757 0.15943753942524 0.121984355946943 0.0946691893158441 0.141863494726013 0.119361046473799 0.0499721978837394 0.072966601124525 0.0545303835762048 0.0270419016985559 0.0712074342259403 0.0794784819956033 0.103739597541171 0.152277065621816 0.143464215238504 0.0772993394361247 0.147431727314754 0.189814034832972 -9999 -9999 -9999 -9999 -9999 -9999 -9999 -9999
-0.0380281706941636 0.118241563593382 -9999 -9999 0.46141384438599 0.560135195990577 0.652467421188368 0.582800635953039 0.471434821626772 0.375165388881757 0.381222474606763 0.205674499441784 0.199831169147989 0.161895802288107 0.211683360064151 0.186905419319174 0.172227878772668 0.18036510584665 0.110176660387427 0.0431012078169741 0.0362614244681629 0.0197890275401717 0.0496720228224843 0.0861358073009734 0.178715498296683 0.182434553448986 0.189091597023282 0.187931776735352 0.134745637829574 0.0908135192373632 0.0704566318232277 0.0287184523809325 0.0468177000533703 0.102480632966132 0.141391839336065 0.131571962631028 0.152707068587699 0.162948766565026 0.16993105774478 0.178066726417236 -9999 -9999 -9999 -9999 -9999 -9999 -9999 -9999
0.0595188842410971 0.149163053041284 0.313676171970854 0.463767118124658 0.435859937986537 0.166163119878372 0.260120721502889 0.167026379666403 0.413676619460381 0.377341323906135 0.31976812781193 0.247644507013499 0.246835167483001 0.24548689063296 0.209177970062761 0.215706662600481 0.162473535173867 0.159177353931535 0.0860067534753693 0.0495990727053871 -0.00643812711232921 -0.0425674513826206 -0.0424595561221559 0.0106978153002762 0.174488035244687 0.212261302290236 0.184443989508074 0.200690384435493 0.100982138579636 0.0878514964029334 0.0518404703267417 0.0514951444442525 0.0533882494004703 0.0353831325773876 0.0823992680703192 0.206193526723286 0.179347053886694 0.189549153169897 0.187372364818404 0.177623417754476 -9999 -9999 -9999 -9999 -9999 -9999 -9999 -9999
0.0934119425526922 0.0880073388213467 0.213984653602675 0.375407093977954 0.420472191834576 0.427893158192173 0.14073066153533 -0.0395080779618461 0.247029118775124 0.380080769498591 0.34514287300383 0.326247900712124 0.350263983652311 0.267499373570568 0.242958001553002 0.204734604263212 0.193725665896824 0.171563053812111 0.104463989084385 0.063370637914248 -0.019909952179721 -0.026982064286219 -0.00388156553319423 0.155223662824443 0.0641762099241463 0.0938654105236762 0.157885932225396 0.229239563625838 0.132126439269325 0.104366803778131 0.099730901410738 0.0483586494721288 0.028607070448185 -0.0113284593344306 0.146418432751402 0.220604629029375 0.211683551070618 0.204741866797763 0.196728741384449 0.190942489714114 -9999 -9999 -9999 -9999 -9999 -9999 -9999 -9999
0.0962001084948021 0.0799364184267749 0.157005402711753 0.172461897633723 0.36611766018225 0.00621272614527133 0.16087684664991 0.0526751127968192 0.206198437063502 0.385760058431297 0.283019151814815 0.276506175065255 0.338733935484194 0.312449119405337 0.252885710353452 0.23704943248699 0.21188206052664 0.154260889105743 0.0938991265515366 0.0120800441028161 0.00499506971630339 0.00937387383549856 -0.0198342446605194 0.0781878455712694 0.063817867515519 0.00804661867923218 0.0989346312977408 0.172666877131259 0.171342127690206 0.108299988222622 0.0798363661339786 0.0683246691510467 0.0381972056733115 0.00688334798803682 0.156852895435779 0.235770839500994 0.239283224289534 0.232225999981382 0.213480411589726 0.257894848856461 -9999 -9999 -9999 -9999 -9999 -9999 -9999 -9999
0.37800619745739 0.1104157409014 0.122887533029008 0.217091066814803 0.0610930063742672 -0.0278090181955268 0.00120691234061125 0.135486874535911 0.466405250764638 -9999 0.348968132346901 0.347563818196625 0.391225351996365 0.379263543860604 0.24050889503038 0.230815793565417 0.303735086160197 0.124507476951633 0.0932854757365357 0.0486557861557426 0.10633985848036 0.0746737762929764 0.0479451549358439 0.0854578813081296 0.0617662039385963 0.0482708963313736 0.0873222774854523 0.0999760306693149 0.135312206027973 0.107969423688181 0.076191138382409 0.0900204736390759 0.0459875839505635 -1.83992292601522e-05 0.0622018084994701 0.192947246381028 0.155890337811034 0.119399465957087 0.28837313719307 -9999 -9999 -9999 -9999 -9999 -9999 -9999 -9999 -9999
0.370835588488385 0.0814381199183559 0.0720099340866947 0.157580633396684 0.143521368539496 0.0769345091980224 0.0585891700928407 0.0847301565302044 0.0809053325511344 0.0214961209620566 0.332226621723824 0.381058966791499 0.383787034842365 0.405252269429679 0.245824437717196 0.211113606440465 0.256228690294016 0.177239937790636 0.183740023731908 0.0234979002132235 0.0614741515357613 0.124669805561858 0.0672517966794713 0.0804407153262928 0.0486231314355722 0.0488981735615774 0.0642483110294801 0.0723572503266333 0.0841024315051625 0.0398234813909419 0.0666558442068196 0.0915265945321834 0.0343044761535701 0.0597437515385643 0.0772346121710493 0.117794480039121 0.161336222992628 0.178095888649048 0.280710381323994 -9999 -9999 -9999 -9999 -9999 -9999 -9999 -9999 -9999
