data/rasters/s3.24.05.cu.1_xyz_08_.asc
NCOLS 100 
NROWS 100 
XLLCORNER -4 
YLLCORNER -4 
CELLSIZE 0.08 
NODATA_value -9999 
[rows 44 to 65 of 100, columns 49 to 97 of 100]
-0.0885064045706279 -0.121253307226283 -0.140361415387694 -0.140964033328425 -0.0673297688759155 0.137044942011651 0.0568773823604554 -9999 0.354189717391376 0.361659137993288 0.288707095201984 0.28489181807712 0.197505917417308 0.156022873745576 0.151435017012741 0.210320180887495 0.201532915952698 0.160651971599225 0.192297027814301 0.170127965955257 0.210303255350725 0.207799147837647 0.176536398147291 0.234544945449447 0.298276182690676 0.360146867712939 0.338741788649964 0.241626124630727 0.300139832531811 0.304246289580934 0.251284535051596 0.247898764866675 0.217386506383823 0.186358297421788 0.0916005851851863 0.0387831474859188 -0.0853089502416128 -0.0823356145254549 -0.0569467993572268 -0.0462516292877995 -9999 -9999 -9999 -9999 -9999 -9999 -9999 -9999 -9999
-0.0402725094334195 -0.0384342554700987 -0.0621574779615458 -0.045855033600134 -0.108008932313239 -0.0787869255968573 -0.123163011374698 -9999 0.341251352611291 0.309706563816828 0.243366277176767 0.147338320920002 0.191499063607414 0.169706868093512 0.147922338970526 0.199224819684892 0.168783364576925 0.159436979039266 0.147595817926377 0.157418184969478 0.169188283961062 0.161700596635495 0.252004827193102 0.336944734784228 0.386001851056621 0.401769909187059 0.403470210987467 0.331386897437696 0.326885486863122 0.352138854046433 0.373788973947993 0.340197202149139 0.210548714751006 0.229476888683488 0.0734437958679226 0.0271963876540114 0.0229932624895814 0.026953091591902 -0.0200706810021851 -0.0645693309390427 -9999 -9999 -9999 -9999 -9999 -9999 -9999 -9999 -9999
-0.0205495111465054 -0.0148382356402335 -0.0252596615821648 -0.0380495106608426 -0.120378617368906 -0.0383997869378128 -0.0751344302784435 -0.0227548829870229 0.213299168851001 0.281236693857505 0.190187025657578 0.124217527781294 0.123071515393515 0.119617795528172 0.13761079896937 0.149448378433124 0.138396057118362 0.0872969921957803 0.069045799366236 0.091620069010724 0.104338796507883 0.144672744143777 0.281303780172862 0.366278826996601 0.414838911982399 0.423597120909133 0.437769039976608 0.383212546635665 0.368419882317386 0.443727726160723 0.455083384486703 0.397529462471775 0.339777530293199 0.25954920479979 0.0306989085124931 0.0228019175909031 -0.00642669267344659 -0.0189046742124887 0.0142777733984338 -0.146531523422098 -9999 -9999 -9999 -9999 -9999 -9999 -9999 -9999 -9999
-0.0278502758371755 -0.0224034889047819 -0.0278837725528966 -0.0518209821266251 -0.0566334499291785 -0.121441894705035 -0.0250331806133311 0.00566721246963213 0.0353523169051222 0.218557449795233 0.0609063131270862 0.0764209874748153 0.0883056552027747 0.0596740846103546 0.115717704286395 0.154559820053555 0.14898134035 0.0479947446331373 0.074478856982803 0.073323652456063 0.0346535352650683 0.173263201979955 0.274130638018155 0.347406499928904 0.391305108884332 0.418776163836703 0.436175056859918 0.43907573683658 0.465967265503685 0.53669127096697 0.543814953370235 0.485948280064205 0.371159441009979 0.27024562780088 0.103390627635512 -0.0292233827475367 -0.0521080466835725 -0.0865920012642853 -0.10039437337651 -0.149437872101179 -9999 -9999 -9999 -9999 -9999 -9999 -9999 -9999 -9999
-0.00220734398801951 -0.0185275253593769 -0.0685155541519842 -0.115384779968855 -0.216194093290867 -9999 -0.0407393109969269 -0.0134425691914173 0.00291977637498083 0.0372423864086792 0.0498346510395045 0.0684055128365633 0.0689462499716323 0.0493614169575115 0.0794969866865165 0.143818368928439 0.139634753576845 0.0843515864758781 0.0752625759399019 0.0399078265791685 0.0152975423323981 0.189396860871329 0.273354526944655 0.340586382393371 0.359185621145543 0.393782029269147 -9999 0.406863742184223 0.507480018239095 0.582914390942841 0.568749131445509 0.512988392828343 0.396735730711659 0.270037841732732 0.114515943548878 -0.0926643706897812 -0.128220799762604 -0.118659598946507 -0.145244887467479 -0.194860316486327 -9999 -9999 -9999 -9999 -9999 -9999 -9999 -9999 -9999
-0.0204190439764385 -0.0371545895407677 -0.0890209643430831 -0.134316299866829 -0.190014500929765 -0.0773924889448891 -0.0639408056740611 -0.0243245256846277 0.0481187292271191 0.0898167604820834 0.100116849775152 0.102636909970762 0.0806468765143876 0.0629392706276978 0.0940277431291171 0.165139837686802 0.0864705851056024 0.0216014131898854 0.0470490674500736 -9999 0.110074991030158 0.165207454637623 0.22649319336828 0.32380679041574 0.360449160955651 0.3783687190437 0.386126762939261 0.459579846248357 0.512377376285781 0.53323298917362 0.55229256391185 0.520507696941843 0.395487203579069 0.186644120922887 -0.123066147673536 -0.174738381147036 -0.200020898219591 -0.209311644078985 -0.203306202190539 -0.177556123286535 -9999 -9999 -9999 -9999 -9999 -9999 -9999 -9999 -9999
-0.0263975275058024 -0.0964814554572733 -0.110529104979314 -0.16804840490495 -9999 -9999 -0.00676514323028817 0.0437886764677773 0.117774412897691 0.108616030330686 0.133216528867371 0.171534545017387 0.211301642185376 -9999 0.104397951558632 0.0924484605550314 0.0842588363562142 0.0338424926522524 0.0123702162846509 0.0419519214444453 0.0850058320081385 0.155322867557706 0.22949360958946 0.286550328673795 0.352365459817298 0.376806272140635 0.357515412137408 0.39319132517262 0.497960152770099 0.493428466917282 0.468519387874307 0.467115495175777 0.247948927436353 0.0569069360284356 -0.135183271553504 -0.239099011713837 -0.276800629569448 -0.293746154411946 -0.209235145708642 -0.13486379003406 -9999 -9999 -9999 -9999 -9999 -9999 -9999 -9999 -9999
-0.00905896051322733 -0.0164752522307001 -0.0901541490495667 -0.177410125840432 -9999 -0.063984415817681 0.0396643506882393 0.113237762993664 0.146558851683778 0.239934779246342 0.203183315649944 0.177124306733337 0.218370583846953 0.121622255115046 0.137423433939419 0.210706487384271 0.220937487387191 0.142564648964123 0.0100897864647263 0.0514715641868908 0.0494788196974647 0.0931300385608301 0.162210507708063 0.242974895445705 0.307104727898847 0.33759459777183 0.355956160609962 0.400952450474117 0.47300327576146 0.49044212055562 0.433299955005242 0.38468825592527 0.226969125619956 -0.0649121881524047 -0.145892899584379 -0.452069872503252 -0.362157590782854 -9999 -0.14811095129451 -0.100852601341036 -9999 -9999 -9999 -9999 -9999 -9999 -9999 -9999 -9999
0.0029254177057653 -0.0323677839202993 -0.105777247457049 -0.192444278046654 -0.0964647828590254 -0.0603857912914533 0.0284188251995843 0.100746899770719 0.149621884056289 0.220455451530799 0.244949319928615 0.205300905782948 0.179650879866639 0.165528457247895 0.129528715825985 0.286904930932807 0.37154456614825 0.273026644565246 0.253097863793863 0.196008499301492 0.159895614165127 0.099451655480334 0.13256572790106 0.185183480248368 0.261087449986508 0.283410066604535 0.298795352836722 0.312104789311407 0.371966752051584 0.369960099396968 0.394548124333147 0.323218582388087 0.0892925054876068 -0.118813706499355 -9999 -0.480768053238981 -0.499537693292341 -9999 -0.223824504320951 -0.113333594556087 -9999 -9999 -9999 -9999 -9999 -9999 -9999 -9999 -9999
0.00777958999451986 0.00761635179518703 0.00768456398753282 -9999 -0.0763245460990915 -0.0486191391121285 -0.011218017518256 0.0772329037006477 0.121448184981992 0.300666631772996 0.264191550900715 0.247492708710807 0.223742314163891 -9999 -9999 0.478614520044746 0.477177693230106 0.500947558621949 0.414507164017742 0.401847016031526 0.330196060502593 0.190519254840807 0.0107405807441372 0.142778509385619 0.158709527202001 0.209153353777964 0.25062635880379 0.262695498727325 0.300308632337908 0.362964962294809 0.508374449276978 0.0792917223905578 -0.118115190723269 -0.124759867792925 -9999 -0.45343035406937 -0.425881887241701 -0.319972416548134 -0.245226639835949 -0.119227609982364 -9999 -9999 -9999 -9999 -9999 -9999 -9999 -9999 -9999
0.00494925497617465 0.0388418874017388 0.0328486421822273 0.0128314149019102 -0.0883891864007376 -0.0311171067576518 0.0296227651292432 0.0350220102938407 0.079049642350296 0.184265209543229 0.12966168037585 0.270173080955146 0.274435335891795 0.33864080111728 0.336887104524623 0.520961598569129 0.542050003661002 0.565428214194128 0.545715343050786 0.450260921359002 0.409783647479795 0.223387663557973 0.0988984257608746 0.0794716135047821 0.0928268485861985 0.117688948527421 0.141927380522481 0.186479153459627 0.161492910079947 0.0894524790899382 0.0912623104909907 0.0390397765818116 -0.0921835261531335 0.024336497109379 -9999 -0.388744465587803 -0.367445391053392 -0.436430620529425 -0.203894772989719 -0.161467583724421 -9999 -9999 -9999 -9999 -9999 -9999 -9999 -9999 -9999
0.0639572919850001 0.0352506577898637 0.0315585589494584 -9999 0.163874286864022 0.146763421322225 0.109720379580318 0.0269500370829635 0.141177540177355 0.169080327671477 0.199407729982271 0.246762663839956 0.317305574115405 0.353418137049037 0.406454590378786 0.505296069439159 0.580255373436544 0.604878529222804 0.565659864315377 0.497015666291762 0.41680792585984 0.318306488831494 0.159126434234056 0.0354408982562263 -0.013742158607962 -0.00166901369173908 0.00866875708587889 0.0499271123918197 0.0732710889130318 0.0747895907301377 -0.00223865766684729 -0.0332460997394461 -0.173861784048212 -0.207978377585707 -0.249965323193 -0.355018050083386 -0.32807520494269 -0.431839532571051 -0.270788911372374 -0.154157081852672 -9999 -9999 -9999 -9999 -9999 -9999 -9999 -9999 -9999
-0.02095635379768 0.00996805023700434 0.0635274548497541 0.072280383477303 0.141111675720241 0.14934784664166 0.149305494155093 -9999 0.18811109273262 0.139395737215854 0.16622461565447 0.261461638399803 0.361014166431583 0.389319821707373 0.446536773231746 -9999 -9999 0.592817867165582 0.578372877524315 0.509894396394571 0.449712044001247 0.344999623531402 0.198124390634009 0.0593722888703074 -0.00746336887371364 -0.0835687635429043 -0.085081608374622 0.0256863105649583 0.0882065615509217 0.0978272519570443 0.147735399725637 0.136249659348348 0.048641582741655 -0.112365602260417 -0.21299993915102 -0.19225702419099 -0.195945663882901 -0.362276978858752 -0.209799861132056 -0.0501303292847985 -9999 -9999 -9999 -9999 -9999 -9999 -9999 -9999 -9999
0.048647003526842 0.0301557134959572 0.059793711152661 0.0883375635287001 0.14227766483023 0.174970549803011 0.23650888772289 -9999 0.147099676413194 0.0998136961676591 0.0489371105893696 0.104136771859109 0.264185811577431 0.36304686968138 0.411751200076216 0.500497197270164 0.643390040388899 0.582194099333909 0.529687063476374 0.476125773321918 0.436639968920833 0.307127068979613 0.117263793484084 0.0474451052021697 -0.0134825412631519 -0.03657628039237 0.0466716679729963 0.0975581896852741 0.260259045278919 0.370084210533575 0.296048829416413 0.287067952012418 0.305323382029512 0.166624087754843 0.0964906911228661 -0.0939105218579228 -0.2020866274439 -0.278446275987666 -0.133240032417445 -9999 -9999 -9999 -9999 -9999 -9999 -9999 -9999 -9999 -9999
-0.0162474515697308 0.0276746110774513 0.0175343246677282 0.0899383503842564 0.172945159896606 0.228472715531908 0.234165614808407 0.146756177610212 -0.0293746736533375 -0.1230142243608 -0.101308908701548 0.0842008960917683 0.149014032767916 0.29675996112542 0.39887171620269 0.462410871495927 0.538643759496074 0.528392637957971 0.476080956434258 0.386852903351968 0.341686029521741 0.219229638788846 0.0957360742596027 -0.00472753946640901 -0.00797480688731804 0.0839109412971236 0.128663410415123 0.271836786370499 0.373728832144529 0.526579874325856 0.510700426458365 0.445617229078003 0.399465647152787 0.351380823745897 0.277183740366909 -0.0894951906985357 -0.164952323831373 -0.234192862637047 -0.298922717164428 -9999 -9999 -9999 -9999 -9999 -9999 -9999 -9999 -9999 -9999
-0.0899687118818419 -0.0327624843002172 0.0294509499560448 0.072056678737498 0.12485299903853 0.210620685792199 0.161880650384124 0.100940645261421 0.0114911727376113 -0.247330874229143 -0.126512640290216 -0.0848950241499334 0.127592130972443 0.22006140076005 0.24932750760189 0.32688305621156 0.328930584391543 0.313853143602114 0.287664502288447 0.350760412243654 0.365258487243069 0.228351063429827 0.111718497643847 -0.0251030174076315 0.0169052379009005 0.11294179861524 0.131736034601932 0.247259947359409 0.36968791876234 0.47821782995806 0.470670080826918 0.464707201128292 0.456493245700096 0.360138780130337 -0.0427691003732857 -0.106653004975874 -0.179355663775043 -0.212856893344912 -0.0490750869079967 -9999 -9999 -9999 -9999 -9999 -9999 -9999 -9999 -9999 -9999
-9999 -0.0720612659004143 -0.0631930773530352 0.0571369745666171 0.095282377705562 0.113635458946889 0.0726902531165565 0.0538617956249824 -0.13640277651975 -0.170790254883389 -0.225161231122978 -0.0329726275438581 0.044827189480328 0.0636800491708806 0.120040631086079 0.0995748462997471 0.0768116220332178 0.192009098069217 0.268617288635478 0.324457766244912 0.340837016319596 0.263131044724758 0.0816262601539004 0.0475459298737632 0.0729411972663269 0.161908603521571 0.200024631527607 0.244807988613226 0.387426462848903 0.462142758906012 0.47984368851538 0.464189514504461 0.447444562057938 0.387567102021085 -0.057457593669939 -0.085455154772344 -0.165226300820474 -0.252605875005957 -0.28500793387716 -9999 -9999 -9999 -9999 -9999 -9999 -9999 -9999 -9999 -9999
-9999 -9999 -0.0771053704919703 0.0141614329217068 0.110858460995313 0.00763902697996035 0.00129801336753836 -9999 -0.110985546420578 -0.10398000856732 -0.174955579073592 -0.126068710183494 -0.005000650400279 -0.0373205780376439 -0.0479054003553068 -0.134462521059772 -0.0350647053472835 0.116986674986187 0.177357721340981 0.248809824608183 0.273503962895485 0.2207890639767 0.0273545561788247 -0.00161924847326808 0.0982033488298305 0.164228054641138 0.211843317709432 0.302042373540044 0.429123521565317 0.425491766983873 0.487821005460774 0.465555945374522 0.441391400208741 0.111268411018311 -0.0387181805285395 -0.0644481121500957 -0.180704588055129 -0.217080326341852 -9999 -9999 -9999 -9999 -9999 -9999 -9999 -9999 -9999 -9999 -9999
-9999 -9999 -9999 0.00108599269597904 -0.135009985042694 -0.136395454278019 -9999 -0.0967307095337368 -0.134619948655594 -0.153262888907752 -0.129566472460302 -0.135540106017498 -0.102298794096053 -0.11121237391121 -0.225162536780159 -0.243841155916558 -0.0940786537542242 0.0633194351038614 0.105680591776905 0.0984172698341112 0.147194351233544 0.0639039396453977 -0.0609141138297348 -0.0725109805220592 0.0658544180016822 0.0982187389625834 0.157516555197863 0.284159729174984 0.366019135220448 0.416603448186263 0.422287275246731 0.291744749799445 0.331486536649661 0.0722176202185882 -0.0950436410823146 -0.138774797940928 -0.194276190608955 -0.196528424249129 -9999 -9999 -9999 -9999 -9999 -9999 -9999 -9999 -9999 -9999 -9999
-0.00892951011021147 -0.0291255695631153 -9999 -0.264541751216317 -0.219934357146367 -0.202255956881938 -0.111128493216932 -0.131159429247684 -0.134152989132573 -0.170608325091661 -0.137335390463956 -0.114067554350986 -0.0929550176323116 -0.150175151895477 -0.119760779912187 -0.046102987605165 0.0834962885923125 0.0811499983511684 0.110313720023951 0.0724738949530711 0.00227451728141041 -0.114739748331968 -0.162173443526908 -0.106084249087194 0.0175400186326958 0.0931835869527857 0.204150081911788 0.237342224607744 0.273326445004851 0.350919739831237 0.373480369631456 0.288018968977442 0.165789587895894 0.0311683003379489 -0.0601740265679983 -0.145429205265494 -0.227952848000344 -0.207140869861808 -9999 -9999 -9999 -9999 -9999 -9999 -9999 -9999 -9999 -9999 -9999
-0.0213173870512091 -0.0738736245978472 -9999 -9999 -9999 -9999 -0.304526578124683 -0.241017343897863 -0.17659154105284 -0.139358206558416 -0.0885269713384184 -0.0855332882060402 -0.0777368568418019 -0.0210920940048862 0.00568072585757409 0.0935838976355816 0.187081965264205 0.229411632821894 0.153881371452661 0.102158279710828 -0.0936256065276121 -0.117123055276442 -0.171531193858706 -0.136384987430921 -0.0460497064319091 0.0982446779920391 0.228452009734046 0.20185710671472 0.214911514740284 0.175882173975295 0.219425899735067 0.232844702878775 0.107557574809124 0.0018176693514849 -0.0617834789200329 -0.164475152533865 -0.239075977191808 -9999 -9999 -9999 -9999 -9999 -9999 -9999 -9999 -9999 -9999 -9999 -9999
-0.00465297803114327 -0.102757180358432 -9999 -9999 -9999 -9999 -0.279839528790919 -0.214606238640575 -0.222082807307905 -0.195207313700561 -0.12908243837474 -0.0730797388842579 -0.0421375937841341 0.0242505977703472 0.0851718294975966 0.170121907327183 0.263105691835226 0.310559646619891 0.18047779458251 0.0930313687136926 -0.00644013886024163 -0.0826140838193356 -0.137160766419158 -0.163092082753036 -0.0792006520253149 0.0333440823929718 0.193358917934725 0.159521929167295 0.141451449016633 0.0939743111665006 0.0854175889244874 0.0809689098606263 0.0460816099303614 -0.0253475259780102 -0.172372828905486 -0.233731714643898 -0.251584050834969 -9999 -9999 -9999 -9999 -9999 -9999 -9999 -9999 -9999 -9999 -9999 -9999
