data/rasters/s3.31.05.li.1_xyz_08_.asc
NCOLS 100 
NROWS 100 
XLLCORNER -4 
YLLCORNER -4 
CELLSIZE 0.08 
NODATA_value -9999 
[rows 22 to 43 of 100, columns 0 to 47 of 100]
-9999 -9999 -9999 -9999 -9999 -9999 -9999 -9999 -9999 -9999 -9999 -9999 -9999 -9999 -9999 -9999 -9999 -9999 -9999 -9999 -9999 -9999 -0.235332662407813 -0.260433416155257 -0.139971153800033 -0.161487124658273 -0.205130451944512 -0.243314913880862 -0.191645735864594 -0.212834460491572 -0.149051548644173 -0.198673235143709 -0.20652996038023 -0.222802568116254 -0.156945202670945 -0.155284784853344 -0.167371895114806 -0.0488853062448703 -0.0168801981348558 -0.0421415843535989 0.0879280909592188 0.127429198771344 0.150425891465585 0.383245155685071 0.332353211273365 0.273921493569538 0.195648410013969 0.107613173211293
-9999 -9999 -9999 -9999 -9999 -9999 -9999 -9999 -9999 -9999 -9999 -9999 -9999 -9999 -9999 -9999 -9999 -9999 -9999 -9999 -9999 -0.280106524509442 -0.290266703815489 -0.350129240925333 -0.240449823336844 -0.188729820225628 -0.195912407162841 -0.208115435615736 -0.168363644494364 -0.218614668934901 -0.211964395616421 -0.231541646284355 -0.218671946197806 -0.240389520405278 -0.157241211469136 -0.130806382125917 -0.167260174663638 -0.104086339605632 -0.0158509086530811 -0.00590619244252115 0.0346078738661548 0.113271851467082 0.135601130999204 0.140977749872754 0.241260820192592 0.310840398433219 0.246941696820552 0.0848617095295876
-9999 -9999 -9999 -9999 -9999 -9999 -9999 -9999 -9999 -9999 -9999 -9999 -9999 -9999 -9999 -9999 -9999 -9999 -9999 -9999 -0.263462386990039 -0.300990900892024 -0.311846943298603 -0.306638472234655 -0.20400204333803 -0.200100588682586 -0.231028800322587 -0.197872946469459 -0.156349396230366 -0.155148885830804 -0.229629158770334 -0.228748526855948 -0.236718593864241 -0.238746003550843 -0.187902674301155 -0.171008308925601 -0.123148892444405 -0.152669837134159 -0.0232775989815514 0.031189214409464 -0.0384108891166749 0.180783537469422 0.142604630401632 0.14789677371041 -9999 0.250745776066832 0.284362826525948 0.157651472195647
-9999 -9999 -9999 -9999 -9999 -9999 -9999 -9999 -9999 -9999 -9999 -9999 -9999 -9999 -9999 -9999 -9999 -9999 -9999 -0.279489684533288 -0.18986666702343 -0.232003897819961 -0.277640501592589 -0.284546209232349 -0.292005318227085 -0.188409058975006 -0.231919018955385 -0.218100358714673 -0.182900501356086 -0.176561326119642 -0.175461983653617 -0.190815108060426 -0.216564962585954 -0.183976953490142 -0.180938202732968 -0.17860004437607 -0.139028048382992 -0.108063146100916 -0.0355424159955743 0.0167529982596463 0.0319820775590314 0.064912398198845 -9999 -9999 -9999 0.203402312868132 0.188889343363805 0.160996126693284
-9999 -9999 -9999 -9999 -9999 -9999 -9999 -9999 -9999 -9999 -9999 -9999 -9999 -9999 -9999 -9999 -9999 -9999 -9999 -9999 -0.31148327578487 -0.238288569839349 -0.226050430011447 -0.195208856395268 -0.229758809764936 -0.153102143691624 -0.198960028375523 -0.20862319724109 -0.204555311664099 -0.238023826731286 -0.219536423204134 -0.177515040684864 -0.18760124367945 -0.155576578839074 -0.170663770354529 -0.108311943299515 -0.120693016806794 -0.0222286089338198 -0.0478765041249998 0.0522718683208292 0.10585455098344 0.0452228544054499 0.0628050831140554 0.155495990761081 0.177413138723996 0.156768623648769 0.177535141070483 0.16454986355713
-9999 -9999 -9999 -9999 -9999 -9999 -9999 -9999 -9999 -9999 -9999 -9999 -9999 -9999 -9999 -9999 -9999 -9999 -9999 -0.375411497319408 -0.346000133868199 -0.272426131449904 -0.214199399825009 -0.189861120278428 -0.151905883506683 -9999 -0.0757034145425562 -0.222710316380872 -0.202539166884872 -0.207524030389861 -0.117592709241773 -0.168000007034605 -0.147462732316525 -0.128232343134551 -0.0597056790366255 -0.095880770156904 -0.0578187847997951 0.0193996208411517 0.0317193326641843 0.105203247400118 0.155103609434978 0.0288669827007725 0.0720610201813107 0.101146245425573 0.151109563748623 0.15633620939052 0.155010402455836 0.132043780846065
-9999 -9999 -9999 -9999 -9999 -9999 -9999 -9999 -9999 -9999 -9999 -9999 -9999 -9999 -9999 -9999 -9999 -9999 -0.233454911645125 -0.288862443416539 -0.325602458559638 -0.303230166176791 -0.247890650944845 -0.183868972788897 -0.105782939729841 -0.0423674187460833 -0.0653862151325988 -0.0879511946609009 -0.0883410500080079 -0.113997941901972 -0.0901719356296451 -0.133552940943074 -0.159331855131226 -0.100678747950357 0.0476650735686562 -0.038370403117767 -0.0824558013496975 -0.0487633440175361 0.0139588592220179 0.0406074889044829 0.0356623902904296 -9999 0.0702035883622129 0.0932769484815252 0.121692449334896 0.124061274056965 0.138475205328028 0.104850935405566
-9999 -9999 -9999 -9999 -9999 -9999 -9999 -9999 -9999 -9999 -9999 -9999 -9999 -9999 -9999 -9999 -9999 -0.290633968297043 -0.298920456633075 -0.354984515260164 -0.305123481155708 -0.267382229521255 -0.235035324278455 -0.189992022111704 -0.124920542905736 -0.0716842470787717 -0.0415925356186313 -0.043009760722881 -0.0113362537207107 -0.0934287361282568 -0.145428166931298 -0.1147018638172 -0.145350039007929 -0.142304496507109 -0.158965554119107 -0.118690159062304 -0.11115924687474 0.0193262085386443 0.0104808917882474 -0.0109963670786838 0.0168573081344315 0.0202768494564523 0.0170455701563131 0.0350883938530628 0.043870723895715 0.0283786932771819 0.062243472714981 0.105950269278057
-9999 -9999 -9999 -9999 -9999 -9999 -9999 -9999 -9999 -9999 -9999 -9999 -9999 -9999 -9999 -9999 -0.275179116469251 -0.300976887134656 -0.301923658567071 -0.320086902735661 -0.299708617619419 -0.281226080635328 -0.264106063541388 -0.228545991590899 -0.163137706841096 -0.134454098735305 -0.0528742716141363 -0.191946236094565 -0.176832217180996 -0.173559870183821 -0.256096291514735 -0.240380183629691 -0.165213938643147 -0.253170148548304 -0.245149748284287 0.0293041191985321 0.0306606852500356 0.0420075414155997 0.0112029469425451 0.0167298275351438 -0.0154364447748509 -0.0164772722832119 0.0159974481185372 0.0167832291250987 -0.0121878806619252 -0.00870482268993941 0.0156965456473488 0.0959652627785267
-9999 -9999 -9999 -9999 -9999 -9999 -9999 -9999 -9999 -9999 -9999 -9999 -9999 -9999 -9999 -0.215693504974743 -0.271267360149113 -0.235189410942883 -0.270899386869881 -0.283302436817522 -0.283625555249604 -0.298089221435247 -0.27478324672377 -0.208476608332505 -0.195847807580286 -0.20054954462504 -0.154285067849586 -0.173309104128743 -0.121777981291203 -0.146803402293528 -0.163467952678442 -0.161327359697773 -0.163904482733017 -0.189639839622577 -0.199228524371033 -0.186025168698709 0.00456263674172678 0.0312395225699389 -0.0247529928340615 -0.0107065325439287 0.0729867434078099 -0.0377583720124698 -0.0369934584670561 0.000371999278315205 -0.037466262035255 -0.0329709162693546 -0.00404930220527839 0.0377218032498733
-9999 -9999 -9999 -9999 -9999 -9999 -9999 -9999 -9999 -9999 -9999 -9999 -9999 -9999 -9999 -0.21883058376832 -0.168913786808178 -0.234922678071525 -0.259441582741473 -0.163055048779406 -0.28040357057249 -0.272312766028375 -0.230382241720519 -0.240288543764798 -0.217446749448422 -0.248766987672475 -0.253584145637049 -0.216094393098147 -0.109043809152292 -0.177332158083149 -0.241241956136659 -0.188747575438254 -0.0971854956847197 -0.0010004885463423 -0.0423467897838488 -0.0393006821981152 0.044141407772419 0.0599182002059537 -0.0284042574893608 -0.0824950882799822 -0.097321050545899 -0.0316229666824609 -9999 -0.0408846855018484 -0.0318867564019537 -0.034122585743915 -0.0614422211428831 -0.0118177628562708
-9999 -9999 -9999 -9999 -9999 -9999 -9999 -9999 -9999 -9999 -9999 -9999 -9999 -9999 -0.319277367436084 -0.235577343898515 -0.207078008477938 -0.355918230376557 -0.303727237457307 -0.265553064997886 -0.270164450946769 -0.297964409608288 -0.295018035793832 -0.2590785075989 -0.242323268718865 -0.257190367894504 -0.266688658586381 -0.202200898986591 -0.206508834847162 -0.21569284601538 -0.214247873950474 -0.184088239928888 -0.0907250766188278 -0.0343759967801235 -0.0911635031235157 -0.0252653972989413 -0.0187734555163436 -0.00678622990508236 -0.042048175248744 0.0109686666336491 -0.0780995565345149 -0.0536205617156781 -0.0167591981711472 -0.0504023422671794 -0.0317390719423013 -0.0172682556922669 0.0344641649217929 0.0639123857139919
-9999 -9999 -9999 -9999 -9999 -9999 -9999 -9999 -9999 -9999 -9999 -9999 -9999 -9999 -0.262266956093361 -0.266743353308452 -0.314014081504404 -0.335266026983399 -0.339023276645478 -0.268560285406116 -0.215772065945069 -0.264198846115968 -0.320573568236214 -0.257448992102795 -0.21636528192438 -0.214444157347775 -0.21837434513627 -0.194196224190409 -0.220375643996164 -0.214184978191114 -0.16115642364229 -0.145311560450802 -0.125765126996828 -0.0718195684296536 -0.0517621738818399 0.00268016111389325 0.0131867561697076 -0.00280923579014102 0.00174767068600761 0.0405487278324617 -0.0105671013772085 -0.0229997650370488 0.0342706314769723 -0.00693041177634222 -0.0442939547887567 -0.032383721958597 0.0509147805453887 0.0546241988548798
-9999 -9999 -9999 -9999 -9999 -9999 -9999 -9999 -9999 -9999 -9999 -9999 -9999 -9999 -0.334461769917153 -0.359560088308514 -0.375053594718598 -0.316924455398904 -0.273864394589172 -0.209355693533971 -0.189917526252713 -0.243363017154236 -0.315223393780906 -0.308388958418809 -0.214440613053279 -0.157595772185975 -0.231216552955102 -0.197082078024513 -0.211870578825273 -0.131066801257161 -0.172004224210732 -0.128566879782176 -0.12985974319435 -0.0702974370436067 -0.0383649461149693 0.0189735268685487 0.104944084851294 -0.0302141981356707 0.0139413268714919 0.0407030430331237 0.00825555621929384 -0.0281349596434272 0.0253466162148674 0.0197715757743126 0.0435813255311741 -0.0168498393209461 0.0497702647729964 0.0374195604855984
-9999 -9999 -9999 -9999 -9999 -9999 -9999 -9999 -9999 -9999 -9999 -9999 -9999 -0.320813406718994 -0.335771375409893 -0.395479016453071 -0.3592854705147 -0.322330613670633 -0.26766552413368 -0.275430269314564 -0.237375392048292 -0.27395762370578 -0.29118142286928 -0.258184257584438 -0.0872146210262006 -0.143714348628833 -0.231537263845361 -0.208852259987783 -0.140250895232395 -0.0923819949159881 -0.103045401453989 -0.181476151267185 -0.121302544198912 -0.036800163172618 -0.0218076662991441 0.0163353666820161 0.126179320911371 0.0111132854849385 0.0944657424696939 0.0976779814775458 0.0421398212036107 -0.00144226095044934 0.0318832178625868 0.0319696123248645 0.0399253699870996 -0.00376561819383277 0.0574970175581157 0.0210499986088845
-9999 -9999 -9999 -9999 -9999 -9999 -9999 -9999 -9999 -9999 -9999 -9999 -9999 -0.342480360498105 -0.327240962312501 -0.40508873632357 -0.404012685542948 -0.392817480806773 -0.389723849524406 -0.394774661570671 -0.304003626829394 -0.313222264494661 -0.274872984240734 -0.197167032167336 -0.108072730524063 -0.0226064263841146 -0.212384850603313 -0.185586427155229 -0.098435228382047 -0.0709660558957411 -0.105537545851129 -0.135062891973494 -0.11191207989978 -0.0297315017818466 0.000683919298874939 0.0156254399548474 0.0601319483687092 0.0914255110951419 0.13248934042389 0.136851744803982 0.14609211550941 0.132573794200421 0.0291643989089692 0.013649835735309 0.0378182744355377 -0.02350250474755 -0.0011787007903304 0.00231009903805838
-9999 -9999 -9999 -9999 -9999 -9999 -9999 -9999 -9999 -9999 -9999 -9999 -9999 -0.391746964503713 -0.374914675488936 -0.367351335693479 -0.374250096592668 -9999 -0.377394083303928 -0.428561597982742 -0.391079609861877 -0.347917308069639 -0.251443708794099 -0.194160929712014 -0.181768817719508 -0.170582066827652 -0.194536874029075 -0.165558429481866 -0.0306531873886215 -0.0287665922419102 -0.0807273547554452 -0.0566076873999587 -0.0485573559456962 0.00190770404888019 0.0218968685754252 0.0777378344343725 0.093801112556689 0.13379824884739 0.181913188287092 0.160900225674846 0.139220428586355 0.10645389565366 0.00685385664640462 0.0183525815220024 0.0269418879519614 -0.0212483374076785 -0.00376942376482577 0.00109966871593446
-9999 -9999 -9999 -9999 -9999 -9999 -9999 -9999 -9999 -9999 -9999 -9999 -0.365789693306763 -0.38658704582655 -0.387733671768109 -0.376281095156831 -0.386146189968967 -0.347177048884879 -0.389053408249525 -0.308266415540511 -0.301391162007137 -0.320880500635226 -0.251626964715811 -0.135537482368564 -0.0760722827988043 -0.122161324151698 -0.120303967385339 -0.0553419462865485 -9999 -9999 0.102138630532521 0.0328972858099894 0.0594569577535411 0.0477242418678964 0.110912395083371 0.159327335787757 0.0791397172416966 0.116389343394611 0.141584243207926 0.116150717624926 0.0595751575362658 0.0360540299829746 -0.026372248599 -0.0303709511181893 0.00540969172515582 -0.00588221008846584 -0.041434225159404 0.0056243565586987
-9999 -9999 -9999 -9999 -9999 -9999 -9999 -9999 -9999 -9999 -9999 -9999 -0.309012110223494 -0.325696714844134 -0.26980941248416 -0.342450891576886 -0.302436062821228 -0.304917939346331 -0.304261394516008 -0.306001699231981 -0.30709244514935 -0.289898460002746 -0.215256419333049 -0.148665872151648 -0.0292569895921549 -0.0660040888009536 -0.0790657989431535 -0.0447387661902727 -9999 -9999 0.151504423494037 0.196678363851965 0.186648592975669 0.0806380338853692 0.134426432074102 0.196293500979337 0.143827811121545 0.0873011806380578 0.0773142643702888 0.0885132935998089 0.0942663373518645 0.0164604160592141 -0.0496001677528507 0.0067865699774344 -0.0228379637451335 -0.0223090667727282 -0.0679017476724512 -0.053451812513858
-9999 -9999 -9999 -9999 -9999 -9999 -9999 -9999 -9999 -9999 -9999 -9999 -0.277649431576171 -0.214118726246231 -0.301690181569349 -0.277015528740993 -0.17482484266807 -0.221854414401967 -0.195953718328221 -0.149107734294625 -0.275063961894357 -0.27598331616809 -0.221132317699854 -0.144958010933004 -0.0757021668167132 -0.0895664513672103 0.191599032810978 0.0747167987917382 0.0693027824682847 0.293783925691832 0.392050236398565 0.235953594888602 0.232315789319832 0.231023045123044 0.218944922620843 0.230620361497528 0.225990167374938 0.125688059891538 0.04108834289372 0.0458423638978159 0.0598622952421044 0.0596938099805515 -0.0380086664063227 -0.0234010498939789 -0.0139964519009259 -0.0220954406591705 0.010007442253746 0.00642206158369314
-9999 -9999 -9999 -9999 -9999 -9999 -9999 -9999 -9999 -9999 -9999 -9999 -0.2286473752476 -0.182240505832842 -0.253175858973051 -0.282026731835952 -0.266343659619494 -0.207196463656755 -0.157118461494748 -0.119045786357964 -0.138847035393936 -0.122576784841514 -9999 -0.151543524202864 -0.136758944970248 -0.152993304156621 0.0170294367402191 0.19078767845094 0.242826543929472 0.187630446370097 0.322703789092446 0.304121231286995 0.306740964446211 0.319492745977602 0.256795340147726 0.219660508181285 0.215593929161204 0.222834149766347 0.181343120405391 0.0517055313804279 -0.00987270514631344 0.0211229871499867 0.00879008352658004 -0.00190270373217391 0.00915081675967194 0.012003580632776 0.0529270941714979 0.02883747200064
-9999 -9999 -9999 -9999 -9999 -9999 -9999 -9999 -9999 -9999 -9999 -0.146385541183039 -0.161262645609081 -0.176114754011562 -0.229751540792906 -0.198122346585321 -0.18695789298047 -0.200109158401744 -0.174571728146628 -0.164809060604589 -0.168857248428315 -0.125174549768165 -0.209596672647314 -0.187976872214553 -0.201265845352798 -0.168248622239324 -0.1868371398765 0.104525283755642 0.095047153519194 0.105643542872517 0.195670424624285 0.344842574132349 0.239694117741371 0.209687737954179 0.226450910834763 0.198220201002424 0.204438632503289 0.207292154672174 0.183115918186514 0.109512194496999 0.0153398781683503 -0.0139838063236223 -0.0183020421812703 0.00959664736281765 0.0410737222081298 -0.00127082398088077 -0.0341866773156072 -0.00455615254185766
