data/rasters/s3.31.05.li.1_xyz_08_.asc
NCOLS 100 
NROWS 100 
XLLCORNER -4 
YLLCORNER -4 
CELLSIZE 0.08 
NODATA_value -9999 
[rows 44 to 65 of 100, columns 48 to 95 of 100]
-0.0151771527740608 0.0334649380875199 -0.0886956098656865 -0.171131128420147 -0.0719965707319955 -0.143189579951996 -0.127109545688336 -0.106306938640993 -0.0830370311503499 -0.0870084761883712 0.0246224242738704 0.118034993919622 0.081079439367011 0.122262348874217 0.176635734493594 0.141318741043305 0.103132612637882 0.127292039228191 0.193078368715202 0.187918902436274 0.146882567939829 0.213516509505411 0.211439034928389 0.225503016447933 0.279870254804169 -9999 -9999 -9999 0.107392086230342 0.0904701168430654 0.0373733593240015 0.0469351560209144 0.0165162220577916 -0.0232316651126434 -0.000934558371648221 -0.0592831870816658 -0.0506594670228612 -0.127466836261966 -0.100655050471888 0.0584899883993825 0.0653774742480562 -9999 -9999 -9999 -9999 -9999 -9999 -9999
0.0265947995342893 0.0286635876411861 0.00408476168943744 -0.101298363537571 -0.0930408784834188 -0.0765760898631988 -0.115527694299819 -0.0924197528826571 -0.0108090476312378 0.0521261133356151 0.0272474249086063 0.0911104876049 -9999 0.0758756350934732 0.11567194670432 0.138887734533566 0.0911990123041378 0.0978642844612825 0.121404787637609 0.138428569466887 0.147658023842202 0.169260469459882 0.191782074731836 0.271381305042395 0.30626507618384 0.333341712039713 -9999 0.218467016265244 0.174888467506887 0.207910416960361 0.183411311358409 0.0835168657249932 0.0861625511464009 -0.00710295590775102 -0.0272494209064834 -0.0203285374866971 0.0256604805087449 -0.0476893507866727 -0.120119674907523 0.00749981088379561 0.0291412645338615 -9999 -9999 -9999 -9999 -9999 -9999 -9999
0.0453268997742525 -0.0340752049455662 -0.0226553197111059 -0.0358752196679081 -0.0548324067920458 -0.0768205072579264 -0.00896581852587108 -0.0884927632862905 0.0578383486430336 0.0610529689012432 0.03041140361517 0.0886024297036479 0.213709484593611 0.104706428692851 0.0988038255725664 0.0834512215555663 0.0696049642542165 0.0797828071363384 0.104068594473166 0.141464357775655 0.221905080499618 0.25765580086435 0.2767720727108 0.308595761476262 0.37002460183765 0.382821351505516 0.380489928729484 0.295927408604106 0.209828206750645 0.274926931516373 0.220692389677187 0.11350400730154 0.194239587805269 0.178353941937805 0.0101198656664193 -0.0289210971288361 0.0847550806370985 0.00976778829081547 -0.0403090777856451 -0.0265104494698496 0.0481181974196789 -9999 -9999 -9999 -9999 -9999 -9999 -9999
0.0681315063189303 -0.0217287629391035 -0.0466533009360561 -0.0634251320612007 -0.082476531889755 -0.032576901542733 0.0252814569645707 -0.0279172922100423 -0.0549757758265054 0.158219131467693 0.108513863761098 0.124387805437455 0.237358730511214 0.241117810154939 0.205770531663695 0.113102624052291 0.0748717950448174 0.0983201256920869 0.0980659144115705 0.136056106683701 0.139330871127413 0.296257674750551 0.246744935273367 0.331240580108314 0.445235681768056 0.430601165257669 0.417105779753996 0.385742321894476 0.26749013268978 0.380527716337759 0.369336279894616 0.236581189178934 0.302725908768168 0.246339249862787 0.108109017769505 0.188155928001114 0.105305284202034 0.11318881638025 0.169402385823724 -9999 -9999 -9999 -9999 -9999 -9999 -9999 -9999 -9999
0.141762820903386 -0.0703749934073626 -0.0252266930422853 0.0600060582111776 0.0558319274751417 0.0357461285115408 0.0730608133671509 0.0287684903925177 -0.0213925198333677 0.19707512508545 0.130329821521851 0.216547365736752 0.217941668068765 0.288035413406195 0.196543965945387 0.200503793950966 0.156747362433114 0.11040567428438 0.0993351384386649 0.143966797158537 0.178475490447166 0.237362139887148 0.229970184119197 0.256136054140746 0.502670542543091 0.494352532958285 0.458915751625218 0.479930359280874 0.344214054885441 0.348044619661984 0.432425485953508 0.426300702466494 0.313662439880397 0.316624259246198 0.297505472261766 0.234892688717639 0.141541167098095 0.172201041958659 -9999 -9999 -9999 -9999 -9999 -9999 -9999 -9999 -9999 -9999
0.293863708512273 0.0146091314866989 0.0973085848461645 0.172605028841952 0.172778122854379 0.179481643923033 0.0743173487621604 -0.00496138284676657 -9999 0.187191971482394 0.166989698261285 0.128551943379015 0.236417446216705 0.272472268756954 0.22469872180916 0.162909546786988 0.123353256797517 0.142269698316092 0.0663489244245319 0.108921513017315 0.182796264742237 0.150378477464283 0.186518196320737 0.24984885836801 0.405330064259963 0.533590073087223 -9999 -9999 -9999 0.414823945142083 0.440154587675223 0.452512533314815 0.448385528998714 0.364401674615613 0.313372307578464 0.301065285373993 0.272423761742809 0.185472679953125 0.166313679299897 -9999 -9999 -9999 -9999 -9999 -9999 -9999 -9999 -9999
0.2100807400663 0.145379463125764 0.0666379596795958 -9999 -9999 0.0385098208879055 0.0357610360967058 0.09059296808916 0.263028136807815 -9999 0.153087397374144 0.0647283655332319 0.162146424006441 0.123374262004714 0.093994602784531 0.1180533032341 0.0786637264856159 0.131160989830153 0.147317883957708 0.194319434908945 0.185609326134012 0.469742727141303 0.389539413684539 0.400689271658889 0.54267118744148 0.495309239687315 0.52845125413599 0.46174923340404 -9999 0.483920729952723 0.414784958863915 0.431446878844855 0.422999662358622 0.178226325144927 0.211054000177081 0.228996800506671 0.235049122299834 0.202928059585562 0.171790117582841 0.148219251842068 0.0359705597247197 -9999 -9999 -9999 -9999 -9999 -9999 -9999
0.187414312347914 0.0859655744506523 0.0828872042485563 -9999 -9999 -9999 -0.000444360969025859 0.107056354496815 0.318527906960363 0.330643545803526 0.0706759755050979 0.051594843293878 0.043442047629288 0.047364172933296 0.0361006425823359 0.0921217427276461 0.0510204843947597 0.0374430081575379 0.0152396898877912 0.164707729063008 0.219258779316598 0.566670211813514 0.712183285147023 -9999 -9999 0.509618745233913 0.50839623100532 0.470164011294009 0.550294784493943 -9999 0.472942187958304 0.356388136318404 0.0210175037458229 0.0708756650574799 0.122960426498654 0.160293452913161 0.202696801083815 0.112467409464848 0.0818310674924382 0.131146785932615 0.0426806081954929 -9999 -9999 -9999 -9999 -9999 -9999 -9999
0.206727465847686 0.190274869156505 0.188094122034939 -9999 -9999 -9999 -9999 -9999 0.310631978233891 0.254587418626332 0.132002638687641 0.0121177724852959 0.0141349644479994 0.0533476547757627 0.00887379566959073 0.017818318836776 0.0104355227663676 0.0371106455268805 0.0496242060064589 0.0919256724421936 0.195218962538796 0.213133344808792 0.205151977789574 0.52171475509733 0.503014032185307 0.504201694565575 0.465808061588262 0.442023624664895 0.434037456134982 0.377721449722514 0.386807029930352 0.348511731082214 0.105596667574765 0.229561134621098 -0.0581117048635918 0.0304257015525629 0.0566793695619779 0.0280728564038561 0.0634384541879304 0.10059925877697 0.0977558700242681 -9999 -9999 -9999 -9999 -9999 -9999 -9999
0.194182326240649 0.18820517940529 0.225668759308671 0.243547761511835 -9999 -9999 -9999 0.288771444022166 0.236326997063292 0.213391787006501 0.088914956079828 0.0457169443903941 0.0117576723841863 -0.043114145112661 -0.0544917488834221 -0.0748693515187471 -0.0225993125855115 -0.0152173985822554 0.0491823078552071 0.0766561882433121 0.162612918373149 0.175264106540458 0.150529071307223 0.235456699547485 0.351307298663288 0.494972845970828 0.291195076022758 0.313523120277529 0.273568437320374 0.247692568200802 0.264115983654434 0.105400296000571 0.0257811279552914 -0.120565334697358 -0.118954134113144 -0.153903154638289 -0.133681195590122 -0.0638404955952392 -0.00897599516607187 0.067949805290352 0.0397230067964092 -9999 -9999 -9999 -9999 -9999 -9999 -9999
-9999 0.196118365772023 0.226623129132201 0.272264666115768 0.21794906301557 -9999 0.286232609621806 0.308111311140714 0.213502076056291 0.108210723597898 -0.0408604062878032 0.000814975021449303 -0.0882999323109297 -0.107959305798963 -0.0732440767784153 -0.0576497769106223 -0.0353130186363071 0.000940704719615645 0.0912940036738465 0.0787666847423429 0.106705088963922 0.17521412149384 0.11455133557647 0.108193274560234 0.270229980110955 0.33998142512261 0.244474978784358 0.205528201413868 0.243592605243429 0.141695569674806 0.124209740035488 0.0995374348021922 -0.0483958493474703 -0.192893858564796 -0.231701387048852 -0.225106978768484 -0.18931603744404 -0.211910487226199 -0.100222159570147 -0.0164804091066518 0.0535523496697978 -9999 -9999 -9999 -9999 -9999 -9999 -9999
0.287400335129168 0.330037800302614 0.249098946473119 0.251149382403955 0.264759291285189 0.437768373692454 0.31719129775642 0.203868932302075 0.197875988548746 0.133040410657693 -0.0111976654991914 -0.0579161304599087 -0.120313269286907 -0.147219499901269 -0.0764723298433416 -0.0679957781177731 -0.0530864321428758 0.00337568469060735 0.0309258962594467 0.0502231281998403 0.0571506330127002 0.108373674014133 0.106071449515644 0.0815918401539795 0.0907376583554668 0.224155022090352 0.189856773902151 0.11597400812836 0.108795349129336 0.108114875705487 0.0799555698951234 0.0408381584528808 -0.140354481838304 -0.299350761892064 -0.305532796992194 -0.225386548456208 -0.235648859184339 -0.250865541819261 -0.19150947871499 -0.124007251987856 -0.122904554776432 -9999 -9999 -9999 -9999 -9999 -9999 -9999
0.237813971009475 0.222317612868604 0.292587579530089 0.237892636553159 0.226848653399262 0.362012929144486 0.330109066682514 0.228053678249555 0.161212117590554 0.0132007817689139 -0.0504984601058568 -0.0754914703447904 -0.10250734471171 -0.209550974492279 -0.158563499937899 -0.10712968787123 -0.0923584268142341 -0.0567371559438745 0.00910395253800558 0.0926160288199649 0.0625087650669959 0.0208060188567521 0.0604825617048582 0.0225243332579691 -0.00313208479671836 0.0680381856408224 0.0287993685891279 0.018889024747835 0.0634345549570538 0.066445185864226 0.0974188163265894 0.0893741885627161 -0.152982601124316 -0.279614873093858 -0.334930726466243 -0.263485729041032 -0.247129503571459 -0.217918411614971 -0.254531064024397 -0.174571164714839 -0.0771093891214847 -9999 -9999 -9999 -9999 -9999 -9999 -9999
0.236090665729384 0.282649915960484 0.362607966272949 0.278872085115695 0.0205497421670054 -0.0345617055367293 0.0216956836332362 0.146668901457555 0.112994706575786 -0.0433991061011359 -0.108302009074394 -0.181142827163515 -0.192891359755387 -0.19565162464616 -0.233562986334832 -0.157072486739887 -0.0751363705956674 -0.089113187353607 -0.0442856002824388 0.0100894086187341 0.059759694878372 0.0299990773399554 0.0298968934708535 0.00396209885343371 -0.00487251664883839 0.008834949696424 -0.0202879987735422 -0.0056152342174556 0.0243678491086102 0.0536828798268254 0.0690466924224089 0.0383055081632061 -0.209330215768756 -0.307998685403128 -0.358677392621413 -0.26639255840447 -0.31953302884856 -0.319083226715748 -0.285920391707668 -0.225334803176689 -9999 -9999 -9999 -9999 -9999 -9999 -9999 -9999
0.217889110661961 0.22150953579405 0.300694995567354 0.20145715691986 -0.0675842909251343 -0.100683796895588 -0.0491274473936992 -0.0753821565912513 -0.0381015516984948 -0.138253224493292 -0.190369230209826 -0.217142534107139 -0.256457166209342 -0.229209630171179 -0.174490918894074 -0.112592284235504 -0.210653371324899 -0.179401547141133 -0.057894429026642 -0.0310076352963129 0.0542457063916144 0.00281757142179182 -0.00542762437895599 -0.0170945253779135 -0.00836349916789479 -0.00724692966264936 -0.0395493249458381 -0.0277790068291375 0.0231239091940699 0.0200520221644671 0.0653748116143636 -0.0237470565040101 -0.180794051723297 -0.296210099261869 -0.338945942522 -0.38860479858341 -0.280124137663926 -0.340151386663945 -0.345790169763929 -0.340037516554084 -9999 -9999 -9999 -9999 -9999 -9999 -9999 -9999
0.331303758032314 0.253805003769802 0.12390850544738 0.14348409594732 0.144431558861641 -0.102861753696425 -0.23042527064819 -0.143444840587348 -0.106692485758088 -0.243351810378844 -9999 -0.251574053306601 -0.206283639035306 -0.261863654436291 -0.169443649548823 -0.0737559102366201 -0.218891403712154 -0.157751259738042 -0.0666667985633152 -0.0454217055083981 0.0397210622383219 0.0412058350247467 0.0302165585372561 -0.0662509406056139 -0.0643449966833374 -0.0533902643102914 -0.0460715069077446 -0.0172485325120421 -0.0292193058416983 -0.0448875123975647 0.00478264329753926 -0.136386326049858 -0.285232188080694 -0.339665827927076 -0.364790082287903 -0.340206877190804 -0.261763264982622 -0.272407084535079 -0.343094663376392 -0.399254571108309 -9999 -9999 -9999 -9999 -9999 -9999 -9999 -9999
0.293244619923557 0.200926397225083 0.0707755401041469 -0.00889389767795748 -0.142288232607904 -0.153616603668593 -0.249972961365575 -0.239113940363011 -0.222199270058874 -0.288336996194463 -0.262712592509583 -0.22195129121815 -0.221985537338201 -0.190603780876161 -0.188942360078224 -0.175493485808839 -0.146772550487111 -0.12102305176487 -0.116766726311891 -0.0422776435489921 0.0239032793988118 0.0064280929600986 0.0188228049783216 -0.0738835355917018 -0.0766900424539181 -0.0666687517567892 -0.0465521997745407 -0.0165691817304633 -0.0405889167416443 -0.0408848106257945 -0.0242450111885555 -0.0301211771029806 -0.282610567700991 -0.339832728693383 -0.383651133704132 -0.368770137998011 -0.303031654722632 -0.23120248073769 -0.271799883790353 -0.349003085814574 -9999 -9999 -9999 -9999 -9999 -9999 -9999 -9999
0.226237076559587 0.100051238156268 0.0576501082257073 -0.237625337309548 -0.212271288879195 -0.233175490530705 -0.25226251830024 -0.294575230942483 -0.228699906929803 -0.29830221620004 -0.319976482169946 -0.276139171606621 -0.271618724204738 -0.188528319775581 -0.200284036344362 -0.12569668397955 -0.0740820609706292 -0.0671994092898843 -0.0222737549943135 -0.0515723689377681 0.0531915984163635 -0.0318583484826209 -0.0136079386537669 -0.086408094916961 -0.0842274317100654 -0.100568353495853 -0.0864333385122088 -0.0803559927671534 0.00633707037884739 -0.00986636770353864 -0.0322238179263482 -0.168707630094597 -0.265187446007279 -0.315424417678456 -0.368369665829773 -0.381763230977657 -0.348574772556978 -0.286062912382223 -0.257446724632205 -0.415868396075978 -9999 -9999 -9999 -9999 -9999 -9999 -9999 -9999
0.250546230926823 0.218091539173042 0.0960823015016152 -0.112584234060739 -0.174812666748084 -0.204573702749299 -0.25709797644378 -0.312067892553198 -0.306491557854122 -0.327633712184175 -0.313565546293117 -0.304514508104043 -0.301807356883205 -0.222096365136844 -0.227530773286993 -0.212480333109618 -0.116936324266741 -0.101749084561621 -0.0488195351961636 0.0482966109402254 0.0605293417130218 0.0300481053074223 0.0110247557406082 -0.0988649674418711 -0.0871104886571428 -0.03074436485351 -0.0815146143461956 -0.0620313290314409 0.0173842634630575 0.00554898127874208 -0.00536816919879448 -0.069360469013313 -0.194227888913565 -0.342443929044118 -0.409213310831281 -0.357321611732687 -0.205992161217516 -0.226294976034961 -0.247526387126518 -9999 -9999 -9999 -9999 -9999 -9999 -9999 -9999 -9999
0.278920987190521 0.154812236464936 0.0684273963406792 0.00309608269888323 0.00355710631631318 -0.274729607632076 -0.273745171254891 -0.313060720818672 -0.318718449338061 -0.355209819794573 -0.329046684659538 -0.273756303957212 -0.251755553119818 -0.278177311823903 -0.255171078155305 -0.206161946140209 -0.175176837339373 -0.0629926139501369 -0.0415497786406869 -0.011390962574013 0.00180346966274662 -0.0681792343466924 -0.0508504797867265 -0.0334186554965097 -0.0491779429584703 -0.0269978825070237 -0.0553440141584742 -0.0135993082193849 0.0211795358021231 0.028539357442486 0.0952689402291623 -0.0697783919499356 -0.285658790275135 -0.359285818589302 -0.383522778195052 -0.329166721780611 -0.294897736685373 -0.199389903208256 -0.214627186863122 -9999 -9999 -9999 -9999 -9999 -9999 -9999 -9999 -9999
0.28013593035094 0.180390021639192 0.104200240623382 -0.0358281037863885 -0.146282612828961 -0.292730253350629 -0.276313285803269 -0.339221900361261 -0.358354845940423 -0.349156933567764 -0.378436323633943 -0.312779609781128 -0.267311960770735 -0.3018476438028 -0.270412770040989 -0.231948784116095 -0.15991495431517 -0.0475076498063349 0.0359231069077681 -0.00775890100745355 -0.00849862805791127 -0.0181517986656885 -0.0390485951311502 0.0625895083263959 0.0794665615620682 0.0137264905663618 -0.0486797359293537 -0.0348968457705429 -0.0284568208489889 0.0175548053994685 0.0790465965526391 -0.0113695827250391 -0.0357128837708771 -0.347051650522097 -0.359910710512104 -0.334575951687297 -0.302057299509341 -0.222078485968855 -9999 -9999 -9999 -9999 -9999 -9999 -9999 -9999 -9999 -9999
0.316089153966877 0.30490691947497 0.0278625933001975 -0.0360810783659542 -0.263261865075774 -0.260068031709786 -0.337846669132725 -0.367624826396646 -0.352392933685398 -0.359042972504922 -0.364566875303306 -0.359219722053651 -0.211769472541833 -0.177259425533519 -0.238743004106243 -0.233586241490103 -0.0922560004856574 -0.0695457641987354 0.165956847779563 0.0793912170751017 0.021444413681029 0.0863093600722864 0.124631617911032 0.160187557528042 0.0356900305257272 0.00869507551466507 -0.0441307197119199 -0.00847908260116894 0.0914446492073234 0.0900302079019237 0.164291738462429 0.133316704596926 0.109937049107831 -9999 -9999 -9999 -0.203098277148659 -0.20365648817221 -9999 -9999 -9999 -9999 -9999 -9999 -9999 -9999 -9999 -9999
