data/rasters/s3.31.05.li.1_xyz_08_.asc
NCOLS 100 
NROWS 100 
XLLCORNER -4 
YLLCORNER -4 
CELLSIZE 0.08 
NODATA_value -9999 
[rows 66 to 87 of 100, columns 48 to 95 of 100]
0.170157775563904 0.173002311810187 0.142681485063507 -0.0735092591821393 -0.233324215869101 -0.267478861525083 -0.284019217617842 -0.345987910431889 -0.339653136487781 -0.382081181503309 -0.363721990613048 -0.312242028739774 -0.265052247158061 -0.147046368582335 0.0549760662259701 -0.163747371002229 -9999 0.152812061922037 0.124938750040164 0.166349802115574 0.218484687743089 0.203293473302012 0.136577771026042 0.138207321842551 0.032451875382598 -0.0183207161408298 0.01020792553924 0.0144327382954629 0.0954402200195833 0.184838902394422 0.249289367179584 0.17214050680637 0.125312180141716 -9999 -0.557301991132882 -0.479653982967291 -0.300810723154777 -9999 -9999 -9999 -9999 -9999 -9999 -9999 -9999 -9999 -9999 -9999
0.0927765136770813 0.221931313723786 0.236932671367901 -0.0131485504587074 -0.193419004126982 -0.234017774019234 -0.295944027326653 -0.229078073620546 -0.15593453758917 -0.282520457025262 -0.287226773470196 -0.325970632192329 -0.290429985730381 -0.122795749325459 -0.0196162238529844 -0.099193297828429 -9999 0.144851306234693 0.166246187324031 0.188125734750093 0.135308695797625 0.163701315120766 0.0872578247064626 0.0319165688701052 0.0239331229462917 0.0176208016234105 0.0277431532018001 0.000456681075101952 0.0265794643101541 0.101666412889664 0.247001802545851 0.219106152939491 0.212342374847937 0.194771351233847 -0.521641190432732 -0.339432758988344 -0.271270674775689 -9999 -9999 -9999 -9999 -9999 -9999 -9999 -9999 -9999 -9999 -9999
0.080577709297087 0.0560025216112593 0.0595526585978151 0.0358130814767341 -0.206468318496075 -0.249267956740137 -0.28244953372176 -0.23507497584505 -0.124937099985011 -0.194572898942053 -0.293653386318406 -0.305614201252649 -0.127258423604543 -0.0817876875103851 -0.104556714094358 -0.0298256698801709 0.0755578522686753 0.110787739456185 0.134528618162936 0.172235737718889 0.158764522222339 0.120249001511365 -0.00541268985566585 -0.00818198554446538 0.0695998549038342 0.0343249584648488 0.0661110730333333 0.0692544708430345 0.165919982408902 0.302011662194395 0.0921134529142706 0.171527004315916 0.331224381743899 -9999 -0.253178863468595 -0.228477113883226 -9999 -9999 -9999 -9999 -9999 -9999 -9999 -9999 -9999 -9999 -9999 -9999
0.140194463844745 0.199955241746634 0.0668039693174503 0.0169749706009938 0.130424899160005 -0.213982315196232 -0.246636189246546 -9999 -9999 -0.233824765525889 -0.251577089753991 -0.236316344321111 -0.129333359167351 -0.119377849511726 -0.123615184549733 -0.0431321107009142 0.0190537519824514 0.0271967901763701 0.123194659042054 0.0710275815923353 0.0734333133278634 0.097273541182994 0.0218762396479116 -0.00409151848532975 -0.0306420731284028 0.00853505616158902 0.000187419541185472 0.132981204455223 0.190796909789455 0.280714052845722 0.0257968819168638 0.294518435425263 0.3908443219192 -0.162554383558769 -0.139906558785906 -0.150713382578013 -9999 -9999 -9999 -9999 -9999 -9999 -9999 -9999 -9999 -9999 -9999 -9999
0.232865257966682 0.221710772402762 0.108217788098009 0.0620342209446006 0.159151487951885 -0.152230959420913 -0.172662520266993 -9999 0.0199669959565213 0.0268012504126453 -0.14627620244231 -0.243413927746833 -9999 -0.0860892447409081 -0.099317541072805 -0.0763908996324601 0.00713173003220561 -0.00678403124538403 -0.0276505658462259 -0.00859343736434981 0.0566593727911748 -0.0340526012996445 -0.0084811631137642 -0.0776875273494122 -0.0832774696092607 0.00842211219844794 -9999 -9999 0.0975956140191919 0.093179065608388 -9999 0.287960603928873 0.167564944124453 -0.187652643489056 0.0145977172317841 0.0472532671737487 -9999 -9999 -9999 -9999 -9999 -9999 -9999 -9999 -9999 -9999 -9999 -9999
0.271891920874032 0.390660925587426 0.243154651734987 0.000452204545802681 -0.0265549851776934 -0.0487877415315925 -9999 -9999 0.0431001784145761 -0.00605180222468837 0.00993468852121887 0.0442666674673499 0.0366021479340359 0.03951852591813 0.0207135533044387 -0.00441666226211864 -0.0016818633934852 -0.0187951356408139 -0.0280021183414556 -0.0441198482369409 -0.106001763054198 -0.142391190465877 -0.0989469950129789 -0.116155146287871 -0.135316377516564 -0.137347020133002 -0.0238693305349594 -0.0495793994631728 0.0805129994632265 0.164359238488215 -9999 -0.203201240747529 -0.039137548784981 -0.0506635055132251 0.017719755016667 -9999 -9999 -9999 -9999 -9999 -9999 -9999 -9999 -9999 -9999 -9999 -9999 -9999
0.218143876356616 0.188963420217375 -0.0134279932988944 -0.0491323037140483 -0.0814300598277229 -0.0169279834695917 -9999 0.104887857734012 0.0371657642352095 0.0262234642056744 0.0234891959404954 0.0384853010512901 0.18040049979567 0.0438727037078894 0.0834343629957311 0.0456395474467253 -0.00774643448810908 -0.0519377218616222 -0.00164999397741447 -0.0211571994833235 -0.0891108325799201 -0.199371692322699 -0.242131742307272 -0.153102125116467 -0.121047779640388 -0.104901643404085 -0.0260311346096903 -0.00616618759818014 -0.0398281514973658 -9999 -9999 -0.199831129615788 -0.0862985215118571 -0.0307768777111802 -9999 -9999 -9999 -9999 -9999 -9999 -9999 -9999 -9999 -9999 -9999 -9999 -9999 -9999
0.226074933757845 0.103436273327744 -0.0132181823167182 0.0355059456238372 -0.144492764616346 -0.0564130608832896 0.040974072748026 -0.0196450994625376 -0.00658836709771172 -0.0261737279539769 0.00915707226740553 0.00582893360153644 0.0383759672578676 0.0292031330559057 -0.0122991356615724 0.0324962698857046 -0.0133935186364091 -0.0212249097063778 0.028400049338969 -0.0406764722920654 -0.0452817529429725 -0.150942609385459 -0.218871532469078 -0.146310221445295 -0.117759607902584 -0.0998963393714655 -0.0307699617019095 0.0155118694368097 -9999 -9999 -9999 -0.169211734892936 -0.0189384921161649 -9999 -9999 -9999 -9999 -9999 -9999 -9999 -9999 -9999 -9999 -9999 -9999 -9999 -9999 -9999
0.255107554432737 0.0842442609669871 -0.191025447422251 -0.106702214366419 -0.177283379394706 -0.143334485472956 -0.028546558130465 -0.030102530708619 -0.063376660469175 -0.122308020341418 -0.0668054482348067 0.0372714527411535 0.00682961140140688 -0.0176587372143674 -0.058112920200865 -0.0830044536244083 -0.0327365043631179 0.0190651828567565 -0.0943359035078475 -0.075094398210016 -0.0900881011826979 -0.192096054907765 -0.1889560507281 -0.132662997252983 -0.145658994624821 -0.111508858851456 -0.046511598820342 0.0656635421340332 0.0935949132972525 -9999 -0.240315293038992 -0.0432189151827605 -0.000159553160166056 -9999 -9999 -9999 -9999 -9999 -9999 -9999 -9999 -9999 -9999 -9999 -9999 -9999 -9999 -9999
0.276931998658949 0.0635397565215619 -0.121923488187513 -0.1601349533396 -0.174396968450669 -0.162817831032666 -0.0869267951115654 -0.104697387355866 -0.173506826332032 -0.12001462689261 -0.0163037592621974 0.00718745469902865 -0.0466049475205749 -0.073090006383277 -0.0473874853832365 -0.0437158462690234 -0.0403305892818899 -0.0258287113772214 -0.0492108428434008 -0.0788639605135559 -0.127870289580085 -0.229965375601175 -0.220623196249044 -0.119337208127133 0.00397032304932221 -0.0629606794750845 -0.0759176997779155 0.126204035506962 0.149772725033314 -9999 -0.0883180315246474 -0.0278515164515958 -9999 -9999 -9999 -9999 -9999 -9999 -9999 -9999 -9999 -9999 -9999 -9999 -9999 -9999 -9999 -9999
0.126543084557424 0.0512334796697147 -0.0808862364740864 -0.133324976330226 -0.183477525325758 -0.195424797339546 -0.105927515092935 -0.151860824314522 -0.175565988821027 -0.136194619904297 -0.118278248029857 -0.0793954753044549 -0.0589861418478874 -0.0627955806770781 -0.0830668442905138 -0.07889190379497 -0.0163325172747982 -0.117905570335701 -0.0972906430765322 -0.0493384890383418 -0.0842979596834757 -0.198845038514789 -0.165324630947157 -0.163365734826315 -0.210675255182031 -0.00288258090790106 -0.0503910742380949 0.11333696582034 -0.029602422868175 -0.081235383119973 -0.0712183866009408 -9999 -9999 -9999 -9999 -9999 -9999 -9999 -9999 -9999 -9999 -9999 -9999 -9999 -9999 -9999 -9999 -9999
0.0238862625623379 -0.0858173152123155 -0.155939105538761 -0.136633020496335 -0.125369171088567 -0.146193721056866 -0.107218522363661 -0.138135429757195 -0.182699546924633 -0.161386013797828 -0.158591927745663 -0.0941843311523525 -0.0786538993871088 -0.042753907663805 -0.0602082800528126 -9999 -0.0420070161632538 -0.122201821922523 -0.0816372286643857 -0.0430791500745767 -0.00871151047303538 -0.0182092093115756 -0.0849534372571714 -0.157426071348411 -0.147155419513153 -0.236918480943299 -9999 0.194728917907735 -0.0696832119091158 -0.0863298090088098 -9999 -9999 -9999 -9999 -9999 -9999 -9999 -9999 -9999 -9999 -9999 -9999 -9999 -9999 -9999 -9999 -9999 -9999
-0.128110695126544 -0.14367644727489 -0.199611627211074 -0.209550377193655 -0.171835074080705 -0.150721367227665 -9999 -0.14701526522238 -0.134045672887629 -0.170481725332008 -0.188845281328575 -0.117176765657022 -0.109079429983965 -0.0446587493302282 -0.0718619581280344 -0.10802503194984 -0.0786667881870241 -0.0880343054425547 -0.0813026571831663 -0.0402998885187166 -0.0316101689894831 -0.0480497816485304 -0.0986992817998466 -0.112175625569731 -0.0847052371622061 -0.131568934984105 -0.222975599726285 -0.057874935027936 -0.0397578152851898 -9999 -9999 -9999 -9999 -9999 -9999 -9999 -9999 -9999 -9999 -9999 -9999 -9999 -9999 -9999 -9999 -9999 -9999 -9999
-0.111562475730074 -0.204325682452055 -0.183157192006652 -0.190306065644139 -0.226543086225832 -0.178246500403929 -9999 -9999 -0.124172223278502 -0.110798005786976 -0.121409449736487 -0.099892057683801 -0.132909205955918 -0.0663248702754772 -0.0439779904762335 -0.0977225051028678 -0.105221040833853 -0.0445580058661239 -0.104372914781497 -0.0803091267992653 -0.0611306561993101 -0.0429927363194662 -0.0858163026479317 -0.0936686338632142 0.00168603736202384 -0.184310345266668 -0.143636635072258 -0.0725724436827265 -9999 -9999 -9999 -9999 -9999 -9999 -9999 -9999 -9999 -9999 -9999 -9999 -9999 -9999 -9999 -9999 -9999 -9999 -9999 -9999
-0.151633995685592 -0.177974408665985 -0.179287570755801 -0.102831801567279 -0.175960017173433 -9999 -9999 -9999 -0.121101742513749 -0.142003981782625 -0.137495656061074 -0.120320040329658 -0.191031114709878 -0.158166395908487 -0.146434259329222 -0.137735832763314 -0.137221685703366 -0.118550984824275 -0.087735854497545 -0.130156680009653 -0.104029986525675 -0.0668497210302967 -0.0539669459315483 -0.0348447505365449 -0.0245942380649862 -0.111397398551491 0.00461399965045444 -9999 -9999 -9999 -9999 -9999 -9999 -9999 -9999 -9999 -9999 -9999 -9999 -9999 -9999 -9999 -9999 -9999 -9999 -9999 -9999 -9999
-0.178816551687319 -0.179615547549482 -9999 -9999 -9999 -0.25933821666801 -0.337361521386055 -0.332754027077651 -0.26083751179315 -0.272347390466406 -0.238214588777964 -0.239379997544227 -0.156889907135 -0.142724356777002 -0.0819031238853688 0.0330631990651996 -0.0471463847522646 -0.0698105384376769 -0.0919109951334652 -0.145596037067198 -0.194830882424994 -0.267637150469932 -0.110826094040294 -0.0877310883609923 -0.123208340449402 -0.156110625104849 -9999 -9999 -9999 -9999 -9999 -9999 -9999 -9999 -9999 -9999 -9999 -9999 -9999 -9999 -9999 -9999 -9999 -9999 -9999 -9999 -9999 -9999
-0.0478653351518495 -0.201874561462645 -0.178114582154955 -9999 -0.207249208799243 -0.273993487418287 -0.306317155510943 -0.291779472896723 -0.254026787849992 -0.218894076924581 -0.171383527596101 -0.0495947047256356 -0.0687155054111117 -0.0950573015313745 -0.146054818262301 0.00914035348022221 0.0470594305753001 0.00112074690202457 -0.0884554605014738 -0.0817019881895524 -0.186080928126571 -0.181936181349493 -0.189660227002732 -0.0172165442245161 -9999 -9999 -9999 -9999 -9999 -9999 -9999 -9999 -9999 -9999 -9999 -9999 -9999 -9999 -9999 -9999 -9999 -9999 -9999 -9999 -9999 -9999 -9999 -9999
0.0853030290001361 0.0130702459874695 -0.0334376126112896 -0.12251950509862 -0.153225572811464 -0.17505917943483 -0.221224643670026 -0.119988780734586 -0.190465122734015 -0.21742414731014 -9999 -9999 -0.0489214954001403 -0.0782557043994343 -9999 0.0271403284824355 0.0852990582670814 0.0184843393358005 -0.0562109101593545 -0.124871240811535 -0.188800054105893 -0.200887913987975 -9999 -9999 -9999 -9999 -9999 -9999 -9999 -9999 -9999 -9999 -9999 -9999 -9999 -9999 -9999 -9999 -9999 -9999 -9999 -9999 -9999 -9999 -9999 -9999 -9999 -9999
-9999 -0.00335240200110427 -0.0677104414964284 -0.131662463248876 -0.0972731222997884 -9999 -9999 -9999 -9999 -9999 -9999 -0.065163783787786 -0.0423241342626435 -0.0688382877968088 -0.10881164874126 -0.0122473637281346 0.0204290016114155 -0.0643609728566145 -0.129116883590271 -0.205663978588674 -0.16804661294964 -9999 -9999 -9999 -9999 -9999 -9999 -9999 -9999 -9999 -9999 -9999 -9999 -9999 -9999 -9999 -9999 -9999 -9999 -9999 -9999 -9999 -9999 -9999 -9999 -9999 -9999 -9999
-9999 0.029677654305515 -0.0171399927427236 -0.0711407032332799 -9999 -9999 -9999 -9999 0.0027793789111421 -9999 -0.0300817293090721 0.0137069463952966 -0.0324741611824833 -0.127857779665182 -0.271410303951043 -0.203435976188349 -0.16683543895358 -0.173065904400082 -0.14648993269095 -9999 -9999 -9999 -9999 -9999 -9999 -9999 -9999 -9999 -9999 -9999 -9999 -9999 -9999 -9999 -9999 -9999 -9999 -9999 -9999 -9999 -9999 -9999 -9999 -9999 -9999 -9999 -9999 -9999
0.138999620293981 0.0879125640929772 -0.0169649334132819 -0.0394896161255322 -9999 -9999 0.0236590486717779 0.134087107388507 0.105478017725455 -0.0661641696443243 -0.0619432041449966 -0.0692054551691128 -0.108874363794428 -0.171910825444644 -0.168799372183814 -0.167185430163004 -9999 -9999 -9999 -9999 -9999 -9999 -9999 -9999 -9999 -9999 -9999 -9999 -9999 -9999 -9999 -9999 -9999 -9999 -9999 -9999 -9999 -9999 -9999 -9999 -9999 -9999 -9999 -9999 -9999 -9999 -9999 -9999
-0.12707002204365 0.176490046847316 0.0849882408887199 0.0528894277511442 -0.474416653604449 -0.403295014948895 -0.179898368560448 -0.208316955123379 -0.0856372475476351 -0.0704343284989212 -0.16885687833066 -0.106645489387836 -0.177249866684506 -0.165741471432771 -9999 -9999 -9999 -9999 -9999 -9999 -9999 -9999 -9999 -9999 -9999 -9999 -9999 -9999 -9999 -9999 -9999 -9999 -9999 -9999 -9999 -9999 -9999 -9999 -9999 -9999 -9999 -9999 -9999 -9999 -9999 -9999 -9999 -9999
