data/rasters/s3.31.05.li.1_xyz_08_.asc
NCOLS 100 
NROWS 100 
XLLCORNER -4 
YLLCORNER -4 
CELLSIZE 0.08 
NODATA_value -9999 
[rows 44 to 65 of 100, columns 0 to 47 of 100]
-9999 -9999 -9999 -9999 -9999 -9999 -9999 -9999 -9999 -9999 -9999 -0.0913703610546519 -0.087000674946848 -0.165783421177574 -0.219661165006756 -0.210488533785149 -0.134081852215066 -0.194624695785569 -0.207403203035417 -0.175805102680278 -0.206976050236961 -0.246427565249271 -0.243563801652315 -0.236879455313656 -0.230820146242871 -0.284161795076593 -0.220845544186123 -0.114726102172953 -0.043487859672894 0.0690571379222649 0.228937339454002 0.264946530957888 0.289568188593564 0.191336718558656 0.137665984816777 0.152191340639406 0.167726242904493 0.234671577439344 0.171201805803269 0.0860803270190911 -0.010539817306812 -0.0136146745340909 -0.0353240882358759 0.0167222665568808 0.00781376340642065 0.0169164055976848 -0.00890914621710428 0.0196873549055456
-9999 -9999 -9999 -9999 -9999 -9999 -9999 -9999 -9999 -9999 -9999 -0.120812406780434 -0.213849094917715 -0.24728169228383 -0.225893769519064 -0.204705638310085 -0.159172884608765 -0.160395501027604 -0.207817796634517 -0.166917847954959 -0.221370151265501 -0.301651808624857 -0.339203612566784 -0.324904702150646 -0.280512380025683 -0.301963481252622 -0.277364528727907 -0.210179401108955 -0.129688240030919 0.0487140288363041 0.0980071221634809 0.269802401552785 0.167898695285553 0.231445914205544 0.169528561344465 0.142625411084854 0.0970411538939415 0.17647292921432 0.155975864549466 0.0265179417739488 0.0297560878297995 0.0459676397134565 0.0258653175258556 0.0824029388994944 0.0444406649707428 0.0660968092250773 0.0714084684638663 0.111800932425671
-9999 -9999 -9999 -9999 -9999 -9999 -9999 -9999 -9999 -9999 -9999 -0.0287959609501593 -0.172995313600942 -0.261611559850422 -0.234996005299066 -0.210283741203725 -0.199713066982114 -0.148916363057459 -0.153194808834467 -0.184086035865101 -0.174587297840659 -0.277799297856517 -0.271395296747197 -0.317164652772671 -0.317249329782495 -0.255703461954501 -0.216591651376449 -0.12501647707 -0.0214375704224535 0.087779866481014 0.17536769414125 0.260079272104862 0.210357121866263 0.135800323808422 0.158342791842144 0.0911048338277216 0.102935665874671 0.135979756030801 0.0985519975584909 0.0878931667234947 0.144814441547544 0.0737176080298148 -9999 0.152076045989078 0.17003282818675 0.206782986772161 0.159143856601569 0.180564778353997
-9999 -9999 -9999 -9999 -9999 -9999 -9999 -9999 -9999 -9999 -9999 -0.141598488541506 -0.186356150303974 -0.196402271035129 -0.197272470056476 -0.212512651399351 -0.211396318645581 -0.154836281377388 -0.164299025635071 -0.207759971236884 -0.209782962033678 -0.26954380564779 -0.270669680143518 -0.30202003561133 -0.338754927327528 -0.285019302329535 -0.264075819089253 -0.161843819138083 0.137901182686195 0.133389153066249 0.269460059934946 0.230360112899044 0.138724062768728 0.13255560381386 0.141145067364114 0.051056744700542 0.0820700243730629 0.158984168317388 0.0928393875032468 0.0831679399353492 0.109758947144604 0.0790665316259736 0.0922332846203202 0.0946365397160235 0.17458674482599 0.254933979249293 0.19967699491124 0.175719193667615
-9999 -9999 -9999 -9999 -9999 -9999 -9999 -9999 -9999 -9999 -9999 -0.134951807804609 -0.171629037128619 -0.173931794507731 -0.125861281526677 -0.185870678637861 -0.17149716312003 -0.145885513170789 -0.0856254426734596 -0.190701986767465 -0.196529317638576 -0.272498024749872 -0.267391471835221 -0.302944329570017 -0.273735429932832 -0.275716596442418 -0.259089912355515 -0.176675429070306 -0.043455049821544 0.0877047005163016 0.132150374039222 0.116768670783052 0.170033043366555 0.149565007263987 0.10419913538725 0.0747377184151354 0.087700983718994 0.0863676969575289 0.0901643406087015 0.109536495160598 0.143348734137244 0.127668253621096 0.0884511422261735 0.0813789564867955 -9999 0.214841378850665 0.228786661338944 0.325336325117909
-9999 -9999 -9999 -9999 -9999 -9999 -9999 -9999 -9999 -9999 -9999 -0.172625365307279 -0.178760005170551 -0.225099769969883 -0.159324902938363 -0.132170498199314 -0.134399054414003 -0.123883363462716 -0.0611380938332341 -0.182528233082555 -0.147930053901143 -0.178762817052674 -0.243140407219115 -0.27960862718719 -0.204915987008758 -0.225414856910078 -0.172865865179584 -0.132253290668695 -0.0569545228795383 0.054326331034195 0.103922430299246 0.106167127757424 0.150504738190676 0.172847154180619 0.120681416579636 0.101098107881965 0.152006837076792 0.152344485473695 0.141152029680285 0.135378972068913 0.267511292588688 0.28519895337671 0.260935861883599 -9999 0.282112361386387 0.233882843879055 0.192486092403634 0.326515197464035
-9999 -9999 -9999 -9999 -9999 -9999 -9999 -9999 -9999 -9999 -9999 -0.239821477238339 -0.216099603922096 -0.21854047190551 -0.181040213702269 -0.0988958931905639 -0.123904772579877 -0.0590507279820432 -0.0839291082609109 -0.0362501880591476 -0.0277614390642334 -0.254590603156162 -0.201842832311422 -0.176779276971815 -0.202971741106712 -0.0365971079995078 -0.0960446863204114 -0.0552774869181471 0.00759911442467534 0.0427276872292275 0.0910235470473479 0.147554551003964 0.172241995397837 0.167035047226237 0.177829176778574 0.103375087187435 0.184262113730785 0.212440068302561 0.217963104019445 0.219362895559346 0.1992660920197 0.238615126195676 0.331998236968116 0.350188898610159 0.335358709885881 0.246469531672636 0.211831247329081 0.27415398225702
-9999 -9999 -9999 -9999 -9999 -9999 -9999 -9999 -9999 -9999 -9999 -0.208220220055709 -0.164066922680161 -0.154164240906515 -0.0949036016216957 -0.0793855199870009 -0.103052949421545 0.0617255401026486 0.0349133595422535 0.0292875557908596 0.0271343725762152 0.235687621348879 0.0500367644060554 -0.114766865913773 -9999 0.0673378125550485 0.0359541083534368 -0.00401872899193443 0.0344931918637867 0.100165383066623 0.136545996360774 0.164175706928243 0.217738023207201 0.210697692919781 0.191495397594859 0.207034494241448 0.258488447617907 0.287403396266349 -9999 0.243029839780031 0.192218842666716 0.309375310212587 0.274527623124257 0.323013416299745 0.344920413029016 0.25588722716127 0.253940059213535 0.249197138047995
-9999 -9999 -9999 -9999 -9999 -9999 -9999 -9999 -9999 -9999 -9999 -0.0627203969315612 -0.155626929362171 -0.15602058446953 -0.031455357069694 -0.0826973175096383 -0.0805452376591705 0.0160503940537404 0.0444721488966635 0.150228981593219 0.107494750952307 -0.00685052068361437 0.0607644055195062 0.124545186648936 -9999 0.00776780603077947 -9999 -9999 0.101649013763444 0.0904313650325552 0.133089847653722 0.135313500323377 0.147167377516201 0.127184566516768 0.198223683526805 0.263225460725159 0.270010551109372 0.243232621410101 0.14947403831455 0.267329914342595 0.242852859590212 0.248512068135924 0.246111207916553 0.267426448420606 0.279332756084063 0.216092857216291 0.245561773944534 0.271068399570509
-9999 -9999 -9999 -9999 -9999 -9999 -9999 -9999 -9999 -9999 -9999 -9999 -0.116334032164176 -0.142288304754588 0.0805115923583458 -0.00223541014737037 0.0406023720143809 -0.00881717176600437 0.015486638507601 0.111397205346832 0.158134341674127 0.174994689359909 0.182751509694796 0.106462096197118 -9999 0.133107526362403 0.168899326350262 0.158524624936339 0.0985792302863216 0.0897828053873248 0.117139445060145 0.100078144057929 0.116199905645497 0.179180905984597 0.228082691534759 0.232941427351453 0.266536431322347 0.195706091141031 0.217997392947565 0.232528323722803 0.308587863488683 0.287911259927805 0.240449847805633 0.202541155862809 0.232516722476064 0.181465389584469 0.195251284431318 0.228980359651594
-9999 -9999 -9999 -9999 -9999 -9999 -9999 -9999 -9999 -9999 -9999 0.294680266986354 0.092172561696833 0.0358621216616635 0.104188161766801 0.0643860167648621 0.0920048543197535 -0.00281325080946609 0.0272118653223936 0.116917841946638 0.0901719280189161 0.0623836493048733 0.123834955900756 0.251486589234092 0.162779217886241 -9999 0.20041411534112 0.165442500064937 0.0853213918952741 0.0624256630087496 0.0885844234961348 0.0766239906655086 0.131464363803613 0.193622705463127 0.212735493933406 0.184461425116525 0.243469585876598 0.175185998002022 0.233905214112749 0.403762683720695 0.326347025564469 0.333494081781417 0.249864690706909 0.196805672420975 0.174204440158122 0.21063936251742 -9999 -9999
-9999 -9999 -9999 -9999 -9999 -9999 -9999 -9999 -9999 -9999 -9999 0.321019361374961 0.214337831000222 0.129186691159654 0.0815236897806254 0.0882747425795497 0.142178153249185 0.1330174985113 0.097141824853569 0.108777092704508 0.0862490208336208 0.0682360551095699 0.16754128831501 0.271296223431766 0.162323938261969 0.300380683247841 0.261190843073 0.156010797957662 0.101343947216122 0.0712159348965496 0.0749711726181097 0.0669266862058643 0.10940742772012 0.130431371175312 0.102959832480061 0.14570324839951 0.161493282149182 0.132927825351995 0.148739790560733 0.255357376518976 0.385435899211516 0.351513491565812 0.271385543430595 0.200387438923541 0.200517954778828 0.218540744378113 0.217432837939463 0.321052467683167
-9999 -9999 -9999 -9999 -9999 -9999 -9999 -9999 -9999 -9999 -9999 0.0309391997988619 0.156247822929021 0.261695904987092 0.188720239584941 0.0736265213397946 0.0537654956850227 0.00283334747998723 0.0264422699817888 0.14560474516666 0.0465225706623879 0.031771160364653 0.108329567103617 0.127093593607288 0.149890217614586 0.235659403548622 0.226312251526473 0.129868384973838 0.130185746047453 0.0873343237821273 0.133217496077233 0.0775830061410123 0.0980898760993168 0.0521715279755139 0.105501181715247 0.138466370200403 0.121802596171983 0.114240899464769 0.204367702906705 0.261156115930483 0.328821514322244 0.277861598202991 0.332492337013559 0.294588109421699 0.245250013953894 0.201405073514178 0.245277156575594 0.223511246488589
-9999 -9999 -9999 -9999 -9999 -9999 -9999 -9999 -9999 -9999 -9999 -9999 0.0644231686096671 0.14190913740088 0.133251293630145 0.134312746928231 0.0307034533382438 -0.0481414502743555 -0.010663883568965 0.0950975554711864 -0.0115477098572373 -0.0693384780794348 0.0177002894031803 0.0440000978690006 0.168185919422549 0.201010632948733 0.287221344885197 0.189292516564146 0.137469822806336 0.0585899147541014 0.0496954009725663 0.0539506987129233 0.0797626275042082 0.130969608695869 0.0773049028679565 0.0868033554382492 0.0762221568273203 0.110583010696581 0.16192432150465 0.206894689201003 0.305927455066789 0.344656376652152 0.259870453046014 0.312131026584481 0.289806213789167 0.209080244695572 0.268477911202501 0.232359987446122
-9999 -9999 -9999 -9999 -9999 -9999 -9999 -9999 -9999 -9999 -9999 -9999 0.129249972647366 0.0786556174637745 0.11947564682109 0.123813984021987 0.0656676862770571 0.00729625264200944 0.0249007834139336 0.0209578707695873 -0.00740827378306055 -0.0538737067813364 -0.0066547480626443 0.0435390282148223 0.117749803499452 0.111370641101787 0.134622163308642 0.194897164551527 0.132940800891388 0.0962557504187873 0.0443724282658718 0.0537402268051713 0.116938658382152 0.137117227502804 0.0430311283335148 0.124525385682844 0.0731776892562071 0.116459210900582 0.194991280390256 0.204377629282643 0.261384852124913 0.409351974594665 0.240514131162294 0.380920923104157 0.334409875902405 0.266085920194494 0.293222551744924 0.297091241026441
-9999 -9999 -9999 -9999 -9999 -9999 -9999 -9999 -9999 -9999 -9999 -9999 0.0388010454638277 -0.0511159949054002 -0.0109241295326305 0.103614482694233 0.0289642827540199 -0.00279523534476359 0.0305808475003311 -0.0490669489703477 -0.00749053204270442 -0.0383627951060971 0.030820189163478 -0.00344359028316924 0.0409330727310018 0.0657096059385121 0.0989228156081368 0.112434875522843 0.0734937849592595 0.125065704586247 0.063773405921602 0.00380600632388254 0.0437283756144592 0.0880757223379508 0.0848283262838737 0.121724833535109 0.0690034564198265 0.120245916977917 0.185736438087091 0.21075542267864 0.281076580242103 -9999 0.376822531870672 0.374811589227222 0.400833360074647 0.348870503910338 0.275075761099849 0.28854980677255
-9999 -9999 -9999 -9999 -9999 -9999 -9999 -9999 -9999 -9999 -9999 -9999 0.0101755736090803 -0.130654437237883 -0.139497859572673 0.045674903722899 0.0399616127531428 -0.0324480999162191 0.00446993957761406 -0.0548004741936022 -0.0302810723396545 -0.0375773593028687 -0.0211214248826383 -0.0274589174029965 0.0518144081134924 0.11876774269511 0.108218937401157 0.0715129209705302 0.104798616292725 0.121875126626962 0.0602229502120686 -0.0493321530765265 -0.00926979996287386 0.11993794952361 0.10043579249344 0.115431751053638 0.101398653567621 0.385410116983655 0.300229580614243 0.26948355359743 0.271780195651813 0.288104495016844 -9999 -9999 0.354368165163497 0.401535238620859 0.321759434713977 0.320646410237719
-9999 -9999 -9999 -9999 -9999 -9999 -9999 -9999 -9999 -9999 -9999 -9999 -9999 -0.104322430455005 -0.0338869505074922 0.182477692447436 0.149333224216984 0.101171711820844 0.0207217123164914 -0.0099309794823607 -0.0213458424576784 -0.0203042204691063 -0.0296667650795463 0.0965417788873416 0.080214786758785 0.111159387240706 0.125373137655098 0.0769528707182265 0.129659585688014 0.135049822362603 0.0638782354183139 0.00388972447661771 -0.0267365264700962 0.0788208925893214 0.062607316123761 0.106337759419264 0.154674859668078 0.296440675101375 0.356200231542695 0.343964361723476 0.285513739999457 -9999 0.320123674329936 0.347031990002559 0.299324448675506 0.380425949515354 0.381993109212276 0.346607194880341
-9999 -9999 -9999 -9999 -9999 -9999 -9999 -9999 -9999 -9999 -9999 -9999 -9999 -0.162776218160423 0.0101910758011302 -0.0247955560142794 0.0821663141856861 0.113266107609323 0.0107593745228516 -0.00976185170791277 0.0280689430255111 0.00977824770817219 0.0169725818395266 0.0624460178253201 0.128253866807932 0.0870693813139904 0.112112528806336 0.0748986372773745 0.0368354386712053 0.0525982991635504 0.0660347796551245 0.0175479496850622 0.0146006915828971 0.0594258098483842 0.0827599131406277 0.10005676994941 0.141302992904184 0.205891056855175 -9999 0.410333631745398 -9999 0.320853835109913 0.318533346012182 0.458457379389822 0.271278581299669 0.325113536517454 0.362225162047465 0.326612179855953
-9999 -9999 -9999 -9999 -9999 -9999 -9999 -9999 -9999 -9999 -9999 -9999 -9999 -0.12527621970408 -0.0328470308057697 -0.0340944618200862 -0.0324771521499191 -9999 -9999 0.0188132856752816 0.0452538599958812 0.0457637531615426 0.0586147538313126 0.0584343564291776 0.201674174307853 0.0178461802949244 0.0200277344948308 0.0434458200857056 -0.0510245260753564 -0.0268367685683782 0.0242197826153122 -0.00210355865779639 0.0708029521035429 0.0445382846562687 0.0797617747820992 0.147668674719405 0.260754142080333 0.31221441691655 0.33750894934889 0.380833184968873 0.434098569080157 0.363865595501327 0.346357183215566 0.35664133716359 0.330210301576623 0.288237117030986 0.326927918179708 0.399331026605659
-9999 -9999 -9999 -9999 -9999 -9999 -9999 -9999 -9999 -9999 -9999 -9999 -9999 -9999 -9999 -0.0500516319103264 -0.0645560734220879 -0.0217578835447425 0.215537579054425 0.0778440142402679 0.0493054444675236 0.0891454649410375 0.204442006436864 0.108531693506741 0.279594019728136 0.0584453012628844 -0.0197422496932805 -0.00783294805122436 0.0281346541321163 -0.0214317763599169 -0.0278424613403771 0.0377016576112472 0.0773747723853138 0.0715552828936145 0.107675661412698 0.150024030050999 0.207976681274308 0.371926890551839 0.31842550315089 0.382230017140147 0.385937816014789 0.405516831749944 0.372090464191045 0.344678310543351 0.29827899143004 0.287089472736089 0.268633639863219 0.36860838796101
-9999 -9999 -9999 -9999 -9999 -9999 -9999 -9999 -9999 -9999 -9999 -9999 -9999 -9999 -9999 -0.032166495867276 -0.0278130345149994 0.167102027714365 0.18601727999488 0.222946903674425 0.16889118637638 0.161476645910935 0.177894075325767 0.196610862315505 -9999 0.117635972904644 -0.0213594402638567 -0.0072414572264906 0.0170075667089865 0.0110854615406263 0.00663455943971035 0.0342180522831772 0.126490517295 0.131631582293641 0.176193184240825 0.156827009660708 -9999 -9999 0.352448821598867 0.385534360669432 0.380194953059418 0.427145272236642 0.377642756924257 0.326865832148543 0.299647787338608 0.276767022257402 0.331710011511056 0.269021907538877
