data/rasters/s4.06.07.cu.3_xyz_08_.asc
NCOLS 100 
NROWS 100 
XLLCORNER -4 
YLLCORNER -4 
CELLSIZE 0.08 
NODATA_value -9999 
[rows 42 to 62 of 100, columns 48 to 95 of 100]
0.314679239240157 0.327757367750379 0.268914295833085 0.244503158918475 0.227327737658664 0.266534073543144 0.313708736545424 0.182649355797609 0.255570337520422 0.183677098292454 0.185417824481794 0.244535129203899 -0.209292564450138 -0.290935062902282 -0.263168873218196 -0.266259061926816 -0.271323164694368 -0.290377365163589 -0.289404125255231 -0.260547586882225 -0.2987368642357 -0.307846813144823 -0.362056092766604 -0.407990404281256 -0.478927610981845 -0.460819616852541 -0.390294424040277 -0.411182576067161 -0.363614085942066 -0.315641440886231 -0.258847827240447 -0.175064866254618 -0.111086867441936 -0.229947262840989 0.00300881883177562 -0.0177154997790328 -0.122817313463357 -0.184666471949386 -0.194481173962616 -0.220838069675722 -9999 -9999 -9999 -9999 -9999 -9999 -9999 -9999
0.413481431911214 0.361679979836278 0.340626322478091 0.241617759827882 0.278938583197559 0.337427709693747 0.212981874455419 0.271671536024188 0.14971503804175 0.0688599091728763 0.168028202667709 0.0453212692509406 -0.321654623257435 -0.279460562420467 -0.200240680436694 -0.284593219982765 -0.29148511157285 -0.205899537361668 -0.193243824000768 -0.258024947335727 -0.336768641142701 -0.408728320541435 -0.482254184814139 -0.490493102051068 -0.555338480635658 -0.496475971862259 -0.493118022018834 -0.450356685527953 -0.415064764980791 -0.351957206359946 -0.261230674556242 -0.159597022271676 -0.085422312856989 -0.0843509336505546 -0.0208357506116246 -0.00968751969173765 -0.11590969812582 -0.126814292177869 -0.159881756875872 -0.13265198591969 -9999 -9999 -9999 -9999 -9999 -9999 -9999 -9999
0.362771269227549 0.370029248912146 0.405204399197362 0.368696464595779 0.300611583722219 0.33596131941479 0.306999701761236 0.399199775741368 0.226835656349939 -0.0204476498691491 0.0648259276256855 -0.0644399604708485 -0.145314366279979 -0.113680783746552 -0.300554316607691 -0.302262565437984 -0.200087864914581 -0.140517739693031 -0.154123252639536 -0.284788408161046 -0.392018996515376 -0.454925007991926 -0.526360984989428 -0.600295542245527 -0.603487867189131 -0.537786841724453 -0.465556915342126 -0.510875171491305 -0.469402070150556 -0.315668200436616 -0.213368777856906 -0.1005116320779 -0.0747044443365958 -0.0127992693825403 -0.0363750931710558 -0.0728524032790684 -0.045191758203576 -0.111413378053641 -0.0837746680019252 -0.0767828205382597 -0.0507702602878556 -9999 -9999 -9999 -9999 -9999 -9999 -9999
0.379592048564216 0.44192765794767 0.251315266508177 0.447365400733333 0.254405111882344 0.41802088227066 0.433472325803721 0.519439417756146 0.0439630116684593 0.0409125743856271 -0.0895798280522462 -0.101214047444717 -0.136764932616337 -0.322638369722017 -0.330587169795374 -0.268985183642063 -0.198495377059891 -0.184589069797824 -0.331482955267049 -0.259085700952727 -0.381692641697045 -0.483233609139402 -0.531547390808086 -0.568842284756814 -0.58160230995193 -0.617327860484552 -0.588781012531144 -0.54870696199324 -0.520915728166157 -0.398593319866657 -0.358467821287271 -0.0607504697724628 0.0172237509467718 0.0136114407897522 -0.0840684962286074 0.0337523760874361 0.0660848539942336 0.0831420061252253 0.0256120455859505 0.0610446459075064 0.0387984486545165 -9999 -9999 -9999 -9999 -9999 -9999 -9999
0.358679937218874 0.361264680992092 -9999 -9999 0.541427931449469 0.545588701735661 0.544464152338003 0.515912919637216 0.451524725681104 0.178803661112365 -0.075271168011644 -0.128139610226354 -0.363982562365939 -0.29869969389242 -0.279711940950835 -0.257319476703584 -0.214878181792632 -0.16138070361301 -0.166914863023552 -0.278966988029939 -0.331510565498496 -0.405478578943531 -0.460334059155933 -0.588939438375508 -0.590779548265876 -0.605395185400657 -0.555304418837369 -0.454550647284623 -0.413525144531 -0.447044843550985 -0.327164069270658 -0.0511721804654912 -0.0200636502738229 -0.0241008053751062 0.025018894043341 0.0823760869557611 0.0914451990676348 0.178467250710953 0.248707179843226 0.113201117694258 -0.0569044320288476 -9999 -9999 -9999 -9999 -9999 -9999 -9999
-9999 -9999 -9999 -0.0771900707511035 -9999 0.683266651973374 0.623975612150949 0.72867359249709 0.60063430824384 0.264428614316036 -0.0332584075523726 -0.190127595092737 -0.1996479590484 -0.113613815452075 -0.197932558605625 -0.230076103664234 -0.147603560880404 -0.123048644536147 -0.0387275730009855 -0.13033787549063 -0.232784932864561 -0.304038829308824 -0.525734012535036 -0.529776514889541 -0.53685947540718 -0.490504777473667 -0.490136928422066 -0.376456067562862 -0.39943890378413 -0.271023188636487 -0.153577484699076 -0.0386471672286482 0.0662043802735204 0.0066337884736581 -0.0049753617852475 0.0158168209366195 0.0426032867499244 0.161329797892257 0.217773775985792 0.0955535266500649 0.111083783219603 -9999 -9999 -9999 -9999 -9999 -9999 -9999
-9999 -9999 -0.154117525561379 -0.0973605478376298 0.6398302272484 0.650194914955555 0.725025372668451 0.757266040905427 0.718939800841477 0.144493101312807 0.132860204796569 -0.0114224477687626 -0.0967620641814316 -0.0529252102666024 -0.0854951878403322 -0.152934172168529 -0.0838679943453435 -0.105629258847527 0.060244317631501 -0.077952095842078 -0.112432881463183 -0.191438654483256 -0.404242061912282 -0.439594254863917 -0.3897347407899 -0.369235137634755 -0.438296755139539 -0.269372915456046 -0.159419319114891 -0.137496139520652 -0.0193611408514223 0.0465489099481101 0.0479947762324757 0.0265023433803787 0.0112727684051083 0.0318447763536332 0.0356381940539448 0.12102370353451 0.15068176747233 0.127151764846365 0.117301713405268 -9999 -9999 -9999 -9999 -9999 -9999 -9999
-0.369029224968358 -0.321132090212553 -0.158332744724819 -9999 -9999 0.754787173647759 0.644811107988525 -9999 -0.168261996526022 0.0816574275661999 0.215679668980215 0.0711568330991563 0.051897109261181 0.0161248711299432 -0.0773329059604075 -0.0328109518594454 -0.0265863540866791 -0.0676029162918307 -0.027452114848353 0.0127372262982189 -0.0853317207291307 -0.0823832973902119 -0.243018763066506 -0.363090165030682 -0.27677463348999 -0.244784983151729 -0.220752562158855 -0.113727517049893 -0.0261194731500734 0.0495855125681572 0.07433965836112 0.114301847143061 0.10866044446468 -0.00915736839621519 -0.0291270439922716 0.0861155199536692 0.169993930598138 0.149844650562272 0.136209153902614 0.188865976770568 0.0561591747026069 -9999 -9999 -9999 -9999 -9999 -9999 -9999
-0.369331643223023 -0.315883254181457 -0.269516744351113 -0.232369117619995 0.789652511407714 0.655468153646235 0.676059798796948 -9999 -0.163637339951125 0.326680941177839 0.321035449561105 0.163246852604315 0.0291661155565065 0.02089212251773 1.28981278129461e-05 0.0571137048445038 0.0226613857239524 0.00639739989713914 0.0217507953185476 0.198265127180846 0.100704986269565 -0.125500791762671 -0.195152776794066 -0.237742858809113 -0.253140749969366 -0.160003972550835 -0.16392346465104 -0.15566988120966 -0.0466967822355985 0.0435341946037679 0.151362952453007 0.0867281204543506 0.178945378604166 0.0525603858420124 0.143814714039946 0.219272531004719 0.272826117819688 0.211607641712643 0.230370886886311 0.305846818864758 0.318719253469175 -9999 -9999 -9999 -9999 -9999 -9999 -9999
-0.448908537011288 -0.361259555608864 -0.283933433621218 -0.311060605153907 -9999 0.610912175955864 0.660427675825644 -0.0218591878197169 0.0359280089888079 0.295277090240408 0.27331757810434 0.171704257885396 0.158338167167862 0.0799150279605427 0.0964457387407949 0.0559046568883718 0.0517011316701521 -0.205362181602439 0.141299618276679 0.156873782818477 -0.150831571808831 -0.0359880967494989 -0.036016667060555 -0.153678431707399 -0.112068978163207 -0.127182174186004 -0.05006771267684 -0.180164975853024 0.182164579554901 0.195934593923382 0.22122181483036 0.231070767866842 0.197672475701517 0.181897830387214 0.259305243791726 0.163408169988476 0.262180417800729 0.261451852961048 0.302812039289856 0.33708740358426 0.349781103560436 -9999 -9999 -9999 -9999 -9999 -9999 -9999
-0.427040436454196 -0.414151286407517 -0.384095841447805 -0.316730993342629 0.0545365992477637 0.47680114718002 0.852282589614836 -0.0700353766158046 -0.00586103083187729 0.206548690769901 0.221609346706714 0.168016420682926 0.132733967409119 0.124975515601177 0.108284259468268 0.0270863182068056 -0.0663566338493176 -0.213575607356842 0.0546684299011434 0.111823738646415 0.149967957109482 0.104238649385484 0.0800317478034257 -0.0109742605712045 -0.018543331667977 -0.00791451939735243 0.0374525845756363 0.162361588484215 0.253993632092869 0.28144470147925 0.258532152050438 0.317894552752543 0.286336316509583 0.310742396572825 0.264596212048388 0.316866181664491 0.326608741716165 0.268248026013901 0.300158062274765 0.381822214566707 0.393046321171538 -9999 -9999 -9999 -9999 -9999 -9999 -9999
-0.403218321062403 -0.313719765732617 -0.338833483074986 -0.251477883850425 -0.091109041260737 0.321116154360786 0.906950197975054 -9999 -0.0138481312894356 0.0888130729480379 0.155435633916548 0.255424016274885 0.152118148383644 0.163124913250229 0.0658879818207734 -0.00286529074422947 -0.0456314561678807 -0.0388094437170481 0.0534357983761303 0.116825867995707 0.140451915851238 0.0749367144936277 0.0565717656249462 0.114380969979758 0.0849804958205992 0.174094602758741 0.195378108621234 0.251237617626689 0.281401140667409 0.241806793907267 0.286598855574414 0.345242524673375 0.295578774740131 0.2736592280784 0.301034880794385 0.214182190402922 0.289466802575115 0.270362425349833 0.283619350806639 0.272767825223317 0.300530445389063 -9999 -9999 -9999 -9999 -9999 -9999 -9999
-0.419406102440065 -0.396897642759988 -0.350633980113031 -0.250295400428884 -0.0696663795008441 0.128620106666628 0.806948389025947 0.521641892151357 0.0681864107120135 0.0213927740300029 0.205861016724414 0.259560894575723 0.166160774399977 0.0993423099915706 0.0598035555439178 -0.0663926511697646 -0.0542457242989899 0.036914075426301 0.143159285718743 0.11376516724924 0.0543433346709857 0.113189730670541 0.12233029326834 0.133138360626808 0.158038244965072 0.208419783494846 0.229412307066269 0.34134242611143 0.381603221934373 0.337827638158091 0.361446164500895 0.304411061162502 0.294667018978002 0.227483250799575 0.28301876462646 0.232700659830388 0.281337647442316 0.210003239382331 0.196016552277858 0.310380897145592 0.31989500033695 -9999 -9999 -9999 -9999 -9999 -9999 -9999
-0.407581285270551 -0.396453004234003 -0.317643792409948 -0.337298761937813 -0.105565282635616 -0.0685978372992966 0.734970194120951 0.0157893713516522 0.064706283673465 -9999 0.247624120078671 0.304481823146842 0.185362161375063 0.20014670818048 0.0699979671819127 0.0368267836377113 0.0534916226284873 0.0675283370050987 0.0426198313194105 0.0235467396074473 0.0427325886544961 0.151748979353005 0.21376418099027 0.245107674794732 0.378459036012591 0.611408769092452 0.565868119745722 0.503570965971963 0.466139194508376 0.364950264436117 0.239698181641271 0.198498922812476 0.200759452124779 0.237333169232958 0.229577233996014 -9999 0.185758754928749 0.104731829140689 0.123291853543492 0.0346627601110291 0.0793446537280101 -9999 -9999 -9999 -9999 -9999 -9999 -9999
-0.397587713660624 -0.404203934189827 -0.390060954798759 -0.351822762740389 0.0992750852184311 -0.156726947424976 -0.108276570779913 -0.0249742011656261 0.0318586379998047 0.181675265591856 0.338712698051691 0.402340631435182 0.24703445933482 0.220934137820428 0.136949256476817 0.127381312995111 0.0983571794161303 0.0824939299267623 0.10414838578142 0.142307814637751 0.17843830205178 0.145447171275792 0.266933985936255 0.371161320330677 0.446859823354729 0.542345573995517 0.557622157288432 0.422576652792316 0.392454727889984 0.265845893835438 0.204833968996211 0.115210284593212 0.169754208975966 0.0982463196182518 0.0570120342493033 0.0282388705091714 0.0709638591256402 0.0289342554793883 -0.0122809024490495 -0.110190762335247 -9999 -9999 -9999 -9999 -9999 -9999 -9999 -9999
-0.302927136542022 -0.408095576574528 -0.338617720374884 -0.313159633367371 0.230414070164712 0.0195796345406891 0.307309451771943 0.311503604511169 0.32530257428146 0.351284525342555 0.00958600792793103 0.259540151242654 0.312698794863555 0.141049326942675 0.190005039845344 -0.0156502424085297 0.0146712857853286 0.0406388095191993 0.0627792459705146 0.18829035116331 0.213096527337649 0.26007898330099 0.453172275590968 0.472314364066273 0.567908550295376 0.549186035515218 0.580943478504572 0.665126953301589 0.390572478533042 0.304694739672205 0.157383284865009 0.049738818061976 0.0420890441667383 0.00844267361476096 -0.00167221793732565 -0.0191754777453032 -0.075770141744639 -0.117665014649665 -0.167260511032967 -0.167057698298218 -9999 -9999 -9999 -9999 -9999 -9999 -9999 -9999
-0.434440528000755 -0.362815332626794 -0.298179017644242 -0.069731449729385 0.106532341855846 0.00969385056180935 0.293228100715969 0.282127214687675 0.310363272124847 0.338434306662694 0.398735578762211 0.453630109971113 0.273006682053994 0.125999582910449 0.0878281688179692 0.079976816316892 -0.0222120546143587 0.0200536988123321 0.0784893877260189 0.16954897926383 0.317547397356786 0.418744513464393 0.629242307220891 0.569762411781176 0.63674894584945 0.654250711486694 0.666719855954218 0.490131821182151 0.189131773571045 0.157099126627341 0.00459947306973802 0.0642035843865889 -0.00695006190715518 -0.0240187105550825 -0.0722234982089175 -0.100931318260094 -0.116655612536497 -0.232918003672847 -0.218697361855443 -0.260509918271232 -9999 -9999 -9999 -9999 -9999 -9999 -9999 -9999
-0.335559347984056 -0.276716298004817 -0.29283091076175 0.00235579533647533 0.0618213311078179 0.341017867357145 0.293617668761084 0.301539043117174 0.359070653886928 0.413296007179071 0.441673499851578 0.323617590271379 0.202457908397274 0.146642834400492 0.0513398643667053 0.071626450592751 0.0255515255819396 0.0547513305538239 0.161852278212231 0.16934048127936 0.296429712076891 0.451955894249888 0.670875983241517 0.672923314173907 0.4670709520937 0.835206184378491 0.689105149118632 0.522708130112039 0.283283935620665 0.0437832809000132 -0.0117716419976906 -0.0184022794502943 -0.0621479032118735 -0.0105945038869633 -0.0724844592677645 -0.111246728529332 -0.152645017646894 -0.24480599595225 -0.290245017924982 -0.226010674183238 -9999 -9999 -9999 -9999 -9999 -9999 -9999 -9999
-0.246664501058454 -0.268683095644571 -0.179786118921936 0.125846153997246 0.325926094590121 0.321738067455587 0.343996480391425 0.322645811948222 0.359398500664001 0.25568103223936 0.20187834227983 0.298860563295588 0.293367950879253 0.188041361062225 0.171708032711692 0.103047548093493 0.0992401595755066 0.139157843689753 0.264287038706822 0.461903560103758 0.503797366370336 0.598877379444822 0.731223246369088 0.780232671358811 0.725566045461532 0.607977753017116 0.590349387059285 0.252316151882297 0.175912889464612 0.00854266900335554 0.342754771359257 0.124792828658744 0.000489289861812288 -0.0461317383809422 -0.0649054759392892 -0.137584735444384 -0.188108268819295 -0.248020983456732 -0.223104900619156 -0.209934470517087 -9999 -9999 -9999 -9999 -9999 -9999 -9999 -9999
-0.167494703141721 -0.115765177456617 -0.0857593811088662 0.291406039158777 -9999 0.392390070848776 0.196166970874862 0.205502182097288 0.278407589248109 0.273843978000035 0.335476715368791 0.402980340526381 0.342054416583001 0.297045492991023 0.207693283157775 0.297729619996581 0.0814989054868103 0.271363381549297 0.471175898104282 0.449690328996142 0.562121100373683 0.676557522407967 0.70475968603792 0.43813933307285 0.436549953413117 0.319744330520271 0.28823054342288 0.320731652598693 0.202552333307136 0.181324605061422 -8.38759062150934e-05 -0.0216078141935362 0.00383141857452011 -0.0244580289585245 -0.0676584892321781 -0.124408636294863 -0.149683838218875 -0.220305425741748 -0.184475275206429 -9999 -9999 -9999 -9999 -9999 -9999 -9999 -9999 -9999
-0.0538161082533281 -0.0436725734915025 -0.0290596108883599 -0.0735659687267096 -9999 -0.0868518330074118 -0.0126843090217864 0.230200252788411 0.288327058520292 0.284771881228331 0.393964055052913 0.380300398264984 0.368889212850674 0.371526369342977 0.436532833354233 0.30190927541796 0.286518328632564 0.410999357352763 0.485239327121114 0.246418006515767 0.545571989193552 -9999 -9999 0.296628950381835 0.216718239899149 0.389613172683489 0.259312381773352 0.268665925122457 0.236232142040271 0.0977231006059022 0.0361244873217497 0.00215422861348197 -0.0602533928506414 -0.0337117742750225 -0.0783443200654814 -0.0372216015044463 -0.0996157588350027 -0.116557334183747 -0.208548503872753 -9999 -9999 -9999 -9999 -9999 -9999 -9999 -9999 -9999
