data/rasters/s4.06.07.li.2_xyz_08_.asc
NCOLS 100 
NROWS 100 
XLLCORNER -4 
YLLCORNER -4 
CELLSIZE 0.08 
NODATA_value -9999 
[rows 21 to 41 of 100, columns 48 to 95 of 100]
0.11573493094513 0.184364827097858 0.00719026698084712 -0.0129782077545008 0.0124777161562623 -0.151469676862319 -0.375455815290941 -0.520196835681868 -0.554709786932621 -0.3719066199076 -0.370085303855727 -9999 -0.188371397682015 -0.0539094667044809 -0.0188418267867004 -0.122713329065644 0.111369912259615 0.137221924049765 0.131985252754681 0.147125661066416 0.194676423102104 0.165109724232434 0.109594198623498 0.0465752570737912 0.0764878165648826 0.0612270995443148 0.00517917063340848 -0.0329684916340846 -0.0100206259986889 -9999 -9999 -9999 -9999 -9999 -9999 -9999 -9999 -9999 -9999 -9999 -9999 -9999 -9999 -9999 -9999 -9999 -9999 -9999
0.158241718554575 0.18356432164399 0.0805714787731421 0.0170458227758493 -0.106233269105419 -0.216528394775098 -0.388047701761764 -0.471378754013499 -0.43896039999732 -0.413929754903472 -0.324937235649831 -0.298800777130129 -0.322487989489287 -0.174558068303465 -0.0219181487450062 -0.0160527344163363 0.154223531822037 0.146087502393599 0.111300223556036 0.0908922917906987 0.156162624858262 0.206886684398861 0.0173121348664913 -0.0264214304219049 0.0775342269742165 0.0460852358801316 0.0237781323269637 -0.00315851980322793 0.0214617174763092 0.0109326161172261 -9999 -9999 -9999 -9999 -9999 -9999 -9999 -9999 -9999 -9999 -9999 -9999 -9999 -9999 -9999 -9999 -9999 -9999
0.101603943164389 0.130770711458032 0.0987596778424367 0.0633232517910805 -0.141969064708788 -0.303403001888044 -0.525163270027319 -0.469482683659546 -0.4251949778348 -0.440947378005553 -0.335998254760974 -0.263561813251473 -0.202964894331464 -0.13884676902001 -0.204327611393423 0.0333929293388532 0.0732051674228608 0.052713560730032 0.0890193532013235 0.093252307402655 0.0734308486515539 0.0290676335015967 -0.04420280321141 0.0875787459314498 0.063230953039981 0.100961973140036 0.00381578981559808 -0.0100118610978588 -0.0255112721135544 -0.0301724748891739 -0.114303940958586 -9999 -9999 -9999 -9999 -9999 -9999 -9999 -9999 -9999 -9999 -9999 -9999 -9999 -9999 -9999 -9999 -9999
0.086110664790278 0.0677295228929186 0.0903536540632746 -0.161723726574086 -0.186567487759432 -0.2340834549111 -0.458506666996308 -0.410515789290683 -0.372604823998494 -0.436560599453245 -0.252376483562482 -0.232742034175627 -0.142078989892082 -0.0780971372167249 -0.24109993761798 -0.069791043759195 -0.0559924539378993 0.0204195327679523 0.0493537877303474 0.000787111358538517 0.0715136265754178 0.0521407145404004 0.0439423658182586 0.0914828453213664 0.0342482913441204 0.0324501398987324 -0.00690257305621187 -0.0217573737299063 -0.00265430398267666 -0.019220609371 -0.0678703099587972 -0.152481980296882 -9999 -9999 -9999 -9999 -9999 -9999 -9999 -9999 -9999 -9999 -9999 -9999 -9999 -9999 -9999 -9999
-0.0297654742484698 0.0920751100777653 -0.0212633768268677 -0.103531147285561 -0.200929901259965 -0.29911866165296 -0.432834291736342 -0.473472647429791 -0.433136365046173 -0.257967158761662 -0.16784813667922 -0.0961393234415563 -0.139242209048667 -0.150333331009928 -0.132031811102432 -0.0653374680836184 -0.0876513495709193 -0.000167411563840495 -0.0280963525297962 0.0051286593222229 0.0157458366874716 -0.0155964991096893 0.0696746578880068 0.104670822764725 0.0967174712113644 0.0594910786473352 0.0381080256431638 -0.00923916439280296 -0.0299209368125442 -0.0423085535313974 -0.07447082424656 -0.0667663585075176 -9999 -9999 -9999 -9999 -9999 -9999 -9999 -9999 -9999 -9999 -9999 -9999 -9999 -9999 -9999 -9999
-0.0519032001483085 0.0776469076847692 -0.0804131863607706 -0.157411870824521 -0.305359254221711 -0.41085031800191 -0.330365440556252 -0.362349936007488 -0.401769777293848 -0.296839426480839 -0.125412133101514 -0.0299224703302969 -0.205871584457556 -0.114788101139647 -0.105480647934308 -0.0933547633078233 0.0588840159191759 0.0155550399223984 -0.0111868081243328 -0.0433510695154736 -0.0361654210526243 -0.0132099776398798 0.12150519412582 0.128349533743055 0.129572958541969 0.0922801455865795 0.0522648099215336 -0.020880551681339 -0.0508361265957107 -0.076383746597442 -0.0606266285364762 -0.0462621578483414 -0.0731709393567537 -9999 -9999 -9999 -9999 -9999 -9999 -9999 -9999 -9999 -9999 -9999 -9999 -9999 -9999 -9999
-0.0492506912583855 -0.114243013431262 -0.214521991118989 -0.231164301067157 -0.258721996551319 -0.283639823165417 -0.350707143194776 -0.362625483455116 -0.298072799801204 -0.306747537444626 -0.108478267431813 0.0184953715333837 0.00328353468270531 -0.0326578130877617 -0.0170900392848326 -0.0719125321048036 0.0874584320785838 0.102467198666552 0.0369429192377895 -0.0270331343835456 0.0461030272776349 0.0339331041942062 0.136651794798691 0.122272172135956 0.170389106569535 0.0650213603918196 0.0486083113492168 -0.0337746475560356 0.0298992657440191 0.0136126555505754 0.0152128598518828 0.0263078781728943 -0.0373804128433607 -0.00910333716395194 -9999 -9999 -9999 -9999 -9999 -9999 -9999 -9999 -9999 -9999 -9999 -9999 -9999 -9999
-0.048537493050566 -0.145421231794801 -0.230608926747655 -0.33155140419476 -0.253577026285867 -0.299716484411961 -0.303862269664706 -0.276776620103963 -0.262643092025488 -0.296167887422771 -0.126319916907598 -0.0952819290856186 0.00842739186435458 0.0162147233923833 -0.00689601193655814 0.0461873908220178 0.0814667137356712 0.0518296039954198 0.0607358563025256 0.0566413606312742 0.0490372212975111 0.154842955954856 0.147611433545607 0.149831374977677 0.152762813745006 0.150738340428555 0.0135086246987297 -0.054687704780124 0.0254509672216683 0.00202176468124768 0.00902432937243741 -0.0482416458519146 -0.0720878867569622 -0.0692056546688672 -0.183466234156007 -9999 -9999 -9999 -9999 -9999 -9999 -9999 -9999 -9999 -9999 -9999 -9999 -9999
-0.00834940436189145 -0.248829764193388 -0.199097190212602 -0.396541299241962 -0.341850901197324 -0.290782992359106 -0.264071077318498 -0.260805274956415 -0.268931687812071 -0.278444266338158 -0.219855944287462 -0.186653878159118 -0.048868751490733 0.0408495260437492 0.0261978533432571 0.115663423098668 0.101293058228593 0.0569825244647753 0.0468935301262928 0.0390367992171167 0.0299299773520006 0.160229483322652 0.152930185433075 0.158016668202711 0.161830656733219 0.144485021797228 -9999 -0.0228524935717195 -0.0213470948114124 -0.0595626085021922 -0.17187668872135 -0.0918496286250881 -0.117802943633396 -0.181074660265649 -0.192078639239235 -9999 -9999 -9999 -9999 -9999 -9999 -9999 -9999 -9999 -9999 -9999 -9999 -9999
-0.0657829685719426 -0.0506760051541806 -0.259254100640817 -0.372536105101054 -0.28483448242714 -0.270855732330313 -0.275773113551572 -0.311366650924184 -0.263444998294544 -0.184824597547521 -0.18371963276899 0.0867836884870116 0.183901224329044 0.11229727111567 0.0631787008975026 0.0279211009771213 0.06194706302345 0.0354415939540383 0.0746023835912927 0.0465610864364281 0.0918855382904135 0.1062152646579 0.171629006519466 0.162856502264573 0.15649776040515 0.0819440038056265 -0.0323319249782173 0.021000486601039 -0.049101950558387 -0.108288146684489 -0.118970428470734 -0.179493894740723 -0.185107485207258 -0.198864069848323 -0.257967799048242 -0.305863730510998 -9999 -9999 -9999 -9999 -9999 -9999 -9999 -9999 -9999 -9999 -9999 -9999
0.00848374434924728 -0.0303816608367349 -0.130718287728911 -0.217515633035852 -0.245072020880334 -0.236956782665048 -0.244485523592128 -0.291058869086756 -9999 -0.122521658596096 0.119088907581369 0.0796862723722384 0.11931397499054 0.170779114436371 0.130738432387032 0.00529618541810335 -0.116309258881842 -0.0534983303085636 0.00997768015192536 0.00977817088242459 0.0362086293303886 0.0478556647468479 0.211293972543653 0.187536826280004 0.100464391371741 0.0628202417017447 0.0897356440481199 0.0509310878161036 -0.030280473644262 -0.0768115094958157 -0.172009688195855 -0.203769424257382 -0.231586366900143 -0.330153519254336 -0.344297926482278 -0.295587504031249 -0.240918003692356 -9999 -9999 -9999 -9999 -9999 -9999 -9999 -9999 -9999 -9999 -9999
0.00274203909885657 -0.0288282848835364 -0.108207513567124 -0.142120278915675 -0.111327783893536 -0.0728244988566789 -0.160900425661808 -0.297102174462167 -0.0919580810347392 -0.055944304460265 0.0576482520662843 0.0752915921476465 0.141439485506165 0.141843465318508 0.058844360960309 -0.0649955907862379 -0.266557464584104 -0.00829097014362791 -0.0684383374761041 -0.0197577100640794 -0.0399199205990498 0.0391424827626329 0.142006592858839 0.129446565162112 0.0615725756899434 0.0501341288263203 0.0571258753106772 0.0238800177479763 -0.117216672066048 -0.0250323969061085 -0.122077680110371 -0.262436064775544 -0.273010593563518 -0.348382403315455 -0.357238127166811 -0.244361837198418 -0.19311406037629 -9999 -9999 -9999 -9999 -9999 -9999 -9999 -9999 -9999 -9999 -9999
-0.0508689813387988 -0.0866292732298448 -0.112975205122762 -0.125369361870634 -0.12956667554885 -0.0674140305787264 -0.0710537592900001 -0.138517342659963 -0.0668710473906455 -0.0388755500159985 -0.076161442675587 0.0421979978069731 0.124053249918199 0.104977442330163 -0.0813848960918161 -0.114461219862169 -0.231706104467365 -0.212737983187462 -0.167598620835787 -0.0952430454844304 -0.0976750580167314 0.0300370672115085 0.11926034758607 0.0226748674004649 0.00120978215337674 -0.012079231766457 0.0338530048966405 -0.0368626934050093 -0.130834533671413 -0.0853106229875881 -0.0959007263121267 -0.187853822786046 -0.314419493714216 -0.347446188132958 -0.334799206611768 -0.254970845349265 -0.163795559669069 -0.195926890482203 -9999 -9999 -9999 -9999 -9999 -9999 -9999 -9999 -9999 -9999
-0.00818255013219381 -0.0136215383703374 -0.0501992185445572 -0.0881712907481043 -0.0499443621678547 -0.125375983770459 -0.0656059756125216 -0.0670086526866908 -0.0476917255839075 -0.0232805096566245 -0.0380201255282711 0.0497761515594316 0.141739541970636 0.0746943944355768 -0.109926940682871 -0.206203087811746 -0.27974510768528 -0.217458279608886 -0.141681747350392 -0.148637921194962 -0.0838528673109202 -0.0718177843888841 -0.00725505369497715 -0.0477591111236029 -0.00412395875223044 -0.0601785250096449 0.0225413709334783 -0.0608979775650114 -0.0945224518918414 -0.06916620405974 -0.0985955849367775 -0.176852871040926 -0.250686197130368 -0.290220240133587 -0.308995179649605 -0.231448344884998 -0.215755552695519 -0.100102164590343 -9999 -9999 -9999 -9999 -9999 -9999 -9999 -9999 -9999 -9999
-0.0160337156154251 -0.0210957019172171 -0.0570787172081751 -0.0135055398298029 -0.0238502389463691 -0.0665441365353644 -0.0519253168259975 -0.0836726235986218 -0.0486569809494283 -0.0719343664616291 -0.00678884324704939 -0.03221746178405 0.125646978568211 0.00922084891685399 -0.19520479137617 -0.329332330200625 -0.293540700872081 -0.250858717891595 -0.233250511027927 -0.210654779642842 -0.199484423858702 -0.152085023364245 -0.176241219825864 -0.113080534854232 -0.0904010093352543 -0.096224053118239 -0.11894028255234 -0.0681188616350507 -0.0981804028938845 -0.220459846332779 -0.147271294161099 -0.0463362156851785 -0.103270063485143 -0.257132473064696 -0.18659310519755 -0.243861492158288 -0.160827250408374 -0.127561466304034 -9999 -9999 -9999 -9999 -9999 -9999 -9999 -9999 -9999 -9999
-0.0183976999035048 -0.0399676144233517 -0.04052224329876 0.0330552149516633 -0.0254883340950273 0.050658070611312 -0.0076273732481684 -0.0877660568655395 -0.09075485341307 -0.103999131078187 -0.302300348186481 -0.0696284386510499 0.063601530513227 0.00424938262429316 -0.199302884451813 -0.175771023563545 -0.197904166455506 -0.159983459592692 -0.247161315960465 -0.331061762496279 -0.289840438999754 -0.267246401160965 -0.24910050912604 -0.251027738502252 -0.198018561680235 -0.226883694783127 -0.204152515195656 -0.175879462028425 -0.142114534301829 -0.147608866559182 -0.157981360609716 -0.105380351677466 -0.113997577012748 -0.300169545743799 0.0362963555372092 -0.19878398811882 -0.133247256237681 -0.126834997121548 -0.104190883231361 -9999 -9999 -9999 -9999 -9999 -9999 -9999 -9999 -9999
0.0239916677673878 -0.0127742547289547 0.00496012668587202 0.0707442676235478 0.0232663494805307 0.00576447745383607 0.0113627749411343 -0.0816916096999052 -0.0682464590052615 -0.206285800581172 -0.123803757698504 -0.119960022912494 -0.0788696584811014 -0.175611978964315 -0.263645063025967 -0.158339959164932 -0.149210238124907 -0.114697809305441 -0.194633539499745 -0.307537078628383 -0.134543726901982 -0.125422015072535 -0.113976489111799 -0.425322741277885 -0.216714336266295 -0.27887623750849 -0.32663636969302 -0.160425154638051 -0.192513687142957 -0.122041963400529 -0.157781425932193 -0.148675549592847 -0.218695132470893 -0.248288032077139 -0.0881009495513961 -0.223212828980167 -0.0519210940988987 -0.0448174696662036 -0.0854926909590958 -9999 -9999 -9999 -9999 -9999 -9999 -9999 -9999 -9999
-0.0404225316578772 0.000371675968209505 -0.022922601152196 0.0374699867439575 0.0382952341582126 -0.04246103911037 0.0609596860278856 0.0115795575492559 -0.112483295103126 -0.292153466433411 -0.211531457583331 -0.164675943141719 -0.220232135554853 -0.141558265174292 -0.133121251440349 -0.103003055637854 -0.17308604579683 -0.120637571735883 -0.148957188386568 -0.161719701104943 -0.209203780670819 -0.0655302223909953 -0.119820790454261 -0.165354761209276 -0.236353759024883 -0.254900670218256 -0.231753264009562 -0.185590610464608 -0.22801463152186 -0.172931099943029 -0.238470526124083 -0.124436160263476 -0.137363378446709 -0.183230152267997 -0.224415706408012 -0.259456773461875 -0.0926809908121391 -0.0824880408600337 -0.207558720640083 -9999 -9999 -9999 -9999 -9999 -9999 -9999 -9999 -9999
-0.037773817822808 0.0416951315310778 -0.000681097845391772 0.00914391376375193 0.0445823623097234 -0.0505492570233603 -0.101853279588398 -0.00648110849661882 -0.122069497520111 -0.205750099102385 -0.233376164935724 -0.248871485468918 -0.231414182995529 -0.244023642218856 -0.229627716498967 -0.193975610471589 -0.29221604578626 -0.205149223204694 -0.124184599238576 -0.0609358406864626 -0.0698587361502468 -0.102807671746022 -0.10170084298263 -0.14954432220506 -0.155187290060945 -0.163905487948452 -0.177982943625758 -0.199261101837316 -0.217229535390736 -0.296036058698378 -0.300440719376433 -0.189098655214147 -0.149297156631962 -0.177329916663334 -0.232700682297647 -0.232448458489054 -0.157280539099085 -0.134121441886881 -0.14513299508667 -0.107447501106892 -9999 -9999 -9999 -9999 -9999 -9999 -9999 -9999
0.0131641888411867 0.065716007046848 0.0245274072642488 0.00480200548077187 0.101754225338708 -0.0112806623833701 -0.131805543178841 -0.18004570452879 -0.191422937417887 -0.233813195641453 -0.272345442203487 -0.275540209947781 -0.290867891018885 -0.229720899806467 -0.223655107838705 -0.184157443885122 -9999 -0.128768848949607 -0.132621461622259 -0.101830080109571 -0.0524301661767811 -0.0670068876268428 -0.0944838774517363 -0.1525342447952 -0.173369414887788 -0.185726521388995 -0.171451895743814 -0.157186080228376 -0.205721004598354 -0.24858519472696 -0.238811343979935 -0.242702978455715 -0.0968943422725238 -0.112831028572699 -0.20059202602973 -0.191926343521124 -0.174111932603101 -0.158508671331536 -0.216449817900092 -0.291725731731749 -9999 -9999 -9999 -9999 -9999 -9999 -9999 -9999
-0.0188717681081487 0.0114725402690458 0.0866063699960472 0.0446876323181169 0.121302621712471 0.0130655377731635 -0.0524674703912934 -0.159453168560076 -0.201263850816903 -0.265893172035717 -0.308135860717145 -0.300670340754908 -0.304949668417662 -0.253021637543569 -0.250684525462285 -0.173111654080717 -0.121053302086173 -0.0427436171550566 -0.0424538195731884 -0.0954341539537864 -0.0694414798772404 -0.0885101680177452 -0.0626580550435381 -0.156366692079667 -0.189175268599387 -0.205331939454767 -0.22325414684724 -0.16882661154829 -0.194809482762072 -0.218108255730086 -0.198903626019391 -0.197274553668668 -0.060583274195858 -0.124853870880502 -0.143935977184723 -0.235258641940137 -0.0957224211912373 -0.0938454572719448 -0.234485607014862 -0.284478170172149 -9999 -9999 -9999 -9999 -9999 -9999 -9999 -9999
