data/rasters/s4.06.07.cu.1_xyz_08_.asc
NCOLS 100 
NROWS 100 
XLLCORNER -4 
YLLCORNER -4 
CELLSIZE 0.08 
NODATA_value -9999 
[rows 21 to 41 of 100, columns 0 to 47 of 100]
-9999 -9999 -9999 -9999 -9999 -9999 -9999 -9999 -9999 -9999 -9999 -9999 -9999 -9999 -9999 -9999 -9999 -9999 -9999 -9999 -9999 -9999 -9999 -0.150973740262124 -0.115281867290842 -0.116588119848485 -0.134190654788923 -0.0615071486799541 -0.138679169376246 -0.138228350825413 -0.068363343899734 -0.0157725774618355 0.0517574224848064 0.0627144170468336 0.0554675748150482 0.0930458015169609 0.123895163947007 0.198100545373678 0.193507735106808 0.199507940959656 0.386372410354935 -9999 0.392478146163491 0.394394243503473 0.422173801456027 0.428201140073188 0.347526877377757 0.286847775261215
-9999 -9999 -9999 -9999 -9999 -9999 -9999 -9999 -9999 -9999 -9999 -9999 -9999 -9999 -9999 -9999 -9999 -9999 -9999 -9999 -9999 -9999 -9999 -0.318061076526129 -0.134211682515013 -0.0813208205478798 -0.0421802097584951 -0.0106974046588792 -0.00168347755835688 -0.00831023499188175 0.0674451092923826 0.083455132867672 0.0740138869494395 0.0749140488234548 0.104279347449637 0.106973507979137 0.178217927231045 0.280885095646155 0.19880076131951 0.20058651123332 0.366421026527548 0.380284268019817 0.384299425187907 0.429298423772523 0.426097253568061 0.389105783620916 0.279668791963594 0.258184917878131
-9999 -9999 -9999 -9999 -9999 -9999 -9999 -9999 -9999 -9999 -9999 -9999 -9999 -9999 -9999 -9999 -9999 -9999 -9999 -9999 -9999 -0.326700829160436 -0.291222107294285 -0.318764448744656 -0.300688427718681 -0.197005160937959 -0.184296891990652 0.0638256855620797 0.201982931221832 0.0860309833490864 0.140811566572405 0.18183207596989 0.124058166849887 0.144559875976236 0.0891872084227468 0.143914956381729 0.239165826590916 0.238652634039866 0.25464795686954 0.205734289812801 0.384502467674418 0.381806117660833 0.370365492466653 0.417378964420038 0.400526761022257 0.335839992606887 0.279450716564125 0.217821648307388
-9999 -9999 -9999 -9999 -9999 -9999 -9999 -9999 -9999 -9999 -9999 -9999 -9999 -9999 -9999 -9999 -9999 -9999 -9999 -9999 -0.227815725934295 -0.278670029643244 -0.350199271288746 -0.276065215939105 -0.285900919397869 -0.218326593476951 -0.118611646743117 0.103125497469296 0.257111612542877 0.321441147898941 0.351887855173875 0.261427740460209 0.229993572742927 0.187350327823806 0.143671425068492 0.120674373313173 0.187863851155612 0.28415673644261 0.312336571231186 -9999 0.438225017489315 0.421065943418208 0.380893462266949 0.32559553295956 0.350756128355992 0.345571183986964 0.407443766149484 0.262781992016878
-9999 -9999 -9999 -9999 -9999 -9999 -9999 -9999 -9999 -9999 -9999 -9999 -9999 -9999 -9999 -9999 -9999 -9999 -9999 -0.254037475682291 -0.288495990221009 -0.299729545636887 -0.332876565002504 -0.287034412509408 -0.277397348234867 -0.194086348124399 -0.0222474883849943 0.148992252430687 0.0989549507355244 0.418831122058917 0.3274902970803 -9999 -9999 -0.0444932985428722 0.0943563523675766 0.0814124059275454 0.110500264037795 0.381019787370932 0.454332942746574 -9999 0.351975846333449 0.377363751804073 0.355164478294137 0.247204104446814 -9999 -9999 0.25019674550986 0.262071722473037
-9999 -9999 -9999 -9999 -9999 -9999 -9999 -9999 -9999 -9999 -9999 -9999 -9999 -9999 -9999 -9999 -9999 -9999 -9999 -0.259943185972599 -0.271478223031264 -0.29876553133313 -0.265055685867895 -0.208930961415235 -0.21975836344217 -0.11360286135876 0.137579937085351 0.135410778445002 0.340786149170565 0.314184619361037 0.164609967719236 0.130729801024023 -9999 -0.104494540870372 -0.0229149553226276 0.0430278908839256 0.121770271167223 0.467518384958483 0.456854049787096 -9999 0.346539922754523 0.328844482933144 0.323163266733431 0.201574442863388 0.248038408234438 -9999 0.285599372212948 0.267246524278187
-9999 -9999 -9999 -9999 -9999 -9999 -9999 -9999 -9999 -9999 -9999 -9999 -9999 -9999 -9999 -9999 -9999 -9999 -0.00118281103386008 0.0283354792708413 -0.0834048699769238 -0.221609313156466 -0.282905893382806 -0.192418419325878 -0.054702999159916 0.173516959369579 0.15031655751572 0.295042304114405 0.324651065836921 0.257950902794262 0.10804908741437 0.130634043077474 0.0759712587433 0.0199444897608063 -0.0696535273944468 -0.0472107342033891 0.0254247686704193 0.167074153906679 0.280869252721114 0.482744455379544 0.39717129016002 0.299045211594338 0.294558124586768 0.277505506114517 0.241024504235236 0.193445179907069 0.419378901237387 0.320894757425709
-9999 -9999 -9999 -9999 -9999 -9999 -9999 -9999 -9999 -9999 -9999 -9999 -9999 -9999 -9999 -9999 -9999 -9999 0.1438832172084 0.130401958871898 0.152088411175318 -0.163123692170575 -0.181577895599194 -0.143118031634518 0.0396596858829553 0.119539964912008 0.229695755008379 0.258831087948397 0.274612342034218 0.192944019022932 0.135036670010002 -0.0696669979609181 -0.075604839693065 -0.0970901705916214 -0.148523560930944 -0.100028781838947 -0.130288676337684 -0.0318305566561264 0.121025371442389 0.253054564173793 0.423671489938184 0.334536436537693 0.272739547194553 0.227948834798786 0.155189905015246 0.113207641426194 0.28022474247946 0.250912357436841
-9999 -9999 -9999 -9999 -9999 -9999 -9999 -9999 -9999 -9999 -9999 -9999 -9999 -9999 -9999 -9999 -9999 -9999 0.143760503588685 0.158517575061544 0.0753114593145759 -0.115268342865101 0.0764754349464453 0.000315072542629904 0.107164286037739 0.135227611072432 0.1557591733153 0.223697432633894 0.229610915084148 0.201085486076739 0.201032590753129 0.0146279499948385 -0.0414674511625275 -0.18278114893439 -0.196588126078822 -0.172142291011945 -0.134439673997874 -0.0901388105385303 0.0630771412915832 0.190924659337937 0.334609819556131 -9999 0.361898427269871 0.346797263047255 0.238110736982408 0.133634049145203 -9999 0.2818350237143
-9999 -9999 -9999 -9999 -9999 -9999 -9999 -9999 -9999 -9999 -9999 -9999 -9999 -9999 -9999 -9999 0.22879127375921 0.167005675265968 0.163562222802377 0.138544657187551 0.0485129032128191 0.0561850230428404 0.0570978889123854 0.136703192934103 0.0972508166970587 -9999 -9999 0.197651438518635 0.238702370394375 0.169550831076384 0.122128578169675 -0.0585914302974116 -0.152500155384436 -0.170326452099285 -0.0394575072079998 -0.155057119290324 -0.1251824354777 -0.0497727655735623 0.0327927264702814 0.189143798274239 0.306412918176305 -9999 0.41681653903925 0.344037045931311 0.361761200639745 0.230367899804125 0.34078292219615 0.258944710099483
-9999 -9999 -9999 -9999 -9999 -9999 -9999 -9999 -9999 -9999 -9999 -9999 -9999 -9999 -9999 -0.0467548657035048 0.159190142867496 0.17464117129765 0.132371358563946 0.100839487674779 0.00498119876915641 -0.0473004334072181 -0.0689845429081145 -0.0884292372364272 0.0147282146346146 0.127379194267749 0.202987225591861 0.134897770346073 0.125877040143895 0.147949008583934 0.113633294473687 -0.0765682083646086 -0.165024861470808 -0.165012484684461 -0.14854239209262 -0.118615157127561 -0.0918766027878319 -0.0125106511434446 0.0427560804163663 0.195467456394719 0.206570128241677 0.350699356755682 0.331374417300667 0.404579782607337 0.421938684779422 0.339495211606663 0.354090620687999 0.366206951423675
-9999 -9999 -9999 -9999 -9999 -9999 -9999 -9999 -9999 -9999 -9999 -9999 -9999 -9999 -9999 -0.00307735200789507 -0.0585321580371026 0.187144835837295 0.134395145538937 0.100849803321585 -0.0240205157680101 -0.110985633502798 -0.103344641251451 -0.108592956526114 -0.148895032676121 -0.0600973148396226 0.126155564148671 0.0496127788008061 -0.0472111014429063 -0.106379238578483 -9999 -0.0244062581492881 -0.0538027375370569 -0.0595838070511741 -0.0537804395559616 -0.104532294904956 0.00845006127035581 0.0419345157151394 0.0668654039056377 -9999 -9999 0.269560215605527 0.304809973117335 0.421621578498273 0.481320789153975 0.481220101975882 0.434950433012778 0.546961811416205
-9999 -9999 -9999 -9999 -9999 -9999 -9999 -9999 -9999 -9999 -9999 -9999 -9999 -9999 -0.0362689897215457 0.00281132683545191 -0.0575933773110597 -0.025310447424928 0.0195612945141806 0.0860511173057781 -0.126205603353529 -0.108783061493808 -0.0851729022837479 -0.114402131999125 -0.188724252996013 -0.172281379328443 -0.10355484338539 -0.0854418900360402 -0.112788092023048 -0.112301406605713 -0.0879535006210773 -0.0491076794665164 -0.0231903859840102 0.0521964826910711 0.0183448918237491 0.0245286392918264 0.0527684821825726 0.179487025138482 -9999 -9999 0.334682648518533 0.319994983211036 0.341232368118215 0.399951761223205 0.468552056902014 0.477673705201168 0.466581326558376 0.702453646813883
-9999 -9999 -9999 -9999 -9999 -9999 -9999 -9999 -9999 -9999 -9999 -9999 -9999 -9999 -0.161269940118531 -0.10692542504436 -0.0680055725865778 -0.0315895446348762 -0.0219232528582692 0.0227006678751774 -0.071738967652947 -0.119198814652089 -0.124206618336021 -0.160285471883933 -0.204709301718836 -0.189502216032445 -0.137177861764663 -0.0710756296182328 -0.0904848153355091 -0.150453748660411 -0.135608441704752 -0.035684909978899 0.0332312475566514 0.036409412013973 0.0651457009204611 0.0689840943111324 -9999 0.265669864336035 0.271846932565071 0.260391131040495 0.317904356314076 0.324222848432226 0.383027095323845 0.390618064902213 0.452478101145943 0.479746275449029 0.575236199520795 0.576477535883871
-9999 -9999 -9999 -9999 -9999 -9999 -9999 -9999 -9999 -9999 -9999 -9999 -9999 -9999 -0.221282095901224 -0.143383513045613 -0.0796578237519313 0.0129789031288681 0.0243657206539127 0.00360420862517824 -0.0646802885120976 -0.180146209768916 -0.240824228912613 -0.310987570214429 -0.204024911793619 -0.220705249027257 -0.17103106227469 -0.0772052868912333 -0.140387480928125 -0.130291115119468 -0.103804384549676 -0.0712079420890089 -0.0263156649037002 -0.00336342888895135 -0.000175247964421474 0.110742831401805 0.0878460300324712 0.271861745860496 0.247670571258574 0.245772921007194 0.249326374984198 0.205018366154485 0.329482995420691 0.355358054665307 0.382739335276721 0.412749115514329 0.447220224965327 0.494841751007185
-9999 -9999 -9999 -9999 -9999 -9999 -9999 -9999 -9999 -9999 -9999 -9999 -9999 -0.209582623936093 -0.210903275045375 -0.310066548671824 -0.0943763960587087 0.0480973492875957 0.0367514229932376 -0.00147211964903428 -0.0767039713691366 -0.160412814987745 -0.113803077889802 -0.342326684969261 -0.242644720302866 -0.201936474979079 -0.186738845959884 -0.127723224002395 -0.123786941578608 -0.165095152451947 -0.118244035997376 -0.0824737792314005 0.00516390674027875 -0.0216714758747586 -0.0258427431472783 0.109651059207761 0.0608777286528731 0.294683850667629 0.243055232313241 0.23126734552177 0.162993052593675 0.0880441299779485 0.170787814099131 0.247732807313236 0.314180715461601 0.346027508106885 0.401215250604299 0.3937810936886
-9999 -9999 -9999 -9999 -9999 -9999 -9999 -9999 -9999 -9999 -9999 -9999 -9999 -0.231265117179202 -0.19997734547274 -0.299129609125339 -0.155773671458252 0.00493416933115682 0.0122826346241524 -0.0356074829296597 -0.110396197709714 -0.15296638574151 -0.237479467655464 -0.253221037408722 -0.196325067021884 -0.229114345067744 -0.239503035994072 -0.151720594876536 -0.100110014470939 -0.121987960196152 -0.10138750391508 -0.0585131637739169 -0.0153376060796952 -0.014593024417553 -0.0803371637386237 0.0120573888474577 0.0234493278785694 0.158715947318331 0.185704622021701 0.125561301111816 0.0368007327510454 0.0271519169773429 0.0567517086506868 0.13689015667498 0.199530411910242 -9999 0.35648984666696 0.327224875368535
-9999 -9999 -9999 -9999 -9999 -9999 -9999 -9999 -9999 -9999 -9999 -9999 -9999 -0.23823392172312 -0.211308703314302 -0.159568739040512 -0.110170183636545 -0.0407704201973285 -0.00131406760846248 -0.0928238440600873 -0.15480835087029 -0.18238345154352 -0.279680733960865 -0.31039213678554 -0.228300299021329 -0.320330186801361 -0.248151154379698 -0.212634948237412 -0.123015000671104 -0.00625079759545577 0.04093610291165 0.0340577180693322 -0.0291359579991951 -0.0151731876485941 0.0074700552918104 0.0125071541010321 0.0659118029313684 0.101445386084217 0.0894989807128297 0.117645277105383 0.0195341232170089 -0.0123278497432095 -0.0470140194596437 -0.0297577817414245 0.140777184282818 0.317895224365126 0.34262504016174 0.331566684147124
-9999 -9999 -9999 -9999 -9999 -9999 -9999 -9999 -9999 -9999 -9999 -9999 -0.230231076954973 -0.252925740437738 -0.236835229951791 -0.210027398998904 -0.158642290703613 -0.0270393553369512 0.0513275754073336 -0.0420205983614145 -0.0292417763318973 -0.228334196637901 -0.248438083544197 -0.215803341594401 -0.133574401347747 -0.170842414770082 -0.26853624612453 -0.21139832405964 -0.138967804912928 -0.0419334697155005 0.0119226234345685 -0.00394203943435193 0.00231151445358992 0.00827501637866298 0.000686185414376663 0.0953458970684418 0.0555595721705482 -0.0080113485049193 0.000389590706031912 0.0216441624280558 0.0641756319174748 -0.0134625824997132 -0.0502376926801785 -0.0310950666763891 0.0740173932582846 0.207741057611523 0.340290992599579 0.373962408942321
-9999 -9999 -9999 -9999 -9999 -9999 -9999 -9999 -9999 -9999 -9999 -9999 -0.153861419926832 -0.181235568205299 -0.257220999797373 -0.240285537020033 -0.112885590908351 0.0761695013299129 0.0908671055514387 -0.044792501536322 -0.0043432390469557 -0.188934575270202 -0.1405333453664 -0.179751909285831 -0.20774422865166 -0.243486087318402 -0.253676652747554 -0.217971447950377 -0.201451959748652 -0.144279526144945 -0.104489696081012 -0.0192214320035125 0.0595094937770809 0.0657995230461683 0.104168674302535 0.112628180186558 0.128960893126167 0.176754534698142 0.0928184647602435 0.0641017336208668 0.0668617283657925 -0.0381435348660379 -0.029262090351259 -0.00437250655363886 0.0934987266919936 0.3105919559064 0.344145811336765 0.392141792518482
-9999 -9999 -9999 -9999 -9999 -9999 -9999 -9999 -9999 -9999 -9999 -9999 -0.0752297948395194 -0.0533547848396469 -0.0514510245157556 -0.153372052846588 0.0114475517426552 0.118611645809916 0.10341979364337 0.0919854320894135 -0.0101490796849827 -0.113306664696846 -0.0415222826664321 -0.132333313383189 -0.214335855141918 -0.202764073242195 -0.255651178609896 -0.228422548248111 -0.212932180208036 -0.205973061671319 -0.163136992630345 -0.0304607574541761 0.0831695238064732 0.161261197700348 0.138816797556593 0.162545465593137 0.244507386456624 0.218952648529461 0.230540398907269 0.161867155556509 0.133235315655922 0.0752289284283743 0.0128439187045008 -9999 -9999 -9999 0.420989356323593 0.433186165199184
