data/rasters/s4.06.07.cu.2_xyz_08_.asc
NCOLS 100 
NROWS 100 
XLLCORNER -4 
YLLCORNER -4 
CELLSIZE 0.08 
NODATA_value -9999 
[rows 42 to 62 of 100, columns 0 to 47 of 100]
-9999 -9999 -9999 -9999 -9999 -9999 -9999 -9999 -9999 -9999 -9999 -9999 -0.230927960013976 -0.255694798440752 -0.237992816643031 -0.191089929787304 -0.217800888025434 -0.219994097790244 -0.208674338803248 -0.0218952566600534 0.0443212230544837 -9999 0.197312123759418 0.304730157345139 0.289061111922386 0.292797629067551 0.289982195780168 0.250925661693094 0.143502039120687 0.00693497339864385 -0.0681710447302177 -9999 -0.114053174763722 -0.0969437929939236 -0.0824893653474323 -0.0615363979073981 -0.0892754456651496 -0.121426309488225 -0.118292407484283 -0.0545925613220768 -0.00191058175918399 0.124611671228748 0.0669979860021134 0.00921072309152567 0.00952372816204078 -0.0430226551310341 -0.0326440153534112 -0.0508404336040279
-9999 -9999 -9999 -9999 -9999 -9999 -9999 -9999 -9999 -9999 -9999 -0.283879771493041 -0.305842469305876 -0.321376176521393 -0.261642342074361 -0.22239099434962 -0.222341241134396 -0.232410076021152 -0.159139120429585 -0.0960946802217294 -0.00490552574178614 0.170664155909047 0.181358629969132 0.221784817398271 0.268273797339112 0.253799071037524 0.282470971695616 0.240019792639981 0.137404249699099 0.0274715717967646 -0.0257698359606808 -0.0558836149744371 -0.0953066135053595 -0.0894287563539176 -0.0910518690182699 -0.0978038313926858 -0.149791714887958 -0.138216182355475 -0.126005906724164 -0.11754911577511 -0.0390784911047782 -0.022048512972734 0.0679976864677054 0.0220870551758697 -0.0391230386802699 0.0151161653172582 -0.0159002334653271 -0.0506904053551172
-9999 -9999 -9999 -9999 -9999 -9999 -9999 -9999 -9999 -9999 -9999 -0.276128018260659 -0.328140974748844 -0.313205185090287 -0.289609476793861 -0.249964883198886 -0.243786507994139 -0.266314301249555 -0.192562578992044 -0.125595685990289 -0.0813943192502063 -0.194814870860582 -0.11846259802154 0.0477186985963579 0.0726511856156466 0.07721414347843 0.311023670786605 0.177148774332431 0.148638581244724 0.0332267179158357 -0.0183527773061979 -0.05340133818561 -0.0705204957953828 -0.0816475423339387 -0.131840852277124 -0.18798206321643 -0.286596525982137 -0.238170019099341 -0.128381621743558 -0.198319726058678 -0.109593972174304 -0.0259250767449582 0.0299346099602014 -0.0187068059613376 -0.0801410789688682 -9999 -0.0018974781631634 0.0198484175630147
-9999 -9999 -9999 -9999 -9999 -9999 -9999 -9999 -9999 -9999 -9999 -0.145242899651784 -0.349144143990018 -0.330556832996348 -0.309757170355518 -0.261282196418813 -0.265771880190986 -0.339439404250688 -0.388289100487454 -0.390312608558913 -0.332608235444174 -0.162093367538745 -0.19159786740514 -0.216235217170636 -0.04979354700371 -0.0120428167394985 0.158736881399683 0.173702469340728 0.127744161910624 0.06928083120053 -0.0375798869078685 -0.0555684915760904 -0.0690741007583975 -0.136157232932611 -0.199363717864266 -0.223202379897175 -0.303037493951998 -0.298498335450714 -0.1918173988861 -0.277790389871568 -0.222569770117701 -0.121847293720391 -0.022464512116359 -0.0514085100215374 -0.0243123355422318 -0.00811381434836471 -0.0777294900652951 -0.0706698719147962
-9999 -9999 -9999 -9999 -9999 -9999 -9999 -9999 -9999 -9999 -9999 -9999 -0.308795348965478 -0.284681712668348 -0.270940738413444 -0.271294598508087 -0.273618522477564 -0.43838782208429 -0.485287072097097 -0.524902880436156 -0.506274472017505 -0.432660740785924 -0.325400769114301 -0.365941800055141 -0.223577287335281 -0.0596954545025624 0.071985153061146 0.0773616597689449 0.0651672965682652 0.0105907831407071 -0.0507097706370564 -0.0554378637332658 -0.0727239472274136 -0.13904348938351 -0.122811368791833 -0.239661143753914 -0.289434289084757 -0.294669098716698 -0.223995720764298 -0.322470329742823 -0.176748062881911 -0.177980410628299 -0.0481855625230372 -0.030011860094051 -0.0271166522434667 -0.105853976345423 -0.158103208068554 -0.220108253167739
-9999 -9999 -9999 -9999 -9999 -9999 -9999 -9999 -9999 -9999 -9999 -0.134480943499049 -0.263615412132729 -0.238460838479034 -0.267449746679229 -0.249738242908038 -0.372980979552005 -0.421615039679295 -0.565359261671656 -0.598959092450559 -0.588184469186881 -0.472866030886507 -0.501703189425552 -0.414783752073038 -0.36535927922057 -0.245846207936701 -0.188357296895606 -0.077494476930331 -0.0961585889067301 -0.0231061400776365 -0.0433674774010505 -0.0715843023522887 -0.0770188715714349 -0.0447519911576881 -0.0721276443974333 -0.2043119318933 -0.284562500851057 -0.182509762748996 -0.1856475831777 -0.0874075261941646 -0.106771511330217 0.0288524385015809 -0.0261794051621997 0.125258071454423 -9999 -0.249169452188841 -0.378028742166398 -0.364906635917691
-9999 -9999 -9999 -9999 -9999 -9999 -9999 -9999 -9999 -9999 -9999 -9999 -0.16946271481672 -0.172036821004868 -0.214342149014404 -0.187222964343609 -0.314919860261005 -0.4936814820534 -0.57998806544712 -0.626920417473433 -0.63539926943732 -0.643341071162904 -0.581240676222011 -0.439441882064641 -0.396045243718174 -0.280514157355343 -0.253919708667786 -0.213014149666201 -0.14624052644463 -0.106841988412306 -0.0540645722505909 -0.043698491005254 -0.0452510839180516 -0.0338742114967227 -0.0273775093497578 -0.0335037970616434 -0.0724788720047522 -0.00162059116159364 -0.0982597690481302 -0.0117439989643566 -0.129880310114827 -0.200731460824852 -0.302374611570323 -0.449093481119571 -0.532041857040186 -0.610839535026061 -0.548515563216553 -0.499555590618079
-9999 -9999 -9999 -9999 -9999 -9999 -9999 -9999 -9999 -9999 -9999 -0.0783102481247204 -0.140010571409645 -0.176796743580164 -0.236582190593865 -0.282370217568134 -0.424607837715908 -0.562380651775828 -0.618777016287867 -0.630063206494831 -0.622631594443648 -0.653026354428192 -0.581996795808489 -0.426990205315017 -0.456443047650776 -0.363627976700188 -0.250495049172907 -0.177921925841347 -0.185180654978177 -0.144290595592154 -0.118494820924153 -0.0799669601643464 -0.086053743295066 -0.0291943967030657 0.0117621229286196 0.0282993103092406 0.00868190478440385 -0.0226447475423818 -0.026651596120897 0.00374884983846666 -9999 -0.353598785082308 -0.453367251240647 -0.563164435016347 -0.625422097206571 -0.625714187412473 -0.540509180549405 -0.525643079369661
-9999 -9999 -9999 -9999 -9999 -9999 -9999 -9999 -9999 -9999 -9999 -0.134933164339137 -0.171536775434452 -0.178927824818246 -0.252089115714384 -0.321096675806349 -0.472079802521973 -0.595729204203306 -0.650719544739051 -0.606485680834622 -0.627956008216483 -0.612124686524356 -0.548930217900344 -0.517955547616099 -0.394201433259052 -0.365185311880624 -0.326859462207085 -0.174473731674847 -0.140422961177821 -0.155873995667111 -0.152233788451159 -0.105098025543299 -0.114147362455259 -0.107157547154783 -0.0522750507073498 -0.0162667251951172 -0.00131660637834671 0.0365569658128563 0.0563384161290573 0.0668449904628167 0.0541203811417487 -0.28179413845755 -0.526859263907601 -0.607382262787751 -0.629643133862322 -0.630091523169373 -0.619000733291122 -0.590443708724355
-9999 -9999 -9999 -9999 -9999 -9999 -9999 -9999 -9999 -9999 -9999 -9999 -0.126527270654241 -0.157078126980164 -0.166504773394132 -0.395034446715105 -0.520741417933948 -0.582000677121709 -0.624342113985971 -0.622963790217493 -0.586617616794766 -0.534404750134954 -0.528405496299569 -0.553116820610634 -0.445314398041413 -0.298738944596983 -0.174854566270205 -0.126475473903432 -0.167825038049065 -0.164968974246581 -0.160251932652523 -0.134018100769997 -0.150192236105972 -0.142670137292813 -0.120462262189305 -0.0616880933727696 -0.0543694650156481 -0.0269498676946236 0.0161069154692698 0.0441690988435567 -0.0423748720736664 -0.237304181719321 -0.496847489440915 -0.628758257416856 -0.631173174823655 -0.585227789778914 -0.566323261106535 -0.586226437745
-9999 -9999 -9999 -9999 -9999 -9999 -9999 -9999 -9999 -9999 -9999 -0.0450902474396871 -0.0395402676027485 -0.155727782043631 -0.130448771392012 -0.377716462324187 -0.46785784223661 -0.505319328672796 -0.494878255628756 -0.527680110005128 -0.478358671968825 -0.532614967710649 -0.442383665953642 -0.48172637047246 -0.430904237568585 -0.296887438741776 -0.140853707985394 -0.119070048451702 -0.147851751457849 -0.163463754622779 -0.185456709041798 -0.206239576859234 -0.179835139163396 -0.144481089696303 -0.0991413113427348 -0.0987787729513749 -0.0816547354737235 -0.0595249333179414 -0.0197868696861183 -0.0376826934624348 -0.226216615598425 -0.286738126115841 -0.333850016183578 -0.594658980660113 -0.598256424277859 -0.563336433622523 -0.574913860312227 -0.561531427550204
-9999 -9999 -9999 -9999 -9999 -9999 -9999 -9999 -9999 -9999 -9999 -0.0305370748055324 -0.0244843564154398 -0.00231710045256219 -0.0999278754543757 -0.14092050187243 -0.307798711762465 -0.403708832583087 -0.412879281762582 -0.447043752543408 -0.430599147730376 -0.453243444156355 -0.419863350163562 -0.368680866846351 -0.250115358701141 -0.197517888215976 -0.111434455174685 -0.132600275444778 -0.18294522319806 -0.159414025100362 -0.191717442415477 -0.191002327776355 -0.161575371247346 -0.105263308423741 -0.0890613990802178 -0.132393817488358 -0.0969505447932596 -0.0844785410935989 -0.0573210122780284 -0.0479363974777585 -0.281379938967343 -0.232421121167678 -0.311669327487972 -0.521108297614514 -0.613979672508202 -0.587138471650819 -0.562171907679369 -0.514902056650884
-9999 -9999 -9999 -9999 -9999 -9999 -9999 -9999 -9999 -9999 -9999 0.0527092353309786 0.0538272817795645 -0.0151354064140955 -0.0367283733826377 -0.028293808315482 -0.150134610568616 -0.294240273271221 -0.407740181633881 -0.394126036705644 -0.290666496019521 -0.312915498257306 -0.286106537080682 -0.298956048130461 -0.200831855537397 -0.13709913422952 -0.143485608943582 -0.167606208323115 -0.172124199751812 -0.170600393257205 -0.140328723045733 -0.154647510916521 -0.142982093296619 -0.0863765654384224 -0.0773789893426482 -0.084273703594041 -0.093074171248278 -0.0842541963509877 -0.00455770239097164 0.00191855151622553 0.0283311164741893 -0.0547594281051488 -0.205663299373647 -0.371747433967797 -0.527629668243574 -0.594042478700077 -0.464666362693956 -0.548578315620627
-9999 -9999 -9999 -9999 -9999 -9999 -9999 -9999 -9999 -9999 -9999 0.154126316722479 0.15904695789987 0.0662423673636315 0.0304133878658151 0.00541996310289206 -0.0698029679984939 -0.173981441266352 -0.247942867516633 -0.268775411593835 -0.180414548862296 -0.157466588506558 -0.116002550696798 -0.162492806988028 -0.14419577105299 -0.170606040723756 -0.214226993453831 -0.195778000388236 -0.185639925134967 -0.192689984155224 -0.147114046333404 -0.0755527704828723 -0.0390659551665603 -0.0229359771924254 -0.042084999350262 0.00373861374878888 -0.0894236753023622 -0.0374160729524756 -0.0332195987660689 -0.0361336940334807 0.00587548708859071 0.095352429434804 -0.0819290355486216 -0.209538744924597 -0.418753974864533 -0.471007948543273 -0.413358973241521 -0.404107169730142
-9999 -9999 -9999 -9999 -9999 -9999 -9999 -9999 -9999 -9999 -9999 -9999 0.119059008360417 0.120140101057031 0.0468619910473615 0.0643286634683089 0.0826152515833771 -0.0181257301116425 -0.167611154212547 -0.220734023270775 -0.136378555790946 -0.101064277125402 -0.0517952243798835 -0.118539770543355 -0.131345968389126 -0.179976559650668 -0.216738037445709 -0.223151108445953 -0.21192076871366 -0.19301690356869 -0.161710241618584 -0.0465495258681686 0.0382466830692276 0.0908405261359723 0.00618364627103155 0.0402672426479742 -0.0109626137700429 -0.0281089129101223 -0.0589540193467984 -0.0867014110365475 -0.100685697383957 -0.0624071710111652 -0.0686946573283431 -0.153136687463142 -0.271338517620345 -0.194544133078295 -0.242687257767012 -0.396730682514435
-9999 -9999 -9999 -9999 -9999 -9999 -9999 -9999 -9999 -9999 -9999 -9999 -9999 -9999 0.270754892134823 0.228991253323583 0.212738959028247 0.172305692387783 -0.0632108070319013 -0.167279209578627 0.0357313548026595 0.0205164231418376 -0.00568158339103854 -0.0957670617522534 -0.130743906818265 -0.175981404655704 -0.219494701866742 -0.238122180211038 -0.242391545734865 -0.252723651207925 -0.1743509734656 0.16071769853366 0.054378602358566 0.304172948709678 0.16880520532571 0.144094998548861 0.10920669938041 0.00554729007277823 -0.0976677985617096 -0.11087437188203 -0.118372537198634 -0.168506151192475 -0.101312460715586 -0.121707534082886 -0.177393362773037 -0.214113455703127 -0.161139161350391 -0.223075273392284
-9999 -9999 -9999 -9999 -9999 -9999 -9999 -9999 -9999 -9999 -9999 -9999 -9999 0.442875310254437 -9999 0.309298461184595 0.293380902130123 0.298708748279918 0.0625192913846759 0.167856954253202 0.146908604496494 0.0890088458881193 -0.00302261088035902 -0.116285009304846 -0.177022820964194 -0.196166442870173 -0.203097196241322 -0.169854018126129 -0.266022865816941 -0.258302872166533 -0.164621208263256 -0.0827544073860275 -0.0476378930105442 0.421299184308463 0.350033140666101 0.201724163370701 0.0348044625029421 -0.0317245193777027 -0.101206323172143 -0.151295089251884 -0.185953638774385 -0.201108762258856 -0.171097692945813 -0.144601742716794 -0.142031970382167 -0.148421738392693 -0.133709049317535 -9999
-9999 -9999 -9999 -9999 -9999 -9999 -9999 -9999 -9999 -9999 -9999 -9999 -9999 0.434057363179807 0.529077187820846 0.430825232889694 0.398888570296902 0.435052003112634 0.244017977362491 0.239640272508128 0.196892086013634 0.0133557361951575 -0.0543356727111224 -0.123066412060633 -0.188687872231949 -0.168792709712804 -0.151466064052129 -0.170814962319622 -0.199247032278834 -0.190728712572971 -0.116056657215378 -0.0530073480458038 0.58396326066912 0.491158374683367 0.0637928424364092 0.310492120442219 0.148064584840687 -0.157257429087863 -0.170902832206863 -0.182736696915784 -0.191983834204838 -0.170482148309039 -0.166159001571397 -0.172145742890169 -0.16044650330832 -0.142351459947706 -0.100980254933015 -0.0619901507249039
-9999 -9999 -9999 -9999 -9999 -9999 -9999 -9999 -9999 -9999 -9999 -9999 -9999 -9999 0.488567846422669 0.447396180098653 0.568130686447126 0.541076753064176 0.369017795372943 0.271781502715012 0.246786687510964 0.0400494728345244 -0.0595122889636796 -0.135792153642466 -0.139945348124061 -0.162385433265032 -0.142998282623389 -0.122987413036533 -0.133902504296607 -0.107914290568069 -0.0375426647205601 -0.0137944098176929 0.551125988703751 0.064977652635016 0.0309766449484992 0.253619236568221 0.0473269014896349 -0.175578081992381 -0.193305359405127 -0.197439429555792 -0.20331614423201 -0.16185027800395 -0.149536347514966 -0.140460501419238 -0.114023530965692 -0.0983163326690958 -0.000347467233596674 0.110264818609224
-9999 -9999 -9999 -9999 -9999 -9999 -9999 -9999 -9999 -9999 -9999 -9999 -9999 -9999 0.588299145159658 0.646958501292024 0.622516397683542 0.527334514094877 0.424803927281984 0.18092198152766 0.202144983395805 0.0230977320281895 -0.100334196977462 -0.0981915944043695 -0.0858525454397041 -0.110639981414256 -0.120787450108946 -0.092456782023253 -0.0899430105685248 -0.0251850728282825 0.0544452405906927 0.38978826222362 0.510309423264503 0.0191631147462243 0.0127270902907928 0.184194431609104 -0.0408998152625844 -0.191544106600999 -0.26335597325303 -0.231616106284765 -0.272614630286097 -0.21679629592284 -0.188619607632729 -0.134226553762022 -0.0837842818057897 -0.0597134204223106 0.0504218051199576 0.0916981704936842
-9999 -9999 -9999 -9999 -9999 -9999 -9999 -9999 -9999 -9999 -9999 -9999 -9999 0.578995679976357 0.588467187955923 0.699562031846371 0.55568841666344 0.417616155542967 0.213588527998731 0.177751905058519 0.100794182281048 -0.072395916939848 -0.159780356845656 -0.115516255664774 -0.0938626091428838 -0.0976623088734333 -0.0677844033097337 0.00786405565584914 0.0408332631497935 0.0865418311978026 0.334615332643732 0.359609757162908 0.54900627622262 0.527129126039043 -9999 -0.0944335501894093 -0.14725240733367 -0.278351600857522 -0.317510808049897 -0.263854975835517 -0.347784329266438 -0.273167386258631 -0.215757929211692 -0.133952922879135 -0.0669025856500904 -0.00459744266959205 0.0626467262929565 0.108602877996847
