data/rasters/s4.06.07.li.5_xyz_08_.asc
NCOLS 100 
NROWS 100 
XLLCORNER -4 
YLLCORNER -4 
CELLSIZE 0.08 
NODATA_value -9999 
[rows 48 to 71 of 100, columns 0 to 53 of 100]
-9999 -9999 -9999 -9999 -9999 -9999 -9999 -9999 -9999 -9999 -9999 -0.101325373454067 -9999 0.588046642201107 0.654670869923175 0.350963443363033 0.15902089432893 0.557013013982967 0.511546044783523 0.353429173708294 -9999 -9999 0.499769011976709 0.438140292523492 0.517046632898063 -9999 -9999 -9999 -9999 -9999 0.30199465873059 -9999 -9999 -9999 0.0810085343000262 0.0536185479404994 0.133185763443606 -9999 -9999 0.0736011082537355 0.0841080245489042 0.0301464744088965 -0.0614035432516776 -0.0954759501998743 -0.0856952863807427 -0.124388780326089 -9999 -0.29630428697604 -0.158855604676421 -0.10013039726953 -0.141137462791882 -9999 -0.221288949006074 -0.222672048737006
-9999 -9999 -9999 -9999 -9999 -9999 -9999 -9999 -9999 -9999 -9999 -0.0531613194398045 0.0450796623386862 0.0792700736398292 0.0998438476316087 0.237643934499974 0.346382391509263 0.38100663246016 0.514507005505843 0.524817557815017 -9999 0.462976557161809 0.400492361597013 0.439074493171317 0.4643439507653 0.155391740443877 0.185769268465367 -9999 -9999 0.11994739040963 0.128163883442206 0.197261325706319 0.143016649512244 0.111186270617832 0.144064030520847 0.114677376171976 0.117905084079594 -9999 -9999 -0.0610704510935299 -0.0715667959579629 -0.0798176604395693 0.109123986249069 -0.146061766667735 -0.137213944473214 -0.179478281776793 -0.3031229185505 -0.294295915712498 -9999 0.013620272334321 -9999 -9999 -9999 -9999
-9999 -9999 -9999 -9999 -9999 -9999 -9999 -9999 -9999 -9999 -9999 -9999 0.0476173579735063 0.0451329156564379 0.183381136654015 0.226686284655939 0.26232311949893 0.541699954784896 0.489630001504497 0.298199821923054 -9999 0.391538940938163 0.373375549146376 0.317648794394881 0.305413971354772 0.132662191430052 0.16456477979453 0.126313980242719 -9999 0.196731214557166 0.136937074174215 0.12906162560356 -9999 0.170525229076557 0.139022278215805 -9999 0.276821831645212 0.152064370531197 0.126985390106311 0.166076789465219 -0.105498401062536 -0.0703280445479136 -0.167670088813019 -0.0848392006475093 -0.186060058669819 -0.157459328807616 -9999 -0.267188187886427 -0.245909641493237 -0.226588172242446 -0.269539583371562 -9999 -0.194634899672975 -0.159686917557085
-9999 -9999 -9999 -9999 -9999 -9999 -9999 -9999 -9999 -9999 -9999 -0.168872965913255 -0.20159194883334 0.070901727724842 0.510586438604154 0.405736635922705 0.068847506072964 0.383001426336417 0.357047599637179 0.320093391667115 0.51660744015697 -9999 -9999 -9999 -9999 -9999 -9999 -9999 0.266519688080816 0.281024242108576 0.193410390266619 0.143214708870261 0.256655039765257 0.209266049373635 0.168003109675385 0.211971045977371 0.312841383562944 0.228950969083668 0.178357681301463 -9999 -0.115769214462257 -0.142808480336489 -0.204196926542602 -9999 -9999 -0.137317431136578 -0.20869865858129 -0.230266107998315 -0.258016030849349 -0.235019469743581 -0.234069687772515 -9999 -9999 -0.0518796817436354
-9999 -9999 -9999 -9999 -9999 -9999 -9999 -9999 -9999 -9999 -9999 -9999 -9999 -0.317681972478887 0.478112879875049 0.472492446519628 0.31325287656246 0.395101792802647 0.523936884748298 0.556254241952854 0.4976866842837 -9999 -9999 -9999 0.211427155269207 0.26935397563804 0.165037280898966 -9999 -9999 0.268146479726601 -9999 0.270142315983039 0.238019901184551 0.19287931266194 0.172915996647025 0.211452331063722 0.306316109928738 0.220252956162574 0.193137734206848 -9999 -9999 -0.164762071299537 -9999 0.0829861128806215 -9999 -0.0934143347913859 -0.194076555173991 -0.297848564537245 -0.298108364162628 -0.223621541639218 -9999 -9999 -9999 -9999
-9999 -9999 -9999 -9999 -9999 -9999 -9999 -9999 -9999 -9999 -9999 -9999 -9999 -0.343362219832387 -9999 0.441955391467107 0.433210525089303 0.272730989880476 0.651359332757216 0.424832125581078 0.31786926821211 0.327809638892952 -9999 -9999 -9999 0.282555003086807 0.239989656643626 -9999 -9999 -9999 -9999 -9999 0.29042335315131 0.254627591213129 0.182093498404804 0.338504690776374 0.337887208712725 0.0944272482223547 0.0382253328733365 0.0340438911618974 -9999 -0.181101995860303 -0.0898431543032278 -9999 -0.162013051102012 -0.18374466771654 -0.134414439289305 -0.0899374835946729 -9999 -9999 -0.28999232079714 -9999 -9999 -9999
-9999 -9999 -9999 -9999 -9999 -9999 -9999 -9999 -9999 -9999 -9999 -9999 -9999 -9999 -9999 0.460299538830239 0.458648118509694 -9999 -9999 0.435211052610606 -9999 -9999 -9999 -9999 -9999 0.329156771043097 0.312827193332005 0.194223201240928 -9999 -9999 -9999 -9999 -9999 -9999 0.261679830515612 0.339681314405648 0.279455337183606 0.193802793216778 -9999 0.0892683513391091 -9999 -0.145987507520789 0.0145631468565211 -0.185688973203865 -0.0663896143907792 -0.178082021506121 -0.171638206663562 -0.0320370729480518 -9999 -0.206982689258345 -0.260411418973053 -0.218233542154159 -9999 -9999
-9999 -9999 -9999 -9999 -9999 -9999 -9999 -9999 -9999 -9999 -9999 -0.306615266678382 -0.322078760321416 -9999 0.237149810628269 0.0104719729057982 -0.0574562084663001 0.55458363812596 0.445889596426501 0.457966587864603 -9999 -9999 -9999 -9999 -9999 -9999 0.25503179233054 0.203070707758506 -9999 -9999 -9999 -9999 -9999 -9999 0.203724660810239 0.190703793832636 0.251872047014006 0.201312179471515 -9999 0.06143193585602 -0.0172656784379385 -9999 -0.0680033383332901 -0.202488590721013 -9999 -9999 -9999 -0.115851379029317 -0.0141323564539414 -0.0234099187915931 -0.228302287760409 -0.258526563228649 -0.222166075360848 -0.245794849392113
-9999 -9999 -9999 -9999 -9999 -9999 -9999 -9999 -9999 -9999 -9999 -0.324486027020698 0.0993400080829522 0.207231942736258 0.203303342246518 0.169400866460698 -0.0385332292332041 0.695374764089937 0.554013799205338 0.468985529696507 0.492631297695568 0.452295319009101 0.432527707170956 -9999 -9999 -9999 0.199077352085005 0.171629545031627 -9999 -9999 -9999 -9999 -9999 -9999 0.229319327376715 0.211169089693693 0.248960846547137 0.342878338402055 -9999 0.0539815719029256 -0.00458470109578331 -0.00439701687769347 -0.0468332906064599 -0.238614603998964 -0.17317107344425 -9999 -9999 -0.0690858750845275 -0.0680106549339254 -0.0547982406141793 -0.038704780350147 -0.0286874552517 -0.164124580651293 -0.23449658524537
-9999 -9999 -9999 -9999 -9999 -9999 -9999 -9999 -9999 -9999 -9999 -9999 -9999 -9999 -9999 0.345048995232177 0.300047696246809 0.30832640931474 -9999 -9999 0.522169427305782 0.513034984922922 0.422953509426771 0.314239538304133 0.285368743828421 -9999 -9999 0.128780225312203 0.128961184480482 -9999 -9999 -9999 0.162714204440764 0.198940067975643 -9999 0.231567881227106 0.262342119177684 0.255605489025769 0.145911764432305 -0.0589589649421886 -9999 -0.0938130182945999 -0.052826910922826 -7.814603100042e-05 -0.181005089946735 -0.212450935528158 -0.137830077684591 -9999 -0.105070269208974 -0.0675835177803416 -9999 -0.0732067825046369 -9999 -9999
-9999 -9999 -9999 -9999 -9999 -9999 -9999 -9999 -9999 -9999 -9999 -9999 -0.042097045745672 0.524604488881738 0.551047014820128 -9999 0.192549694755636 0.282033619146054 0.394358992873622 0.650898901940419 0.759091168621095 0.396992413115168 0.36445220046163 0.343222509442777 0.22503072825533 0.17382689992457 -9999 0.132618321712061 0.100805120015189 0.0927517956543663 0.0982290074494952 -9999 0.145150252747749 0.166926317035249 0.127615270259632 0.240731022576664 0.222350648562203 0.164623180548959 0.144251739782041 -0.146047128700061 -9999 -0.118489130643492 -0.073628578111009 0.111756492166319 0.123092769206488 -0.159389902197584 -0.116443289622555 -0.0852933991454483 -9999 0.0372875130500977 -9999 0.00813236807688586 0.0253483472939871 -9999
-9999 -9999 -9999 -9999 -9999 -9999 -9999 -9999 -9999 -9999 -9999 -9999 -0.0815179570262445 0.402046866416419 0.492256128039667 -9999 -9999 0.391817533394234 0.496485878060142 0.457480358365208 0.704771279772101 0.408749850429506 0.424714658910334 0.0935117256197692 0.119519375048659 0.125509113734872 -9999 -9999 0.135839425130047 0.0321347717643182 0.0607702216108122 0.0712239410476878 -9999 0.0809937910261087 -9999 0.177978487297281 0.192534533988306 0.0423720927301608 0.0593496892226605 0.0623427511695391 -9999 -0.117242306925661 -0.0344745809756592 0.0432304185549711 0.0826172314131034 -0.0340865263234323 -0.0544421870007605 -9999 0.0331247355321281 0.0709688806310412 -0.0479840642482273 -0.0933452215748775 0.0175448055779586 -9999
-9999 -9999 -9999 -9999 -9999 -9999 -9999 -9999 -9999 -9999 -9999 -9999 -0.107177928403035 0.247946114636052 0.12048568076748 0.0639039415483475 -9999 0.312993118394289 0.395489538856005 0.428329839591075 -9999 0.277704332050904 0.259853056864699 0.0520545433749475 0.0284724900935679 0.0182734918905195 0.0585263761671013 -9999 0.0267137950840047 0.0299415733208666 0.0460521318336566 -9999 0.250177828498982 0.233573293641258 -9999 0.190145166778992 0.193959504264575 -0.0503815037166194 0.19213403414228 -9999 -9999 -9999 -9999 0.0624580574434882 0.13937795938798 -0.0152288425262212 0.00512144855465248 0.0306823284462459 0.0279647332923592 -0.0988655109514952 -0.0971845928366317 -0.113377405525511 -0.0272572986683332 -0.0220392321123706
-9999 -9999 -9999 -9999 -9999 -9999 -9999 -9999 -9999 -9999 -9999 -9999 -9999 0.211985336767541 0.116870159952044 0.241053149767706 0.292466593333512 -9999 0.313476330284409 0.328010142041317 -9999 0.450482186282374 0.414760874402197 0.0463226740029586 0.0047184279540531 0.0441020476106826 -0.00902760145902616 -9999 0.0347296169965546 0.0526968359908356 -9999 -9999 -9999 0.245366018153619 0.258031236833596 -9999 -9999 -9999 -9999 -9999 -9999 -0.0816098308277102 0.0281231303810633 -9999 -9999 -9999 -9999 -9999 -9999 -0.122492183539627 -0.166086788843397 -0.156458403023924 -0.106418862279945 -0.0623363320549412
-9999 -9999 -9999 -9999 -9999 -9999 -9999 -9999 -9999 -9999 -9999 -9999 -9999 0.0761910553711793 0.0521024527573592 0.317928076518335 0.328729013055116 -9999 0.248451530241437 0.260491615824998 -9999 -9999 -9999 0.0743453619944034 -9999 0.0559951458745242 0.0124082572873348 0.0117213033023451 -9999 -9999 -9999 -9999 -9999 -9999 -9999 -9999 -9999 -9999 -9999 -9999 0.177414597310081 0.220972086541899 -0.0119546148996657 0.0081762262552692 -9999 -9999 -9999 -0.161437781782053 -0.247499461849798 -0.0917081280329515 -0.0270489226229602 -0.281588910257261 -0.186096510919644 -0.164223414533335
-9999 -9999 -9999 -9999 -9999 -9999 -9999 -9999 -9999 -9999 -9999 -9999 -9999 -0.0893429134036688 0.0414011874244249 0.102410807399731 0.3196680107509 0.356583055031937 0.266019487673188 0.324338213579143 0.224857579332527 0.0776250887444471 0.117318475496835 0.10791099588252 0.100543863727666 0.0439096647304864 0.0237729277058649 -9999 -9999 0.125741249675503 0.128567589653074 0.0967515938519538 -9999 -9999 0.0191356668131511 -0.000168323574867382 0.194325743000236 -9999 -9999 -9999 0.175218941532543 0.289197693269809 0.0752081353324083 0.0179830031243002 -9999 -9999 -9999 -0.164280171840592 -0.223677508747067 -9999 -9999 -0.248066603471204 -0.214754210015483 -0.162814669417803
-9999 -9999 -9999 -9999 -9999 -9999 -9999 -9999 -9999 -9999 -9999 -9999 -9999 -9999 0.134309947841474 0.222097439170966 0.355133894108202 0.303323657825591 0.301784142660139 0.337438286333615 0.187538399373479 0.152377114566207 0.109780949693876 0.0482406388699895 0.150602661861743 0.131352578278557 0.298768800855174 0.469221837605423 -9999 0.173399514230964 0.118282949415858 0.0841427342640829 -9999 0.141134622355315 0.0251527208428795 0.116298681677848 -9999 -9999 -9999 -9999 0.180347018285234 0.232184944717942 -9999 -0.0246738891165943 -0.12508987881272 -0.0853719879249589 -9999 -0.218229666706332 -0.222403880994061 -0.192163105560077 -9999 -9999 -0.225910268345364 -0.320071527416492
-9999 -9999 -9999 -9999 -9999 -9999 -9999 -9999 -9999 -9999 -9999 -9999 -9999 -9999 -9999 0.213061002587513 0.143202669999204 0.277541945572582 -0.0255594102399597 0.260901662830552 0.222501328440952 0.211532151831475 0.403299657501241 -9999 -9999 0.338423287509984 0.479495204873587 0.513146498045444 0.532253330166823 0.0985967510649402 0.10371172768598 0.108723788082307 -0.0221119681305235 0.0792342660296646 0.0552615821043185 0.0366029533133556 -9999 -9999 -0.0275397556106629 0.0732291231184162 0.220326622314452 -9999 -9999 -0.0672671097119041 -0.100890281088812 -0.19242579945862 -9999 -9999 -9999 -9999 -0.138006677623998 -9999 -0.160225339341423 -9999
-9999 -9999 -9999 -9999 -9999 -9999 -9999 -9999 -9999 -9999 -9999 -9999 -9999 -9999 -9999 0.179875790023236 0.1810541099024 0.290705762938133 -0.0186996321344763 -0.0108772019646027 0.237118945866138 0.430468443279784 -9999 -9999 -9999 0.288034040193738 0.382080063725258 0.239384588453684 0.404262285081999 0.0224487719351 0.0173389264249331 0.053289482744271 0.0711713321580456 0.0673064739552013 -9999 -9999 -9999 -9999 0.16215829306062 0.286824668691416 0.223585400046876 -0.0782471259417463 -0.110483985025344 0.012956402680907 -0.0339383987229603 0.0911081083342745 -9999 -9999 -9999 -0.132119115354836 -0.137590374955439 -0.205268882186138 -0.214712282446574 -0.26963038839975
-9999 -9999 -9999 -9999 -9999 -9999 -9999 -9999 -9999 -9999 -9999 -9999 -9999 -9999 -9999 -9999 0.242328229869629 0.346042271920285 -9999 -9999 -9999 0.0305520065457972 0.0809417843374779 0.0299691956061906 0.017826520501291 -9999 -0.0576020360166843 -0.0618450758308644 0.0148081097186719 0.0565741173968168 0.0634175625135336 0.0203103995694485 -0.0996421937476901 -0.0866399792088024 -9999 -9999 -9999 -9999 -9999 0.305930530652014 0.321341705978873 -9999 -0.120494327913319 0.0391096958564254 -0.118238137462644 -9999 -9999 -9999 -9999 -0.285313155496065 -0.201671210688939 -0.193352564055646 -0.203972156782172 -0.300038169561269
-9999 -9999 -9999 -9999 -9999 -9999 -9999 -9999 -9999 -9999 -9999 -9999 -9999 -9999 -9999 -9999 0.100548187464503 -0.00285672236037624 0.0165187469951212 0.0661842319241496 0.117090722040896 0.0635975585051528 0.402501781332841 0.395503479042463 0.176707582916811 -9999 -9999 -9999 -0.100357666746907 -0.0397024240355958 -9999 -0.0232621582292882 -0.0294662811195762 -0.0712405539745428 -0.0977437873733865 -0.0590792540025586 -0.0322637846629566 -9999 -9999 -9999 -9999 -9999 -0.148313645668384 -0.157688637226185 -9999 -9999 -9999 -9999 -9999 -0.171354809264983 -0.241900479234736 -0.255852334296286 -0.0626615282433661 -0.0489489205437817
-9999 -9999 -9999 -9999 -9999 -9999 -9999 -9999 -9999 -9999 -9999 -9999 -9999 -9999 -9999 -9999 0.0871825613597247 0.0386438095853966 0.110073061275462 0.0707490056816946 0.0241984892894104 0.102924500155365 0.441618495621249 0.504377271612591 0.534618245207135 -9999 -9999 -9999 -9999 0.313972103371176 -9999 0.0200245778462989 0.0271922703344476 -0.0776923173336224 -0.105632684657475 -0.087055997523716 -0.0480016407182181 -9999 -9999 0.0967905482481649 0.159750786507925 -9999 -9999 -0.00580228149513218 -0.0506979609176055 -9999 -9999 -9999 -9999 -9999 -0.0965897501627774 -0.154023089212201 -0.133001180138205 -0.0727889282075222
-9999 -9999 -9999 -9999 -9999 -9999 -9999 -9999 -9999 -9999 -9999 -9999 -9999 -9999 -9999 -9999 -9999 -0.0145128775069787 -0.00484683784269905 0.173489210636566 0.0401521518250443 -9999 -9999 0.488149847029529 0.303595293127089 -9999 -9999 -9999 0.1139517710212 0.0477381502648356 -9999 -0.212057464635986 -0.0996926790718807 -0.0974968500778256 -0.128044345884347 -0.0316883567788251 -0.0606896070725382 -0.0931424035285857 -9999 0.108745644062261 0.118406776775613 0.122381742027969 0.028430704932853 -0.0288409389692737 -0.0424360319858786 -0.160430691366365 0.0599395875870956 0.130677661926038 0.0405938807537949 -0.0105707331550452 -0.0235373436841693 -0.064420582826847 0.0462526569645837 -0.0267942834648723
-9999 -9999 -9999 -9999 -9999 -9999 -9999 -9999 -9999 -9999 -9999 -9999 -9999 -9999 -9999 -9999 -9999 -0.300578263429886 -0.239427031256411 -0.314209342410034 0.146312148832179 0.0456035258177991 -9999 -9999 -9999 -9999 -9999 -9999 -9999 -0.00868532658848807 0.0629913466495852 -0.0819441827240133 -0.119493040564287 -0.101892490648122 -0.101346707557452 -0.026245454732297 -0.0690606590851153 -9999 -9999 -0.0633571959410226 0.17905606249283 0.141467746007883 0.0944263677686607 0.00350260068330696 0.00947525212705296 -0.127488140787293 -0.137655932405898 0.0877485200618559 -0.106241776848069 -0.0465126766747093 -0.0430719132971081 -0.070174783189284 -0.0129427277768846 -0.0779031719165072
