data/rasters/s4.06.07.cu.3_xyz_08_.asc
NCOLS 100 
NROWS 100 
XLLCORNER -4 
YLLCORNER -4 
CELLSIZE 0.08 
NODATA_value -9999 
[rows 21 to 41 of 100, columns 0 to 47 of 100]
-9999 -9999 -9999 -9999 -9999 -9999 -9999 -9999 -9999 -9999 -9999 -9999 -9999 -9999 -9999 -9999 -9999 -9999 -9999 -9999 -9999 -9999 -9999 0.255225312888179 0.28228197733369 0.325242330324949 0.335008964056197 0.334248214428853 0.300424286160999 0.436472053099427 0.19060826221294 0.10419649238017 0.157306284546856 0.0700043569152014 -0.0568908781062683 -0.01387337117801 -0.0413658949983521 0.0295561831052435 0.00567519237461804 0.0984952254340214 0.122182800736133 0.184235151995935 0.20190389721826 0.253194896470801 0.190097478002308 0.190792848871218 0.0948884852894763 0.0271870835968409
-9999 -9999 -9999 -9999 -9999 -9999 -9999 -9999 -9999 -9999 -9999 -9999 -9999 -9999 -9999 -9999 -9999 -9999 -9999 -9999 -9999 -9999 0.333384123172919 0.296200746356933 0.29758241061488 0.325572829382416 0.321043830647648 0.307534697031957 0.275997811943268 -9999 0.238787385306806 0.185750958781707 0.105333941093874 0.0162818479372134 0.00483478035012527 -0.0451177015783937 -0.0288945676697628 -0.0309224779464699 0.0398829466899308 0.00853498513318069 0.0863499503641695 0.18455572758579 0.207033078720083 0.248190925359423 0.255230777354911 0.156431123508691 0.157648073831619 0.240767900633291
-9999 -9999 -9999 -9999 -9999 -9999 -9999 -9999 -9999 -9999 -9999 -9999 -9999 -9999 -9999 -9999 -9999 -9999 -9999 -9999 -9999 0.232830252048709 0.267322512600066 0.34878555415339 -9999 0.299989294994034 0.348318227533495 0.328099194752287 0.258452132777418 0.203375393447069 0.140083479384501 0.200933796702915 -0.0152551524196733 -0.0336514893168329 -0.0738600754013846 -0.0754956635330047 -0.0960922486988474 -0.0836654561596537 -0.00524945137703852 -0.0171226912999635 0.0856381102983608 0.127966155666787 0.193383963070189 0.232537600178945 0.284573584251414 0.297941246231565 0.243315364268779 0.16216662722233
-9999 -9999 -9999 -9999 -9999 -9999 -9999 -9999 -9999 -9999 -9999 -9999 -9999 -9999 -9999 -9999 -9999 -9999 -9999 -9999 -9999 0.254228954598625 0.325907405984052 0.337120571713591 0.344306176881883 0.20365109759554 0.135402075838779 0.117365991505296 0.154412759758734 0.0409286657824976 0.0103833410687591 0.0649822796158807 0.0172027202604083 0.026900938734565 -0.049738189823752 -0.0216424196698431 -0.101150517385733 -0.043584417129759 -0.0113238518098271 0.0108373277756786 0.0419463208857001 0.079417083637552 0.230596240283102 0.262476572295436 0.290854109649644 0.325039075957692 0.0573838071959377 0.202489242674278
-9999 -9999 -9999 -9999 -9999 -9999 -9999 -9999 -9999 -9999 -9999 -9999 -9999 -9999 -9999 -9999 -9999 -9999 -9999 0.367741225994968 0.371152196293415 0.283567734067842 0.328392598865352 0.28033933324818 0.145369097191266 0.130932401058147 0.0299532197650176 0.0387435943595258 0.0203258494135911 -0.0288448825195089 0.0305265741480683 0.0504448414561745 0.0120751463787456 0.0724165172790893 0.0309137329909204 -0.003727425306084 0.0491434523493471 -0.0554200022087407 -0.0309304549803539 -0.0664577778544733 -0.0081433974205216 0.0965005567033835 0.280597760806691 0.364470471344027 0.379273529300875 0.380322607172719 0.301155761491384 0.31856587869269
-9999 -9999 -9999 -9999 -9999 -9999 -9999 -9999 -9999 -9999 -9999 -9999 -9999 -9999 -9999 -9999 -9999 -9999 -9999 0.469233634764786 0.432921982749142 0.198700279064746 0.212843853046015 0.303760228785449 0.0930553663378495 0.0439391647037094 0.00143477283644008 -0.0373087081680801 -0.0673280385348006 -0.0275489605810054 0.0417312468816971 0.0746569330926985 0.141311468758127 0.165394270353219 0.0357874039613106 0.0742568789751693 -0.0322725428162947 0.00287318299814255 0.0614447317073793 0.0290103452687252 0.140441298589874 0.231543784883371 0.221146714526003 0.23028480249715 0.345578941365963 0.327693735742617 0.2991656517741 0.278684864587586
-9999 -9999 -9999 -9999 -9999 -9999 -9999 -9999 -9999 -9999 -9999 -9999 -9999 -9999 -9999 -9999 -9999 -9999 0.517625088680298 0.476308185239332 0.464713555087787 0.296075658289969 0.257802830987722 0.271246619844658 0.156690108663688 0.020851420363158 -0.165899661139728 -0.0676131502329558 -0.0528698292858552 0.0395651441965345 0.0231059560587878 0.181722567722539 0.129015620226312 0.0561061896467285 0.061683724430578 0.000170726467829878 0.0321932544958642 -0.0197901140129216 0.0830503805077368 0.21335059469152 0.238563334364074 0.238288140544734 0.220916357261564 0.307427318351039 0.240175054209514 0.216119307526635 0.180171718132683 0.156870823687587
-9999 -9999 -9999 -9999 -9999 -9999 -9999 -9999 -9999 -9999 -9999 -9999 -9999 -9999 -9999 -9999 -9999 0.289723699285076 0.400552363137965 0.323465363435077 0.171022938952602 0.157647528153681 0.251599745905534 0.236147794476719 0.1510652170799 -0.0368769628972264 -0.121788475876805 -0.0799491641488218 -0.0464827950187307 0.0968700637338779 0.114472453753019 0.111154131165949 0.076097549971607 0.0675859104037539 0.0558389026234519 -0.00161469269020865 -0.0284168921582238 0.0706012101941507 0.0576250751902685 0.188352268008173 0.269674205814066 0.309121953325062 0.313076254187897 0.321461003570767 0.156409172120772 0.176060057774269 0.0933802827336738 0.216702442011593
-9999 -9999 -9999 -9999 -9999 -9999 -9999 -9999 -9999 -9999 -9999 -9999 -9999 -9999 -9999 -9999 -9999 0.333125649963027 0.31274552152938 0.276737423199052 0.33093414232988 0.264509483864315 0.180738723854969 0.236416388709621 0.0581705667792692 -0.0944808095744034 -0.0891688017692699 -0.0685303504728167 -0.0268425742798629 0.0067533231561862 0.0322899650697157 0.125337055634727 0.0201433116037104 0.066662953184688 0.13673498281965 -0.0102688834478265 -0.107691352523048 0.0755209521916484 0.0843948247869989 0.206339011767312 0.276761412379895 0.262411757250423 0.282816002791846 0.20894736446871 0.10077441689829 0.0811902934214116 0.16449752458596 0.0731392862122909
-9999 -9999 -9999 -9999 -9999 -9999 -9999 -9999 -9999 -9999 -9999 -9999 -9999 -9999 -9999 -9999 -9999 0.126525364044773 0.243668417198329 0.268310533101034 0.31667034284794 0.235510144255684 0.186087239971578 0.167660143722182 0.0812928660545164 0.0502467979343195 -0.00688224558628328 0.0191011186342686 -0.0150028939034732 0.0219764138329664 0.0393449586412342 0.116648189007641 0.163848168125903 0.0873042646891009 0.109730659203321 0.147072907730837 0.116299652159951 0.140602338223041 0.160298076013658 0.249095083442688 0.211173237647452 0.239201335236247 0.267590447158029 0.266178029450373 0.213020161169964 0.161064838846646 0.137041600390554 0.211084282338637
-9999 -9999 -9999 -9999 -9999 -9999 -9999 -9999 -9999 -9999 -9999 -9999 -9999 -9999 -9999 0.110483576489879 0.0898095873582336 0.124281013704256 0.202531530202783 0.269706088465691 0.288844961393073 0.250336391777767 0.203761947390157 0.0653460402219296 0.117817155705575 -0.0512882041103227 0.109863421609191 0.103416310518873 0.0169626241858065 -0.0218294379185662 0.167616044611615 0.110916431965841 0.15046089437078 0.159870222855754 0.127959084114874 0.158700840109594 0.161513471443921 0.188027407710731 0.181279557374028 0.142525266974635 0.125887689609009 0.208266605812132 0.208383394711898 0.17117275753061 0.190135622489368 0.19807174645244 0.201752297426441 0.299103509616599
-9999 -9999 -9999 -9999 -9999 -9999 -9999 -9999 -9999 -9999 -9999 -9999 -9999 -9999 -9999 0.0888764551638818 0.132969793421721 0.17313396151153 0.256254030491186 0.313219404073502 0.268339293588109 0.219908442171217 0.244813680120306 0.115989278374098 0.0633264452258416 0.120227870157172 0.153049359268067 0.134843501955334 0.123572096591669 0.103560196830138 0.200869422422723 0.210848196882622 0.18570501201275 0.124452541466912 0.0573392342225334 0.105156625364239 0.175561598001804 0.25092713243067 0.180207396403259 0.224834373259243 0.171063138290226 -0.00587334798619368 0.0919640424108081 0.148097383360783 0.193234006499747 0.246355145285287 0.275291436487429 0.377600782561867
-9999 -9999 -9999 -9999 -9999 -9999 -9999 -9999 -9999 -9999 -9999 -9999 -9999 -9999 0.112517049142533 0.0752852279615287 0.105714719894826 0.124062190174077 0.144267448437736 0.368523517448909 0.301804341906896 0.265768380031775 0.211638604265626 0.0355832936428361 0.0474037247448448 0.130832065120332 0.124198010802182 0.179102992886561 0.174179582465883 0.215535676696242 0.239976104443114 0.27882271503829 0.237653758619352 0.126694310495403 0.173474695626316 0.146593285180298 0.162873521527993 0.179364070892775 0.150267597503102 0.161818794831926 -0.066147878423249 -0.10350387133919 -0.0303788358485529 0.0802782469732408 0.200435525915143 0.183467009403539 0.253682531111424 0.334718331547635
-9999 -9999 -9999 -9999 -9999 -9999 -9999 -9999 -9999 -9999 -9999 -9999 -9999 -9999 0.0989364922772292 0.095615066473796 0.071337808233769 0.12654309812352 0.171048305784938 0.326472068838324 0.312492284802058 0.239272724876486 0.195074583982458 0.115701393439223 0.198087167700668 0.210013250547013 0.0964566254639697 0.312365136907432 0.303876171986753 0.337915857711451 0.346598834203441 0.310710272800163 0.180634328750724 0.0984163428936836 0.232159433685351 0.176341988160409 0.00908753810362456 -0.0462153703272694 -0.104316920199216 -0.178380882047978 -0.0327805828036388 -0.13815628858418 -0.0472655392880638 0.0424825484458501 0.0526950550634748 0.125902930798373 0.100770053612103 0.221261743083838
-9999 -9999 -9999 -9999 -9999 -9999 -9999 -9999 -9999 -9999 -9999 -9999 -9999 -9999 0.1306980853459 0.10873924544453 0.0565445352545262 0.14438984326915 0.219776236827195 -9999 0.264316835556817 0.200677815874979 0.191568291257025 0.176276869449115 0.266405291415124 0.228353177650233 0.195006628222945 0.33783241489041 0.330614715296513 0.348122031075168 0.404503889688667 0.32398830500775 0.209053965632444 0.150082139706013 0.257313257261672 0.295666448288153 0.00358727612445554 -0.165764289834665 -0.170845805087213 -0.220490518237797 -0.158732245630809 -0.331807079916918 -0.232784608762906 -0.0151028945920541 -9999 -0.00190462164501655 0.0378181094465122 0.139387241064196
-9999 -9999 -9999 -9999 -9999 -9999 -9999 -9999 -9999 -9999 -9999 -9999 -9999 0.175233950812353 0.117858025090253 0.154090419202203 0.178937650832701 0.149509746713084 0.153841091485733 0.245845054098898 0.262909542572895 0.268459718417833 0.287081767863683 0.318553371985 0.330224669828071 0.362201529914851 0.397300249824428 0.436457754642043 0.382285346924362 0.319559292069266 0.298652579365614 0.288583331753021 0.304024150634158 0.208337108677185 0.27623677439639 0.0678948318865003 -0.101207454956658 -0.0977952747889299 -0.175026974765241 -0.232835134379749 -0.319227300377418 -0.352387882321089 -0.371845111106887 -0.175450447143743 0.234755615114684 0.303532061022031 0.243512732957478 0.255383314999423
-9999 -9999 -9999 -9999 -9999 -9999 -9999 -9999 -9999 -9999 -9999 -9999 -9999 0.0949679675142994 0.115468257687526 0.092486164380846 0.133535483703573 0.00916975240661949 0.208758509797223 0.199107931912852 0.26085681838202 0.286980958298911 0.340773159924147 0.392921941938228 0.36074248608492 0.438727310125054 0.475211439353981 0.457192759596111 0.375244290632575 0.276987966704714 0.330177927452078 0.33507743613474 0.461863653057015 0.150959783409226 0.0657665679814199 0.0550297177934766 -0.184676142144451 -0.287330407648398 -0.366264629879817 -0.309160610798883 -0.307438080805625 -0.294566526248839 -0.248859171696345 -0.17370372703336 -0.146101460583134 0.16092767707566 0.191901821214604 0.278686358233666
-9999 -9999 -9999 -9999 -9999 -9999 -9999 -9999 -9999 -9999 -9999 -9999 -9999 0.00304410679553388 0.0396094977604085 -0.0316292710005549 0.0927045069094532 -9999 0.21475639275174 0.278617955837958 0.306877272675707 0.367635538098099 0.393367346902469 0.396636794076626 0.417541127319975 0.424170171166963 0.559690093927051 0.475665637123291 0.357521299026737 0.29410990781057 0.234381782145758 0.309961525132419 0.226157609070656 0.128767199650662 0.0496643317821144 0.0153771626888876 -0.178365544815064 -0.237005852487246 -0.312464949077772 -0.356972919222783 -0.351843390680336 -0.37578580607822 -0.273503565996761 -0.256204913383145 -0.0615154832251532 0.173227488639248 0.10274777648088 0.26860568947888
-9999 -9999 -9999 -9999 -9999 -9999 -9999 -9999 -9999 -9999 -9999 -9999 -0.0231817832666776 0.00649584940613234 -0.0998654046033086 -0.0452112431908938 0.00790529694690089 -9999 0.071395304992218 0.221713313894853 0.350560247262009 0.27370556275067 0.417394119800047 0.469131807780859 0.492103961154425 0.45849911375065 0.532981311057187 0.483492748277645 0.349689709254544 0.270285309869141 0.268029398970847 0.257381921292215 0.270486576002432 0.197703522544141 0.12483891222146 -0.0946997735744392 -0.166016929089732 -0.251738979058612 -0.361287677437258 -0.180339874654777 -0.319083093939027 -0.352409596371021 -0.301446314143655 -0.176121692138755 -0.0807069355845083 0.0104617788567323 0.17691383027596 0.290571105825394
-9999 -9999 -9999 -9999 -9999 -9999 -9999 -9999 -9999 -9999 -9999 -9999 -0.118696074348422 -0.104966560508455 -0.154962383498315 -0.112111873992551 -0.0491034724498187 -9999 -0.0262463702154703 0.241776297176464 0.311732730222223 0.22225143175481 0.407699416968839 0.426245811781266 0.428707563791754 0.5181422669212 0.414269336753674 0.470748258470697 0.434001320973781 0.359224251473977 0.334665039507717 0.333450411529659 0.121924531691606 -0.0131641679461889 -0.0485713728742683 -0.0616214612955944 -0.176530506970587 -0.276674948335062 -0.320391495349282 -0.218807402836898 -0.295587368251029 -0.28563061730408 -0.30383551241471 -0.172689974772166 -0.0354889000724198 0.110679177517843 0.192172939807906 0.319537217035338
-9999 -9999 -9999 -9999 -9999 -9999 -9999 -9999 -9999 -9999 -9999 -9999 -0.288681613073699 -0.138817994590701 -0.262020810867728 -0.178203252452583 -0.098236743330667 -0.18992886791594 -0.0845262704938375 0.155877614929431 0.246800526821328 0.249503582603612 0.304706110464749 0.368284738943232 0.347680786628702 0.290704930308657 0.312400007088407 0.412180513958665 0.377151834657816 0.388330623556249 0.390333008667441 0.207616219828808 0.114172195006909 -0.291534283289519 -0.103005804948121 0.0606324715945022 -0.0282456103662456 -0.1661121581004 -0.175710254356865 -0.145600975513098 -0.196967372150122 -0.245239247955747 -0.161702828074465 -0.142998895864278 -0.0525084341423468 0.052596445047425 0.175370954979134 0.325287382891665
