data/rasters/s4.06.07.cu.4_xyz_08_.asc
NCOLS 100 
NROWS 100 
XLLCORNER -4 
YLLCORNER -4 
CELLSIZE 0.08 
NODATA_value -9999 
[rows 22 to 43 of 100, columns 48 to 95 of 100]
0.135171963091298 0.111485022863732 0.139888144273237 0.0519249624185813 0.0797147671292402 0.137877092827703 0.204270156824892 0.00952113467965684 -0.0252408364402716 -0.0382710654524199 -0.0840310260537277 0.0522485836333707 0.0642559516172515 -9999 -9999 -9999 0.131772878533474 0.202758501086381 0.036078989879411 0.0706333272925485 0.0645099908590973 -9999 -9999 0.042459056481131 0.0511272703235608 0.172552076180728 -9999 -0.0261413457588889 -0.00108687024724269 0.00726577493760958 -9999 -9999 -9999 -9999 -9999 -9999 -9999 -9999 -9999 -9999 -9999 -9999 -9999 -9999 -9999 -9999 -9999 -9999
0.233190452353263 0.170879732014319 0.123298738324504 0.0354124917436328 -0.00309982033956656 0.0848953978828534 -0.0197470087834668 -0.0433488448004568 -0.0263235812431353 -0.0289308634259006 -0.0606257021682451 0.0340638593097712 0.146183869152379 0.0560052522643516 0.106256776792074 0.0695648114093159 -9999 -1.41398629840593e-05 -0.00899318382708728 -9999 0.0765676604751459 -9999 -0.120554732686599 -0.114568137098891 0.0149916757974256 0.0352988811343641 -0.00740367313673365 -0.0163927880176205 -0.046595160167744 -0.187023860392012 -0.193500034492184 -9999 -9999 -9999 -9999 -9999 -9999 -9999 -9999 -9999 -9999 -9999 -9999 -9999 -9999 -9999 -9999 -9999
0.0855532275461133 0.174989143762097 0.0944553400031894 -0.0365730358488293 -0.0151488626417548 0.0253427213102975 0.0266536653091292 0.0182964954474343 -0.02315909403175 -0.0084673100429313 -0.0695740370487741 0.0491148504086797 0.139980968557146 0.0736728363451739 0.0255749613957447 0.0167383110991093 -9999 -9999 -9999 -9999 -9999 -9999 -9999 -9999 -0.0620437245664776 -0.0788148439051654 -0.022629137576041 -0.0786291304647825 -0.0531864907342394 -0.159573993236242 -0.190162446042952 -0.0936419169391409 -9999 -9999 -9999 -9999 -9999 -9999 -9999 -9999 -9999 -9999 -9999 -9999 -9999 -9999 -9999 -9999
0.00312904955273152 0.10879209194291 0.0922711941433442 -0.0130212833125193 -0.104056707033662 -0.0941422742871195 -0.0540279037312064 0.0310584745180202 0.00588701031726497 -9999 -9999 -9999 -9999 0.0409378439898478 0.107037070133164 0.0858243463857384 -9999 -9999 -9999 -9999 -9999 -9999 -9999 -0.0481744797733436 -0.0466211212777212 -0.0869068954921986 -0.0695647718843285 -0.0414880602526928 -0.0230675509713226 -0.139431850419981 -0.0955667837949817 -0.0195627606057662 0.129650402265291 -9999 -9999 -9999 -9999 -9999 -9999 -9999 -9999 -9999 -9999 -9999 -9999 -9999 -9999 -9999
0.0607541114911065 0.10706892847857 0.0550038634506415 0.020068088119359 -0.0560579463157621 -0.0456116215316971 -0.0445280615611041 -0.0339018518913742 -9999 -9999 -9999 -9999 -9999 -0.0289901171308957 -0.0913496298000163 -0.149415190758159 -0.153831426780593 0.0125621804968816 0.0545569928999193 -9999 -9999 -9999 -9999 -0.107351749664597 -0.044469760229947 -0.0190446009810904 -9999 0.00383569414334961 0.065411604836875 0.0609821166463061 -0.0179875552862595 -0.0564252132514277 -0.0019154144865808 -9999 -9999 -9999 -9999 -9999 -9999 -9999 -9999 -9999 -9999 -9999 -9999 -9999 -9999 -9999
0.126658047476225 0.0805463520411828 0.185283572230963 0.0808982242512858 0.0135793579164366 -0.0283310612231653 -0.101191227626713 -0.126007696362807 -9999 -9999 -9999 -9999 -9999 -9999 0.0540089610919826 -0.154370069596569 -9999 0.0265990501257369 0.00506269885466201 0.00569915734845548 0.0177786247114361 -9999 -9999 -9999 -0.052193992249609 -0.0358284058896338 -0.0149405957362658 0.005276361999741 -0.0170698289711762 0.111036772525848 0.103258652494938 -0.0127372148048818 -0.183396681639768 -0.140241641524802 -9999 -9999 -9999 -9999 -9999 -9999 -9999 -9999 -9999 -9999 -9999 -9999 -9999 -9999
0.09390870175907 0.0967436516389695 0.176024098027586 0.097455005345475 0.106155230202708 0.164231422275856 -0.0637053617614935 -0.129699205848703 0.0207272080978609 0.307734867565747 -9999 -9999 -9999 -9999 -9999 -0.160424625358016 -9999 -9999 0.0151332056695469 0.0489035774056643 0.0592559721120602 0.0228422280004934 0.0422276407103828 0.0203796759607492 0.0350449255013677 0.00314801545549161 -0.0728922264813536 0.0109201761475712 -9999 -9999 0.0375064017068879 -9999 -0.064165729101915 0.0121098454751347 0.0937959919800585 -9999 -9999 -9999 -9999 -9999 -9999 -9999 -9999 -9999 -9999 -9999 -9999 -9999
0.128381039380758 0.123643727742662 0.252247870512732 0.249025667787406 0.0954477932199134 -0.0764279109319871 -0.0427055637776589 -0.161782739120089 -0.111544730062377 0.0845905367768504 -9999 -9999 -9999 -9999 -9999 0.119682796615943 -9999 0.0565557776284251 0.0768838876836915 0.0986578038167897 0.0867900829827544 -9999 0.0479742992908192 -0.00620081564967044 0.0638940748206877 -0.0692054877359978 -0.116006383026673 -0.0796098380052925 -0.237522775476844 -9999 -9999 -0.0433596672919015 -0.038877878707373 0.0528273077419953 0.136139128304598 -9999 -9999 -9999 -9999 -9999 -9999 -9999 -9999 -9999 -9999 -9999 -9999 -9999
0.204170093138835 0.0580895552309453 0.123741469104097 0.108483750538823 0.038414203143662 -0.0753574162657237 -0.0723878938041454 -0.0908430766317469 0.0949553960130288 -0.0676662043448604 -9999 -9999 -0.0391977698587739 -0.0725659268405226 -0.124510618963495 0.0958584496505193 0.133351246119339 0.0763817969358077 0.0463854306852219 0.113637283062863 0.0833335468899896 -9999 0.0299238019700417 0.00443473955746816 -0.0499891206841696 -0.116736993190044 -0.043936637177287 -0.058683468931887 -0.171179305074028 -0.0798464644862579 -0.0199877054340323 0.0340295462399055 0.0101848395981484 0.0591524131616606 0.0899021631026749 0.116904560366207 -9999 -9999 -9999 -9999 -9999 -9999 -9999 -9999 -9999 -9999 -9999 -9999
0.265410478589538 0.124497219713178 0.0756612838493875 0.0738777683085274 0.159157034934487 0.192771128067745 -9999 0.107894184043225 0.121039895727055 -0.126981764783096 -0.162073988888359 -9999 0.00020144893309844 -0.0635016534955953 0.027760128957672 0.0303135436284896 0.0703159111256935 0.0912017503445498 0.110478575313999 0.138962815447879 0.128075155547812 -9999 0.162787069375184 -9999 -0.136141185569408 -0.0885200454743732 -0.127848147445637 -0.0724827691501177 -0.0540708671795932 -0.0333839418066997 -0.0418969373921232 0.0293021232329229 0.113216058225924 0.108356834019026 0.112217414591752 0.123955102365045 -9999 -9999 -9999 -9999 -9999 -9999 -9999 -9999 -9999 -9999 -9999 -9999
0.192169507776461 0.229538039643256 0.23138846297404 0.127191800604476 0.114606857978767 0.114307174648428 0.0481855965412373 -9999 -0.125649860230673 -0.153925481131751 -0.0777378261051689 0.0356337924626413 0.00897658361621556 -0.0458206909769378 -0.0495105310489304 -0.0163737780893668 0.0425012206569238 0.128193000934289 0.0642872138371406 -9999 -0.0133056459073166 -0.0449809556759736 0.114416576641249 0.307079880189875 -9999 -0.121897235090547 -0.115700499609216 -0.00228782098628228 -0.0139711125415686 -0.0133205134609742 0.00421394532773007 0.0503551837463896 -9999 0.173871038989964 0.157508376627043 0.192886687388466 0.198964536558743 -9999 -9999 -9999 -9999 -9999 -9999 -9999 -9999 -9999 -9999 -9999
0.11732576271748 0.188679494240092 0.149380318221094 0.0746658035202342 -9999 0.0521111298004191 0.0367861174234388 -0.0141793543725042 0.0437904759202364 -0.0608801125106136 0.0763261406484531 0.0729727579461614 0.0326028045310038 0.0319113861306867 0.0181798106234849 0.0796077898830713 0.0722232856066847 0.089627447575631 0.159920361285603 0.169035546968415 -9999 -9999 0.00678659228593637 -9999 -9999 -0.157859336708912 -0.112982969551387 -0.00405185745857842 0.0476549186664394 0.0618862373670047 0.0867855927523507 0.0732203328811235 0.0240768437766102 0.178546337513523 0.22720921263056 0.1908407477959 0.182938833472479 -9999 -9999 -9999 -9999 -9999 -9999 -9999 -9999 -9999 -9999 -9999
0.0737942849919051 0.156999914206694 0.163476355509015 0.061828857417811 0.220145421863922 -9999 -0.0584427375763679 -0.0595301112451118 0.17154449291267 0.0404686259349385 -9999 -9999 -9999 -0.0471571786575767 0.0314992888390993 0.0522559904618516 0.111404090510338 0.0042755632926039 0.239952687959195 -0.0674141427851188 -0.00675668157785312 -9999 -9999 -9999 -9999 0.0749832837255329 0.0166899118564385 -0.0256121354136099 0.00357140874445042 0.14090826761025 0.0479148465245198 0.0559562677266831 0.0651974917124588 0.137031346869419 0.0933499542496283 0.147380857039789 0.209927901317175 0.162900066656684 -9999 -9999 -9999 -9999 -9999 -9999 -9999 -9999 -9999 -9999
0.10245232775188 0.111042177969811 0.0737918638793578 0.138905047379325 0.143454670015713 -9999 0.0706286346613406 -0.0435897363747391 0.0524018847233417 -0.0004047851476896 -9999 -0.0758683775521366 -9999 -0.0701528401278492 0.0158654583701599 0.0568580553381194 0.047423325969162 0.103788811163792 0.028525631655708 -0.0122264794020704 -0.0235597339828632 -0.0568822165133996 -9999 -9999 -0.134067426642593 -0.0739742531358088 -0.0438473659417749 -9999 0.134456458628542 0.136061297869387 0.13630056705199 0.0352202328874169 0.0673851796156342 0.0773934945420258 0.0780271921644394 0.107838084958214 0.187689002346839 0.145301356779249 -9999 -9999 -9999 -9999 -9999 -9999 -9999 -9999 -9999 -9999
0.038664017514501 0.019283386385867 0.164067517368439 0.149204063874496 0.139751433583342 -9999 -9999 0.2278272799555 0.0459636648839645 0.0334540326906485 -9999 -0.111822140934724 -0.0946879501770991 -0.0988923463959273 -0.0356188763450061 0.0230125921479511 0.0376712505581829 0.041854992409163 0.0258727718365641 -0.00317764729699815 -0.0232036703695369 0.0467418446102412 0.0560140653868112 0.118629643056934 -0.145289993834985 -0.0952544164933345 -9999 -9999 0.0514884895538543 0.133265346459726 0.182076882607694 0.22937529727253 0.10339534215665 0.146275934273163 0.131404712140177 -9999 0.161959379379407 0.146184402380863 0.114137175997107 -9999 -9999 -9999 -9999 -9999 -9999 -9999 -9999 -9999
0.0745106076486976 0.0881113134716903 0.066129911730464 0.172951193544728 0.14302436419971 0.142670553886504 0.188639222051925 0.159544171738211 0.069703014313563 0.151585274683553 0.00378149271171658 -0.107734331098999 -0.122978674092924 -0.147548534302236 -0.0987524992615186 0.00821691865315788 -0.00266864436341043 0.0211639808708047 0.0787050515651988 0.0453483926842438 0.0680619647512354 0.0771587582751823 0.117106059763905 0.141360558911822 -0.00606205198136195 -0.154958352095947 -9999 -9999 -9999 0.148841326719175 0.222261039196594 0.238301964478291 0.131328040236447 0.112827170676725 0.164597739368832 0.116309139218692 0.1865161489998 0.174943320866996 0.233426264742934 -9999 -9999 -9999 -9999 -9999 -9999 -9999 -9999 -9999
0.0644422628821348 0.0587869648827233 0.0771692361472716 0.0844739736780677 0.183568682245382 0.26451242551569 0.142660613832155 0.155076106989892 0.10512604208876 0.025396764659363 -0.0613102170912064 -0.0974826719906814 -0.0833917673309405 -0.156938391243991 -0.197171345026992 0.0464926305920968 0.0227117247735887 0.0157340600166838 0.0928307126468041 0.0901411978908046 0.0810568494394319 0.0884680640137141 0.15040274573975 0.0566739321326568 0.0186535144487031 0.0674274054043669 -0.0568363735379117 -0.171388595152452 -0.20469998851025 -9999 0.20660007120177 0.116369024303684 0.100048595126632 0.0794559596322268 0.0868701109759175 0.0547863972616512 0.112471414013675 0.166288494153538 0.230831066549872 -9999 -9999 -9999 -9999 -9999 -9999 -9999 -9999 -9999
0.0609105579550603 0.0480831734745725 -9999 -9999 -9999 -9999 -9999 -9999 -9999 -9999 -0.199970061682478 -0.217017081382719 -0.0700621415193057 -0.0876637250884129 -0.233163460724206 -9999 0.0972714435634983 0.129696948041917 0.0968325926619451 0.0983891179419576 -9999 -9999 -9999 -0.0673375955324007 -0.00457258822957463 -0.15060127547471 -0.188187155526987 -0.0230599945393495 -0.149864240154012 0.0322450250844072 0.101285253362411 -0.0407617806877796 -0.0497957241529943 0.00693302250737368 -0.0046260229085856 -0.00760917497691604 0.045299324987885 0.154649635614897 0.203497708785269 -9999 -9999 -9999 -9999 -9999 -9999 -9999 -9999 -9999
0.0882468150972162 0.0583376433718661 -9999 -9999 -9999 0.233898135896885 -9999 -9999 -9999 -9999 -9999 -9999 -0.0414005722019003 -0.100564735302438 -9999 0.0472977040128576 0.0599501377407266 0.110348892086721 0.149226407416372 0.112720558126796 0.123982034579725 -9999 -0.139086360991918 -0.044491231902664 -0.0982194042528471 -0.165475288807872 -0.251929160211747 -0.0796159262442006 -0.0686687519764294 0.0128402330061935 -0.0163192707796612 -0.0596271118446717 -0.0433255964251799 0.00639929065053621 0.0325860285719627 0.0328169941736179 0.0227734742887222 0.0895911029638439 0.204254334572828 -9999 -9999 -9999 -9999 -9999 -9999 -9999 -9999 -9999
0.175537033553079 -9999 -9999 0.104551073222024 0.182021165625452 -9999 -9999 -9999 0.00621635784313197 0.049681348681536 -0.0030469627596145 -0.0389002669828799 -0.00708781190102685 0.157304875813678 -9999 -9999 -9999 0.145048202149909 0.113977754883311 0.129805593524314 0.124388343890491 -0.0177280042820594 -0.05035596576142 -0.158428867740556 -0.0781258153003031 -0.231234849430391 -0.232657386660938 -0.300717213066092 -0.0808051387648018 -0.163553543517816 0.152148064740342 -0.0125865899602044 -0.00768770672466875 -0.0101603745679357 0.0405830740312341 -0.0381383171423696 0.0129663810564719 0.0241904150851094 0.270078953608156 0.0406947861152012 -9999 -9999 -9999 -9999 -9999 -9999 -9999 -9999
-9999 -9999 0.00392010638633298 0.0532065099935862 0.162914133047367 0.044205898581852 -0.0208860579169442 -0.0208198569907997 -0.00986832201284153 -0.00480493719870309 -0.0252760091753968 0.0180066496494121 0.0709756497131596 0.103453399228204 0.0758802364429412 -9999 -9999 0.118112947812971 0.011977771462774 0.187821283875116 0.0536443818045605 -0.0599872988251507 -0.0952208485703279 -0.159885506004139 -0.00881213253093667 -0.26121043801216 -0.237420569538941 -0.318502816746727 -0.204057673249958 0.037581873929384 -0.0231287082696482 -9999 0.00985360735757606 0.0404767231642954 -0.0316176569855504 -0.074458953672101 -0.0845590869806525 0.0926672069564692 -0.00339051703113439 -0.0725538828577142 -9999 -9999 -9999 -9999 -9999 -9999 -9999 -9999
-0.00695405658471664 0.143903712058196 0.26088432116211 -0.00296181986962518 0.153233764973161 0.0821901307698283 -0.0845071530299708 -0.101522721773719 -0.0358799515266682 -0.025094304828287 -0.0272108519753496 0.0322537653309604 0.0108557679530874 0.0470981560657829 0.0494007784385165 -9999 -0.209076345328598 0.135963560972084 0.161611761469033 0.141626969495255 -0.12121943672391 -0.0376134991684546 -0.0632884920234111 -0.138084958618935 -0.141487751020345 -0.230787500405086 -0.287404881674229 -0.191882583467379 -0.132858481218273 -0.0117705402247156 0.0576668787627698 0.102090923531761 0.103611889089273 0.035738831614549 -0.166778635137319 -0.182716214550172 -0.140887121492297 -0.193174482016953 -0.126288506740252 -0.120454108312235 -0.180874036879853 -9999 -9999 -9999 -9999 -9999 -9999 -9999
