data/rasters/s4.06.07.li.3_xyz_08_.asc
NCOLS 100 
NROWS 100 
XLLCORNER -4 
YLLCORNER -4 
CELLSIZE 0.08 
NODATA_value -9999 
[rows 21 to 41 of 100, columns 47 to 93 of 100]
-0.191471386038862 -0.11481197696472 -0.285426728067946 -0.291661530074387 -0.22625104398919 -0.206198037830307 -0.279019971905744 -0.0349594674066721 0.0204615166686014 0.0988999814246489 0.026657456465659 -0.0230132722394872 0.000818040716619377 0.0472297806240324 -0.000799779944492447 0.0886229514287895 0.340829232966384 0.279383536819974 0.117492277912189 0.28066951330937 0.22752133258147 0.32194331600239 0.251675400994672 0.376183013886901 0.498436309140787 0.164111145815741 0.240513971685659 0.387155172195223 -9999 -9999 -9999 -9999 -9999 -9999 -9999 -9999 -9999 -9999 -9999 -9999 -9999 -9999 -9999 -9999 -9999 -9999 -9999
-0.232120223514325 0.00208841970398481 -0.104651632086225 -0.198101573467537 -0.102743188078094 -0.0380087421382712 -0.122906449514062 -0.0974627795446457 0.101871611939071 0.0950571323270923 0.0356651170635903 0.00219960060720552 -0.0705134420041984 -0.0342530799746412 0.0464717141431067 0.0813042300035885 -0.0320084749183642 0.32242333480735 0.275470999487854 0.115204021260975 0.181819634241527 0.23308879662063 0.249619382570908 0.4117395595787 0.31192786155277 0.348415985445108 0.0106081335944707 0.0616236667214974 0.221170351536788 0.581017789434791 -9999 -9999 -9999 -9999 -9999 -9999 -9999 -9999 -9999 -9999 -9999 -9999 -9999 -9999 -9999 -9999 -9999
-0.295497272252258 -0.204231819050517 0.188052816429365 -0.00834497972098313 -0.129402491320775 -0.109989416834242 -0.168898854639122 -0.0523922971526914 0.139101316840587 0.149310687128713 0.0764365438387127 0.0180637342637095 0.0419112739741664 0.0592227083970537 0.0601891576077477 0.0760011194485039 0.035491777196593 -0.0461376639380174 0.299592313131769 0.167620825373863 0.296617707821481 0.221704409238009 0.22699181730724 0.195464080423319 0.332683460550739 0.432407860175426 0.4168094818253 0.244073007670199 0.0385906199530164 0.174417624218005 -9999 -9999 -9999 -9999 -9999 -9999 -9999 -9999 -9999 -9999 -9999 -9999 -9999 -9999 -9999 -9999 -9999
-0.0705904093252068 0.0338945052681081 0.0491566240935413 0.0642527636229461 -0.0767930720647847 -0.295660588698318 -0.197064479133307 0.00130820766656203 0.0964646340030641 0.0593883758570985 0.0699391010529471 0.0299365339251245 0.0131188832948465 -0.00971670910395002 0.0616428715761978 0.153643190330298 0.0581218713741097 -0.000877532005481413 0.246274059054631 0.235819473985345 0.0906616588236245 0.254735622446786 0.254273990358228 0.340151720577338 0.13377090168158 0.308286591242695 0.350548669003959 0.346545538505304 0.260172891500688 0.0982660796187718 0.201733059552941 -0.315294838514494 -9999 -9999 -9999 -9999 -9999 -9999 -9999 -9999 -9999 -9999 -9999 -9999 -9999 -9999 -9999
-0.0162941250746784 0.0674842086286543 0.0181709600774728 -0.0779982654290442 -0.0933486029655136 -0.135455099620392 -0.070764530598814 0.0195020816714191 0.0288612249396057 -0.225999120974146 0.00501665268952069 0.0395244698595386 0.0645038844919106 0.119914593504219 0.0347027233990893 -0.0223238229632151 0.128512722537754 0.0840545505155775 0.108700021993949 0.283221117805819 0.180114846248851 0.26565427065913 0.401266110830081 0.391120668115607 0.233341801052154 0.184878918747954 0.428183773787321 0.384526157004371 0.302908332858684 0.302846541522001 0.0591597393750726 0.16979768580016 -0.332140184335075 -9999 -9999 -9999 -9999 -9999 -9999 -9999 -9999 -9999 -9999 -9999 -9999 -9999 -9999
-0.18085817240975 -0.0548832616603936 -0.0609251486751017 0.0364478246896183 -0.0337326612844288 -0.147067572171491 -0.0768966535297956 0.0356989574186371 0.225546103722949 -0.0210968036194563 0.217762541705734 0.0924542306126245 -0.14857737055802 0.128949116929009 0.117185795446456 0.0497182083984046 0.0479663331158129 0.111146156287624 0.16958355843476 -0.106381006554686 0.101949660852073 0.178942987060075 0.24307330182262 0.237591953309418 0.405794266265053 0.131668274457123 0.228364342686234 0.375475700106132 0.467370546060702 0.383394329809174 0.295957146916065 -0.0318247943762466 -0.0765546102774831 -0.314724908935685 -9999 -9999 -9999 -9999 -9999 -9999 -9999 -9999 -9999 -9999 -9999 -9999 -9999
-0.0661828916467131 -0.0749655442237123 -0.0568594282511137 -0.149039392455308 -0.134968147208247 -0.162538816502218 -0.197327908620575 0.0974536777424523 0.112535749920949 0.160714902812166 0.243948392888319 0.162705350768861 -0.254843282932304 -0.0159075802465975 0.181330848811672 0.247784276093756 0.303247944673416 0.0576419833473009 0.222538194472744 0.0263873405377517 0.0789872385403451 0.290433083032415 0.233547382546484 0.25037421519745 0.240593764540159 0.220990766197423 0.0814409445927832 0.404481608302699 0.423766925861478 0.349241438454664 0.471956518493074 0.0870601635893389 -0.0501614020431031 -0.224968329538074 -9999 -9999 -9999 -9999 -9999 -9999 -9999 -9999 -9999 -9999 -9999 -9999 -9999
-0.223766009654347 -0.222247560643653 -0.213033890879326 -0.127886524396906 -0.276690639422741 -9999 -0.529180847090671 0.0892140047225166 0.0182639561846225 0.00910701054347254 0.198391566895325 0.174198195435771 0.153667335836211 0.113319191615878 -0.149996862487042 0.0272700754127229 0.0925365051335235 0.336167883328185 0.247203264543207 0.125456395536583 0.173122418113506 0.261661442266625 0.295616632787593 0.208741418895287 -0.0647791725382712 0.119746986817664 0.141126766329342 0.284802300221471 0.290829411547583 0.365412075047546 0.266897831600095 0.327760298492586 0.104690036223253 0.0340419889452384 -0.168053539635219 -9999 -9999 -9999 -9999 -9999 -9999 -9999 -9999 -9999 -9999 -9999 -9999
-0.185635282394527 -0.249051600013776 -0.102212283727624 -0.301361194046093 -0.145985277429763 -0.277452352830549 -0.224597795405554 0.044128623287853 0.118583814601878 0.072287216139017 0.173799973361029 0.223298357110427 0.197493820878444 -9999 -0.16617096604584 0.0707853102400878 -0.0758143477716618 0.0675501032092325 0.107429587358706 0.218466724046786 0.201700423443587 0.236748213124915 0.293762395041117 0.249550850561976 -0.518690841340526 -0.230471650716065 0.150422851726493 0.27205486458298 0.326977370148827 0.299933241394829 0.245221740292402 0.299762258353033 0.366168276165038 0.335828224458106 0.0143606846966772 -9999 -9999 -9999 -9999 -9999 -9999 -9999 -9999 -9999 -9999 -9999 -9999
-0.18890505204774 -0.164264986599223 -0.0646685712866825 -0.0590297557851844 -0.143231001049621 -0.228685695332825 -0.0703531966138884 -0.0845302315909224 0.0272416579176958 0.189322896243752 0.264479131604508 0.0863149518706385 0.129628485207515 -0.0484348170290886 -0.0536525678168501 0.00455569148448681 0.0731586659467398 0.0265957954970698 0.167965698429627 0.178287504168847 0.189777405643786 0.193841630225488 0.228231417412671 0.198682267820252 0.253502607923821 0.0930989466594265 0.246377265259905 0.322303100049962 0.273427381228117 0.367504469550778 0.325567694174655 0.289622977846114 0.29056051653264 0.436830349615917 0.180551451167538 -0.142073230618495 -9999 -9999 -9999 -9999 -9999 -9999 -9999 -9999 -9999 -9999 -9999
-0.137419089482851 -0.219111766366923 -0.16462292683423 0.0459798207650927 -0.0502603125350375 0.101566033176704 -0.0118736545794302 -0.0799558818424826 -0.0593847491851977 -0.00126577715312641 0.206730774501464 0.138643986254864 0.12393441001208 0.0438352419981635 -0.064330544050634 0.0405396748302575 0.0693849357623645 -0.0132526255359235 0.163344091089505 0.224049015166275 0.0358148036221782 0.242923905040306 0.192685062910082 0.195968898318725 0.193763653672767 0.348172646654783 0.300681228308964 0.345742627574352 0.228893617123594 0.321343434454435 0.26491141344691 0.238254915954444 0.312977208849244 0.4185954834454 0.436844075556106 0.162766248530164 -9999 -9999 -9999 -9999 -9999 -9999 -9999 -9999 -9999 -9999 -9999
-0.140576239497924 -0.103214029544058 -0.138848999546235 -0.0761585543141504 0.0145600522180728 -0.0126869294909703 -0.0443492436371415 -0.0721650069184812 -0.0442828032017659 -0.125790289473422 0.142121132402086 0.0849943767077284 0.00907676408212472 -0.0675307474871758 0.0541731960699955 -0.160283581730911 0.0521420744589756 0.154477822413169 0.119607529176421 0.182439722938388 -0.168387548453385 0.0526336282705847 0.130168541295532 0.104549992873702 0.132087859806292 0.142262056164003 0.245988089065723 0.284683487999425 0.2823998145445 0.231650000374157 0.28224437067458 0.253835789282171 0.473278498543037 0.282162080837653 0.377148486965401 0.236873250872984 0.0959972404546064 -9999 -9999 -9999 -9999 -9999 -9999 -9999 -9999 -9999 -9999
-0.0884945242705728 -0.0605305281395789 -0.0189049228047913 -0.130869464502995 -0.0192347310829369 -0.0975169838185155 0.0594813855902149 -0.104125002706534 -0.0410484233156789 -0.0577978063433969 -0.0266387063676161 0.0265082146992255 0.0319519631754634 -0.0625163894673327 -0.198775490364186 0.0145175825882051 -0.112065949138925 0.0488092885161579 0.0230785647741138 -9999 -0.0772493737958313 -0.1479068644885 0.0410488864237056 0.108864539502194 -9999 -9999 0.124728896904424 0.149473834406746 0.229680275626027 0.312554964519256 0.351838898724373 0.304842854036061 0.280819343603123 0.397245730710946 0.454703760782707 0.366601510868784 0.0202942861133854 -0.0969024777897131 -9999 -9999 -9999 -9999 -9999 -9999 -9999 -9999 -9999
0.105756468976964 0.0619129125009651 0.0381364903525584 0.00250815935146519 0.0222999842287456 0.0206888913992821 -0.177425611607422 -0.134109352996744 -0.0131261492233926 -0.170212212737027 0.025496031601677 -0.0133375476806244 -0.0571774249275477 -0.00330283538529305 -0.220648390265873 0.139294085489756 -0.0760889757345928 0.0204958796190895 0.0296082382329459 0.0250143184696662 0.152752345497616 -0.0260269705171958 -0.0426917683842283 0.0283815319108814 0.0567917249250474 -0.0880672473972412 0.183080290788534 0.172490131949896 0.298200219436925 0.292120547200401 0.322910512202336 0.285832857020684 0.262338809458439 0.324754232868722 0.416304249963575 0.315969313910186 0.142851654229799 -0.0116646100733143 -9999 -9999 -9999 -9999 -9999 -9999 -9999 -9999 -9999
0.0890310782195393 -0.163515440859926 0.126097846581828 -0.0244249419647964 0.00161617238782006 0.0453304111285896 -0.405644235717177 -0.0224308023894071 0.0754452033252529 -0.106580106403459 -0.235574384877089 -0.0521310663306171 -0.0751497410186651 -0.0865970207149767 -0.00150475537234901 0.0336674192084539 0.0552948482574707 -0.0733624250143822 0.0118764689087014 0.0283167045489612 0.15195908578992 -0.0222671802185452 0.0157628254714428 -0.0381066738395047 -0.0108667664540074 0.014002180754967 0.109042341419587 -0.00858363966738067 0.250351084236717 0.197685990732734 -9999 0.232286743416436 0.311049483379041 0.251171539791641 0.229675219799634 0.308212383226152 0.230655348934229 0.0276444297086004 -0.0550834408212588 -9999 -9999 -9999 -9999 -9999 -9999 -9999 -9999
0.152824973149877 -9999 0.0148901140795879 -0.0143789751216419 0.0164635648946358 0.0144992672047507 0.108143748501622 0.0105935494099165 -0.00365214093548407 -0.0201263455838615 -0.274405178562725 -0.300809323111001 -0.118966885107772 -0.0698381865237194 -0.0225048627163055 -0.0942154349697702 -0.183749344847276 0.00127682391524926 -0.035241554388632 -0.0824376057032123 -0.00853359577126635 0.0534500391810074 0.0174282755299092 -0.052042487495051 -0.0269986055088088 -0.0169297603998089 0.104296241456698 0.0754138755151145 0.137062584477628 0.159234529643488 0.135297240720901 0.348278040515608 0.38981913843329 0.3311888336109 0.160027333724998 0.343389557846079 0.308407860255245 0.142133985583085 -0.0938798622145598 -9999 -9999 -9999 -9999 -9999 -9999 -9999 -9999
0.0945877415059211 0.0994109615488079 0.0480811891900136 0.09150853379455 0.0726758187082246 -0.0528224510506017 -0.0226475892411286 0.0688128970203792 -0.107842925626446 -0.095264776097921 -0.144999203657389 -0.227857577413941 -0.294881362185973 -0.0812500968760876 -0.0330951921407786 -0.11706606847346 -0.167377254324313 -0.14803261233017 -0.0579142529185548 -0.0769683349761913 -0.0885043548181082 -0.0460997322156696 -0.0173301181733609 -0.105008551898618 -0.04186740676512 -9999 0.145064057866754 0.186105021423582 0.133137363838475 -0.05048691166739 0.164905950453017 0.287247932983165 0.161362474142006 0.304084556354327 0.305907003264722 0.166454898589951 0.328652385570725 0.354952126086586 -0.0804769044398716 -0.156724992035696 -9999 -9999 -9999 -9999 -9999 -9999 -9999
-0.0096918325698459 -0.0120691657011673 0.00294231225380733 0.0571785253926275 0.0962374934066924 0.0267535432019815 0.0629414947586998 -0.047380047055415 -0.0933703449064861 -0.0707012888923936 -0.0537268984952128 -0.0814772521393006 -0.210704000964672 -0.286117784613732 -0.00948546790421871 -0.0835990965639203 -0.149244896917753 -0.281034406764399 -0.222076160254953 -0.0731265910155231 -0.147346847408028 -0.180162132424238 -0.0907073742119252 -0.131089677750718 -0.162486380224771 -0.108343807401612 -0.047263619149041 -0.0942956122615894 0.0144304959098468 -0.0066311987842883 0.0749185919215303 0.209595915417119 0.119966845344771 0.187622450155631 0.220772093525719 0.134700485039383 0.257432653563661 -9999 0.0466326121689514 -0.169792684972841 -9999 -9999 -9999 -9999 -9999 -9999 -9999
-0.111381277241141 -0.0711343981223772 0.104340648523707 0.0487724354768523 0.0536342898334898 0.0449255999753683 -0.00870029872091259 -0.0327892526091784 -0.0362005189574718 -0.112514998467873 -0.060797685448589 -0.102141311266973 -0.0264893502903256 -0.0819530227443982 -0.0133499426323474 -0.0585794372569109 -0.168132414157325 -0.22427212340857 -0.446962576629008 -0.132126862150753 -0.0368924388881299 -0.222719121764708 -0.155165378345021 -0.156521672549882 -0.141410937656124 -0.125056683698809 -0.0487315529962157 -0.144244368304565 0.102861970805945 0.00110084092745083 0.0569137138312367 0.1380706724259 0.220687538529613 0.212283792531753 0.250170120687704 0.303544290975578 0.121006398247895 0.154160685862834 0.281331230013786 -0.0785335281158928 -0.255112636955312 -9999 -9999 -9999 -9999 -9999 -9999
0.118842566160365 -0.222425237286837 -0.0134016615277146 0.0730241176343818 0.0443076261833852 0.0623978815220271 0.0104080151923518 -0.0116999308628336 -0.0420843605751591 -0.108394567042064 -0.0757238396255328 -0.148448090943735 -0.10658568840021 -0.151485198163276 -0.201902028571259 -0.116496585672038 -0.124946729726343 -0.230012431264836 -0.123763480187641 -0.230981790452335 0.284287090478754 -0.133104782464074 -0.247477256559029 -0.126974940535992 -0.184442340774769 -0.122807169362214 -0.0851693674013978 -0.0718893235975806 0.135988810082409 0.121809797060476 0.175941458496702 0.0710046691830652 0.211964181501623 0.125705544427756 0.142460452839009 0.102477254553086 0.103855650547261 0.0577660360542982 0.248077081215679 0.0558405972399967 -0.146145630620763 -9999 -9999 -9999 -9999 -9999 -9999
-9999 0.261830232338658 -0.0391272825877517 -0.0155011935087013 0.00987236801897998 -0.0566121561419746 -0.00960670663953895 0.0403259203378401 -0.0128957426524817 -0.0662949352795616 0.143240437879358 0.129423421076944 -0.000542098211173047 0.018977297206214 -0.0846718448354071 -0.0135280553761033 -0.00755486558988382 -0.0331179660211816 -0.0857376594952522 -0.0732983998069212 -9999 0.113080149538437 -0.314609614795868 -0.234462897229544 -0.286820399448575 -0.181452424908103 -0.120426348803098 -0.14604307019715 0.039577973378351 0.17523909176439 0.0520765617278314 -0.000350783530386461 0.0702922558826988 0.123662611250129 0.0978386315491811 0.0351605763777719 0.0436765563605228 0.137184014174868 0.255786234518686 0.0873980128051228 -0.126783497031813 -9999 -9999 -9999 -9999 -9999 -9999
