data/rasters/s4.06.07.cu.2_xyz_08_.asc
NCOLS 100 
NROWS 100 
XLLCORNER -4 
YLLCORNER -4 
CELLSIZE 0.08 
NODATA_value -9999 
[rows 21 to 41 of 100, columns 48 to 95 of 100]
0.131533439451058 0.208230074328756 -0.215633319077957 -0.255832328567455 -0.416624997114676 -0.464883509760534 -0.570710818058599 -0.524707277872538 -0.487374492636809 -0.496635669276957 -0.502869802011516 -0.269026983985523 -0.191277973006444 -0.193409169316764 -0.217040171691495 -0.28516920509948 -0.194612231050315 -0.326706122122944 -0.361214509809225 -0.341795872216422 -0.291717135245398 -0.257097036099689 -0.160131164546665 -0.101552390720955 -0.0274290616533824 -0.106334040160978 -0.0716338807856625 -0.0415904760361862 -0.153675897825384 -9999 -9999 -9999 -9999 -9999 -9999 -9999 -9999 -9999 -9999 -9999 -9999 -9999 -9999 -9999 -9999 -9999 -9999 -9999
0.140265246080944 0.0564105435748161 0.0487093822836212 -0.241116705375082 -0.400575390876286 -0.369919281778101 -0.454136345239808 -0.45542688823008 -0.470604301291532 -0.492509428884537 -0.403410573314421 -0.231027013915219 -0.137432259956077 -0.0863511269312271 0.00837789870484391 -9999 -0.13985009738893 -0.301429912516829 -0.32673026148436 -0.330222946448066 -0.21355503015946 -0.117415623709531 -0.129843632136651 -0.128116055454824 -0.106449234773396 -0.13153940105596 -0.161129930653448 -0.158426593780868 -0.183170005555629 -0.321320521396766 -9999 -9999 -9999 -9999 -9999 -9999 -9999 -9999 -9999 -9999 -9999 -9999 -9999 -9999 -9999 -9999 -9999 -9999
0.0583214290748292 0.0546100671098137 0.0290496942823124 -0.204831055074367 -0.259018670270777 -0.367100684670159 -0.418291504629972 -0.403263507238851 -0.397396207460477 -0.450818858707771 -0.33741243037335 -0.190885055199828 -0.119702156098524 -0.0389063925270209 0.0425500971570177 0.0256251486154718 -0.0562871881183584 -0.0135910666057341 -0.2686359371966 -0.217762380077907 -0.180442013156658 -9999 -0.178815921251585 -0.249201497284567 -0.23493233887393 -0.184082601726016 -0.192524906303736 -0.208010638978049 -0.226528398196036 -0.339544831437632 -0.291205414191436 -9999 -9999 -9999 -9999 -9999 -9999 -9999 -9999 -9999 -9999 -9999 -9999 -9999 -9999 -9999 -9999 -9999
0.0113653178751925 0.0148432878469735 -0.0607836433309476 -0.138604509631485 -0.0769499706842045 -0.438071661571836 -0.429013619108466 -0.381304628533138 -0.353868280342296 -0.230191109110815 -0.255499371753884 -0.140348785260997 -0.130688692086625 -0.0814130600459432 0.0405537409725516 0.0559376189998258 0.0249453052426354 -0.0453871413306452 -0.121645226679107 -0.155724807825527 -9999 -9999 -0.244026745155731 -0.382309160304881 -0.341890865841897 -0.276631993442116 -0.247809039419576 -0.23475071031197 -0.249983570842169 -0.232251757661126 -0.30970038671634 -9999 -9999 -9999 -9999 -9999 -9999 -9999 -9999 -9999 -9999 -9999 -9999 -9999 -9999 -9999 -9999 -9999
-0.00919287170854802 -0.0163389980435837 -0.0627595443798492 -0.16413886637995 -0.0574701343678773 -0.35387138039142 -0.368236243914092 -0.291314686655783 -0.204425235940409 -0.186119114826265 -0.23446622748474 -0.171822824590225 -0.0657967179352176 0.00371219477610526 0.0442672433117205 0.061901371093537 0.0785994274705262 0.0150699497226347 -0.00629104135900395 -0.288202476889719 -0.44124817557436 -0.408611995843598 -0.32952667939008 -0.419845541266237 -0.435348727863723 -0.393083794203243 -0.319367432532972 -0.275552982106221 -0.243793678494673 -0.250536587550507 -0.261501149925976 -0.233562853157083 -9999 -9999 -9999 -9999 -9999 -9999 -9999 -9999 -9999 -9999 -9999 -9999 -9999 -9999 -9999 -9999
0.0172356523652479 -0.000864988993000623 -0.0586778698700592 -0.153711221877619 -0.186509340324337 -0.124659442697105 -0.162578997470536 -0.107847799478034 -0.0951138453425627 -0.10148470517981 -0.121812872826766 -0.0522462121983676 -0.112006837529748 -0.124920330416745 -0.0176908061155045 0.0577130778083247 -0.0212523352086429 0.0264520053085867 -0.16609048102735 -0.363614868218892 -0.460958302398995 -0.444998151066593 -0.496889973414705 -0.541961201265603 -0.469358734885335 -0.40879874715841 -0.368688954080036 -0.319825228087588 -0.24375558384386 -0.229809165028773 -0.263097972064064 -0.229862102781434 -0.0995484758256901 -9999 -9999 -9999 -9999 -9999 -9999 -9999 -9999 -9999 -9999 -9999 -9999 -9999 -9999 -9999
0.0132933074988554 0.0323784064933663 -0.0421863331657213 -0.0975058263060981 -0.0572523251709782 -0.0959100526253088 -0.0665930321329797 -0.00439405053995949 -0.0103956878146364 -0.05201307301515 -0.0307644259532176 -0.007675094169747 -0.0207548419900631 -0.0239846708984332 -0.0513992122161022 0.0766507656165531 0.0670831542162516 0.108736984170014 -0.160685695540971 -0.397127104357632 -0.482187798712445 -0.471602723920924 -0.509305723702218 -0.501373166690086 -0.449485680863387 -0.482972478699643 -0.57046158003875 -0.382914585849861 -0.368261704762362 -0.227603703633817 -0.24766481546886 -0.167586732503919 -0.149526965032487 -9999 -9999 -9999 -9999 -9999 -9999 -9999 -9999 -9999 -9999 -9999 -9999 -9999 -9999 -9999
0.0291058538092717 0.0516454964897619 -0.0107881124700342 -0.0562492398254821 -0.0741349669492157 0.018147165598373 0.0634950102931604 0.110792555295543 0.0265053754769605 0.019002453013641 0.042857707757383 -0.0201165520624302 0.022131532799385 0.0834110875824367 0.0815462990160412 0.0928384776077403 0.0960510526720344 0.0683987736567332 -0.296030897154514 -0.422512066643332 -0.534808645862681 -0.509725612655038 -0.603429101129133 -0.597101900978201 -0.58015810379372 -0.566782280728645 -0.573762843749294 -0.556505428826717 -0.465980986234497 -0.313470537581146 -0.220227875350124 -0.171535484012183 -0.170375695054103 -0.155493529426292 -0.176234648788676 -9999 -9999 -9999 -9999 -9999 -9999 -9999 -9999 -9999 -9999 -9999 -9999 -9999
0.0833513873582025 0.0726848987520649 -0.0401489749961879 -0.0386544541869442 0.0130636603634113 0.00735775882050765 0.021246707976944 0.159083234422425 0.136589257357272 0.102265346039054 0.0853152529639465 0.0985916844405118 0.191598908571789 0.197191908463462 0.115093264777451 0.138627459142413 0.129255640460168 0.0711544072263871 -0.241630001101641 -0.42013166791862 -0.53765867178002 -0.539377594343844 -0.575266228708401 -0.595751253481752 -0.646590043581843 -0.562077840236233 -0.53690913839612 -0.59149572524969 -0.491643956184088 -0.289484493175287 -0.212688523867902 -0.195221401881365 -0.186705881300262 -0.185417428619464 -0.18162999413488 -9999 -9999 -9999 -9999 -9999 -9999 -9999 -9999 -9999 -9999 -9999 -9999 -9999
0.173679147904945 0.126416904471057 0.0686788212507843 -0.0769029033419563 -9999 0.0620399327322751 -9999 0.296650234119729 0.212001548498656 0.171033261381417 0.266674828481504 0.115797067154022 0.202058236148991 0.149380753678443 0.131585555522863 0.129968811629014 0.19576142947757 0.100673895014609 -0.148117239736808 -0.362982815734054 -0.506512100392767 -0.593866496383085 -0.556508253649765 -0.547311613189404 -0.62250291639774 -0.459937217651861 -0.449196133427409 -0.463357588662628 -0.438695790944925 -0.314866965865813 -0.224667801664992 -0.200804915574827 -0.16821222161148 -0.200841369449715 -0.202196634845237 -0.185639567703346 -9999 -9999 -9999 -9999 -9999 -9999 -9999 -9999 -9999 -9999 -9999 -9999
0.2365640503285 0.221337757925397 0.103067969793082 0.0837958072737319 -0.012228757139903 0.401784040595446 0.370294920964071 0.360260264845264 0.359173429316685 0.308514570917423 0.356199047586196 0.248878409255783 0.221633414008593 0.165221863791883 0.154935337980009 0.145509379965685 0.239055753942058 0.187254809765981 0.0764283149426145 -0.134976563692697 -0.33149571990364 -0.536983244298488 -0.53860698764274 -0.508575665214457 -0.54886804975306 -0.416312366366865 -0.401063790367323 -0.345455007539841 -0.249932182013853 -0.185992698556287 -0.195201538942241 -0.124456430364454 -0.109032912746933 -0.0978514684865071 -0.125407063662435 -0.173534287961501 0.181525827406089 -9999 -9999 -9999 -9999 -9999 -9999 -9999 -9999 -9999 -9999 -9999
-0.0320138512196488 -0.035756895158139 -0.0799837060341919 -0.0823652475359583 -0.0921498478453905 -0.0136610744923001 0.356826977549869 0.358370120092523 -9999 0.311818732011915 0.338565346068746 0.373394555434036 0.291521528018514 0.192855890748927 0.185713810055135 0.196512138989988 0.252203068401245 0.287048744915627 0.142586940832726 0.0657471435294132 -0.0502771794048364 -0.411034881839228 -0.485320382850414 -0.471680247138683 -0.424213396026772 -0.356554270380796 -0.309727741533333 -0.279432527815568 -0.187108202824737 0.0602255205589729 0.0219256880685988 -0.0218276241560999 0.0364477020089674 0.187219720285107 -0.109949650035691 0.0781169677455823 -0.0163800781602191 -9999 -9999 -9999 -9999 -9999 -9999 -9999 -9999 -9999 -9999 -9999
-0.108062360187194 -0.0978586339853281 -0.18430765305734 -0.16377611148062 -0.128114367880585 -0.0873382890585407 0.123352192443449 0.358067145005309 -9999 0.49975559693401 0.480123411071883 0.390105173179168 0.342209134303371 0.258498138870965 0.259728895494326 0.258466120792636 0.307136124260227 0.359544575141741 0.348777057554153 0.0793213687309165 0.00838488663729904 0.12285354474217 -0.304768450828283 -0.338341004151071 -0.324566869924327 -0.199432431956442 -0.140500843103846 -0.117514787990779 -0.134509348574372 -0.0152530814086867 0.0730049016615448 0.172734961329078 0.197900769771877 0.249296808362619 0.0639746357205223 0.311443220482645 0.00567187455914975 0.00380498548217756 -9999 -9999 -9999 -9999 -9999 -9999 -9999 -9999 -9999 -9999
-0.17322047865267 -0.217593110596508 -0.232549295624693 -0.231172227594447 -0.203724483526425 -0.152383214807556 0.0760778033016161 0.185785040723655 -0.0319904206409506 0.477713336237251 0.502178806850201 0.5001998008384 0.419672566029356 0.403908752582457 0.346333710212099 0.323404726192547 0.283869233249861 0.412314734832529 0.384385407454034 -0.0302734611920861 0.0427140008620035 0.0906854205711773 -0.126217490126938 -0.162504106840536 -0.122585849108768 -0.0616736176068171 -0.0023896921400827 0.00809152613050124 -0.0168970708654341 0.00238719326006936 0.259032120250573 0.160232005276593 0.486267949091609 0.47066594416931 0.469039318062102 0.312972536929327 0.194794472755714 -0.0349737601523396 -9999 -9999 -9999 -9999 -9999 -9999 -9999 -9999 -9999 -9999
-0.289156266565489 -0.272209582955987 -0.29195580578656 -0.275416064949402 -0.249997540233632 -0.220674631358605 -0.0460235495805114 0.0192702742815951 0.0229038059780437 0.265360977252334 0.47273452441844 0.485927399546306 0.3996810918786 0.313541026997903 0.371181773038753 0.355105066118005 -9999 0.449930992171109 0.419777809562653 0.292351074903599 0.236097600597422 0.172481443088935 0.0343765086145485 -0.0279116404596867 0.0547794560118345 0.0559246506765811 0.0476692299018972 0.0266884822166133 0.0247579518309974 -0.0581172342937722 0.237041155278533 0.263111955164563 0.401402710538926 0.384003966556267 0.392667667613719 0.286318828646174 0.198730800841439 0.0472947825754196 -9999 -9999 -9999 -9999 -9999 -9999 -9999 -9999 -9999 -9999
-0.324043851653454 -0.331525668704629 -0.313838440080208 -0.299255867628979 -0.26285546141903 -0.239628955280461 -0.151040415978889 -0.0868661189012408 -0.0199383823774985 0.303165270581579 0.485322091156359 0.00322015417034804 0.049636451278984 -0.00712060924202115 0.0154828436003328 0.219793060036503 0.40967817495194 0.381965872574925 0.2844194457052 0.266301504157312 0.193650741458943 0.151457477452511 0.0783233275780866 0.0746199021457731 0.102047082952052 0.120301886081382 0.191428708274702 0.163536517150873 0.147404280114634 0.132365381133966 0.189214972978246 0.350388277498739 0.393352165348948 0.363212194102375 0.291150017836775 0.254792493251808 0.19238138334855 0.111426122960529 0.118776708335218 -9999 -9999 -9999 -9999 -9999 -9999 -9999 -9999 -9999
-0.374886162699345 -0.350994594635315 -0.405266460924572 -0.392042653544013 -0.281992264377347 -0.208052240642253 -0.143764832802883 -0.0533077884440346 0.0222012364177583 -0.0553897712791326 0.021441164214122 -0.0824584961500915 -0.0714614846752967 -0.0364112465379596 0.169760084528433 0.254034707522828 0.292646936024061 0.330422853330783 0.274925194206024 0.215503916513645 0.176249831199491 0.0095363213768317 0.0412998274303976 0.0255313593230686 0.0649436149604049 0.076247612902213 0.234552922030585 0.191139162007369 0.230661739360612 0.287935102482461 0.328779048461423 0.376999006759908 0.451387378850627 0.381319633269552 0.305839317615464 0.28502095777568 0.248023956782438 0.236797767578583 0.233257209668606 -9999 -9999 -9999 -9999 -9999 -9999 -9999 -9999 -9999
-0.40648008198665 -0.413957879113347 -0.4145176309656 -0.300595213230333 -0.271850655010648 -0.219705087593908 -0.139281492575851 -0.0442455562289453 -0.0237370823146436 -0.04208122276879 -0.105501683577348 -0.143385630502225 -0.158544179087776 0.165990346607149 -0.0498081437696326 -0.0330794443876808 -0.0430560283697779 0.0573840727921342 0.227836231442006 0.18434950056347 0.133613663676509 0.0567808750394774 0.06160742838155 0.0375375728314396 0.0446339740096886 0.0443559095370544 0.100870200342187 0.200949414724594 0.228252061810263 0.281440206955867 0.349210920207879 0.441837541278188 0.520727411513388 0.393225503220593 0.404057859628082 0.307148408992258 0.306986696927745 0.239308825003146 0.14458993777538 0.114235486151711 -9999 -9999 -9999 -9999 -9999 -9999 -9999 -9999
-0.434091736404565 -0.410584186797159 -0.31157890162332 -0.280089682271846 -0.208371021014487 -0.167186100227868 -0.162448446281379 -0.138693172657125 -0.0828540347781863 -0.094794668471463 -0.133589783544975 -0.177830096966858 -0.150850072964568 -0.182176483182768 -0.132710565406881 -0.0968274694206471 0.0187863326296118 0.230368070308328 0.163773524971181 0.147410316424632 0.111086914642136 0.0550918610721176 0.00883524807885696 -0.0188828961245593 -0.0233935334963748 -0.023580652645042 0.0110328835634905 0.165529544979655 0.2347247694744 0.324363937652847 0.378077356318142 0.444496033954566 0.429196699748333 0.417544978383576 0.412578702851164 0.414164897392116 0.301613572241115 0.195753936891655 0.12641046856758 0.141332760629886 -9999 -9999 -9999 -9999 -9999 -9999 -9999 -9999
-0.338448816276378 -0.310019394592269 -0.321697659684392 -0.255533076149868 -0.218848541894642 -0.190403475285808 -0.209718180474947 -0.162124576020514 -0.132628869312093 -0.134950955334331 -0.23355629881986 -0.217125764722484 -0.287293043893151 -0.287264567223389 -0.162137251546817 -0.117191908265753 0.0086133381991078 0.277877244206876 0.0630296614307722 0.081993015542335 0.0668229672420262 0.0620219601095751 -0.0161798823595063 -0.0774852287546711 -0.107436273290595 -0.127438147907063 -0.0678632924486753 0.0763716206009997 0.191899788914887 0.316192405031435 0.356858204270446 0.400844413329158 0.357243447590411 0.27820169132291 0.261183000053586 0.257823604360289 0.270862034964424 0.28836419912476 0.225850260752093 0.238936646718951 -9999 -9999 -9999 -9999 -9999 -9999 -9999 -9999
-0.204456398652924 -0.294754160179569 -0.30162155814135 -0.0376221919896963 -0.231412696009094 -0.196105894389947 -0.152990069108265 -0.166276208833849 -0.173713947966417 -0.185102564092993 -0.29175608296397 -0.290713377216111 -0.309456143818721 -0.269330817111242 -0.161684148618296 -0.106299169254674 -0.116355603336329 0.0347190558569367 0.0873222612801608 0.0764250636701125 0.0293143085065957 -0.083231362690385 -0.14652156667213 -0.158829389344209 -0.197166913620067 -0.190498858460761 -0.15440982040964 -0.116696525541934 0.10336196954468 0.267956650710589 0.313409391454295 0.356464758087878 0.269844218559568 0.211704896599191 0.20465224665756 0.246000053245615 0.26796357680431 0.2782290505177 0.299188047608037 0.331428569105004 -9999 -9999 -9999 -9999 -9999 -9999 -9999 -9999
