data/rasters/s4.06.07.li.2_xyz_08_.asc
NCOLS 100 
NROWS 100 
XLLCORNER -4 
YLLCORNER -4 
CELLSIZE 0.08 
NODATA_value -9999 
[rows 63 to 83 of 100, columns 0 to 47 of 100]
-9999 -9999 -9999 -9999 -9999 -9999 -9999 -9999 -9999 -9999 -9999 -9999 -9999 -0.298261144916022 -0.191412975249056 -0.123986713271397 -0.231704150100962 -0.207396626656081 -0.208773229286591 -0.215056042744524 -0.306611405982145 -0.289977312506624 -0.296448807306949 -0.33474213122221 -0.251543107988957 -0.289166771223053 -0.268494422652224 -0.115772509971872 -0.0608207105923618 -0.0501765970403949 -0.126396818605869 -0.0760246324795878 -0.0922280500047825 -0.0458631965912902 -0.0274711774963403 -0.00636018710657966 -0.0415328560226693 0.0932716635812886 0.0959525664193568 0.11917431486681 0.123782510682296 0.156651691726135 0.155935983026863 0.0543224976232631 0.0722369221282804 0.110831376764066 0.187740734455681 0.16706810264365
-9999 -9999 -9999 -9999 -9999 -9999 -9999 -9999 -9999 -9999 -9999 -9999 -9999 -9999 -0.274068925812648 -0.237096101011335 -0.272977118766946 -0.304504823442838 -0.163046809559394 -0.19115053326658 -0.271913739960444 -0.305221879843661 -0.30352176846048 -0.262588869939747 -0.265071314420921 -0.301910056536028 -0.226824718605359 -0.100267010905147 -0.161709109584465 -0.113403250597627 -0.145360331514421 -0.110425766309343 -0.0336124122525035 -0.0197347923857395 0.00844341565829033 -0.0897357809670287 -0.0420415362002867 0.0827628902900349 0.0828721240773691 0.0495931714268757 0.0899261999011313 0.0671323560887605 0.144773246954044 0.0386745132926941 0.0375943372193918 0.0783144100618549 0.222108061730868 0.280516553965518
-9999 -9999 -9999 -9999 -9999 -9999 -9999 -9999 -9999 -9999 -9999 -9999 -9999 -9999 -0.336181560475602 -0.236302043558603 -0.361621829555531 -0.325858571692118 -0.309424770830209 -0.247163136611392 -0.291357311809523 -0.273890562355653 -0.328005610001369 -0.22314488065138 -0.204858732255222 -0.22302256525579 -0.216540003433128 -0.198526862327714 -0.279300286237035 -0.197981045552173 -0.171060212291995 -0.131787609819566 -0.0808100922031596 -0.0490348526569123 -0.044481538025662 -0.0535005737329579 -0.0536601889555046 0.0306519046677295 0.0628184063900221 0.065438201665818 0.103006874548226 0.0290373237203927 0.0833979002714482 0.0226670722399305 0.026337980358298 0.0280654994963754 0.0782989395249418 0.194844492462331
-9999 -9999 -9999 -9999 -9999 -9999 -9999 -9999 -9999 -9999 -9999 -9999 -9999 -9999 -0.336843881034613 -0.287566988159914 -0.330323874730195 -0.3514686723699 -0.365942645600919 -0.313730762786392 -0.270037140611821 -0.246984848827129 -0.258025388264631 -0.291016102010515 -0.206049911678691 -0.224736791449574 -0.217891006285688 -0.202640353544183 -0.223053514458532 -0.134102041191127 -0.122517746599861 -0.0956582952888063 -0.0796688433858363 -0.0438001516856222 -0.0558740550329372 -0.088984347298755 -0.0269722676916477 -0.0212556689139107 0.0380538132770374 0.060140840233735 0.0981922791842669 0.0600198888745555 0.0998138980171662 0.207702801229614 0.193992473928269 0.12972831908438 0.174906819287178 0.178679555714516
-9999 -9999 -9999 -9999 -9999 -9999 -9999 -9999 -9999 -9999 -9999 -9999 -9999 -9999 -9999 -0.340942803591329 -0.377879827119553 -0.407820539872909 -0.418105244320258 -0.374234389162021 -0.230034740639429 -0.223215642350009 -0.223901454384059 -0.284493403231088 -0.209713120802906 -0.221304645481637 -0.265359369750444 -0.232537648424689 -0.272488446881142 -0.16093493306441 -0.0154210393015449 -0.145073942442874 -0.13682851104604 -0.121293985780979 -0.0499300105334647 -0.0386254280868985 -0.0519928449522232 -0.0552932094594233 -0.0346861554620427 0.0718060657643056 0.158073748761828 0.139545747288038 0.216896426285708 0.198086046716018 0.179026683328804 0.193743404743242 0.267194355156693 0.236785964018783
-9999 -9999 -9999 -9999 -9999 -9999 -9999 -9999 -9999 -9999 -9999 -9999 -9999 -9999 -9999 -0.33096365062478 -0.422399501729583 -0.580675251442122 -0.444745918988417 -0.349247315113694 -0.318486823494788 -0.20695871658722 -0.212284413581104 -0.20003996164357 -0.214672602742275 -0.217315933269961 -0.303312918451088 -0.261146415251964 -0.24342774151095 -0.261414062281754 -0.185868042711211 -0.108773470738531 -0.104253025847876 -0.153329578051044 -0.0617577772895189 -0.0258114711827761 -0.0478946398283434 0.111137189753034 0.0506720814836205 0.030165526392031 0.120028317908742 0.164166840945285 0.172555042450651 0.151077077181514 0.169131571484016 0.170124964723406 0.286182455971695 0.329561111949807
-9999 -9999 -9999 -9999 -9999 -9999 -9999 -9999 -9999 -9999 -9999 -9999 -9999 -9999 -9999 -9999 -0.499700192043891 -0.582628772743375 -0.342801515534465 -0.475152128605038 -0.283963906294698 -0.187429843329169 -0.212622497589891 -0.219119406085135 -0.180871877468643 -0.299078504464083 -0.338596899876491 -0.273498143382271 -0.275466943199087 -9999 -0.214926758488738 -0.0936466546444644 -0.0774189887773933 -0.140195801861737 -0.135302084630436 -0.0144149633172974 -0.0913203391872416 -0.0492300459223937 0.0631159211010887 0.0159645361830327 0.170913256225769 0.155269450144896 0.149105397084792 0.160566482759819 0.135848954935578 0.127025511706322 0.232857753378847 0.335078583505813
-9999 -9999 -9999 -9999 -9999 -9999 -9999 -9999 -9999 -9999 -9999 -9999 -9999 -9999 -9999 -9999 -9999 -0.521489377129521 -0.218346577654153 -0.374328372405155 -0.207379875539471 -0.204265122948469 -0.206783369154194 -0.233614342885094 -0.174587114265994 -0.176383163177926 -0.277067176529296 -0.265530802317183 -0.240552716698855 -0.210185090818776 -0.253480770368209 -0.233115165549369 -0.255561104377682 -0.153751703225128 -0.223177610610923 -0.0987680440772362 -0.0309978677325883 -0.0102751320441429 0.0921239700046183 0.160690954975541 0.170295671529118 0.179645422868725 0.253102270373099 0.215479013297096 0.141143398829067 0.180706967571493 0.236170314258776 0.29787044787734
-9999 -9999 -9999 -9999 -9999 -9999 -9999 -9999 -9999 -9999 -9999 -9999 -9999 -9999 -9999 -9999 -9999 -0.402133084894505 -0.297296146300094 -0.281148221795978 -0.249992572579002 -0.147592912883154 -0.208089712885869 -0.181860370140744 -0.174399182914067 -0.184833844936081 -0.339144335206533 -0.241828185992461 -0.23423339747638 -0.26550325972042 -0.242037966184813 -0.22058940161914 -0.1618706851477 -0.162989094283739 -0.163052530865722 -0.138391441887123 0.00137756838399153 0.0511375153834009 0.0926056031024862 0.197884129325184 0.121349176092454 0.2517239257588 0.211212314308134 0.172929144478374 0.122438522459844 0.198173728826026 0.306615234772548 0.329843678370151
-9999 -9999 -9999 -9999 -9999 -9999 -9999 -9999 -9999 -9999 -9999 -9999 -9999 -9999 -9999 -9999 -9999 -9999 -0.279994645742143 -0.213577691350432 -0.247858065216416 -0.190691090764545 -0.118918105406121 -0.16777939815767 -0.213729280318993 -0.229561129350273 -0.172956426920315 -0.243794569333692 -0.26397973761425 -0.195039112009126 -0.21605686738425 -0.217143913764495 -0.147060065553064 -0.142852190992975 -0.0935696439868851 -0.0795259890153533 -0.0518182598499638 0.116200022416199 0.153126120670738 0.175381493709301 0.26418855643321 0.267829486304443 0.221606031802306 0.209176681766898 0.0981594544550153 0.175777847409802 0.33039122532399 0.344215808604993
-9999 -9999 -9999 -9999 -9999 -9999 -9999 -9999 -9999 -9999 -9999 -9999 -9999 -9999 -9999 -9999 -9999 -9999 -9999 -0.204355797640499 -0.216991947003593 -0.297977615758548 -0.109411242220534 -0.120386290602808 -0.191310533569341 -0.190168388385586 -0.173412312175552 -0.193680902273825 -0.198284461495607 -0.180403143672577 -0.173250304629185 -0.148733754207644 -0.193512378956042 -0.12243973361873 -0.130085744856686 -0.023424277795 -0.00702308592335873 0.0888422673185621 0.205012105316295 0.183600825612715 0.190146572952728 0.237708167004733 0.206581425935965 0.214801898719877 0.151355067206917 0.169473587164391 0.23628692572731 0.278932858058615
-9999 -9999 -9999 -9999 -9999 -9999 -9999 -9999 -9999 -9999 -9999 -9999 -9999 -9999 -9999 -9999 -9999 -9999 -9999 -0.207210508186225 -0.24437668872673 -0.293656586439097 -0.1423659995317 -0.101696436586529 -0.189015244240067 -0.24146824489219 -0.19529518660017 -0.202637094146152 -0.193246451011994 -0.12197847467117 -0.199430340368022 -0.183112150960796 -0.217623156085972 -0.132637622687647 -0.163727604323764 -0.0701441697930521 0.0753642076693928 0.202182201384346 0.225695387886057 0.192940600989124 0.122765587080105 0.179692499660218 0.198902893695064 0.249827913641643 0.216796351742516 0.0812605604592822 0.152473684521002 0.14716949217483
-9999 -9999 -9999 -9999 -9999 -9999 -9999 -9999 -9999 -9999 -9999 -9999 -9999 -9999 -9999 -9999 -9999 -9999 -9999 -9999 -0.183548199840238 -0.312074379323628 -0.232934276506465 -0.224743265069432 -0.223951380190288 -0.203137590935395 -0.216910960593247 -0.281202901547741 -0.263822027431047 -0.185150583208668 -0.21128625869882 -0.220449549283205 -0.165690033021933 -0.160663157522122 -0.156662900425882 -0.18678968523889 -0.0243021222643039 0.206321982703115 0.183450400418368 0.172655677695229 0.109610023731369 0.164166549566418 0.164536229519962 0.163673183467078 0.202366089003892 0.188786667170454 0.141099016183037 0.110103238753233
-9999 -9999 -9999 -9999 -9999 -9999 -9999 -9999 -9999 -9999 -9999 -9999 -9999 -9999 -9999 -9999 -9999 -9999 -9999 -9999 -9999 -0.242358858288966 -0.240959091695526 -0.282787034668388 -0.241832048192107 -0.139564849473022 -0.24799106290738 -0.314682699306002 -0.170492525884856 -0.170003614298932 -0.176619472109557 -0.188691923682978 -0.0579221566844294 -0.117529340229333 -0.193543599714065 -0.082028257152895 -0.0556783200231589 0.141526229130799 0.153034757384576 0.146197962636345 0.139696586397416 0.15257052676164 0.157860833925536 0.118478686374665 0.131827923210538 0.149707404458469 0.0562578402087031 0.043471105202015
-9999 -9999 -9999 -9999 -9999 -9999 -9999 -9999 -9999 -9999 -9999 -9999 -9999 -9999 -9999 -9999 -9999 -9999 -9999 -9999 -9999 -9999 -9999 -0.319135956618817 -0.323756485073603 -0.1790770195166 -0.166556551490066 -0.273056644431808 -0.216409741288382 -0.157366817719832 -0.168001919560046 -0.11864498265022 -0.157847320238526 -0.178381064049099 -0.191785485283367 -0.060491985277335 -0.0127070145843866 0.10765042097909 0.116111651258659 0.114190394812428 0.210842425302146 0.156294263275839 0.185295255849205 0.137389423814948 0.189198833242594 0.129067969364187 0.0815480676844065 0.131324046670931
-9999 -9999 -9999 -9999 -9999 -9999 -9999 -9999 -9999 -9999 -9999 -9999 -9999 -9999 -9999 -9999 -9999 -9999 -9999 -9999 -9999 -9999 -9999 -0.48838116278809 -0.387853917508563 -0.388466568667963 -9999 -0.236060844172448 -0.175361945869295 -0.202201236657941 -0.19412871841827 -0.104282343813217 -0.103554927593834 -0.181523110816862 -0.171831680809901 -0.127961651383609 -0.00153778672398686 0.0568454479657971 0.0918612023466805 0.0957987857732633 0.180548746490399 0.179102497615321 0.16573005371186 0.137444226413521 0.184268172398359 0.209326443597484 0.0492261671511429 0.0632763430291544
-9999 -9999 -9999 -9999 -9999 -9999 -9999 -9999 -9999 -9999 -9999 -9999 -9999 -9999 -9999 -9999 -9999 -9999 -9999 -9999 -9999 -9999 -9999 -9999 -9999 -0.424927402461402 -0.399663702793034 -0.298392844145795 -0.218086771388233 -0.186573687282502 -0.171415894645189 -0.136269351417911 -0.0845963287994736 -0.168771764384623 -0.143126780393109 0.0138340976597344 0.0484824778107155 -0.0634089331375203 0.105374232563773 0.0551864117682052 0.0560014893855139 0.118465000779669 0.150866280272225 0.129784191028 0.0973786380218655 0.081043167391943 0.0197006428144416 0.0500278048605914
-9999 -9999 -9999 -9999 -9999 -9999 -9999 -9999 -9999 -9999 -9999 -9999 -9999 -9999 -9999 -9999 -9999 -9999 -9999 -9999 -9999 -9999 -9999 -9999 -9999 -9999 -0.390670879786196 -0.344687567889135 -0.223359039487593 -0.265571921347395 -0.131334062758454 -0.175168121472044 -0.159167375117739 -0.172180422437491 -0.141967724615996 0.00231267673279858 -0.0226652797817692 -0.0265499451245088 0.0270970648364908 0.0876621100011953 0.0545380035160732 0.0792532922040938 0.102035900658079 0.0729298018048759 0.0701367876680424 0.0516789652116108 0.0358242162437145 0.0418783271334107
-9999 -9999 -9999 -9999 -9999 -9999 -9999 -9999 -9999 -9999 -9999 -9999 -9999 -9999 -9999 -9999 -9999 -9999 -9999 -9999 -9999 -9999 -9999 -9999 -9999 -9999 -9999 -0.139377036483495 -0.336941787540707 -0.312609272399723 -0.158426522846565 -0.152632936912799 -0.0864642474374458 -0.122563333534883 -0.190494079343224 -0.121303656093955 -0.0427784887670883 -0.0544730061454785 -0.121125438533825 -0.0376914886681211 0.0872623841313422 0.0324241327446525 0.0459985160239885 -0.00274160284062617 -0.00657536746051841 0.0849923385233058 0.0765282496428977 0.0609916183699524
-9999 -9999 -9999 -9999 -9999 -9999 -9999 -9999 -9999 -9999 -9999 -9999 -9999 -9999 -9999 -9999 -9999 -9999 -9999 -9999 -9999 -9999 -9999 -9999 -9999 -9999 -9999 -9999 -0.230975784642608 -0.337549101119531 -0.252300069098648 -0.159774618998012 -0.0950027414014698 -0.0571120449274477 -0.0521400428627193 -0.100005557850498 -0.0332774255307026 0.0444306520836325 -0.0254081326919682 -0.0188141797535244 0.0422666791912628 -0.00649112460944636 0.000848137314206805 -0.282682618824228 -0.0394028173458474 -0.0136367946582353 0.00930847389502858 0.0252982886472152
-9999 -9999 -9999 -9999 -9999 -9999 -9999 -9999 -9999 -9999 -9999 -9999 -9999 -9999 -9999 -9999 -9999 -9999 -9999 -9999 -9999 -9999 -9999 -9999 -9999 -9999 -9999 -9999 -9999 -9999 -0.257151111759864 -0.209945807715197 -0.121817593812656 -0.045688967914703 -0.056563109030226 -0.053358183461281 -0.0693837355140357 0.0114991703458721 -0.0106968540776275 -0.0385859573123182 -0.021245842019532 -0.00894678587249129 0.0276099890546292 0.00708660355122991 -0.0154788150406661 -0.0300699189689432 -0.00328041097823244 0.0422010663115484
