data/rasters/s4.06.07.li.1_xyz_08_.asc
NCOLS 100 
NROWS 100 
XLLCORNER -4 
YLLCORNER -4 
CELLSIZE 0.08 
NODATA_value -9999 
[rows 42 to 62 of 100, columns 48 to 95 of 100]
-0.113409223011453 -0.0742304427179568 -0.0415958244745334 -0.152309311045457 -0.172431871966065 -0.159379956962247 0.113907519567524 0.121423141137337 0.189845299010192 0.504802798919934 0.3173871164778 0.325252028116027 0.351300377306424 0.263184978756027 0.178818836167214 0.0876316433824555 0.0367551546334626 -0.0512541943348658 -0.0885664258084624 -0.167805517271938 -0.15588386434328 -0.170527998604041 -0.0132019186832166 0.0301690271159798 -0.0938318476626232 0.0872812358564167 0.206415694594253 0.12226428896378 0.118079899279626 0.0890068609944077 0.0997518964283782 0.0363290589274153 -0.0355365939953457 0.0614064133997026 0.0852128616122352 0.118219284065916 0.149811558844842 0.226278257725765 0.238807991519379 0.207048920093269 -9999 -9999 -9999 -9999 -9999 -9999 -9999 -9999
-0.1563806690519 -0.109518919741394 -0.067026497262065 -0.0179155919487186 0.00274131575887262 0.0808186733946707 0.0884716979067073 0.102358984109719 0.22432212245611 0.341437176663996 0.553972060924163 0.354422820888124 0.342465558058834 0.237576335308189 0.147130856451259 0.0773426021561523 -0.0988039837985392 -0.0697735582005781 -0.00392333450758986 0.0101500298851436 -0.133747973014962 -0.12931621457184 -0.0741779794440636 0.00484785023883939 -0.00169869344989829 0.0814408402989042 0.202258478288118 0.0516766068484505 0.115949721188815 0.0550591462469243 0.0330726489400698 0.0852170621083706 0.0584332609843877 0.053432903873888 0.0659909303129353 0.0553512909369884 0.142758027494229 0.310746760580894 0.236328435411397 0.170221153553457 0.227221480551406 -9999 -9999 -9999 -9999 -9999 -9999 -9999
-0.149358322269968 -0.0253037658908246 0.0100184957700012 0.00139564612190441 0.0423965814067871 -9999 0.123469472760326 0.0818117728794593 0.129736693876733 0.4089791564708 0.443754792389918 0.397648045787503 0.28444943249931 0.264274974907894 0.133400834357372 -0.024115776171449 -0.0397668901386384 -0.0851893589230087 -0.0125059077256071 0.0268392455941469 -0.0727348818532684 -0.202817079182265 -0.0951649964954085 -0.0359396696989981 0.0111830862561944 -0.0134142517282037 -0.0197858787394305 -0.00718698999492086 0.0481384010950182 0.0806272031153222 0.00825206745043977 0.0249834447763877 0.0351598906221992 0.0383144493841891 0.0901775403097573 0.0791038386858294 0.167194332718589 0.333555054400113 0.271015888179406 0.206869777244034 0.192817961275676 -9999 -9999 -9999 -9999 -9999 -9999 -9999
-0.0353703809127092 -9999 -0.0616544940142419 0.136875518682606 0.306709071693667 -0.0523638457400117 0.064327399038146 0.0691176171081293 0.0601255467737376 0.246861152296639 0.489961310669164 0.245549314396741 0.278287032544766 0.124730511761815 0.0822051015799107 0.0216847825937199 -0.01392043426466 -0.0456463580402513 -0.0378501565247895 -0.0143864376834872 -0.0735081353304956 -0.186965271335049 -0.0639027885727931 -0.0334596383660219 -0.0514375635720946 -0.0478798955372305 0.216314357271312 -0.0926553534480821 -0.0193877900792418 0.0619382498805175 0.0593565458039211 0.0206205290025716 -0.0201650749691156 0.018762766752589 0.0632839927986269 0.0869838214518813 0.154526787007409 0.15530416392551 0.3079235674392 0.196488023227533 0.255729563747773 -9999 -9999 -9999 -9999 -9999 -9999 -9999
0.0116304860934498 0.0926572301050221 0.109395521685702 0.307425645177397 0.23902126208605 0.137684701225867 0.0505992753436342 0.0669451665774456 0.0688156872501229 0.204208866518576 0.365333971254785 0.197124400902583 0.32937371725319 0.200322012341974 0.231903106123195 0.0745597689119148 0.0368101657448391 -0.0134799776297326 -0.0132165775342593 -0.126983647717093 -0.134280046318002 -0.064812583841199 -0.0648947346291563 -0.00555265378986312 -0.109657343169778 -0.0879363093508562 0.021485209978038 -0.0924460897257145 -0.087559245083868 0.0088542388914256 0.114120450834684 0.0116787520915706 -0.022643501243432 -0.00126088028581843 0.00595381681661151 0.014413140555505 0.0352504652063526 0.0558934927357466 0.173997950359077 0.149065576564344 0.229025158721502 -9999 -9999 -9999 -9999 -9999 -9999 -9999
0.0643457859353878 0.0848284547664249 0.117123550802458 0.250601876003254 0.302256924957982 0.159500090799326 0.0325069381398516 0.144028043776387 0.0410623857509541 0.171850627695657 0.252913883850008 0.255418962260732 0.171269623453451 0.247016255766995 0.180688353231086 0.105073492436879 0.12809587861425 -9999 0.194462174687519 0.0465449923146124 -0.121575470423592 -0.0929385460902196 -0.0383131527360331 -0.0992848916017546 -0.111446753263973 -0.0717898118584878 -0.108788402216201 -0.131680037851902 -9999 -0.0863128130045915 0.00185588130730738 0.0253048558306238 0.00913141175395111 0.00503508289703836 0.0818477364083719 0.163709302212935 0.0113703780890935 0.043492760523392 0.11474305910881 0.121929958842178 0.273044154421027 -9999 -9999 -9999 -9999 -9999 -9999 -9999
0.103878046192815 0.0866092624954382 0.0829531790433062 0.157156889391449 0.2237451931691 0.239117948375056 0.255480520416466 0.20995711185605 0.106212763818564 0.206931458533531 0.218780155269554 0.155367285743702 0.181542497335569 0.0631173659753099 0.103903678547473 -9999 0.167583519177974 -9999 -0.0541742537851414 -0.0216464957975017 -0.106259962336592 -0.185341344135731 -0.0317341849483093 -0.120935288851899 -0.127813868312733 -0.148308911331717 -0.154221510881252 -0.108743471280316 0.130741481749939 0.116833638021843 0.00955084382196896 0.0609555011131894 -0.0673897773926117 -0.0551447674213448 -0.0146701447252208 0.153567659991945 0.0700973105286986 0.105089138706425 0.162696457163846 0.207829233440066 0.296426772769728 -9999 -9999 -9999 -9999 -9999 -9999 -9999
0.0330451330682572 0.25534335514432 0.029360411332285 0.0509373759177567 0.123734986722096 0.210054449154222 -0.0138468956680498 0.0314414111785946 0.173539450050991 0.237212736489059 0.220326444585725 0.200916024468596 0.128436587883731 0.0535312931281883 0.173626088996311 0.238765745886458 0.0423330402160883 0.119251009694256 0.184770143136871 0.158939217359547 -0.105537049577848 -0.169075552237272 -0.135548447117291 -0.167358543146065 -0.176514800292527 -0.238745139117176 -0.269538925464267 -9999 0.155099739931009 -0.0205391789752319 0.0325086096152847 0.00725049365888909 -0.0352468202483842 -0.0805459089150539 -0.037613628485668 0.0764745603163677 0.142535708986156 0.176941074047714 0.184972370156076 0.236339551665184 -9999 -9999 -9999 -9999 -9999 -9999 -9999 -9999
0.0874603537393259 0.16837852292759 0.0390022955313786 0.0117895984824705 0.0702469205257521 0.113229984571898 0.00460498093864726 0.0458496824058345 0.0886050938086595 0.0454689422079424 0.0387341489615596 0.0860543779258972 0.0885877082514427 0.0698022447937959 0.0680778738814646 0.143617314413978 0.116938921918896 0.0626628349650681 0.081643405250079 0.279922961860305 -0.0589749888566151 -0.170137819336887 -0.215759443099144 -0.239240988557399 -0.156453318848095 -0.115269136298148 -0.0870082580208733 -0.112628288645169 0.174934835146088 0.0304665766123804 -0.0629973586700119 0.0291302549956924 0.059054282030881 -0.0138187704684689 -0.0740507781544704 0.0703163720082504 0.127129028936956 0.20183734200854 0.216848626255911 0.207221948898355 0.20594508274047 -9999 -9999 -9999 -9999 -9999 -9999 -9999
0.0988077714807683 0.182506500507644 0.190180287537213 -0.06085609150672 0.0950482109009389 0.0853643442708449 0.0130225337512239 0.00770398445573518 0.0351183739802047 0.0453972579329025 0.042313891036627 0.0154414304665104 0.0556529813537938 0.0682333272295374 0.0656998096847685 0.187630606052451 0.211751207866951 0.187091425740809 0.377190297732968 0.216856875466808 -0.152624060489708 -0.174864067305397 -0.200187302518029 -0.250738965620573 -0.141270845632771 -0.161912796358208 -0.147636247612332 0.00198330942476674 0.116208921376045 0.0406229357931072 -0.057850149432834 0.0377732263808365 0.0478591143733791 -0.248521211865003 -0.0295660983104342 0.0486538064717746 0.0737609625038301 0.220147746251549 0.270262051066878 0.293024271304096 0.214721647287564 -9999 -9999 -9999 -9999 -9999 -9999 -9999
0.428804923708291 0.327438418216805 0.364653561916165 0.126793762319078 0.182567311000187 0.0795156761900305 0.0267640721615986 0.0198817174403534 0.0886363938236938 0.148161195272559 0.359114913748146 0.384363967854975 0.0744801243292449 0.00287564024042538 -0.0156714711781334 0.0978750680565516 0.118925444046978 0.0537403700995946 0.247462887855638 0.0136539277673098 -0.150218706191839 -0.132727615534741 -0.185012553914258 -0.150904229914811 -0.246439463698664 -0.169034099602742 -0.252585928607102 -0.251359511601072 -0.022611633299249 0.0918776646646876 -0.00728957144303354 0.000211250321078615 0.0165643732627496 -0.0665601692046605 -0.0345024862971737 -0.0582621015833431 -0.0267900684953646 0.193203514783715 0.21234640580022 0.259132196374627 0.237914066178294 -9999 -9999 -9999 -9999 -9999 -9999 -9999
0.4244247781314 0.329836221315486 0.180294148651941 0.148320518660953 0.101180921459617 -0.00908555317116487 0.101243827407995 0.0360056624169752 0.0990951997248746 0.136204187790957 -0.0300211615976271 0.137383474819836 0.18749084873461 0.0748194068579218 0.0805576962328992 0.220967738499335 0.144605206533701 -0.0891137428407376 -0.142952217228945 -0.173012904306495 -0.0709066081151835 -0.150668029638349 -0.152244861832574 -0.03826651989348 -0.0371751073741828 -0.119028650550278 -0.188601625080388 -0.229588588944566 -0.276252119039323 -0.044460441078573 0.0390144406854056 -0.013206214298907 -0.0769934600781396 -0.0591436328618606 0.051701703613392 -0.0438783973674542 -0.0299234526396366 -0.00242742691795925 0.125587658906353 0.124758475994146 0.201348590190962 -9999 -9999 -9999 -9999 -9999 -9999 -9999
0.361876585433309 0.315714893190114 0.1866467420537 0.142878329572555 0.113254768663313 0.0209246619376596 0.164752133963449 0.0101569141591032 0.0194192526838854 0.0637728892445203 0.0714772229164517 0.138261506993581 0.259169372279499 0.212780365796529 0.188607134675955 0.175032120980676 0.33240852537139 -0.0333325309860398 -0.156270742346142 -0.184281648434908 0.00413573163523984 -0.122631754656 -0.207366344128528 -0.125446500488846 -0.0152415752553987 -0.0489366941236716 -0.143980107039328 -0.240662004848122 -0.253508829840198 -0.029799077890784 -0.000745279258338402 -0.00998292115638668 -0.141644078928045 -0.084918166261818 -0.0562469330876041 -0.0339618523202866 -0.0305354593772742 -0.0471321671511925 0.0594061792340981 0.113109366639954 0.082007709967146 -9999 -9999 -9999 -9999 -9999 -9999 -9999
0.553020276429984 0.123079611977011 0.119502187569122 0.177945575444432 0.168871986509243 0.102279623611994 0.192892473909576 0.0793913401015671 -0.126455031059639 0.00943826031655078 -0.0266811510798534 0.202101519250921 0.349317745563885 -9999 0.178869030946944 0.216554735495519 0.244294522737157 0.276162047545953 -0.0337806328557689 -0.129900108097963 -0.114530289134234 -0.2419624196939 -0.116683940194899 -0.0936982982996541 -0.0117518446794965 -0.0524139654728963 -0.0798348386347739 -0.0871736405566908 -0.227932625686312 -0.253132850178153 -0.00658914731797264 0.0465876369162877 -0.00591452363931662 -0.0504996718696123 -0.0938439078063041 -0.0526223504174959 -0.0205926621986409 -0.073566366686031 0.0213397056988241 0.0257883877200342 0.0515018944850992 -9999 -9999 -9999 -9999 -9999 -9999 -9999
0.245003558584549 0.195797200616311 0.0359354351516307 0.160216948699912 0.226088502657709 0.180262693240859 0.204661776561741 0.153809605861746 0.117659612395293 0.132859448273537 0.166082754500108 0.262659481327724 0.31078668896826 -9999 -9999 0.309805392204057 0.313661758497082 0.232011192611423 0.156414189607098 -0.238001164947918 -0.145052315423015 -0.177202359864199 -0.176011942059669 -0.117177304778764 0.0535615386731802 -0.0957794978303994 -0.068973809783439 -0.205328116513152 -0.350273345531505 -0.217844598396887 0.0206910858550144 -0.000587912836774447 -0.0328186350905449 -0.098278868302109 -0.165188584987095 -0.13327537161096 0.00834107141850127 -0.0115078298633142 0.0664736878547345 0.0308698716152159 -9999 -9999 -9999 -9999 -9999 -9999 -9999 -9999
0.190680357951684 0.22011659714943 -0.110710995635296 0.223966617386446 0.189347587552819 0.293578459794907 0.228097203119494 0.268400980086494 0.0908490367899285 0.111377639503017 0.226938424059215 0.257839920940983 0.241806828126194 0.344294167301929 -9999 0.300511885335254 0.253310932393191 0.129392669107959 0.0555653654394 -0.114761584206793 -0.264378276344883 -0.302097784640398 -0.255686161556451 -0.227309903574286 -0.0323484527322975 -0.140759778750781 -0.145046777761435 -0.264653347365879 -0.192640250089173 -0.212866566550241 0.00659249343012344 -0.0121965816511217 -0.00578521791028579 -0.0663480987357856 -0.0630528324642401 -0.171658847038479 -0.0298743529192659 0.0603854194096948 -0.159502094393021 -0.0262268444080462 -9999 -9999 -9999 -9999 -9999 -9999 -9999 -9999
-0.0314013708005809 -0.0286394163621037 -0.0392175071935362 0.201111682611932 0.23326612892228 0.287213924338694 0.265059585455441 0.207112326153247 0.0572469816484789 0.131977856478125 0.220315716565611 0.279963002668118 0.215190646837888 0.396406252432571 0.556767610230147 0.51442161185994 0.351105084075544 0.272958735093273 0.133459504314265 0.0535856900998698 -0.233762782572393 -0.201827088339132 -0.271667660485075 -0.131862437083472 -0.164491504770098 -0.231253100954566 -0.351334345051541 -0.220513665136494 -0.0891699530297143 -0.125424495947272 -0.129619217092887 0.0118087513401051 -0.00495837469565157 -0.020349551810074 -0.0722350598145806 -0.203404832712922 -0.120945295844743 0.0226779845412002 -0.0403369266962791 -0.0196508469201826 -9999 -9999 -9999 -9999 -9999 -9999 -9999 -9999
-0.0308984896902484 -0.0381339083814035 -0.00990359047563373 0.158483716998631 0.224223188137393 0.243618441161886 0.243451778443451 0.210953630595405 0.0459339285586193 0.22133284573156 0.245615660880223 0.156944723753857 0.144494835500568 0.314148366458664 0.618010750738754 0.029568543365478 0.58916999999038 0.291102792801594 0.239273756843318 0.0331180387355966 -0.0997659602158663 -0.330090383659947 -0.34456416877886 -0.261488105878498 -0.277369148700316 -0.291874320377037 -0.33294525089708 -0.300475057609998 -0.259649282731785 -9999 -9999 0.0101870791456667 -0.00828892077954663 0.0047064709104863 0.00461949067701743 0.0430871139296106 -0.0477462250187981 0.00453970715313625 -0.0147335816053904 0.0355323019603955 -9999 -9999 -9999 -9999 -9999 -9999 -9999 -9999
0.00666859396243061 0.100379162815545 0.0741479187696812 0.187683153227097 0.240930305062514 0.261848286653361 0.273704545840552 -0.0669007187996868 0.0521312192796498 0.0850431166193959 0.186121296161318 0.184101316808032 0.0934521577672307 0.105604771424493 0.671862380125047 0.301710578894641 0.355987274128843 0.0470092768482088 -0.0141231975724205 0.104504806201922 -0.0649012242482296 -0.15392414777575 -0.287967674470106 -0.342692558923733 -0.342143145658282 -0.326696587508758 -0.323688423982999 -0.295289967577968 -0.265612583644621 -9999 -9999 -0.0220340164511334 0.0555502540182883 0.0724571233560712 0.0737426614750358 0.0960217839806551 0.25573617735275 -0.0149681757943653 0.00670250067223316 0.0492459454090325 -9999 -9999 -9999 -9999 -9999 -9999 -9999 -9999
-0.085780043941075 0.0245722545794588 0.220051069370122 0.168290223201112 0.199264218099794 0.231190123193698 0.30829450094683 0.071435228861556 0.0308292470043481 -0.0435704087632852 0.119678337956515 0.108491584083971 0.0500178965494178 0.315042251109616 0.188508854437801 0.34391489329991 0.334632573692996 0.220120561506303 0.0193536965793918 -0.144510705031307 -0.209174127966342 -0.28714516561258 -0.272444122577399 -0.348523127603203 -0.320345432570274 -0.289505590847207 -0.228625514629185 -0.257749336773696 -0.184058885417578 -0.285446411888707 -0.117301915612714 -0.0295245792887444 -0.0112297178886721 0.130056112138176 0.145398191669814 0.106851652593976 0.132855863400163 0.107937617507978 0.0279326260155666 -0.0756070488902909 -9999 -9999 -9999 -9999 -9999 -9999 -9999 -9999
-0.151337044994164 -0.042395598540164 0.231071198771343 0.301844411105534 0.231406642097142 0.153362679535211 0.262280062676999 0.294451943550926 0.0587207599949343 -0.0710655291145739 0.0209616480881999 -0.0605670440578492 0.050321134323632 0.120029487226824 0.281238586144185 0.192511847860532 0.648535218562181 0.181960149505826 -0.0759115262316161 -0.0570512437611079 -0.290155198313647 -0.32011098264825 -0.265914999381041 -0.327427432706664 -0.336945402159281 -0.306823760903168 -0.264516377229659 -0.232014070013175 -0.21683630974563 -0.0683841026136429 -0.0700400223957531 0.00566833379772354 0.0124214395243687 0.0594021088381688 0.132286759076283 0.204706056291912 0.187297847601574 0.143140837955064 0.200313649240661 -9999 -9999 -9999 -9999 -9999 -9999 -9999 -9999 -9999
