data/rasters/s4.06.07.cu.3_xyz_08_.asc
NCOLS 100 
NROWS 100 
XLLCORNER -4 
YLLCORNER -4 
CELLSIZE 0.08 
NODATA_value -9999 
[rows 63 to 83 of 100, columns 0 to 47 of 100]
-9999 -9999 -9999 -9999 -9999 -9999 -9999 -9999 -9999 -9999 -9999 -9999 -9999 -9999 0.00209475571983293 -0.0385551971722103 -0.213235447104926 -0.200445342384485 -0.20845969567296 -0.195471706373796 -0.25005761683222 -0.182683054892615 -0.126762190691242 -0.0397152683641945 0.127449766660314 0.0921709872322894 0.0597035943375017 0.109909450891125 0.0368908343910669 -0.0219862778243043 -0.00656466447909736 -0.078437519138563 -0.0955942507613041 -0.100614777127407 -0.205644691201071 -0.257692170688025 -0.523539324486935 -0.523263576070195 -0.497316302068738 -0.457165541164887 -0.395093580846272 -0.294178481340248 -0.255936516938429 -0.139810881918479 -0.0401187813059126 -0.0694080641631064 -0.148927530856603 -0.082604422455654
-9999 -9999 -9999 -9999 -9999 -9999 -9999 -9999 -9999 -9999 -9999 -9999 -9999 -9999 -0.0937105461523279 -0.12152637593969 -0.284028339038345 -0.259341273557545 -0.28115047366599 -0.247930990873368 -0.257223102827239 -0.214119341134157 -0.09305585788104 -0.0348496234677631 0.0208255611928215 -0.0181831228620856 0.0515247253437133 0.0561862888755747 -0.0123804842819921 4.56304009601174e-05 -0.0389401279846684 -0.121964980525252 -0.235077540746735 -0.311189211539863 -0.287400684459483 -0.272512619805082 -0.349450278036105 -0.435957164182645 -0.427263867444516 -0.44625337859757 -0.34165001881969 -0.315375157955611 -0.227653437970722 -0.116291770497664 -0.0744027823659503 -0.158038035555554 -0.214583416566034 -0.192456116495513
-9999 -9999 -9999 -9999 -9999 -9999 -9999 -9999 -9999 -9999 -9999 -9999 -9999 -9999 -0.241443414993449 -0.171693668983194 -0.293763484356076 -0.284131622963484 -0.274064767996276 -0.287568422212813 -0.279952377943426 -0.266123879350669 -0.121547793066132 -0.0515061823688278 -0.0639591996940533 -0.0462623182881145 -0.0141918502206978 -0.0107174311337211 -0.0633868340031786 -0.139224895592295 -0.176247079114327 -0.14294638241935 -0.0520385750661589 -0.148103553317495 -0.201670068027628 -0.280084566692262 -0.284029068942809 -0.391330000950859 -0.38353637859314 -0.196924772329354 -0.356354805839663 -0.269454555431943 -0.163771213483613 -0.182889362157788 -0.159241103344632 -0.211628722598445 -0.30143416376729 -0.276957237747468
-9999 -9999 -9999 -9999 -9999 -9999 -9999 -9999 -9999 -9999 -9999 -9999 -9999 -9999 -0.286848185529609 -0.222840561529432 -0.27734326051947 -0.247481676820886 -0.327335128847568 -0.322653444898893 -0.33257773909545 -0.289999156520619 -0.164139129541882 -0.133207434371491 -0.0711892129850061 -0.0535474797312163 -0.10281999574409 -0.120726932041546 -0.0302228538075693 -0.0949524308542276 -0.0616428883041384 -0.0924447038050784 -0.0815860610790574 -0.105666311890071 -0.226715876980918 -0.118912145185924 -0.1380889354027 -0.198998455136683 -0.263985269136108 -0.25129863404126 -0.126774360215179 -0.139084662988674 -0.214403228831764 -0.149929275126903 -0.302661319662339 -0.22454620361488 -0.243011257051779 -0.429714357340247
-9999 -9999 -9999 -9999 -9999 -9999 -9999 -9999 -9999 -9999 -9999 -9999 -9999 -9999 -9999 -0.120858746468379 -0.199124448786873 -0.225380155143423 -0.354154324972196 -0.300698849610438 -0.265948450797291 -0.226066563993906 -0.143885109454979 -0.137023664250694 -0.0909339785574553 -0.139178821715239 -0.127190272388822 -0.124930454093046 -0.0795510339418846 -0.0813196358700163 -0.0973851986232151 -0.0553448410692016 -0.0749478110112648 -0.014797100219471 -0.100772145303746 -0.0930212778276266 -0.153190456713272 -0.0336948131149727 -0.105795683242706 -0.110656846131584 -0.12957772007658 -0.20926844710656 -0.20731750190091 -0.253371976458064 -0.28353603304196 -0.260387867714899 -0.40772326913444 -0.41855043169149
-9999 -9999 -9999 -9999 -9999 -9999 -9999 -9999 -9999 -9999 -9999 -9999 -9999 -9999 -9999 -0.126849091255854 -0.241412423063259 -0.246429561756604 -0.2671660897806 -0.1167719641824 -0.180769131383237 -0.243586297972916 -0.231756338177329 -0.184999481692406 -0.147004265761819 -0.133498731502898 -0.158232348858592 -0.116486411277783 -0.155744834476878 -0.136595293956652 -0.0522326649068603 -0.102566012884516 -0.0142700053753011 -0.0108470268293706 -0.0194962905537819 -0.15979156270518 -0.0776764445588107 -0.0543325073124681 -0.167833424704803 -0.204189649118103 -0.175054599311088 -0.20923477760998 -0.231960187861613 -0.222978684295787 -0.314031589540336 -0.358592782277883 -0.419560880249351 -0.218550812661125
-9999 -9999 -9999 -9999 -9999 -9999 -9999 -9999 -9999 -9999 -9999 -9999 -9999 -9999 -9999 -9999 -0.128220456575672 -0.162600889688341 -0.198814001921647 -0.107627715525286 -0.120670862402234 -0.206376265539058 -0.139093470431692 -0.109316295028666 -0.0961166608801949 -0.120685605218406 -0.148962685728228 -0.185234963542607 -0.201751674085697 -0.162603044486169 -0.0546889552621935 0.0330554054643062 -0.00923134427567612 -0.0734560454394687 -0.172508320171803 -0.21169716506429 -0.162727307463042 -0.159133711782321 -0.193839209234211 -0.257387401584393 -0.145706250302882 -0.179867390066695 -0.140243085509573 -0.270378107392574 -0.295832750553099 -0.226104648036479 -0.458972669454056 -0.450815779150696
-9999 -9999 -9999 -9999 -9999 -9999 -9999 -9999 -9999 -9999 -9999 -9999 -9999 -9999 -9999 -9999 -9999 -0.231326861349267 -0.108978949000058 0.0489863791579525 0.0725298416038534 -0.0176652115123842 -0.0272334924189202 -0.00380623780385252 -0.037040313136882 -0.065543829858824 -0.0622808022286513 -0.205113177294768 -0.144618998602376 -0.117429463165198 0.00158130795243565 -0.0272248332144344 -0.000589882632998575 0.00719591508972727 -0.159376616980806 -0.1869118226701 -0.195281326249994 -0.229703478580744 -0.315629028106241 -0.246861457886834 -0.119932777208232 -0.104400090875628 -0.0322908561860516 -0.227280555956331 -0.17161561726361 -0.362508470744907 -0.443714252807856 -0.440822289503259
-9999 -9999 -9999 -9999 -9999 -9999 -9999 -9999 -9999 -9999 -9999 -9999 -9999 -9999 -9999 -9999 -9999 -0.147786931734522 -0.0331492593090969 0.0856113554503517 0.131975462776527 0.0811306648401266 0.157613685774933 0.169978153389974 0.141099496528863 0.0425768729315926 -0.0439070133060663 -0.0162094282837947 -0.0617372889336277 -0.00770677171890164 0.0557161282238427 0.0239712423771633 -0.103653119652052 -0.134580544982067 -0.0219853140707806 -0.16889748313613 -0.226337034601439 -0.384618445819394 -0.257891313648966 -0.193862845797115 -0.179802051601991 -0.221445001974603 -0.212727992048246 -0.233509960218839 -0.18176949620559 -0.309147155983244 -0.375971835851839 -0.309002919707753
-9999 -9999 -9999 -9999 -9999 -9999 -9999 -9999 -9999 -9999 -9999 -9999 -9999 -9999 -9999 -9999 -9999 -9999 0.0896924254405273 0.204825142210246 0.154788415180641 0.225283730455814 0.198852981571112 0.245160129626166 0.236302690793085 0.185475553849385 0.182006721066563 0.165204126731985 0.0696999492217196 0.0929864460212242 0.135849420806546 0.0696063657941481 0.0677757505609121 -0.126430294112513 -0.12386994970694 -0.2240627157904 -0.361335332354704 -0.305811176663178 -0.271022278618943 -0.28197773591054 -0.325289634478302 -0.361529156398514 -0.316910516668158 -0.198529287231938 -0.14582401614329 -0.265794577466051 -0.293368976700063 -0.298879227966485
-9999 -9999 -9999 -9999 -9999 -9999 -9999 -9999 -9999 -9999 -9999 -9999 -9999 -9999 -9999 -9999 -9999 -9999 -9999 0.344053391211005 0.24749438469494 0.263926324950958 0.314754846159436 0.320997111731612 0.291642094997392 0.287635407016179 0.36949449605117 0.281096821986367 0.183106624948664 0.106573544124203 0.15354443248148 0.160593095025366 0.0798571428463959 -0.0922478001494521 -0.191017933138231 -0.18171224093788 -0.294873308790601 -0.293925894892674 -0.392988682252303 -0.346834221419493 -0.284145565204349 -0.272582232067943 -0.13248416897162 -0.189599175534999 -0.336546504644918 -0.229798787502791 -0.268428015474133 -0.197712382774751
-9999 -9999 -9999 -9999 -9999 -9999 -9999 -9999 -9999 -9999 -9999 -9999 -9999 -9999 -9999 -9999 -9999 -9999 -9999 -9999 0.160899763935352 0.262482575226404 0.325909010515631 0.320553249735642 0.313325550162102 0.299590882749626 0.256469575889182 0.26732988235973 0.154410408072046 0.243117405028946 0.148625991033519 0.0750270607241613 0.00618889964794977 -0.0920060473520211 -0.209198887587085 -0.191525594736951 -0.225579641185711 -0.295716007014372 -0.255257958351207 -0.242611841563903 -0.173386800011879 -0.102746483162117 -0.253443853349362 -0.316429178995971 -0.287470791113652 -0.200934680876951 -0.185507236056679 -0.0624262050622885
-9999 -9999 -9999 -9999 -9999 -9999 -9999 -9999 -9999 -9999 -9999 -9999 -9999 -9999 -9999 -9999 -9999 -9999 -9999 -9999 0.217497328670811 0.16651446984031 0.178363301926361 0.20059312919408 0.157479373401817 0.109005710038592 0.186375077612264 0.24762246904641 0.290191617606615 0.228474242089847 0.0153525363740173 0.0303587346100571 0.0285050708760296 -0.0293912948748699 -0.0506065705557061 -0.184870021852366 -0.140990885686324 -0.156141242525181 -0.099001312080682 -0.258982646307896 -0.201479231968377 -0.335196439025618 -0.317614421083589 -0.343745242440476 -0.268278704209582 -0.232067305705988 -0.0498946994231222 0.137918472793378
-9999 -9999 -9999 -9999 -9999 -9999 -9999 -9999 -9999 -9999 -9999 -9999 -9999 -9999 -9999 -9999 -9999 -9999 -9999 -9999 -9999 -9999 0.0741607404412013 0.111798922775603 0.099453498024618 0.171078240800927 0.295637449805732 0.234406131872572 0.176461235883805 0.16855533177472 0.134139706367056 0.128599311704935 0.0834979834300477 0.0298078935168911 -0.034320248880807 -0.0733474626675838 -0.174451300866946 -0.201740367750363 -0.210870701967501 -0.287672914794084 -0.350606157824148 -0.424295738349502 -0.391632417445737 -0.337190490265324 -0.311862982660319 -0.305108031397568 -0.215683716614378 -0.0614702820456915
-9999 -9999 -9999 -9999 -9999 -9999 -9999 -9999 -9999 -9999 -9999 -9999 -9999 -9999 -9999 -9999 -9999 -9999 -9999 -9999 -9999 -9999 0.0171577883000177 0.132422644262447 0.1693797220144 0.286274654179836 0.26021136597737 0.191168023545273 0.19371831451863 0.1571636088188 0.149351099621827 0.113577370882468 0.121919699562193 0.121431641397095 0.0480397336976959 -0.0752615026720315 -0.219787324964997 -0.236603246382456 -0.306472774758551 -0.382941190259 -0.399234735288262 -0.428400547184674 -0.277111663230974 -0.334166589096665 -0.287324644403765 -0.247113315205523 -0.184825015216071 -0.122815310584384
-9999 -9999 -9999 -9999 -9999 -9999 -9999 -9999 -9999 -9999 -9999 -9999 -9999 -9999 -9999 -9999 -9999 -9999 -9999 -9999 -9999 -9999 -9999 0.208242035396261 0.239813227163202 0.286303823630198 0.208469211994297 0.207229716232442 0.139014630175132 0.1648239464752 0.140737136337037 0.142522498906082 0.130950044711249 0.0537818423226144 -0.031917098884907 -0.171937284343655 -0.155775388334323 -0.318025517894959 -0.412772805259442 -0.439194820843997 -0.435770519230191 -0.435766173420314 -0.311717150448938 -0.352738209645123 -0.327325532602345 -0.227405963307577 -0.159893789366401 -0.132723128119619
-9999 -9999 -9999 -9999 -9999 -9999 -9999 -9999 -9999 -9999 -9999 -9999 -9999 -9999 -9999 -9999 -9999 -9999 -9999 -9999 -9999 -9999 -9999 -9999 0.248374028515297 0.196208632918524 0.210612598038414 0.181969261704221 0.126269059363234 0.10073147578725 0.0890763731724851 0.190312328897969 0.100257221219508 -0.00667228201381156 -0.102219786541616 -0.202830482927223 -0.235178166142057 -0.381604979760327 -0.388720245807523 -0.49574447809549 -0.479958319984094 -0.357077172736196 -0.283390730886762 -0.309389692979979 -0.285983904172569 -0.255234109307955 -0.192317186131916 -0.160087697837605
-9999 -9999 -9999 -9999 -9999 -9999 -9999 -9999 -9999 -9999 -9999 -9999 -9999 -9999 -9999 -9999 -9999 -9999 -9999 -9999 -9999 -9999 -9999 -9999 -9999 -9999 0.231411270721437 0.197366498064113 0.131357549258746 0.0825436307025312 0.114892202968032 0.111681074582042 0.0847394699279964 0.00287360083153717 -0.0781402801919122 -0.136276939548938 -0.237499744023695 -0.282649162100979 -0.273578153033582 -0.490895706522695 -0.385629441972439 -0.383668763288039 -0.341537779461927 -0.314734086489562 -0.301752519840527 -0.244585885411245 -0.224756412053131 -0.170512542636707
-9999 -9999 -9999 -9999 -9999 -9999 -9999 -9999 -9999 -9999 -9999 -9999 -9999 -9999 -9999 -9999 -9999 -9999 -9999 -9999 -9999 -9999 -9999 -9999 -9999 -9999 -9999 0.238828155376334 0.147989825537997 0.0229170110924062 0.0639314019151685 0.019688814112171 -0.0171596125702932 -0.0401851280042592 -0.0967891076676631 -0.119269598833083 -0.163300830894615 -0.253597869879346 -0.227101349670932 -0.253798660173839 -0.276884810079159 -0.325221730100699 -0.281643207669769 -0.336171875163079 -0.274337893430475 -0.161069371082212 -0.133969256637183 -0.137840144564456
-9999 -9999 -9999 -9999 -9999 -9999 -9999 -9999 -9999 -9999 -9999 -9999 -9999 -9999 -9999 -9999 -9999 -9999 -9999 -9999 -9999 -9999 -9999 -9999 -9999 -9999 -9999 -9999 -9999 -0.00438828853011175 0.00820635098455381 -0.00266931878561337 -0.0777047258682597 -0.124635155947613 -0.12812640463742 -0.135883310574484 -0.0994015254099174 -0.0950165178885824 -0.233756468023213 -0.223341464038295 -0.28644969154665 -0.25212878714288 -0.312136470913732 -0.280983187952502 -0.243178461379377 -0.204962460368834 -0.183566222162223 -0.105208591485897
-9999 -9999 -9999 -9999 -9999 -9999 -9999 -9999 -9999 -9999 -9999 -9999 -9999 -9999 -9999 -9999 -9999 -9999 -9999 -9999 -9999 -9999 -9999 -9999 -9999 -9999 -9999 -9999 -9999 -9999 -0.0394620000445466 0.0249778299749434 0.00482258626303745 -0.0784109727768329 -0.0707580543695419 -0.153202915485052 -0.0968002624612509 -0.10136346980536 -0.0884330919050318 -0.0804592551535758 -0.0679049806787976 -0.134855691060859 -0.271065824734658 -0.287839384131549 -0.280781899048396 -0.263318960983897 -0.164819834736836 -0.13252267712484
