data/rasters/s4.06.07.li.2_xyz_08_.asc
NCOLS 100 
NROWS 100 
XLLCORNER -4 
YLLCORNER -4 
CELLSIZE 0.08 
NODATA_value -9999 
[rows 42 to 62 of 100, columns 48 to 95 of 100]
-0.0269930747325046 -0.0895076383630593 -0.00751272601531309 0.0715369713852215 0.105897284985365 0.032950988052555 -0.0387524442356484 -0.037873970648503 -0.155129301620972 -0.208724839196855 -0.267555041615875 -0.269955882727477 -0.267968268103421 -0.29429738916164 -0.274837374998919 -0.0614645739921687 -0.0941524170942395 0.010505837726153 0.0165817817723878 -0.0287153010028181 -0.0409772123089831 -0.0217502100349368 -0.0570043996200354 -0.124990358514493 -0.144942381097219 -0.152145201834124 -0.206636183526218 -0.188943433438628 -0.163300842267988 -0.202210780862506 -0.169319797653717 -0.133855667954794 -0.138408961524761 -0.143236108404592 -0.178797945411271 -0.182256829138012 -0.20407323532107 -0.0439186540622112 -0.178885364337808 -0.0989320558384271 -9999 -9999 -9999 -9999 -9999 -9999 -9999 -9999
-0.0415322181788532 -0.0910662407626889 -0.0379277397670485 0.00497726706003591 0.062588799959973 0.00978350405242012 -0.0572664171320984 -0.0911754127664144 -0.0785609125723162 -0.190529894050077 -0.247323592322044 -0.239029718801638 -0.310221764108072 -0.321735238686109 -0.343879586081782 0.0709174138195882 -0.00686830112908626 -0.0232821828654286 -0.0223925093133632 -0.061001579978802 -0.125075351685294 -0.0468037999573995 -0.0366831750478435 -0.15683396103403 -0.0813638800014841 -0.140597616955874 -0.162913570754121 -0.188819838730144 -0.170409412977738 -0.112911985402066 -0.0292167324196082 -0.0279702587890704 -0.0392019176286649 -0.157722164507865 -0.198536451011203 -0.213614683159118 -0.193397828771267 -0.0987919591973659 -0.115093860959191 -0.136254525283832 -0.0402466572828558 -9999 -9999 -9999 -9999 -9999 -9999 -9999
-0.0362010303871654 -0.0628620566528018 -0.0711562341809343 0.000112067743227256 0.0123552016409271 -0.00684930355731262 -0.0472800374711644 -0.106828913639517 -0.0891112336876642 -0.0908073287644813 -0.143601204892115 -0.280140857474785 -0.269067926638641 -0.30234448155442 -0.261903397920147 -0.0999644667249384 -0.0541694612498226 -0.0436412384132411 -0.055408959899855 -0.112659788623629 -0.15061101940674 -0.125134385250305 -0.0653059087344071 -0.22217953080833 -0.157105113162688 -0.142389898855565 -0.112680836251297 -0.101573413836419 -0.139206713406486 -0.106632554501548 -0.0669424234472793 -0.0585684415525315 -0.0879546555578345 -0.109087274151849 -0.182370711553793 -0.161511319009436 -0.16885967837612 -0.113778517608351 -0.0623942484822007 -0.0351932450410935 0.0144563330828513 -9999 -9999 -9999 -9999 -9999 -9999 -9999
-0.0944424206398707 -0.035328681275695 -0.0468905088802297 -0.0626951441100758 -0.0382537571068381 0.0563220069342327 0.00122140667202981 -0.0468887655749846 -0.023155705765061 -0.0696949753010233 -0.125802870116333 -0.148283778966513 -0.294601281379056 -0.218122035801407 -0.21218867452759 -0.00591842502668717 0.0861854279123865 0.0312235374729162 -0.0213864856080909 -0.0239972287017545 -0.111999608260161 -0.148486766103762 -0.171687997006173 -0.172228116808855 -0.179179711946363 -0.193032888959873 -0.129478966386085 -0.116324580305144 -0.090098735157429 -0.106136575126802 -0.10294603807745 -0.0763012124787616 -0.0946340437913077 -0.118378230790307 -0.134735634880462 -0.0935293446431017 -0.130194981551426 -0.0958728559935902 -0.103306148014438 -0.0527887165422225 -0.000864029383109646 -9999 -9999 -9999 -9999 -9999 -9999 -9999
-0.0174211817924272 -0.0175205556688595 -0.0336292561734715 -0.0307652284844993 -0.0607181139353584 0.171314998330483 0.160667404169438 0.0225869898847918 0.0366219919987027 0.00390791263943015 -0.0219409557090159 -0.0550674970730389 -0.132227816949144 -0.158919903307863 -0.0885275906584709 0.0266618536947644 0.0884471699485074 0.109175516107653 0.0399593921718106 0.0585878082400222 0.000279275098670422 -0.077777815793513 -0.175106810492889 -0.17646950616824 -0.214776601779137 -0.220825807085699 -0.188866419161925 -0.14124549765485 -0.0743584455278015 -0.103617621640222 -0.0201715395343919 -0.0221495019233983 -0.0927083560005895 -0.0985972060915431 -0.118467302216415 -0.181328673178012 -0.167908409662218 -0.115600958791187 -0.0418861506085618 -0.0793604403034719 -0.0436423062959338 -9999 -9999 -9999 -9999 -9999 -9999 -9999
0.018428187011613 0.0553970225958024 -0.10184220500499 -0.00244705484963553 0.00627422840285128 0.198900853191685 0.188979688252668 0.109684876514227 0.0937034963782674 0.077246806422006 0.0644281765630791 0.0393347106782402 -0.0485441813746584 -0.00631792611629252 0.0655513317313436 0.121180417976237 0.146332409494454 0.127546319218989 0.0925546859135949 0.119225179951995 0.0497588126308501 -0.0244586077193262 -0.181887178975421 -0.18258788265564 -0.219241776131715 -0.233568354218949 -0.137046874135467 -0.138401370648599 -0.104250475255126 -0.100089843224748 -0.0689433333770036 -0.00685460788718913 -0.00677867970624094 -0.0306728774239234 -0.14637668645677 -0.236887829568725 -0.188482041525488 -0.142413766171471 -0.0961422629645933 -0.0564154416287069 -0.0408098095100668 -9999 -9999 -9999 -9999 -9999 -9999 -9999
0.0401138185390466 0.0658605918616856 0.129915535419412 0.0845572931599593 0.0910378947957897 0.115598459405984 0.159846254980164 0.229759104436556 0.2462350720924 0.155191406370797 0.100353964836246 0.0594910712315396 -0.0156829015585998 0.109609461055021 0.235929363431888 0.153942019193354 0.163988849845349 0.156943917903282 0.126957085564603 0.210477653780911 0.0795775106050032 -0.0213317684219304 -0.17979094998421 -0.231885264953957 -0.198191479499099 -0.268209648470417 -0.220614439604068 -0.210904215030623 -0.115002024727819 -0.0607596534726718 -0.11039994357492 -0.0975320587812086 -0.0406564872713116 -0.0801462344290702 -0.109512656941505 -0.247258193699026 -0.191743083538967 -0.151430639509697 -0.155188974901284 -0.132849549531391 -0.0219183485327903 -9999 -9999 -9999 -9999 -9999 -9999 -9999
0.0398679982963513 0.0844459096541786 0.157609214049943 0.123790606877395 0.15051049185735 0.141679733893302 0.189753107750279 0.165480620583344 0.290787821222331 0.173540184685716 0.215642408397514 0.160251818730366 0.207692864022643 0.217682281049251 0.207435869404199 0.23474573324881 0.192313395520244 0.167774282019279 0.165498622834615 0.220069812671534 0.153570641092719 -0.00165120783014797 -0.0242303547199663 -0.0772458957414239 -0.24584050540662 -0.260030503897194 -0.29951706491832 -0.1985357240494 -0.158114929194546 -0.0666376431551924 -0.136077890091874 -0.173126955468761 -0.0857613068782108 -0.140120716337189 -0.127636299763239 -0.196362901396948 -0.204704194257358 -0.171374412986009 -0.118495688769883 -0.130441411645 -0.275495715431983 -9999 -9999 -9999 -9999 -9999 -9999 -9999
0.149131677896208 0.142788154365024 0.128309311459804 0.189436935990559 0.198109521487054 0.193681976387608 0.244515645636987 0.21661823476757 0.239750698220958 0.262518732194879 0.327277024842264 0.187489161095101 0.230796245246889 0.358284005454514 -9999 0.212333853966676 0.192946514714328 0.175376575277349 0.126544512200199 0.121870387442012 0.0817807053156657 -0.016154613705904 -0.0913203356193011 -0.0312555668402026 -0.0680545513211432 -0.250498461076775 -0.186734324569845 -0.195527681112448 -0.170411685930168 -0.0646214304636841 -0.0807215298231349 -0.088081293583876 -0.173709804065932 -0.187287169867259 -0.223544455930455 -0.147795182095991 -0.119515964877789 -0.127619739559476 -0.0845079627464267 -0.103143857506994 -0.230511686802407 -9999 -9999 -9999 -9999 -9999 -9999 -9999
0.238656749530251 0.240112101606976 0.204542639814505 0.209041001631362 0.24089039011221 0.236011767292932 0.266158231395707 0.216262639367573 0.209086560033925 0.285069495122753 0.371567149680147 0.305310936723993 0.304962099996647 0.35830354410577 0.380306803305979 0.252440371662375 0.266773753189439 0.245895509604591 0.184123101951711 0.120792800502234 0.0650712705990708 -0.0890870723863603 -0.130901745069463 -0.151379899094379 -0.25288222337702 -0.197968332758541 -0.172207332322984 -0.226287829186392 -0.257514056437763 -0.0880617508268738 -0.0367561054531207 -0.176352445163901 -0.191339507685362 -0.137138354350967 -0.1295733907676 -0.138455301665836 -0.110180018125445 -0.131500947962595 -0.108045778521846 -0.122270376306339 -9999 -9999 -9999 -9999 -9999 -9999 -9999 -9999
0.220086674737698 0.244792323132072 0.208458072050121 0.162397933948992 0.235675257851418 0.275442073193893 0.225227368453102 0.299967679373269 0.31654420537243 0.303717471559194 0.362560191918837 0.357081473688813 0.310076540119756 0.390797829381151 0.310864503255676 0.287363078174184 0.218842268275488 0.225583588765568 0.140249120202312 0.0558543106301081 0.0607982586180031 -0.0705843109442318 -0.135655286104587 -0.219106947425684 -0.210745638551106 -0.206614545639619 -0.207893645184904 -0.210646907327698 -0.199413288486322 -0.127356510468432 -0.0445617169305681 -0.172940128258772 -0.216443570331634 -0.124190613901064 -0.124451696829784 -0.132651055036215 -0.172540099812195 -0.177497961817369 -0.144480412632311 -0.181639871576277 -0.232301302234874 -9999 -9999 -9999 -9999 -9999 -9999 -9999
0.206857842704348 0.216260171130185 0.260840019979483 0.252871934209704 0.248347584261832 0.254722231681237 0.245599758978513 0.273441833865332 0.27093911909159 0.274388194235121 0.334475917703661 0.363914798416541 0.379186102698561 0.389462869774741 0.345941799955839 0.347157964244091 0.299600581651016 0.242286195209162 0.131973072941571 0.0143453261792013 0.00258964786674192 -0.0517484864433265 -0.159300804390376 -0.192604849496789 -0.22481463415311 -0.225295143002806 -0.231553341878379 -0.136362627775216 -0.150795428330744 -0.123806206689318 -0.136088871840433 -0.174531925390867 -0.186038426594871 -0.214832965718758 -0.140415945526452 -0.152474032013172 -0.14321152840018 -0.133919722713522 -0.184190819605547 -0.153308387075135 -0.119123062845081 -9999 -9999 -9999 -9999 -9999 -9999 -9999
0.215829871464036 0.205903719469399 0.286902044446155 0.333785906864552 0.261618231017376 0.189026160200467 0.245000373955871 0.250461286977457 0.225522372135201 0.22534432574806 0.322192747998993 0.346686770964881 0.392274577330597 0.363332164014572 0.321426635471248 0.354700180679573 0.367412084013926 0.226868769504418 0.23094741838863 0.0277041326693576 -0.0124436910752366 -0.11703602339492 -0.137105063900767 -0.162921856607301 -0.191209851990823 -0.163849945868319 -0.14998102812239 -0.0966576307778763 -0.0781008355004812 -0.133034755136137 -0.12672820555057 -0.124110157647374 -0.131733464329817 -0.231494872568139 -0.15893495135619 -0.17525233187359 -0.155456182310134 -0.129118358816555 -0.166526121982577 -0.123809781098716 -0.0684417223736052 -9999 -9999 -9999 -9999 -9999 -9999 -9999
0.218912751240436 0.196721435749924 0.253227217099988 0.320174315813895 0.298236872776962 0.20024593324072 0.205111833153225 0.269853736698049 0.329508014832517 0.276962360221949 0.285851536882652 0.313267082955298 0.43139841663234 0.370911933975536 0.371483426499705 0.299614334295545 0.209451959908504 0.17602151896933 0.213457126635112 0.056782257581201 -0.0226586605203502 -0.0891267060009283 -0.0770035001958365 -0.0633299214731666 -0.0585397335662433 -0.0680296543140538 -0.0600844624695407 -0.0862584181801253 -0.0660413585031775 -0.0950557383362279 -0.110874145295321 -0.141173557657544 -0.10416804567459 -0.137681834272961 -0.141473412626864 -0.147640711993555 -0.119376426514257 -0.14702570637311 -0.158394402468735 -0.0941909877240742 -9999 -9999 -9999 -9999 -9999 -9999 -9999 -9999
0.147591691823708 0.250701634832061 0.271116206916553 0.22360612677278 0.250657446921802 0.216292552619512 0.155669233387164 0.209163285095258 0.261099616896856 0.299214192063964 0.313918052628155 0.285718403898075 0.374118270291065 0.319675944332942 0.349809102176715 0.339992977183603 0.278813851592647 0.130878067987654 0.162945847802722 0.12913620611319 0.0836379656580143 0.0357807323345141 0.0443973133447391 0.0430058817643154 -0.0343854891817951 -0.0276656236323996 -0.0480148776619719 -0.0850847503335245 -0.0344068760649129 -0.074864013734269 -0.0661378483608285 -0.133238185197652 -0.115569969120573 -0.129395897404233 -0.17375597358315 -0.140415862381715 -0.0929263921103881 -0.105006971311431 -0.112961182849571 -0.117023709179685 -0.124088224531711 -9999 -9999 -9999 -9999 -9999 -9999 -9999
0.144487170049746 0.274511381712915 0.29862699024266 0.187718107096542 0.238758040361133 0.21729229769089 0.261327155788207 0.293077738258867 0.35750214951546 0.334251759377923 0.258638183622767 0.22333556348736 0.276174671044399 0.295539421002664 0.241034983976507 0.230689296755193 0.21991053174526 0.115120522619419 0.00317832846505505 0.0798047924988502 0.0780229537001271 0.115712489936606 0.12174163686656 0.129849491300176 0.0543915199771694 0.0412586407610895 0.0174491926296093 -0.0774541669062905 -0.0669493768184363 -0.0761924575784761 -0.0614040457631698 -0.0720377233985725 -0.124771022655049 -0.116455666946473 -0.162188137029994 -0.131707808715566 -0.0932696525608316 -0.0970651926644763 -0.0860032917598908 -0.135186561167313 -9999 -9999 -9999 -9999 -9999 -9999 -9999 -9999
0.203144432393106 0.205496366127063 0.322822702850973 0.197496622538045 0.179780361477848 0.282028631736094 0.273501947597668 0.31760235632789 0.282403819745838 0.232106218513083 0.152977653902831 0.195383789451245 0.310114934642311 0.340347663189958 0.225152154872518 0.210883590454108 0.177558601708873 0.0603781945628478 -0.152227791657472 0.0190238624197875 0.0350344840325639 0.0829733073895715 0.179134636015301 0.137928875766309 0.138415392432614 0.0812744225226232 0.0785833905461769 -0.0324248535651412 -0.0844092618511535 -0.0707399706714685 -0.096074950273001 -0.0508075228833288 -0.12026248845836 -0.132814971339423 -0.163919204524591 -0.140304236846705 -0.0536788148883309 -0.0729022619464441 -0.100957257593512 -0.125049311530069 -9999 -9999 -9999 -9999 -9999 -9999 -9999 -9999
0.260690270270354 0.178477422929903 0.223733736901226 0.26565541596827 0.251864464586787 0.259486411280703 0.142852538901763 0.145262538112833 0.10104920393108 0.16335345360437 0.0588154802532813 0.182173546621695 0.299048636058484 0.243538574208877 0.062748134428657 0.238191001695203 0.103784681034878 -0.102591438039105 -0.137795541076544 -0.125696698879398 -0.0291046415240811 0.0283349692322447 0.156209350451692 0.128895863734381 0.114865759166447 0.0749883575811789 0.034447094681701 -0.0103012873566821 -0.0517486962266704 -0.0949180470067249 -0.110746491809249 -0.128560193431308 -0.128123022993073 -0.170524823705784 -0.159742874794217 -0.168995805061918 -0.0849901880781751 -0.111855728922797 -0.140063154960091 -0.101231835407015 -9999 -9999 -9999 -9999 -9999 -9999 -9999 -9999
0.238686244073541 0.210904319197271 0.169101165355076 0.297192504116432 0.254694713129286 0.170083843472561 0.125334586866493 0.142482819540299 0.0902987564830771 0.0633203334057718 -0.140094952488185 0.133044748426667 0.152822129061263 0.00646595392303458 0.0908422008952392 0.191107894475369 0.0611127833147575 -0.0740904151342528 -0.162437022868977 -0.155433636467896 -0.104480816027225 -0.0633346141802316 -0.0346264144912879 0.0795979294106716 0.0585947193896431 0.0512737738506652 0.0418877128206144 -0.0357883911035463 -0.065806241348976 -0.202716177590267 -0.0818102910857116 -0.135451923828684 -0.167670164949389 -0.196822378469834 -0.141760736390199 -0.0901602018745398 -0.0561908160200373 -0.153782292963525 -0.140740410032605 -0.135458407132467 -9999 -9999 -9999 -9999 -9999 -9999 -9999 -9999
0.181761926906268 0.229655756844534 0.303448648829565 0.241208533842244 0.212824473307292 0.194395172569081 0.0899025126955015 0.087976295592854 0.0959823903124088 0.0650327589476527 0.00105331321087628 -0.119577514407249 0.0486574591559914 -0.102170490818294 -0.191802307998342 0.142022313736603 0.113466576400335 -0.200551808915611 -0.167676560987796 -0.134782777035251 -0.116613842874327 -0.141249999300222 -0.136174233637096 -0.0853380616938259 -0.0519503833927206 0.0404780777877049 -0.0499323860167122 -0.0434890182995136 -0.136887943331793 -0.228238289649674 -0.150982675719891 -0.2461491777937 -0.213704967957298 -0.159858877484008 -0.149961141330612 -0.138486881050929 -0.115817358024511 -0.147911499220639 -0.128768470001571 -9999 -9999 -9999 -9999 -9999 -9999 -9999 -9999 -9999
0.151786842625391 0.208158758999691 0.310665537648608 0.304553821543628 0.288319549747246 0.256655063249683 0.167849564828566 0.120733705985494 0.129628054693918 0.0494197137910263 -0.103803025928704 -0.13040842095983 0.0234740988053825 -0.0924572684099988 -0.157769142570734 -0.140809718553664 -0.0796684547001169 -0.192297781849796 -0.225007486994401 -0.16318534205616 -0.113925078923274 -0.132155936221644 -0.112250678335362 -0.0769477867536841 0.0326173129142334 0.0207567067816781 -0.097253874449556 -0.0864077897171295 -0.14108462230504 -0.236312031147684 -0.29018360577438 -0.217355285211327 -0.206943457159254 -0.179020561609218 -0.112700518701699 -0.151662222943168 -0.116349283715552 -0.16894084092919 -0.136072363411562 -9999 -9999 -9999 -9999 -9999 -9999 -9999 -9999 -9999
