data/rasters/s4.06.07.li.1_xyz_08_.asc
NCOLS 100 
NROWS 100 
XLLCORNER -4 
YLLCORNER -4 
CELLSIZE 0.08 
NODATA_value -9999 
[rows 42 to 62 of 100, columns 0 to 47 of 100]
-9999 -9999 -9999 -9999 -9999 -9999 -9999 -9999 -9999 -9999 -9999 -9999 0.156957714295828 0.215994184834314 0.186568052606242 0.175395850716155 0.231353761816316 0.586758881376357 0.575333612145635 0.353909546456178 0.595769619422384 0.235164555493686 0.168882088826952 0.0249206824080699 0.0772036994823591 0.084819161626897 0.0938022605655824 -0.00973899645985597 -0.0506502282649381 -0.0313898583286681 -0.0162616831895292 -0.0425211819533712 -0.00694315883837148 -0.121948516183632 -0.164068112007741 -0.234503142545657 -0.225757412736545 -0.227565777060246 -0.247689021127435 -0.183422580862726 -0.215888245567347 -0.206305203348143 -0.18971501530788 -0.227398830069109 -0.129777772665621 -0.0762723181649337 -0.118228940137887 -0.145947237615732
-9999 -9999 -9999 -9999 -9999 -9999 -9999 -9999 -9999 -9999 -9999 0.557735522803422 0.133795115763978 0.191279315275038 0.20250444833091 0.24113328390658 0.277086912813212 0.584165266450136 0.231555167103825 0.463398400947456 0.418701135818524 0.282754568503684 0.167595641913804 -0.0949372739853327 -0.0343622666407212 0.0134182134944414 -0.096146544270895 -0.0410759716894844 -0.0755924544402707 -0.0607931688147294 -0.0788208087919949 -0.119526482333991 -0.155759877224856 -0.159383111897938 -0.250861674081761 -0.0854111707097007 -0.201176753636533 -0.223042779114115 -0.188054868429118 -0.228429943519984 -0.244144235720933 -0.166337381598217 -0.184490131624805 -0.13390655398246 -0.108064868030775 -0.050371465196332 -0.0247055823853435 -0.202474082795728
-9999 -9999 -9999 -9999 -9999 -9999 -9999 -9999 -9999 -9999 -9999 0.720397317578429 0.246311937909265 0.212009756293492 0.213732407968338 0.252548234905712 0.183581139898863 0.205970167322468 0.138478229792844 0.291795430211964 0.371800892449051 0.507810230375523 0.220042889526004 -0.0497062242584559 0.0214175493061121 0.0284884537670732 -0.0548791196441899 -0.0846025124936993 -0.0102849819397111 -0.0783732071406845 -0.137614278057663 -0.175425522818823 -0.165793355145001 -0.158706382587686 -0.165618847659697 -0.220896770608966 -0.175891749001447 -0.235225261616994 -0.177325091141773 -0.102860627931623 -0.253687228649278 -0.191642100620516 -0.184486549997727 -0.150339485892511 -0.107072105245941 -0.0967462050383018 -0.10316519184302 -0.172733631105688
-9999 -9999 -9999 -9999 -9999 -9999 -9999 -9999 -9999 -9999 -9999 0.585986650831464 0.274367857876606 0.186212328889024 0.176492725373484 0.154856083235031 0.0544860825374835 0.0474834922550244 0.151872851938611 0.194080008932025 0.556187418534148 0.281375260294279 0.106987640672542 0.0891756257800344 -0.0276653108121073 -0.0106368334947509 -0.054172191787532 -0.0915883988307827 0.00635108873114239 -0.0563235170205302 -0.132532898141996 -0.168342040661607 -0.238382487889686 -0.0479690651094929 -0.137162044324577 -0.122492676092906 -0.145981985592405 -0.256495588803432 -0.255270645194588 -0.140720949502322 -9999 -0.048886109655645 -0.173436524377551 -0.166778330097312 -0.0874849027168088 -0.101111069467932 0.0106223696107715 -0.0539983374771115
-9999 -9999 -9999 -9999 -9999 -9999 -9999 -9999 -9999 -9999 -9999 0.159194619437395 0.193435903597023 0.145416902668273 0.143144748611979 0.145560407685859 0.10945049693927 0.0641797243545648 0.0925113778906727 0.0840277612978488 0.112382616024816 0.294121646543025 -0.0362263803923224 -9999 0.0646123773780016 0.104915630767869 -0.0381488867662626 -0.0284846903135367 -0.170384827125421 -0.024881980340584 -9999 -0.249375217976086 -0.316543787916799 0.00395528353640266 -0.140983780491668 -0.125364327861031 -0.098286535043244 -0.196824841587211 -0.2328183493323 -0.0655375249619679 0.0266597149188715 0.102082550874579 0.165177901350421 -9999 0.0790686338621446 0.0528453116325573 0.0839810067694239 -0.0564291292868455
-9999 -9999 -9999 -9999 -9999 -9999 -9999 -9999 -9999 -9999 -9999 0.2147124905251 0.244390876507711 0.0976958368201148 0.146051086521011 0.237498329474159 0.0798157778686621 0.0661107386519963 0.0874836225243798 0.1544855079334 0.137860042424479 0.179034566749257 0.0417858188371737 -0.11137555080046 -0.0780323354171569 0.0215639068888184 0.0786583336143963 0.0525200366482544 -0.151435470788778 -0.224072273157993 -0.23644313833654 -0.242327194694348 -0.272261419321885 -0.077953219008124 -0.160374690464357 -0.102414791924077 -0.0770581816616678 -0.145981205036809 -0.130504691718293 0.0485931184826713 0.111596170631005 -9999 0.182736699040178 -9999 -9999 0.087645837559746 0.260279490943502 -0.0246402259917748
-9999 -9999 -9999 -9999 -9999 -9999 -9999 -9999 -9999 -9999 -9999 0.160588176981489 0.116129529161865 0.129354959132376 0.0650471157116739 0.120336185166463 0.184271283617187 0.139496148929225 0.263482431425389 0.107765646164969 0.191661411732337 0.145827095367367 0.095967297002703 -0.165949153173469 -0.122250959779873 -0.038750962963603 0.0254681134292378 0.0785859267875995 -0.144548509667245 -0.265172584466823 -0.225941369634163 -0.211639441688903 -0.229528806948944 -0.113740771255144 -0.090894880275519 0.0741936109815232 -0.0975569009870288 -0.066519307092561 -0.105476550434922 -0.0348479994688556 0.215609859818384 0.272565582351887 -9999 -9999 -9999 -9999 0.291770658311063 -0.0131211183072345
-9999 -9999 -9999 -9999 -9999 -9999 -9999 -9999 -9999 -9999 -9999 0.244437569406395 0.209252160525731 0.133358913948382 0.0856303131187896 0.145459899042569 0.227081400956758 0.199643892987705 0.158432120414457 0.120308102591069 0.136825674281702 0.226610702136373 0.0941627772157294 -0.196953502319158 -0.175209427283915 -0.123303396828426 -0.0544853891808455 0.0142339939872815 0.0474477410562799 -0.237134716015844 -0.254333343506052 -0.258053667070845 -0.125097528746478 -0.0798554116908343 -0.0273067341357356 -0.0172708564289183 -0.0390501908196455 -0.065126519389635 -0.138246522994285 -0.0282832260013158 0.133283351868106 0.32724552442393 0.13052357525949 0.122128452387294 -9999 0.370064553676918 0.328731999053871 0.0386245893388688
-9999 -9999 -9999 -9999 -9999 -9999 -9999 -9999 -9999 -9999 -9999 0.242043388636254 0.202159003632613 0.128683877173334 0.113832338596006 0.0914365049501236 0.174045748632673 0.155028936117838 0.180813719755695 0.200657192058489 0.107924708824358 0.0599576565869787 0.0173557387766069 -0.0683427078898988 -0.0961626551561036 -0.143506591916302 -0.0756708967364885 -0.0784081575351449 -0.124490684377036 -0.247356905786447 -0.179109643121045 -0.194315206112705 -0.203460907772423 -0.118224095458601 -0.0418494509145867 -0.121302819927317 0.0345515801670286 -0.0374701112132588 -0.0727969247181218 -0.0761810526645585 0.215233005256371 0.327175019724104 0.2069665669969 0.0800934734338657 0.272487200937171 0.404177908172221 0.38094404562348 0.396439938232524
-9999 -9999 -9999 -9999 -9999 -9999 -9999 -9999 -9999 -9999 -9999 0.257102877326043 0.304756492773287 0.237577019738497 0.0802450711649854 0.0469910230055336 0.152431430433474 0.211173752272763 0.409874148267157 0.463150091176761 0.206218341828772 0.0923194022302925 0.0262342749964864 -0.101975109077871 -0.367637185501668 -0.226720893643978 -0.173844815615254 -0.208133963134546 -0.231125967612114 -0.240672013470321 -0.209511215295223 -0.200345194513824 -0.155087540248859 -0.21500169982585 -0.174087161452746 -0.245996748173586 -0.034823809705801 -0.134920989748997 0.0311873765881838 0.0431732766090926 0.251500629978398 0.223231884803699 0.217244835658064 0.11499644449345 0.198683761890437 0.375339614953425 0.396587465615928 0.435812099332471
-9999 -9999 -9999 -9999 -9999 -9999 -9999 -9999 -9999 -9999 -9999 -9999 0.352711261811458 0.359554878178497 0.0838185137116041 0.116426201137974 0.22105259007401 0.167223789144752 0.281248006767432 -9999 -9999 0.355542392578654 0.230263208416985 0.0230396283306819 -0.155937203834245 -0.195504034262501 -0.148410035214264 -0.154531783794539 -0.268382451476185 -0.287420321629954 -0.278974494885598 -0.293982955187178 -0.313050130643797 -0.148049428919851 -0.184634307004206 -0.280857698630752 -0.126855681388458 -0.0834473594111968 -0.0808558175720295 -0.00786054017416868 0.157995183574971 0.149731353716379 0.0761467276801178 0.0116852480885827 0.283574971603754 0.31462172439865 0.357207350556896 0.463144003210986
-9999 -9999 -9999 -9999 -9999 -9999 -9999 -9999 -9999 -9999 -9999 0.359316536347947 -9999 0.393310197713219 0.424414689606873 0.155219638454577 0.306217167421886 0.373623109841652 0.332700653555403 -9999 0.373418670598218 0.391974439881765 0.161219131984767 -0.0841956382855718 -0.0197173046021631 -0.183393063551139 -0.130053902620183 -0.149516021011228 -0.236486416590693 -0.271901475513361 -0.27845273269079 -0.293402703006845 -0.378773915728502 -0.206370857099847 -0.236063813842307 -0.180122874190372 -0.135548546610089 -0.110286281878878 -0.0256426752947558 -0.00107512330892091 0.131773810791084 0.0473985274635342 -0.0591289438260108 -0.0347272804908286 0.204183063140728 0.283286639868214 0.469129034983013 0.529934753835382
-9999 -9999 -9999 -9999 -9999 -9999 -9999 -9999 -9999 -9999 -9999 -9999 0.257750272478827 0.440789903466321 0.37774273487158 0.298807887291777 0.338000194407248 0.419416833238276 0.364316973189761 0.274280736375147 0.397057052330606 0.412091214760988 0.171785117632795 0.0450644937485667 0.0491168716598288 -0.0906694807220283 -0.0994729422074187 -0.19273038351781 -0.22256838992428 -0.260041444907857 -0.301960021789687 -0.258186729829247 -0.243265765804943 -0.148781653839553 -0.264990217336209 -0.216553833772273 -0.124995473254112 -0.0288425901608775 -0.116324286270677 0.0550976385189635 0.0719972371652402 -0.000564029359483149 -0.0741214203203902 -0.011006651506535 0.142407024180977 0.200403871863162 0.239660431795638 0.404616958600552
-9999 -9999 -9999 -9999 -9999 -9999 -9999 -9999 -9999 -9999 -9999 0.575742509570553 0.537556779042419 0.520056928514553 0.340824211127673 0.351090084949922 0.440435563317493 0.424673853130257 0.369134053599749 0.327989388904871 0.393177176846076 0.204480656933304 0.27854614725956 0.038848527060519 0.0945120165848784 -0.13761873782311 -0.0736055379028152 -0.163015397088481 -0.170373858506374 -0.238362223704936 -0.268776617061922 -0.215191686914703 -0.179494685943677 -0.050022024643043 -0.0857155625963373 -0.185868516416803 -0.0706874867308546 -0.0392568567417252 -0.00196619517019966 -0.139206248622894 0.0189575834893395 -0.0958800077977642 -0.136098417831571 -0.0318690344122328 0.125484922347089 0.227351620733692 -0.0159117011073028 0.190946978587524
-9999 -9999 -9999 -9999 -9999 -9999 -9999 -9999 -9999 -9999 -9999 0.442789896142773 0.430475393906537 0.478966141201353 0.357564172742186 0.37725086570588 0.349896369423124 0.343399203515123 0.364378918393041 0.377087740197294 0.228790237676311 0.171626890330336 0.180882329420152 0.205553475096345 -0.0124445336118839 -0.0444350148356574 -0.145261137104397 0.0659798777738511 0.0412289180732436 -0.245935267393021 -0.297487187233467 -0.290456563295704 -0.205330081473993 -0.108641870072213 -0.0153866031906652 0.0552098794203067 -0.00568812096025891 -0.0179844948070121 0.00895550164025296 -0.0783689189805733 -0.0284034628731926 -0.0215605169550903 -0.123536343214244 -0.0548233495063642 -0.0829656638230742 0.0202583287668778 0.0865287096945936 0.274586162919416
-9999 -9999 -9999 -9999 -9999 -9999 -9999 -9999 -9999 -9999 -9999 -9999 0.364210648389458 0.383603435329914 0.303879225301995 0.366625508771357 0.287268439505582 0.34451854494275 0.438176330864006 0.293368380403849 0.273029590896567 0.180285446160737 0.308763136649351 0.139356059699827 0.0202801485493205 0.175266188948505 -0.00998234109450155 -9999 0.0681305491504521 -0.149470112904879 -0.236696451339075 -0.261710401710285 -0.124879534851255 -0.110540392056287 -0.0349859532649587 0.0571224996347599 0.0287069121834634 -0.0402285375465558 -0.0852549922407765 -0.0850331950450056 -0.0228867932574105 -0.139679691727511 -0.156731526288513 -0.145949631947198 -0.0738859385687926 0.0429672315915295 0.0712529924572415 -0.0899075139238509
-9999 -9999 -9999 -9999 -9999 -9999 -9999 -9999 -9999 -9999 -9999 -9999 0.446567809230411 0.401447768175211 0.37378255813805 0.332715830947306 0.324411965301203 0.41702689005209 0.47482314968372 0.387624259462947 0.40190111551866 0.20284587589397 0.233685360136329 0.0103205576705687 0.148144564052638 0.327209002958916 0.0684653729799564 0.108895087012422 0.048602087414418 -0.0607406515607793 -0.221168044866346 -0.209541851031509 -0.0644138290003043 -0.108275119001959 -0.0812029461859263 -0.0102160002395492 -0.0597968538340595 -0.0435702195330276 -0.0840313938443575 -0.191497459667249 -0.138937054502347 -0.206789054685944 -0.235105168775271 -0.210860023741742 -0.189945070551864 0.102369745293835 0.0422851688965895 -0.149712028766229
-9999 -9999 -9999 -9999 -9999 -9999 -9999 -9999 -9999 -9999 -9999 -9999 0.484410852016992 0.421974337387674 0.257226495119164 0.349531945178015 0.348089418396153 0.399766551393015 0.46866944824975 0.452602289043654 0.367554205371578 0.288030481140812 0.216097287928364 0.066448098550463 0.0497808202089545 0.204857437157409 -9999 0.122741490740921 -0.0171928114361516 -0.0916252447420939 -0.165432536308105 -0.167370300888343 -0.0419350785192898 -0.0820210868672824 -0.0882135529875813 -0.0540406835675864 -0.161116840668453 -0.0369280293269418 -0.0458307651542132 -0.0440234119361219 -0.177131790480762 -0.193116969954554 -0.233779610128549 -0.205725951053611 -0.136694852726628 0.0696557227425601 -0.0749609696464269 -0.124518390778753
-9999 -9999 -9999 -9999 -9999 -9999 -9999 -9999 -9999 -9999 -9999 -9999 -9999 0.154351974527331 0.372818612701327 0.325810615362823 0.368437955413273 0.34364724921609 0.452190610257508 0.436106646403244 0.364134250833918 0.258790447571045 0.252459847735333 0.119491590294645 0.14257982269924 0.147605364021632 0.15018938502679 0.0623370508749231 0.0929972957317643 -0.131010679446858 -9999 -9999 0.060914342042538 -0.011836533213558 -0.0232390726554939 -0.05319240446596 -0.128840713500385 -0.171157841934737 -0.0124840558744228 0.0185229133089611 -0.135750286874302 -0.224040832429442 -0.256097373806992 -0.263259619010116 -0.184576797684371 -0.160884179263638 -0.132291010567243 -0.0434974410038052
-9999 -9999 -9999 -9999 -9999 -9999 -9999 -9999 -9999 -9999 -9999 -9999 -9999 0.325939696008342 0.0907431485767752 0.393064207241136 0.400410519314323 0.387307485060505 0.443985071382821 0.34190231815493 0.440540826493494 0.263637179290039 -9999 0.1624252064168 0.208898210733251 0.176089227588918 0.177436534538098 0.225957931809902 0.167754704679839 0.0387993854600882 0.0455939736297555 -9999 0.136515367358493 0.117662309670274 0.0966264941888243 0.0299170099450022 0.0105613575560299 -0.153155844862546 0.0963516715426394 -0.071414506396646 -0.0968173818857393 -0.221125399250868 -0.174699112049715 -0.236205734302034 -0.230607630633923 -0.126230100372935 -0.133364247486025 -0.154821947203
-9999 -9999 -9999 -9999 -9999 -9999 -9999 -9999 -9999 -9999 -9999 -9999 -9999 0.439883804486539 0.179570893605158 0.336505845186975 0.459833789182882 0.38504030191347 0.470717696188735 0.247392045632708 0.442812220605987 0.264484671206763 0.140759461835473 0.153588888442646 0.202787826778675 0.337841487462656 0.194456882716102 0.24404035215836 0.242112094740691 0.235746618361441 -9999 -9999 0.187415807118134 0.151238140463886 0.0286102598995486 0.169103515733621 0.181694409289939 0.07642391548144 0.0925665360733847 -0.119103972051726 -0.212949322726952 -0.135590714276311 -0.0649879625977723 -0.18527980949043 -0.282167563686466 -0.280568780727081 -0.0964939968062697 -0.215446294032248
