data/rasters/s4.06.07.li.1_xyz_08_.asc
NCOLS 100 
NROWS 100 
XLLCORNER -4 
YLLCORNER -4 
CELLSIZE 0.08 
NODATA_value -9999 
[rows 21 to 41 of 100, columns 0 to 47 of 100]
-9999 -9999 -9999 -9999 -9999 -9999 -9999 -9999 -9999 -9999 -9999 -9999 -9999 -9999 -9999 -9999 -9999 -9999 -9999 -9999 -9999 -9999 -9999 -0.118002048737108 -0.00881586612568594 0.05820316887977 0.122726451999171 0.299960924446615 0.118955277333573 -0.146735882575148 -0.195680215966414 -0.255583032507324 -0.155932953565717 -0.274829329313627 -0.258473746431587 -0.251251787948699 -0.334678168759905 -0.358965529227474 -0.364471260150283 -0.24371088517715 -9999 -0.0387357085997148 -0.0884225614581922 -0.0960312966409336 -0.145088456282259 -0.169940760510119 -0.125664234132567 -0.127046647058474
-9999 -9999 -9999 -9999 -9999 -9999 -9999 -9999 -9999 -9999 -9999 -9999 -9999 -9999 -9999 -9999 -9999 -9999 -9999 -9999 -9999 -9999 -0.305013803904842 -0.296386563620193 -0.19288584752392 -0.0345036350292382 0.0624006580907172 -0.0682444689636293 -0.13710310819839 -0.134545956777106 -0.176208607343305 -0.303274784969389 -0.088887168503059 -0.181152898108399 -0.174593074844651 -0.183837196370049 -0.244687456164806 -0.362609040344465 -0.375002428916966 -0.286579838069437 0.0542276021411388 0.0515395872817032 -0.101496592344723 -0.103771928105365 -0.0373147986067698 -0.0828543559741483 -0.102349322679146 -0.184563151749135
-9999 -9999 -9999 -9999 -9999 -9999 -9999 -9999 -9999 -9999 -9999 -9999 -9999 -9999 -9999 -9999 -9999 -9999 -9999 -9999 -9999 -0.289486314139417 -0.359310103271347 -0.366226835120436 -0.103815222665207 -0.0266959895325556 -0.0697420178303917 -0.0786453644673406 0.0748920711120297 -0.301020543022022 -0.327926173527856 -0.198303023661242 -0.232315789127716 -0.247865966229516 -0.00352758789700782 0.00265856763203236 -0.175353235707838 -0.212468088443209 -0.286809230929093 -0.278593284432046 0.100301152987435 0.0870106228402517 0.00303464070861004 -0.00713901722552927 0.0213457507374827 0.0129297670823351 -0.0396734407915561 -0.168139943677054
-9999 -9999 -9999 -9999 -9999 -9999 -9999 -9999 -9999 -9999 -9999 -9999 -9999 -9999 -9999 -9999 -9999 -9999 -9999 -9999 -0.180369052333857 -0.291130966412401 -0.302605617052032 -0.0665452269634358 -0.162044321529524 -0.102868639622589 -0.175722114900699 0.000733870336904273 -0.167394495562741 -0.333389976153563 -0.297718852353125 -0.354187596965625 -0.30559940397982 -0.29487484286572 -9999 -0.000527354979175539 -0.0514299463883536 -0.145253639554126 -0.184437850189996 -9999 0.141484686380997 0.160965555093651 0.252613107620761 0.0675328836096429 0.0690142750242563 0.0833470605857918 0.211558037932165 0.193124935362699
-9999 -9999 -9999 -9999 -9999 -9999 -9999 -9999 -9999 -9999 -9999 -9999 -9999 -9999 -9999 -9999 -9999 -9999 -9999 0.0525596753667966 -0.125127330122435 -0.220497405707773 -0.401746512635057 -0.283400727147571 -0.261665071091529 -0.207753852900229 -0.0865733443624599 -0.305436935239943 -0.181872884483898 -0.277069047695192 -0.233927655590358 -0.280370516573812 -0.281056497003955 -0.245664581075875 -0.0180832476412145 -9999 -0.0258773364584826 -0.155131310300755 -0.117973770808952 -0.0950433778642882 0.153920644758602 0.214805091177353 0.253992007257581 0.174673887993256 0.137671134467208 0.164232969073636 0.340393575552764 0.291405385245032
-9999 -9999 -9999 -9999 -9999 -9999 -9999 -9999 -9999 -9999 -9999 -9999 -9999 -9999 -9999 -9999 -9999 -9999 -9999 -0.197394487315403 -0.367407007622077 -0.301031094355937 -0.427977235721707 -0.350942945224786 -0.37875483471073 -0.328409910207625 -0.333072743299831 -0.324011176222338 -0.166130320966093 -0.40161848859335 -0.30011251723166 -0.321419904590819 -0.256146453715883 -0.17303199780575 -0.137805546589732 -0.0781844443077308 -0.0349299366982563 -0.168439299402656 -0.0176285477417276 0.021678716142136 0.0982869620927033 0.24711445445368 0.226628611194608 0.265376508198934 0.27472846598429 0.363081755931656 0.378703199330529 0.368185775555699
-9999 -9999 -9999 -9999 -9999 -9999 -9999 -9999 -9999 -9999 -9999 -9999 -9999 -9999 -9999 -9999 -9999 -9999 -0.141787906834569 -0.282894717144097 -0.368699328977344 -0.375733053014966 -0.436200790817577 -0.38167679056616 -0.406539121243509 -0.351807319083941 -0.295779188210741 -0.320869774812779 -0.342136949913628 -0.371359690314263 -0.327625092288564 -0.314771509535986 -0.202017531388687 -0.0788995500197944 -0.0341002591110156 0.0193651099057302 0.0343190760857661 -0.0634490755446555 -0.0300224933245832 0.0646080485046046 0.126062523987971 0.169344635767856 0.200234212160889 0.272534876066999 0.369846336480823 0.430035004571742 0.374784719605783 0.292937681922455
-9999 -9999 -9999 -9999 -9999 -9999 -9999 -9999 -9999 -9999 -9999 -9999 -9999 -9999 -9999 -9999 -9999 -0.141253822233596 -0.0799591320698742 -0.12583385603544 -0.334027477260721 -0.427805964371883 -0.417457532665067 -0.414843490697666 -0.337960302674298 -0.367049561361762 -0.333521006113985 -0.24788322569593 -0.260415939864683 -0.192169140871282 -9999 -0.20380302506846 -0.196028711339305 -0.103186607372283 -0.0618623710081896 0.175094274878604 -0.018181930601456 -0.118450666561167 -0.008264877620074 0.146291099857338 0.149439532290505 0.120049912765108 0.143245686787542 0.142764350885099 0.331070655309737 0.383468195856283 0.375418845788527 0.219818481795192
-9999 -9999 -9999 -9999 -9999 -9999 -9999 -9999 -9999 -9999 -9999 -9999 -9999 -9999 -9999 -9999 -9999 -0.178878010568702 -0.242865347666913 -0.344870940451941 -0.304337963257524 -0.32459661020613 -0.413382463620914 -0.451770302799278 -0.405547159956698 -0.369320028648664 -0.334758677933619 -0.221896332817113 -0.196290501379198 -0.217640696478484 -0.150872373750484 -0.160484561634944 -0.140966532042459 -0.199907741080684 -0.129288807965031 -0.09258184871593 -0.0298884105594329 -0.0754758964056152 -0.0763667998852019 0.0107347278700604 0.0981003568823958 0.144490036595293 0.142815276199907 0.236466024402719 0.326228268319375 0.366130673194627 0.371704889847106 0.318599509276496
-9999 -9999 -9999 -9999 -9999 -9999 -9999 -9999 -9999 -9999 -9999 -9999 -9999 -9999 -9999 -9999 -9999 -0.0754624096366923 -0.208905538081808 -0.42575542349405 -0.384113873604503 -0.273969567842349 -0.355672057191787 -0.360289447784657 -0.471700558708979 -0.448405033824925 -0.413763078099798 -0.168646706285231 -0.223728407782744 -0.21098968082789 -0.198911566484886 -0.0975806378690103 -0.142775680992182 -0.189795724240033 -0.14315870361796 -0.177536451635351 -0.192905505556862 -0.0936062886284181 0.0390381224796233 -0.100293958007167 0.123628274659314 0.118452557408766 0.139950836842355 0.229764634487198 0.213236646099384 0.271787276803942 0.36829910957452 0.330348402462567
-9999 -9999 -9999 -9999 -9999 -9999 -9999 -9999 -9999 -9999 -9999 -9999 -9999 -9999 -9999 -0.0179704898122273 -0.0505784101870026 0.0630305519846714 -0.27415771542532 -0.292356484645714 -0.439984991042055 -0.346572480488296 -0.289976088813004 -0.323927599442936 -0.417778622689366 -0.517592788739144 -0.463932524914871 -0.334824863074293 -0.274893654987757 -0.187530584502071 -0.194329978676294 -0.166755959322577 -0.180493555984667 -0.140326222964818 -0.235191874689478 -0.165193892201023 -0.188245862292103 -0.107686652057577 -0.186347661148033 -0.254963476969029 0.0879911487726799 0.193808620705794 0.0737364687756291 0.181919977149945 0.0777843929943691 0.0641988152980335 0.207539482595583 0.232509419450097
-9999 -9999 -9999 -9999 -9999 -9999 -9999 -9999 -9999 -9999 -9999 -9999 -9999 -9999 -9999 0.0969584497286002 0.0671351169077163 -0.174138338179318 -0.180541446964091 -0.338954905026723 -0.342194260418263 -0.354838063059493 -0.231319628216387 -0.374705786794294 -0.301013719208355 -0.451677885455 -0.476481720163572 -0.300545889487201 -0.404272323376759 -0.235545808844815 -0.158071332690302 -0.222210181175805 -0.256041126650431 -0.219575780413433 -0.347836862332982 -0.294334601724213 -0.19201013716694 -0.162159793902295 -0.164101777363158 -0.270745595735878 0.0262024204608033 0.138123590263286 0.0197312304751614 0.203690786695321 0.0667527267184013 -0.0467443191099202 -0.0236409818225552 0.132372107512146
-9999 -9999 -9999 -9999 -9999 -9999 -9999 -9999 -9999 -9999 -9999 -9999 -9999 -9999 0.162759861875406 0.204810770557207 0.210291950051885 -0.0999054811711032 -0.0713759983380832 -0.318494686613331 -0.316728788502648 -0.255908546844523 -0.225983586118315 -0.345123781362473 -0.41093005355601 -0.369913193745992 -0.325424866226988 -0.319374794796288 -0.379684365808186 -0.33173350041854 -0.240861792831737 -0.201155561546959 -0.246965186275344 -0.156218299898917 -0.315653850176486 -0.276920907103596 -0.270255937780796 -0.240475847041916 -0.235265041815961 -0.205533206356051 -0.17158815077324 -0.1679475982911 -0.00625202075456215 0.128280902768482 0.109969444814413 -0.118026768965483 -0.0322337562214518 0.114660713709138
-9999 -9999 -9999 -9999 -9999 -9999 -9999 -9999 -9999 -9999 -9999 -9999 -9999 -9999 0.214124949932032 0.251861091750834 0.278098351428666 0.0759422795572135 0.000633094149734232 -0.221615409560097 -0.220665370076299 -0.23119819554355 -0.21383893883656 -0.342964708961898 -0.287213221644339 -0.283111938390198 -0.266371920942025 -0.194171555553369 -0.354781345072998 -0.33920990202529 -0.147275770121011 -0.198296555284063 -0.242537641103434 -0.256927569678514 -0.360704579231356 -0.255510370558274 -0.164416568674874 -0.271146248149348 -0.261590201936803 -0.274323102682708 -0.174231058126038 -0.136636520261794 -0.0227927624561534 0.0805206087113519 0.223761690279572 -0.144361370424509 -0.122488924233958 -0.211927983146554
-9999 -9999 -9999 -9999 -9999 -9999 -9999 -9999 -9999 -9999 -9999 -9999 -9999 -9999 0.211395189856287 0.240673616163587 0.270633522984057 0.178606706990585 0.00562201474587879 -0.188388861903748 -0.246106559473606 -0.178714844979593 -0.182367515175651 -0.148331585718847 -0.225793949950556 -0.226570387657078 -0.509430530468128 -0.32766961236687 -0.357419665475066 -0.255580989640653 -0.263142359830925 -0.30415297269062 -0.112202113489031 -0.207514003779351 -0.344034999118205 -0.22587323243391 -0.102429262101851 -0.192359626391969 -0.224356532982096 -0.324814854954911 -0.165628411579888 -0.0688550598441789 -0.0619252584216582 0.156984449073973 0.223072798530135 -0.155319532542264 -0.155251863003909 -0.12930351511023
-9999 -9999 -9999 -9999 -9999 -9999 -9999 -9999 -9999 -9999 -9999 -9999 -9999 0.184245581390189 0.112785305138615 0.187321469341127 0.162042577420545 0.181683781546075 0.0402753488575189 -0.240502409770607 -0.19276640218484 -0.124468169452391 -0.0670868243842485 -0.0747978585379731 -0.0903274418904002 -0.0376913543465007 -9999 -0.0674635913692397 -0.174125953661734 -0.187960325307257 -0.226153118547229 -0.0937746753215398 -0.136291425124053 -0.128706419858187 -0.357236356549518 -0.290437240131599 -0.145793828692949 -0.112130513895355 -0.210385081962725 -0.19064386779497 -0.0881024904709749 -0.0957386166532866 -0.066112162748012 -0.00953628432666891 0.154126225477361 0.0540370996479504 -0.151663160850807 -0.0961853558246365
-9999 -9999 -9999 -9999 -9999 -9999 -9999 -9999 -9999 -9999 -9999 -9999 -9999 0.224219633392649 0.190467721437527 0.154594758609211 0.138371179264764 0.144486913479769 0.15104896650824 0.214013519761551 -0.174083780756375 -0.0529820126899222 -0.117094977015792 -0.0206949123363881 0.0527542399441402 0.00839014565031005 -0.000236414405068447 0.0130010998746813 -0.114468401066088 -0.180084284902698 -0.127011884236579 -0.163292247360988 -0.0809582283360031 0.0111042463546175 -0.418165833573765 -0.305352201860516 -0.205550238727894 -0.115859154247591 -0.179750531908289 -0.205357373595887 -0.0768574428262655 -0.167965722730064 -0.0380493114705072 0.0197306064991603 0.0721046276637466 0.063517251008215 -0.0522716476339373 -0.129388186347204
-9999 -9999 -9999 -9999 -9999 -9999 -9999 -9999 -9999 -9999 -9999 -9999 -9999 0.29666468580977 0.281036464768301 0.267447968471305 0.178894695939975 0.144741951071633 0.216670055117521 0.264899223816694 -9999 -9999 0.0230410198653155 0.0546643890278945 0.0415107425576571 -0.0353600614435542 0.0545154432061307 0.0788423484048207 -0.0720439902055187 -0.031793113446957 -0.122399417335426 -0.157243007339224 -0.190614871741046 0.166551300872016 -0.333986273115729 -0.245820555754356 -0.0678032959675457 -0.1632487301946 -0.114289983732494 -0.13804491551361 -0.122450960711148 -0.0371833683930413 -0.0608169810883782 -0.134788888614696 -0.133318874255435 -0.114836981102226 -0.103176805705378 -0.181836713030108
-9999 -9999 -9999 -9999 -9999 -9999 -9999 -9999 -9999 -9999 -9999 -9999 0.561780612428483 0.282371433401367 0.352267683257715 0.233497011021241 0.244053357942186 0.400680964068278 0.246138834584567 0.287464193744944 -9999 -9999 0.154967098238563 0.194646721946788 0.118625921919588 -0.0577638210054501 -0.000794735213331443 0.0479335082849471 0.0414526421913599 0.0572645941918696 0.00806206957246553 -0.0156482704829656 -0.190519981684764 -0.219226986727581 -0.257803183376142 -0.228065559688455 -0.140102221661556 -0.212981342332944 -0.166264794087087 -0.239356396308544 -0.207106001281527 -0.133998932001681 -0.0839111247763547 -0.118537200243045 -0.189502590823621 -0.0689629780724546 -0.216718766968206 -0.170221279307058
-9999 -9999 -9999 -9999 -9999 -9999 -9999 -9999 -9999 -9999 -9999 -9999 0.0186262007044894 0.311276042993274 0.291265488573727 0.184983787748316 0.254332280634107 0.469388474461891 0.487300277127473 0.375707720239206 0.489876550644156 -9999 0.208183085783636 0.136679561899511 0.110539465108659 0.0173424322918713 0.0852049025033994 -0.125968515995027 -0.00342256888718691 0.105511459340564 0.0470889577907965 0.0626692965131737 -0.0158455704289175 -0.0644093264207511 -0.175347290156564 -0.260834930464354 -0.266213523295406 -0.242281466373529 -0.169427953142749 -0.210153363135902 -0.168255416546594 -0.101237373323741 -0.155126867146229 -0.126433712594909 -0.174164199937459 0.0125194836888434 -0.118464232922988 -0.152118214211031
-9999 -9999 -9999 -9999 -9999 -9999 -9999 -9999 -9999 -9999 -9999 -9999 0.104679210045847 0.266047568638994 0.223180759359303 0.185250239591447 0.29163257045972 0.483922434971916 0.601456118342403 0.627282114041851 0.525331927126029 0.217033143115903 0.206879416004385 0.120076179770026 0.0993945309502112 0.0484249897080507 0.0780483806272739 0.00906049203568447 -0.00051339015604486 0.0535888941542883 0.0482229493992966 0.00865113779773263 0.0154126280186274 0.0149915244821467 -0.0873169050184252 -0.204668221929248 -0.286637264418039 -0.24661856588191 -0.138923604598841 -0.16427176499492 -0.166060409919708 -0.272555558092508 -0.220265971142164 -0.261532140317413 -0.138408134291263 -0.11306086901806 -0.0893614347740416 -0.18972347866031
