data/rasters/s4.06.07.li.2_xyz_08_.asc
NCOLS 100 
NROWS 100 
XLLCORNER -4 
YLLCORNER -4 
CELLSIZE 0.08 
NODATA_value -9999 
[rows 21 to 41 of 100, columns 0 to 47 of 100]
-9999 -9999 -9999 -9999 -9999 -9999 -9999 -9999 -9999 -9999 -9999 -9999 -9999 -9999 -9999 -9999 -9999 -9999 -9999 -9999 -9999 -9999 -9999 -9999 0.198046295470552 0.240069968361719 0.20159774436382 0.268918081407261 0.254404312834981 0.208428823157683 0.253274176550042 0.24037727251512 0.3688764350017 0.32183461807596 0.179749304283803 0.146080166787103 0.177962107074495 0.257537872749328 0.280530831705694 0.244567523131149 0.358063204614587 0.335284914060674 0.299451083911853 0.226426452908675 0.239335989505293 0.170096146754592 0.0528037458617698 0.0864861071149493
-9999 -9999 -9999 -9999 -9999 -9999 -9999 -9999 -9999 -9999 -9999 -9999 -9999 -9999 -9999 -9999 -9999 -9999 -9999 -9999 -9999 -9999 -9999 0.223058198128287 0.236324899821005 0.247507424592734 0.278336690737005 0.356651758622595 0.327708535929099 0.27250718025237 0.314713859561591 0.37428188279644 0.372887642182584 0.334053221541463 0.242043178373526 0.190051124027569 0.191873837602331 0.244069792996576 0.25822976826389 0.309020385458525 0.371402402586088 0.37093873811042 0.223644721717667 0.27545497716084 0.261258677657892 0.298120094359703 0.0458423330213769 0.0901588495944806
-9999 -9999 -9999 -9999 -9999 -9999 -9999 -9999 -9999 -9999 -9999 -9999 -9999 -9999 -9999 -9999 -9999 -9999 -9999 -9999 -9999 -9999 0.111642969035002 0.246103695069427 0.25000826922698 0.287224339664 0.281135981680889 0.281865667576561 0.341754327141641 0.284032378298053 0.252300678996001 0.292461208430757 0.271169275439932 0.289214235525811 0.275564323608482 0.249308114755537 0.309565890748861 0.267738796552386 0.309160291671954 0.373711117012207 0.363897681369067 0.388744936864709 0.362852177400296 0.311934624897833 0.180957503399648 0.0863159786837537 0.00957647566974472 0.00272420135105283
-9999 -9999 -9999 -9999 -9999 -9999 -9999 -9999 -9999 -9999 -9999 -9999 -9999 -9999 -9999 -9999 -9999 -9999 -9999 -9999 0.0285155755067001 0.119083076475945 0.172084175693757 0.164739493170143 0.266503638480737 0.240462923466122 0.318302144948049 0.297059096587921 0.308153873146257 0.300073269582283 0.185274229105005 0.197924786089908 0.208123889337687 0.213926545545923 0.257284417713473 0.277853811478974 0.283418129487774 0.288682238541134 0.321225823180455 0.389889910894541 0.354459258947746 0.392925941345066 0.400706949873039 0.285522777910559 0.271758004891531 0.236059657548885 0.0511600407415423 0.0480946289030766
-9999 -9999 -9999 -9999 -9999 -9999 -9999 -9999 -9999 -9999 -9999 -9999 -9999 -9999 -9999 -9999 -9999 -9999 -9999 0.0471947295622024 0.0804183912329487 0.11245643423726 0.0559540551776574 0.164931354974596 0.245266694663598 0.254104623222654 0.328736113500457 0.349390384890372 0.269003169938359 0.296037456555818 0.26241651599634 0.20125502704111 0.198011345822573 0.221001931351784 0.268514076280298 0.235670472301077 0.288873329473881 0.331303796878292 0.289902009262665 0.312802760025292 0.390329546334111 0.309306354647978 0.31957764806007 0.322305168798194 0.250914804257735 0.286190343968219 0.157506956586306 0.0408540472693946
-9999 -9999 -9999 -9999 -9999 -9999 -9999 -9999 -9999 -9999 -9999 -9999 -9999 -9999 -9999 -9999 -9999 -9999 -9999 -0.055796230962104 -0.0369044973170019 -0.00585308186427236 0.0518169268844973 0.0605006428289662 0.308371014769093 0.262425121227101 0.193715092343359 0.328059622042839 0.335838552894645 0.274288431081161 0.255557860423045 0.21059790743541 0.179021381788114 0.163530647198326 0.28397503424048 0.261107771296028 0.173055248952712 0.345493211064336 0.33268355838424 0.336433417823039 0.338519024737352 0.21702085580584 0.360433079060984 0.324311667695168 0.23624704228628 0.208913253594195 0.183536578349301 0.058015528600841
-9999 -9999 -9999 -9999 -9999 -9999 -9999 -9999 -9999 -9999 -9999 -9999 -9999 -9999 -9999 -9999 -9999 -9999 -0.00272124986736782 -0.0389621561964892 0.00798780764536909 0.0678039707549944 0.0523991015111427 0.18876318693948 0.277105295942129 0.235001462439783 0.192881693008111 0.309337969442913 0.323963030257423 0.281911037113017 0.219496208614087 0.184883886807999 0.202746375497433 0.185871444977698 0.192406491659898 0.191073109164468 0.16022049551712 0.252436102272124 0.27191888310394 0.334660360508262 0.308485658196299 0.264205123805584 0.257189837235264 0.273266252182967 0.210993076075846 0.168198200038625 0.14943994595251 0.0649457177081429
-9999 -9999 -9999 -9999 -9999 -9999 -9999 -9999 -9999 -9999 -9999 -9999 -9999 -9999 -9999 -9999 -9999 0.0290425201087446 -0.00709281750025727 -0.0599408414094222 0.0240110711172772 0.0232634093848624 0.0479298525915487 -0.0399623961289548 -0.0347356838009851 0.199478223220869 0.201228939256849 0.216746386405899 0.195086635919654 0.222048834261568 0.257768684375109 0.191063767929432 0.173785698892615 0.193803505158922 0.17854914623659 0.143086964587561 0.218207880661479 0.170963138338515 0.24569243054651 0.228014951711723 0.304121595287318 0.289280343548908 0.202732345937786 0.288070516303415 0.244879704605935 0.19453870643174 0.202064862105446 0.0967085541960884
-9999 -9999 -9999 -9999 -9999 -9999 -9999 -9999 -9999 -9999 -9999 -9999 -9999 -9999 -9999 -9999 -9999 0.0332511951808504 0.00598997365080797 -0.0807662061208273 -0.0426736471238254 0.0176888549331931 0.0210106109750554 0.0535295525839061 0.128860500565861 0.233100116670097 0.249075740745562 0.188786456577941 0.183194457912629 0.152850067561753 0.227479055167504 0.1907771421921 0.158926917872282 0.136056581897409 0.142042787719627 0.111518715870495 0.0593705005836723 0.137744787930257 0.214848150969335 0.203887701232607 0.232572876536719 0.230971803275145 0.187540975680791 0.208353554491241 0.275246593499359 0.217247630269721 0.121871981295849 0.0451373865044706
-9999 -9999 -9999 -9999 -9999 -9999 -9999 -9999 -9999 -9999 -9999 -9999 -9999 -9999 -9999 -9999 -9999 -0.000806608770502423 -0.0243070607933691 -0.063539485215507 -0.0468266510472316 0.0120928265562495 0.0386438384398003 0.0984205817392323 0.0507370651495169 0.211799547661779 0.210868977267839 0.182809041063187 0.103558151905445 0.114856145032645 0.125399470656836 0.149759596262289 0.185552764720348 0.174982141502473 0.142328764104308 0.0633639733560435 0.0390283991295982 0.0790533579223519 0.331897878790779 0.135636418419999 0.249100187609652 0.226543644571821 0.104612964706557 0.142075195717843 0.246116190350725 0.220744015691907 0.0935833593781937 0.00636954785410184
-9999 -9999 -9999 -9999 -9999 -9999 -9999 -9999 -9999 -9999 -9999 -9999 -9999 -9999 -9999 -9999 0.0123474855109791 -0.0149161880606334 -0.0393448080835554 -0.0325874264887093 -0.0603370485297738 -0.00339557443512357 0.0790372041832535 0.0281307588187658 -0.00792633179544979 0.0543146663268515 0.217493829580632 0.138306050594723 0.0610763851732694 0.0893632535291816 0.126827929856629 0.164129492593323 0.191842070986177 0.15701447501469 0.0697231971451589 0.0407482486830184 0.00475218483769852 0.00632764642256217 -0.0156306099633669 0.213186775406032 0.189558190902249 0.0722317041217077 0.0984182990660068 0.13943370484989 0.122168604471455 0.13961595391638 0.115987836860142 0.064902397751151
-9999 -9999 -9999 -9999 -9999 -9999 -9999 -9999 -9999 -9999 -9999 -9999 -9999 -9999 -9999 -0.0132836789544921 -0.00234350537626531 -0.0321081276079996 -0.0159992144343877 0.044533750630246 0.112172707371971 0.089910445803531 0.0387167922673007 0.0172752647242641 -0.00229702054027695 0.00674885607183348 0.0418459444691555 0.0762515816596339 0.0989580899535052 0.0716810365022005 0.109641932563839 0.204548374389836 0.121047730536789 0.099432382859257 0.00465359413086894 -0.0338250089981217 -0.00474418171686734 0.102269271684051 -0.0142158654653394 0.128620706905037 0.135157583006037 0.00625092645733181 0.108804308599756 0.13518021812773 0.0703621714281616 0.107689864752775 0.0340149622629195 0.0510483128218105
-9999 -9999 -9999 -9999 -9999 -9999 -9999 -9999 -9999 -9999 -9999 -9999 -9999 -9999 -9999 -9999 -0.0786425819703905 -0.0746416752687924 -0.0485110280756529 0.0205117833257781 0.142811947033498 0.0713974162255235 0.0587874692080839 0.0163404634363563 0.0323140385693105 -0.0570477578267877 -0.113472333995355 -0.140245672907696 0.0317959107876824 0.100351881295752 -0.0031973501272356 0.0946156812055768 0.0791395110935271 0.0133537457267372 0.00343614068364761 -0.019045778292542 -0.0176169701300159 0.0297178416000869 0.0261428256830138 0.0216352655729886 0.0741648112424277 0.0176010866548714 0.0886170754514021 0.123343674842214 -9999 0.0315380108694413 0.0104996228960136 -0.0472364668730771
-9999 -9999 -9999 -9999 -9999 -9999 -9999 -9999 -9999 -9999 -9999 -9999 -9999 -9999 -0.237106499812767 -0.229847416043903 -9999 -0.0927081620080052 -0.00556964521056733 -9999 0.0712453646058724 0.174653991205227 0.133984227518656 0.00762432836005112 0.00436955111671059 0.0137707419849529 -0.0998589759914093 -0.113472390870177 -0.0330010402050499 0.00682733665397283 -0.0327603012856841 -0.0919622892952478 0.0875982139071048 0.0562774366059225 0.0359813362497931 -0.0231724110422942 -0.00875598716781219 0.0846752751749791 0.0283823950362472 0.016183813092448 0.0827529111249048 0.0602628936420114 0.0523282973951025 0.176692965459598 0.0652311497690291 0.0730913811719431 0.085767047168068 -0.021945841682209
-9999 -9999 -9999 -9999 -9999 -9999 -9999 -9999 -9999 -9999 -9999 -9999 -9999 -9999 -0.141238385238166 -0.237925976919506 -0.409349949235859 -0.149002332697227 -0.1046169267895 -0.179044550899862 -0.0102418239875756 -0.0598193569591804 0.0721066610870571 0.100010736652632 -0.0124199064311746 -0.0276566600288286 -0.0473403915740657 -0.0497940545514733 -0.089885384194051 -0.045367426016594 -0.00446782814243774 -0.123964735324422 -0.101994608593712 0.104045303130826 0.0960798419633263 0.00489359245182531 -0.013158428756619 0.0637850026775425 0.0267232731813456 0.145216276443122 0.0846168346904975 0.103604846293912 0.1424243353498 0.125550324474331 0.117438370771398 0.0592458895832273 0.121116680084012 0.0239043603503636
-9999 -9999 -9999 -9999 -9999 -9999 -9999 -9999 -9999 -9999 -9999 -9999 -9999 -0.0125029109202053 -0.10251899692614 -0.202039859589158 -0.218482202460994 -0.333585624101911 -0.157941813976238 -0.112033813614078 -0.0748495991975799 -0.046683816067318 0.122249127110825 0.101547740185681 0.0595408256093675 0.0353681228379847 -0.0242049370820439 -0.0365608460286166 -0.0305646489461395 -0.0608682428560113 -0.0782845949744494 -0.134016387942302 -0.136923919226778 -0.0501711882112137 0.0366945839372616 -0.0126753341273369 0.0268410513366841 0.00337543628006931 0.0766271222690862 0.151396194903997 0.138227304550732 0.109288935439223 0.163440444599964 0.139930456854563 0.116136826388659 0.107729606542806 0.169163715688592 0.072969182022442
-9999 -9999 -9999 -9999 -9999 -9999 -9999 -9999 -9999 -9999 -9999 -9999 -9999 -0.0424437860625225 -9999 -0.134197834861719 -0.242034821500909 -0.287271445066396 -0.197762687591356 -0.118914727703232 -0.081714592690469 -0.0135285048158003 -0.00222386502944834 -0.000803032866528077 0.00156422558206214 0.091096168426485 -0.0742020159731807 -0.0786654145855637 -0.00705791346196832 -0.0372018407900321 -0.113128271739343 -0.0890943122589196 -0.121254181983164 -0.0358647871314603 -0.10482026313701 0.0746811359647616 0.0162442229288519 0.0338682541893664 0.0551692575235847 0.146786124658257 0.161014042295869 0.155832280622556 0.134571540020451 0.102626210806946 0.15183532145254 0.154504657384065 0.0841523504357704 0.0358588137150328
-9999 -9999 -9999 -9999 -9999 -9999 -9999 -9999 -9999 -9999 -9999 -9999 -9999 -0.0571954019044534 0.0302212306997803 -0.0160127106415877 -0.118654170611902 -0.135924567756524 -0.138123925390599 -0.152653821004627 -0.182993919303524 -0.0662704443391957 -0.0320011798844939 -0.0707165054769171 -0.0921484223172279 -0.0793921017987931 -0.0807870122372339 -0.138545527520458 -0.0484211617982434 -0.046221496094697 -0.109377602094371 -0.19827992232941 -0.102319443247376 -0.0832374707228379 -0.0842365132328973 -0.0122876234792932 0.128832679525339 0.138646048756858 0.0966077754607659 0.0758968835023027 0.0639991635410122 0.149862365741789 0.170070890776278 0.192536100297063 0.082181355922367 0.078750878697884 0.0502588396953149 -0.0343055511666789
-9999 -9999 -9999 -9999 -9999 -9999 -9999 -9999 -9999 -9999 -9999 -9999 -0.00508058532230708 0.0240718424481266 0.0813951923790102 -0.0164295078809707 -0.0707017890575466 -0.258190543548782 -0.112274482215301 -0.144313520406616 -0.136434228290382 -0.0889559647392215 -0.0380385268105604 -0.10513676793316 -0.107593976058603 -0.111194887657162 -0.0514487664255596 -0.0898804324673791 -0.0756572551831891 -0.0683542344120021 -0.10170376503737 -0.103057856927086 -0.0932713848246804 -0.0588556890128433 -0.104525730129241 0.0161858604699053 0.0935500272119225 0.214321423178787 0.223459776155059 0.118594947387494 0.0531702165524381 0.0706927218656818 0.141667546001273 0.195977893191501 0.101017737410065 -0.0242311203884434 -0.0064590242037308 -0.0487669971435112
-9999 -9999 -9999 -9999 -9999 -9999 -9999 -9999 -9999 -9999 -9999 -9999 0.047535790595994 -0.00142096917811726 0.0445988154684675 -0.0446715959336845 -0.0825073785242704 -0.0762882564844554 -0.206956653495099 -0.0995894549209926 -0.0834490321852019 -0.118864527534099 -0.126540496090878 -0.0844570336051771 -0.181095030380659 -0.130412539644402 -0.0981928669183724 -0.109000023526167 -0.0883538630873453 -0.0793635174102116 -0.103767660946194 -0.127979947631569 -0.27466470723818 -0.230278306131603 0.026109331924977 -0.0279655547752169 0.0247607685871014 0.13712540449001 0.192684252475576 0.230025745177654 0.15897288844 0.104212794278761 0.158394649860211 0.163866627162348 0.171763768145261 0.0518421977380065 -0.0329070358808397 -0.0232305198967212
-9999 -9999 -9999 -9999 -9999 -9999 -9999 -9999 -9999 -9999 -9999 -9999 0.0771579057433877 0.0477557044945877 0.0180993361946667 -0.0528061197239707 -0.0200431995423463 -0.0714115566083909 -0.0955270545486082 -0.103943142105869 -0.0428692388055763 -0.110069171683593 -0.142622665232823 -0.124463338896818 -0.0710488903188752 -0.147493938590873 -0.10638197177591 -0.125991342780025 -0.0903800649665389 -0.103362247488251 -0.135713251385184 -0.208571171291254 -0.197870287734796 -0.149135153996163 0.0465890116244667 0.126988415707111 0.051708229539085 0.069297590842087 0.114716548313309 0.196243193220036 0.154511409535012 0.146995790301202 0.124262537113797 0.112681516977681 0.141316397959628 0.0147002495247847 0.00237125142706116 0.0101257843506438
