data/rasters/s4.06.07.cu.3_xyz_08_.asc
NCOLS 100 
NROWS 100 
XLLCORNER -4 
YLLCORNER -4 
CELLSIZE 0.08 
NODATA_value -9999 
[rows 21 to 41 of 100, columns 48 to 95 of 100]
-0.0223188574331524 -0.104980517230742 -0.127590200331915 -0.0911553656382103 -0.0291031230786415 -0.027583303187892 -0.0153239003285533 -0.0845881221011239 -0.110086105195585 -0.16946940631659 -0.324351799119367 -0.337299430536604 -0.472547381538251 -0.497104827690818 -0.440501725943092 -0.472406350559813 -0.420360777075229 -0.3578601163614 -0.324667475859504 -0.25881194927682 -0.184320309885627 -0.118087623170957 0.00515953747798458 0.0969717295948203 0.128238005368548 0.207773432214249 0.294424456216249 0.218810277854515 0.195730909038508 -9999 -9999 -9999 -9999 -9999 -9999 -9999 -9999 -9999 -9999 -9999 -9999 -9999 -9999 -9999 -9999 -9999 -9999 -9999
0.0601472589110765 0.00488259710246634 -0.0283272849441534 -0.0835679555581423 -0.0468250904949616 0.0099837228345493 0.0876857916545436 -0.0352427906625881 -0.151049836905611 -0.127310140769006 -0.259767499194276 -0.365904885320763 -0.502948909564293 -0.443111999963521 -0.51493588365662 -0.530359976478807 -0.374507087224904 -0.302295236615296 -0.243933160089894 -0.147299750379037 -0.0929268452474121 -0.00111111325643009 0.0782327107114771 0.100264099102535 0.226440985061663 0.319901937655765 0.285550978794436 0.221222792090636 0.118045007925718 -0.00301468859139651 -9999 -9999 -9999 -9999 -9999 -9999 -9999 -9999 -9999 -9999 -9999 -9999 -9999 -9999 -9999 -9999 -9999 -9999
0.224361081370663 0.149052325671312 0.0037809741255819 -0.00553060649419446 -0.0200809376534413 0.0530943938100479 0.0256874663123928 0.0420861765442237 -0.0217679710773826 0.0322374076101646 -0.0746151145360864 -0.36262422257982 -0.460283126700564 -0.491728049238971 -0.469714352938451 -0.47837781119897 -0.394094990470488 -0.23563473803944 -0.210060667972213 -0.021889400096264 0.0421721607177817 0.133176476334954 0.0569348771553811 -0.0452751388312708 0.165731672954965 0.181427875203189 0.25639511064083 0.173213148198011 0.0987345346852908 0.0648324239525848 0.141420893773342 -9999 -9999 -9999 -9999 -9999 -9999 -9999 -9999 -9999 -9999 -9999 -9999 -9999 -9999 -9999 -9999 -9999
0.305257089953542 0.056978964024874 0.0293408896709329 0.100337767385594 0.120882785465854 0.131989681676197 0.115401194215541 0.10949148098503 0.00935975343825863 -0.0645714622605224 -0.0724392654307573 -0.170455255353075 -0.427802540176971 -0.411830680673504 -0.38202818055122 -0.333581638451064 -0.280881094423223 -0.155336868358183 -0.10818941354048 -0.0154697403108957 0.0400333612900517 0.0869660577242843 0.103910057551488 0.138564373847711 0.10931787657092 0.136000477458772 0.0656562925330157 0.0874168182527363 0.0715380269296431 0.0599835360430282 -0.0615656371872122 -9999 -9999 -9999 -9999 -9999 -9999 -9999 -9999 -9999 -9999 -9999 -9999 -9999 -9999 -9999 -9999 -9999
0.192214347284374 0.0868493379475071 0.0683542780972196 0.0921600525216172 0.199097560270527 0.219819142218858 0.253086141040421 0.351159537059551 0.0837326661115868 0.171759240972761 -0.0449646954693225 -0.23167387092605 -0.295912379932015 -0.112456198182922 -0.227887796224228 -0.253119449369636 -0.0635446387077492 -0.100228012059284 -0.0317648412565576 0.020211817149284 0.0705413224237925 0.0163601758139038 0.132932856097844 0.0252829591820502 -0.0603149955853453 0.107804760742425 0.0967176823861808 0.036808016119297 0.0726261781361888 -0.0638873885934038 -0.110942046021015 0.0299982758951258 -9999 -9999 -9999 -9999 -9999 -9999 -9999 -9999 -9999 -9999 -9999 -9999 -9999 -9999 -9999 -9999
0.206259798668406 0.194452036740607 0.158360481609224 0.233371274571202 0.225464964023662 0.276781136356781 0.222589723788867 0.240032240790233 0.257480472038046 0.0831130875584962 -0.0344079187244847 -0.182348514615311 -0.181150279389995 -0.161374174120062 -0.127546669314463 -0.0095728593363109 0.0293518341364557 0.0107751310199957 0.1394378710226 0.10665016179706 -0.0961242426225485 0.037767729959657 0.0265987353694909 -0.0262571315751232 -0.0842904395957808 -0.0364153522390043 0.0169828513886568 -0.00104935701322254 0.00335934703895667 -0.0760760138244597 -0.06045585427909 -0.0396810741002734 -0.0196778542686428 -9999 -9999 -9999 -9999 -9999 -9999 -9999 -9999 -9999 -9999 -9999 -9999 -9999 -9999 -9999
0.284361070949451 0.269952681188153 0.20969464958806 0.366279134329458 0.298589050331251 0.173945226065195 0.229392047624927 0.166275688628572 0.197896476634549 0.111129560420697 -0.0545719937557782 -0.13857042249808 0.0289007757368392 0.0848398332924693 0.223206253169022 0.206205162390461 0.121923220982302 0.127503355049414 0.214614504744856 0.143669757724021 0.0754418151685813 -0.0275433419395523 -0.072579740485334 -0.113094441250641 -0.049553199257099 -0.0291472621547647 -0.100861604355966 -0.116930785877458 -0.10966878868448 -0.00567537354681494 -0.0126233619757654 -0.0207768494980309 -0.0203098028837921 0.00243232127957891 -9999 -9999 -9999 -9999 -9999 -9999 -9999 -9999 -9999 -9999 -9999 -9999 -9999 -9999
0.185105457866726 0.280996944071939 0.306742348059309 0.328526462824807 0.295474197387419 0.268812994785493 0.241783108105306 0.14838215700536 0.00601183269857318 0.0237540550850339 0.0301065713944619 0.00277906911149626 0.226108124270575 0.15490978054224 0.30151130551032 0.320839629186879 0.284482426069016 0.340937252933428 0.254058188368866 0.151456471597801 0.0307069224442634 -0.108651247196859 -0.146692962272591 -0.100419524003308 -0.0860473974509078 -0.148187013084697 -0.117819338866564 -0.154961603133267 -0.115009756935736 -0.0466180406875742 -0.00392188072509124 -0.00709315338630481 -0.0243059191880532 0.00593440883976229 0.0117356836300905 -9999 -9999 -9999 -9999 -9999 -9999 -9999 -9999 -9999 -9999 -9999 -9999 -9999
0.159965194509087 0.290954627413036 0.361158778666597 0.337777563008184 0.432563337387844 0.345922272622417 0.152007440135937 0.133399673070273 -0.0121803345170391 0.041979533971539 0.0124931609988544 0.269695762218685 0.198620929468845 0.217956836114684 0.213628512290145 0.241072003281915 0.247029698541028 0.706953333753265 0.260110807129951 0.0893424715332523 -0.024019327505387 -0.154193571757638 -0.17955906640732 -0.230640251807617 -0.235426078150183 -0.192802036227622 -0.174599675189358 -0.155985877431725 -0.116209229185803 0.00783595016527655 0.0275112375242295 0.0180963029996161 -0.00385902231362323 -0.0605716740172606 -0.00900243344203308 -9999 -9999 -9999 -9999 -9999 -9999 -9999 -9999 -9999 -9999 -9999 -9999 -9999
0.277367682293197 0.311377585654107 0.410910934681208 0.395287919173024 0.33653155694763 0.229650164504572 0.129878830476557 0.199845563704802 0.0826539068623131 0.0414546705302669 0.143757458296023 0.489060309791971 0.148835362436794 0.145499487696355 0.207017955267007 0.161357920571359 0.259095251426549 0.458403032199139 0.0227923541696238 0.0893053541001146 0.137406600960632 -0.0988171449203482 -0.028551073254057 -0.243855433214109 -0.267231662904677 -0.213302568473451 -0.208722697319547 -0.130662140399452 -0.0631347083200743 0.0620637265162621 -0.000717297377320342 -0.0178455520277338 -0.00861760690192498 0.00975064493379339 0.0811646679937285 0.0800541778961337 -9999 -9999 -9999 -9999 -9999 -9999 -9999 -9999 -9999 -9999 -9999 -9999
0.322606111795322 0.323254558749997 0.381536813206472 0.391650466390672 0.435640396690137 0.363378886249715 0.298575936522487 0.240391433006972 0.188053067451837 0.244128231259563 0.182582187116539 0.168627532790452 0.151707920527039 0.261636360917631 0.226186953324287 0.323284825477835 0.358782606380296 0.344276048481396 0.36459025378834 0.169305964809654 0.255220652779519 0.195806294881738 -0.144272453116982 -0.2531272168993 -0.247931293612261 -0.217562877300971 -0.181582006116055 -0.123964092155453 -0.135750896980399 -0.00528690757247783 -0.0120751830855028 0.00526525817282381 0.355080352855679 0.0394817472166983 0.0710867893844339 0.0468061711098099 -9999 -9999 -9999 -9999 -9999 -9999 -9999 -9999 -9999 -9999 -9999 -9999
0.326082011426733 0.316212911100677 0.393515608286105 0.369631649782796 0.439306648333016 0.528624011325672 0.466631371755484 0.349923533039564 0.344577726642894 0.302314232830106 0.270103232893041 0.318377085410705 0.299375372826163 0.316703942860731 0.356233000710139 0.422994811744794 0.47048029440978 0.206142990107042 0.282712114223039 0.212384341164432 0.178533213482266 -0.0167386450952767 -0.211260296142784 -0.251542927270702 -0.229616396315313 -0.259646258211308 -0.304444203023359 -0.112509855117519 -0.0993979974464635 -0.14043976578605 0.142462946689489 0.242762403351666 0.28482670251516 0.042329811209517 0.0930074306743095 -0.0465447812723405 -0.081526604425724 -9999 -9999 -9999 -9999 -9999 -9999 -9999 -9999 -9999 -9999 -9999
0.402525791812244 0.355136862209923 0.444284821017515 0.530714446081186 0.510674304895812 0.490721121835858 0.487452170266189 0.456953892386385 0.300695522056338 0.338425088718337 0.304740230487663 0.332585372090126 0.306960974097829 0.359188457409905 0.407099989611171 0.405713031752507 0.444358581044179 -9999 0.295097778567878 0.141860710621084 0.0567213923607447 -0.0550955683378688 -0.17762569737886 -0.14462789407715 -0.17107567747 -0.202290847845181 -0.160370328746675 -0.083557312616534 -0.106315680616077 -0.18181527596985 0.0310321325651693 0.121522914811659 0.311963235355363 0.347847125995657 0.0975013517915169 0.061105366021789 0.0071651534962928 -9999 -9999 -9999 -9999 -9999 -9999 -9999 -9999 -9999 -9999 -9999
0.377225755994331 0.446713764799731 0.481662237333927 0.483469808036568 0.501148449285169 0.468904782834385 0.451262265749053 0.362396945974611 0.329425249971001 0.366091612361247 0.285359682381228 0.34610056940896 0.302510351719024 0.352057027976692 0.317247661387434 0.3824930124372 -9999 -9999 0.21585076855666 0.0925210840482481 0.0168105136520698 -0.0515137382611942 -0.0483189966096491 -0.11371976405126 -0.201600795491319 -0.141655123271229 -0.114147344787757 -0.0112674379344017 -0.0852766346275758 -0.168757547905866 -0.0731404885517866 0.019288425267993 0.209086049915247 0.289727371695282 0.0312653289288916 0.0945069324270492 0.0276708197624534 0.0526937406653909 -9999 -9999 -9999 -9999 -9999 -9999 -9999 -9999 -9999 -9999
0.358747268802492 0.444480177205757 0.472003932464571 0.525429855822456 0.506479689688205 0.505996272443697 0.473680504977036 0.40441904337906 0.295724276090729 0.425698668391907 0.218197601692899 0.343876496113244 0.265325547431467 0.23047380592955 0.214001906005419 -9999 -9999 -9999 0.220130199681291 0.177472409900354 0.0604399104646481 0.0331920716993141 0.0393755035785549 0.000210506310076944 -0.0563018578499848 -0.0379100867571298 0.0182833450907781 0.0272611431072 -0.104224181514114 -0.147756219285811 -0.0484241662604346 0.156665149601187 0.1978940472956 0.137366421455299 0.0420153314706434 0.0127452129491456 0.0398426671317782 -0.0791452037417553 -9999 -9999 -9999 -9999 -9999 -9999 -9999 -9999 -9999 -9999
0.277077323003016 0.464934131738317 0.494204768710673 0.476895339128252 0.412664711080001 0.441702430661752 0.420907090686691 0.523993823557595 0.32868265706975 0.386667512668485 0.269110605845018 0.249805530012287 0.193253272274645 0.0700746286467702 0.0860915933606628 -9999 -9999 0.0995389195646676 0.108444988570867 0.175122506560958 0.0464992306870309 0.066205177573748 0.148962631216239 0.0974236955635889 -0.0142222127102287 0.0224894516126999 0.027286341445782 -0.0141157765304531 -0.139964984293706 -0.154194209361519 -0.0677592182181793 0.160928143612563 0.261535332287655 0.148054890727467 0.0530618197616017 0.0373891708399135 0.215355133580064 -0.125025248043906 -0.142111560068341 -9999 -9999 -9999 -9999 -9999 -9999 -9999 -9999 -9999
0.108263461340002 0.45339597844869 0.401045169536056 0.43657674903549 0.307023614783781 0.29624622448771 0.372789658823202 0.462781649247425 0.318302056740468 0.252521783711016 0.21765575492329 0.221193566624638 0.102531133931657 0.00230974681987243 -0.0133189834165023 -9999 -0.00995747994465026 0.0361814241758225 0.0786989485476909 -9999 0.0596042158734571 0.065975084798676 0.0457093159975229 -0.0378939398675789 -0.0992841450774821 -0.117866008671008 -0.00300855808001562 -0.0416322269112046 -0.159762613315142 -0.127362150536282 0.0603057547068141 0.186285962410865 0.220046993123468 0.0332449641763521 -0.0220127347377598 -0.0091097348939176 -0.0754436269482317 -0.0320376979067108 -9999 -9999 -9999 -9999 -9999 -9999 -9999 -9999 -9999 -9999
0.325780813051246 0.257943540638697 0.274129533430895 0.311258666495728 0.233761903512194 0.286933171968738 0.313165123977945 0.275633093547716 0.26066465368018 0.20144223183321 0.112601442142777 0.0805298652389478 1.34599212000738e-05 -0.0779196291945012 -0.0875661643586688 -0.12189032302188 -0.0638044402145267 -0.0659366927579516 -0.0582427670259111 -0.0605126195897828 -0.0429831250015965 -0.0067994566275292 -0.0517893140884364 -0.166621209218806 -0.186321986848034 -0.247089189978082 -0.318056994605911 -0.0775564591753734 -0.168588304076095 -0.068191404937468 0.0966548314649383 0.0454149899368208 0.0951801797618127 0.049951866590806 -0.0550046130957993 -0.109337259916266 -0.0842434528486885 -0.13329976595399 -0.0828632711430784 -9999 -9999 -9999 -9999 -9999 -9999 -9999 -9999 -9999
0.284213244322303 0.231571802219608 0.247932275823193 0.225845636263433 0.293991810504378 0.238601620469037 0.175237441873874 0.230889344459269 0.250827047117376 0.21604344787503 0.130815178636358 0.0529166646162925 -0.0512245102630123 -0.0997753111433579 -0.105819896078075 -0.137375244709372 -0.159885969946831 -0.142593178154502 -0.110370777757264 -0.101742825749873 -0.0768729153262154 -0.0535125954912737 -0.184043803987022 -0.223050139406273 -0.286531551688298 -0.31487321982265 -0.323104114469362 -0.299672452385018 -0.168566822320591 -0.0710360224303674 -0.0576607994359722 0.0327853791972282 -0.0275643199378807 -0.0689262117260075 -0.214181259039264 -0.131535309458723 -0.0709309045297348 -0.129357099733171 -0.151322411697052 -0.164950627050644 -9999 -9999 -9999 -9999 -9999 -9999 -9999 -9999
0.307663016404093 0.245922512367274 0.260327819541404 0.229291271395007 0.161900904711029 0.235739061037662 0.143815144986798 0.245501420731572 0.346389046728754 0.317340446835574 0.00286799313555876 0.0977238834098576 0.263774884365093 -0.118350295810395 -0.200773582597765 -0.178749571224527 -0.177204211255975 -0.154475788658292 -0.18556583304439 -0.155556404826536 -0.113655631259967 -0.193164274252532 -0.247889410231283 -0.312591778320958 -0.35605784490932 -0.417152826029214 -0.343994223809206 -0.229896151811882 -0.0974911425051863 -0.141554415497481 -0.106244843764701 -0.0888541939730556 -0.10014206184092 -0.105781907494956 -0.131302425355164 -0.0838471130398349 -0.0443987498590545 -0.108429062507565 -0.192633519566251 -0.195826950239497 -9999 -9999 -9999 -9999 -9999 -9999 -9999 -9999
0.357341958251185 0.279002079968667 0.251236292881755 0.256187106582828 0.267743293707941 0.236502679617491 0.270488508351535 0.335401102872781 0.290253589215145 0.278245047005675 0.346705933537479 0.136220438360153 0.318511846089037 -0.264065675643363 -0.275343089316259 -9999 -0.270517162529336 -0.249928369720772 -0.215061404988629 -0.233719522703636 -0.247699746963048 -0.26719807855256 -0.308582916876028 -0.38372326854863 -0.436209723599537 -0.422131098298447 -0.385068779346198 -0.307403499433837 -0.304929928597017 -0.224112025830114 -0.233126109110349 -0.185909942967216 -0.083634704854085 -0.133653116452996 -0.0524641547301286 0.0261807215740015 -0.0720264268102501 -0.153446990397777 -0.156000025912913 -0.248874655112427 -9999 -9999 -9999 -9999 -9999 -9999 -9999 -9999
