data/rasters/s4.06.07.li.3_xyz_08_.asc
NCOLS 100 
NROWS 100 
XLLCORNER -4 
YLLCORNER -4 
CELLSIZE 0.08 
NODATA_value -9999 
[rows 42 to 62 of 100, columns 47 to 93 of 100]
-0.0817223899139836 0.0220082029089051 0.086626636670427 -0.0676143825349332 -0.106887688100729 0.00693115639933781 0.0143600075101497 -0.021073549910895 -0.0383669632843271 -0.0607216742762492 -0.0377192224540535 0.014246000905804 0.0398646085061637 0.0386527413181227 0.0389577619978931 0.136852099560771 0.111227892263938 -0.045798605267264 -0.134828661031191 -0.148051330028525 -0.0769417506678272 0.497583435766115 0.294863568277261 -0.213292737003839 -0.211221548907516 -0.190402554073649 -0.158243755611535 -0.131167413583722 0.130372043617354 0.0779497196874317 0.173557394605875 0.0738913013968428 0.0990977592914297 -0.0594681905067692 0.0495595967545473 0.0246877112856111 0.00193786119691528 0.175593741673113 0.056044921540948 0.0920003571276199 -0.0117697143882391 -9999 -9999 -9999 -9999 -9999 -9999
-0.122009382597789 -0.059943431290113 0.0389798071233006 0.0644301499612184 -0.16477312861126 -0.119505013908476 -0.0181398642451046 -0.0196954811500746 -0.087731863495509 -0.0743590258076552 -0.0928164000202912 -0.106489786287905 0.0612905739032399 0.142906100675953 0.0868327294472015 0.0507973555881634 -0.00663587441911424 -0.0397701179965711 -0.193916020621921 -0.316350316646614 -0.18178716673043 -0.0729936564014392 0.330394278483764 -0.102994047396367 -0.18573232589507 -0.212589064313968 -0.067761789137814 -0.154180523597046 0.122508061721861 -0.101023174229497 0.188239152274138 0.144865855808616 0.0010594494033157 0.101979682552829 -0.00865192525924778 -0.0184532465479667 -0.0339546162888148 0.154629295187015 -0.0108321028828931 -0.0917407673131875 0.00879421526500152 -9999 -9999 -9999 -9999 -9999 -9999
-0.0369668431478821 -0.0461110597207175 -0.0556144649717849 0.0221850140817846 -0.00399574918384103 -0.0177414524111127 -0.0188337555648018 -0.0246663065225928 -0.151390652420998 -0.172592312057091 -0.0523390389063591 -0.0994983620650002 0.0273450484216547 0.19500093522438 0.149642016251556 0.100249412565549 -0.016448739995957 -0.167490528379229 -0.190363157714405 -9999 -9999 -0.133829525483363 0.0666835497941276 -0.148375704752644 -0.0998123595916987 -0.243341847731223 -0.0675537032056807 -0.0919699497366322 -0.151405400370497 -0.110869776075867 0.107801403603792 0.154834156317725 0.0790583582829859 0.033931389180281 0.0986901010384435 0.0689865908728652 0.102807642210154 0.242431771908565 0.188074304634762 -0.0453341693499996 -0.0466384402783182 -9999 -9999 -9999 -9999 -9999 -9999
-0.0109089336963193 -0.0833971594038917 0.0791068838093258 -0.0101727918020095 0.0322034765962401 0.0402074684340411 -0.0460784736435684 -0.0889857141748914 -0.203587871072008 -0.160932320725812 -0.10444805883998 -0.129911300145817 0.0348686354674302 0.141848466237649 0.180696093966738 0.27148311114525 -0.0118064267798712 0.0260371998631805 -0.00682967926316529 -0.0533944374429761 0.0278262060575389 -0.199224273788122 -0.145940214049153 -0.171015475475773 -0.0406548991628881 -0.0061388284299308 0.0326674522675865 -0.0687441900020609 -0.110126995627622 -0.155528084026843 0.0283385186777772 0.106726099450867 0.0555801957180607 0.0269314566925673 0.0606853075564054 -0.0477410868136067 -0.0155046849259483 0.125410411176651 0.0442641496161635 -0.0674076147482831 -0.0471498326555387 -0.037032509110752 -9999 -9999 -9999 -9999 -9999
-0.0379675825384591 -0.060810494416644 -0.0494838344144221 -0.0148910212844667 0.0195754269746842 -0.000303853088783018 -0.0888889951129361 -0.127748190631277 -0.222642988627778 -0.330352223985161 -9999 -0.179007569082172 -0.0451946695949431 -0.00517037235190759 0.0917049181007789 0.223399276887413 0.151659008002632 -0.0942960995652331 -0.0130669970896692 -0.0375769188891065 -0.105744555790863 -0.142966366327468 -0.204141125493953 -0.0703521195257789 -0.0106896977878681 -0.122824039248268 0.0679466221873675 0.0237616021385898 -0.110117524435751 -0.0602677661688107 -0.10720464135436 0.0170649889229957 0.068938399729633 0.0255950241944976 0.051544462973842 0.0033931799977674 0.0111326308136445 0.118148624162064 -0.0340880996432487 0.0277492620066102 -0.0123085554391268 -0.0062437502834998 -9999 -9999 -9999 -9999 -9999
-0.0727927739272675 0.0115389460507723 -0.0213531231860236 0.00758071149339226 -0.00758654878150959 -0.0320335526484538 -0.0721377513572716 -0.0773299471850341 -0.261652586713962 -0.148700884644047 -0.128446183648238 -0.124022266763318 -0.0511733608978347 0.0329547617742885 0.0691143443130481 0.0671199638537006 0.0250335856458717 -0.0155028345761132 -0.161283359290952 -0.133763711851396 -0.133506911282643 -0.142288913303418 -0.197024517199453 0.01889177844403 -0.00748638138542238 0.0756868542356624 0.0297440849390993 0.0450351295902297 -0.030530922622034 0.00305577425498498 -0.031259189021628 -0.101049753057779 -0.169752920377054 -0.00949132724708168 -0.1049559814186 -0.0401455055598111 -0.0920956833976918 0.0123433339790847 0.0306281126243171 -0.0983222707316838 0.00630801583514696 0.0666932358202578 -9999 -9999 -9999 -9999 -9999
0.020035789085452 -0.0663013409390284 0.0481881178507562 -0.0419387408622185 -0.0357059376398376 -0.0398413787847949 -0.0928861487698619 -0.0555088167046631 -0.209942139242215 -0.301885365314588 -0.142123615353179 -0.119203960564691 -0.0194811180445413 -0.0441539466411534 0.051853110928198 0.103456128231273 -0.00720697804659458 -0.0908609322347482 -0.0876958121068792 -0.126916733011645 -0.0442742498833342 -0.194035796928949 -0.144730030887258 0.00776285295106518 0.0729501458177835 0.059770930610785 0.0222254320422972 0.0057429065778023 -0.0745801090265806 -0.0572305810792789 -0.0482303347512148 -0.0470341652404768 -0.193318950751804 -0.0244695809877698 -0.00687456512536828 0.0967926667590951 0.170300437131096 0.0419591075162871 0.021221916234763 0.00743587576921828 0.0766180502817002 0.0393138027859678 -9999 -9999 -9999 -9999 -9999
-0.0183760674978002 -0.0494696712420147 -0.0211244461543684 0.0634865943494691 -0.00477493173915855 0.0169621769587288 -0.0565591005093108 -0.102016732869661 -0.189362152524477 -0.140178401334675 -0.126864800667293 -0.427907765313411 -0.318578176938813 0.0031382442229265 -0.043991779502839 0.083285490450601 0.0299439704196836 0.0293553383796569 -0.0950635661370073 -0.0338533095623484 -0.0794281343987728 -0.0880248094411403 -0.0677317311693126 -0.0768826882060132 -0.254524804061773 0.110085617593188 0.0409743968013116 0.0660309500509958 0.0631971576537863 -0.0457240136220074 -0.0225856726201037 0.0201419636025976 -0.070732923766324 0.068330838805723 0.000525011719396621 0.0655096152605063 0.145226480142194 0.0220526172987421 0.0265874320794673 0.0591643152445469 -0.0654522140042344 0.0307971559082831 -9999 -9999 -9999 -9999 -9999
-0.0199778933008456 0.015714279254383 -0.0272007612315523 0.0567254984728327 -0.0645628641938021 -0.0534894856996227 0.0080023034865472 -0.0240944392047762 -0.132356621894388 -0.0443244709181952 -0.0108059396508159 -0.0523528263236981 -0.0388274346250147 -0.041769087010531 -0.0414902523493623 -0.00903803685297676 0.0254902402544962 0.087615648746058 -0.0905849621971328 -0.0416377862573599 -0.00851266986540954 -0.153327192236829 -0.115679970224107 0.00484012536985781 0.0205276228872369 0.124400789068905 0.0707227079963463 -0.0140814943417039 0.0405147190751397 0.0441010589601063 -0.0136294473614129 -0.0191081430150989 -0.153921848257925 0.0515566541134625 0.0718723596861387 0.0770833515222504 0.157725889425908 0.0313046907721715 0.0418415198583165 -0.0314049919251623 -0.00257138173747109 -0.165694937296008 -9999 -9999 -9999 -9999 -9999
0.134502720651887 -0.0146417025613444 -0.0133473484161999 -0.0095778398848806 -0.0399932303790181 -0.12445746195074 -0.127383404272297 -0.0496455541135772 -0.00683302515713567 -0.164515852962048 0.0586880466325318 0.0375524452761549 0.0123080651328838 -0.0630179891822802 -0.0257879060745648 -0.0575700761849979 -0.0768919219821646 0.123340977044934 0.0263181341492177 -0.188773542714232 -0.0308709940725819 -0.0720637994843407 -0.087491054671026 0.0264100497126684 -0.0182014804795819 -0.00650671541776706 0.00421771348030132 -0.0876503745903731 -0.023361524857109 0.00504267304985703 0.102522381548819 0.0266668805987249 0.140235796380628 0.0536705252334864 0.057311042558558 0.0655606235758709 0.0421481489603968 0.136123109279997 0.117010488231024 0.0606741766082244 -0.0586051436621699 -0.199403984038831 -9999 -9999 -9999 -9999 -9999
0.0877795072392151 0.177820080229367 0.0942274218444027 0.080009014331955 0.0109879640510247 -0.073139421508753 -0.0962032699265799 -0.245293457363225 0.0308089553968774 0.00652258081305543 -0.048791505316073 0.177050224621754 0.0149996294631092 -0.048945257005259 0.0731153978877677 -0.0466783054902793 -0.102813568321738 -0.0247941137714983 0.0706583992461051 0.0648912930799378 0.0956974818704398 -0.241096046624846 -0.214893236626245 -0.0376927727345506 -0.0339920845996556 -0.0141105258034508 -0.0158979406019766 -0.00550898201978285 0.225851671682772 0.104675923346738 0.0583842015908447 0.104001910891003 -0.0914872349733678 -0.0237203859358354 0.358789093683435 0.0194636483186758 0.100898805504836 0.165320218214626 0.216449495436467 0.130904033285495 0.0278772080195626 0.0794589181035788 -9999 -9999 -9999 -9999 -9999
-0.0448025245131231 0.166959515769725 0.108704699297401 0.0537257952462079 0.0124009211614662 -0.0760752214375622 0.00415270576917494 -0.0735020341915774 -0.183558580356745 0.0922346162672191 -0.0581733373753423 -0.0307074588902087 0.0302115648705546 -0.00342968829411009 0.205313709843974 0.077862677749868 0.0881271098494369 0.0630057346314918 0.00642509058252171 0.0496897574528502 -9999 0.0844811472648018 -0.1421626832503 -0.0397946880736777 -0.0381050931153218 -0.0436128048034724 0.0303027833264879 0.0554238971009705 -9999 0.120542205157687 0.164246858342908 -0.00442076259408819 0.104045723561176 0.089635200524157 0.160315784626199 0.0128189083452898 0.0696234683629632 0.119698017996528 0.157506919465644 0.18912578402175 0.0129175364644769 -0.212143793848884 -9999 -9999 -9999 -9999 -9999
-0.164813792886071 0.141695229584319 0.100750098779578 0.0345242566217961 0.0146128983693075 -0.0308042123987157 0.0424601970514265 0.0717138210800313 -0.134120312249461 -0.174732096808647 0.0321711394924407 -0.0329357947371693 -0.0441301060931303 0.269957183801134 0.301285777694128 0.0189709618445459 0.262073523514361 0.0722210484906992 0.0307039544198208 0.0162225672929682 0.0136424042812378 0.0795402386662055 -0.0347577705270997 -0.0158727750346092 -0.0777346796715315 -0.0619382970049817 -0.0965658020848453 0.0829352470874937 -0.00561264022930301 0.112285016920958 0.0869839264227111 0.239564429841093 0.185520884775194 0.171251320876301 0.247109343287668 0.182334770396026 0.178547967310151 0.196816214919797 0.107918514771164 0.224775942726485 0.0817434081641923 0.0257675876620887 -9999 -9999 -9999 -9999 -9999
0.100515640269675 0.00285718513973134 -0.00657012397468587 -0.158788775190857 0.0632592523134821 -0.018330819173064 0.0459133000940525 -0.264487191064941 0.0641996795204919 -0.113784477347886 0.114511308751855 0.0250377976391593 -0.0735190307548735 5.19115616727732e-05 0.109962302942906 0.0141116224754229 0.0828107420455129 0.0320692807054041 0.0900491510732408 -0.0313946086867839 -0.0615184900434138 -0.0582644061875434 -0.0429598402092278 -0.0440776171904365 -0.193463245920675 -0.0676016002857029 -0.182825789864011 -0.120330616937208 0.0698220387600151 -0.0108752071249325 0.161141342789011 0.107067868101965 0.12415677428121 0.0144178080622869 0.125740819825847 0.16963150688349 0.259073145224685 0.24125238304453 0.189059153606988 0.0383958493771535 0.1380540930944 -9999 -9999 -9999 -9999 -9999 -9999
0.191571918521208 0.0626971880008327 -0.0755010185099131 -0.214004366766795 -0.0956642305970776 -0.0109431270084669 -0.00724292816704201 -0.337715861820247 0.00137274977846849 0.0304616597167971 -0.0783642095149719 0.117121433878112 0.028035295682038 -0.0980432989181383 0.101890239747287 0.0765206715910465 0.0764323314243379 0.0161857460673597 0.0267856733300145 -0.048173606474695 -0.0683869444621743 -0.136162988898876 -0.0667548071620183 -0.0701288624280553 -0.0256494843470795 -0.147885956284451 -0.0317161010145482 -0.192027178513235 0.0624275620203153 -0.0130886588981583 0.101400464964928 0.112926049682562 0.16304653023518 0.120071355535905 0.156896834713604 0.206585244420076 0.196434684605182 0.175135256597123 0.221610747275405 -0.058324003890742 -0.0693763217270667 -9999 -9999 -9999 -9999 -9999 -9999
0.121715458208982 0.117291483119833 -0.00887452021827993 -0.183526994763626 -0.291337945092259 -0.070690066531243 -0.0278087052290729 0.0492522002385385 0.0808511297587998 -0.00103087100175614 -0.0550053533296797 -0.0639618675909856 0.0871429120822211 -0.0342619841174513 0.0948439385279552 0.0379207418952381 0.0648031604398435 0.170696248116881 0.0371380843896153 -0.0853592318025797 -0.141496318439786 -0.0264217387610158 -0.0334762908164095 -0.119038667153709 -0.176230594928325 -0.129982398135932 -0.126497964365191 -0.0690845963529065 -0.01474315384971 0.099413774936204 -0.0748394927945988 0.0521148554254296 0.0554595930121187 0.0707759074737001 0.110486145561575 0.224608115895638 0.206852787608292 0.192456575234255 0.0126173295432069 0.00173161523403316 -0.135574262793283 -9999 -9999 -9999 -9999 -9999 -9999
0.0131274373043927 -0.0213598814357859 0.000647082264780876 0.0312385307249159 0.0270609497390308 -0.0790514775542692 -0.0960978733193302 0.0354090193104192 0.00793099812674401 0.00682610556353911 0.0556392584143371 -0.0945105303120951 0.126876891629934 -0.0411347430637348 0.0821852692908705 0.0968368901349049 0.0167899008225138 0.100190657714355 0.0410182913576231 -0.0711794751114419 -0.211833106248159 -0.280588567686352 -0.0229307908705537 -0.0810344574641921 -0.14832854977878 -0.16535625508491 -0.194295692689201 0.0662506330938619 -0.0562880533764817 0.0886276657506419 -0.113516295555004 0.0199036733785112 0.0775898253612792 0.00442509013612203 -0.0660272524873432 0.176291120437326 0.20028465454484 0.173856829599665 -0.0579411625447935 0.0510120440530214 -0.201759999361832 -9999 -9999 -9999 -9999 -9999 -9999
-0.0204946767526278 -0.0973158431874025 0.136302827972744 0.0588361765566407 -0.126427952783029 -0.137243221955 -0.0655407357299492 -0.126326527595878 0.0256563675211964 0.257773390536243 -0.0288744557599749 0.0127730268631273 0.176410668179118 0.164674155960524 0.158613118311299 0.00934219877839378 0.133247377082702 0.284816298304729 0.0779702521051584 0.00397056614820466 -0.110219220772143 -0.105627521840765 -0.0278527325616319 -0.0405475188890455 0.132130501537973 0.00855056299437241 -0.0568217312811632 0.0047836378352144 0.00818011784564238 0.0185870021966099 -0.053691034106025 -0.0108483625630883 0.106904062669464 -0.00680564772967105 -0.0481069939079291 0.21810656866143 0.182754885851428 0.242776075795147 -0.0567778743985277 -0.282546171327508 0.0199712814256241 -9999 -9999 -9999 -9999 -9999 -9999
-0.0323634645823423 -0.111273772067633 -0.00897460609661742 0.0996085680607608 0.0458944843611005 0.0032712513557173 -0.195246804983541 -0.150334124317774 -0.12362800292051 -0.0332051384279557 0.148350710622517 -0.0432918571955719 0.00811893685029782 0.167976498830653 0.0680715841952911 0.266686389105067 0.155242118391969 0.231020866249478 0.186569503931319 -0.0227425280181427 0.0624667780153776 -0.0850439556012404 -0.0278052950597251 -0.0274704052539502 -0.0236216631778486 0.00587248747078728 -0.0108360579543147 0.0328658606871927 0.0364828615912631 0.0272246310082153 0.0016225575733781 -0.0415666465460036 0.0293592787175802 -0.0673660820124285 -0.0376556709733602 0.00274470001696028 0.0334177265491419 0.0212070033951965 -0.0277261516269916 -0.0993602740929635 -0.435500705644227 -9999 -9999 -9999 -9999 -9999 -9999
-0.033671261352323 0.000813457611461754 0.0683168553798204 0.0311308743275188 0.0131767478210668 -0.0473986822732745 -0.285025608472714 -0.24717781361695 -0.113601139082648 -0.0603639038729919 -0.1070283726582 0.0251314821889334 -0.100869878185296 0.155180517569049 -0.000862045310411453 -0.00794971701045573 0.0942304488698183 0.109608977697918 0.12989623192621 -0.0835683140999049 0.00800121447315184 -0.136975621736985 -0.079881188864477 -0.0467729388267052 -0.0535165439364262 0.0392430477574029 0.0572649668446291 -0.0286773761475459 -0.000372855197723964 0.0104604369444878 0.0406935255115328 0.0264243392930422 -0.0992809010733479 -0.140283502552963 -0.0614297136793997 0.0165519571115981 -0.0246738820552637 0.043879396413054 0.0770116803653385 -0.0460973610574794 -9999 -9999 -9999 -9999 -9999 -9999 -9999
-0.0844984539644772 -0.0345768394682221 -9999 -0.0317503639553593 -0.183057864366119 -0.00963747159847989 -0.102246505245184 -0.288148638862881 -0.166040841249034 -0.0629618669315183 -0.0549401856010098 -0.0881745196424845 -0.0133736401096148 -0.0974911993103116 0.0715023014369193 0.0397196388713794 0.00799391535294139 0.0769752251654186 0.01863059658672 0.121821748892596 -0.0448455428585642 -0.0781085736903062 -0.077667038089788 -0.0243339243969252 -0.146444387001672 -0.219325118782819 -0.0425282134862145 -0.040900428282334 -0.114816673851894 -0.034281454503556 -0.0134451357029763 -0.0808024069701807 -0.109642032538712 -0.133681568008172 -0.133696824525715 -0.0624990078272019 0.0913941443839273 0.131899215451697 0.02529260927861 0.0470540586821534 -9999 -9999 -9999 -9999 -9999 -9999 -9999
