data/rasters/s4.06.07.li.4_xyz_08_.asc
NCOLS 100 
NROWS 100 
XLLCORNER -4 
YLLCORNER -4 
CELLSIZE 0.08 
NODATA_value -9999 
[rows 22 to 43 of 100, columns 49 to 97 of 100]
-9999 0.16768840465781 -0.00353813241627946 0.149741072228838 0.163210085847461 -0.0120683593270004 -0.0138730673198629 0.00333020193672433 -9999 0.124753553204269 -0.0297138312580583 0.0217541776907726 -0.026109322586871 -0.0478385125240632 0.216188703789705 0.00735512757936581 -0.024183451187122 -0.105914772517854 -0.121496293356245 0.027741793865473 -0.105919211656146 -0.103934301256678 0.0706905079093774 0.13621470791085 -0.109006007907128 -0.0987138131981971 -9999 -0.14087219513782 -0.106733102268039 -9999 -9999 -9999 -9999 -9999 -9999 -9999 -9999 -9999 -9999 -9999 -9999 -9999 -9999 -9999 -9999 -9999 -9999 -9999 -9999
-0.0788078321021827 -0.0881167431389118 -0.180765637642191 -9999 0.0214033253620944 0.0518108210465961 -0.0480291370325743 -0.0116651346843174 -0.0478488277450978 -0.0406141879607393 0.0859342290138122 0.163739217780065 0.116599127589636 0.00139074327078842 -0.0451045595496308 -0.130600305528657 -0.0945897645412579 -0.0585582824755377 -0.0888915379498058 -0.0902682941308846 0.0340243388844537 -9999 -9999 -0.0836374491439127 -0.135771427477558 -0.136800006780484 -0.222649152748289 -0.0508964081790268 -0.187067456285041 -9999 -9999 -9999 -9999 -9999 -9999 -9999 -9999 -9999 -9999 -9999 -9999 -9999 -9999 -9999 -9999 -9999 -9999 -9999 -9999
-0.0692824166727675 -0.108460621508917 -0.157738862883759 -0.153329715271874 -0.0872280762475949 -0.108562872921654 -0.106399564912202 -0.0267688545255215 0.0165439074967007 -0.0499842172835848 -0.0153602859747936 0.0519862191026141 -0.020767419134927 -9999 -9999 -0.0311169875852202 -0.000156169601825577 0.0476401406350079 0.0333043996737767 0.0182967136229968 -9999 -9999 -0.306319794421482 -0.167429035813066 -0.0882438066971702 -0.194215092322041 -0.208402416515602 -0.134429857466353 -0.319724524965065 -9999 -9999 -9999 -9999 -9999 -9999 -9999 -9999 -9999 -9999 -9999 -9999 -9999 -9999 -9999 -9999 -9999 -9999 -9999 -9999
-0.0665704391543631 -9999 -9999 -0.113402231951597 -9999 -0.0655887613272071 -0.0825245328537354 -0.0615218580812118 -0.0824911360454859 -0.103432023626794 -0.0299956854165983 0.0307365052120807 -9999 -9999 -9999 -0.0109256572911917 0.0283274450520627 0.0312340675896902 0.0761612661622097 0.021201353044243 -9999 0.0390590430100347 -0.150742097110194 -0.123039885392786 -0.199343607912777 -0.176191843851766 -0.127861291413207 -0.0675998581543191 -0.0805936827217876 -9999 -9999 -0.359889147375472 -9999 -9999 -9999 -9999 -9999 -9999 -9999 -9999 -9999 -9999 -9999 -9999 -9999 -9999 -9999 -9999 -9999
-0.103468966260557 -0.123265236668067 -0.220074839737571 -9999 -9999 -9999 0.093465449683035 0.0141930617254466 -0.0461145306483485 -0.0650963103936448 0.0363762393317184 -0.00163404950141569 -9999 -9999 -9999 -9999 -9999 0.0323386112295809 -9999 0.0694690420219478 -0.0588132427228122 0.0451784285134838 0.0300530854115955 -0.169508265468276 -0.240295538212382 -0.226200208393865 -0.152196764828829 -9999 -9999 -9999 -0.343970447669877 -0.355922200466789 -9999 -9999 -9999 -9999 -9999 -9999 -9999 -9999 -9999 -9999 -9999 -9999 -9999 -9999 -9999 -9999 -9999
-0.17226829121951 -0.150996221147508 -0.257121421965541 -9999 -9999 -9999 0.107906199126607 -0.0349446700922569 -0.0171597086061952 -0.0117734373737049 -0.0198309281660152 0.0755790542688844 0.0762685342829948 -9999 -9999 -9999 0.10741206552553 0.087893662394107 0.164518545119325 -0.0996114263722876 -0.110615407256215 -0.165793192476109 -0.197292970005485 -0.135534836828211 -0.258497182235746 -0.195798633008501 -0.18025251402951 -9999 -9999 -9999 -0.282323046599319 -0.292651675753537 -0.348833528972215 -9999 -9999 -9999 -9999 -9999 -9999 -9999 -9999 -9999 -9999 -9999 -9999 -9999 -9999 -9999 -9999
0.123970746310707 0.261027418204302 0.37535962432376 -9999 -9999 0.250597771542596 0.179297362555709 -0.0125124337854014 0.0120878498908955 0.0681830188686857 0.127457234269311 0.0868071571667774 0.151555113274689 0.169379856861149 0.164916361182447 0.104052939189083 0.076302095525683 0.0116035929808883 -0.0487825194424673 -0.158624139008704 -0.165463175387134 -0.10123588075163 -0.255301290623594 -0.16048468438692 -0.218345809928497 -0.164249175831031 -0.137025051350355 -9999 -9999 -9999 -0.2993905185737 -0.290901642231109 -0.328920686527951 -0.392661458238739 -9999 -9999 -9999 -9999 -9999 -9999 -9999 -9999 -9999 -9999 -9999 -9999 -9999 -9999 -9999
-0.00616731583283278 0.0665422418382598 0.162319069022109 0.0872179822321113 0.122617549128981 0.121336998431205 0.0829393133666741 0.0637962339183271 -9999 0.0669468562993267 0.0147414004637073 0.127782452749174 0.165212679149668 0.175610496293248 0.132927345015693 0.0782475479802743 0.0522740247055153 -0.01854882815804 -0.0239478744061976 -0.203545968215585 -0.201657923566203 -0.144884845110185 -0.107781855715861 -0.195935510455284 -0.207177396891516 -0.121581624741267 -0.0781339712409428 -9999 -9999 -0.0776269449041457 -0.069385299151043 -0.300655127508535 -0.263547098426735 -0.40595707865228 -9999 -9999 -9999 -9999 -9999 -9999 -9999 -9999 -9999 -9999 -9999 -9999 -9999 -9999 -9999
-0.212825993283094 -0.167970345368694 -0.165535654633207 -0.0349333026724159 0.0544142723167239 0.116899221983827 0.121066019805505 0.107774539135048 0.13811922159361 0.0240445451803745 -0.0118714544070788 0.0347268082839212 0.136590077831682 0.0851546887709972 0.0967257063394914 0.0790697240263751 0.0930235256351762 -9999 0.0942034371202506 0.12951617976404 0.0669254018886697 -0.112892619807497 -0.0917463720704847 -0.133615958932954 -0.198213485198108 -0.0880533489283071 -0.0528560427081937 -9999 0.0455066910022464 0.0588657490727806 -0.137953295721465 -0.185333460912518 -0.21887362043386 -0.0889847572768737 -0.129030146791985 -9999 -9999 -9999 -9999 -9999 -9999 -9999 -9999 -9999 -9999 -9999 -9999 -9999 -9999
-0.071037310689105 -0.219900676622248 -0.176916531186052 -0.123719231043173 -0.000183662864133245 0.076032735229124 0.198231496048699 0.187671984587834 0.107714669038527 0.0873006012219275 0.00187012799228514 0.0465566150195825 -9999 0.0536656903587041 0.0452317919638593 0.0530483147064528 0.0641413364282898 0.0657923208555336 0.0315687388426132 0.0180750737561446 0.00407884841357632 -0.13288731112284 -0.0877429216815256 -0.0741704915285291 -0.149713520045105 -0.0926342001787538 -0.0393476669300851 -0.10767191941549 -0.0400987935754844 -0.0630088622660803 -0.128564121674574 -0.210198607440855 -0.20236377487751 -0.154378989994137 -0.160968745011131 -0.142018404996852 -9999 -9999 -9999 -9999 -9999 -9999 -9999 -9999 -9999 -9999 -9999 -9999 -9999
-0.0191000797772594 -0.0057210253527267 -0.168024802287466 -0.197161391910121 0.0889020677080123 -0.0157259211021618 0.0634734692811744 0.179271043187324 0.157562108961474 0.0488731979820018 -0.000338499246113625 0.0759382017312737 0.103909350354079 0.147856938405294 0.114762323816441 0.0797046675856123 -0.0258805448200671 -9999 0.0767261452921737 0.069472302641757 -0.104877587307093 -0.101032641209405 -0.16626402443597 -0.141644754037919 -0.204483206447955 -0.0853496926427689 0.0641253358530235 0.0467361716076928 -9999 -9999 -9999 -0.238747936070707 -9999 -0.0163107795081656 -0.000473729895687231 -0.123742866545248 -9999 -9999 -9999 -9999 -9999 -9999 -9999 -9999 -9999 -9999 -9999 -9999 -9999
0.0122956881589015 -9999 0.0452128269435515 0.0612869250633122 0.0997992423128773 0.0575901457049408 0.0619320169324883 0.127298751776728 0.196096064265008 0.118163665399975 0.109881121956601 -9999 0.128511540102337 0.172398186829096 0.111287754903731 -9999 -9999 -9999 -9999 0.0590534823021537 -0.00616378246952285 -0.0570465072312294 -0.0377954099313727 -0.0419413994829939 -0.12718122735 -0.0496161826054791 -0.0643235750443155 0.0208515680646736 0.260163772058675 -9999 -9999 -0.0650836456711189 -0.0616990880062525 0.0388650934613114 -0.0915106082022962 -0.0561524545060604 -0.0758579516205199 -9999 -9999 -9999 -9999 -9999 -9999 -9999 -9999 -9999 -9999 -9999 -9999
-9999 0.145117418103329 0.215204972648566 0.0703279181000291 0.110347671034994 0.157179757532046 0.154826678725603 0.0948871322846163 0.0867357053808231 0.0798648839468962 0.0941187082587524 0.0600288624084051 0.0933283177445775 0.131024463882573 0.173019668267079 0.169997427468495 -9999 -9999 -9999 -0.0375177914341046 -0.0143280324637553 -0.15192423219851 -0.149891837131033 -9999 -0.0350412120187381 -0.0897585868764809 -9999 0.0913978873102679 -0.0305065640389729 -0.0168511791694903 -9999 -0.0958948997145018 -0.104478223398736 -0.0662521468766854 0.00529808868780638 -0.0276576704011609 -0.0912997902467301 -9999 -9999 -9999 -9999 -9999 -9999 -9999 -9999 -9999 -9999 -9999 -9999
0.13400056016113 0.0942540408238949 0.229214351764504 0.127398200500075 0.127585002868337 0.385450996543505 0.121853994581138 0.0861473667673077 0.0826290500722467 0.0679034581287686 0.094718338069384 0.053499739525552 0.0919097718990569 0.0531145004571547 0.181661013095553 0.0571671199683155 0.113391536917935 0.102740672440095 0.0667048107045411 0.0963169742416534 0.00884397150685525 -0.118306817687981 -0.0770875068112898 -0.0335805288207907 -0.113443287905546 -0.132380606699639 -0.0524999234150425 0.00608463235032912 -0.0484634694563216 -0.0217104712193467 -0.00927882213542091 -0.0765296256990611 -0.101287902408333 -0.0299091803266897 0.0254689476612041 -0.0452505391804432 -0.0971652909282986 -9999 -9999 -9999 -9999 -9999 -9999 -9999 -9999 -9999 -9999 -9999 -9999
0.122164862418912 0.117982861878129 0.118961117626306 0.120275535138909 0.1471498036228 0.193178701844452 0.209712460139309 0.26935044584024 0.121003045045875 0.110707976398242 0.114742548890604 0.140641624418309 0.10359251752187 0.203923204740713 0.216511342205225 0.0761433742607987 0.0034917771896629 -0.0236044309863047 -0.105417849301599 -0.0936447728304613 -0.00165530725388777 -0.0648159016959445 -0.0462439705270343 -0.109708737908665 -0.116096206159119 -0.124122424203775 -0.0588471923205166 0.00565135281738324 -0.00912402059033343 -0.0815496100772951 -0.119874643720416 -0.163289357381331 -9999 -0.0661805157370939 -0.0521639996825633 -0.0857596189072708 -0.103008729892951 -0.0905663553029125 -9999 -9999 -9999 -9999 -9999 -9999 -9999 -9999 -9999 -9999 -9999
0.0496459028749647 0.0772956802821625 0.10873990847135 -9999 0.162975590003564 0.180884106747201 0.207698361246633 0.303718667544124 -9999 0.102629075542678 0.105101176298738 0.0746346579225373 0.0750575137973323 0.10088640055373 0.0942309822083461 0.00559406019196932 -0.0376111515026168 -0.0183187785812283 -0.0756939163227621 -0.137842899366247 -0.154848787484678 -0.112586206838914 -0.175268727549357 -0.0936330063003677 -9999 -9999 -0.109772785132884 -0.129924694458529 0.108770653405221 -0.0750291488424037 -0.0658477257080996 0.0586328147644741 0.112379289012449 -0.00996147638396037 -0.0565408738969521 -0.107647591395387 -0.114046419159347 -0.051249047763048 -9999 -9999 -9999 -9999 -9999 -9999 -9999 -9999 -9999 -9999 -9999
0.0273960612024413 0.066100243703273 0.0873363556653249 0.0938069766655465 0.176141159725118 0.176761732563303 -9999 -9999 -9999 0.14597076359017 0.11495227190267 -0.00223058657125443 0.0244282615773034 0.0859216486524722 0.0147439259473456 -6.63111136969937e-05 -9999 -9999 -0.0740627717843605 0.0257768694695386 -0.10890637522817 -0.0795794888066452 -0.0510898935608809 -0.0933240810131589 -0.105880225341496 -0.138673469757981 -0.134496716772166 -0.178278139840641 -0.221725751952183 -0.10392699706776 -0.103027844606385 0.0665690744581553 -0.0111516956407034 -0.0242534515402678 -0.0794456755739028 -0.102761335662275 -0.0576805374018995 -9999 -9999 -9999 -9999 -9999 -9999 -9999 -9999 -9999 -9999 -9999 -9999
0.0108135597852174 -0.00337222405463169 0.0463667164835215 0.102924265447183 -9999 -9999 -9999 -9999 -9999 0.171408009852047 0.18507053839978 0.115909895839897 0.075175790986282 0.0364608564177241 0.101626713507209 0.0324669174319551 0.0334293495597761 -9999 -9999 0.044177689720636 -0.0218775488911606 -0.08721295413841 -0.103793549635747 0.00481111445418906 -0.0625605896732774 -0.154884732053135 -0.118837476538363 -0.134734788281521 -0.156800651194707 -0.0920374184983936 -0.143782369509868 -0.0719182832845678 -0.0602297967416456 -0.0576752829183019 -0.00632876473660473 0.0614921495644751 -0.00456576985094946 6.89298168166407e-05 0.0302056434181882 -9999 -9999 -9999 -9999 -9999 -9999 -9999 -9999 -9999 -9999
-0.0150968861013771 -0.00209222577533031 0.0773296145063708 0.121081161749812 0.131270473735882 0.120506642013377 -9999 -9999 -9999 0.29796544728621 0.288422740660915 0.172499730500179 0.115967062582311 0.0406496752968736 0.0058833579389061 0.0284726823011455 0.0498019879411747 0.122314243885216 0.116905139576037 0.0325347778352118 -0.0206814136018547 -0.0753405960365721 -0.0308883443785839 0.083004103370486 0.0304828215668006 -0.0626003048959254 -0.147348186816004 -0.159040844058003 -0.147990973865982 -0.0309672599864107 -0.110871973483798 -0.101065033721098 -0.073038186808852 -0.0279079128282461 0.027159553203242 0.0642158073848921 0.11923386480272 0.0505551871536803 0.00348916364992822 -9999 -9999 -9999 -9999 -9999 -9999 -9999 -9999 -9999 -9999
-0.00930257555787735 0.0143788602531273 0.230890807524092 0.117016809460606 0.176025579868911 0.213546428936018 0.24087772605381 -9999 -9999 0.239196696744919 0.198048840688279 0.0858673933871184 0.0602659151758963 0.195397531596619 -9999 0.0954016716979082 0.0830034595675946 -9999 0.178568377740634 0.0150048037270404 -0.0946498597161948 0.0131251826729067 -0.0660593714476272 -9999 -9999 -9999 -0.1589271510225 -0.0909342323072545 -0.152695348023416 -0.152555198103506 -0.0781641432804683 0.0741295046542178 0.091195277962234 0.176249477895169 0.0251401135956769 0.0521695097124907 -9999 0.0482497962927861 0.0325572875818295 -9999 -9999 -9999 -9999 -9999 -9999 -9999 -9999 -9999 -9999
-0.0016100889323257 0.0637007364564842 -0.0135948317595715 0.200488907533929 0.221971399363862 0.268581933589731 0.486056473398715 0.543453426936156 0.247145410383339 0.194282615412533 0.160740224632968 0.0619390452506676 0.0815367929417259 0.0565824130383844 -0.00806292923166535 0.0122509369719836 0.0928168878900364 0.178416831370717 0.161046183030487 0.0209165703501 -0.069464021246839 -0.0251595422314396 0.0132629754647654 -9999 -9999 -9999 -0.0121616296048519 -0.0131142860678928 -0.143409983244777 -0.221288169458881 -0.108220689286268 -0.00874420084594064 -0.0733807908284899 -0.102974072766828 -0.0776162063219959 0.0669302798615904 -0.0763772481371048 -0.0183936793113866 0.00722198120525087 -9999 -9999 -9999 -9999 -9999 -9999 -9999 -9999 -9999 -9999
0.0603672430308442 0.0387207035436564 -0.011337489564753 0.537244671496315 0.13399102213482 0.129170279435148 0.200579977442069 0.382584910626673 0.0887974502009159 0.221250016879581 0.122432694473074 0.0640599264610589 0.00169435334604344 -9999 -0.0558438439112361 -0.0401330372768596 -0.0421470198916012 0.0182904278770765 0.0968251159396157 0.0861861920852008 -0.131572934329104 -0.0431337338075455 0.0123755865675646 -9999 -9999 -9999 -0.0631639892010455 -0.0050833264839702 -0.0700898124452795 -0.171949481723057 -0.166699312508128 -0.0548068440724109 0.00333790404011006 -0.0936358765009128 -0.124460894502141 -0.154128845489504 -0.0640391100635288 -0.0470218422741037 -0.0344860631821784 -9999 -9999 -9999 -9999 -9999 -9999 -9999 -9999 -9999 -9999
