data/rasters/s4.06.07.li.4_xyz_08_.asc
NCOLS 100 
NROWS 100 
XLLCORNER -4 
YLLCORNER -4 
CELLSIZE 0.08 
NODATA_value -9999 
[rows 22 to 43 of 100, columns 0 to 48 of 100]
-9999 -9999 -9999 -9999 -9999 -9999 -9999 -9999 -9999 -9999 -9999 -9999 -9999 -9999 -9999 -9999 -9999 -9999 -9999 -9999 -9999 -9999 -9999 0.0204797381913749 0.141558893403976 0.14147298686685 0.0677201793447555 0.0918384506190044 0.0436722584042641 0.0520545327039484 0.0765453455751779 0.0784661878372043 0.0507576128006738 0.0302995623806763 -0.0891878705103843 0.0125716122176611 0.0197785104684206 -0.167083563256931 0.0608350978729946 0.079283550200882 0.165442316698655 0.192474653950063 -9999 -9999 -0.152700861629354 -0.225078408978568 -0.208165205814674 -0.177853828597543 -0.108267172794633
-9999 -9999 -9999 -9999 -9999 -9999 -9999 -9999 -9999 -9999 -9999 -9999 -9999 -9999 -9999 -9999 -9999 -9999 -9999 -9999 -9999 -9999 0.0543884341237413 0.061446893329069 0.0982196366568226 0.0522345988032027 0.0512262136925579 0.0946093362193545 -9999 -9999 -9999 0.0344104953834571 0.0558569259738611 -9999 -0.163148291278166 -0.113907031078937 -0.275865911076627 -0.215162987327422 -0.184694086590978 -9999 -0.0906795066245082 -0.0522527544320638 -9999 -9999 -0.126657415348823 -0.21964662849012 -0.182917308889003 -0.154591697776461 -0.154990553888998
-9999 -9999 -9999 -9999 -9999 -9999 -9999 -9999 -9999 -9999 -9999 -9999 -9999 -9999 -9999 -9999 -9999 -9999 -9999 -9999 -9999 -9999 0.205617626359072 0.0993390579196225 0.0475052622684779 0.0572229818367277 0.116376982497233 0.0918925644539056 0.110088072571313 0.169628799690279 -0.126391060902299 -0.128800943980173 0.0157005816370717 -0.130101472284589 -0.158074161998238 -0.23624528890091 -0.289893032212534 -0.215343110417683 0.00250538540153573 -0.144399129558539 -0.126776552228591 -0.0485491810432237 -0.200903340307447 -0.194761574812468 -0.0844526721847225 -0.132584367430908 -0.0880774324330847 -0.238629461065607 -0.220723811385365
-9999 -9999 -9999 -9999 -9999 -9999 -9999 -9999 -9999 -9999 -9999 -9999 -9999 -9999 -9999 -9999 -9999 -9999 -9999 -9999 -9999 -9999 0.195433248392881 0.250679792288009 0.0922536838905909 0.0851428556007155 0.0813760092929815 0.0761911996545694 0.0815958814644425 0.0992445098778486 -0.112079060338661 -0.189882943100859 -0.165470396204632 -0.0997238525570091 -0.181193827423866 -0.312390727720714 -0.226563695570899 -0.122277714444558 -0.102897458660618 -0.115631348447432 -0.119918098715059 -0.132095720594274 -0.217983233181006 -0.22048288786166 -0.108944144591615 -9999 -0.202417567939414 -0.231130759457909 -0.16168837041006
-9999 -9999 -9999 -9999 -9999 -9999 -9999 -9999 -9999 -9999 -9999 -9999 -9999 -9999 -9999 -9999 -9999 -9999 -9999 0.175790384626126 0.237249750382754 0.183401703107584 0.221191814654965 0.212117254173779 0.0705079045343217 0.0613538766540604 0.0703938182044007 0.111330718754588 0.107122740823938 0.0701898536047444 -0.033779825710284 -0.139917533730597 -0.140557659064181 -0.0548419160043595 -0.255662565952436 -0.24939276837307 -0.122474655310145 -0.10385128673379 -0.188965508572918 -0.181036829648485 -0.2308152948786 -0.216678899446459 -0.219986765791516 -0.311060300883331 -0.24432500110898 -0.193164953726797 -0.194352328628404 -0.192173198840377 -0.157397819640576
-9999 -9999 -9999 -9999 -9999 -9999 -9999 -9999 -9999 -9999 -9999 -9999 -9999 -9999 -9999 -9999 -9999 -9999 0.173800237464603 0.168397348132595 0.185618307110377 0.139144497587748 0.151663804267496 0.103583198070976 0.0391244825013321 0.100369010481834 0.0957845494505995 0.154108827802616 0.130114327675567 0.0806785818092019 -0.192646806062021 -0.0414125477793001 0.0580087090509031 -0.232255298374787 -0.274287999578647 -0.252873574392677 -0.210631435674461 -0.194647836626209 -0.174231061411731 -0.247623409601704 -0.258864904672345 -0.158094001780939 -0.153657186047635 -0.217699677928854 -0.186275263432371 -0.219331276890848 -0.267729230023426 -0.296122723392757 -0.232434526160692
-9999 -9999 -9999 -9999 -9999 -9999 -9999 -9999 -9999 -9999 -9999 -9999 -9999 -9999 -9999 -9999 -9999 -9999 0.338806823289514 0.221549665407471 0.135704892426963 0.0213426408664913 -0.0001906035281845 0.0359491607391178 0.074362366639855 0.0768109663471434 0.0817915146783889 0.122574860841471 0.222427431982115 -0.118123029206713 -0.0830994852768158 -0.0930598207104958 -0.138669205647289 -0.114795576019193 -0.272905833064213 -0.247684391641253 -0.210835973892004 -0.174153087287231 -0.241828642605159 -0.144602485583528 -0.173112431354202 -0.114751895424271 -0.0988292422208064 -0.0710232375390143 -0.12167207108298 -0.146282814570996 -0.224707828389654 -0.260669707952022 -0.112781070659914
-9999 -9999 -9999 -9999 -9999 -9999 -9999 -9999 -9999 -9999 -9999 -9999 -9999 -9999 -9999 -9999 -9999 -9999 -9999 -9999 0.131365609825118 0.0942846973971563 0.0108894611967064 0.119310649316805 0.117607088281039 -9999 0.166774603543509 0.122326772902101 0.172220490671119 -0.0729088476043691 0.00863631608335455 -0.129177780111527 -0.151375263184301 -0.164355791152172 -0.134684793921553 -0.187261024657289 0.00964006674550424 -0.0652185534273246 -0.240125944460261 -0.151722216927356 -0.168411601830265 -0.11632956078607 -0.0377808445895275 -0.0374146047651494 -0.129367704396551 -0.212043321921283 -0.236260848887589 -0.140356373752971 -0.279608026189213
-9999 -9999 -9999 -9999 -9999 -9999 -9999 -9999 -9999 -9999 -9999 -9999 -9999 -9999 -9999 -9999 0.0657497193474243 0.022671367914013 -0.0324904681826044 -0.110788390755399 0.109024689517708 0.159342208605961 0.0740419550904839 0.14333301311231 -9999 -9999 -9999 -9999 0.193082139947813 -9999 -9999 -9999 -0.199981329927739 -0.113196067779267 -0.160333548421724 -0.176213581356685 -0.0979271961013165 -9999 -0.141917437867538 -9999 -9999 -0.130299602580339 -0.106871833968016 -0.123023223182396 -0.162694465150654 -0.252542562967329 -0.232627690092788 -0.121078097193051 -0.224708350173157
-9999 -9999 -9999 -9999 -9999 -9999 -9999 -9999 -9999 -9999 -9999 -9999 -9999 -9999 -9999 0.00413264294123517 0.0966734785708341 0.0235405851737153 0.0238951988038968 0.171662663484597 0.0665688166532601 -9999 0.0594362873885114 0.129301330303272 0.189854354958336 -9999 0.16530904013124 0.186051799192912 -9999 -9999 -9999 -0.108725730880669 -9999 -9999 -0.148808111294656 -0.148434376969107 -0.133964030725203 -0.0747501280613172 -0.0619636897649691 -9999 -0.156093537900919 -0.108455958405834 -0.137869673734073 -0.23908776821818 -0.219929650505519 -0.151852645254821 -0.0855696369171691 -9999 -0.0769063112657111
-9999 -9999 -9999 -9999 -9999 -9999 -9999 -9999 -9999 -9999 -9999 -9999 -9999 -9999 -9999 0.0102292147920308 0.0691649444722654 0.282624347315424 0.226663543816791 0.139358843665596 0.115498366859568 0.0888871916536877 0.0624301737216769 0.184462896388536 0.263062356595415 0.172863336643912 0.165098558347853 0.190733612096499 -9999 0.0136575555756048 0.0417269476096928 0.0411907201730844 -9999 -0.121746214571113 -0.128664342412351 -0.104792769193463 -0.118167049950893 -0.0818723237203935 -0.0400558291880916 -9999 -0.144810806269044 -0.167995469503389 -0.138679405646697 0.193166363217042 0.255907585007139 -0.0579740353987324 -0.0789779197118929 -9999 -0.0995602131861971
-9999 -9999 -9999 -9999 -9999 -9999 -9999 -9999 -9999 -9999 -9999 -9999 -9999 -9999 -9999 0.0281098237868084 0.0969367936479713 0.036913891674975 0.129148171408296 0.109673132596192 0.0365406543657366 0.117643918177661 0.188416804341449 0.341792714277078 -9999 0.259028389908455 0.177615361653549 0.154632818044859 -9999 0.0459829653538323 0.0469717840765176 0.0256790569789053 -0.0698658201724733 -0.0827135429629605 -0.102448053036998 -0.121801795661245 -0.0408466517870528 -0.116685308894361 -0.10329889938735 -9999 -0.140671421997148 -0.123206935241807 -0.0846906902695887 -0.0347220906171742 -9999 0.0361905444843662 0.138819044399378 -9999 -0.030384254419209
-9999 -9999 -9999 -9999 -9999 -9999 -9999 -9999 -9999 -9999 -9999 -9999 -9999 -9999 0.0680601956833399 0.079343972011573 0.0298348485752918 0.0384064382004132 0.0549312119685036 0.0338255606399939 0.0742206032369182 0.240214160865829 0.386673645593455 0.1263588247419 0.147739192836968 0.104169099349324 0.00808052515802239 0.0687616272748597 0.0430046475367131 0.0162307736396488 -0.0077649213435532 -0.104652265537173 -0.0762309869420825 -0.0875182264321635 -0.0729358550980354 -0.137559297796961 -0.112511582328435 -0.0826720268539645 -0.159557344488342 -0.117427205204007 -0.10781854470738 -0.130687543948856 -0.0317532605755346 -0.035277044940243 -0.00958053239072689 -9999 -9999 -9999 -9999
-9999 -9999 -9999 -9999 -9999 -9999 -9999 -9999 -9999 -9999 -9999 -9999 -9999 -9999 0.0304920788531526 0.0516567603307469 -0.011051602652774 -0.0136664714501635 -0.00820393642271441 -0.0361402366478309 0.10523206998291 0.118206807673993 0.0752148179546039 0.0783375943196318 0.183591848671237 0.37383948124323 -0.00769585203435349 0.000219856886128081 7.36234027121108e-05 -0.0213944020103559 -0.0318148420128441 0.151750470848686 0.109171541206589 -0.0580974435734338 -0.0830683547500323 -0.0645079613807826 -0.165218505742739 -0.057834585213272 -0.14024613788891 -0.0472327531946458 -0.0867547121461446 0.0115185768440125 0.0301172825418933 0.0412490090852355 0.0303953652254784 0.0610332542189724 0.0177518293855556 0.0748587970213676 0.0461216361398265
-9999 -9999 -9999 -9999 -9999 -9999 -9999 -9999 -9999 -9999 -9999 -9999 -9999 -0.0696982317745247 0.139053397226482 0.04086761666058 -0.00730310671791415 -0.0139994177085416 -0.0333494275016288 0.0749494834256521 0.0769263425505895 -0.00175074638074394 0.0323459547555125 0.0411302717668359 -0.102971145421328 0.013097312558626 -0.0402326202646406 0.0371558155122977 -0.0255874610325229 -0.0324922188185592 -0.0319734780334674 0.0573451525995163 0.158950616776269 0.078050470387323 0.0466859325061103 -0.0316261421059165 -0.0415519005830516 -0.109773647507462 -0.132102390006514 -0.11000578675361 -0.0185566889410955 0.0327047870995081 0.0173612188364356 -0.0294339356472167 -0.0128457879425508 0.0392075237855964 0.0951192129159441 0.103796059811878 0.153549168335756
-9999 -9999 -9999 -9999 -9999 -9999 -9999 -9999 -9999 -9999 -9999 -9999 -9999 -0.0392721052836781 0.0432183756657762 -0.0256334839321476 -0.0610436982824221 -0.0444999783011555 0.0048751323908551 -0.00630947710515458 0.0599894484086903 0.0906177562007522 0.082064721474918 -0.0252382570612167 -0.0602704899865378 -0.0207884055161573 -0.0922760437394321 -0.0701933668310325 -0.0447318567095874 -0.0540787259517706 -0.0107772325194252 0.117933301983149 0.148633990810594 0.0853354221545927 0.0829612287664332 0.0689356215715987 -0.035426362527784 -0.112119913944168 -0.170178859990896 -0.128158918937171 -0.0564958019272667 -0.0303958426762433 -0.0370604625272203 -0.01575344392057 0.0259861761913456 0.0741502034587586 0.153666384384813 0.136386174696081 0.060492106173933
-9999 -9999 -9999 -9999 -9999 -9999 -9999 -9999 -9999 -9999 -9999 -9999 -9999 0.0274253542468583 -0.0697661701524771 -0.0519923935722739 0.0198862960265482 0.0495111930909024 0.0647642947709439 -0.00681171027480374 -0.0075960148002923 0.0686861079430743 0.102701932395896 -0.178638941594128 -0.0960256267203245 0.117839821682318 -9999 -0.13930850969697 -0.0756520952704229 -0.104669342490313 -0.019128945074942 0.0820701705845667 0.125394127359825 -0.0183349075143861 -0.0246002822270881 -0.111965692701144 -0.177621383007241 -0.0702496370613292 -0.0783044604381108 -0.0837315446228793 -0.110761868460373 -0.124266466182039 -0.10452139429276 -0.0385064249242602 -0.0413212870713397 0.154634478612929 0.0876637430771875 0.0862385473020177 0.0267987041173787
-9999 -9999 -9999 -9999 -9999 -9999 -9999 -9999 -9999 -9999 -9999 -9999 -9999 -0.0839389105327419 -0.0770139693849079 -0.0546020231282324 0.0468151070933511 0.0591518923514602 0.0478721891596762 0.0265306713962933 0.0281894826861467 0.0500667594475948 0.13782373644749 -0.138153929202113 -0.160581864289274 -0.193770926423035 -0.194267156142268 -0.21970907185909 -0.157085353696249 -0.0942694277082274 -0.102058545172681 -0.0708727467903108 -0.0117133430573946 -0.139335062795575 -0.0488703233741677 -0.0617872071847169 -0.00810206945320195 -0.0547790476366316 -0.0645175877851818 -0.0193022833836447 0.236175810104919 -0.00666227694046195 0.00671747844157526 -9999 -9999 -9999 -0.0434614628538828 -0.0711543318332659 -0.0301883259607703
-9999 -9999 -9999 -9999 -9999 -9999 -9999 -9999 -9999 -9999 -9999 -9999 -9999 -9999 -0.0525941506492264 -0.0185027699562206 0.0861867008803488 -9999 0.0341418419534277 0.0427451534216729 -0.0242878345764981 0.0141089247434098 -9999 -0.168840683632133 -0.180858286657458 -0.245938192041642 -0.234628469314545 -0.22599742543365 -0.181985224884392 -0.181209247028612 -0.138461964733485 -0.0619406836045701 -0.101195108914742 -9999 -0.087472243997139 -0.0216378801771024 -0.010391027514976 -0.1135487205485 -0.0435040368213602 -0.0296925005633365 0.00705642592652248 0.00575984978378355 -9999 -9999 -9999 0.221406705011987 0.0463222391417408 0.0379832054681809 -0.012179095793805
-9999 -9999 -9999 -9999 -9999 -9999 -9999 -9999 -9999 -9999 -9999 -9999 0.137892068971313 0.0538606525894849 0.0168245358227969 -0.0152134473216671 0.136851634190484 -9999 0.237833888263116 0.0685865241618336 -0.040902169586404 -0.0507915749958153 0.0529807984035736 -0.036397805766552 -0.245523721318245 -0.243843483386584 -0.206774512823319 -0.240750111820468 -0.198158555886072 -0.192325387864788 -0.102733654829151 -0.00401121304002346 -9999 -9999 -0.0135733695789312 0.00624275785629797 -0.0198177493437477 -0.117139803135729 -0.0616401153986073 -0.0299270107157217 -0.0254592766440385 0.0161237275871452 -9999 -9999 -9999 -0.0880865081711579 0.080644730212486 0.0991060924735832 0.0552549154766915
-9999 -9999 -9999 -9999 -9999 -9999 -9999 -9999 -9999 -9999 -9999 -9999 0.0512530364639323 0.0765174731891167 0.0475239693583065 0.08848817446656 0.0536945057906863 -9999 -9999 -0.0693402049500082 -0.12839736214674 -0.147454476477457 -0.100551012138842 -0.148119235613404 -0.190397343216851 -0.27460173432877 -0.257116179863477 -0.261978823828255 -0.179601520402136 -0.187514164429528 -0.180178884346676 -0.153585830441843 -9999 -9999 0.100059892131303 0.00194068547334745 -0.00764314815625621 -0.114737613790447 -0.130085814051327 -0.00225149930651371 -0.0961377163924116 -0.0574011478824215 -9999 -9999 -0.204931028000745 -0.0775503032738778 0.0675303055434208 0.0626076884864563 -0.0976973658618037
-9999 -9999 -9999 -9999 -9999 -9999 -9999 -9999 -9999 -9999 -9999 -9999 0.0177307189404984 0.0301963372448526 0.01832606637187 0.0781662068723126 0.0976463720592956 0.173358238241932 0.0450014029626855 0.0513806305024529 0.079955312289285 -9999 -0.108802067039248 -0.104434072483093 -0.180123820042048 -0.225947310749 -0.153464263416232 -0.188549730138379 -0.134713172723113 -0.209084447911657 -0.202193488789521 -0.181542835130884 -9999 -0.0547844014953072 -0.0839098433884742 -0.101548400982501 -0.0913794913049318 -0.0569818042896303 -0.121475620493756 -0.1634848571804 -0.200517539070232 -0.128813804186802 -0.131121584181652 -0.108821556637769 -0.100750001042288 0.0151485804464793 -0.0440673533272203 -0.00335266884908353 -0.0339420354095536
