data/rasters/s4.06.07.cu.1_xyz_08_.asc
NCOLS 100 
NROWS 100 
XLLCORNER -4 
YLLCORNER -4 
CELLSIZE 0.08 
NODATA_value -9999 
[rows 42 to 62 of 100, columns 48 to 95 of 100]
0.420548585832607 0.430464212520276 0.458381140926904 0.592636589633082 0.617276118315307 0.579210541259651 0.600640069052015 0.63381761293055 0.712624920421482 0.718471943203354 0.675779337169868 0.640987822373275 0.500246635462644 0.650370334679677 0.576392254013072 0.468066258129131 0.492273624890101 0.6623877177379 0.637474613613545 0.4397999651858 0.166730837609007 -0.0378553611586371 -0.170067353318006 -0.180032677678127 -0.120414244085471 -0.115853934490495 -0.0135591724535402 0.00589991805901392 0.15411545214846 0.140459864711754 0.12338216320091 0.207541266707057 0.160254365400771 0.145114266950381 0.0710783064887182 0.141827020927607 0.182695765935351 0.150153773986673 0.0686837763572029 0.071972526744748 -9999 -9999 -9999 -9999 -9999 -9999 -9999 -9999
0.216941947543471 -9999 0.802677951600026 0.613523762186177 0.660461758113499 0.676654551918581 0.688432449028947 0.722293337866114 0.667305088030536 -9999 0.635549054246934 0.72667067843919 0.603693779853926 0.56096130896948 0.516221370880707 0.467063560011927 0.535748187852106 0.56574911238173 0.652001225647091 0.484194670308643 0.30075244049449 0.202648447421537 -0.117704467808973 -0.181187918903982 -0.158058053262361 -0.149080657556502 -0.0921582166476289 -0.0451390035311475 0.00751578937159693 0.0110092724354977 0.125081078575856 0.188715999989249 0.170589983593293 0.150428190849246 0.119031229190353 0.117228702886329 0.15970150827419 0.202495621910969 0.125457973759644 0.0939595955278656 0.0906490031532752 -9999 -9999 -9999 -9999 -9999 -9999 -9999
0.0745343505533797 0.437600615569755 0.501003405033564 0.579238750184737 0.616740973003691 0.715553986270672 0.848036315211549 -9999 -9999 -9999 0.600950836130406 0.661491300425972 0.56052992478467 0.558989176252345 0.569752868723582 0.570810000922051 0.681944998204354 0.764515409890359 0.598115683390631 0.561870689650075 0.280892545982151 0.233777956360629 -0.0301097290638656 0.0020020360038288 0.162696534147984 -0.106263363604337 -0.0328697866928686 -0.0306444697669765 0.176189915724899 0.129525411884333 0.232166265189646 0.250262353235713 0.188379505248893 0.170998881301098 0.129164594832438 0.116583437879779 0.126187372339815 0.154335622545093 0.193707361728096 0.171395272459148 0.0677160199501094 -9999 -9999 -9999 -9999 -9999 -9999 -9999
0.0266614255270344 0.175719096104579 0.244378006325851 0.336036290407098 0.557945871389632 0.61441530662922 0.682593888482915 0.7034393106492 0.767035207054373 0.692036623020693 -9999 0.750232444411253 0.673601433363275 0.63992778695429 0.605450381878355 0.671328175517751 0.651886096467138 0.743271616640359 0.722675554540456 0.596117942365061 0.540227474893771 0.396992381793762 0.318291803945735 0.225898102215128 0.279651143496781 0.104359072454425 0.0432049968624236 0.185007648059293 0.265444689204966 0.144914756874153 0.198825839506882 0.254687556729567 0.272433466162439 0.270822191119838 0.169143645927135 0.109446187615081 0.162791909401089 0.0827445924171872 0.201088722440994 0.143779411043394 0.082736552561591 -9999 -9999 -9999 -9999 -9999 -9999 -9999
0.120036643569983 0.17827100671512 0.372522684196585 0.452815664095733 -9999 0.671884122680687 0.669800093988883 0.76067865713199 0.801692463148773 0.700541754341939 0.699505643789024 0.695395455996712 0.677742960247074 0.677085073239218 0.6387528370834 0.614710291049919 0.683238098988799 0.719382208047832 0.685595451221411 0.652656709645035 0.596809267656181 0.593822006392485 0.541890123369116 0.500601196166179 0.483265805300133 0.352065422244237 0.20568446943711 0.257539033902889 0.33381055477771 0.231330778583555 0.289131520924232 0.272131568709392 0.291442956485774 0.288292378609915 0.206299120256893 0.220031321083431 0.191963456939709 0.0703958775420229 0.234180213588249 0.216867181337278 0.147701384255301 -9999 -9999 -9999 -9999 -9999 -9999 -9999
0.183266083329178 0.249679966285027 0.486968388460255 0.627009716735582 -9999 0.723772802187774 0.72030327884305 0.715164908849998 0.87756688282 0.719169291566535 0.741348893419583 0.6433408747873 0.65692328568971 0.693745806585009 0.654575596149937 0.647675715402434 0.652050168773757 0.615785361225176 0.713217067926361 0.660257251132856 0.632570569973684 0.692129702584335 0.720354940459415 0.650992806877599 0.812994689093414 0.499007595047158 0.377867266573415 0.279198784309781 0.303984283603931 0.280894184376165 0.296878382965019 0.28535656338036 0.27819617042098 0.313170819863753 0.274896657063466 0.255349616333557 0.299097122271687 0.175069413402247 0.119270755464719 0.185064156562125 0.0843679957620178 -9999 -9999 -9999 -9999 -9999 -9999 -9999
0.167357708338858 0.336733510818829 0.544277061098226 0.651709010358739 0.749558858369208 0.846815202460549 0.715792679666408 0.722184820679895 -9999 0.724774894507868 0.719263453796286 0.627132164149232 0.624510104611647 0.679388552524955 0.734395348830977 0.696457295436185 0.656743897319949 0.656357214776158 0.654106462635601 0.726927699194919 0.63767882322178 0.856317038151272 0.863574115379239 0.772642584952345 0.877883926738758 0.888100328444977 0.559999392540251 0.359371760638933 0.261789313601269 0.248038028626358 0.252688478865003 0.284532325033626 0.293708869263908 0.313923483164491 0.309154373698655 0.190574121270083 0.26859625833201 0.0864029632753847 0.166318441919236 -0.0218097860550132 -0.133029057762871 -9999 -9999 -9999 -9999 -9999 -9999 -9999
0.246616060679318 0.384486804493143 0.666072104728815 0.726655213467649 0.76361850831295 -9999 -9999 0.766357496963895 0.893236384999956 0.871835226381355 0.750587412011163 0.856700312679545 0.720710716707748 0.799788209868394 0.769627040001093 0.769438731334631 0.710758353115344 0.870149438259683 0.749331481180724 -9999 0.722899937762681 -9999 0.859553142166475 0.800392971653152 0.812389156383867 0.616547843433338 0.562659099648961 0.466576204946137 0.346921832707339 0.274028599120383 0.271332196922055 0.313914338809483 0.305462924798642 0.274669295375644 0.251844775235883 0.210651890468665 0.143384755761433 -0.00910342534304401 -0.0996718005315211 -0.158780385191166 -0.360021275897945 -9999 -9999 -9999 -9999 -9999 -9999 -9999
0.29431072450694 0.655622314801764 0.764102319746884 0.75229747674963 -9999 1.30237547538945 1.2945768155944 -9999 0.984517999182704 1.04444228760033 0.890713760066793 0.825355524488195 0.896557401577743 0.789994913733363 0.843781930146747 0.818016025501738 0.764523661131553 0.742213630757127 -9999 -9999 -9999 0.67624778441885 0.82254753311077 0.777607210155974 0.805056426858823 0.736624883611206 0.655301295611296 0.459377207820174 0.515645802295577 0.236419115118096 0.269034652264521 0.335066542604163 0.275552731085642 0.286188987094058 0.214454488056944 0.169919641944631 0.12080623386621 -0.127083764480204 -0.317009218065074 -0.328049769233974 -0.440281854271806 -9999 -9999 -9999 -9999 -9999 -9999 -9999
0.425565349191715 0.446816632061654 0.425591998920544 -9999 -9999 1.23287790566988 1.20111824705108 1.19826845824821 1.23640605551772 1.13996045445238 0.956156577336014 0.845209634197429 0.854010951566471 0.836055489844171 0.845388332272511 0.833834469906321 0.818975872549847 0.788898144481868 0.839466218929972 0.79637724160716 0.61101404486175 0.631861223682746 0.827655044795689 0.760028359054216 0.720146111519813 0.740810160063854 0.771199680434841 0.527522852551649 0.554978967369022 0.385520292406277 0.343668633033383 0.317832302743238 0.258604720646165 0.249352559947108 0.199982864169907 0.141068604052359 0.0439640433928559 -0.0831249597820698 -0.244709982352755 -0.43224674011597 -0.5085244581043 -9999 -9999 -9999 -9999 -9999 -9999 -9999
0.55396265707295 0.430453197234884 0.316460103741012 -9999 -9999 -9999 1.23099497878204 1.19959640923986 1.22101832522471 1.18114592253968 1.0425796094595 0.932455035017083 0.87100285431853 0.799831261894873 0.88109291765771 0.881689840151296 0.92572126785012 0.84916474229939 0.678710841277973 0.706899014058343 0.626206573315043 0.687180225020963 0.650106961844273 0.665426661121769 0.714188169258235 0.720969316971413 0.609340553791914 0.456037940420803 0.433521334486214 0.426031333017419 0.424292523024736 0.29623051414714 0.212633874272335 0.261879789341645 0.164811903839347 0.0705027314573737 -0.0705023632946582 -0.219455404029026 -0.269496320226058 -0.43754744819673 -0.510086415346151 -9999 -9999 -9999 -9999 -9999 -9999 -9999
0.483122162798436 0.473954703448982 -9999 -9999 -9999 -9999 1.23423332208056 1.14231776181081 1.08492483687469 1.11034555507572 1.07076998015555 1.00103705048148 0.869922538778068 0.782493850720518 0.93554330023267 0.749802276660699 1.06112834242403 0.940369998554641 0.573027936794932 0.538699314710985 0.673265654374024 0.563680640981957 0.525197320158964 0.569573396603951 0.633895105464894 0.657606867741636 0.625383074721082 0.57217168546112 0.494806602545167 0.479792764225115 0.457644028542428 0.350764541061398 0.178878178878195 0.0967304233294681 0.159444879100155 -0.126062165322006 -0.203220526985085 -0.217659147792997 -0.393578815466496 -0.424303894552174 -0.504894251055793 -9999 -9999 -9999 -9999 -9999 -9999 -9999
0.564737489530455 1.11378607773902 1.16526167856664 1.17964066037455 1.19465537216588 1.31231849757498 -9999 1.03641851403559 1.04974305060612 1.01359287621101 0.977153603400233 0.921447608382033 0.874116078211026 0.929359734601468 0.931744941185035 0.705277421590993 0.615782508651277 0.694573809203218 0.416825103292657 0.377816548255225 0.419403245326483 0.475586360307884 0.307875241860788 0.334801168817355 0.462533733321469 0.579152349061539 0.686112242295228 0.572560406432976 0.530370691272409 0.443524726439301 0.455105034005859 0.392805580782311 0.318767963493039 0.15927713108732 0.03683183685359 -0.12613207646558 -0.224483687273905 -0.287616214321345 -0.381330530149945 -0.432382807987141 -0.465009799513672 -9999 -9999 -9999 -9999 -9999 -9999 -9999
0.514534272358883 1.01196492186651 1.13956613080401 1.13701670693694 1.14843348629066 1.28619598361903 -9999 -9999 1.12019175647592 0.878375831267298 0.879041760662286 0.885800430065201 0.777919708454042 0.693997357172205 0.646171305916877 0.53394811802457 0.683714167252323 0.777085001818414 0.338632751783122 0.279651447142724 0.269043006695285 0.326626999538516 0.0752767739710735 0.139514461995907 0.239192936465394 0.343747628578373 0.53549564523884 0.572852916939589 0.560900256609681 0.588282855904089 0.493034170137408 0.375488345949116 0.159034831251225 -0.0572561120432917 0.0178260243589845 -0.0768334374382365 -0.166968699740666 -0.225591685223764 -0.405295104475651 -0.427914823828311 -0.443399228468823 -9999 -9999 -9999 -9999 -9999 -9999 -9999
0.505732970613624 0.642710340652743 0.656116472063289 0.971144304984974 1.09921240208294 1.22642085233537 1.13935327417279 0.823321742605736 -9999 0.453852460092773 0.487293273388131 0.523225089067111 0.633746218477604 0.565070783758481 0.371308651538644 0.355054981005178 0.516591215597642 0.462168222774709 0.314662275708524 0.262043892969542 0.0683706716613171 0.0377562599407254 0.0510449216934093 0.0883195140609956 0.141198014776087 0.196664993270242 0.405155204195025 0.500360333220639 0.517056153288791 0.567145309988035 0.50608766869017 -9999 0.211108382141862 -0.0710331761375781 -0.165794232087465 -0.207271933308689 -0.311119278702235 -0.424245748376576 -0.405425195936483 -0.410484328068228 -0.411522096574841 -9999 -9999 -9999 -9999 -9999 -9999 -9999
-9999 1.0432143883814 0.996625406125676 0.99054976761607 0.915343471799428 1.02032760952516 1.07217649949816 0.823136977309672 0.896051488565793 0.86836593351486 0.537478715759106 0.406523485627114 0.335347110273331 0.225598061153667 0.567062747598856 0.292247007976578 0.231001751550904 0.220088375414101 0.183210806835159 0.0870455316953964 0.030656501415677 -0.0531092564003163 -0.101518757806177 0.0103334591962869 0.0350189956785184 0.210688674730369 0.340703951093848 0.367703620284416 0.461112590939106 0.457182121251667 0.444629893654757 0.347205322807925 0.159497283713786 0.0686789393997672 -0.179787486524983 -0.263330458705165 -0.428295585586139 -0.45462242299352 -0.452859655431791 -0.429250938188146 -9999 -9999 -9999 -9999 -9999 -9999 -9999 -9999
-9999 0.845471766024508 0.834432392463748 0.911346272902018 0.882644708606303 0.965632288908566 0.941345895213398 0.852560685764981 0.812592621893119 0.625213335279566 0.540675175484526 0.334635527116939 0.178491507077328 0.323239942352628 0.135395942723666 0.163431634624549 0.19043091635988 0.123077799255459 0.0738159571568635 -0.0529704533868534 -0.0833069555240996 -0.111959601410481 -0.134831242361603 -0.104791859889781 -0.0728531368470191 0.0363736313568146 0.208890025421758 0.26984615210423 0.329503374506126 0.323770529564974 0.322758649672449 0.21359698510993 0.118072640170436 -0.0157117014259664 -0.127757575410964 -0.259689460312106 -0.375051058272067 -0.43879432295648 -0.475898853462709 -0.514234538404684 -9999 -9999 -9999 -9999 -9999 -9999 -9999 -9999
0.444408699209165 0.858460091560086 0.825437337119316 0.804197736313688 0.863468243307504 0.86280586102393 0.855295623705497 0.808458782821789 0.71090754553646 0.490817166482095 0.377416171727366 0.280370679983097 0.220739425652611 0.38293082658233 0.128180887058035 0.219251166863075 0.192211118921361 0.142324664699097 0.338474977622909 -0.0500353718307046 -0.115742560878978 -0.10150661610329 -0.106027166875019 -0.0869875438099959 -0.0328947567257785 -0.0268373769063496 0.208260594693162 0.258838372830283 0.284530352819805 0.308419604578311 0.277137989710102 0.229248049828111 0.17529692130299 0.124039029296414 -0.108040336745693 -0.220472410222888 -0.449334250893024 -0.46814207785246 -0.493793951880316 -0.526435085865898 -9999 -9999 -9999 -9999 -9999 -9999 -9999 -9999
0.564483780182517 0.677742681831246 0.694984636611132 0.764423246941138 0.8438680042557 1.04056891717436 0.763117007656419 0.739112788280513 0.65280346208294 0.471253601163391 0.346037143800535 0.268898561439386 0.228622814993851 0.186648084316062 0.133317701936456 0.185093787924958 0.268502347769454 0.236030383291897 0.0779724866478396 0.0162678014254282 -0.135404982979439 -0.116899271287843 -0.123237588912877 0.131108811376874 0.231393461866839 0.114400664711706 0.251245710605812 0.277702980355043 0.227377020266586 0.2940717272354 0.254240284462536 0.185265613586854 0.123226437528264 0.0410914418781782 -0.0576539602787962 -0.0706869291734274 -0.456464594171307 -0.537973835545413 -0.545209679229355 -0.539170797324769 -9999 -9999 -9999 -9999 -9999 -9999 -9999 -9999
0.410397157566298 0.557758539205847 0.567029281445176 0.534274520479774 0.754531546622719 0.852950180816592 0.825076470984386 0.836958772824263 0.661280072771469 0.489387382705751 0.320777696247557 0.210962501877478 0.200730266449673 0.138946675297797 0.157764054761947 0.218290685921659 0.251598668271268 0.204702055147409 0.129306374734457 0.0263889646251701 -0.0591941527204741 -0.04669329114656 -0.13479649147499 0.0728144172254813 0.0403372188400014 0.0461441228636818 0.00402953448461188 -9999 0.199272529743532 0.222677993896902 0.212993815028538 0.177181503700432 0.0578013636088753 0.0195730256513778 -0.0408944665048392 -0.449084196182331 -0.280959913121644 -0.586204473434322 -0.588251017205001 -9999 -9999 -9999 -9999 -9999 -9999 -9999 -9999 -9999
0.361110891181748 0.335345203878335 0.357522274712878 0.489556050667552 0.705074441279974 0.754102517035662 0.783815948409884 0.87015635316939 0.853727810288689 0.638967004724171 0.301036040575345 0.289079056524929 0.204763188625562 0.241550946053106 0.195365449195692 0.27086776805339 0.355886367713972 0.388457562526306 0.307207499043701 0.254122647548869 0.229790717743048 0.109564636450285 -0.0303492383649887 0.0134364856807102 -0.0342980325259504 -0.0494868326190116 -0.0547435583978995 -0.0562046163049121 0.178727945847994 -0.102903867693798 -9999 -9999 0.0986760978006973 0.010749102409712 -0.099467086970101 -0.414768282545159 -0.583315831848619 -0.629670957044598 -0.638540170762653 -9999 -9999 -9999 -9999 -9999 -9999 -9999 -9999 -9999
