data/rasters/s4.06.07.li.3_xyz_08_.asc
NCOLS 100 
NROWS 100 
XLLCORNER -4 
YLLCORNER -4 
CELLSIZE 0.08 
NODATA_value -9999 
[rows 21 to 41 of 100, columns 0 to 46 of 100]
-9999 -9999 -9999 -9999 -9999 -9999 -9999 -9999 -9999 -9999 -9999 -9999 -9999 -9999 -9999 -9999 -9999 -9999 -9999 -9999 -9999 -9999 -9999 -0.0177394014598659 -0.0434583144309851 -0.0213159296316558 -0.0799966218567013 -0.113084238099712 -0.020060660487659 -9999 -0.118872980542742 -0.142806838306576 -0.208326796317231 -0.15671348556254 -0.121283625333798 -0.240161405842982 -0.146682356412082 -0.0710178132266059 -0.141898983146084 -0.152654994716295 -0.0900127782517182 -0.0603253042295734 -0.117847201974161 -0.274817735959031 -0.345640281914865 -0.314025040501889 -0.312262032809594
-9999 -9999 -9999 -9999 -9999 -9999 -9999 -9999 -9999 -9999 -9999 -9999 -9999 -9999 -9999 -9999 -9999 -9999 -9999 -9999 -9999 -9999 -0.138639666105887 -0.0523914150387243 -0.111673517216155 -0.152560765735057 -0.0797923749238994 -0.19868060712228 -0.130520973982529 -9999 -0.260727692840039 -0.265269175797282 -0.198692330302433 -0.149988803238823 -0.235189633329244 -0.207880369332817 -0.271345720203012 -0.167476728078458 -0.150989085807482 -0.240241081672247 -0.1533374984704 -0.22075652780398 -0.200870810026212 -0.209647115995815 -0.290616252179972 -0.401179759107632 -0.255304817459372
-9999 -9999 -9999 -9999 -9999 -9999 -9999 -9999 -9999 -9999 -9999 -9999 -9999 -9999 -9999 -9999 -9999 -9999 -9999 -9999 -9999 0.0823994578316209 0.0128921856442365 -0.103413578259491 -0.0568880928505266 0.000956057531543134 -0.143707967755752 -0.287004012415869 -0.187179595530598 -0.220228082356008 -9999 -0.354120699024994 -0.227226890087565 -0.274384919445688 -0.180163510662129 -0.25125122973263 -0.218578455205739 -0.332380736387671 -0.154235385901136 -0.173811934604009 -0.228713098441765 -0.369084573307755 -0.209174065435484 -0.226782473084715 -0.324646770374798 -0.378882603919555 -0.308942211802016
-9999 -9999 -9999 -9999 -9999 -9999 -9999 -9999 -9999 -9999 -9999 -9999 -9999 -9999 -9999 -9999 -9999 -9999 -9999 -9999 -0.0336916220428191 -0.0835907544201048 -0.0693904201960446 -0.0166739332104558 -0.0797290976079774 -0.169623618734295 -0.220942198449252 -0.297346905590093 -0.159223934380138 -0.200756404522033 -9999 0.563335413282855 -0.291511674974942 -0.150545630019683 -0.241367764684877 -0.187949630993997 -0.114101344859018 -0.030199192156485 -0.432120605941382 -0.237571921537005 -0.050631957632834 -0.0672507850086345 -0.149134928044819 -0.208543969102249 -0.275511367510649 -0.330494286130006 -0.0591932672725195
-9999 -9999 -9999 -9999 -9999 -9999 -9999 -9999 -9999 -9999 -9999 -9999 -9999 -9999 -9999 -9999 -9999 -9999 -9999 -9999 0.0199113646325911 -0.0188108481683339 0.158210691938322 -0.0105258890794772 -0.0866096377118202 -0.0924217272677531 -0.209550729783956 -0.107756525307498 -0.0888726387876001 -0.184343730368787 -0.215075038454862 0.546393319787267 -0.251183990180552 -0.279065907339259 -9999 -0.326214801481586 -0.237990241114647 -0.108059197319934 -0.0722504736762914 -0.226549560648244 -0.157025646755529 -0.0790727319732095 -0.156544106638663 -0.114769084503889 -0.0751067314297335 -0.092843697484322 -0.092338009644942
-9999 -9999 -9999 -9999 -9999 -9999 -9999 -9999 -9999 -9999 -9999 -9999 -9999 -9999 -9999 -9999 -9999 -9999 -9999 -0.0310993736624244 0.032518185215444 -0.0141997825179016 -0.173482413105367 -0.0665571846674703 -0.0554393379239999 -0.165334604302038 -0.208661754189767 -0.0493564715493787 -0.0586282126899302 -0.126106796862262 -0.235041839121326 -0.233223054894544 -9999 -0.307788519709868 -0.285535691401421 -0.249152677424046 -0.206960025646603 -0.218956024231888 -0.0329804633076055 0.0581808581989654 -0.0726612209898369 -0.0842358163355302 -0.155135388720159 -0.0566469517165755 -0.129160693318621 -0.157053934591372 -0.175826583702606
-9999 -9999 -9999 -9999 -9999 -9999 -9999 -9999 -9999 -9999 -9999 -9999 -9999 -9999 -9999 -9999 -9999 -9999 0.183770766198606 0.329258039791138 0.10071419848189 -0.070660602981114 -0.158191500607959 -0.20666111252331 -0.0934471526854622 -0.334527891231235 -0.154039944065561 -0.0204833181360129 -0.0700839503023554 -0.0992192985018836 -0.217712106051356 -0.278874233165954 -0.210948392826983 0.0806315075170468 -0.119315604334116 0.159141950566174 -0.217434900428427 -0.0832271904302232 -0.0904059920266134 0.0773360892684191 -0.0799551645881542 -0.075836591260737 -0.0401726369268053 -0.0930348148000758 -0.108373572962713 -0.102847056041177 -0.184072573317596
-9999 -9999 -9999 -9999 -9999 -9999 -9999 -9999 -9999 -9999 -9999 -9999 -9999 -9999 -9999 -9999 -9999 -0.0036028224284926 -0.028301076817864 0.0513927306753549 -0.0940212676201659 -0.0222612854891269 -0.0164669510191489 -0.140690152016168 -0.0881607734363978 -0.20313070844964 -0.0974916647717145 -0.0928405412260829 0.0158804742040881 0.0369514050361025 -0.254675677841146 -0.284189396612622 -0.169531507182761 -0.132813275663727 -0.0158271298052016 -0.0343374009977183 -0.145283250321133 -0.154676246729398 -0.10485821858763 0.135092875608731 -0.128161754525007 -0.0323623577819636 -0.0681045254394819 -0.0204945088934474 -0.0650223126990599 -0.0828463273533357 -0.166046562483679
-9999 -9999 -9999 -9999 -9999 -9999 -9999 -9999 -9999 -9999 -9999 -9999 -9999 -9999 -9999 -9999 -9999 0.139091517844799 0.0741402311659491 0.0279932718932958 0.0694465956927366 -0.116426961394643 -0.00210819887788799 -0.0698283479289192 -0.111589230951899 -0.0308636688879001 0.016839622799497 0.0160019969901346 -0.150755191949372 -0.0393623726508969 -0.0557776703026802 -0.115987179245854 -0.183458914343532 -0.158516506321868 -0.0567964302009154 -0.0553275232190287 -0.0108061493747452 -0.101418602411297 -0.157083360929258 0.0617370288146067 0.139596974329887 0.0374922763013119 -0.051538358092912 -0.0682840503032063 -0.0550141278965185 -0.114872465449682 -0.231377212364185
-9999 -9999 -9999 -9999 -9999 -9999 -9999 -9999 -9999 -9999 -9999 -9999 -9999 -9999 -9999 -9999 -0.0116147918469392 0.112049090239995 0.12960926081172 -0.0330530834259764 -0.0599591963692639 -0.0872290644458339 -0.195451096354324 0.0585815371299627 -0.00737511740373024 0.0312273030908359 -9999 0.137743790154832 0.0264642637987199 0.0621872469718374 0.0232011178908909 -0.162275351647193 -0.139600277898205 -0.0819275312544567 -0.0634690942180811 -0.192132789690374 -0.15333981872096 -0.0548373613591777 -0.00856310689014281 0.0463253927264167 0.122614427016663 0.224172707332613 0.165822909278573 0.0297233447063281 -0.00827910524964347 -0.0529281045771049 -0.163951446658011
-9999 -9999 -9999 -9999 -9999 -9999 -9999 -9999 -9999 -9999 -9999 -9999 -9999 -9999 -9999 -9999 -0.0750129195775464 0.145404123799567 0.100376775223819 0.00757492369496815 -0.144035503189336 0.00287437774032379 0.0466007230397641 0.0142621894258894 0.0379501854581119 0.0483797299246247 0.0754302264449314 0.336068599243525 0.134534054635618 0.037539237422246 0.0606182536386601 -0.0222133022003616 -0.00794102748646226 0.0583965745188218 0.129397900623164 0.0018741679215607 -0.0496100896084608 0.192225073059238 0.167229504184413 0.141768583035857 0.0805941689106965 0.126564060639392 0.129911142443005 -0.0245077634640576 -0.0244761135639441 -0.0227670687096464 -0.0666965070605175
-9999 -9999 -9999 -9999 -9999 -9999 -9999 -9999 -9999 -9999 -9999 -9999 -9999 -9999 -9999 -9999 -0.0521282694758122 0.185414752027054 0.23446729571078 -0.03577797406622 0.00732501407968575 0.142698847399944 0.0970059918712837 -0.133023459127467 0.181996435413874 0.0616250189029773 0.0832515854385071 0.136379093734267 0.253410364027607 0.264500307161225 0.00687616349004979 0.156691513830458 0.0398749642265094 -0.0858649660347215 0.0100758500470578 0.164187486468828 0.041509809249613 0.172736412792308 0.188618812075197 0.259679055041632 0.102719837710998 0.295933785498181 -0.161268490733314 -0.0309671341622178 0.0671408509269326 -0.218381712692359 -0.110520735234284
-9999 -9999 -9999 -9999 -9999 -9999 -9999 -9999 -9999 -9999 -9999 -9999 -9999 -9999 -9999 -0.0454663174080377 -9999 -0.0941212313550926 -0.235029434098722 -0.149159106200938 -0.0575602286993478 0.0170749268313923 0.338630621982583 0.154718469387476 0.230637551017756 0.118460098548548 0.0759490151464089 0.164692719693424 0.0874222412114479 0.203732070357299 0.16422832801866 0.232578424340142 0.14675190781728 0.0635967044153804 -0.0555702575645816 0.112399057940049 0.0977202807079657 0.0871801586563343 0.15935812803267 0.24977653494414 0.338402188068384 0.421910447217912 0.225659389838596 0.166002865595065 -0.0239232429341985 0.0238608459691794 0.00995765543000761
-9999 -9999 -9999 -9999 -9999 -9999 -9999 -9999 -9999 -9999 -9999 -9999 -9999 -9999 -0.0367957971189887 -0.0806217409649864 -0.183982841407749 -0.0684665965872608 -0.173249930957274 0.090192473719251 0.01304997918667 0.0877798069783774 -0.124336729486935 0.0936745226014074 0.294923873114949 0.176858728219412 0.0811080950350644 0.0269284651600607 0.071011142985022 0.294271756990397 0.259990450153086 0.0571371763075077 0.0900896242040609 0.0981504024961763 0.107117372651754 0.122770850910849 0.323972495912544 0.132719432778721 -0.0431812570233115 0.0863689659696682 0.266513413319185 0.298184368318133 0.138329409993004 0.150513684573566 0.0594288018244644 0.066704349166151 0.0764529698590672
-9999 -9999 -9999 -9999 -9999 -9999 -9999 -9999 -9999 -9999 -9999 -9999 -9999 -9999 -0.0407435562467638 -0.110691250587068 -0.112888144213001 -0.0818088532967354 -0.115432838579077 -0.0261299481849441 0.0668911940877151 0.193031890830383 0.00590563431284368 -0.178744727337359 0.0434170139998985 0.119853540109208 0.050920646319755 0.0378276324066461 0.0605435661713871 0.334034958219216 0.296370255988523 0.122328150859378 -0.0497526187715092 0.189754012312833 0.0893374617100907 0.137928054173564 0.171923311797373 0.188919054912862 -0.0887465455268667 0.103293034150838 0.122319596985354 0.304267501316545 0.0540722177887231 0.0289989690955787 0.0350879340795693 -0.0911831681083123 0.070861400743811
-9999 -9999 -9999 -9999 -9999 -9999 -9999 -9999 -9999 -9999 -9999 -9999 -9999 -9999 -0.0176262262475951 -0.127074643451309 -0.200059666374898 -0.182069016175742 0.0900647366095608 -0.0253485189391241 0.0425985638681752 0.218973619482238 0.149420567659778 -0.0219078716903557 0.107033468135632 0.132170498720052 0.279037433444395 -9999 0.192741727283422 0.198018670737822 0.20770031696397 0.277327096552464 0.111572787027453 0.0111788075693807 0.133804596986431 0.141180281337071 0.203311126989289 0.128689757233504 -0.029365760595342 0.044568487413883 0.0426746440399655 -0.109486545484356 -0.0725541005454509 0.000538558637069352 -0.058801066641733 0.101334863074019 0.0811297707051882
-9999 -9999 -9999 -9999 -9999 -9999 -9999 -9999 -9999 -9999 -9999 -9999 -9999 -0.0981683459275056 -0.071916363375946 -0.147236342324207 -0.221373702750504 -0.314911104145882 -0.0639593022912039 0.212575406104611 -0.030473357762706 0.0565246478851533 0.20361494206961 0.0556686314030842 0.0723491769786387 0.0363511840272757 0.217545106785555 0.218678607444432 -9999 0.176725721410822 0.0133185023123056 0.147379999716782 0.247296512468972 0.0750733404619275 0.0142658330578993 0.179090655509709 0.144455106534843 -0.0130521093629921 0.136236684856485 0.209978025983424 0.284565234867481 0.0105065572980092 -0.263740222940661 0.294973682055429 0.0155984843418115 0.111456082504151 0.0875411620839862
-9999 -9999 -9999 -9999 -9999 -9999 -9999 -9999 -9999 -9999 -9999 -9999 -9999 -0.0870362301724734 -0.119804596570479 -0.0993980321236015 -0.197018968077899 -0.271384739896288 -0.199001695119486 0.138830293799441 -0.00894353322604102 -0.0146232688106899 0.212836404607208 0.151486532218609 -0.0037024065663881 0.154811113485969 0.218298585602272 0.0964307897468264 0.209411688848966 0.35443498835319 -0.039360303557131 -0.108895497581201 0.0696348771386011 0.239455915380393 0.159197636725386 0.131355043170406 0.186226000176621 0.0814221679389372 0.221785923803955 0.190467022819119 0.215308041249774 0.182231859741363 0.108555917339256 -9999 0.172958958750591 0.167703047466519 0.203096817773254
-9999 -9999 -9999 -9999 -9999 -9999 -9999 -9999 -9999 -9999 -9999 -9999 -0.0993410546468162 -0.135732652491175 -0.20645228209391 -0.163645870994905 -0.181070942023452 -0.259420411532659 -0.420603707177589 0.111503562764496 -0.00751617936370326 -0.0531328084357629 0.123177782295572 0.240820192683816 0.168508142961637 0.117939691618244 0.151524979319177 0.215573640374564 0.244250765222737 0.179172953818387 0.27435769160903 0.150023558185677 0.107124738371845 0.0937084398879918 0.217102022961465 0.1782474462917 0.0934375598059577 0.183801139586895 0.142349076614278 0.210435549175909 0.16208460527272 0.134249716056109 0.06076952646016 -0.432338913908257 0.261351382450952 0.0438226690339322 0.105855096499399
-9999 -9999 -9999 -9999 -9999 -9999 -9999 -9999 -9999 -9999 -9999 -9999 -9999 -0.0845070996390072 -0.132727643155894 -0.175012438666247 -0.241464290545256 -0.215441980080756 -0.193440999236265 -0.157615157167721 -0.192266673340772 0.0064390079855834 -0.0613127146085631 0.121426439553901 0.147541487983344 0.116959527517245 0.0943314760174592 -0.0450362157194869 0.151633437101036 0.171343772172325 0.140308437715294 0.103566468042012 0.0794268473433039 0.0279620274304739 0.0698627890120434 0.205831897800196 0.163941175301562 0.154730218157799 0.182001207195988 0.173505597414701 0.10176204912166 0.0681947084906465 0.133371443154235 -0.181411654136829 -0.0182225416840265 0.0597253482746659 -0.224331004952804
-9999 -9999 -9999 -9999 -9999 -9999 -9999 -9999 -9999 -9999 -9999 -9999 -0.195905283570597 -0.250802002208308 -0.0206646699956856 -0.189033306052675 -0.219504534752899 -0.371455735821343 -0.192963828470088 -0.200951346246817 -0.13521960411615 -0.333946017638359 -0.10295696958721 0.0953093130378472 0.129156892142084 0.189474767804872 0.0109804857639222 0.0477243071184972 0.0490922652919205 0.0351635840936399 0.0501336850191179 0.0228974406846885 -0.0339646417828426 -0.027655532820324 0.035569991225855 0.0499741216447829 0.257768031937034 0.138389217851641 0.141201495873946 0.167296508634026 0.102194321001307 0.0296679028793842 0.119493742257374 0.0565932545570683 -0.0569610891782154 0.112017979614332 0.0659740760425989
