data/rasters/s4.06.07.cu.4_xyz_08_.asc
NCOLS 100 
NROWS 100 
XLLCORNER -4 
YLLCORNER -4 
CELLSIZE 0.08 
NODATA_value -9999 
[rows 66 to 87 of 100, columns 48 to 95 of 100]
0.33408879194738 0.34473841192277 0.263804954890061 0.310110585128369 0.429633439891553 0.49545826454853 0.447466917824777 0.415663365412483 0.37585691071372 0.333235774087306 0.181877809616776 0.128482245650238 -0.0423727980038883 -0.199779736432368 -0.247121887794292 -0.162152395185615 -0.219803683082552 -0.26448515649969 -0.270991352123281 -9999 -9999 -9999 -9999 0.0611338153292519 -0.0240215637578185 -9999 -0.0592325745380997 -0.147281043458706 -0.0746203824227604 -0.139568092671153 -0.0456492678416672 -0.051440895648824 -0.0806682401760643 -0.108797432281804 -0.0880828875581124 -0.186800303169014 -0.164040098326948 -0.433001640944838 -9999 -9999 -9999 -9999 -9999 -9999 -9999 -9999 -9999 -9999
0.31687520927779 0.410598102441899 0.471362216784946 0.286815435975117 0.318045206222308 0.275296306298176 0.367745099221047 0.401413580437878 0.407005468668195 0.409649952747018 0.249207873645995 0.153351292206121 0.179935552005695 -0.0899937872856461 -0.202989088370905 -0.105021270936423 -0.205947046840557 -0.249893953061078 -0.351461601933333 0.287092728081861 0.280936846049457 -0.00482181112157589 0.138342977903857 0.107562988380672 -9999 -0.0462835223028831 -0.0530941919502598 -0.134067937429656 -0.0882802575688452 -0.0462410526410214 0.0580625991167939 0.00297796357854678 -0.0292006500423068 -0.0450507993598306 -0.0924133718521869 -0.096085751047505 -0.115775865037542 -9999 -9999 -9999 -9999 -9999 -9999 -9999 -9999 -9999 -9999 -9999
0.362582174305343 0.373354145723059 0.395755252087236 0.413261540088669 0.345185093180187 0.286500396364373 0.37261931577357 0.340135688871052 0.423682764756113 0.34976438259018 0.314820164673436 0.178449633134174 0.0164222881984874 -0.0421930195287208 -0.0908174305379235 -0.0633835890126796 -0.158795190152735 -0.233883506984321 -0.0771802230502794 0.0216631677634237 0.231735190547085 0.0162899941293543 0.107619810521772 0.0769762701373125 -0.151509580975706 -0.171032125046413 -0.119359362928141 -0.138184413116665 -0.14957907926651 -0.0380060448353979 0.0069397504246848 0.0763436175265262 0.0335183026248395 -0.0377394014204739 -0.0272789911504581 -0.080920727748295 -0.17643938510475 -9999 -9999 -9999 -9999 -9999 -9999 -9999 -9999 -9999 -9999 -9999
0.211959977369335 0.297929685331546 0.366599366017416 0.369528019826419 0.325991915489175 0.299332837644971 0.384151417927413 0.366777778893343 0.356729931897417 0.476466597759269 0.268479427530209 0.130642465435702 0.118626453060987 -0.000429551822568729 -9999 -0.164564960071748 -0.205478880122347 -0.121270079347337 -0.170829001495229 -0.183822917226015 -0.161687196553204 -0.0528466502726036 0.112794692413618 0.112015094706972 -0.130194832233868 -0.191931139170138 -0.137832871948296 -0.068540498228635 -0.0535115071829239 -0.0477449052170155 -0.024887167403625 0.0361578727144179 0.00964772183161696 -0.0457599524702641 -0.000622631282906272 -0.026507500013177 -9999 -9999 -9999 -9999 -9999 -9999 -9999 -9999 -9999 -9999 -9999 -9999
-9999 0.255310859127082 0.319625842252372 0.386553087269742 0.336374117886756 0.245237372349415 0.284115618194967 0.380180625172252 0.368012840069487 -9999 0.256544298321512 0.0760551265665195 0.150010063259257 0.0564440837963937 0.108103313892205 -0.139733722294147 -0.173622681369075 -0.132105504785094 -0.125926499408742 -0.123827560335099 -0.117444100866999 0.00102993833043689 0.0629944400894833 0.105860339966086 -9999 -9999 -0.114144569197497 0.0104032739537868 0.264090462286611 -0.18796077103845 -0.0285919402364287 0.031427618861978 0.0181465320986065 -0.0688226486165999 -0.0790485598974597 -9999 -9999 -9999 -9999 -9999 -9999 -9999 -9999 -9999 -9999 -9999 -9999 -9999
-9999 0.143762007593437 0.300968757053703 0.295672120140689 0.298960428552969 0.248598782751997 0.287077645223686 0.369898727000367 0.360429040617341 0.277922905331065 0.247804827291254 0.101618257322492 0.130776461385797 0.135932509236883 0.03809265643088 -0.0363493317995524 -0.0561686705497912 -0.138364078936418 -0.0409653545963463 -0.066899300366699 -0.0463769775621171 0.0155204227784766 0.0362819289065682 0.0474962676896012 -9999 -9999 0.0186575111840846 0.0399783861790269 0.0353754370836056 0.0526939021447494 -0.0106692452073693 0.0561066269805218 -0.029084415688404 -0.0504377487275863 -9999 -9999 -9999 -9999 -9999 -9999 -9999 -9999 -9999 -9999 -9999 -9999 -9999 -9999
-9999 -9999 0.257548352272367 0.268093300586176 0.272832508337351 0.238588899504741 -9999 -9999 0.338614340540115 0.301908409246758 0.188627622247363 0.21229084637741 0.132202992974623 0.0762221529326394 -0.0183608374875017 -0.0675808911896759 -0.0543211999051986 -0.0400565579000727 -0.050078422622086 -0.019390992986055 -0.0218373675745126 0.0681688716033254 0.121537509822425 0.171719245978124 0.192363191987942 -9999 -9999 0.00621664480638987 -0.0406549678807365 -0.00386769761383747 -9999 0.0115878373501584 0.0137401055294904 -0.041266185003389 -9999 -9999 -9999 -9999 -9999 -9999 -9999 -9999 -9999 -9999 -9999 -9999 -9999 -9999
0.203893414884237 0.266788534115222 0.197420362950751 0.200090322148857 0.255140665579814 0.323763164381266 -9999 -9999 0.308581692463716 0.249977899318725 0.188186491403749 0.188560237000763 0.0941618089364289 0.00281183554273726 -0.00271031117968121 -0.0736419113967281 -0.0650815281599757 -0.0901986350736752 0.0137038972187216 0.0129722029824774 0.0590699605681934 0.114876581177737 0.151898300361945 0.152329904250135 0.226245757343667 -9999 0.196092121658266 0.098916930869314 0.00709042254550252 0.0557791380361424 -0.0794650750207111 0.030669690732328 0.0335603303593062 -9999 -9999 -9999 -9999 -9999 -9999 -9999 -9999 -9999 -9999 -9999 -9999 -9999 -9999 -9999
0.179115946580574 0.167915748048928 0.223260447057042 0.172984093995118 0.176250211612266 0.294348280057114 0.302176023858929 -9999 0.343880709514527 0.170571117338394 0.194037108278715 0.149683082554099 0.0969971556258004 -0.0319423406224025 -0.0127077219100531 0.0835451134056165 -0.0610601737401608 -0.0561204085136257 -0.0189691480346637 0.0526080888035607 0.132967149302429 0.164830446692026 0.195072558298833 0.158149117467218 -9999 0.0993915618312343 0.0938369430061422 0.0398637830083094 0.0217989754478733 -0.0128526090672814 0.0728312233793998 0.0359092006512958 -9999 -9999 -9999 -9999 -9999 -9999 -9999 -9999 -9999 -9999 -9999 -9999 -9999 -9999 -9999 -9999
-9999 0.119025347867857 0.174228439184254 0.168415379795438 0.195320095279914 0.235741638350732 0.284612552660307 0.22473004542274 0.214153944566455 0.146557895570234 0.159787358949365 0.142646070375328 0.240277691781925 0.0262757515141243 -0.0820755260887766 -0.033873696545712 -0.00165210713009045 -0.00258100943192535 -0.0236939312658557 -0.0175407090152211 0.0881989473818905 0.123065455573189 0.136656791216567 0.141087494487795 0.184591132970633 0.16069360386072 0.047981950357413 0.0859012286602307 0.0710990713731059 -0.0307521042890853 0.0507102571521601 0.0218265697670049 -9999 -9999 -9999 -9999 -9999 -9999 -9999 -9999 -9999 -9999 -9999 -9999 -9999 -9999 -9999 -9999
-9999 0.106773726746942 0.104539646557938 0.200392941388036 0.205628806818935 0.189936849407702 0.160646615176625 0.184736927860193 0.105677879490398 0.0839797559909777 0.115766497271787 -9999 0.230695513057134 0.0524335049141081 -0.0633787477632592 0.0291307068646231 0.0209487610313046 0.108136432401508 0.0287073762472884 0.0566909085330243 0.136387030837626 0.0897205989238515 0.0802211948563454 0.0611557684248415 -9999 -0.0298735937465291 0.0655494783444602 0.114166047031992 0.078044525009727 0.0754835338176184 -0.0471151114895534 -9999 -9999 -9999 -9999 -9999 -9999 -9999 -9999 -9999 -9999 -9999 -9999 -9999 -9999 -9999 -9999 -9999
0.236401045096024 0.202264854147112 0.201027127186499 0.196331152596206 0.246449326390042 0.15630886671797 0.153619694286795 0.137588139217687 0.164612998718617 0.0699283799243895 0.0610644489940835 -9999 0.194712742607941 0.152782341111598 0.101620592902901 0.0892962211000609 0.164208007722192 0.162778986222684 0.073336270048704 0.102988670322314 0.0828648260277368 0.0431684418789254 0.0685979841678303 0.0663293839017282 -9999 -9999 0.070688316339655 0.0581831439258875 0.0537491748846381 0.112665000052712 -9999 -9999 -9999 -9999 -9999 -9999 -9999 -9999 -9999 -9999 -9999 -9999 -9999 -9999 -9999 -9999 -9999 -9999
0.244639218805717 0.218792367552757 0.235568962878951 0.261155518697415 0.236301537380215 0.175588252050924 0.187808999695572 0.211825537174328 0.133761509309286 0.141370859844415 0.0601220748708357 0.128934849131645 0.196996062141595 0.123143548838855 0.118040962731957 0.0860020529108256 0.104165437883111 0.146927509915828 0.131089211392225 0.107655956045224 0.085763408212037 0.055066652804733 0.0567517983205495 0.0530686718308272 -9999 -9999 -0.0390304320343349 -0.0381481919119337 0.0231913289803873 -9999 -9999 -9999 -9999 -9999 -9999 -9999 -9999 -9999 -9999 -9999 -9999 -9999 -9999 -9999 -9999 -9999 -9999 -9999
0.257667436739021 0.269627808919931 0.29447500260935 0.219104142344565 0.247888768870994 0.153655661750004 0.221100372003164 0.18796052684799 0.0927917091128287 0.105545830317594 0.122822099211937 -9999 -9999 -9999 -9999 -9999 0.112117512768587 0.116744804977068 0.123597494957135 0.178370871657841 0.085996046209471 0.0584960129417138 0.0650488058270153 0.0402110844054227 -9999 -9999 -0.0475099939307476 -0.0658030005656027 -9999 -9999 -9999 -9999 -9999 -9999 -9999 -9999 -9999 -9999 -9999 -9999 -9999 -9999 -9999 -9999 -9999 -9999 -9999 -9999
-9999 0.341877753792354 0.381541688703549 0.348447279796996 -9999 0.227601885652131 0.212532238221383 0.13530867348466 0.164981188856744 0.111571125073801 0.149274093784523 0.479300763946653 0.0347605537807021 0.261719740772249 -0.0215431977966392 -9999 0.0927357747571307 0.104717527452018 0.145213713418789 0.140011865239711 0.0726448974348567 0.0168893159354796 -0.0115497026263233 -0.0161464529877926 0.0342097160662989 -0.0760229669550438 -0.0520563136246761 -9999 -9999 -9999 -9999 -9999 -9999 -9999 -9999 -9999 -9999 -9999 -9999 -9999 -9999 -9999 -9999 -9999 -9999 -9999 -9999 -9999
-9999 -9999 0.286710895336465 0.357414534291371 0.237026804877724 0.254718283782085 0.255775132932679 0.169215221315382 0.0740609678490335 -9999 0.103728099600213 0.116333938182267 0.138083927313267 0.092915250533063 0.0768231537916829 0.0432418452388652 0.083464668499587 0.118938821741762 0.12938923808365 0.145609177689925 -9999 -0.030551979069862 -0.0294724594426738 -9999 -9999 -9999 -9999 -9999 -9999 -9999 -9999 -9999 -9999 -9999 -9999 -9999 -9999 -9999 -9999 -9999 -9999 -9999 -9999 -9999 -9999 -9999 -9999 -9999
0.254138895085609 -9999 0.246692376831024 0.259531075080488 0.208984706018242 0.325851802912837 0.202793030534812 0.137237505257848 -9999 -0.00148952927484734 0.0764788102947193 0.128112370414362 0.0825213274024289 0.0312172850476118 0.143727393898848 0.0972341048909263 0.0251720572216212 0.0989914283521703 0.134500615805474 0.129693887675835 0.108767219390927 0.0658475422622827 -0.0966676813199162 -9999 -9999 -9999 -9999 -9999 -9999 -9999 -9999 -9999 -9999 -9999 -9999 -9999 -9999 -9999 -9999 -9999 -9999 -9999 -9999 -9999 -9999 -9999 -9999 -9999
0.286516510382646 -9999 0.332806421257013 0.186143223513301 0.203555012306953 0.159611240534771 0.140722032543106 0.146232402867984 -9999 -0.0349068806025032 0.0867157008649953 0.0713550081687467 0.0562295747828762 -0.036647471619102 -0.0290907039340983 -0.00847365967668265 0.0721051954017532 0.144534330694778 0.187539417898351 0.120529624433387 0.0973122038582121 0.0712593936167014 -9999 -9999 -9999 -9999 -9999 -9999 -9999 -9999 -9999 -9999 -9999 -9999 -9999 -9999 -9999 -9999 -9999 -9999 -9999 -9999 -9999 -9999 -9999 -9999 -9999 -9999
0.351918114675596 0.407186943385475 0.305166353344651 0.29870010423851 0.235712501465771 0.155737320259753 0.115583202568435 0.171898397414058 -9999 -9999 0.0762645510467343 -0.0225332072022112 -0.0388570141704787 -0.0532538653251901 -0.0409172633690564 0.0598506620514556 0.0794344530400743 0.0281206427058996 0.0822554282286381 0.0608221977744948 0.147429459794306 -9999 -9999 -9999 -9999 -9999 -9999 -9999 -9999 -9999 -9999 -9999 -9999 -9999 -9999 -9999 -9999 -9999 -9999 -9999 -9999 -9999 -9999 -9999 -9999 -9999 -9999 -9999
0.384163292254651 0.387501730264765 0.302417443503448 0.196589834580808 0.249354888128324 0.220653739025095 0.204086728228686 0.0398237056749139 0.0618990489012038 0.180328285808531 0.0113771140320681 -0.0313424902193383 -0.0927966924587923 -0.0880020761635136 0.0124156380987771 0.0339247502372792 -0.0105066110113981 0.0615259861590726 0.00768010580199534 -9999 -9999 -9999 -9999 -9999 -9999 -9999 -9999 -9999 -9999 -9999 -9999 -9999 -9999 -9999 -9999 -9999 -9999 -9999 -9999 -9999 -9999 -9999 -9999 -9999 -9999 -9999 -9999 -9999
0.348776308529878 0.258905724237444 0.356951430404298 0.180837615981399 0.288909430788877 0.272189357898927 0.160668568961094 0.153081954720049 -0.0197739137944717 0.163226172783442 -0.0201933999498748 0.0352919717373541 0.155504741599351 0.00375776844842385 0.0488104094130036 0.0417723057162441 -9999 -9999 -9999 -9999 -9999 -9999 -9999 -9999 -9999 -9999 -9999 -9999 -9999 -9999 -9999 -9999 -9999 -9999 -9999 -9999 -9999 -9999 -9999 -9999 -9999 -9999 -9999 -9999 -9999 -9999 -9999 -9999
0.106858795488486 -9999 0.182392605327392 0.15672183305334 0.155027075810998 0.184405544177509 0.28890224522156 -9999 -9999 0.0803758257838621 -0.0926159547981671 -0.0177531206779201 -9999 -9999 -9999 -9999 -9999 -9999 -9999 -9999 -9999 -9999 -9999 -9999 -9999 -9999 -9999 -9999 -9999 -9999 -9999 -9999 -9999 -9999 -9999 -9999 -9999 -9999 -9999 -9999 -9999 -9999 -9999 -9999 -9999 -9999 -9999 -9999
