data/rasters/s4.06.07.cu.2_xyz_08_.asc
NCOLS 100 
NROWS 100 
XLLCORNER -4 
YLLCORNER -4 
CELLSIZE 0.08 
NODATA_value -9999 
[rows 63 to 83 of 100, columns 48 to 95 of 100]
0.21739355567983 0.200165772174399 0.041602076336449 1.84867146785283e-07 0.0509290452936465 0.017427978707415 0.00327641594916968 0.0975540866138857 0.228942646137878 0.224265787302597 0.306634372357638 0.447194054169616 0.569086620879376 0.580590977480822 0.600339956282559 0.658056617479057 0.47005012941032 0.283900045477506 0.278757859382085 0.272648286285405 0.311024225345299 0.290901026881345 0.25147228315241 0.304837391541025 0.234195637531932 0.247259130553504 0.19298270436084 0.0781417900073384 -0.1743083897339 -0.300296078811858 -0.372727274634787 -0.413947514084748 -0.449570097488417 -0.434364184882277 -0.339337921746233 -0.318808169027381 -0.315037467236813 -0.262296673970163 -0.197915176372977 -9999 -9999 -9999 -9999 -9999 -9999 -9999 -9999 -9999
0.292529815446475 0.251218986127102 0.247886302971874 0.261536394738458 0.16854326155364 0.0750243780991467 0.0511096641816973 0.167265874835359 0.311929909655134 0.393930413367249 0.521994961468097 0.626936589640488 0.751746165031537 0.705128860293925 0.697566462180563 0.698202540932444 0.470001557633217 0.387318627485569 0.347392526457792 0.382029741120781 0.362362029872411 0.276553060725827 0.279907308146319 0.296149121296059 0.302893047234014 0.33779639522047 0.306965546534791 0.0931498041644792 -0.0556672172659653 -0.327537131866272 -0.414072112905736 -0.502191884829766 -0.453622850031493 -0.363273608196919 -0.388888447466375 -0.29410551488969 -0.244762539056843 -0.211533768374364 -9999 -9999 -9999 -9999 -9999 -9999 -9999 -9999 -9999 -9999
0.35218553676805 0.340686750940258 0.354316117071171 0.397260762324121 0.291476291289368 0.164536965082027 0.152400002649419 0.230802676116744 0.361159029043977 0.472432296625226 0.584211853474674 0.96462918696942 0.702762430665835 -9999 0.680111815203616 0.736123197832703 0.484953618922276 0.38690070133243 0.382012977996397 0.38409838087582 0.362436281571374 0.290599981118823 0.289719222046086 0.302571059805835 0.350029766733557 0.318329068430869 0.273392188409373 0.159197164285097 -0.0208421701332507 -0.228774549712205 -0.383143701462695 -0.47917514976921 -0.430287361008309 -0.348169923751005 -0.339272273546115 -0.271688687212741 -0.23844963881852 -0.189052911512874 -9999 -9999 -9999 -9999 -9999 -9999 -9999 -9999 -9999 -9999
0.384524685522697 0.415100890031976 0.429564799352133 0.374928194393632 0.292271476647179 0.28954886638684 0.303356796006425 0.381710578602549 0.495995947048114 0.477656988391959 0.543940746291844 0.539716994672177 0.965622031118826 0.877722198691063 -9999 0.616713735391505 0.560331219564459 0.477492935018797 0.345372032007875 0.336117522344345 0.372942523841245 0.329542206579741 0.316673857150346 0.364382087514754 0.344752077803306 0.269984141948787 0.255505225992018 0.251100581281392 -0.0523401952343637 -0.214313176202403 -0.279182726304904 -0.378179248622133 -0.228960690293604 -0.351481762044317 -0.289128468241961 -0.20333254889362 -0.22818863217082 -0.226601951420659 -9999 -9999 -9999 -9999 -9999 -9999 -9999 -9999 -9999 -9999
-9999 0.505719527799314 0.460219510695809 0.376801423882194 0.381958860368928 0.423355175217946 0.484156839552741 0.516624018566275 0.530336433132754 0.823795145991254 0.602838249549743 0.644539363528329 0.867342194278873 0.835777225760093 0.814310130096867 0.593951548737883 0.560833887717128 0.47154567186536 0.448494402076983 0.360793714120806 0.362968234005182 0.427841932759351 0.408151224055951 0.392343236816326 0.339523916172507 0.330344302800379 0.236026728359574 0.167723192949579 -0.0152120456421289 -0.157978341993285 -0.300851501322302 -0.00850520264540552 -0.0973715684205589 -0.255924309883538 -0.265177736520862 -0.192708112959187 -9999 -9999 -9999 -9999 -9999 -9999 -9999 -9999 -9999 -9999 -9999 -9999
0.554606084071934 0.602083379734963 0.528598652805843 0.449826202295947 0.402445158826775 0.522509187409972 0.570862656623105 0.567055898217393 0.487307893806325 0.975374107463679 0.760193885821965 0.553252243794472 0.821513767077811 0.728106045696823 0.783093699972328 0.590515910629073 0.5521744885931 0.526925088989728 0.476184742940489 0.430544817585472 0.459035992659592 0.510057612309427 0.481777547963574 0.462495204092184 0.354948454105284 0.276366009951703 0.259067152906354 0.251000283256205 0.123881179686598 0.055746168122836 -0.0928701909625833 -0.0947159316737041 -0.192244791197297 -0.184979611389283 -0.24540792533509 -0.182691811044071 -9999 -9999 -9999 -9999 -9999 -9999 -9999 -9999 -9999 -9999 -9999 -9999
0.564195963886888 0.586652645983224 0.66024118256672 0.502647829088632 0.499594128115369 0.511757305960633 0.572281857184287 0.52670538392548 -9999 1.04264640632379 0.763323382231692 0.558584812562353 0.704806026071712 0.715489930591013 0.701108587369466 0.664744454534619 0.616401651594249 0.530563600478046 0.499077116903739 0.504926775913058 0.582483535444073 0.558957793490342 0.618752051949438 0.545407933245303 0.44127859857902 0.325848968986732 0.317374739863977 0.293402785970395 0.317847540493608 0.256903315901143 -0.0520145713936334 0.212167066657697 0.126118648181827 0.0563829736330776 -0.126247086785474 -9999 -9999 -9999 -9999 -9999 -9999 -9999 -9999 -9999 -9999 -9999 -9999 -9999
0.572443896355297 0.633143065840697 0.484219082352607 0.460046582937613 0.450037008040768 0.51298000876783 0.501349682330367 0.525295130056915 -9999 0.488232550258984 0.397004768033016 0.482429334658405 0.519762543023352 0.637653341430846 0.610181924593848 0.619493060297787 0.532327068578545 0.502991704750498 0.473590823694589 0.551038462526564 0.513102510575134 0.536245847261947 0.561107423078647 0.534480232846175 0.518759921455418 0.507264194377724 0.412379324753565 0.37150133319669 0.466062178371924 0.533987760070513 0.376689053229977 0.141394741464563 0.314291485881188 0.290255635165101 0.229984604780321 -9999 -9999 -9999 -9999 -9999 -9999 -9999 -9999 -9999 -9999 -9999 -9999 -9999
0.734023829931167 0.672916477129538 0.535497802370631 0.427844939046854 0.449588989564107 0.484693565125208 0.482091944046954 0.502175525845991 0.496981355298919 0.413166908808019 0.345894274377681 0.415161277165145 0.517235237525728 0.597871369354536 0.573246281608474 0.518199937614073 0.398721550745771 0.446196657560826 0.456858062396191 0.4508867796231 0.47011908649446 0.496494850857477 0.536130801036363 0.55305393935429 0.565289327049848 0.609762484010776 0.588272128305788 0.406250643514546 0.741902517079865 0.583296759354793 0.43153091717994 0.333099456575318 0.325962084745852 0.284015718342611 -9999 -9999 -9999 -9999 -9999 -9999 -9999 -9999 -9999 -9999 -9999 -9999 -9999 -9999
0.738986593169131 -9999 -9999 0.759473870140976 -9999 0.405837023045327 0.456274592892866 0.454393959274798 0.431726104185085 0.455739686973137 0.45233414244311 0.448690532915927 0.551845078078114 0.588003600167348 0.579303337065715 0.529438540172656 0.37778279322775 0.407175986282121 0.391831268118331 0.423288415601999 0.494292770219977 0.532597817851672 0.562816159314417 0.56518709375949 0.551092357263877 0.605644560136595 0.628816446636743 0.71595462055549 0.723117150323439 0.658496255569359 0.553318377111447 0.454003359048526 0.400251129221406 0.379608309581964 -9999 -9999 -9999 -9999 -9999 -9999 -9999 -9999 -9999 -9999 -9999 -9999 -9999 -9999
-9999 -9999 0.693862603042178 0.690327918620217 0.441278293696037 0.439980380520865 0.413678231837915 0.395981980582689 0.404003735779906 0.388018050668032 0.418053171224796 0.525008421399983 0.521452240937923 0.528954025721948 0.562546142054007 -9999 0.49862672750808 0.540380284581968 0.390616315146314 0.441362798611174 0.526416959908583 0.54886007874197 0.591232831995045 0.582291878336718 0.571492903427801 0.586570810983319 0.661714513379743 0.645488884612664 0.771142929917813 0.742876647544028 0.646208786360179 0.514940678198282 0.466697930546092 -9999 -9999 -9999 -9999 -9999 -9999 -9999 -9999 -9999 -9999 -9999 -9999 -9999 -9999 -9999
0.428871872603926 0.705962068521396 0.665830869720786 0.621199063469309 0.531480026761901 0.481091776690441 0.471438769034284 0.406109965476864 0.385019191064677 0.351100943756756 0.387444942107442 0.459067026656667 0.461229912938816 0.486494467032304 0.426280866018167 0.522213544998436 0.514893235488737 0.53464621079724 0.409216314326218 -9999 0.580878563024789 0.578305485228956 0.577807250248077 0.562540320401423 0.521279021463907 0.543265913729459 0.593741660504779 0.563707523697844 0.799505246208773 0.752901090162682 0.5703904392694 0.53649012533604 0.589693899567963 -9999 -9999 -9999 -9999 -9999 -9999 -9999 -9999 -9999 -9999 -9999 -9999 -9999 -9999 -9999
0.572590476110751 0.67868434441716 0.611800177602599 0.544303057525618 0.519128954288447 0.518382299565322 0.445096026771217 0.317551986775004 0.292547659458578 0.328541216582692 0.398179647167686 0.435009206708701 0.408356342312086 0.453170945042307 0.448096507947885 0.492668775967283 0.498048325989011 0.505877012735521 0.538856364510702 0.510342791377686 0.512919125731688 0.555219353563585 0.555028190874226 0.487152560458207 0.433514420600716 0.430960079679342 0.468819628567387 0.60022437996014 0.636634789340668 0.692189113938288 0.6493919416793 -9999 -9999 -9999 -9999 -9999 -9999 -9999 -9999 -9999 -9999 -9999 -9999 -9999 -9999 -9999 -9999 -9999
0.207489895054036 0.746973496331672 -9999 0.551198437108629 0.460035798131667 0.42648040627059 0.361655827649104 0.242783310169389 0.260900523418973 0.379709778543478 0.47307272058491 0.486362456804256 0.410987615400539 0.372959270064085 0.359558170485424 0.445152642537322 0.50663825387018 0.524761180296809 0.546710883169704 0.548964143975616 0.535680586514057 0.536109455201286 0.462063314834352 0.406754968843335 0.425951109821593 0.363387979282294 0.377585490262298 0.544935961132784 0.523517518480812 0.530082027604545 -9999 -9999 -9999 -9999 -9999 -9999 -9999 -9999 -9999 -9999 -9999 -9999 -9999 -9999 -9999 -9999 -9999 -9999
-0.0076594310263354 -9999 -9999 0.460365757086668 0.469288962294862 0.26176613211168 0.197693676707188 0.172787515497773 0.182789819032025 0.276494248402834 0.221061561491589 0.25885295333435 0.248174884812457 0.245812214642863 0.218028347378968 0.155282792524909 -0.0259330923542104 -9999 0.640014466186396 0.582192566545509 0.507452812026878 0.423287908337803 0.368983470184838 0.376845350960003 0.381428546997128 0.390284497108459 0.415315528671137 0.460159979977925 0.457416354439006 0.467475082544539 -9999 -9999 -9999 -9999 -9999 -9999 -9999 -9999 -9999 -9999 -9999 -9999 -9999 -9999 -9999 -9999 -9999 -9999
-9999 -9999 -0.0517457364367144 -0.0488410592871536 0.39358984797894 0.235720679413351 0.101379580328361 0.0247749299877291 0.00153660975533629 0.0298261486280377 0.112257045186199 0.0780081245881021 0.108875582245041 0.0520572665129406 0.0312118403886606 -0.0707594005228072 -0.0757086758259016 0.0611527146655217 0.236500574328496 0.427567330436408 0.347155608436074 0.312961446805017 0.303459326008822 0.273937519779656 0.332540374321205 0.327045693056899 0.328715473573627 0.364887127873 0.426798305965653 -9999 -9999 -9999 -9999 -9999 -9999 -9999 -9999 -9999 -9999 -9999 -9999 -9999 -9999 -9999 -9999 -9999 -9999 -9999
-0.0593787244798173 -0.102776411665624 -0.306159653404974 0.073616770426352 0.149422082694122 0.193095046531738 0.07914314942572 0.11147183143339 -0.00177474583038847 -0.00819340561703924 -0.0355591467486086 -0.0265715486587447 -0.0438946844126013 -0.121071413291028 -0.163401740037816 -0.178848462944136 -0.182484326907439 0.126974521881903 0.199085919633099 0.0701744241375321 0.138178542294522 0.112188993300469 0.187437889454634 0.173054918168539 0.210422452053831 0.32063835989034 0.302115474465788 0.323281481823113 -9999 -9999 -9999 -9999 -9999 -9999 -9999 -9999 -9999 -9999 -9999 -9999 -9999 -9999 -9999 -9999 -9999 -9999 -9999 -9999
-0.110067719482407 -0.156462868935475 -0.272237171081754 -0.0961302775468536 0.0322457632376908 0.0963404864849253 0.108656342943252 0.00473071331404002 0.0367825337726947 0.00315296288109422 -0.0735539346247856 -0.0405195035183213 -0.0873896772178717 -0.141481926965958 -0.241793735067418 -0.275192799568048 -0.205553025793748 -0.147344801586821 -0.0597691372768467 0.0315222996389597 0.0468836081834105 0.120932937979734 0.126247085282619 0.164683617011665 0.278714632835598 0.298464767879532 0.255284781602494 -9999 -9999 -9999 -9999 -9999 -9999 -9999 -9999 -9999 -9999 -9999 -9999 -9999 -9999 -9999 -9999 -9999 -9999 -9999 -9999 -9999
-0.36311681649137 -0.438523195199366 -0.445020231645102 -0.276293209772171 -0.169148892098699 -0.0853688599897445 0.0906049569809161 0.0391057779363292 0.0178510129568194 -0.00723534930363906 -0.0685370696108192 -0.08839876147241 -0.142919928149402 -0.167236436797771 -0.228257832607799 -0.295948133853412 -0.26175460455361 -0.193185324512983 -0.098025650491986 0.00777903026126269 0.0234189242976471 0.0574845545765185 0.117596700563514 0.124820550122681 -9999 -9999 -9999 -9999 -9999 -9999 -9999 -9999 -9999 -9999 -9999 -9999 -9999 -9999 -9999 -9999 -9999 -9999 -9999 -9999 -9999 -9999 -9999 -9999
-0.375215351384191 -0.451662806084115 -0.454789048900622 -0.348163571145063 -0.308451456911853 -0.243233269729474 -0.219661999959987 0.0246055378486876 0.0288673200201884 0.0253056992311984 -0.131191001063344 -0.218752203957864 -0.166363064260397 -0.212335415136027 -0.183434997603659 -0.217915924273841 -0.281334857886121 -0.160761383161435 -0.095731458234916 0.0155317856061751 0.0707900564426751 0.0472798180334909 0.0693932156685442 0.0771530670832323 -9999 -9999 -9999 -9999 -9999 -9999 -9999 -9999 -9999 -9999 -9999 -9999 -9999 -9999 -9999 -9999 -9999 -9999 -9999 -9999 -9999 -9999 -9999 -9999
-0.50553943734917 -0.50872605147364 -0.492897840413216 -0.432407418650161 -0.441532302886625 -0.342453570387867 -0.260796698674802 -0.00446176491910693 0.0992035281287193 -0.0233611002690148 -0.166819534444764 -0.212190258108089 -0.187079598553193 -0.18397619192448 -0.179130129920562 -0.217458087921592 -0.249411334520313 -0.142425590848333 -0.0729766393741193 -0.0119598226148894 0.063704661268491 0.0138269068927534 -9999 -9999 -9999 -9999 -9999 -9999 -9999 -9999 -9999 -9999 -9999 -9999 -9999 -9999 -9999 -9999 -9999 -9999 -9999 -9999 -9999 -9999 -9999 -9999 -9999 -9999
