data/rasters/s4.06.07.li.3_xyz_08_.asc
NCOLS 100 
NROWS 100 
XLLCORNER -4 
YLLCORNER -4 
CELLSIZE 0.08 
NODATA_value -9999 
[rows 42 to 62 of 100, columns 0 to 46 of 100]
-9999 -9999 -9999 -9999 -9999 -9999 -9999 -9999 -9999 -9999 -9999 -9999 -0.225559108661643 -0.26684255597169 -0.272924322736867 -0.0455596220805117 -0.0882829044883194 -0.292629564530057 -0.31207060092759 -0.203507373366413 -0.19664730435185 -9999 -9999 -0.0068121267028691 -0.0159191443599701 0.016330379908784 0.254432210271623 -0.0187573980088312 0.0930411222859685 0.0254987598982033 0.139288753152428 -0.037884269560886 -0.0928696294449498 -0.0137581079451139 -0.0364560458769817 0.00346127303651168 0.0626630430139081 0.0525436408666588 0.0884862859469897 0.0999526154332212 0.122032502777563 0.00638304595371966 -0.0962720031866636 0.229221118507637 0.106711189421371 0.0348760282612735 0.0279965621350978
-9999 -9999 -9999 -9999 -9999 -9999 -9999 -9999 -9999 -9999 -9999 0.0259257912635184 -0.226757683025852 -0.285540795923504 -0.154862799559593 -0.127653631536139 -0.0389104525419505 -0.129974483674096 -0.220962153243206 -0.287232317227717 -0.198907386874859 -9999 -9999 0.150676191479721 0.0242554652576534 0.0809275435988082 0.0903861854187521 0.157283530497867 0.116806675993963 0.0229822733923303 0.0349180072243725 0.101787848261198 -9999 -0.0665746435062509 -0.192687857443366 -0.0385962261987984 -0.0863229036203875 0.0635989569219533 0.30863840870041 0.010288310802427 0.0400573676861784 0.0828061260994841 -0.0776837298770181 -0.0483446709734241 0.0256808040658294 0.101333541524207 0.0746111562565369
-9999 -9999 -9999 -9999 -9999 -9999 -9999 -9999 -9999 -9999 -9999 -0.245405244059843 -0.243952060125437 0.0670329362684711 -0.0599963200052476 -0.188809668238669 0.042221965041729 -0.0316743725305306 -0.00286556650497613 -0.131564044857522 -0.193955723910633 -0.255580835814524 -0.124222796990408 0.0181463804262264 -0.0457712445996278 -0.0242075670334338 -0.0110830636009578 0.159399495212294 0.12362697797022 0.0741401081710569 -0.0594388375318069 0.00472545479442775 0.00416665363295261 -9999 -0.103939438770887 -0.135936928355793 -0.0896178390562391 -0.0690586377317898 -0.0462376138082265 0.199542972073357 -9999 -9999 0.0027459887425063 -0.142632551562806 0.00677384707450252 0.13647562569024 0.0668925840904538
-9999 -9999 -9999 -9999 -9999 -9999 -9999 -9999 -9999 -9999 -9999 0.245378017347839 -0.151117423037406 -0.0865800604757503 -0.157870131680761 -0.113085240247815 0.0227953731272302 0.133141002712198 0.0316206464748915 -0.0463914601154735 -0.109424395627905 -0.218004560512731 -0.038792207245527 0.0197112763953987 0.0565050000869296 0.109233524875858 0.063172994399804 0.141356097415268 0.106581539646551 0.0768107045301766 0.0667657317848137 -0.0148724999162251 0.00146351943273272 -0.0899112308651795 -0.119969617323344 -0.147431960107021 -0.151070485317109 -0.0744611755366615 -0.116769320885376 0.0949161620342934 0.0954316269720617 0.0515284081486534 0.115510884980026 -0.0101939282538366 -0.125787273251219 -0.018021638945361 0.0289967022645551
-9999 -9999 -9999 -9999 -9999 -9999 -9999 -9999 -9999 -9999 -9999 -0.0630698494461776 0.0132266116612282 -0.0217029789821486 -0.0638891131842746 -0.0790255770615438 -0.0390683279402293 -0.0829817681687062 -0.0492470701297467 0.0746532276604756 -0.133307564290475 -0.198682083842016 0.000766071468188544 -0.0620038928136805 0.133597359115277 0.175141652366987 0.139260603653987 0.112486511171376 0.0792964780731979 -0.0510191956043072 -0.0253654654776406 -0.0435297556674269 -0.0539486487246096 -0.0829261579475451 -0.211894803836793 -0.205102881432718 -0.206090181962126 -0.119370761558877 -0.176744391205839 -0.034009086057703 0.00161615452442865 -0.0325620249306374 -9999 0.053097633694536 -0.0934385417909507 -0.090780025155584 -0.036702515314466
-9999 -9999 -9999 -9999 -9999 -9999 -9999 -9999 -9999 -9999 -9999 -0.0734885399530268 -0.107781167549006 -0.0988129204975209 -0.141431868362681 -0.0343910685882381 0.0342787095807101 -0.0714708796163106 -0.0482959264416063 0.0539026025294111 -0.0979585309100314 -0.102306027742301 -0.0833351342337655 0.00614579974070034 -0.243263589973411 0.0209961864370296 0.0814430546282369 0.0576610771327356 0.0920325666786431 0.0383675773327499 -0.0264039951070285 -0.106746516971711 -0.0740813826098905 -0.107309870235433 -0.18361513292064 -0.159076015248251 -0.1986331690399 -0.128319849228681 -0.112105147303855 -0.0479629060253862 -0.0491398565233776 -0.116202097634723 -0.189621818935404 -0.065252892521471 -0.0944453996651904 -0.154857634839497 -0.0192343723296906
-9999 -9999 -9999 -9999 -9999 -9999 -9999 -9999 -9999 -9999 -9999 -0.162132310765951 -0.134222664517267 0.0338991473465393 0.0169189045840257 0.220253488072538 0.40640652422789 0.0671666562563219 -0.0141720123705917 -0.141110770324081 -0.0712922523328051 0.00235766372154669 -0.0953747840132318 -9999 -0.0829643092206776 -0.082553587549105 0.0838014357046732 0.11711801258615 0.076847151924085 0.109260918740809 -0.146687605764484 -0.0529425294235449 -0.0809300884483248 -0.130627588073353 -0.20247102065785 -0.204005637390092 -0.120381466842304 -0.127889651521869 -0.103285618638408 -0.0372874545093358 -0.126505233830549 0.0779074867845503 0.146367300475861 0.148710506591614 -0.0548905483805862 -0.0684379960586688 -0.0724366893965639
-9999 -9999 -9999 -9999 -9999 -9999 -9999 -9999 -9999 -9999 -9999 0.0443796182309227 -0.0381261148502195 -0.00184406748662816 0.0422478921880692 0.141252621497138 0.436467153866575 -0.0117942821242611 0.196516040416744 -0.00925395257930038 -0.0273127098213488 -0.111441736436634 -0.0252404005439128 0.0481357681749605 0.0634818832695977 0.0343705468374774 0.0434445148182548 0.0493587394349958 0.0417012906369015 0.125028659559871 0.0307232843209305 -0.106139501072652 -0.107864204151695 -0.0562694773916759 -0.0665772957155671 -0.188407198643327 -0.230916070905283 -0.182432936944811 -0.111978463315474 0.0412949928791784 -0.00246409513230293 -0.0142395419562042 -0.0265032688123512 -0.10459377858731 -0.0833220844138855 -0.0540903479057661 -0.147073721636128
-9999 -9999 -9999 -9999 -9999 -9999 -9999 -9999 -9999 -9999 -9999 -0.012513957366833 -0.138525183039583 -0.0575376065339266 0.181453230373638 0.043834667516133 0.0412717799749397 -0.0784408510297243 -9999 -0.077946608389657 0.00596140036309813 -0.173162633638987 -0.127858045546159 -0.0934482023581407 -0.0826060496854389 -0.102477706775181 -0.220355968555234 0.0416959383080921 0.0409287268980098 0.0086904758710758 0.00055210294948843 -0.0249388565441877 -0.157626843027868 -0.123597618240693 -0.0954027802141366 -0.0994626327363877 -0.242027343789167 -0.400267206505293 -0.0332202686939587 -0.035070249464032 -0.0788311828255612 -0.00531029787594729 0.00913227520795423 -0.0639424961894299 -0.148658367002008 -0.127503384694437 0.0093613528187297
-9999 -9999 -9999 -9999 -9999 -9999 -9999 -9999 -9999 -9999 -9999 -0.0829835102345546 -0.105599589426427 0.0848070790204117 0.109024908213553 0.181871472590988 0.0299524310364508 -0.0868152508129733 -0.082038820782066 0.00527720270122178 -0.0797242530733312 -0.164139746795108 -0.335983401874713 -0.139605118804532 -0.106296305782822 -0.0120375604961832 -0.00403046904172676 -0.103662660812564 0.0587757880313727 0.0241755288985366 0.0602954567775146 -0.0540489375263686 -0.0765595670952677 -0.160439183174547 -0.0522675374734453 -0.126722875754809 -0.224718112775683 -0.304505383261121 -0.407931764930531 -0.0129811947297572 -0.236528867514968 -0.177989749181805 0.0369622779493666 0.029176641280957 -0.0847643037052404 -0.0365143308046014 0.0794265066745847
-9999 -9999 -9999 -9999 -9999 -9999 -9999 -9999 -9999 -9999 -9999 -0.158145711255482 -0.159096077125093 0.0369564544627202 0.0642224087042848 0.177058664508352 0.188566138188682 -0.0498756342981731 -0.204789698307625 0.000292693441968157 0.0427708947638689 0.0153785959870006 -0.190364558886039 -0.112817793320395 -0.156493561052408 -0.0910077241448283 -0.049273487530842 -0.181999575827945 -0.0155950606806337 0.0545077415483792 0.0567097466321096 0.0704243864612846 -0.114101873513071 -0.0941081711032592 -0.0485560005790457 -0.112015964994743 -0.123454649164275 -0.16220746445369 -0.218643659922562 -0.167299090503148 -0.181849123155269 0.0978483616400017 0.0183581592885026 -0.0321669825108867 -0.0238227637757894 0.0361300877837215 0.136710573181968
-9999 -9999 -9999 -9999 -9999 -9999 -9999 -9999 -9999 -9999 -9999 -0.0588397275722863 -0.163666595031589 0.0472948808579253 -0.0344686814202464 0.0700939762476872 0.185580456312975 0.0428215532292445 -0.062744726815316 -0.192197813306091 -0.0796009097689864 0.0518996976852238 0.0530472724498172 -0.000825134056031903 -0.0537423911439105 -0.118354607435664 -0.0461589011925949 -0.125368142336376 -0.0416158881338173 -0.00994571840184793 0.0641077485589709 0.112867428485682 0.0128822554059773 -0.026374959276392 -0.152594993920032 -0.111544771766779 -0.0667336986083772 -0.0563738040274959 0.142395222581818 0.0500034052741531 -0.145932505017539 -0.103408288234154 0.0695199277308019 -0.00151274690204018 -0.0830632650066499 0.0073871916080702 -0.130370272412975
-9999 -9999 -9999 -9999 -9999 -9999 -9999 -9999 -9999 -9999 -9999 -0.028525333065851 -0.143604466435292 -0.0338753286712396 0.047554006740268 0.0474978887246009 -0.00180036234640909 0.104040623127618 -0.0147230173533325 -0.133585995464039 -0.232633127926555 0.0760013608650555 0.0999219010425992 0.0855696849354767 0.0323630949338551 -0.0451299020832923 -0.0210189629954725 -0.0452786063856812 -0.0049830993534633 0.214729919368004 0.171096476907021 0.0999212451454141 0.0851812125486393 0.0482624619993428 0.0459820447362011 -0.171632318987305 0.0964004741141929 0.0116486949722258 0.155261204621145 -0.0815065495843183 0.0908579242253126 0.0298777160256907 0.0673604477019817 0.127995133975324 -0.0530131270588797 0.0369247780831739 0.0827193615625799
-9999 -9999 -9999 -9999 -9999 -9999 -9999 -9999 -9999 -9999 -9999 -0.0575981415212112 -0.155745940663753 -0.100195546146837 0.0197322003153473 0.0663425592787429 0.0632312640080253 0.0374360920253158 0.0417688204122666 -0.0117146292868376 -0.016631424053438 0.132372067546386 -0.0265510511244408 0.0447608392924203 0.032560201355929 0.0078464160797018 -0.101831849180616 0.00228879974785351 0.0264963599042713 0.187933927735073 0.233235744047861 0.0487012142944655 0.109411689172787 0.0464820785228487 0.0668474005657589 -0.179696953506108 -0.0427082271797682 -0.0489674178284784 -0.039983157071695 -0.00858674048594629 0.0630919241097531 0.013412382884474 -0.0584121210065349 0.0420525770195778 0.027489533911825 0.0557957448002019 0.191877185861263
-9999 -9999 -9999 -9999 -9999 -9999 -9999 -9999 -9999 -9999 -9999 -0.0410000916816748 -0.0933525142066386 0.00233178831565281 0.0494381697783206 0.0886335740562645 0.0352558056693865 0.218596110620309 0.0957954979029522 0.00470342185500457 -0.0458765311355953 -0.0868284751782166 -0.104570364479669 -0.0939164321103159 -0.0218740391753146 -0.039275396343306 -0.0288448349553777 0.0194694222380413 0.0811147847879784 0.0938641429695664 0.11071530229617 0.139102502378062 0.104240590174517 0.0653865841906897 0.0482890926129926 0.00256261133088463 -0.19060213399144 -0.0983860208256252 -0.108819466480049 -0.0419943243261376 -0.0595235298462305 -0.00130372942244651 -0.0808249055726136 -0.106437783030441 0.0133493349482929 0.0456093434229367 0.0806462741443876
-9999 -9999 -9999 -9999 -9999 -9999 -9999 -9999 -9999 -9999 -9999 -9999 -0.158860375593912 -0.1120472942219 0.0953023694717066 0.153684253405024 -0.00163437493668484 0.0183626818922166 0.109110149223249 0.0991767653258278 0.0386773679417386 -0.119092813386782 0.0342031941410906 -0.0206445854903668 0.0368042397790204 0.150944542492643 0.0847619406525483 0.201317029253043 0.094599143697049 0.117642738135593 0.18965862100641 0.101978084220641 -9999 0.0473723160314961 0.0762998627344242 0.11125246488302 0.0814196101527582 -0.259072088427919 0.00167761126038369 0.0150468984414752 0.11350171347124 -0.0787756507001778 0.070636329353385 0.0473284163630549 0.0793675441466052 0.0664176109015971 -0.0169789094526141
-9999 -9999 -9999 -9999 -9999 -9999 -9999 -9999 -9999 -9999 -9999 -9999 -0.0918878606076213 -0.0787459723055398 -0.0590526865450741 0.133273512759266 0.057543084644522 -0.0222464237479871 -0.0406803224633914 0.148606456488998 0.109673521806447 -0.00756375263405154 -0.0229304088849117 0.0451609057225727 0.0277212013612393 0.0993905610688908 0.159907280013111 0.0773445690381589 0.280621892260951 0.160011593092675 0.1021208747339 0.187447607806847 0.156929979448635 -9999 -0.30805121910842 0.140514625975974 -0.00170103808660889 -0.0775768887670598 0.0212351292814467 0.0560514163879763 0.250152415949442 0.11115500139441 -0.139902754009191 -0.071891636461549 0.0390819711698769 -0.0604109341020658 -0.0169377393014769
-9999 -9999 -9999 -9999 -9999 -9999 -9999 -9999 -9999 -9999 -9999 -9999 0.0563334215534167 -0.0643518520645631 -0.0276642028514859 0.0813229562080369 0.126824141052926 0.0796458734753683 -0.0836582914649203 0.00875879532329106 0.110229973370505 0.0372895104370492 0.148191244410465 -0.00272272254956761 0.163850601127357 0.129627025973009 0.227633722231339 0.209676948447569 0.115681572281197 0.243723031227316 0.181206131284561 0.224535385159656 0.214327739096286 0.222202086750365 0.121665348395547 0.127516764032568 0.131609684003497 0.0854015581871487 -0.0278811943031605 0.0320532619659692 -0.184777581936397 0.183186363169851 -0.0345966028063362 -0.362494546143885 0.105462417495318 0.156733618106113 -0.112939244951179
-9999 -9999 -9999 -9999 -9999 -9999 -9999 -9999 -9999 -9999 -9999 -9999 -0.026447834531734 -0.0835753812773073 -0.00592427930882167 -8.72762941495583e-05 0.0346723967518422 0.119438413758513 0.120504200039943 0.0363061345707521 -0.175292776596214 -0.0612149882458388 0.115453984953432 0.145751968923735 0.0625633676567885 0.187396544278826 0.10858049283629 0.195709641312669 0.197341954693747 0.310447120039401 0.304609687899187 0.160377576965444 0.272584389159661 0.15888544043568 0.152610679074615 0.0727195693708829 -0.174179329767876 0.156319063312273 0.00462324307358374 0.0908418955933087 -0.305952779982998 -0.0785836376911856 0.0674054427463973 -0.459248412778243 -0.147576995031619 -0.0362832555820107 -0.0653503676279367
-9999 -9999 -9999 -9999 -9999 -9999 -9999 -9999 -9999 -9999 -9999 -9999 -9999 -0.0839193396017859 -0.0383789659983954 0.085093677192319 0.098816456509163 0.448048072755479 0.0971989966320999 0.157092125206733 0.0435490478523615 0.00752061490937311 0.0289691636364136 0.0859519004216145 0.112097474977379 0.169675363021902 0.104173391983567 0.176021288681663 0.213045620220003 0.21283986569887 0.27288761328882 0.128255415685859 0.138083333638263 0.129026237804619 0.171853946500933 0.103187593229039 -0.0228494429494089 0.0779426241835131 0.0383051247811167 0.108855915509077 0.0250358577821417 0.0845694156086225 0.0179106688220978 -0.0519562853915207 -0.667904548626636 -0.0625177028065734 -0.0710246068325005
-9999 -9999 -9999 -9999 -9999 -9999 -9999 -9999 -9999 -9999 -9999 -9999 -9999 -0.163625591045235 -0.0996995793363045 0.100355225018188 0.172655478810243 0.153160329634795 0.048358578539967 0.10777541224107 0.106431199902549 0.088285768877053 0.0694733198610879 0.19638393901774 0.0308540724766223 0.140306986963596 0.143726316461916 0.144294803436686 0.215968685405207 0.225015649315153 0.225968044733344 0.229580903756712 0.100243294923201 0.136953515465946 0.128469728643928 0.118910512459356 -0.0739159490249667 0.0260037726584233 -0.11314462024892 0.0747769807479167 0.0938469527254489 0.224872285355373 0.0738425069409618 -0.0230823989199735 -0.121635445920251 -0.0910283768705399 -0.0643501274659005
