data/rasters/s4.06.07.cu.2_xyz_08_.asc
NCOLS 100 
NROWS 100 
XLLCORNER -4 
YLLCORNER -4 
CELLSIZE 0.08 
NODATA_value -9999 
[rows 63 to 83 of 100, columns 0 to 47 of 100]
-9999 -9999 -9999 -9999 -9999 -9999 -9999 -9999 -9999 -9999 -9999 -9999 -9999 -9999 0.570319637669526 0.503290300862794 0.452507923601518 0.28252868844757 0.183055821808593 0.120481157164935 0.0357281640930012 0.0347210723711286 -0.049519775907162 -0.0819402992967771 -0.0892203120651587 -0.056423974260998 -0.0363398684379895 0.130536974264784 0.103136742037153 0.38247129218941 0.384532123932829 0.412073659372674 0.654535683532134 0.537778045665584 0.54067960104506 0.247402825208666 -0.195916449478412 -0.296323847587154 -0.324983013972722 -0.277990728758026 -0.270972114781183 -0.244534119033077 -0.204570778142787 -0.120276233756235 -0.0242440239556481 0.0527167830673978 0.12373029611436 0.187563763431537
-9999 -9999 -9999 -9999 -9999 -9999 -9999 -9999 -9999 -9999 -9999 -9999 -9999 -9999 0.348702165186048 0.377388889311595 0.380100712889904 0.287516858727783 0.177007268936074 0.143045167545838 0.0996502438902409 0.100847094278182 -0.00303119707522802 -0.0596406861494823 -0.0217411786880527 0.0243085066063851 0.0191788439812666 0.0153949809634141 0.248894166829527 0.323115789151992 0.331740406531809 0.405645748087939 0.460014801606434 0.515114521661091 0.510146848036186 0.3241747167904 -0.164800421026286 -0.23330704639063 -0.314256595177914 -0.215045473536845 -0.237928671843255 -0.221273801833855 -0.191268773315616 -0.106142999164976 0.0499384738520702 0.149677870291508 0.215884338097385 0.249918174521177
-9999 -9999 -9999 -9999 -9999 -9999 -9999 -9999 -9999 -9999 -9999 -9999 -9999 -9999 0.257166263302552 0.305479277693052 0.27816833788973 0.329736352650991 0.23552319735619 0.188452751992998 0.156813863032361 0.215668297002518 0.0846400250281703 -0.0250561580343249 -0.0333272628759002 0.00622781344911687 0.0284880248544581 -0.0494174844009997 0.0964158746140695 0.268145796564773 0.303161880936031 0.598755857759901 0.519736380733391 0.481247103295248 0.441306768462726 0.441233884707573 0.0747899661641761 -0.184040935132204 -0.189398163251844 -0.203388836544227 -0.204505586809586 -0.192800267802488 -0.110193712442592 0.021043687192907 0.190322158925695 0.251052482673185 0.282764279598183 0.346160047808727
-9999 -9999 -9999 -9999 -9999 -9999 -9999 -9999 -9999 -9999 -9999 -9999 -9999 -9999 0.172277423739185 0.271939245993898 0.255895767323661 0.239073075911577 0.18577680821777 0.221784751923179 0.233369460977533 0.254621603760402 0.209623577489468 -0.0706942220308295 -0.184053173687506 -0.126691321742244 -0.0786646873023915 -0.12967205262934 -0.0447362304936363 0.110540923912723 0.0833553135353601 0.553813738199797 0.425169763690569 0.409690724536347 0.388777748190116 0.398615564933254 0.44921108290081 0.311486013622648 -9999 -0.00849902683294415 0.178774848852727 0.0535037798368569 0.12098898104612 0.126330974300441 -9999 0.347821771470727 0.331555370359589 0.432262477450669
-9999 -9999 -9999 -9999 -9999 -9999 -9999 -9999 -9999 -9999 -9999 -9999 -9999 -9999 -9999 0.208376827803327 0.131199488447883 0.210675177801645 -9999 0.180750829492061 0.189342445935008 0.217323833671835 0.0350017891848834 -0.180753167418997 -0.30063487353196 -0.284034672076105 -0.186620872594822 -0.210634367572107 -0.217204523235685 0.011703632954945 -0.0248334291272005 -0.0902796446658348 0.525130345092483 0.401679017849983 0.365470586031668 0.386366699222427 0.451776354746421 0.491810629709531 0.524692707477002 0.235583643422693 0.261416162967449 0.144233809702449 0.118170287801027 0.333455051819086 -9999 -9999 0.384715898810905 0.417982436310622
-9999 -9999 -9999 -9999 -9999 -9999 -9999 -9999 -9999 -9999 -9999 -9999 -9999 -9999 -9999 -9999 0.100603653044187 0.0880505469057864 0.27869358808536 0.226639161072402 0.209304996327732 0.205413365751419 0.126585537240682 -0.0533591912868274 -0.379279097686473 -0.371252350025481 -0.31391515984579 -0.244034430752164 -0.333784108421425 -0.325443431781859 0.0309865289645886 0.170228341104741 0.503539418002443 0.381586670566622 0.386510318189376 0.393506359058688 0.386632444408421 0.411305812215599 0.404570423526668 0.357509979572796 0.213453696845565 0.326921290556259 0.471548455937256 0.640933139377014 0.560153587083821 0.541880080317531 0.484130642056197 0.529931229838911
-9999 -9999 -9999 -9999 -9999 -9999 -9999 -9999 -9999 -9999 -9999 -9999 -9999 -9999 -9999 -9999 -9999 0.301996405709115 0.251735515207131 0.189726660542571 0.157374666116047 0.22976772300416 -0.163434305928147 -0.243263388265918 -0.267145751389674 -0.360420195478714 -0.425384858565399 -0.450844196565311 -0.373249867822296 -0.373148366212341 -0.0299940638231322 0.302442679513781 0.509585963964099 0.281179014239472 0.310978492568039 0.340975624188399 0.257905907923385 0.301022973824351 0.287264649919928 0.214210911361573 0.165347351970974 0.202105987421154 0.330647935982256 0.354617691847393 0.517658250440584 0.516239000513591 0.549731730319099 0.536624237404994
-9999 -9999 -9999 -9999 -9999 -9999 -9999 -9999 -9999 -9999 -9999 -9999 -9999 -9999 -9999 -9999 -9999 0.205787618855806 0.206145100817337 0.124075787354433 0.184691418423185 0.167980455186586 -0.134123401192818 -0.370697105002105 -0.377535611915962 -0.380392766874686 -0.432338740252135 -0.464680998453806 -0.369536850700431 -0.242082623053692 -0.0429439174584881 0.187795177550954 0.196286741981015 0.170548650866805 0.160203310268227 0.244800956359628 0.210405943631537 0.140813464582317 0.103204723924791 0.159888177172298 0.071889860797172 0.020489946326739 0.0795005159941482 0.205602166588407 0.361393495613164 0.318754085743521 0.54138833797085 0.538215003982961
-9999 -9999 -9999 -9999 -9999 -9999 -9999 -9999 -9999 -9999 -9999 -9999 -9999 -9999 -9999 -9999 -9999 0.143337147428456 0.155331075233394 0.101125259845047 0.119471075645673 0.1096414497766 -0.114079370141204 -0.35166406530842 -0.384349895454811 -0.436677671941675 -0.412669582492672 -0.43943857405044 -0.400026803333393 -0.290169633310538 -0.140459722291263 0.123759944687766 0.0332356674572449 0.0741714636926758 0.11246265656401 0.168988769416891 0.136911148517277 0.0699942092978363 0.0624550235054447 0.0596542055964563 -0.00794897613312495 -0.0276511866449619 -0.0128348620372679 0.0812011340411943 0.279956853789704 0.36329407854646 0.372318337954037 -9999
-9999 -9999 -9999 -9999 -9999 -9999 -9999 -9999 -9999 -9999 -9999 -9999 -9999 -9999 -9999 -9999 -9999 -9999 -0.0319924535809294 -0.0409285978949247 0.0530472033457743 0.0654429838316595 -0.0460679036283586 -0.258854659068171 -0.318023471864735 -0.38001557795142 -0.370298770616698 -0.328749035589307 -0.293083992688663 -0.231388687318826 -0.075338327458898 0.0357684312835581 0.128666512535641 0.0813016275028843 0.178474611058886 0.170697752242772 0.145650214271494 0.0930159849147183 0.0749606788455908 0.00865239361414871 -0.0560484910596114 -0.0765671298627335 -0.0471110641824303 0.0327668329643768 0.112109200579013 0.206825623250037 0.337458161069969 -9999
-9999 -9999 -9999 -9999 -9999 -9999 -9999 -9999 -9999 -9999 -9999 -9999 -9999 -9999 -9999 -9999 -9999 -9999 -9999 -0.0120001765175865 -0.0018776956335697 -0.0316062971092975 -0.0837511081142974 -0.203258834009414 -0.336082685171473 -0.345118824199116 -0.339269884799108 -0.246412065104421 -0.181083830025895 -0.138171077998102 -0.0648791281827344 0.0672773590397298 0.312669943758192 0.226007659257067 0.186224316214254 0.171201836005143 0.055258614295158 0.0761136245409956 0.0345151339979735 -0.0359750379154087 -0.0694287966592778 -0.0876437990498654 -0.0329736877001005 0.0284720100354614 0.0501669714481405 0.147763490419609 0.246262703629036 0.171422731132014
-9999 -9999 -9999 -9999 -9999 -9999 -9999 -9999 -9999 -9999 -9999 -9999 -9999 -9999 -9999 -9999 -9999 -9999 -9999 -9999 -0.0413147401282637 -0.0865385755967689 -0.0817123890368489 -0.169366670318789 -0.223736578044529 -0.192073039501185 -0.216785524224247 -0.163780745711885 -0.130170906855321 0.0439658621536438 0.0358015576240518 0.295505847827381 0.320904590586705 0.248140659245814 0.232743023590254 0.143335531457546 0.100255395697851 0.0496028886738702 0.0100212283456436 -0.0376047262796621 -0.00242333802357582 -0.0650881148155256 -0.0498824486260214 -0.0160635827683572 0.0135728567837146 0.0545686971353276 0.100433134737974 0.14793833374374
-9999 -9999 -9999 -9999 -9999 -9999 -9999 -9999 -9999 -9999 -9999 -9999 -9999 -9999 -9999 -9999 -9999 -9999 -9999 -9999 -0.160461652823739 -0.243835588535658 -0.178283373006768 -0.129418341043415 -0.0644062476909157 -0.186606614905691 -0.258971503037827 -0.259700509736786 -0.210961521093104 0.27818597087579 0.295410841769867 0.31450348815696 0.321143569645871 -9999 0.25195818634434 0.222899998217914 0.141055804768388 0.0549327356696947 0.00368285505497672 -0.0673468012910406 -0.0919116583201303 -0.113800667898745 -0.095024784673743 -0.0866177308839738 -0.049678578993533 -0.00753163340783616 0.00877287159635048 0.17730437929953
-9999 -9999 -9999 -9999 -9999 -9999 -9999 -9999 -9999 -9999 -9999 -9999 -9999 -9999 -9999 -9999 -9999 -9999 -9999 -9999 -9999 -0.184611556052843 -0.218093635800172 -0.205425513910182 -0.0029470143762042 -0.00422710235816977 -0.0408697837052392 0.182251614638376 0.166029339070412 0.190705846649728 0.230231198044949 0.256372117114931 0.362018044479181 0.439908636941819 0.195365162188623 0.176147690764041 0.122639954713674 0.0178862948447144 0.0063326725168658 -0.0821371153445797 -0.113700825322582 -0.141892206729468 -0.150803563201988 -0.115859046319073 -0.0524825755211361 0.0171396485422247 0.00789970738958582 0.0283740159406482
-9999 -9999 -9999 -9999 -9999 -9999 -9999 -9999 -9999 -9999 -9999 -9999 -9999 -9999 -9999 -9999 -9999 -9999 -9999 -9999 -9999 -9999 -0.195090648865795 -0.126378825724296 -0.0807766497449019 -0.0207135456395675 0.0474712374019785 0.111782540384626 0.0960048390505064 0.065716218630154 0.1228432735348 0.0224513753083859 0.113684048136089 0.368274455623579 0.321102864230282 0.207371457613465 0.127623614509709 0.105566659997849 0.0106192129873847 -0.0468834343331735 -0.0860689849556211 -0.144408817491708 -0.162698872166103 -0.070749316869408 -0.0633351552306476 -0.0259551938122332 0.056936710143049 -0.0186017185969209
-9999 -9999 -9999 -9999 -9999 -9999 -9999 -9999 -9999 -9999 -9999 -9999 -9999 -9999 -9999 -9999 -9999 -9999 -9999 -9999 -9999 -9999 -9999 -0.0836890886940328 -0.108227528396578 -0.0410194871012774 0.0074293876668175 0.0594635563115329 0.0406147655071887 -0.0103369112864812 -0.0318291830064198 0.0367538019659877 0.0497410841490355 0.275257715516965 0.178378447782214 0.123542037423308 0.145155871374008 0.0523838272286726 0.0243631255400176 0.0127484990964001 -0.0225706183476569 -0.0837938819413048 -0.151992683651921 -0.0671086581152994 -0.0351442234277226 0.0377031245806835 0.0696692511631908 -9999
-9999 -9999 -9999 -9999 -9999 -9999 -9999 -9999 -9999 -9999 -9999 -9999 -9999 -9999 -9999 -9999 -9999 -9999 -9999 -9999 -9999 -9999 -9999 -9999 -9999 -0.0542433445570005 -0.0700580024033643 -0.114806133931385 -0.123363017799062 -0.121189380110013 -0.0763505267945511 -0.0493652846670827 0.106030604421805 -0.0357705020168295 -0.145129210106346 -0.0959543859004348 -0.0769516824770602 -0.0308553622677451 0.0641483586415522 0.0589664490225616 0.0703911842287118 0.0239024117398587 0.0733587136189637 0.0186698774462226 0.0964404561460133 0.0983722295239109 0.0709474402684459 -0.108254724165733
-9999 -9999 -9999 -9999 -9999 -9999 -9999 -9999 -9999 -9999 -9999 -9999 -9999 -9999 -9999 -9999 -9999 -9999 -9999 -9999 -9999 -9999 -9999 -9999 -9999 -0.124914734790471 -0.104879657245099 -0.145662333924203 -0.157450644262412 -0.160246842580238 -0.154981916562631 -0.191022896944889 -0.156940837761795 -0.118869258737112 -0.268024334250182 -0.15779189511719 -0.135516893673537 -0.00664366681812662 0.0361496301197935 -0.117242497033717 0.168951695610133 0.0921157143838185 0.0965604586478735 0.0371164021325555 0.134571555245542 0.210168168024131 -0.0670005390857313 -0.208532109413935
-9999 -9999 -9999 -9999 -9999 -9999 -9999 -9999 -9999 -9999 -9999 -9999 -9999 -9999 -9999 -9999 -9999 -9999 -9999 -9999 -9999 -9999 -9999 -9999 -9999 -9999 -9999 -0.148123260349751 -0.157587150596106 -0.233294231943304 -0.270079989888732 -0.28942170082226 -0.307313617399358 -0.312989497003217 -0.264027793133476 -0.15824950626974 -0.178870628404085 -0.142933031389444 -0.182279279591241 -0.134573615529356 -0.0618520862339891 0.144513398830586 0.130741087316795 0.137072592270907 0.167028040694805 -0.0330070617765472 -0.205483556214065 -0.241303280134748
-9999 -9999 -9999 -9999 -9999 -9999 -9999 -9999 -9999 -9999 -9999 -9999 -9999 -9999 -9999 -9999 -9999 -9999 -9999 -9999 -9999 -9999 -9999 -9999 -9999 -9999 -9999 -9999 -0.213097205025038 -0.302202611036927 -0.291496826641209 -0.299508587314785 -0.363818359725053 -0.394372883996834 -0.299257036686962 -0.304709303902933 -0.273711409506977 -0.24689209197774 -0.222456828000624 -0.115913801274242 -0.0358893230715914 -0.00550904470259122 0.230681531628675 0.181423832476607 0.257915712366119 0.00919085621523486 -0.215909488966417 -0.369084254458202
-9999 -9999 -9999 -9999 -9999 -9999 -9999 -9999 -9999 -9999 -9999 -9999 -9999 -9999 -9999 -9999 -9999 -9999 -9999 -9999 -9999 -9999 -9999 -9999 -9999 -9999 -9999 -9999 -9999 -9999 -0.17051457290668 -0.173683176172178 -0.164580393795956 -0.342353341435723 -0.365966947004958 -0.362135426089025 -0.368382664071701 -0.350296849600409 -0.286654416420896 -0.196241089660003 -0.097424501631543 -0.0192845020356585 0.350351111272998 0.269078396389226 0.255524600910749 0.0900443774335791 -0.245452362766625 -0.376917674647498
