data/rasters/s4.06.07.li.4_xyz_08_.asc
NCOLS 100 
NROWS 100 
XLLCORNER -4 
YLLCORNER -4 
CELLSIZE 0.08 
NODATA_value -9999 
[rows 44 to 65 of 100, columns 0 to 48 of 100]
-9999 -9999 -9999 -9999 -9999 -9999 -9999 -9999 -9999 -9999 -9999 0.201275964795456 0.0902556284560571 0.04670971557666 0.0117473073717483 0.0578477581688466 0.319860951799859 0.206078590095095 0.163701851918296 0.0656633326138678 0.0985177613665007 -9999 -0.109380519752492 -0.109658231220756 -0.0792843473242286 -0.141421250208677 -0.142119944510966 -0.113174348283035 -0.1919479375017 -0.177643069687435 -0.163364328465791 -0.123979218349217 -0.0420219954050486 0.00839246130137613 -0.0242817815567323 -0.0691608015102521 -9999 -0.0306974574616915 -0.117359745913054 -0.192457921668835 -0.228953156483377 -0.129658240159901 -0.0738534088455233 -0.094436529640445 -0.0946474509474107 -0.0899026947643819 -0.0179263793369129 -0.00331088385494747 -0.0294258355464695
-9999 -9999 -9999 -9999 -9999 -9999 -9999 -9999 -9999 -9999 -9999 0.126533396238702 0.0622729747684628 0.167560570385483 0.147111410342384 0.0151578507897968 0.163102140216402 0.163545583016536 0.192284044071898 0.0552341056591123 0.129488539227168 0.139561535877907 0.0436633881277476 0.0101876218151952 -0.108747542765849 -0.195154461711715 -0.221760150605902 -0.145087668880341 -0.112870250691614 -0.142986613974373 -0.119785663203274 -0.110319254068267 -0.083722064534078 -0.122282440324818 -0.128703857938787 -0.0993733933577791 -9999 0.059331141728767 -0.137517175977731 -0.145996547303186 -0.161375014694572 -0.123630767428191 -0.0818776065199199 -0.0781390859228223 -0.121327700943198 -0.0357234081203434 0.0530241474554526 0.0634734837389777 -0.0442920520319482
-9999 -9999 -9999 -9999 -9999 -9999 -9999 -9999 -9999 -9999 -9999 0.144222417387488 0.0540076273389496 0.178303354324205 0.135864846527452 0.0391167553810725 0.15584562820943 0.213452104391126 0.122105090585948 0.0774507700304968 0.0576183727490649 0.159286265666896 0.127114904954438 0.0538377987907041 -0.0324676656949546 -0.147194503681435 -0.18229196814467 -0.141975821470678 -0.108677189250189 -0.105758074732326 -0.13750062461939 -0.167090867244899 -0.146810657109856 -0.0544883338853981 -0.0964840388581255 -9999 -9999 -9999 -0.0633637659469894 -0.0985919063399237 -0.0833978265741306 -0.145209073944816 -0.135182397389823 -0.100451876166056 -0.104786686030231 0.0121389087518616 0.0345742715788144 -0.0341323250227997 -0.0931360057859228
-9999 -9999 -9999 -9999 -9999 -9999 -9999 -9999 -9999 -9999 -9999 0.173898931187336 0.186640102273152 -9999 0.133779286667556 0.0645130836925948 0.0873216526793545 0.193042175247802 0.209821046290074 -9999 0.101405022540113 0.102107106614519 0.166330797224955 0.0601044479136175 -0.0253010882597472 -0.00516848061859314 -0.0895390319105046 -0.0449444602931081 -0.145397552316073 -0.11265697945263 -0.145142271530091 -0.166540256814621 -0.157716701084444 -0.012929073460508 -0.0316296305062337 -0.0521979024832706 -0.00341948342329286 -0.0639502387643323 -0.0347262996652062 -0.0729279619848003 0.00722027589084496 -0.0456071861925584 -0.125102280485903 -0.135786179714054 -0.0942899356892644 -0.0553805141306939 -0.0372519270733272 -0.0682383133925552 -0.0751209860698724
-9999 -9999 -9999 -9999 -9999 -9999 -9999 -9999 -9999 -9999 -9999 0.164639705678826 0.366991394687737 0.296085876689288 -9999 0.0600103835698438 0.0778014370796912 0.122705750770792 0.25842122905124 0.201664400384923 0.140411763419521 0.113025246700357 -9999 0.0535567778127958 0.0635082549310316 0.0702145051148764 -0.122408528675361 0.0207145168378421 -0.0533985456539334 -0.075575444284373 -0.024576959133366 -0.0505881039159594 -0.134611931415481 -0.159902783316125 -0.173526519496502 -0.163554278069546 0.0176165961734722 -0.0947275395731381 -0.104056305756694 -0.0886413413640823 -0.072253903661806 -0.144291585065195 -0.115436825514336 -0.0962266956092454 -0.0989306899035644 -0.0914796315696315 -0.0749790109782887 -0.0727991312256073 -0.0592656469123842
-9999 -9999 -9999 -9999 -9999 -9999 -9999 -9999 -9999 -9999 -9999 0.243676184131639 0.275614988229934 0.289899138261621 -9999 0.229056551405257 0.201679954839163 0.227573656470686 0.189834216647041 0.219187230564351 0.1694792277389 0.101205872548897 0.0813135365241991 0.0755021082320679 0.0587441890596647 -9999 0.0395208051034997 0.0352405799328941 0.0265939630876908 -0.0401965243195032 -0.0920209791183173 -0.0574195980442191 0.0729755922797878 -0.103385551622816 -9999 -0.105704074922492 -0.094908304107588 -0.114333422141406 -0.0501009655894385 -0.124452210385147 -0.129756029723954 -0.0456242091087626 -0.0827157701218262 -0.0750871432920787 -0.159330683781993 -0.189323545221874 -0.182529522139408 -0.138368066999261 -0.183073526697902
-9999 -9999 -9999 -9999 -9999 -9999 -9999 -9999 -9999 -9999 -9999 0.220601426132672 0.169978963286321 -9999 -9999 0.233407006729799 0.220578512248763 0.162593182019441 0.231617298039763 0.23668902756965 0.262176964599933 0.0924664692722751 0.11088971777172 0.088663875309262 0.113024700571478 0.117762586555076 -0.0114311462202223 0.100883068299301 0.0616488416145729 -0.0119490032257228 -0.10063706529686 0.0527916557333361 0.0556053652365744 0.0719328898400292 -0.0242541379571045 -0.114599727058655 -0.185647914957097 -0.205841816072619 -0.17272393260565 -0.170211543224641 -0.198548415189152 -0.0499966773228396 0.0323805828397365 -0.0587759686704088 -0.117511615450086 -0.13889226821142 -0.239066258462331 -0.191232152312176 -0.220243691617311
-9999 -9999 -9999 -9999 -9999 -9999 -9999 -9999 -9999 -9999 -9999 0.137468006904132 0.232681415889224 -9999 -9999 0.19930191538164 0.243903313672351 0.230440907569233 0.25113798173727 0.166060680028834 0.124086218965381 0.103692198176915 0.155363755361682 0.190359578800961 0.0932165138956058 -0.00549351923300596 0.0116776969932386 0.040623283335259 -9999 -0.00617975611618787 -0.0556335453357803 0.00552465272518552 0.047036028440311 0.0570012090103115 0.0369165909589396 -9999 -0.105750629357416 -0.156864044071357 -0.156095866295184 -9999 -0.184956381130666 -0.187694927237597 0.0151797108729787 -0.0327702588204665 -0.0468633343477168 -0.00982803145504216 -0.207079602622941 -0.236483092515341 -0.138958252852508
-9999 -9999 -9999 -9999 -9999 -9999 -9999 -9999 -9999 -9999 -9999 0.146708367056861 0.206115446017296 0.244858482291379 -9999 -9999 0.341688571099734 0.188673253836477 0.183420470364403 0.0786638997866323 0.0741971115984144 0.0707834561289181 0.136396087083862 0.145303204798811 0.00694821183332398 0.0214832751786992 -0.135991832826994 0.0151356523831929 0.0379255733842209 0.0076302183290755 0.0402652486370578 0.0692916294037124 0.0327308395923003 -0.0099645405398419 -0.0126266793271728 -9999 -9999 -0.160154571507804 -0.186011854558267 -9999 -9999 -9999 -9999 -0.0243386158920969 -0.0444946226690589 -0.0479900592095365 -9999 -0.0224078302653475 -0.183520975355715
-9999 -9999 -9999 -9999 -9999 -9999 -9999 -9999 -9999 -9999 -9999 0.153224698152812 0.19560573554238 0.214094821245688 -9999 -9999 -9999 0.163943238135274 0.109042300817456 0.0597502488612461 0.172599988831927 -9999 0.0940312604780519 -0.0225343206164091 -0.061025178958899 -0.0695828530497109 -0.0772364869974721 0.0442913174592889 0.0105627714602563 -0.012250508216936 -0.0244040598498261 -0.0363195426655073 0.0400339862488981 0.148498943322797 -9999 -9999 -0.266400752595679 -0.220066912577986 -0.317608288441486 0.0492979588412081 0.090700622995997 -0.0559879559121329 -0.0487124961414205 0.0566126030814509 0.0207259331655061 0.0477797550664536 -9999 -0.0328928308567067 -0.166274096141566
-9999 -9999 -9999 -9999 -9999 -9999 -9999 -9999 -9999 -9999 -9999 0.167696922564915 0.143282075688467 0.199427332020369 -9999 -9999 -9999 -9999 -9999 -9999 -9999 -0.112880074527712 -0.103458855606591 -0.115062981216055 -0.0863140220158401 -0.0748015956419568 0.0397935167260512 0.0707686381961921 -0.028650763720102 -0.0427443077338104 -0.0288456038699851 -0.14733654824337 -0.195685355473894 -9999 -9999 -0.255434851442893 -0.313346917033195 -0.282326490158694 -0.265853838742352 0.0358471334363014 0.0511999092478321 -0.0160963033932163 -0.0742040434155089 -0.0370205441248481 0.0548567077317514 -9999 0.0225233963413116 -0.093797511874337 -0.163372042301258
-9999 -9999 -9999 -9999 -9999 -9999 -9999 -9999 -9999 -9999 -9999 0.0341013586343229 0.136085525330049 0.225171709853659 0.289750855997792 0.277975076160575 -9999 -9999 -9999 -9999 -9999 -0.144595475745555 -0.119488256953902 -0.122870113797683 -0.156073650005187 -0.0622845132314232 0.0906388751798564 0.00544559211872756 -0.150618401299061 -0.0665304585898001 -0.0417652856470599 -0.185471381469548 -0.210716439736078 -0.110612405155578 -0.208248712868558 -0.163589685875909 -0.120935178886794 -0.187864915300321 -0.0815631516090117 0.0167824013946951 -0.0486006780165381 -0.0705504965499303 -0.113384000215982 -0.127527263903241 -0.0923508983640412 -0.116500571426687 -0.16384698104542 -0.104567393023507 -0.130429397319081
-9999 -9999 -9999 -9999 -9999 -9999 -9999 -9999 -9999 -9999 -9999 0.143504043597653 -0.0975228926248884 -9999 0.33425452794189 0.302129291349234 0.301460983258251 -9999 -9999 -0.0929177720588575 -0.0854105484449957 -0.125039036232058 -0.120722171604878 -0.164896677924289 -0.0842350935990247 -0.100763161218884 -0.112606218496672 -0.152213446682878 -0.180536775196373 -0.197182104972522 -0.258682766445431 -0.302502283325975 -0.230362692642488 -0.294045598598135 -0.244915716792223 -0.113207423325815 -0.225376252938306 -0.221720717804302 -0.0547555353592922 -0.106788446054639 -0.144750141265691 -0.171433418790332 -0.173619814506804 -0.147397242380029 -0.184649739881645 -0.142402017785716 -0.127684073585077 -0.106254655167194 -0.189935899990116
-9999 -9999 -9999 -9999 -9999 -9999 -9999 -9999 -9999 -9999 -9999 -9999 -0.0922753573367428 0.255819033113162 0.213772034773279 0.219988242668 0.266824600556746 0.0985204568674692 -0.0174161685077233 -0.118665832655331 -0.174375971033084 -0.148050096893904 -0.151237786422563 -0.101779731614203 -0.134592855130403 -0.0617341524799559 -0.102266274748439 -0.084837439937522 -0.107727457600736 -0.186179059669837 -0.193083458693061 -0.238550953651188 -0.250633335050438 -0.216908820608437 -0.260133144601771 -0.291868435059022 -0.20999356392561 -0.197788292023189 -0.190656544629571 -0.192715771470169 -0.23048487104109 -0.217121535168579 -0.198062777682374 -0.236090903213996 -0.22210911727217 -0.195611973651475 -0.222774535911373 -0.0900511114663777 -0.0597456738243729
-9999 -9999 -9999 -9999 -9999 -9999 -9999 -9999 -9999 -9999 -9999 -9999 -9999 0.26761366429493 0.252250265553314 0.245171748471174 0.0460171110407273 0.0337071983234865 -0.0013022921767416 -0.0463292219074719 -0.160427520637573 -0.085876278958151 -0.0508785285297864 -0.00400035419956182 -0.184754743717683 -0.060174615242661 -0.0710894809185593 -0.119812834549079 -0.148979223495312 -0.213215335838753 -0.098071865466471 -0.1442632626505 -0.179119283678419 -0.153958346065655 -0.191372197747095 -0.285220431699469 -0.285504571021139 -0.265194307008287 -0.276789414682797 -9999 -0.215868650583384 -0.208739569235952 -0.211904544379918 -0.19153605667678 -0.236794383549111 -0.223227810743478 -0.177559820470533 -0.123097558591458 -0.194466226887403
-9999 -9999 -9999 -9999 -9999 -9999 -9999 -9999 -9999 -9999 -9999 -9999 0.508342804968095 0.433936652981059 0.369140754980737 0.0691633279284388 0.0673372119167703 -9999 -0.0372923212323814 -0.118849467483204 -0.101020418680435 -0.0265842577608938 0.0158577162759785 -0.0680467616330617 -0.135852366773467 -0.0364263477587565 0.0952240356393322 -0.109267549743689 -0.0435249093745226 -0.100214768433093 -0.0302358212599732 -0.132046860218748 -0.130927198103938 -0.132879753478237 -0.288344954798602 -0.216547326059349 -0.241214096261984 -0.203775571906002 -0.0105174324845409 -9999 -9999 -9999 -0.0511058665150244 -0.0335635484589761 -0.15488500349416 -0.149225242701346 -0.15250215761398 -0.252169370145301 -0.243430669062434
-9999 -9999 -9999 -9999 -9999 -9999 -9999 -9999 -9999 -9999 -9999 -9999 -9999 0.241204287869852 0.163108815235556 0.14563147635367 0.0556379725579334 -9999 -9999 -0.0506292869338796 -0.0180319217984774 -0.0347575640837988 -9999 -0.125368386529785 -0.0647660440475056 -0.162538048677553 0.156406761259892 -0.103077296645175 -0.16903672536773 -0.161370242227385 -0.199750234326635 -0.211471435609233 -0.222905181305734 -0.224878946757463 -0.219496185985021 -0.0954085414886302 -0.21824138765645 -0.192147055551611 -0.0145786725829299 -0.0766841540264643 0.0697819369841271 -0.0770766042721532 -0.168852039681309 -0.144549172569341 -0.141128355778474 -0.115971575915242 -0.119410481930991 -0.19131415761146 -0.212003509041479
-9999 -9999 -9999 -9999 -9999 -9999 -9999 -9999 -9999 -9999 -9999 -9999 -9999 0.113069442393309 0.082374641662326 0.13425175099197 0.14049703292187 0.0282327820599445 0.0695574315915622 0.0538896035301074 -0.0239953023306296 -9999 -0.0829425243604943 -0.0904746566856484 -0.124619303471828 -0.123898233170925 -0.106880589412779 -0.138932439388871 -0.179014060633459 -0.188228216425335 -0.178087861336241 -0.177049549601037 -0.236030912109917 -0.197992735118696 -0.192059581849545 -0.137144117185743 -0.203804095495136 -0.243993529711919 -0.0980554462082627 -0.0484247675113148 -9999 -0.126482458031997 -0.172826203405212 -0.174375272419374 -0.147813561063975 -0.166242357837243 -0.183912251492393 -0.152158274555677 -0.1131816921629
-9999 -9999 -9999 -9999 -9999 -9999 -9999 -9999 -9999 -9999 -9999 -9999 -9999 0.197332761171249 0.133419617381917 0.116427906736741 0.073154521389898 0.104540875348562 0.0975535160239844 0.00374683096773405 0.000592833487950933 -9999 -0.115432657380211 -0.108713121221765 -0.127654282263825 -0.142507424789296 -9999 -0.0526719360798712 -0.105276679949406 -0.207244590078288 -0.150406990285371 -0.0313803629925857 -0.134591222129912 -0.134998329540549 -0.0661970451037855 -0.121945126829474 -0.0567597147204264 -0.219726999733883 -0.235134512280381 -0.0807080616740316 -0.072088959007832 -9999 -0.180385421945686 -0.206238349010349 -0.2166679557333 -0.198764532650859 -0.151168769408945 -0.00426598276354576 -0.11730314563906
-9999 -9999 -9999 -9999 -9999 -9999 -9999 -9999 -9999 -9999 -9999 -9999 -9999 -9999 0.104688164713637 -0.00536094559259345 -0.0125059297957314 -0.00118556658694196 0.172060578256979 -0.0584563321907727 -0.0362910746160262 0.00192211734551984 -0.130177020810477 -0.115549341951129 -0.137512825036058 -0.151917359234591 -0.144197056001 0.0196259391923064 -0.0661322001329623 -0.176776278517767 -0.141905421400795 -0.245496883895795 -0.170035684409639 -0.166122391578627 -0.156326629916263 -0.117766209021956 -0.060047285024815 0.0492381798540122 -0.211124679137297 -0.2607406273654 -0.0954303113348084 -0.157074176565297 -0.215103736626968 -0.290744403100028 -0.222909984349586 -0.110113787099841 -0.0303289735816783 0.0288128494596951 0.0762846816543642
-9999 -9999 -9999 -9999 -9999 -9999 -9999 -9999 -9999 -9999 -9999 -9999 -9999 -9999 -9999 0.0803233225788871 0.0258033631911193 0.0303423472676693 0.143049771040598 -0.0274288665044047 0.00993513586264177 -0.00441684166255503 -0.0370856056812132 -0.0889225565044777 -0.154733873590828 -0.18919681492481 -0.203023025511222 -0.102927392189604 -0.124717098336696 -0.20664767304688 -0.106667507439764 -0.212333336369606 -0.199630420384923 -0.168830971646203 -0.190897372145837 -0.119514742846084 -0.0970132217730028 -0.0742315793514565 -0.126934201982494 -0.158984582789683 -0.0907458879359994 -0.0902412792209554 -0.251830147992898 -0.246192162336735 -0.246858319416773 -0.19020259721818 -0.0173720673053613 -0.108399335650305 -0.0928107761814082
-9999 -9999 -9999 -9999 -9999 -9999 -9999 -9999 -9999 -9999 -9999 -9999 -9999 -9999 0.038084821128562 -9999 -9999 -0.0247088245392964 -0.101594355616844 -0.0422879422110085 -0.0606171321148065 -0.0319400493189264 -0.0543212367634012 0.0390915486744486 -0.0204358987799998 -0.14161835676546 -0.14124842727666 -0.101479691549167 -0.214345596544448 -0.243898085658145 -0.181908096713332 -0.143633189882135 -0.104842832195228 -0.044924965800691 -0.105801814282256 -0.103652634019198 -0.0774585648362859 -0.120645202387153 -0.171636746641834 -0.147404852343098 -0.133550328099988 -0.0465345040115615 -0.239680537223129 -0.183843446242298 -0.250087521591062 -0.0458599721118383 -0.0824294228467436 -0.167564679030535 -0.173394864761021
