data/rasters/s4.06.07.cu.4_xyz_08_.asc
NCOLS 100 
NROWS 100 
XLLCORNER -4 
YLLCORNER -4 
CELLSIZE 0.08 
NODATA_value -9999 
[rows 22 to 43 of 100, columns 0 to 47 of 100]
-9999 -9999 -9999 -9999 -9999 -9999 -9999 -9999 -9999 -9999 -9999 -9999 -9999 -9999 -9999 -9999 -9999 -9999 -9999 -9999 -9999 -9999 0.0890819309135272 0.0973426334171188 0.0838326276764605 0.0563632477034777 0.0969673267899432 0.100933991351931 0.0904981747957112 0.0392587387922114 -0.00754055705801744 -0.130711946850631 0.0157562472685751 -0.0629048034990109 -0.183492619115925 -0.121516692973577 -0.114464716588192 -0.0193771169448593 0.0164799901255621 -0.0180996579536766 0.00107222722092 0.0755036567152202 0.0514618702823952 0.0763484367007572 0.111181869700999 -9999 -9999 0.196078149879068
-9999 -9999 -9999 -9999 -9999 -9999 -9999 -9999 -9999 -9999 -9999 -9999 -9999 -9999 -9999 -9999 -9999 -9999 -9999 -9999 -9999 0.123996681858115 0.116091158148316 0.0692929128406229 0.122736219040353 0.0743212952003676 0.207939529009429 0.115128436879684 0.163908418793224 0.136760974240889 0.119809994903512 -0.0769849650678609 -0.00900449524284225 0.00446919450368655 0.308946292851983 -0.164667040265893 -0.148463757433201 -0.0822349034356586 0.104502755453919 -9999 0.000331743389299116 0.090533546436468 0.0462755482311505 0.0154773432332888 0.0775888276701604 0.0711123077047361 -9999 0.0975380309923311
-9999 -9999 -9999 -9999 -9999 -9999 -9999 -9999 -9999 -9999 -9999 -9999 -9999 -9999 -9999 -9999 -9999 -9999 -9999 -9999 0.0291008717992049 -0.0334219765953173 0.178107796634159 0.135907653710614 0.0894801378343958 0.155314250290074 0.156222008913515 0.18485389300896 0.24294446511426 0.197893386948303 0.22486098560978 0.157495761079949 0.0819404224758055 0.168171971941812 0.144136536724193 -0.0867732298301107 -9999 0.0303502871443711 -9999 -9999 -9999 -9999 -9999 0.00847138663360033 0.0102691649883109 -9999 0.133543833186739 0.00602350396998312
-9999 -9999 -9999 -9999 -9999 -9999 -9999 -9999 -9999 -9999 -9999 -9999 -9999 -9999 -9999 -9999 -9999 -9999 -9999 0.0350078643204923 -0.00963206293660638 0.0121037696624656 0.095667712525969 0.102914978125345 0.0543845753745977 0.107280197480088 0.197016465168919 0.159735144697207 0.178389553417323 0.197795975243438 0.30393713858692 0.303235351957247 0.0235659779326346 0.0396096614508155 -9999 -0.107115097800708 -0.132783722620311 -0.100683933424301 -0.169185152294962 -0.105845332998458 -0.0366070320877314 -0.118825190300341 -9999 -9999 0.0601599656178672 0.0774620118885244 0.0996457447395467 0.0204262359935186
-9999 -9999 -9999 -9999 -9999 -9999 -9999 -9999 -9999 -9999 -9999 -9999 -9999 -9999 -9999 -9999 -9999 -9999 -9999 -9999 -9999 0.114033663070385 0.0680092167725664 0.0930422643377949 0.137894807112418 0.108164775571559 0.219104581466477 0.168452909139566 0.200687932018331 0.233728129420527 0.298634180503104 0.327330585282212 -9999 -9999 -9999 -0.0731463817015032 -0.0332384303676894 -0.11704879611989 -0.138031009200293 -0.0897056058253312 -0.00303417106749605 -0.00497838856888697 0.011647747907276 -9999 0.102904100771082 0.0673068150428958 -0.0428790902420426 -0.0139688660533437
-9999 -9999 -9999 -9999 -9999 -9999 -9999 -9999 -9999 -9999 -9999 -9999 -9999 -9999 -9999 -9999 -9999 -9999 -9999 0.355486035972777 0.0460300243032921 0.163877332397843 -9999 0.0838987288594027 0.179359236564058 0.193948774798251 -9999 0.182326365255171 0.18413664259869 0.133542992562531 0.153952946275363 -9999 -9999 -9999 0.343287351890975 0.034750275842812 0.0327040803698351 -0.0324206416004764 -0.0942751215539241 -0.115131369623153 -9999 0.0756976825603192 0.149849495426624 0.0473234655301234 -9999 0.105334229883127 0.0812040012769955 0.023650450930754
-9999 -9999 -9999 -9999 -9999 -9999 -9999 -9999 -9999 -9999 -9999 -9999 -9999 -9999 -9999 -9999 -9999 -9999 0.142592757033709 0.222838518331887 0.182058002701121 0.171356800564464 -9999 0.107236856271625 0.192091317843522 0.178399836873424 0.148643699089304 0.0324189523283169 0.158590471086087 0.182163355984323 -9999 0.0435331507186552 -9999 -9999 0.29812668239107 0.247771852774126 0.0416485165207838 0.0337155858563802 -0.0155241438480746 -0.065966255049479 0.0298947325488049 0.149482172466482 0.0419404943645213 0.00573137538583186 0.00360903143110185 0.0427332368019614 0.086480339018614 0.122517428368943
-9999 -9999 -9999 -9999 -9999 -9999 -9999 -9999 -9999 -9999 -9999 -9999 -9999 -9999 -9999 -9999 -9999 -9999 0.0210184484047953 0.0229184261675764 0.135280788845213 -9999 0.111732123564642 0.155529581848518 0.154999601428887 0.17248055663799 0.102161952555557 0.0276023430691692 0.132423316603538 0.368229600880671 0.404094049958161 0.107170254023191 0.126821640373971 -9999 -9999 -9999 0.00134972831369218 0.0265089648692462 0.0264693574110887 -0.0614866846444427 0.0133772567558684 0.0308753346455987 0.0615950542802748 0.0309340698712455 0.0600757408709568 0.0225418819341048 0.270142340529048 0.134314059694419
-9999 -9999 -9999 -9999 -9999 -9999 -9999 -9999 -9999 -9999 -9999 -9999 -9999 -9999 -9999 -9999 -9999 0.0877690734942614 0.08642284870311 0.0482524205706522 0.233133015763114 -9999 0.129774448765595 0.110900096854098 0.157319896205365 0.140568187704923 0.0759160983183224 0.130776575505971 0.111865664067672 0.0588055713801197 0.00038005573261413 0.0957893980156869 0.155280962499352 -9999 -9999 0.039223619551041 -9999 0.184910131930372 0.139741210011007 0.145497364860932 0.066209099398995 0.0269670027515212 0.0902278803206352 -9999 -9999 0.154076878701781 0.182508719702316 0.255809582748836
-9999 -9999 -9999 -9999 -9999 -9999 -9999 -9999 -9999 -9999 -9999 -9999 -9999 -9999 -9999 -9999 -9999 0.061975724134326 0.115585985867439 0.203285181036912 0.127795013890173 0.0980744580218659 0.19797494940103 0.165237733752705 -9999 0.163040430496973 0.0328929403703264 0.0861293144750249 -0.0164788636431125 0.0493133780027507 0.0635865813908946 0.0486642057059175 0.149541364348391 0.131424308688955 -0.00938409482319104 0.0627787342573999 0.0720155164976244 0.0801440186976336 0.0975932347502875 -9999 0.118919681005092 0.0706757360832896 0.0610937176239188 0.125615103651622 -9999 0.172742468564468 0.14217196298776 0.249300473961464
-9999 -9999 -9999 -9999 -9999 -9999 -9999 -9999 -9999 -9999 -9999 -9999 -9999 -9999 -9999 -9999 -9999 0.0716305691732568 0.0256705930148736 0.378197756743393 0.100112892556879 0.1085360494046 0.148544236562488 0.161488176274475 0.146365356405928 0.100149236771789 0.0256250486524746 0.0111275208957008 0.011784577236857 -0.000625261123410104 0.00502105864971107 0.160209550641996 0.188953403041992 0.125872388007156 -0.00855204061736239 -0.0426538606096628 0.0144484827550434 0.12076255774768 0.0662731958738379 -0.0606172059546995 0.0350577494682304 0.086145932675733 0.119639366921176 0.125332559839562 0.0816336693253054 0.190658760448203 0.17089044253592 0.202283361634869
-9999 -9999 -9999 -9999 -9999 -9999 -9999 -9999 -9999 -9999 -9999 -9999 -9999 -9999 -9999 -9999 0.213747646661386 0.130324065473309 0.0610905387222889 -9999 0.188593851127792 0.130068948048334 0.159089753006791 0.00521291094365247 0.135667487483425 0.100334576273823 0.0629850013608539 0.0336591497156637 -0.00138298029683137 -9999 0.0277049697849355 0.0557291867990738 0.17467312429249 0.125057362466294 0.00368839068282949 -0.0538133104800664 0.00606469163786285 -0.0275213061361891 -0.00344876681397179 -0.0607313891989974 0.00404460151123272 0.0645649101006417 0.118267512117742 0.121985768092602 0.120006526928026 0.0661445319649411 -9999 0.165377538185092
-9999 -9999 -9999 -9999 -9999 -9999 -9999 -9999 -9999 -9999 -9999 -9999 -9999 -9999 0.00244732423423647 0.0350979666147609 0.158032451088457 0.137695413492201 0.0742179748621177 0.0323277589418233 0.0822526526640705 0.0380945360785597 0.0710250478511695 0.0339084456387807 0.0743591172302716 0.0960917049313251 0.120550775947109 -9999 -9999 -9999 0.01032100910588 -0.0245899025885997 0.0164840538797953 0.151056397626388 0.0999364974273589 -0.00663196476822127 0.0406122662359864 -0.0738120603397916 -0.0268696463361467 0.114755900958084 0.0296670272172498 0.0323240752133089 -9999 0.102095069557748 0.120111773010985 0.121494912307817 -9999 0.0583214182216865
-9999 -9999 -9999 -9999 -9999 -9999 -9999 -9999 -9999 -9999 -9999 -9999 -9999 -9999 -0.0329951130397869 0.108293514118465 0.0910073071573986 0.101928185323596 0.108376109525261 0.0655275842558737 0.107694701593827 0.0547208690019831 0.00705740837426448 0.1256264679493 0.11683667805317 0.0907228594892656 0.101827584176904 -9999 -9999 0.0684548109464561 0.0142541169378874 -0.0925388737474273 -0.028429216238314 0.00778338748526554 0.0133434892983772 -9999 0.0167437031010661 -0.027709556755263 0.0177234123016087 0.173935822777654 0.0858251112482497 0.143463651925435 0.154261100489447 0.111939821879315 0.0757378789763526 0.197657672259589 0.219354222817676 0.128947305047008
-9999 -9999 -9999 -9999 -9999 -9999 -9999 -9999 -9999 -9999 -9999 -9999 -9999 -0.135997633092666 -0.138444054547265 -0.00872350757092121 0.0111651672093798 0.0164005807458645 0.163318438047576 0.113571999673668 0.0392976190724833 -0.0225158832900202 0.0540931702297499 0.0502490484722796 0.0979819110445862 0.117560598860161 0.222244784426794 -9999 0.0226565614410382 -0.00193502019963135 0.0424439225405916 -0.0307960130435751 -0.0457905772681749 -0.0490466243226496 0.0130639715740234 0.000746671656048001 -0.042070973541897 -0.0371652550361317 0.05093567094313 0.0444943875480686 0.101015265742136 0.167704595444133 0.164826904749716 0.115210058764871 0.106895761893572 0.173483060294591 0.172719330123609 0.114475437031882
-9999 -9999 -9999 -9999 -9999 -9999 -9999 -9999 -9999 -9999 -9999 -9999 -9999 -9999 -9999 0.0635430270575914 -0.0110642492547778 -0.0324037657093892 0.107478553124307 0.0442693626125785 -0.0180119163926096 0.117486897729461 -0.0365837255416752 0.0657169722129846 0.121724662838282 0.109570562986377 0.172519549051131 0.1996592112698 0.0824743268022604 0.021177371578772 0.119262124088775 0.14032984263267 -0.0129948588563282 -0.0535019822164713 -0.0511123093047231 -0.00812387471758008 0.00319608832149738 0.0192163307776289 0.0741575266389722 0.0290754674785438 0.109441635811383 0.132866778213145 0.112776035131792 0.133173475429301 0.114307604169159 0.156121671192503 0.258383639672776 0.139303193867981
-9999 -9999 -9999 -9999 -9999 -9999 -9999 -9999 -9999 -9999 -9999 -9999 -9999 -9999 -9999 0.0387137651134229 0.0231769596546988 -9999 0.0730133878390493 0.0357640346889802 0.0262431313990007 -9999 0.00521087377923885 0.0595070917495285 0.175675190403011 0.106450693040035 0.141566713527658 0.122169636571111 0.0728019930203049 0.0735696145319741 0.0798339981650058 -0.0322621483464506 -0.0298906297699003 0.109946313068243 -0.0660273449836985 0.00057862333753541 -0.031077672186851 0.00118017740304399 0.0081681729431709 0.00293700923103606 0.0530104630840377 0.0671012666404187 0.0563700533828693 0.113190339288031 0.126514573886792 0.195056531888938 0.166595416428992 -9999
-9999 -9999 -9999 -9999 -9999 -9999 -9999 -9999 -9999 -9999 -9999 -9999 -0.135636300744221 -9999 -9999 0.0583360645722778 0.00264632340454156 -0.000531880622236912 0.044045105230315 -0.044665157632389 -0.0438919050931715 -0.0295274111330525 0.163962039539156 0.0669575536146002 0.0841644699762386 0.256288108295094 0.105466097698081 0.0772114649155415 0.0749642259474692 0.0626857785578615 -0.0139856182900842 -0.0138551499993561 -0.032171193684533 -0.00382827624387986 -0.00855967957113305 -0.0615477044842503 -0.0682056269082532 -0.00938343211586078 0.00835754673848634 0.0371798549901641 0.0229869536590638 0.0535337563928727 0.0852918095669358 0.0664725772571239 0.143527901285261 0.190762426472734 0.156196748003394 -9999
-9999 -9999 -9999 -9999 -9999 -9999 -9999 -9999 -9999 -9999 -9999 -9999 -9999 -9999 -0.150231672301284 -0.00192897143989138 0.0268630380174096 0.0151900901238925 0.0182857245924353 -0.0247068102151319 -0.0689726229074064 -0.064662587478189 -9999 0.0770493224765954 0.0926922038190891 0.255068535753383 0.018055656067428 0.0137369654818735 0.0512713872411529 0.00369417509638305 -0.000458065905957704 -0.0107810138768032 0.058043498780286 0.0363603482461486 -0.0011970866847016 0.0960852563599188 -0.0293210211907912 -0.0173314220935965 0.0725123254090903 -0.00570524138154558 -0.0165537204254243 0.065915450781481 0.116232691752749 0.218213957722057 0.164109434282385 0.198183040925865 0.208440574837963 0.192940530482513
-9999 -9999 -9999 -9999 -9999 -9999 -9999 -9999 -9999 -9999 -9999 -9999 -0.355139345738038 -9999 0.166522709847279 -0.0713343560274138 -0.0674610882171094 -0.0851912692668407 -0.091056156606585 -0.0974945504006408 -0.0279170218159464 0.0492248184118899 -0.0886874132453735 -0.00432531965793718 0.108422149469689 0.0583700047170596 -0.0633636493585754 0.0796603641656186 0.0809282757332785 0.0141190741232614 0.0735717516511384 0.0771854523487123 -9999 0.104843860049577 0.119347917489898 0.0699540606124112 0.0588391068209815 0.0406078274896847 0.104210360648022 -0.0689573356372782 -0.0410748890851258 -9999 0.166135316727995 0.219716719684097 0.18453744995151 0.179128602692197 0.0999334042042965 0.181893678187533
-9999 -9999 -9999 -9999 -9999 -9999 -9999 -9999 -9999 -9999 -9999 -9999 -9999 -0.122682602285817 -0.0819571991955961 -0.119236733503747 -0.144051956172959 -0.215751340542395 -0.117648318266186 -9999 -0.0883281189087799 -0.0889356578902075 -0.0952512405111699 -0.114938533159671 -9999 -0.0725029782366149 -0.0237848909820631 0.070509763868262 0.0602211789160072 0.0797400204903885 0.0664328021262691 0.0815939715716343 -9999 -9999 0.210055712185585 0.232879680378636 0.114661297721378 0.101186224685766 0.143924019763114 0.131331765195988 -9999 -9999 -9999 0.293680890713083 0.25027364922985 0.17565313221725 0.11787531237703 0.173405135628046
-9999 -9999 -9999 -9999 -9999 -9999 -9999 -9999 -9999 -9999 -9999 -9999 -0.135340441879053 -0.155354009486794 -0.133952876915624 -0.214696202720406 -0.175201954442858 -0.262997466723357 -9999 -9999 -0.142143214940218 -0.187945915844888 -0.174198806840544 -0.23601187758531 -0.187882082703919 -0.123533719000751 0.0367638033371071 0.116793832860766 0.131548967819391 0.182849730299042 0.366795751578889 0.0810385977314209 -9999 0.356103856793785 0.274023784112893 0.230156397033378 0.244738521240769 -9999 0.13601945794462 0.143621088269334 0.247352087361192 -9999 -9999 0.282416758945857 0.22744394067096 0.0287763247293483 -9999 0.123851807820336
