data/rasters/s4.06.07.cu.5_xyz_08_.asc
NCOLS 100 
NROWS 100 
XLLCORNER -4 
YLLCORNER -4 
CELLSIZE 0.08 
NODATA_value -9999 
[rows 46 to 68 of 100, columns 0 to 51 of 100]
-9999 -9999 -9999 -9999 -9999 -9999 -9999 -9999 -9999 -9999 -9999 0.00114140066786991 0.105583780019171 0.155930220375885 0.154352935248343 0.166412443323959 0.055890185121268 0.0213961184148771 0.014850840115499 -0.0999960164776304 -0.124879259742569 -0.255012627278344 -0.28429730678266 -0.310428835034619 0.0951878225632613 0.0396343947502606 -0.0865943088873843 -9999 -0.0344028646997917 0.0745553688860653 0.0829160440375036 0.145349015452255 0.27001425330685 0.0823250009383488 0.00720573150901524 -0.0706128509687565 -9999 -9999 -9999 -9999 -9999 -9999 -9999 0.243491471907001 0.315366691380393 0.20568850608651 -9999 -9999 -9999 -9999 0.280829884059701 0.104313147773761
-9999 -9999 -9999 -9999 -9999 -9999 -9999 -9999 -9999 -9999 -9999 0.0298006737624436 -9999 0.116766693346187 0.127790559919568 -9999 0.10736010662933 0.19376635264057 -0.0180172419282812 -0.0982233407681074 -0.0770518092034694 -9999 -9999 -0.317096208724483 0.079124770153223 -0.0121012404755551 -9999 -9999 0.137233940835742 0.110890973450386 0.217302055256083 0.264072414155483 0.196236340229535 -9999 -9999 -9999 -9999 -9999 -9999 -9999 -9999 -9999 -9999 0.30313260999799 0.237853822070039 0.195875482389431 -9999 -9999 -9999 -9999 -9999 0.114427638721168
-9999 -9999 -9999 -9999 -9999 -9999 -9999 -9999 -9999 -9999 -9999 -9999 -9999 -9999 -9999 -9999 -9999 0.232282629246134 -0.033581243872607 -0.0330101450842099 -9999 -9999 -9999 0.169970988320739 0.054875871666212 0.0129170170769179 -9999 -9999 0.028627917748094 0.00979391201558921 0.00689845764959453 0.146720479828395 0.147914198725703 0.189454854683683 0.248940451556458 -9999 -9999 -9999 -9999 -9999 -9999 -9999 -9999 -9999 -9999 0.304331500418554 -9999 -9999 -9999 -9999 0.032166219615966 -9999
-9999 -9999 -9999 -9999 -9999 -9999 -9999 -9999 -9999 -9999 -9999 0.132265237892401 0.110195531387895 -9999 -9999 -9999 -0.0182869785245496 -9999 -9999 -9999 0.119773343971332 0.268453547447203 0.163186043875614 -0.0156131122769063 0.0422717214324512 0.0072066073549598 -9999 -9999 -9999 -0.00318938594088417 0.0099526499181104 0.0693953942569994 0.127837265311597 0.287026742779036 0.276071864089067 -9999 0.229105098247354 0.120347865910403 0.111040540924633 0.17414739612227 -9999 -9999 -9999 -9999 -9999 -9999 -9999 -9999 -9999 -9999 0.0601897292734954 0.0533420354056824
-9999 -9999 -9999 -9999 -9999 -9999 -9999 -9999 -9999 -9999 -9999 0.0991842510981325 0.0779723972222761 0.0651207773368074 0.039364276425076 0.0213681976704047 0.0102195744808179 -0.0491834789239702 -0.000522817517631858 -9999 0.248637416037742 0.243926519625991 0.196532513441239 0.0879150543548351 0.0694814986032589 -0.0041049289860612 -0.0292001887878615 -9999 -0.0638612760451826 -0.0637730037269195 -0.0069521305117094 -0.024190542944054 -9999 -9999 -9999 -9999 0.217404675091441 0.118317188037244 0.163859253698431 0.119622478760352 0.182228322000972 -9999 0.227937530375019 -9999 -9999 -9999 -9999 0.131645441812811 0.0497158888074093 -9999 -0.0611740411054649 0.0255184144215129
-9999 -9999 -9999 -9999 -9999 -9999 -9999 -9999 -9999 -9999 -9999 0.0932245071163881 0.0390990494681911 -0.0079712351923755 0.00284282897941541 0.0354952967141489 0.000495871156881155 -0.00380048971006243 0.0656765434523347 0.0976689878985458 -9999 0.22268667265877 0.181445509944625 0.157704226423095 0.116468614211225 0.0960933358875221 0.0461747623530208 0.109214485719236 0.00442544165336225 0.00455145013369071 0.272204358274846 0.0395287039929209 -9999 -9999 -9999 -9999 -9999 -9999 -9999 -9999 0.155879191154363 0.121205133338715 0.324673503464153 0.237414666503889 0.126508689477384 0.10261095595891 0.0946694207781637 0.0603219669760744 0.0993369686279918 -0.0245708147959445 -0.0120352019378876 -0.0167154133266685
-9999 -9999 -9999 -9999 -9999 -9999 -9999 -9999 -9999 -9999 -9999 0.0627847010771453 0.0412189635631015 -0.0278758278470894 -0.025861264963796 -0.0368079979524203 -0.0457527021973802 0.063681645004176 -0.0706017915158241 0.525161449430845 0.501188052301727 -9999 0.162379264130745 0.260293450792891 0.181821726813217 0.174413917782286 0.0638515057686358 0.0539370750003497 0.0177102735073538 0.0160806750324279 0.0493061651931228 0.198657615403042 0.223673242280089 -9999 -9999 -9999 -9999 -9999 -9999 -9999 -9999 -9999 0.435085096511994 0.0612151981332356 0.171910448618812 0.189890424588161 0.0403518014373369 -0.00903652685693306 0.0959003192404285 -0.0161590678328407 0.0290282738664186 0.0150796705195065
-9999 -9999 -9999 -9999 -9999 -9999 -9999 -9999 -9999 -9999 -9999 0.0228178288757053 0.0195336953900818 0.0807594844332505 -0.0527037030270823 -0.107279411699395 -0.0932528412809292 -0.137199830489983 -0.114128093003719 0.520536462861566 0.402249641834501 0.214516417298733 0.273337610682411 0.255098583575038 0.245710224147658 0.190604224783279 0.196176905917113 0.521423433460844 -9999 -9999 0.066869550647722 0.136394815722684 0.216518604100558 0.213987209144048 -9999 -9999 -9999 -9999 -9999 -9999 0.0791690125455494 0.0606538960402046 -9999 -0.00748227500608941 0.110146502548377 0.179295836317541 0.15123733335205 -0.084611592271153 -0.174356594852308 -9999 0.0581082806806198 -0.00585379937152899
-9999 -9999 -9999 -9999 -9999 -9999 -9999 -9999 -9999 -9999 -9999 -0.0353472957864235 -0.0730212952557924 -0.131968458440346 -0.104814751907293 -0.188550452798297 0.00725100166803114 -0.110476046365323 -9999 -9999 -9999 0.246078170679246 0.352957812006472 0.327897461330153 0.372738636826055 0.364974451536426 0.307065849154246 0.257734650367921 0.21701941593939 0.271912059342376 0.138989318007603 0.126331135499617 0.152196823808598 0.177810476506129 -9999 -9999 -9999 -9999 0.107316416205528 -9999 -9999 0.169423594593285 -9999 -9999 -0.0209797370998865 -0.0188355248880803 -0.155243413809806 -0.029029954736061 0.0120021089883502 -0.129392241098183 -9999 -0.0697763969410074
-9999 -9999 -9999 -9999 -9999 -9999 -9999 -9999 -9999 -9999 -9999 -0.0720180783062607 0.0913761045720295 -0.00400399903413747 -0.0509919135338561 -0.035527850809014 -9999 -0.122505871776792 -9999 -9999 0.248442930677233 0.241267097245658 0.327552363811791 0.267459143672529 -9999 -9999 0.239110469226775 0.245228092491611 0.305052790305857 0.262778364177372 0.265792745895328 0.22607580079858 0.236129375890635 0.191313286161435 -9999 0.343923964429694 0.207463526940355 0.181723653986875 0.122573080296371 0.152489364736427 0.134145920802926 0.126296396598665 0.0783854974332678 0.0257775032771616 -0.00312043141406201 0.0534216187931854 -0.131656912288732 -0.173884075581487 -9999 -9999 0.221140226929907 0.0190668545255298
-9999 -9999 -9999 -9999 -9999 -9999 -9999 -9999 -9999 -9999 -9999 -0.0932784228043603 0.00665982923584707 0.0347188951273297 0.0786953003579194 -9999 -9999 -9999 0.303102706670786 0.281496598773866 0.217856295719903 0.267439525303767 0.221304573155839 -0.0082737782917453 0.0435497260306375 -9999 -9999 0.337688993130941 0.480228446752279 -9999 -9999 -9999 -9999 0.239750065697795 -9999 -9999 0.202953549862992 0.185465488128767 0.162690869359965 0.155277698644491 0.1192683216789 0.06983455285615 0.0951310162461221 0.123408725592037 -0.035094025820683 -0.0543809078256959 -0.141968047177699 -0.207944580793555 -0.12413876272257 0.119273049338223 -9999 0.00130614067551606
-9999 -9999 -9999 -9999 -9999 -9999 -9999 -9999 -9999 -9999 -9999 -9999 0.159008820036033 0.108430910045451 0.0945484300204001 -9999 0.0924907397208922 0.0912554942249161 0.280873829705393 0.252283245166607 0.345325698137793 0.287365589236333 0.155212820211687 0.0301729154495289 -0.0024246719417172 -9999 -9999 0.311051973387849 0.40426883492317 0.326437577846243 -9999 -9999 0.261065414206775 0.234574851890138 0.220830067985913 0.233401392634996 -9999 0.146047575395842 0.20589433883881 -9999 -9999 -9999 -9999 -9999 -9999 -0.137395491238837 -0.121662684399081 -0.155410684052443 -0.079369087464976 -0.144526132255303 -0.0264810740702671 0.0281429888628396
-9999 -9999 -9999 -9999 -9999 -9999 -9999 -9999 -9999 -9999 -9999 -9999 0.193443848063148 0.168892811221822 -9999 0.31538091206448 0.164502100928261 0.120002984300247 -9999 -9999 -9999 -9999 -9999 -0.150598581908279 -0.136684399067619 0.0529211604284683 0.288809751931542 0.446845121271137 0.407995552875735 -9999 -9999 -9999 -9999 0.284274666066777 0.259086921867809 0.223728558266108 -9999 -9999 -9999 -9999 -9999 -9999 -9999 -9999 -9999 -0.154339258608976 -0.0858843838214913 -0.0652027649625428 -0.0700193819358984 -0.128218894160878 -0.112170248627577 -9999
-9999 -9999 -9999 -9999 -9999 -9999 -9999 -9999 -9999 -9999 -9999 -9999 0.118407257636307 -9999 -9999 0.406634509058931 0.313672930224584 0.182745705854133 -9999 -9999 -9999 -9999 -9999 -0.143309263301725 -0.119651574862596 -0.00910927234993297 -0.00794843795417274 0.0165008966655812 -9999 -9999 -9999 -9999 -9999 -9999 0.325993488566543 0.288386276403277 0.276404106167784 -9999 -9999 -9999 -9999 -9999 0.0966211835909046 -0.00674480674054127 -9999 -9999 0.0241906534087708 -0.0848896098255819 -0.0401408294324361 -9999 -0.0484873223210176 -9999
-9999 -9999 -9999 -9999 -9999 -9999 -9999 -9999 -9999 -9999 -9999 -9999 -9999 0.354679051837654 0.262619830189053 -9999 0.333523934151869 0.238743573299079 -9999 -9999 -9999 -0.158901104050914 -0.187966254205549 -0.165755543290511 -0.138991547904613 -0.152247578744797 0.00280337034135159 0.0716610767540869 0.0172366256997781 -9999 0.178073578702505 0.270185964474828 -9999 -9999 0.251424720803268 0.363895394358929 -9999 -9999 -9999 -9999 -9999 0.0477861351793108 0.122744133622066 0.0428576327695309 0.00660753632100987 -9999 0.0398730540813396 -0.0754507140012667 -0.0384082777075912 -9999 -9999 0.0546788459999418
-9999 -9999 -9999 -9999 -9999 -9999 -9999 -9999 -9999 -9999 -9999 -9999 -9999 0.270726862895022 0.250996987867 0.292198856044177 0.253687225689743 0.26028748768376 0.234748743004052 -9999 -0.0405851967577451 -0.0996353801483579 -0.111738927529177 -0.210837808827283 -0.132231205052794 -0.113535200369355 -0.105662651229685 0.0983806137754635 0.0866977270630444 0.0753920616118415 0.18595022449055 0.354166243830841 0.316434697058597 -9999 0.318549112669224 0.259638557384122 -9999 -9999 0.139239562512042 0.204123586379635 0.156534015116533 0.0638141919555111 0.0437025027558409 0.107495543899192 0.0794626208350097 -9999 -9999 -9999 -9999 -9999 -9999 -0.000360649829037789
-9999 -9999 -9999 -9999 -9999 -9999 -9999 -9999 -9999 -9999 -9999 -9999 -9999 -9999 0.162541396811081 0.337666297138864 0.298569186492201 0.219405048062466 0.220053306655669 0.229732555102887 -0.00614303270341836 -0.0706720995696708 -0.141047204714132 -0.209922370161352 -0.145401131961396 -0.0697491475932048 -0.0759745824345352 0.0097663191639147 0.0395574943888026 0.153884609048287 0.138568624546437 0.206358552154916 0.238160484915871 0.247584471698532 0.244521775142839 0.239186146299317 0.273573800263065 0.2479539456674 0.209328123969847 -9999 -9999 0.206375949141267 0.12379595589541 0.0776609852856155 0.0571824627547717 0.126569316101262 0.251920105476303 0.202737005185632 -9999 -9999 -9999 -9999
-9999 -9999 -9999 -9999 -9999 -9999 -9999 -9999 -9999 -9999 -9999 -9999 -9999 -9999 0.165436342539928 0.11044252224543 -9999 0.25080694884638 0.25464962318327 0.158192040724662 0.128946107520281 0.066650218150904 -0.0774586751020916 -0.0207285601837546 -0.143056528706517 -0.0890207102646125 0.00982138432202331 0.0162707009126449 0.0835047919015849 0.142308701056167 0.120864566590207 0.37413049463895 0.274719178354528 0.261148810472401 0.274124397288958 0.220352300102258 0.25164023873802 0.271764396152929 0.235691747434318 0.233178918242593 -9999 -9999 0.183116266521525 0.0976807705120172 -9999 0.155314503877477 0.21442237517845 -9999 -9999 -9999 -9999 -9999
-9999 -9999 -9999 -9999 -9999 -9999 -9999 -9999 -9999 -9999 -9999 -9999 -9999 -9999 0.298526722023556 0.15250692265469 0.168939864079448 0.264183165458601 0.198097179399078 0.266687609705948 0.121732301953218 0.0442542870729368 0.0269804669078651 0.00571314634668677 -0.0719891154144135 -0.0971247820646784 -9999 -9999 0.229285663632657 -9999 0.0588229927089695 0.0480129321104908 -9999 -9999 -9999 -9999 0.26150382313395 0.272095275191433 0.247510136919312 0.298628913058068 -9999 -9999 -9999 -9999 0.230776270775357 -9999 -9999 -9999 -9999 0.335318442066991 0.332717857796976 -9999
-9999 -9999 -9999 -9999 -9999 -9999 -9999 -9999 -9999 -9999 -9999 -9999 -9999 -9999 -9999 0.280112738707609 0.314552960669477 0.226188088405484 0.169127764627196 0.299261930869362 0.218063193873583 0.330812588332624 0.316718224771602 -9999 -9999 -9999 -9999 -9999 -9999 -9999 0.0873615673045214 0.000284167257569099 -0.0854066410538276 -9999 0.228624256811221 0.186733344958304 0.180165408198304 0.197807250178813 -9999 0.366477193140537 -9999 0.186833532974526 0.235045060600929 0.157232001565006 -9999 -9999 -9999 -9999 -9999 0.293453478862343 0.227438499771302 0.16378955670563
-9999 -9999 -9999 -9999 -9999 -9999 -9999 -9999 -9999 -9999 -9999 -9999 -9999 -9999 -9999 -9999 -9999 -9999 0.504220841803124 -9999 0.233436254556266 0.321409049517764 0.321512584233521 -9999 -9999 -9999 0.0717683512150932 -0.0409637721605553 -9999 -9999 -9999 -0.0482638475360192 -0.123959547270968 -0.103910753327108 -9999 -9999 0.0352120435534832 0.120122298603613 0.175959566043297 0.196240858059829 0.274220224390059 0.165708304442745 0.144190751915764 0.179678031189887 0.235141704881499 -9999 -9999 -9999 -9999 -9999 0.0781124032015897 0.104086686248202
-9999 -9999 -9999 -9999 -9999 -9999 -9999 -9999 -9999 -9999 -9999 -9999 -9999 -9999 -9999 -9999 -9999 0.707729525943369 0.558530508808152 0.422045087355022 0.42284465561106 0.389149215873458 0.406690475561205 -9999 -9999 0.193464016861988 0.100523840260798 0.035814684571255 -0.014744152269582 -9999 0.270870177972978 0.384655132947682 -0.0889745960327004 -0.120990070789662 -9999 0.314831117682118 0.134202229034214 0.115064698225676 0.192690979140943 0.200556024316866 0.229471784821854 0.185977493716857 0.138620415551855 0.228206165716035 0.271662755700012 -9999 -9999 -9999 0.050170826440015 0.0182094863369967 -0.0854036357335671 0.0402013833168319
-9999 -9999 -9999 -9999 -9999 -9999 -9999 -9999 -9999 -9999 -9999 -9999 -9999 -9999 -9999 -9999 -9999 0.666148019840638 0.636928474068527 0.555543583323621 0.482061758549421 0.409032705466965 0.481400453055261 0.410150128341537 0.409370600907674 -9999 0.0719555064627318 0.105695343836493 0.0143626340201461 0.114711876533824 -9999 -9999 0.0868376597436399 -0.0786799395556561 -0.075020417945779 -9999 0.305952413088632 0.140361376750019 -9999 -9999 0.238759540612375 0.23200854831539 0.202663406638103 0.347006272339394 0.304406065432205 0.0950234005918377 -0.0476702498257459 -0.094713948474795 -0.0980096132704819 -0.106238222769617 -0.073050954705566 0.0139979860281389
