data/rasters/s4.06.07.cu.1_xyz_08_.asc
NCOLS 100 
NROWS 100 
XLLCORNER -4 
YLLCORNER -4 
CELLSIZE 0.08 
NODATA_value -9999 
[rows 21 to 41 of 100, columns 48 to 95 of 100]
0.28303666015466 0.226416164134565 0.12051960856141 0.1307047975992 0.188045820801489 0.174682288238684 0.128111532280445 0.0403685124384034 -0.143812839911736 -0.00483392935452871 -0.193336151554538 -0.347985488831277 -0.419452258577464 -0.557012378979385 -0.620014611130883 -0.615372528749967 -0.606573347445813 -0.610046117552942 -0.670725404247785 -0.782672185725899 -0.678524585823798 -0.632789152227622 -0.464851389843304 -0.475355438415548 -0.423125562974958 -0.316873099294075 -0.554373303130277 -0.591946489219477 -0.659484474629892 -9999 -9999 -9999 -9999 -9999 -9999 -9999 -9999 -9999 -9999 -9999 -9999 -9999 -9999 -9999 -9999 -9999 -9999 -9999
0.355912728159584 0.342322129604909 0.219047267253876 0.214669954394927 0.224006109212086 0.145357372908489 0.107677351475283 0.0800934875547597 -0.164749170157641 -0.210348779095833 -0.2242666357499 -0.206342614296292 -0.181430339076149 -0.435999518010123 -0.535761548208851 -0.586730249683036 -0.55507340632085 -0.570247283169085 -0.48300366330611 -0.431887780761873 -0.457463480660545 -0.484378486150437 -0.528443866569763 -0.446002868048286 -0.435452756822436 -0.321638584737822 -0.514913978292008 -0.532863000549137 -0.415027103219576 -9999 -9999 -9999 -9999 -9999 -9999 -9999 -9999 -9999 -9999 -9999 -9999 -9999 -9999 -9999 -9999 -9999 -9999 -9999
0.250483868347281 0.270358695711638 0.442509501877684 0.385377951401982 0.374646224417622 0.218805459060972 0.231013692483753 0.123396394211961 -0.0434956154192923 -0.0726826073464096 -0.125506178048086 -0.203499066563672 -0.0509820763042451 -0.0915518708528402 -0.370067967801004 -0.491281806829925 -0.468468887746068 -0.463695485877402 -0.464291580983162 -0.360736340804447 -0.386228836799718 -0.353066754879023 -0.295681221991189 -0.303525740025482 -0.34804327164538 -0.354727441440229 -0.469165342697344 -0.50021792476591 -0.352706063998502 -0.430087946971383 -0.406952285503614 -9999 -9999 -9999 -9999 -9999 -9999 -9999 -9999 -9999 -9999 -9999 -9999 -9999 -9999 -9999 -9999 -9999
0.240215030577835 0.284241818924463 0.43752244655413 0.402302940788531 0.453401646934809 0.724608431407951 0.549354247419758 0.359604579810888 0.401175673271427 0.415628737409934 0.0624816198081423 -0.104602424105256 -0.0914819254101996 0.00891858479452074 -0.0326747804207989 -0.261163396737691 -0.207258743832157 -0.37222132136365 -0.555272785527344 -0.544826653674383 -0.489953733894635 -0.40235067371698 -0.367321762900482 -0.28284115040953 -0.303737845081337 -0.342337204927722 -0.42991582796928 -0.42633263263831 -0.404276694943693 -0.32530623936393 -0.376208090393541 -9999 -9999 -9999 -9999 -9999 -9999 -9999 -9999 -9999 -9999 -9999 -9999 -9999 -9999 -9999 -9999 -9999
0.384816505077688 0.392157724954946 0.413184847304362 0.462944568242097 -9999 0.685400657864833 -9999 -9999 0.433902562773499 0.545026297842933 0.204748509252191 -0.023949871345377 0.00283835134940645 -0.115224923170718 -0.118569691118099 -0.260561762549923 -0.292300996625578 -0.445708406557331 -0.531338868842543 -0.552672465811591 -0.546629144185276 -0.532040229906499 -0.477285094613014 -0.337760904360937 -0.32081323355969 -0.366386529065823 -0.380515278038545 -0.410270668802445 -0.445219884465194 -0.422492759126097 -0.333082850996023 -0.296734620165821 -0.307559059211814 -9999 -9999 -9999 -9999 -9999 -9999 -9999 -9999 -9999 -9999 -9999 -9999 -9999 -9999 -9999
0.353935503760642 0.388343860804109 0.511388628856028 0.539031495592194 0.608906121916878 0.710306576475352 0.715673560314679 0.728954905680628 0.559890752444924 0.580548647565281 0.328992359747012 0.00345104799587262 -0.076168539561887 -0.0436669768622878 -0.112781257021912 -0.245101467847136 -0.308468555347505 -0.397982869434706 -0.512673732442268 -0.591524341682287 -0.550987879958071 -0.534692660479296 -0.481381643629689 -0.389266528406409 -0.331528007237165 -0.379893566992835 -0.406858204173725 -0.463855025846011 -0.510596100411254 -0.427584996716089 -0.41031608904977 -0.331711258586337 -0.305460084618091 -9999 -9999 -9999 -9999 -9999 -9999 -9999 -9999 -9999 -9999 -9999 -9999 -9999 -9999 -9999
0.330851392379765 0.416827904558561 0.42859622810387 0.545548302665266 0.565255890510932 0.609051866728472 0.622890163875157 0.674810119634907 0.72017850897013 0.628320976860382 0.359159256358242 0.20863196562863 0.0206481217492725 -0.0612293628620289 -0.0619303511594369 -0.202244859148502 -0.319358347760984 -0.466157997725527 -0.594232558147882 -0.617797432576921 -0.574386215061033 -0.536308909972498 -0.539717736232809 -0.48080822410532 -0.313009902782034 -0.424469309222707 -0.473622977654859 -0.519540088435522 -0.516803110754834 -0.495352134520818 -0.427382303164954 -0.406628016686699 -0.367673018060049 -0.368533492366501 -9999 -9999 -9999 -9999 -9999 -9999 -9999 -9999 -9999 -9999 -9999 -9999 -9999 -9999
0.408392965661134 0.44977241634095 0.473395306800804 0.503314179970686 0.515520345253545 0.562379592938464 0.584648214894876 0.617398246846253 0.602808119293151 0.409593955936744 0.312088788001333 0.197414000324369 0.0533807146298556 -0.0630989348140167 -0.0956557781611758 -0.222424438714684 -0.19587176628254 -0.468435477753609 -0.600922160735431 -0.61695695179073 -0.609135648006892 -0.590197673490783 -0.544366895575269 -0.466559749257063 -0.304069329608957 -0.39275214884237 -0.456554606794438 -0.474125028241437 -0.558262728619436 -0.546195078269252 -0.483728955194925 -0.443103799729843 -0.399815062346872 -0.381079760716173 -0.360750038918877 -9999 -9999 -9999 -9999 -9999 -9999 -9999 -9999 -9999 -9999 -9999 -9999 -9999
0.328700645501372 0.445209286126348 0.430809393293729 0.470904004034777 0.527625390779986 0.638361040416978 -9999 0.564540328013075 0.617797680948971 0.376398570977333 0.352685757292305 0.151528736113553 0.0688982300857904 0.0530581562455252 -0.0266187951288427 -0.117559119402427 -0.25900824450003 -0.36045833432583 -0.48800556861416 -0.425643072959084 -0.525289694343796 -0.548296528869871 -0.492797763456233 -0.504532782384454 -0.415457673230756 -0.474628565976925 -0.522156948718163 -0.535165848836545 -0.590421877366074 -0.573206863700265 -0.485581273371514 -0.474437263900939 -0.262379330480425 -0.285955172122915 -0.29038212018437 -9999 -9999 -9999 -9999 -9999 -9999 -9999 -9999 -9999 -9999 -9999 -9999 -9999
0.3531528407743 0.33251932699982 0.787148975828258 0.710546853597143 0.528949982083488 0.786870267827222 0.753337726341421 0.711590301295721 0.554453160256914 0.388920217678578 0.282507804744649 0.217344833554412 0.0997027630964227 0.0721912907768378 -0.0339180650219911 -0.169041361167188 -0.189972647806364 -0.367583494682253 -0.487341033722833 -0.548355555408927 -0.492751769311961 -0.530051571094595 -0.459061268386703 -0.407703838525917 -0.366454512614263 -0.363940150800085 -0.382254306118835 -0.367217667607891 -0.5330907304967 -0.553975100711592 -0.510054483837741 -0.475444237046189 -0.439669380132921 -0.341630164294892 -0.17749734428532 -0.23964620633466 -9999 -9999 -9999 -9999 -9999 -9999 -9999 -9999 -9999 -9999 -9999 -9999
0.506610005669727 0.487632467569972 0.512377261824583 0.455291104828992 0.550701972504306 0.713381918794214 0.741984773242031 0.692025829199814 0.590153887855238 0.471272539361025 0.236200335797041 0.170632760426847 0.137390063137475 0.100947330480203 0.0224799459188085 -0.150317615040234 -0.161337179862555 -0.36700567045009 -0.390000725707923 -0.429290038468947 -0.483910372213332 -0.477395911515207 -0.240047564257612 -0.245934010371089 -0.40686224494084 -0.342466945571187 -0.433224616533871 -0.48162533746744 -0.487264775944991 -0.491196520851497 -0.432254115232131 -0.230715377717116 -0.298303845386877 -0.185470018195853 0.0260343150034519 -0.0190784379047451 0.00891067038293444 -9999 -9999 -9999 -9999 -9999 -9999 -9999 -9999 -9999 -9999 -9999
0.684032159853381 0.559306184708923 0.49157255994207 0.501573701455795 0.475517300850618 0.546610482282085 0.572585781393568 0.531091168984863 0.457126757124747 0.309067510026657 -9999 0.248205947887055 0.115740020870961 0.0596121244183993 0.0385702141662364 -0.09375698685365 -0.143575820337298 -0.178036235674851 -0.241527570676792 -0.301237721328431 -0.39741278518383 -0.393924592792108 -0.253621814965475 -0.0399580066050528 -0.213705768274112 -0.235416153535773 -0.291204048762099 -0.403377070724235 -0.442423040609903 -0.3890801781152 -0.377399662209524 -0.309678761243572 -0.257793429058605 0.0984089333347026 0.0201267425451345 -0.00630817497131221 -0.0340828718277681 -9999 -9999 -9999 -9999 -9999 -9999 -9999 -9999 -9999 -9999 -9999
0.65198427530543 0.66415053424039 0.546750518636541 0.510908893252734 0.569456470894238 0.515855846222857 0.541103493942711 0.536098351996554 0.429645499389233 0.370456172014432 0.163053149898071 0.209994798871974 0.144540631205176 -0.0324564809953926 -0.0763670843204969 -0.106096023632578 -0.174636521916329 -0.165652236085756 -0.214808088908806 -0.289038630362246 -0.175271287138308 -0.270630659676852 -0.288116828108791 -9999 -0.101034274476856 -0.1309854914894 -0.157352141431434 -0.16034178011996 -0.268231895115064 -0.306121716044891 -0.287809908560266 -0.262218453737373 -0.214545000440255 -9999 0.00387633778818102 0.0110130641562193 -0.0415487326762394 -0.0551980536552477 -9999 -9999 -9999 -9999 -9999 -9999 -9999 -9999 -9999 -9999
0.550512551564912 0.655749888416592 0.641786987331145 0.519531227536594 0.511765265588494 0.485869522955481 0.523629126598614 0.556021368604637 0.444639744641681 0.4011145042907 0.305758733623758 0.127386749345814 0.0906287553633867 0.00605455763775896 -0.0605988005767014 -0.122835587499185 -0.0999681459010141 -0.200123799852118 -0.189668443798587 -0.171240521718162 -0.0999666720822464 -0.0405037836029582 -9999 0.107290356018386 0.144002495367891 0.0580993236667542 -0.011721552588969 -0.0791075163008774 -0.122408522697875 -0.211946816189003 -0.16402177778604 -0.167039509962398 -0.116842059486028 -0.0526582171595679 0.00727119428493684 -0.0181131924909154 -0.0816532270442454 -0.0969651444579001 -9999 -9999 -9999 -9999 -9999 -9999 -9999 -9999 -9999 -9999
0.488433040898438 0.566784304711627 0.62881820405077 0.486160124850425 0.503572096222164 0.532017773536497 -9999 0.522685762146377 0.547271042450536 0.427926807452233 0.291834347846995 0.118799093876557 0.338348231156796 0.0460860926366438 0.0943243991716136 -0.0602186585332298 -0.162350026118033 -0.187794435796301 -0.172014183696772 -0.183170248476871 -0.0762402125188044 -0.0673461243820462 0.0503060955895185 0.0367259172177092 -0.0200146363517602 0.01091871010879 -0.110457356531842 -0.0234643106326109 -0.0995005803333168 -0.13373706410336 -0.135595243333129 -0.116135297550803 -0.0523821985646171 -0.111457313770827 -0.11048146782698 -0.0843057446254836 -0.0821020966174464 -0.0844449117144275 -9999 -9999 -9999 -9999 -9999 -9999 -9999 -9999 -9999 -9999
0.416435266119723 0.40324264497735 0.443095509913059 0.453866815514199 0.472039936165245 0.416677465159521 0.565420016904709 0.638308333523215 0.66384094565328 0.734948182676309 0.201129776081787 0.230746755362342 0.228055247297332 0.0672161911190941 0.116036872155613 0.0592451349837095 -0.0688215180130566 -0.00886645424094848 -0.166697782106723 -0.0549422986701398 -0.0496139821720086 0.124380011960276 0.024309039175593 0.00697947761602079 -0.0364909369443039 -0.0409605958244985 -0.104796631662455 0.0149171332104058 -0.0250829373352091 -0.0556612356052413 -0.1352891944923 -0.165431875603876 -0.170155712961652 -0.149635904031899 -0.171444818175646 -0.0659858322054596 -0.0671425728549425 -0.090370559774185 -0.0999870363623346 -9999 -9999 -9999 -9999 -9999 -9999 -9999 -9999 -9999
0.355396810802067 0.435385344593415 0.437766156351318 0.379226582478332 0.438818410430574 0.420237584135097 0.393896801338993 0.641738652354299 0.682660123582222 -9999 -9999 0.249302478319107 0.248369235744026 0.197438387118671 0.190762422317436 0.0512686899599981 -0.0558690950288709 0.242299266924985 0.384358840382785 -0.114452128737006 -0.0316777048831674 0.104925031240665 0.0422741648730857 -0.0265640196659086 -0.120880297920577 0.00945023370256945 -0.0791206033941668 -0.0866223543470179 -0.0881493528862716 -0.0647599691701207 -0.10627149681088 -0.129608785398352 -0.188094004227676 -0.168288391891875 0.0294137192732774 -0.126238367141006 -0.0517367497272597 -0.0686218509144561 -0.0753048793807387 -9999 -9999 -9999 -9999 -9999 -9999 -9999 -9999 -9999
0.385203527678831 0.43267431088143 0.420396086654817 0.403066277843684 0.457557414211242 0.584151447855011 0.677255922394003 0.783546169883613 -9999 -9999 0.291418044217749 0.269050502910879 0.257661655072407 0.145612975726043 0.207767017613253 0.199931334671093 0.111870748419343 0.107457063680676 0.144463363320907 0.13051605728393 0.166076713407504 0.0327756310439342 0.0164424009177904 -0.0405159773545264 -0.1388206466881 -0.199443813969484 -0.129033216018593 -0.10721374257072 -0.0762751171965406 -0.0442678576422506 -0.0641571935975352 -0.0730845483707438 -0.115751704418501 -0.043190873108637 0.0373355972022672 0.0488468790924641 0.15817223032388 0.0706709216641076 0.00293955817030799 -0.0134304097468701 -9999 -9999 -9999 -9999 -9999 -9999 -9999 -9999
0.362803291588354 0.378815688172885 0.372628582441317 0.3815975732031 0.512928843210764 0.561276253665457 0.569689464079429 0.655174091352813 0.726250334154439 -9999 0.278665628890596 0.285734743000415 0.315434497516861 -9999 0.213036006426407 0.158616065677061 0.160775197241807 0.167207754040439 0.118252406087443 0.235439076043478 0.0897832764121069 0.0667376688119961 -0.0332470275431672 -0.0657968754094331 -0.189997495381122 -0.230677967037593 -0.217870143492758 -0.102830315678429 -0.0708532654510341 -0.00859345883323473 -0.0347745205409273 -0.0202625087020202 -0.0792433107538536 -0.0511395115643684 -0.0321159312491629 0.0401159654654525 0.0713031961233955 0.0239327921199764 0.0320280051419666 0.00617269751773743 -9999 -9999 -9999 -9999 -9999 -9999 -9999 -9999
0.362846475533302 0.404198631573886 0.395229472068286 0.431450907435202 0.552232310709822 0.525777044953696 0.560158565051505 0.594885533167076 0.634347133533442 0.75135815358059 -9999 -9999 0.366599748410353 -9999 0.287698044882231 0.199520378822123 0.10892041406521 0.206172322225533 0.346614208204349 0.297146422803053 0.112627653628698 -0.000830521713756715 -0.156217322323574 -0.185461112236412 -0.216835941752933 -0.205665281575585 -0.160708330247689 -0.0250991624397203 -0.0172152096114222 0.0584932600185685 0.0987738323070043 0.129143309238057 0.0683715583590701 0.019615364883455 0.0414069819556011 0.054140774611543 0.0913261972881271 0.0465915807480914 0.0246517962086997 -0.00691343113953211 -9999 -9999 -9999 -9999 -9999 -9999 -9999 -9999
0.431701491543384 0.421239357368847 0.406859320172089 0.428449235727342 0.54889159678353 0.560576031143409 0.561154119997463 0.610460790835688 0.704837706657834 0.716791534624841 -9999 -9999 -9999 0.71728336795503 0.507199517736471 0.401175009681507 0.597193815183047 0.682083377061612 0.351712221816522 0.354327068258894 0.0800900212309045 -0.0858577934439198 -0.150510239892282 -0.214109245461532 -0.208805183550587 -0.144736328986693 -0.0934303755557854 0.00272835751017018 0.0352662125885994 0.130141993523679 0.145390586869345 0.179988028262372 0.131894117894932 0.120925949854424 0.0876253354976305 0.127449968976552 0.12886749112984 0.129377452595479 0.037423920877357 0.0467080844630302 -9999 -9999 -9999 -9999 -9999 -9999 -9999 -9999
