data/rasters/s4.06.07.li.1_xyz_08_.asc
NCOLS 100 
NROWS 100 
XLLCORNER -4 
YLLCORNER -4 
CELLSIZE 0.08 
NODATA_value -9999 
[rows 21 to 41 of 100, columns 48 to 95 of 100]
-0.0952604156035404 -0.100328257485593 -0.145637373992718 -0.110008715617167 -0.0511359841333734 -0.135483837539884 -0.0674277953396528 0.13387976718327 0.353836039923664 0.428383651223969 0.60861012087924 0.493635454269972 0.405213618295527 0.338528378301258 0.366727465544763 0.393079533826018 0.310940754028871 0.317650358389378 0.284946713374831 0.324344751103937 0.297844911802095 0.253501400914164 0.260947426119201 0.13473586197229 0.239626689208408 0.147679082768401 0.0721586244575932 -9999 -9999 -9999 -9999 -9999 -9999 -9999 -9999 -9999 -9999 -9999 -9999 -9999 -9999 -9999 -9999 -9999 -9999 -9999 -9999 -9999
-0.0260753996324921 -0.129039635333217 -0.0962244119830662 -0.0965293788432034 -0.116106120271836 -0.0579599236744191 -0.0896652185657738 0.0358180905160507 0.32109008374803 0.443517058510163 0.505346462582585 0.502168029578267 0.475288078791143 0.372102963457463 0.445511034679178 0.366088095516001 0.323308811725443 0.336311650040485 0.305441517952023 0.355549895326008 0.291896879090602 0.254745256949961 0.280088568587092 0.224015308628451 0.284517984271647 0.176635749762129 0.268842920115618 0.374652250698721 -9999 -9999 -9999 -9999 -9999 -9999 -9999 -9999 -9999 -9999 -9999 -9999 -9999 -9999 -9999 -9999 -9999 -9999 -9999 -9999
0.00731737776598321 -0.0492789614111085 -0.0933515532133876 -0.0315927168965988 -9999 0.0468012575561423 0.0296318935202666 0.0948243782126628 0.32992177017603 0.422092645272012 0.496076169877911 0.459561929529728 0.461222428524551 0.448768761457042 0.399633782258263 0.470406517384678 0.425703659606881 0.355269643672435 0.329258496889407 0.374926104275061 0.40521265731265 0.310542197638555 0.269220161120834 0.277568913713943 0.304090035202845 0.280249502066357 0.358495974045572 0.439721366413747 -0.0489685222536276 0.100145227976175 0.391017703929626 -9999 -9999 -9999 -9999 -9999 -9999 -9999 -9999 -9999 -9999 -9999 -9999 -9999 -9999 -9999 -9999 -9999
0.291768640329366 0.129535015910151 0.0605937695857007 0.0647603598796344 0.156669616579924 0.122974194698244 0.111803692277866 0.114014813147297 0.356779582509463 0.349386111391725 0.470933251852244 0.462209791585576 0.468890475868597 0.506081989706895 0.523278452132507 0.449611461336981 0.432301268541565 0.366416956856502 0.410293474820827 0.400116892836827 0.396276740614965 0.415379299997251 0.333098484204614 0.177937460046726 0.186835855815201 0.258388722549428 0.267564786819678 0.468163518168549 0.284035457758422 0.253270399270009 0.392284766947649 -0.00500582326051976 -9999 -9999 -9999 -9999 -9999 -9999 -9999 -9999 -9999 -9999 -9999 -9999 -9999 -9999 -9999 -9999
0.304667511466291 0.161596945205587 0.233289289106189 0.130064966234246 0.135294504489528 0.131029685955284 0.162683006142148 0.197973696181636 0.190323228558308 0.271655724049252 0.408941243696407 -9999 0.424773532104745 0.595493131378098 0.546291983149829 0.542503494986524 0.39887394916273 0.386245186785318 0.440802089466954 0.393727525287412 0.30988113529824 0.420762876214985 0.482539933958284 0.14123504259757 0.111949316185851 0.213154518071645 0.218431632505001 0.312120462270024 0.258916057333981 0.183379969017572 0.381304628006365 0.374781396997705 0.0551761755218185 -9999 -9999 -9999 -9999 -9999 -9999 -9999 -9999 -9999 -9999 -9999 -9999 -9999 -9999 -9999
0.282580484678777 0.184764011528908 0.197566022612223 0.120973318246366 0.137530909376059 0.117925567401461 0.141609202166615 0.17013115849515 0.242704328404967 0.518027324986432 0.559041316094713 -9999 0.539429012751826 0.653214288257727 0.560266317227553 0.526194163296395 0.443813154637964 0.439544539764343 0.468839318912756 0.423171868389744 0.354422313484605 0.394499943143441 0.471578092046395 0.361035647412862 0.280377750989332 0.0710509387332287 0.0794199926808604 0.129524340470862 0.159567261100683 0.277627265129575 0.370720001816545 0.268653672142913 0.0645363844045733 -9999 -9999 -9999 -9999 -9999 -9999 -9999 -9999 -9999 -9999 -9999 -9999 -9999 -9999 -9999
0.263954816910808 0.195394159409913 0.170419863403545 0.167666590304253 0.15002369025149 0.144477858318942 0.163646850646004 0.210320725942314 0.304081266971539 0.401945228226639 0.685365052469329 0.6595689210868 0.661785334592323 0.624658780416492 0.535067545465121 0.536673352222779 0.484453664474044 0.455243854149347 0.495445532416343 0.541899151981426 0.494172740128104 0.498837101528058 0.381016661783944 0.470509029638411 0.392626478417687 -0.0459495230799164 -0.079673004888106 0.00799846470924768 0.0270512442257988 0.114872690438142 0.287987327325151 0.21962366882385 -0.0754665570011 -0.065004772439188 -9999 -9999 -9999 -9999 -9999 -9999 -9999 -9999 -9999 -9999 -9999 -9999 -9999 -9999
0.244045546054106 0.302813661379709 0.133496657213665 0.137501943921302 0.0766326429548212 0.213144806647025 0.245643682218713 0.213049065199231 0.233426181112457 0.404308983572068 0.616208013765024 0.747845610461883 0.703779016510689 0.601442993862469 0.516262518204059 0.570194661400104 0.498994598466701 0.44837707435926 0.476019747495628 0.47555055700876 0.515526132449433 0.44899272180171 0.382870826050059 0.554586546106682 0.501775577132847 0.243265217771876 -0.107028590377036 -0.00211271169538517 -0.0951064209745365 -0.0959032841954016 -0.0156323716472327 0.0881256622150922 -0.103999108119277 -0.0598692750417221 -0.119020655703552 -9999 -9999 -9999 -9999 -9999 -9999 -9999 -9999 -9999 -9999 -9999 -9999 -9999
0.296674262007746 0.338544488558471 0.235501255532744 0.135020549386823 0.113521530833606 0.248334862772985 0.27254282602624 0.182999573534857 0.169876606220568 0.305122591217924 0.535157907988407 0.619260124036263 0.609262919848313 0.567901608091086 0.481106912963222 0.454299424952687 0.41070896880865 0.482381292742958 0.553653232615237 0.462691535239543 0.413499823908662 0.405439563507096 0.432608445502799 0.390779976104978 0.35668009039533 0.283844087408838 0.0981861148577067 -0.135569547647464 -0.164134515739624 -0.147887472978391 -0.0796626927089802 0.0190105268625549 -0.129518709367814 -0.108018984706326 -0.112963108543674 -9999 -9999 -9999 -9999 -9999 -9999 -9999 -9999 -9999 -9999 -9999 -9999 -9999
0.118718032114709 0.388502532469011 0.330451592331431 0.27574278331153 0.221188099332744 0.272697746022221 0.353978252883639 0.335157932022187 0.289856467745759 0.333645282078182 0.525292887937881 0.643613524521592 0.580592868357171 0.538556991251376 0.553144332729806 0.459859245417528 0.437337496433856 0.415674008941627 0.491004047204084 0.230982172904933 0.463633097054039 0.425208193776775 0.228300474842038 0.343832901526206 0.385201731688628 0.304634525910705 0.00674519361318121 -0.0318533784848874 -0.117490314808681 -0.13273776697833 -0.167838884227341 -0.0892247765641573 -0.106671562655228 -0.0981766742477479 -0.193013514887925 -0.153373806250002 -9999 -9999 -9999 -9999 -9999 -9999 -9999 -9999 -9999 -9999 -9999 -9999
0.0967225517934112 0.509133421018663 0.347309514094199 0.270484524031809 0.278515426492617 0.347472975809409 0.391106861523963 0.431914048315194 0.465416242963726 -9999 0.576549678704568 0.596401295980682 0.476858409349886 0.56902454917362 0.585558674353541 0.494182009386236 0.419352700525719 0.42319694555277 0.413140987220795 0.355357473201732 0.360554064223291 0.261087068045031 0.235607055508338 0.151547090810342 0.0555845421028509 0.180323721249652 0.11798808183216 0.0659622862386828 -0.12276496792014 -0.166169518126612 -0.205794999430865 -0.179875944275773 -0.151126555810855 -0.139864823534194 -0.141126640630448 -0.120273514780949 -9999 -9999 -9999 -9999 -9999 -9999 -9999 -9999 -9999 -9999 -9999 -9999
0.0805580672416573 0.448176212636451 0.329785644864921 0.231442033206008 0.18790531449443 0.298776216851518 0.3374870027587 0.39543558133843 0.509870012721617 -9999 -9999 0.83222007684586 0.531266861003278 0.539682607910183 0.561630712512463 0.469237543010644 0.456267553674733 0.389625015689347 0.276614645551268 0.239837369633058 0.301485562690124 0.393353299210862 0.378261917470948 0.36800388686831 0.410897490842175 0.22763568088357 0.0052166858965003 0.0276453536625985 -0.10382538332622 -0.189558211859964 -0.214713753229668 -0.181499905220578 -0.277799040866244 -0.170253529144532 -0.182840722667239 -0.227560257016872 -0.218872786121852 -9999 -9999 -9999 -9999 -9999 -9999 -9999 -9999 -9999 -9999 -9999
0.0842516919497289 0.327670178879606 0.199208028279097 0.108762486046874 0.123471591188695 0.213476406582169 0.106227900570909 0.29599872537936 0.454356136831508 0.647627990423914 0.66773237188148 0.741426430407093 0.578481308090696 0.498445263902735 0.526773751990846 0.465356572977303 0.33793722813071 0.300934701850428 0.204508118152544 0.182302893255132 0.12043467082249 0.191001324174222 0.185744732099676 0.0977692701836973 0.292895141467219 0.11505309171064 -0.0311270539437864 -0.133405832125012 -0.101875119754899 -0.184240633404957 -0.240835833661853 -0.195285096061478 -0.166752046239582 -0.196204563810632 -0.163544662304305 -0.160622008051609 -0.170530157906809 -9999 -9999 -9999 -9999 -9999 -9999 -9999 -9999 -9999 -9999 -9999
0.168271029506615 0.177611223662477 -0.0149646128002495 -0.010069699494181 0.136309496214712 0.100291263501393 0.221251097349358 0.118522605465844 0.21151589212891 0.578842245819364 0.615828664715754 0.772290378091871 0.689174040320988 0.461680110238395 0.434334055318659 0.492101114626135 0.304268785591574 0.159605164205876 0.0728157153484987 0.157762498548182 0.150793799417402 0.216869426891225 0.276161145481134 0.00542815557139151 -0.0261831019987074 -0.0717404072266569 0.080923726319271 -0.129693157165412 -0.00870955694737189 -0.226088748048951 -0.222083708328668 -0.184327954864832 -0.12350414857347 -0.219598054383868 -0.206918619780004 -0.170712607657708 -0.160222264657565 -0.108340977990081 -9999 -9999 -9999 -9999 -9999 -9999 -9999 -9999 -9999 -9999
-0.0957313273808909 -0.108070537275791 0.00156717435019895 0.0150901180551014 -0.0323415868095518 -0.0262502447684393 0.0152117787938565 0.047054906467952 0.344516208482067 0.551851817905643 0.546312160632931 0.649801537564089 0.711287879183203 0.435072895111831 0.45936757295104 0.458543560821707 0.356820229640781 0.148979817120378 0.0827327507050751 0.0615801204174485 0.0686597869675798 0.207737507106241 0.209297315484187 0.116564580571182 0.0587303029049366 0.0502240671513333 0.0504075474493607 0.0642236403721288 0.0450226093714178 -0.166461255520747 -0.221701514045374 -0.152523802081304 -0.0557684022186459 -0.080563128868656 -0.209131176682517 -0.0977911102136758 -0.0952115242133817 -0.110068949616003 -9999 -9999 -9999 -9999 -9999 -9999 -9999 -9999 -9999 -9999
-0.0911352374721668 -0.101307805712364 -0.0909292653164154 -0.0097851512725809 -0.133724028895317 -0.144187231920926 0.0969011318750621 0.142266364095496 0.597014730771757 0.503856153914032 0.566615520564042 0.542276508828722 0.527045508125712 0.494761725267403 0.192805036252862 0.326227327578824 0.343998990006056 0.15733251287111 0.0645270175142737 -0.0808494055427987 0.0241408015043766 0.108431583072232 0.198290055522471 0.197094507421379 0.0702341293848686 0.0348032828903578 0.123330612440535 0.163955618744129 0.0694830154837933 -0.0386445400337348 -0.147323301744125 -0.0835413027954266 -0.0666994416971081 -0.0547001729628571 -0.0343018519160835 -0.107219123770305 -0.0395216628524842 -9999 -9999 -9999 -9999 -9999 -9999 -9999 -9999 -9999 -9999 -9999
-0.122383908523181 -0.108400479010059 -0.177949394608096 -0.0644832148758072 -0.165576421978816 -0.044614727741694 0.102613775054676 0.422588134626284 0.431207009791426 0.463616255966129 0.447218487907099 0.543457923956771 0.475687389816354 0.462698522630792 0.345523719817628 0.15464015045595 0.281619183192149 0.173496583812349 0.0912393109539912 -0.0559212310036201 0.042820868912747 -0.0610741365039824 0.272827115003885 0.0381372245110585 0.12951283187552 0.0672321171345302 0.103664917898074 0.163458709333141 -0.030472606881886 0.083931255146269 -0.136476033118039 -0.0757221714308107 -0.0751994970195752 -0.0454162222115082 -0.0512253493455619 -0.0231792379474391 0.0101472320266439 -9999 0.253463060144748 -9999 -9999 -9999 -9999 -9999 -9999 -9999 -9999 -9999
-0.154798689052254 -0.157219759706306 -0.161228954099312 -0.0759590083177961 -0.139472357655876 0.099616391777397 0.296786468634423 0.410431349421375 0.419876119565091 0.424925113375708 0.37728512594889 0.402370414929467 0.375673933308733 0.285326569473888 0.336436628517003 0.258549184399519 0.197762933244504 0.209215742045925 0.0956902359100442 -0.0412674236343672 0.000433844961858551 0.0980509070219563 0.140054041774987 0.0875112669264868 0.00423032630869802 0.0305733583057211 0.0650690983352829 0.112028543116687 0.0935621170925906 -0.0990052915739491 -0.170809970587604 -0.088991826003237 -0.0465646846903635 -0.0257111077472888 -0.0736502951872547 0.0217933009777714 0.063801261148209 0.155104687543157 0.256848294464879 -9999 -9999 -9999 -9999 -9999 -9999 -9999 -9999 -9999
-0.187820520293745 -0.182226729517323 -0.104508153215715 -0.120354424422187 -0.0785211525919749 -0.0657387392695387 0.314588417890303 0.402750725362117 0.414130292564379 0.424370694729524 0.300133176055057 0.167031240964971 0.195630006509579 0.119235599536374 0.207131319452449 0.220491767449066 0.0882846772260682 0.214050210117669 -0.0624741702751419 -0.0557559558201983 -0.0864551523412327 -0.0277361548188536 -0.10955149615297 -0.0433744973111426 -0.0674021040212752 -0.0247261789361012 0.0403481329009313 0.141181921751863 0.0078310474172695 -0.111145901203381 -0.120466646890524 -0.0928704668055804 -0.063734652813056 0.0299468005790392 0.0712617063294919 0.0858599595151762 0.0899037872479359 0.131437468619458 0.204279814315251 0.220757977375748 -9999 -9999 -9999 -9999 -9999 -9999 -9999 -9999
-0.165230777284193 -9999 -0.161676682396275 -0.163989978786233 -0.122265738755614 -0.0592521846194751 0.213773405414992 0.401773379487006 0.403958189461652 0.386878313136635 0.3278701898987 0.257474000685949 0.147078576114254 0.133861395276822 0.119589318958699 0.11357845722452 -0.0288275158418271 -0.040826864140029 -0.118082401585813 -0.127476398512134 -0.150432090979219 -0.147953002376486 -0.115460757004518 -0.104753163269372 -0.0773885841327097 -0.0285707120380339 0.100121105956255 0.153003967964525 0.11199429589537 0.00671471619017059 -0.0459134262657498 -0.10915258218866 -0.0787309593396401 0.0117691513504932 0.0836447157682234 0.084519769448664 0.127387098450969 0.179668122464253 0.213115449167013 0.252411981729491 -9999 -9999 -9999 -9999 -9999 -9999 -9999 -9999
-0.0901302341664263 -0.107143670274306 -0.153115939370386 -0.209545469747557 -0.179713230514076 -0.0742012117419304 0.0245732071738349 0.270819753807308 0.371849818030061 0.291017636686977 0.342387157485953 0.323610506291355 0.274673876540143 0.22719541312707 0.181176507965874 0.157542175812753 0.0639178022213748 -0.0373854920816649 -0.10569731942026 -0.135833905657373 -0.174122326610607 -0.225221587148779 0.00701407598794913 -0.0625692895169762 0.0356734054315722 0.110426035939077 0.162365531768443 0.162703307784669 0.156336308203613 0.0735240621745924 0.171408833119933 -0.111940612690029 -0.0709231831342708 -0.00519964828541251 0.0892996599566521 0.102851653696927 0.146783326421726 0.243516087908434 0.276555754567811 0.267075953362023 -9999 -9999 -9999 -9999 -9999 -9999 -9999 -9999
