data/rasters/s4.06.07.li.4_xyz_08_.asc
NCOLS 100 
NROWS 100 
XLLCORNER -4 
YLLCORNER -4 
CELLSIZE 0.08 
NODATA_value -9999 
[rows 44 to 65 of 100, columns 49 to 97 of 100]
0.0826382896089229 0.0528232213342935 0.029689403316665 -0.0579137710254183 -0.185896983132305 -0.0068629232356733 -0.0685887279895923 0.075565834389661 0.15059735303847 0.132619722553427 0.114907112533092 0.097536604064762 0.01873256884587 -0.0603975561685994 -0.0298029775052345 0.113115349420003 0.0504127907965232 -9999 0.0799736231846786 0.0570033867987635 0.0578563841501436 0.0844110738431081 -0.070624234146839 -9999 -0.0368011616192693 -0.0409485098170685 -0.0342964146307 0.0100333596592584 -0.0180894081311688 -0.135606073925382 -0.110937747813512 -0.125010176865828 -0.122977056413502 0.114109864014402 -0.101558767218467 -0.129496623416893 -0.052116932601113 -0.0398037592303789 -0.0431141650241836 -9999 -9999 -9999 -9999 -9999 -9999 -9999 -9999 -9999 -9999
0.115177622844375 -0.101961516206808 -0.144660797336068 -0.0581466988030211 -9999 0.026948009070262 -0.0891066152865334 -0.0890516605520024 -0.0599140544711338 -0.0423828972781954 -0.0210876588991906 0.0523435805839262 0.0280162140376019 -0.0367407463946985 -0.0364071321033698 -9999 0.11489358214989 0.112133677796135 0.0765000321112044 -0.0118638806670994 0.040299066907982 0.0991787234524115 -9999 -0.0841004456867963 -0.0654817069695424 0.0012420471524871 -0.133295301255588 -0.172201721233691 -0.0463475802159379 -0.101184382822643 -0.150733145243775 -0.11684971658234 -0.0482125213065084 -0.0755147197958235 -0.132197534821347 -0.0121604476645347 0.0290226337054017 -0.0406640526439405 0.0061773631408705 -0.00759331661144372 -9999 -9999 -9999 -9999 -9999 -9999 -9999 -9999 -9999
-0.00896724702658017 -0.101508548769236 -0.127123721080136 -9999 0.148226007293681 0.200766184824843 0.188573689734573 -0.0760551924128194 -0.0716165909296675 -0.021108397133287 -0.0513437863576253 0.0248799379791237 0.068725602776082 -0.0179167646981893 0.0241718429798486 0.119223449112112 0.116224272633375 0.0698099868063428 0.106215137727174 -9999 0.0926167846620229 0.13517024353412 -9999 -9999 -0.145377871823988 -0.0240098171691418 -0.0550523916581699 -0.153545973972462 0.0181890838621798 -0.168925104864247 -0.0975700756233652 -0.0943692862522898 -0.0111599084753942 0.0324713218380651 -0.0595825838790818 -0.0159693721457098 0.0199977586998963 -0.118025633987229 -0.124419833638212 -0.0881419267361798 -9999 -9999 -9999 -9999 -9999 -9999 -9999 -9999 -9999
-0.123893595490626 -0.240587566888632 -0.187979869244397 -0.131977572479591 -9999 0.188230800614867 0.064905158501396 -0.0728783249961905 -0.0311763022823904 -0.135692114440267 0.431633973283371 0.0292791922019869 -0.0173960037908243 0.0207075026850782 0.091274299034074 0.0719745330674413 -9999 0.0775822202363562 0.0242604892900311 0.107945082645577 0.1600076104699 0.123011412150643 -9999 -9999 0.335215320760282 -0.040888284999629 -0.112058178476283 0.101220927368488 0.000377713093457209 -0.135789318940037 -0.116302681487569 -0.100077186071082 -0.0638680315030417 -0.0376511262779921 -9999 -9999 0.0670724333036035 -9999 -9999 -0.183004168842463 -9999 -9999 -9999 -9999 -9999 -9999 -9999 -9999 -9999
-0.1024100244383 -0.20580623587139 -0.149158390419534 0.0199548203805137 0.130480432196278 -0.115932128304536 -0.115747034639207 -0.0127960619582103 -9999 -9999 0.0691323581740182 0.00769641571278539 -0.063356149627928 -0.00813800536950988 0.0410018472438064 0.0169689022915951 0.0567186451912668 0.0750436645346757 0.0203001396156463 0.120979769744438 0.211487604562751 0.194660318967696 0.18524915571609 -9999 -9999 -9999 -9999 -0.06271348695593 -0.128320144673775 -0.136608531847243 -9999 -9999 -0.00824911908176882 -0.0440311533269095 0.0090222441756781 -9999 -9999 -9999 -9999 -9999 -9999 -9999 -9999 -9999 -9999 -9999 -9999 -9999 -9999
-0.184299146980284 -0.200362679121859 -0.124609068775871 -0.129652196035811 -0.124708004304264 -0.0835646210373041 -0.132709566945599 -0.126600845308245 0.0381643104240461 0.0580639210805585 0.0220745325237222 -0.0135857682081003 -0.0131256495463736 -0.00584044726277173 -9999 -9999 -9999 -9999 -9999 0.0598151329378473 0.21190583989601 0.175510725974816 -9999 -9999 -9999 0.0464675446467965 0.0531877750375362 0.0966607500303846 -0.043830851557052 -0.0350938763371904 -9999 -9999 -0.0120929920610841 -0.0349914727086815 0.00338680275760068 -9999 -9999 -9999 0.112724403790734 0.0227600650661874 -9999 -9999 -9999 -9999 -9999 -9999 -9999 -9999 -9999
-0.248529904488474 -0.210302746224788 -0.22755939275335 -0.170954286225597 -0.0725482593629511 -0.0202696539415503 -0.038669281463458 -0.046179268130676 -9999 0.00208324232445034 0.00874962515278505 0.0374985081755475 0.0737771222498869 0.0717507867599141 0.219074688214231 0.199593329402368 -9999 -9999 -9999 0.0278676562219827 0.15179036577856 0.208290299159556 0.180231004914649 -9999 -9999 0.0789080111041996 0.0812489089393736 0.118168432498685 -0.0106518748866378 0.0426910888597808 0.0783229082186878 -9999 0.174734366158802 0.11165641920155 -9999 -9999 -9999 -9999 0.146051244282836 0.0598827853220181 -9999 -9999 -9999 -9999 -9999 -9999 -9999 -9999 -9999
-0.218558042007329 -0.207695414170735 -0.166739447575288 -0.0884948700426856 -0.116081636183336 -0.164428574062973 -0.0450914505174073 0.225119452435234 0.0947968872452069 0.0199154829557768 0.0704725954221302 0.0687706367405536 0.0942333173077497 0.1146240997403 0.265122638361228 0.35330504304061 0.291834022885352 -9999 -9999 0.0174980255644892 0.0623926588777492 0.304709337575635 -9999 -9999 -9999 0.0339670091006328 0.124628356225973 0.0545380933592839 -0.0032125602762248 0.0466785271170142 0.015379778374218 -9999 -9999 -9999 -9999 -9999 0.121065702645807 0.100134572153637 0.075315968801007 0.0520891157289169 -9999 -9999 -9999 -9999 -9999 -9999 -9999 -9999 -9999
-0.224019726651679 -0.227957619501692 -0.153525897821612 -0.055367092333759 -0.0484337373190512 -0.0609806864062736 0.0151588162149224 0.0791493815792067 0.107403448928063 0.100432639708385 0.132435535679912 -9999 0.002402135902594 0.0104223810539447 0.165766139797244 0.446851431601294 0.412109387919842 0.350967355847308 -9999 0.0398393806283006 0.0651642036565698 0.135374963158918 0.198526958837152 0.0335905805181048 0.021791435362966 0.0862092416016278 0.0936314766793022 0.270348530687372 0.00990151005027799 0.0961033352150757 0.0703152489186216 0.1185435258736 0.208071963522013 -9999 -9999 0.112957724186839 0.127355123319475 0.135173489281565 0.102062777039417 -0.134079773262443 -9999 -9999 -9999 -9999 -9999 -9999 -9999 -9999 -9999
-0.239621986526018 -0.21605207269618 -0.185030744704627 -9999 -9999 -0.119246710524968 0.0232836227580773 0.0752491821584043 0.125061338155117 0.0942206980621528 0.101609716202496 -9999 -0.0840786626534135 -0.0450268146178995 0.454734541624312 0.500107674131399 0.430455135736935 0.478142420725473 -9999 0.284774902946596 0.0714946976871503 0.149677197729626 0.149827819900669 0.135135984532848 0.0906041344403659 0.045496250331304 0.0504603767851637 0.0639360535799817 -9999 -9999 0.0549723867084267 0.130685152842517 0.177855618573182 -9999 -9999 0.0467587582900643 0.151213088501497 0.161107943646879 0.14542431226785 0.100479077812529 -9999 -9999 -9999 -9999 -9999 -9999 -9999 -9999 -9999
-0.223989487104928 -0.206614156125513 -0.105570394334133 -0.0677597222641265 0.00521054179543682 0.0191521435360869 -9999 -9999 0.0849660814327226 0.141492662482464 0.115438657755547 -0.0475028697111254 -0.0660767919160912 -0.0772329268077916 -0.0324147952080816 0.479377135516294 0.436753414199698 0.318484033972823 0.28925170030269 0.279034866216123 0.187917451008884 0.138805239608255 0.176837692545441 0.155662762493364 0.0647774935145913 0.068987986465252 -9999 0.02265900599295 0.206483870771696 0.189079835943696 0.0845401932133607 0.16139946444402 0.234875847345555 0.128759740600479 0.0940292793790871 0.105340459355307 0.137489271840547 0.136433576827899 0.12351463537127 0.0827212053424623 -9999 -9999 -9999 -9999 -9999 -9999 -9999 -9999 -9999
-0.217917764462757 -0.0884277527695669 0.036967190550273 0.0394002193407897 0.0359017564047185 0.057131386487859 0.0694096297456466 0.093624026722013 0.0287986797078309 0.0235260447272361 -0.104671156339639 -0.0871914986522719 -0.081085784138421 -0.0647612832287976 0.326107810146403 0.282387409144855 0.284271604092277 0.216032902163846 0.237282445218236 0.271146859677768 0.228797512732117 0.113137222023705 0.100469288458531 0.0866997319036554 0.0146553877545804 0.354168657950902 0.327351464795255 -9999 0.358928022289692 0.286832668466127 -9999 -9999 0.0898396147213841 0.0930494951122346 0.141624382783096 0.226479324203299 0.313586208150941 0.157140454789086 0.133060206433992 0.105518390263745 -9999 -9999 -9999 -9999 -9999 -9999 -9999 -9999 -9999
-0.158879862157034 -0.0824108535471375 0.0421048465790924 -0.00525496432080865 0.00801726387707313 0.0107359056927391 0.0221012062104017 -0.0225865931604549 -0.00492621346351352 0.0523741956354092 0.0316036128730034 0.00471722709655329 -0.0660980390626105 0.0134728909633966 0.305412400302612 0.310446362366484 0.310406676719317 -9999 0.174557272211685 0.191927465170642 0.269970975901559 0.169555232211825 0.125167938609531 0.157361699598916 0.197504659378233 0.265594250783972 0.288955486859869 0.322622186369911 0.235682222771409 0.222534154123404 -9999 -9999 0.07656096575495 0.293032766153057 0.0879630000111689 0.210865020986975 0.102362380797207 0.057623210344573 0.0627197067410668 -9999 -9999 -9999 -9999 -9999 -9999 -9999 -9999 -9999 -9999
-0.194181910208771 -0.0556165296426417 -0.0585646035826113 -0.04159879179935 -0.0174330419256886 -0.0215930001828226 -0.0357832107903256 -0.0284765341617335 -0.0655483988636743 -0.0241657188963102 0.00468479416705114 -0.0102882991595077 0.0173757367651517 0.183484324254744 0.219132529344009 0.30052009028511 0.270421452793963 0.307576888749922 0.258576211241608 0.249041041773316 0.154038003895962 0.211411786346861 -9999 -9999 -9999 0.182737703287246 -9999 0.250654247516154 0.15728521494004 0.158791683766504 0.119801924295585 0.129056595059285 0.0813119923117456 -9999 0.0932655334853723 0.123751628490691 0.0815678587162296 -0.00495287565142681 -0.0119286322124322 -9999 -9999 -9999 -9999 -9999 -9999 -9999 -9999 -9999 -9999
-0.205127139219044 -0.129250966500769 -0.113611252501898 -0.116428185164878 -0.0802073011039984 -0.0195135116756914 0.00963076282126781 0.0913084737150711 0.0996397056100501 -0.0517825949815108 -0.0567794683154921 -0.0686329529706042 -0.00514134341254502 0.196446394289865 0.0712992919099686 0.189127489376827 0.259238698441817 0.329959741471738 -9999 0.333630191686848 0.267578524026242 0.141529825824399 -9999 -9999 0.146712732897016 0.109254013931375 0.1384363276117 0.134895684172825 0.103589420150265 0.125596360011026 0.0908526848102743 0.146451689233385 0.140283544665249 0.131401278149035 0.086806976478349 0.107426065853311 0.0620558039559491 -0.0570569978111854 -0.0452399950865058 -9999 -9999 -9999 -9999 -9999 -9999 -9999 -9999 -9999 -9999
-0.20942473997581 -0.147585966685231 -0.1581414505421 -0.139848021403561 0.128781176696316 0.00804745654274518 0.035643823058289 0.232881721354003 0.0707230428389507 -0.00058844941783304 -0.0613026546190614 -0.0645432159830845 -0.0102210291271827 -9999 0.353351023694498 0.293160886682377 0.246001674622317 0.0783811568043062 0.126136362277833 0.285550958478742 0.340792517366048 0.257175345840357 0.30687470795329 0.261380616984404 0.160900796096554 0.153441029783714 0.173346105790139 0.133636697914924 0.0865176544717141 0.0861785532965208 0.20078200172516 0.165008892383976 0.172404836490269 0.113204361876517 0.125374227984659 0.139128140240214 0.0817174442128407 -0.0679711000639905 -0.0906323800807421 -9999 -9999 -9999 -9999 -9999 -9999 -9999 -9999 -9999 -9999
-0.130815870801586 -0.0482632995040672 0.0144958105040226 -0.121898537863343 0.277750676762455 0.0957695258800602 0.119245846151816 0.118765020013106 0.0721206093666026 -0.0259700895442626 -0.0463514225390063 -0.0485616044642922 0.00505843369324832 0.156481218993212 0.0899977227841917 0.0574566919181575 0.169156800438183 0.439351307049237 -9999 0.414630969304634 0.397658066176918 0.297263802278417 0.334487043222545 0.243723729392772 0.223636049353366 0.112114042931246 0.0974320210683978 0.116301840580121 0.160922575144511 0.173423747610062 0.076283351075219 -9999 0.152979857244934 0.136261637017152 0.0937377667339357 0.154909727453758 -9999 -0.0459741469780251 -9999 -9999 -9999 -9999 -9999 -9999 -9999 -9999 -9999 -9999 -9999
-0.118916242964748 -0.10724740686867 0.0476998803539301 0.0842311804730284 0.185826307085359 0.151820553075469 0.0768014713092543 0.0197336914698625 0.0257782277361209 -0.0537444366756178 0.109193510440972 0.00229084398599918 -0.00767612601547954 0.0945922861911243 0.108054434918546 0.356487613136141 0.583236984188886 0.544082279226707 0.456348814462078 0.453441449653506 0.335511611360181 0.370583723118147 0.343386081323204 0.245570724880018 0.168591264748841 0.148884965492884 0.141607758393364 0.159075780775993 0.138958831523962 0.138543241117905 0.127297233011279 0.326797767574893 0.286790893435652 -9999 0.0801582075416952 -9999 -9999 -9999 -9999 -9999 -9999 -9999 -9999 -9999 -9999 -9999 -9999 -9999 -9999
-0.0869243389279712 -0.0270348385091118 0.0226131558773866 0.180656798391466 0.146387781640789 0.146426161710285 0.0789139353722639 0.0807267074855956 0.0768689559060376 0.0925905316691774 0.0198747680060694 0.033026765517704 0.131125652035591 0.144908493263272 0.145859317550649 0.236134258072338 0.522655531073292 0.468016956910404 0.346639623248084 0.264312915934635 0.280983769454537 0.342011087197008 0.366611677418495 0.280441817777544 -9999 0.354103161732575 0.173422805800223 0.216335489091945 -9999 -9999 0.155956297731912 0.193724782446618 0.092152987182751 0.0306652637866983 0.0731149790952885 0.085418486137327 -0.075707657700636 -0.1216772520614 -9999 -9999 -9999 -9999 -9999 -9999 -9999 -9999 -9999 -9999 -9999
0.0115951223710975 -0.0586881876017174 -0.0440260312509674 0.081660055314568 0.163266900440664 0.179296752912501 0.138925170763395 0.0516149296977369 0.0945288291422868 0.0838077808928836 0.0654279028380083 -0.0242527870950458 -0.0183688693360999 0.0405762230853723 0.0506413035801085 0.185886619253843 0.383050889463386 0.362480977663713 0.222222091569965 0.17579182870557 0.107686690886437 0.387558443656462 0.457543309096013 0.192625915007543 -9999 -9999 0.244286604626292 0.174726777985354 -9999 0.173115267950863 0.146820028439581 0.265453280616509 -0.0727370660894227 -0.0317587654720109 0.0479521208560856 0.0300094865004686 -0.0691614116045592 -0.200494198812211 -9999 -9999 -9999 -9999 -9999 -9999 -9999 -9999 -9999 -9999 -9999
-0.11393821327181 0.0123353331519623 0.0257533529490055 0.0780759033867723 0.163277121272452 0.0942425335994765 0.071674533559731 0.100045599910197 0.0648338993801938 0.085529451989217 0.0928647426278912 -0.0135412072716565 -0.0261844309523475 -0.0254076120256722 -0.0255615645180172 0.0931146398534719 0.20484784242906 0.206886548484174 0.0545915833496885 0.0379524002214478 0.0257992182362922 0.395686787257899 0.362943642283884 0.287237461794415 0.27717199523791 0.178585993032748 0.187755410045196 0.238424656696139 0.166263578433935 0.192649333702328 0.173641094043575 0.0914995273551313 -0.0938233483010388 -0.085796298989723 -0.0716007403990129 -0.0147147976683931 -0.110648075391317 -9999 -9999 -9999 -9999 -9999 -9999 -9999 -9999 -9999 -9999 -9999 -9999
-0.0591286083066377 0.0621172730724337 0.0824005950852855 0.0850071643379258 0.0799411367362821 0.0177113831494098 0.0549032460485445 0.106626992209617 0.0982042971939327 0.101309239467661 0.0206786621068945 -0.0160696609466641 -0.0310063751874391 -0.0216141155033062 0.0206288266392702 0.0729346138867948 0.178623512294571 0.0998321514119423 0.0492478980772953 0.250923941012491 0.162274371109701 0.12835652950176 0.160687210536695 0.223807831487019 0.226970385319001 0.168822610365322 0.197786929594988 0.204607418166377 0.133284044351669 0.0985844523508565 0.104843485791467 0.0275444263110788 -0.0248131182447471 -0.0958554625276017 -0.0752030947928372 -0.000794131945238295 -0.114417066594043 -9999 -9999 -9999 -9999 -9999 -9999 -9999 -9999 -9999 -9999 -9999 -9999
