data/rasters/s4.06.07.cu.1_xyz_08_.asc
NCOLS 100 
NROWS 100 
XLLCORNER -4 
YLLCORNER -4 
CELLSIZE 0.08 
NODATA_value -9999 
[rows 42 to 62 of 100, columns 0 to 47 of 100]
-9999 -9999 -9999 -9999 -9999 -9999 -9999 -9999 -9999 -9999 -9999 -9999 -0.0163135056182689 0.0737643250085072 0.0290727470649715 0.106042369201865 0.0662816740524193 0.101935683155809 0.162314791159284 0.136106645295767 0.0508615481718137 -0.0592399393630368 -0.100472825953033 -0.208009760273655 -0.244851274456475 -0.2825358464072 -0.289021057645131 -0.275631628523445 -0.23386774377835 -0.197675043512875 -0.166644067695377 -0.119105375190966 -0.00825865651436898 0.14250949952551 0.119803489258326 0.207973639016842 0.260576886276194 0.298811895602739 0.259528117146006 0.251613280838556 0.180236870095571 0.206827086641047 0.10384456923859 0.0957868790899654 0.188046586433257 0.10899843765068 0.407754531908686 0.404351031907998
-9999 -9999 -9999 -9999 -9999 -9999 -9999 -9999 -9999 -9999 -9999 0.212514871874874 0.217244237355332 0.114957307169829 0.0993117767897398 0.136808614666018 0.13078588601983 0.100533612395405 0.148267281589728 0.207175014107593 0.151730579864012 0.135428279697642 -9999 -0.0947286701927613 -0.212534366554922 -0.322181983777652 -0.321963139646999 -0.300049359875319 -0.278984741310649 -0.238471408137589 -0.126259014610344 -0.0772632756140955 0.0370930377896925 0.0815687512400783 0.0939880400365647 0.167812779840716 0.261376720111277 0.312023042751203 0.28531787621458 0.254512870822677 0.246770504549887 0.212538723120329 0.183641756492261 0.0844193256601917 0.112860039336071 0.0950928781789833 -0.00249678680990693 0.101235442562292
-9999 -9999 -9999 -9999 -9999 -9999 -9999 -9999 -9999 -9999 -9999 0.237522233392101 0.252358486078027 0.176771617236931 0.172418484710725 0.172189284123738 0.160306662499618 0.13287131097551 0.134681155070248 0.164774698054588 0.157969631537381 0.21399961133596 -0.00735353498393609 0.0594278541983275 -0.206345194603875 -0.320059279573708 -0.336547850158719 -0.318039709669549 -0.288754827694184 -0.201493016598596 -0.12816462711956 -0.0324162876276246 0.0653728460734437 0.0894579921103764 0.162153391472971 0.18252034396092 0.261487081183141 0.295601157608307 0.278426229554228 0.214522712117985 0.183645320347324 0.167368448039879 0.1202365163763 -0.0303515275729067 -0.00769757926132179 -0.00213373841596354 0.0217799978051212 0.014327014420509
-9999 -9999 -9999 -9999 -9999 -9999 -9999 -9999 -9999 -9999 -9999 0.131887673429062 0.146188058271582 0.160773482649989 0.162155896320411 0.144175441614042 0.127600964503619 0.16524405596867 0.156936973378361 0.137668201092593 0.156000695587766 0.181182421766348 0.0600956346576136 0.105518231415922 -0.0517742336771744 -0.282875556964826 -0.234098028333492 -0.177546381503387 -0.228267096563352 -0.145514496511095 -0.0514886535498497 0.050797083676118 0.119559683492579 0.067621498704514 0.109416446851201 0.210309217451702 0.233149656337046 0.254295108580871 0.278354931887731 0.213732681469378 0.116234369688521 0.0460178188983265 -0.0336070728487144 -0.0358727397953583 -0.0909727098598253 -0.074164490500529 -0.0455438031566048 -0.0303311810894489
-9999 -9999 -9999 -9999 -9999 -9999 -9999 -9999 -9999 -9999 -9999 0.0274834561985411 0.0401655453330919 0.067259164010943 0.0940489114833752 0.113277718824488 0.149463367836651 0.164110956397816 0.137641531090418 0.134906080840149 0.211592881756712 -9999 0.203705455681533 0.225108269794542 0.0924804855974088 -0.137952652100736 -0.125634833084213 -0.14478272964939 -0.0952699476144644 -0.0952718527352466 0.0753012332031668 0.195416273347004 0.0871161959647988 0.078502434074513 0.0812912108126639 0.113333598648746 0.212816093745835 0.240171742433493 0.262182176552018 0.292040368809174 0.146785623467879 -0.00542651915796508 -0.0566873441247043 -0.111246690593421 -0.132442515911603 -0.111127470135194 -0.0718550481535654 -0.0230678142235731
-9999 -9999 -9999 -9999 -9999 -9999 -9999 -9999 -9999 -9999 -9999 -0.051267851278216 -0.015353738379058 -0.0274871965770847 0.0128391619862634 0.0176417953278567 0.0613426019497095 0.127344970196078 0.199314713018967 0.178832953190366 0.273069825040071 0.252095969863258 0.259839912206161 0.269397931322096 0.1812003948229 0.273747300327986 -0.115605331439315 -0.087199138622102 -0.0410957671739363 -0.0506033110027235 -0.0788013877893495 0.00224996428344402 0.0635059098602611 0.0479643128804686 0.0448450835757002 0.0687744575323 0.168448894469662 0.177891567038163 0.210201043581366 0.299778136180122 0.0949732139168899 0.026382110871074 -0.051115253063974 -0.0990575411279681 -0.116565265406706 -0.119956352074537 -0.101591412683875 0.0489422934461874
-9999 -9999 -9999 -9999 -9999 -9999 -9999 -9999 -9999 -9999 -9999 -0.0553036864941148 -0.0688322861970533 -0.0455941949296306 -0.0474944634242265 -0.0064674461600352 -0.00527317912811165 0.0740163681661224 0.156397296258481 0.222690280558873 -9999 0.227485717494523 0.189921255706219 0.283085978477314 0.21954859379525 0.174502315866645 0.0645370663151333 -0.173135461285863 -0.0248953427941865 -0.0604440103624258 -0.216441866624063 0.0413193413974886 0.0741104489736639 0.0167553078333862 0.0226867102389943 0.11535228997557 0.116591528704401 0.178397371409793 0.172165751988131 0.22710591457666 0.247575688678614 0.14666706118977 0.0204619027225366 -0.0158624081688055 -0.0623052729085133 -0.10219227763343 -0.0771590340452412 0.0373508712997839
-9999 -9999 -9999 -9999 -9999 -9999 -9999 -9999 -9999 -9999 -9999 -0.0534337765998488 -0.0810997094484588 -0.0638952674292096 -0.0636992265089949 -0.045633397602995 -0.0320270594413091 0.0263719104544513 0.0806877095817718 0.104757252885695 0.110766298309508 0.192989176018138 0.0909228936112804 0.0544572321156096 -0.0259474961372134 -0.0705846722479119 -0.149218189787558 -0.252687070435877 -0.154249189503306 -0.274162151924639 -0.199516082869563 0.0211839189585439 0.0898575065154214 -0.00765736082588245 -0.0114166746391909 -0.0248318615538869 0.0222422098539289 0.150027426443033 0.209934613592278 0.23807976755913 0.205755455894665 0.0637778108058382 0.00512347518639309 -0.00493791148884894 -0.0341295916270539 -0.0375516117571443 -0.0578408650090642 0.0219671831779042
-9999 -9999 -9999 -9999 -9999 -9999 -9999 -9999 -9999 -9999 -9999 -0.126697907661492 -0.117450030575244 -0.142163506149156 -0.105545431942793 -0.0582512544893185 -0.0363316043732853 -0.0194438810381697 0.0491024146996467 0.0966279400847689 0.13575642363618 0.131403247910492 0.0295608504566276 0.13667037774314 -0.0406594919934905 -0.21773961100206 -0.234920338654006 -0.281853013038917 -0.265073773345505 -0.242469979136117 -0.148976246952647 -0.163179931421459 0.0330131221236455 0.0812420014225516 -0.0481534755105301 -0.0265340728605187 -0.00212898740163322 0.0699681161165308 0.171819635071821 0.213500927350229 0.190393540115716 0.064587424651268 -0.00194301155370902 0.0473867826027886 0.0733593525407703 0.069167684196826 0.156307010779678 0.0999196000664472
-9999 -9999 -9999 -9999 -9999 -9999 -9999 -9999 -9999 -9999 -9999 -0.175040905032517 -0.196176461134112 -0.205384547138989 -0.171416740868798 -0.143593034976313 -0.104772928685042 0.0692782969154754 0.0435787129956009 -0.0514322233929951 0.129905362819534 0.0779045588998228 -0.114649187322362 -0.200818740687895 -0.317167983827957 -0.332102405442862 -0.356641960706427 -0.351764873672436 -0.303269197338251 -0.323436460162658 -0.256367506750976 -0.115210877255676 -0.0860939971414359 -0.0505251070792213 -0.0754974371813181 -0.0563350557926946 -0.0281096313971447 0.0257575603284109 0.0790665131429019 0.0820808086904485 0.143706959336131 0.149154257085675 0.127231262318655 0.102846733304197 0.157924668329998 0.148243387092965 0.0965670017479774 0.241724981837499
-9999 -9999 -9999 -9999 -9999 -9999 -9999 -9999 -9999 -9999 -9999 -0.167787325934974 -0.19041547466445 -0.153100985753331 -0.138356765249712 -0.141948668017946 -0.102362860591875 -0.0103461841561633 0.0724433437518986 0.17202983224329 0.163751171351072 0.163713473347476 -0.0996862035447871 -0.242476180786555 -0.319212608210995 -0.347774994214892 -0.367935351353767 -0.351513191825069 -0.302765278500091 -0.294112427825364 -0.231617538886976 -0.147353800545347 -0.138410009933844 -0.0483797049944852 -0.021492199674245 0.0133724924517825 0.000666580595014435 0.0815937705242374 0.112499722608079 0.0674837668577099 -9999 0.182101978214938 0.175772751869724 0.21808970889086 0.229763041486221 0.20135516548579 0.237680838448628 0.272843997939335
-9999 -9999 -9999 -9999 -9999 -9999 -9999 -9999 -9999 -9999 -9999 -0.142698886374208 -0.138659265977434 -0.125090459749873 -0.123336483988039 -0.133330330782424 -0.108452883026751 -0.0150162946723462 0.112572210542483 0.184598666736906 0.200931507870221 0.0634180868629919 -0.0737301340601126 -0.223158850446794 -0.323670114109552 -0.383121516914034 -0.33063331781668 -0.317224059577732 -0.313175639067205 -0.294193976548834 -0.147708740690287 -0.11632744874245 -0.0648841419842561 0.0364512043645775 0.0164623848553103 0.100180501248896 0.0902088605283707 0.229880725504738 0.213716469136393 0.267025204539956 0.255570613720649 0.223471609180836 0.177169842127974 0.221037565534612 0.234111682882921 0.242656760650553 0.305851297670823 0.347247704478214
-9999 -9999 -9999 -9999 -9999 -9999 -9999 -9999 -9999 -9999 -9999 -0.120614567501184 -0.127232873237648 -0.124585435734707 -0.113077671812255 -0.0954843271673588 -0.0676466260628389 0.00942412354866278 0.0894587661458112 0.174947793158629 0.21145059981831 -0.0162820811508723 0.025797356872404 -0.20160606868169 -0.292591373397889 -0.322761178182904 -0.327823487058043 -0.303252555092213 -0.225801798966318 -0.265313716443969 -0.214117841232211 -0.0835239187494558 -0.000538071996258311 0.0493759851586619 0.0636735280748519 0.108007688432314 0.14790116813977 0.25896635185931 0.287748893218352 0.249792020529142 0.271820696533082 0.239838690343067 0.177855331334685 0.199196689372478 0.242994600262608 0.236675382186659 0.301503412641545 0.323048988540244
-9999 -9999 -9999 -9999 -9999 -9999 -9999 -9999 -9999 -9999 -9999 -0.0737492365680303 -0.111066886582177 -0.123839368076457 -0.0875135409746421 -0.0398825924307241 0.00262207340485259 0.0328994674140937 0.0989178165117267 0.2115159081746 0.214322553666299 0.235884961785525 0.237526912109483 -0.114356324998872 -0.168498469797114 -0.22529818894243 -0.302889660629288 -0.275781919241733 -0.203018211970087 -0.199367137470781 -0.213259253459043 -0.0872269222323695 0.0157767084035615 0.0620270536028436 0.0882385143659005 0.116952622446238 0.217803023757969 0.270209435939783 0.217903266288429 0.262897302258122 0.288532113909551 0.212785961746926 0.208503426055533 0.332910346025903 0.272216647462184 0.308477617246043 0.391950468414453 0.495035063933755
-9999 -9999 -9999 -9999 -9999 -9999 -9999 -9999 -9999 -9999 -9999 -0.0399322652881346 -0.0394640573626107 -0.01523650113575 -0.0180254146760247 0.0486511185063145 0.0726931911106217 0.108601477583379 0.112641445562684 0.103662682689782 0.165919794316921 0.326301239209346 0.221226087133128 -0.0329748186516447 -0.0601316940161777 -0.120760017848736 -0.221616991633003 -0.108208884621236 -0.0934643038043576 -0.0970605935390848 -0.084352467096176 -0.129439831906431 0.0304353292637393 0.107694507919128 0.134557730395055 0.128502639294132 0.140554423624257 0.226751298914075 0.2333253524643 0.232731835528733 0.230491672023073 0.214220433115144 0.305819720998292 0.299918748320729 0.362072912429436 0.574794045423303 0.459692148385929 0.47408633833824
-9999 -9999 -9999 -9999 -9999 -9999 -9999 -9999 -9999 -9999 -9999 -9999 0.0083402829897678 -0.0457424800025484 -0.0110445868665065 -0.0200049563737323 0.0723724168391006 0.0634696234952858 0.0717910838547498 0.0823859324195829 0.108788332947308 0.194512935448774 0.239549158877576 -0.0671491148004819 -0.126291068234244 0.0662384873350435 -0.168492629472915 -0.159853342115695 -0.021644946231096 0.105402467810489 -9999 0.0470671869343995 0.0294812749351872 0.0777091027279476 0.12715895150725 0.112214599999146 0.137811551411738 0.185911383491583 0.224827815451014 0.147214722449392 0.215067931835352 0.143292683760207 0.11124821669185 0.250835650722551 0.273143707892001 0.298117211482327 0.745769971240569 -9999
-9999 -9999 -9999 -9999 -9999 -9999 -9999 -9999 -9999 -9999 -9999 -9999 -0.0465647775286259 -0.153149856037284 -0.132716570942906 -0.0980057966942138 -0.0856048694135245 -0.0772453812477918 0.0039595367087606 0.0443723120656362 0.124842496956066 0.168858144086677 0.0602666219364314 -0.13340740431198 -0.151547034615531 -0.161496258075978 -0.165964519850653 -0.228570035254789 -0.228381229048108 -0.155673777318293 -0.0482549294744534 -0.0528688083714654 0.0325312550556462 0.0458827199145548 0.0819360544006995 0.0557098844807372 0.127894148155466 0.179418383429471 0.204251412800131 0.0387874768710382 0.161728375295924 -0.00203671866862218 -0.0634320224016576 -0.0366642915617529 0.0315050147194184 0.10721794946487 0.0517287349112413 0.375530101701173
-9999 -9999 -9999 -9999 -9999 -9999 -9999 -9999 -9999 -9999 -9999 -9999 -0.160766232356717 -0.197218731802642 -0.205502097009924 -0.249226869440077 -0.27840485359652 -0.162677152765186 -0.15502886504487 0.0484550276734443 0.110702308995373 0.160663918750342 0.101942197718821 -0.185134835004915 -0.152601572708448 -0.231944814872922 -0.353600411280585 -0.300094403372203 -0.298100051098373 -0.184378668629183 -0.0890726597979275 -0.0560015837725355 -0.0317885309489867 0.0620039264487482 0.0919125616655311 0.118194072038355 0.185017030206654 0.153425346555489 0.0953728731500766 -0.126863745462564 -0.153313919456897 -0.180554026219839 -0.168030576356528 -0.171455878487501 -0.187938469170533 -0.0131276413445362 0.208364328339513 0.417583625795742
-9999 -9999 -9999 -9999 -9999 -9999 -9999 -9999 -9999 -9999 -9999 -9999 -0.232741403039369 -0.232560507907786 -0.315148743425377 -0.287884229851956 -0.286004151056374 -0.364258846682894 -0.118186681658393 -0.0750184325382225 0.0217810017813294 0.0540286307938291 -0.131408823174929 -0.184459276697787 -0.264425132015374 -0.278015227094911 -0.279424811282444 -0.328564269061289 -0.289249115465052 -0.190375972886913 -0.0779828109049103 -0.014687421183125 0.134885572783658 0.11288733545932 0.143120466331832 0.112763685834946 0.165479183918416 0.0788209221583755 -0.100219055717838 -0.192641307897567 -0.253726335572716 -0.27001225006335 -0.271002616410877 -0.243407187611146 -0.23892199536773 -0.0322148128082443 0.141340984126593 0.473602176014182
-9999 -9999 -9999 -9999 -9999 -9999 -9999 -9999 -9999 -9999 -9999 -9999 -9999 -0.343980786407243 -0.287611245767062 -0.422111926743693 -0.421203390594247 -0.45408337157641 -0.24094952780482 -0.277681651486451 -0.126488913218327 -0.00827629773169751 -0.134282599397441 -0.24381845961258 -0.287585278746724 -0.371576137659654 -0.355470656511338 -0.277344418214384 -0.283927280860242 -0.232350963922676 -0.133472965489685 0.0218444474720258 0.133267957236739 0.263073764646472 0.162308116200942 0.127578313267791 0.154189751579317 -0.0680918211662008 -0.176437400642623 -0.160514185311501 -0.230114635985165 -0.303603401110983 -0.291422439829868 -0.247238689849868 -0.174817775630374 -0.14945357908726 -0.0410696744035259 0.0921891681847992
-9999 -9999 -9999 -9999 -9999 -9999 -9999 -9999 -9999 -9999 -9999 -9999 -9999 -0.431168125828731 -0.40431951719317 -0.533596799920034 -0.53679425097862 -0.502579714008864 -0.418092570765731 -0.346644075518059 -0.124692264207823 -0.12657396525042 -0.152827293596089 -0.238301730583106 -0.345941534014603 -0.360585197581545 -0.377789161431095 -0.338982455822419 -0.239388435244596 -0.190623419493798 -0.119186813005023 0.00893053561139602 0.123833424897646 0.249240215013269 0.204046954534121 0.124473718521201 0.047482294702619 -0.0415688761918105 -0.11350516289127 -0.133968661751711 -0.296745611190244 -0.299499682520599 -0.241685403478792 -0.192360902697928 -0.178609637242675 -0.0817657861299475 0.0667730895362734 0.130230794993741
