data/rasters/s4.06.07.cu.5_xyz_08_.asc
NCOLS 100 
NROWS 100 
XLLCORNER -4 
YLLCORNER -4 
CELLSIZE 0.08 
NODATA_value -9999 
[rows 23 to 45 of 100, columns 0 to 51 of 100]
-9999 -9999 -9999 -9999 -9999 -9999 -9999 -9999 -9999 -9999 -9999 -9999 -9999 -9999 -9999 -9999 -9999 -9999 -9999 -9999 -9999 -0.106446701186939 -0.123378326260482 -0.389083407124583 -9999 -9999 -9999 -0.0795646248146603 -0.10141583591817 -0.102711688277616 -9999 -0.256635378666299 -0.265071346573062 -0.270731936364961 -0.116243021245308 -0.155447050099009 -0.24279799584879 -0.349247855880203 -0.435187917983168 -0.429935486644873 -0.269739596571887 -0.400995808330566 -0.263429751024418 -0.217406997657712 -0.185210859179186 -0.11946950256275 -0.0839110905835678 -9999 -9999 -9999 -0.243339844477264 -0.290419440523712
-9999 -9999 -9999 -9999 -9999 -9999 -9999 -9999 -9999 -9999 -9999 -9999 -9999 -9999 -9999 -9999 -9999 -9999 -9999 -9999 -0.313407433136782 -0.335230509333512 -0.330176111092534 -0.38534695687988 -9999 -9999 -9999 -0.031398485070368 -0.15477162669223 -0.166837162797073 -0.177528135002332 -0.263636978379036 -0.167260658711785 -0.133570451687607 -0.211918104436796 -9999 -0.24340677164168 -0.355350405496782 -0.431310341161303 -0.399722846737333 -0.248840255304245 -0.226010648462596 -0.192839103477539 -0.147421203046245 -0.128085485592983 -0.121207437203894 -9999 -0.0412355746805928 -0.00971539923978381 -9999 -0.163356151077578 -0.110626770691456
-9999 -9999 -9999 -9999 -9999 -9999 -9999 -9999 -9999 -9999 -9999 -9999 -9999 -9999 -9999 -9999 -9999 -9999 -9999 -0.179501879120283 -0.282029452651804 -0.332205708525 -0.342427289663418 -0.374365227077072 -0.358406940722616 -9999 -9999 -0.0437090904768575 -0.120872469024236 -0.0513269801046722 -0.106423523641366 -0.163685150487717 -0.0457767369807099 -0.105558726886912 -0.162133487624171 -0.267260057875303 -0.346123435689782 -0.476137965040154 -0.449646125717314 -0.110362144911928 -0.0982897617311379 -0.171645259704444 -0.196740150020834 -0.137401572288457 -0.120316539229343 -0.0794185658366354 -0.0486581659111179 -0.0693605688148432 -0.0237895727861744 0.0429784658720004 -0.0492486021126999 0.0494835907905165
-9999 -9999 -9999 -9999 -9999 -9999 -9999 -9999 -9999 -9999 -9999 -9999 -9999 -9999 -9999 -9999 -9999 -9999 -9999 -0.0952669613427071 -0.151411641946303 -0.290177085647341 -0.306658184682763 -0.344680599255523 -0.228705707671822 -0.220215286665131 -0.157220683887828 -9999 0.0886453602930745 0.0557356755065211 -0.0283705242570118 -0.0265413586473716 -9999 -0.107506610985551 -0.152628812177908 -0.276165861438214 -0.31657827965431 -0.407671131133754 -0.429352567103018 -0.404486078504358 -0.413819530794504 -0.247992173456846 -0.264320524722835 -0.0291640253456037 -0.0809412933454903 -0.105785123205622 -0.0927022757110614 -0.0682632589723921 -0.027490620953078 -0.0818227921263995 -0.0173090611300105 0.13510553673221
-9999 -9999 -9999 -9999 -9999 -9999 -9999 -9999 -9999 -9999 -9999 -9999 -9999 -9999 -9999 -9999 -9999 -9999 -0.123860906009706 -0.121030847179353 -0.0820882324136695 -0.220728101789532 -0.292770179625827 -0.289889596422433 -0.208971639863637 -0.214630489397938 -0.0571529526939807 -0.0673291397986862 -0.0955313095684848 -0.0186270287848375 -0.0621897078994476 -0.0951965134270543 -9999 -0.076464144893828 -0.134817458204931 -0.221742184404699 -0.290723888746408 -0.392903126818844 -0.38590600560867 -0.358912812898561 -0.339209511292941 -0.347118513579202 -0.114755817007503 -0.121305258530151 -0.114034653023779 -0.127474311944562 -0.142552029634647 -9999 -0.0729039637552735 -0.074064798683784 -0.066578365969344 0.0417195836303825
-9999 -9999 -9999 -9999 -9999 -9999 -9999 -9999 -9999 -9999 -9999 -9999 -9999 -9999 -9999 -9999 -9999 -9999 -0.150655932389328 -0.0912489263440559 -0.0886819275866764 -0.133402892692613 -0.219509071231699 -0.259907519994095 -0.0532065058164313 -0.026369318766678 -0.0723789105078519 -0.12019393826285 -0.118143260490406 -9999 -0.0382391442482677 -0.0733265843433981 0.00620776857319494 0.0274242279566804 -0.00261116797650353 -0.0367913826776674 -0.211746849438732 -0.297201387342113 -9999 -9999 -0.282103152265558 -0.264699792889662 -0.146281929199215 -0.183148231942323 -0.150616384126741 -9999 -9999 -9999 -9999 0.000931323986787737 -0.0372576634531987 -9999
-9999 -9999 -9999 -9999 -9999 -9999 -9999 -9999 -9999 -9999 -9999 -9999 -9999 -9999 -9999 -9999 -9999 -0.178321289178142 0.0268791616600608 -0.0175730808471108 -0.0781943373584305 -0.163104446045773 -0.175493991168969 -0.170090705148566 -0.104765229552117 -9999 -9999 -9999 -9999 -9999 -9999 -0.00699113978799526 0.0895586225701737 -9999 0.08827044631215 -0.0055174454747889 -0.0463341270015783 -0.23482570296576 -0.155396329497919 -0.109819511043317 -0.0756625336315855 -0.0831175599871056 -0.0980369864664127 -0.0448508469486953 -0.0631287559617636 -9999 -0.169839105399478 -9999 -0.0346727980197052 0.0022359921125683 0.0450948384786249 0.201860210349196
-9999 -9999 -9999 -9999 -9999 -9999 -9999 -9999 -9999 -9999 -9999 -9999 -9999 -9999 -9999 -9999 -0.209795067645977 -0.1405788817321 -0.207296200671643 -0.0701584092731898 -0.0246800678703357 -0.0831007032387379 -0.178889465544831 -0.0206573606821462 -0.0196668802564118 0.17856942034842 0.0330107721690997 -0.0691297377219562 -0.0916642870955522 -9999 -9999 -9999 -9999 -9999 0.227514007039269 0.249033879761314 0.197706939390499 -9999 -0.140674551262006 -9999 -9999 0.219995329961131 0.157985167904877 0.00519717508623826 -0.0258981571228102 -0.0480921715534537 -0.078842952076051 -0.0404588005379967 0.299182741531654 0.0404369705968714 0.118494799931844 0.131487681799847
-9999 -9999 -9999 -9999 -9999 -9999 -9999 -9999 -9999 -9999 -9999 -9999 -9999 -9999 -9999 -9999 -0.221716260617325 -0.144607947941961 -0.245016764832309 -0.165512154753534 -0.115458458377834 -0.0648549035747347 -0.0799094539035241 -0.00809048355383671 -0.0117299606084703 -9999 -0.0622336622061937 -0.0566434044552383 -0.0768905188075838 -9999 -9999 -9999 -9999 -9999 0.0423201032082993 -0.0440317511401895 -9999 -0.0869467127031029 -0.095937677570426 -0.0821857714009234 -0.105085544119525 -9999 -9999 -9999 -9999 -0.0149004934182535 0.0195081573700384 0.134203771614782 0.251910591228655 0.237839515038458 0.164790045520274 0.134827033802649
-9999 -9999 -9999 -9999 -9999 -9999 -9999 -9999 -9999 -9999 -9999 -9999 -9999 -9999 -9999 -0.183469284930257 0.0316497552772046 -0.087682412181716 -0.221506298788824 -0.204777006164305 -0.0171550230251148 -0.0972331046425692 -0.127594817170337 0.020254641231464 -0.0920762803126753 -9999 -0.153880161522579 -0.0871973318910696 -0.0924764801045471 -0.0838302405491801 -9999 -9999 -0.114371878309105 -0.000243197468711915 -0.000416361277829948 -0.0395661899938653 -0.104685700435411 -0.028335081032336 -0.16603986151378 -0.169724144555095 -0.075761680312672 -9999 -9999 0.191964705896501 0.128259017414417 0.213403563432706 0.193408687765076 -0.00413888870543808 0.240590618258607 0.26352109912021 0.220499073307228 -9999
-9999 -9999 -9999 -9999 -9999 -9999 -9999 -9999 -9999 -9999 -9999 -9999 -9999 -9999 -9999 -0.151612591578868 -0.232788296996561 -0.216908391826108 -0.149733995711582 -0.154752855500569 -0.0909677350680322 -0.0678990231676769 -0.0871265620770947 -9999 -0.102241621272543 -0.204731230874359 -0.195036887615548 -0.12495088100276 -0.141354637006201 -0.107801587693922 -0.0177190179238397 -0.0504881143570182 -0.020094118750659 -0.0359732925666768 -0.0141104384099548 -0.0213018600495497 -0.110831398385107 -0.211693356053966 -0.181455884805986 -0.153266516879188 -0.0711249306990744 -9999 0.141221191208574 0.0870416575448107 0.162828403829649 -9999 0.188188325493079 0.110345330081038 -9999 0.265242545796521 0.196658650804333 -9999
-9999 -9999 -9999 -9999 -9999 -9999 -9999 -9999 -9999 -9999 -9999 -9999 -9999 -9999 -9999 -0.0974127949263613 -0.146046071067731 -0.162350258882784 -0.110667405932793 -0.113718479373586 -0.119583309940492 -0.0816876616050261 -0.0472968070292979 -0.225826384552777 -0.17343002126117 -0.252454359124856 -0.186168102244916 -0.120378382432272 -9999 -0.12953880999948 -0.0542537550607759 0.029903901016951 0.0682373407016831 -0.0170678756499204 -0.0101147544932997 -0.0672273681962736 -0.0608570104295703 -0.192677550439753 -0.22317461196451 -0.146115992616049 -9999 -9999 0.115729152931045 0.106457292665963 0.288435373857028 0.302851692007411 -9999 -9999 -9999 0.242807790549868 0.237191103300141 0.256556418716125
-9999 -9999 -9999 -9999 -9999 -9999 -9999 -9999 -9999 -9999 -9999 -9999 -9999 -9999 -0.046042448439271 -0.032795600601846 -0.0707609998282369 -9999 0.0408825526057924 -0.0847469066323581 -9999 -9999 -9999 -0.256270152653036 -0.16075967745771 -0.304435718113266 -0.279720619536785 -0.340132535222359 -9999 -0.163320845119077 -0.0527585816350206 0.0217395408454357 0.0247494873819703 -9999 -9999 -9999 -0.0721939817644168 0.192340385405218 -0.189492687673892 -0.211320744384085 -9999 -9999 -9999 0.220124681523496 0.165313125836915 0.277531423629325 0.376789962951533 0.318276467968248 0.325941222340183 -9999 0.271074440774951 0.289569403713755
-9999 -9999 -9999 -9999 -9999 -9999 -9999 -9999 -9999 -9999 -9999 -9999 -9999 -0.0340367675401183 -0.0310427616327758 -0.00568226554993843 -0.0286512774382886 -9999 0.114965747781444 0.0688225723883218 0.0170246369792479 -0.0276123535116723 -0.19592637271767 -0.180961911420127 -0.276348358796471 -0.210000739582476 -0.243817643765789 -0.321125776359578 -0.228442663373624 -0.096787448796648 -0.119654465018433 -9999 -9999 -9999 -9999 -9999 -9999 -0.213875550310521 -0.21251590942373 0.196232261296758 0.0360624283955787 -0.0253081083214537 -0.0377430368718821 -0.0464077632408608 0.178111592970368 0.159442563454199 0.28376403493887 0.294782506817536 0.300901697182944 -9999 0.199216504129884 0.148515425234091
-9999 -9999 -9999 -9999 -9999 -9999 -9999 -9999 -9999 -9999 -9999 -9999 -9999 -0.234820015997368 -0.100779265926657 -0.063235384233456 -0.0805628222608085 -0.114063221964548 0.103614485606138 0.034136778409135 0.0622176244007967 -9999 -0.0109761707508944 -0.210646437153757 -0.300347302586268 -0.322888823888916 -0.295049623533156 -0.297130092349358 -0.227492292282442 -9999 0.0509004160221935 -0.0459291307623047 -0.0558370477968563 -9999 -9999 -0.0415009322149279 -0.0152169712117291 -0.237695137230751 -0.14884752595304 -0.134673643260272 0.153796748296722 0.0449852056765003 -0.0199353818846048 0.0430483478254157 0.128956563526849 0.243273687064255 0.233908058592298 0.22561276594956 0.120993285401228 -9999 0.160086340011356 0.0926664017332033
-9999 -9999 -9999 -9999 -9999 -9999 -9999 -9999 -9999 -9999 -9999 -9999 -9999 -9999 -0.220498829250116 -0.164293887635784 -0.129342658116882 -0.203989481788543 -9999 -9999 0.0234146959383744 -0.0266884941760033 -0.0230976707932305 -9999 -0.203033274866123 -0.280544899207117 -0.30157371882384 -0.219225737405568 -9999 -9999 -9999 0.152082634980144 -0.0338198452217788 -0.0466603509126079 -9999 -9999 0.0272803908829804 -0.044087535423472 0.0003574770274704 -0.088070091703885 0.249900035570919 0.128205514610318 0.098365347425661 0.118101688359419 0.170365816887608 0.236733295026201 0.285091646035255 0.220994597010924 0.145580830566652 0.11358053259807 -9999 -9999
-9999 -9999 -9999 -9999 -9999 -9999 -9999 -9999 -9999 -9999 -9999 -9999 -9999 -9999 -0.252186666358988 -9999 -0.160166835899295 -0.197290176925181 -9999 -0.0511284908403007 -0.101269872797094 -0.0967950368796034 -0.0944102001440233 -9999 -0.21839133590131 -0.154045207880084 -0.133697319755745 -9999 -9999 -9999 -9999 -9999 -0.0602894027751117 0.00158462688055669 -9999 0.000436202393918584 -0.0136458260928728 0.0154139792041574 0.0154547491246946 -0.145813336304199 0.15689908699598 0.16056386890378 -9999 0.127081190453644 0.0928179767806745 0.290700177563748 0.375103011247875 0.216353142551425 0.111718890342573 0.150370560968675 -0.0408383987992665 -0.032904534847991
-9999 -9999 -9999 -9999 -9999 -9999 -9999 -9999 -9999 -9999 -9999 -9999 -9999 -0.378790906498251 -9999 -9999 -9999 -9999 0.0404006202537669 0.0204692466522435 -0.13688664215867 -0.137980505710282 -0.0255991994210055 -9999 0.017671417827219 -0.149096924504499 -0.122919773600361 0.0293334357020062 0.0180970341925965 -9999 -9999 -0.070777776693759 -0.17748304297528 -0.0804381102069828 -0.154716987218423 -0.151096005413209 -9999 -9999 -9999 -9999 0.0605525292337106 0.116533160597896 0.0324434068893467 0.0221214521791077 0.252900037463952 0.254217148538547 0.269368546618561 0.402777044418433 0.0671981500256783 0.165728266531287 0.0115266685519893 0.0104884875064407
-9999 -9999 -9999 -9999 -9999 -9999 -9999 -9999 -9999 -9999 -9999 -9999 -9999 -0.263923200836544 -0.22428547060546 0.13066720386946 -9999 -9999 -0.00358122325375192 -9999 -9999 -0.177416203804281 -0.0318002607865793 -0.193963784054312 -0.291898906675003 -0.130561769691803 -0.0730897124961613 0.0414803048029941 0.0390719484261849 -9999 -9999 -0.125372240855341 -0.0750566577326982 -9999 -0.0718711995773414 -0.110492781573155 -9999 -9999 -9999 -9999 -9999 0.0306766154468205 0.065877181275874 0.0918600046034453 0.15593228906305 0.148393515326299 0.251812211644127 0.187226219060455 -9999 -9999 0.0944046208148731 0.138116351616868
-9999 -9999 -9999 -9999 -9999 -9999 -9999 -9999 -9999 -9999 -9999 -9999 -9999 0.0914587015453685 -0.052594896311677 0.159292727159762 0.0792537260322243 0.0596906047463556 -0.0113397497309082 -0.105977930160098 -9999 -0.176480224746735 -0.144854540626644 -0.163771735646502 -0.23161154968387 -0.167081083330739 -0.103761099396911 0.0662662975846004 -9999 -9999 0.0389692541308057 -0.0914362819514579 -0.0436222553493512 -0.125528346477241 -0.0893882859890243 -0.0759364727267389 0.113371959877004 0.078314391815958 0.0225772184810177 -9999 -9999 0.0665495114932394 0.0170310868119202 -9999 0.282895204574265 0.241164874969299 0.208283866120317 0.286161157718223 0.179496023242076 -9999 -9999 0.158965419475336
-9999 -9999 -9999 -9999 -9999 -9999 -9999 -9999 -9999 -9999 -9999 -9999 -9999 -0.147004178112531 -0.0553675674733765 -9999 0.0865861738560016 0.0299358991647087 -0.0565630905105303 -0.116210699921114 -9999 -9999 -9999 -0.170980037156235 -0.118784511931251 -0.238704935411658 -0.109906169187259 -0.0916332013694064 -9999 -9999 0.0235333510691412 -0.0166355595640023 -0.0496788730463717 -0.0140560052023146 -0.0915251024634415 0.0835242916267718 0.0538947058620822 0.0989906634052958 0.0841973546448109 0.0366704488814272 -0.0239020325188664 -9999 -0.000603830177463242 0.243928196189055 0.184794500328794 0.135107675634173 0.239384268490048 0.265244579812149 0.192413817230746 0.19390671926976 -9999 0.162557549468758
-9999 -9999 -9999 -9999 -9999 -9999 -9999 -9999 -9999 -9999 -9999 -9999 -9999 -0.00233569957362291 -0.0258596892062442 -9999 -9999 -0.0670504282755903 -0.0513801789899481 -0.0571452331885482 -0.316377014621105 -9999 -9999 -9999 -0.272570844851186 -9999 -9999 -9999 -9999 -9999 -9999 -0.0003618023168848 0.091459489235242 0.121792175135369 -9999 0.252224816802504 0.119500965439947 0.106303776634647 0.0653216455943563 0.0437426628921049 0.0050889266625515 0.00436158911336449 0.145640117001418 0.158307375219561 0.160920005780069 0.0813522110771866 -9999 -9999 0.205861202670688 -9999 0.34487374749566 0.298931705619039
-9999 -9999 -9999 -9999 -9999 -9999 -9999 -9999 -9999 -9999 -9999 -9999 0.179633404446707 0.0895667306489254 0.0858432483205097 0.115017024935304 -9999 -0.00251654821166247 0.0450093197609085 -0.112421992772211 -0.194229634460307 -0.267584146744596 -0.309215315260558 -0.258592052128336 -0.27394379231253 0.131170907407253 -0.0698601743962154 -9999 -0.0524232001308493 0.213627714539873 0.0422925531514242 0.0597135999888721 0.055496748977071 -0.0313543241074282 -0.00822715843015403 -9999 -9999 -9999 0.0714870827231874 0.0928907102585193 0.0918525476427864 0.0824113803846532 -9999 0.123212968268483 0.217164203766426 0.172467862527036 -9999 -9999 -9999 -9999 0.278135893363449 0.273338547041149
