data/rasters/s4.06.07.cu.4_xyz_08_.asc
NCOLS 100 
NROWS 100 
XLLCORNER -4 
YLLCORNER -4 
CELLSIZE 0.08 
NODATA_value -9999 
[rows 44 to 65 of 100, columns 48 to 95 of 100]
-0.0139573666039979 0.237948551608841 0.146987536436016 0.157277528741676 0.17834622514367 0.0492828622259006 0.0097807368643287 -0.045736420230705 -0.1127124247803 -0.17703180785567 -0.111077832666398 -0.034229627581964 -0.025246031672934 0.0578755461412728 0.0953595296763851 -9999 -0.186814848935386 -0.0593646222906105 0.0497074273714596 0.251350982155155 -0.131216444016589 -0.0109850608932023 0.0625534725370704 0.0237370296897015 -0.132668365418531 -0.129235780183147 -0.118684446881234 -0.084877152434795 -0.170059733225234 0.071426528888924 0.0201264908174795 0.114765041398406 0.0817828452028535 0.0517077152062201 -9999 -0.236121207437228 -0.177589861735317 -0.16420326703699 -0.173488942246589 -0.149475627072784 -0.0178933943448053 -9999 -9999 -9999 -9999 -9999 -9999 -9999
0.19231045843322 0.162464839662397 -0.0141777727472198 0.0127683450703927 -0.0243184777720411 0.00146450583015221 -0.114441932285514 -0.224431623275959 -0.274229872090234 -0.277565643262945 -0.193414233136994 -0.0615227569339304 -0.0488142978380061 0.0415190237100286 0.0600362294489833 0.00104151256969032 -0.154039763316867 -0.101765713558119 -0.183641251791637 -0.245252909165028 -0.174583784990392 -0.0964565571751683 -0.195873103465051 -0.0240108914306182 -0.0781932858191086 -0.203871257225304 -0.140069579779871 -0.204612081549926 -0.0569609553121427 -0.038613803564289 0.0108250547645578 0.126194168185984 0.0236633094910034 -9999 -9999 -0.111780789211127 0.093505943408497 -0.129500189517394 -0.162761122154549 -0.0995321062982393 -0.165198096779731 -9999 -9999 -9999 -9999 -9999 -9999 -9999
0.22698154101904 0.179783075540353 0.182002927089909 0.00404878734966281 -0.00972079375754016 -0.0567439191912186 -0.217129541665152 -0.213991467595391 -0.29725022710395 -0.371153185564662 -0.29643430475461 -0.300944770019532 -0.277093387327277 -0.138321444714955 -0.031725703062057 -0.172326675622901 -0.22113336027562 -0.088246159575807 -0.0025512454602823 -9999 -0.279925722858993 -0.190164766146104 0.00608699632313488 -0.0364753446431418 -0.0342792894827086 0.0907076352292727 -0.211656173692872 0.00176115087884891 0.0486173037151368 -0.0150727883501338 0.0840044922685183 0.107683619430215 -0.0405365259978444 -0.0685562354968786 -9999 -0.16555259973726 -0.0911475382600566 -0.0181034568192148 -0.0722933817868928 -0.00860773926140725 -0.184627731114439 -9999 -9999 -9999 -9999 -9999 -9999 -9999
0.169042586335789 0.112339503847769 0.0397753907357518 0.159294046485853 -0.0872359583187045 -0.00728653629883813 -0.0646356511683446 -0.298006384224169 -0.338321780725099 -0.398687127809708 -0.352251133367451 -0.310649099936759 -0.274692546601746 -0.124059287140861 -0.067998075865279 -0.0972280457947016 -0.229555080322562 -9999 -0.297493067614564 -0.243510032154989 -0.262120165250801 -0.226408402237559 -0.171709690588572 -0.0904077449679832 -0.0777459381527183 0.0388080999311729 -9999 0.0458520388654219 0.0259702252824693 -0.0964159150338518 -0.133286916765677 -0.0251133109942796 -0.123765177873653 -0.102839906462491 -9999 -9999 -0.00328316899662458 -0.0468274075808309 -0.0960717029115077 -0.0843375580839243 -0.118556888446463 -9999 -9999 -9999 -9999 -9999 -9999 -9999
0.22306184694547 0.105776703321958 0.0519227839367103 0.176194355067888 0.00821204068119304 0.122033730131163 -0.121310841542138 -0.319531559883879 -0.365688585589776 0.0704899623855834 -0.141303609123117 -0.315998050298115 -0.265356167884251 -0.189510757593912 -0.0859526022884309 -0.216998384628726 -0.241741274277383 -0.239238035020467 0.0799144988811595 -0.285827177515591 -0.13019957972265 -0.165737106049619 -0.0867275628494062 -0.0999359077960267 -0.0386596808909705 -0.0422930183264629 -0.0403941156124987 -0.0104693776147984 -9999 -0.0879084693560082 -0.187781015448685 -0.105719113503279 -0.103254888550559 -9999 -0.120762750048738 -0.0430940941930002 -0.0339849629692905 -0.108443417931537 -0.153145428551424 -0.100340653457403 -0.169456234199612 -9999 -9999 -9999 -9999 -9999 -9999 -9999
0.16069736504119 0.128597774153072 0.125408781111569 0.105180507312005 0.0542836763313001 -0.0430944928558618 -0.0970261540564122 -0.185501771701913 -0.358009231680736 -0.146267405118736 -0.0902561105308085 -0.287471158815044 -9999 -0.153760965306797 -0.105539778853339 -0.0158464477797447 -0.164937388926724 -0.120454773876846 -0.122348080886982 -0.107216253060981 -0.125995293102431 -0.132693428954587 -0.0885368722896057 -0.0594135309668353 -0.0467589880644648 -0.0162363990596977 -0.0262688518627451 -0.0502341755287447 -0.0464739557707891 -9999 -0.110152797658543 -0.0240288668708872 -0.100224050387059 -0.134123439538321 -0.106383911197421 -0.0542602131940527 -0.147874461522501 -9999 -0.261554096575057 -0.235361410927538 -0.17888471619257 -9999 -9999 -9999 -9999 -9999 -9999 -9999
0.111383217470083 0.241143050818111 0.17719313676161 0.156870292727093 0.112143470055445 0.105140979281091 0.0484889101766237 -0.127656011483973 -9999 0.00207986516243792 -0.234321423791648 -0.364755069774999 -9999 -9999 -0.083697266194957 0.0475377500786919 -9999 -0.189402091193126 -0.210257431419272 -0.175875458345093 -0.0936830934418554 -0.0449772769409806 -0.046027704331591 -0.0614937060005925 0.0575157773010134 -0.024686304688231 -0.0775488570341316 -0.07419990362356 -0.0887469855982848 -9999 -9999 -9999 -0.244458988610057 -0.151819101328617 -0.17380723524274 -0.112527649735859 -0.23685411771681 -0.195095022771393 -0.242442425231957 -0.265593711514133 -0.188077612100849 -9999 -9999 -9999 -9999 -9999 -9999 -9999
0.0439058042002922 0.0875480448666305 0.180867585491335 0.11847240598515 0.0575382696196369 0.02859691333701 -0.0543607424256789 -0.154301130326982 -0.0657699574588991 -0.0889536693062412 -0.126353991642524 0.0434009119605655 -0.0928093970100301 -9999 -0.165943230039425 -0.0403663885571274 0.021232238370407 -9999 -0.208333348204399 -0.0947018951233591 -0.0312624749125544 -0.0255876375480543 -9999 -0.0774053151846295 0.0220154044510345 0.0238750631732017 -0.0948505089440175 -0.0351216261350147 0.175980142474408 -9999 -9999 -9999 -0.174699975714275 -0.204797842088915 -0.154236195444092 -0.31165238751034 -0.34594410795355 -0.498400793180127 -0.428706444929202 -0.435614830096858 -0.526521732179718 -9999 -9999 -9999 -9999 -9999 -9999 -9999
0.027972662718258 0.13120801599548 0.120952874497468 0.214515136540984 0.0313959638217228 0.0547849354986759 -0.0305611257789558 -0.154500889668948 -0.17241626659175 -0.0634752666046153 -0.124215404487041 -0.103664701714357 -0.139098343827379 -0.0269466056603101 -0.174057114832581 -0.0958612491559031 -0.016927432908155 -0.182343677093914 -0.180382677558347 -0.121605234555954 -0.0131186496000485 -0.0343303481392243 0.00914710553591988 -0.0337062792373044 -0.0138950372615948 0.020372996273948 -9999 0.0559657683680726 0.148431131249976 -0.0931595895270786 -0.0399883400530983 -9999 -0.39404989590959 -0.284238483311578 -0.0912442578898633 -0.170164062598189 -0.400445697255834 -0.534115632285136 -0.458307517122725 -0.522654815156231 -0.55068522048803 -9999 -9999 -9999 -9999 -9999 -9999 -9999
0.00437267393338468 0.0597889163648515 0.0837926844770898 0.124293800687708 -9999 0.115913033419428 0.156129202171414 -0.0479933805205741 -0.0787376397767068 0.0265657854892175 -0.0794641693722829 -0.0788527952044988 -0.112772444702441 -0.132849415651321 -0.139188364966265 -0.19307631003285 -0.163596703085742 -0.14649282938624 -0.109802619828099 -0.0281201427357871 -0.0875688224195051 -0.0187677714671967 0.00283707899778084 0.0474942185751012 -0.027073993178807 -0.00718984850155347 0.0507579688074313 0.0286086554745349 -0.115148121852738 -0.115950616649431 -0.106502211646981 -0.189743410623985 -0.504698415531609 -0.237950823439551 -0.252094703532082 -0.252644902944617 -0.270505531071822 -0.440781805163262 -0.544221358116603 -0.634594930860712 -0.642172017973277 -9999 -9999 -9999 -9999 -9999 -9999 -9999
0.0608639152872077 0.0202535117301831 0.045699677637143 0.076811377804185 0.113071840332448 0.0774794027527697 -0.153306339429663 -0.0479912130391387 -0.0781517737187567 -0.101076582689824 -0.166043209214244 -0.0849703360851691 -0.0166653148035749 -0.115744989292037 0.143790950273722 -9999 -0.202826699305411 -0.159135324664585 -0.0945975069055306 -0.0946637288851016 -0.0859470837070807 -0.064628610882341 0.0377435198495775 0.0674031906807609 -9999 0.00586565740599363 -0.0109752784532726 -0.0358537497480813 -0.124534501202243 -0.179657554862132 -0.26670872098339 -0.170749255375045 0.0843795907179252 -0.242829767226574 -0.212897830515565 -0.291243967550645 -0.360198954607936 -0.41750904996327 -0.58438731579561 -0.63628273301552 -0.672304717225142 -9999 -9999 -9999 -9999 -9999 -9999 -9999
0.00955839758408362 0.0459010740423198 0.0165775376265337 -0.00237973246627594 -0.00757905006159539 0.118508341773119 -0.152337920232198 -0.139438687890737 -0.128494080083164 -0.0786061088702458 -0.0172898399048016 -0.0139315936896622 -0.00271612357071249 -9999 -0.0206184531094071 -0.0263153984268996 -0.158315148165649 -0.133561343693321 -0.13894438666349 -0.10594013019036 -0.0821182823378332 -0.0116188516171749 -0.0123438457008913 0.0107564982657047 0.120909965577399 -9999 -9999 0.354546200609069 -0.234143134049546 0.117827799087851 -0.17298845331056 0.0693504349488093 0.0664495147904062 0.072501751837586 -0.203561220303659 -0.304402272096526 -0.442347109849167 -0.42784430226784 -0.505826247788294 -0.584395841907724 -0.501722310316525 -9999 -9999 -9999 -9999 -9999 -9999 -9999
0.0448319338643102 0.0458986726379949 0.0734773605521609 -0.0107464812725798 -0.042393960592196 -0.0592689842294165 -0.119784333086167 -0.153565617859545 -0.119716648937485 -0.0735552159775828 -0.0331209437831074 0.00734130435663114 0.0223117266751375 -0.00214273247060145 -0.0966150346763552 -0.122230250373292 -0.125165781092081 -0.129538854944146 -0.123623352798536 -0.094424826927022 -0.0643198941973219 -0.00241396258391319 0.0697788236118832 -0.0441456668618689 0.0431593571284362 0.122056895110406 0.140541999567439 0.185041025067588 0.0954697727175303 0.062047200321079 -0.0905666289787904 -0.0392051161190498 -0.0325164930519401 -0.0861023922896486 -0.239583387387777 -0.285131017457966 -0.370606856981351 -0.454384814954641 -0.453343002698415 -0.447461211562586 -0.505361986636569 -9999 -9999 -9999 -9999 -9999 -9999 -9999
-0.0244045041201095 -0.0348788409644714 0.071337853963467 0.0490675132458884 -0.0238938583727797 -0.0976918474855786 -0.0972284431925382 -0.135367778867202 -0.137227988608409 -0.0688349830967136 -0.0360956247129062 -0.0131896594588812 0.0217132664776167 0.0428245201860011 -0.177509710939381 -0.111340740398685 -0.0742651040161875 -0.0564741312926202 0.030507495653381 -0.0477411990809636 -0.0402324039507729 -0.00836333698959985 0.0312650047095013 0.0662950347662099 0.159031352685273 0.147897721717294 0.108762154325197 0.127976760308948 0.0522187500644991 0.0211674238687485 -0.0455319356370306 -0.0974166415484485 -9999 -0.241974468627323 -0.282829895918528 -0.183468454900292 -0.387362854704132 -0.426928369292485 -0.594033297074689 -0.508188666419337 -9999 -9999 -9999 -9999 -9999 -9999 -9999 -9999
-9999 -0.0047765170984841 0.0829755378095599 0.0254185810500289 0.0192234240590949 -0.0606972874139121 -0.0390299607617779 -0.0385550066593597 -0.160086007825208 -0.102284733998349 -0.0624393419688675 -0.0450528974155488 -0.00189314113597614 -0.0241238376815923 -0.0351403712456134 -0.0857326577050193 -0.0824342612092842 -0.0841396700387078 -0.0227860705987787 -0.000851738990343555 0.0144631853043587 0.0653228261847864 0.0653777379385854 0.0945788830738001 0.163841091200041 0.155972036083103 0.157331821562629 0.0855646090463931 0.0338823408686591 -0.0295145674427881 0.0680629896240097 -0.0876007415558478 -9999 -9999 -0.244583334555 -0.26240411914838 -0.345944727567864 -0.441121103688297 -0.48137267208137 -9999 -9999 -9999 -9999 -9999 -9999 -9999 -9999 -9999
0.00652846417002162 -0.0125594338020859 0.0155540374866421 0.112727412663616 0.105178651676222 -0.0623334229626842 -0.099745404045479 -0.0934368205954091 -0.0705435022972841 0.121874291078605 0.0439180994118798 0.175627909622543 -0.0324420570768321 -9999 -0.188059113049162 -0.0316297354125213 -0.119265659677236 -0.0615339732526085 0.0363310313495616 0.0403970781329195 0.078290406164822 0.127770860785975 0.142386111104815 0.191487582843945 0.0907627639437961 0.170991456180757 0.103774844192684 0.0258383252804398 -0.0781144450132223 0.00328507965938344 -0.0867272226682245 -0.0483519781967661 -9999 -0.321502268661454 -0.258973442594998 -0.374249640284371 -0.43695408760138 -0.388639235863036 -0.511558002844644 -9999 -9999 -9999 -9999 -9999 -9999 -9999 -9999 -9999
-9999 -0.020832363811578 -0.00577870298063426 0.00861916585823946 0.0656706619028433 0.0860782613118608 -0.0311213037642733 -0.0427387267661083 -0.0338666392534709 -0.0040302596391042 0.00809935816565561 0.142581883424138 -9999 0.213923238989928 0.22801609048624 -0.0423158863684402 -0.039730745515886 -0.0242798097708403 0.0310260292025056 0.0614453107321934 0.0954144364620338 0.158840188878157 0.166194955498083 0.252947043577593 0.156833295401311 0.132076720772588 0.0595172809181106 0.0177488986864053 -0.0925959041221427 0.0182743491829652 0.0603465561439341 -0.039291760889435 -0.0025867438946726 -0.00494779213118818 -0.0734267984603292 -0.229964167624416 -0.445103530181176 -0.36465904056166 -0.354868577584042 -9999 -9999 -9999 -9999 -9999 -9999 -9999 -9999 -9999
0.0445244390839087 0.161864272062553 0.00682807894864341 0.00834459028159838 0.0510443937010251 0.0184008732425375 -0.0187661714807102 0.00707432871402114 -0.0197754882624772 0.099967424282671 -9999 0.0302617007474168 0.147017007399783 0.188711943637977 0.246900370259224 -0.217101521761382 -0.0610590216728562 0.0288305444719579 0.0800642465630288 0.0836047737218239 0.0817778198905336 0.109895979063518 0.137071562764629 0.194537645372718 0.135068171410996 0.172730234358456 0.018837952648624 -0.00219691585400675 -0.00545110124656764 0.0292101325958778 0.0636279930589817 -0.00483782470638912 -0.00465431597378693 -0.0257927365870621 -0.145259604079586 -9999 -9999 -9999 -0.306830529294465 -9999 -9999 -9999 -9999 -9999 -9999 -9999 -9999 -9999
0.187255323389531 0.0702381485983558 0.0106072630649249 0.00968075960573113 0.0317887681525744 0.127774555288476 0.0667059135073818 0.0513594987527102 0.105406574864212 0.100193614607115 0.0617488314559957 -0.0569307584542314 -0.0188118267492757 0.00525658741928776 -0.0123138874598866 -0.236429840391484 -0.16882764499304 -0.0746291165103542 -0.0111976587031957 -0.0148066119317279 0.0473077786732768 0.0448309399790409 0.0936790997868924 0.166470535263688 0.214671656155795 -0.024478809647855 -0.000960836516368321 0.0360494896720035 -0.0185234832058998 -0.00652597454287293 -0.0355888947955394 -9999 0.0288523607901275 -0.0909939116028211 -0.206402482965453 -0.199359579654749 -0.524291460565949 -0.375590605636513 -0.402799912640279 -9999 -9999 -9999 -9999 -9999 -9999 -9999 -9999 -9999
0.169572414682311 0.139738954430618 0.0532636840718006 0.103057735345499 0.123710145256574 0.318315010912302 0.272143898664872 0.167800163895862 0.176766480953293 0.165570393430493 0.10122361649554 -0.078543352298779 -0.173555458090588 -0.124660805243528 -0.273033022106963 -0.276616883698382 -0.208232925772026 -0.314742079081124 -0.301925985034771 -9999 -0.0423904131283302 0.00101460754059306 0.0605467400594538 0.106480345663233 0.219105612805117 -0.211550393998594 -0.0917408355358386 -0.0558025761021321 -0.0495935478151818 -9999 -9999 0.0086940541842917 0.0133986437043216 -0.00657342875079626 -0.230388340293619 -0.267103272738894 -0.432650783340288 -0.417281209920282 -0.332684494832859 -9999 -9999 -9999 -9999 -9999 -9999 -9999 -9999 -9999
0.244782009880692 0.178849614856265 0.113462280235631 0.184005844123234 0.285733840749396 0.404702056033215 0.399558491233554 0.241479540572741 0.190706710813306 0.163743505057568 0.125024158023156 0.0422854220770957 -0.163734032189846 -9999 -0.283649227402804 -0.228322556748879 -0.307270962094392 -0.271634969019165 -0.245682295826254 -9999 -0.0630327215465909 -0.0387576145519749 0.10653032702537 0.142184066793812 -9999 -0.112137653123223 -0.0216334729407832 -0.0858738196099935 -0.11435746061639 -9999 0.0401509911637945 0.00913731754423799 -0.0687529428372131 -0.00734929551524265 -0.16494049120967 -0.21242203141775 -0.360231285659994 -0.154530779561582 -9999 -9999 -9999 -9999 -9999 -9999 -9999 -9999 -9999 -9999
0.298642351911527 0.252943880303799 0.196708999804963 0.221856717478592 0.350910140098268 0.49371339974827 0.428273987550841 0.366402839618605 0.289699859632085 0.208144137753459 0.147675563567275 0.114184993016799 -0.0270184207707516 -0.271807860289204 -0.265836120502359 -0.236278124406651 -0.179328321983213 -0.262713199585864 -9999 -9999 0.00794831991318118 -0.00328477313086805 0.00675388233926247 -9999 0.105414715043729 -0.0311214910419395 -0.0275545608265438 -0.143518203037368 -0.130160675595572 -0.102425353379917 -0.0174432240838231 -0.0687949300995647 -0.0915484005092325 -0.0718938329332336 -0.144915331867846 -0.224751284523025 -0.265546687823223 -0.14649023489605 -9999 -9999 -9999 -9999 -9999 -9999 -9999 -9999 -9999 -9999
