data/rasters/s5.05.07.cu.5_xyz_08_.asc
NCOLS 100 
NROWS 100 
XLLCORNER -4 
YLLCORNER -4 
CELLSIZE 0.08 
NODATA_value -9999 
[rows 63 to 83 of 100, columns 0 to 47 of 100]
-9999 -9999 -9999 -9999 -9999 -9999 -9999 -9999 -9999 -9999 -9999 -9999 -9999 -0.5787361758429 -0.634929858329807 -0.638618351537968 -0.637277974149239 -0.533778317002668 -0.45161128566359 -0.474028136529766 -0.38732132565028 -0.252193820833077 -0.246643919971845 -0.263537296443125 -0.270775925606781 -0.226965931712762 -0.160478797126019 -0.17327372990153 -0.0558627862383933 0.0711333089876085 0.107622858188231 0.263898168720376 0.261926813098555 0.252556007396094 0.271702151195502 0.290932678123868 0.285836298832246 0.0330252873417211 -0.0193025431290035 -0.126614069413679 -0.194899418441285 -0.163662673568863 -0.190236144396281 -0.0975188550350876 0.25622411281316 0.0376963047543838 0.148842445306411 0.193303176779877
-9999 -9999 -9999 -9999 -9999 -9999 -9999 -9999 -9999 -9999 -9999 -9999 -9999 -9999 -0.502192169398667 -0.536403708022419 -0.567105510691533 -0.55167558464604 -0.27826688625033 -0.311616278705375 -0.210855437639382 -0.191706837400392 -0.167887304500609 -0.202071221663538 -0.257288892821109 -0.244664526521805 -0.204072517824821 -0.169369186550091 -0.0790606367698506 0.166356172583668 0.258261416147517 0.285702875206985 0.270796381699032 0.292589150951978 0.272866853775212 0.241725870300981 0.304533679677672 0.102191824708781 0.094984491100937 0.0471055598357271 -0.0207192807155794 -0.0833452666989612 -0.0885774225107316 -0.0876801750425288 -0.0967292919521185 0.0572973739291703 0.103158733021084 0.138549920452416
-9999 -9999 -9999 -9999 -9999 -9999 -9999 -9999 -9999 -9999 -9999 -9999 -9999 -9999 -0.444855312133839 -0.472642288906208 -0.421612097045242 -0.283345403119392 -0.188517904847661 -0.127397707623067 -0.0220090779506737 -0.106614398352349 -0.166032806330575 -0.223888901508267 -0.275598329200931 -0.224486308460548 -0.180074591450087 -0.17650914887407 -0.0895574290711577 0.112027588205811 0.226886310286906 0.27698702887116 0.266841789871654 0.271653625454656 0.281461764336875 0.35731133161047 0.208077874468061 0.247302964358993 0.24926509941034 0.064136572252407 -0.160381589719799 -0.203921913377343 -0.269641050398169 -0.156668935702992 -0.168027916329435 -0.0823401415705483 -0.0873794126088998 0.000450109802880395
-9999 -9999 -9999 -9999 -9999 -9999 -9999 -9999 -9999 -9999 -9999 -9999 -9999 -9999 -0.36999498555656 -0.373724120973833 -0.229881445159548 -0.0870199516193517 0.105689963219184 -0.0502220608154421 0.0621291488609636 -0.136573883334639 -0.200950903478263 -0.250347340894214 -0.284608170361115 -0.242541929958297 -0.235787870967713 -0.233187897929857 -0.165770014431716 0.074229720699571 0.194069820142757 0.241123917073521 0.230270233603206 0.199516994293234 0.322450710934458 -9999 -9999 0.155208905679769 0.141598164613272 0.0575958456591459 -0.20964301309103 -0.280717368392568 -0.276760327944269 -0.299845298560255 -0.218910206180709 -0.258799910465768 -0.229228501294859 -0.0982271247373177
-9999 -9999 -9999 -9999 -9999 -9999 -9999 -9999 -9999 -9999 -9999 -9999 -9999 -9999 -9999 -0.191968812286193 -0.101721466264034 0.0486903921270161 0.0931814349747017 0.0260237350158411 0.18829982735361 -0.1140754760068 -0.127840807534112 -0.173621339759867 -0.198255521567437 -0.168645896801899 -0.165087589811321 -0.246424470758248 -0.139055792122663 0.131335501657187 0.311068391717621 0.280416412646592 0.317051258034963 0.2756852929053 0.198125595804548 0.158228548619379 0.17973403929151 0.15903186750531 0.143772332668278 0.0969437179607589 -0.181320714756496 -0.291694447166848 -0.217041780037378 -0.323383888942647 -0.224568860362886 -0.247924870321056 -0.249121385676536 -0.243879909008167
-9999 -9999 -9999 -9999 -9999 -9999 -9999 -9999 -9999 -9999 -9999 -9999 -9999 -9999 -9999 -0.103937536510143 -0.0636687916848617 -0.0426489597235987 -0.0583671952734713 0.0239313761339181 0.0771967995337857 0.103713915240243 0.00208334996833762 -0.0371582639358705 -0.0806266598257727 -0.128911870669648 -0.0907588827326283 -0.0690926861202754 -0.0703799948194071 0.169642391087144 0.266046645577761 0.316468081473291 0.343407040495383 0.313754162077778 0.156790111476631 0.111149764155268 0.125824666577603 0.0607179581361077 -0.0964368608710599 -0.105724497654093 -0.168269704354583 -0.354920095490018 -0.410667261399374 -9999 -0.326658692481937 -0.338392180835253 -0.380275094274423 -0.240837174038389
-9999 -9999 -9999 -9999 -9999 -9999 -9999 -9999 -9999 -9999 -9999 -9999 -9999 -9999 -9999 -9999 -0.0974771787744926 -0.232402877506065 -0.104418933463429 -0.126981308490419 -0.0311994674403043 0.0841770660577082 0.0317554900022651 0.0226202199824043 -0.0530902888930969 -0.142701477237649 0.00500740943152021 0.0680260879939943 0.117908337307397 0.189045988753405 0.303320306146414 0.340578337399886 0.244340580774667 0.23402350064414 0.187998337584066 0.152494672641479 0.126991397207947 -0.0207398702731615 -0.092155370276727 -0.192369240019699 -0.301661438927025 -0.31811553313827 -0.459956638502941 -0.477849856835189 -9999 -0.491163487115854 -0.428445388168516 -0.337938873240574
-9999 -9999 -9999 -9999 -9999 -9999 -9999 -9999 -9999 -9999 -9999 -9999 -9999 -9999 -9999 -9999 -9999 -0.256623927044054 -0.193883174165686 -0.252214554676061 -0.0479585336433607 0.0110295521000206 0.0505598002337889 0.0911613935230414 0.0573112879838174 -0.0649089960096396 0.0300111829597912 0.130228069897712 0.239729373147743 0.234584824650417 0.215254203180551 0.24451503044175 0.218925473246794 0.235865652907325 0.191916963080804 0.158153291919854 0.145357761119191 0.146909594181181 0.00775690260545652 -0.253662795047777 -0.339344196554437 -0.454737178237161 -0.297222903220759 -0.43657643616511 -0.523214392381797 -0.40421864974894 -0.46527173818215 -0.439231879896351
-9999 -9999 -9999 -9999 -9999 -9999 -9999 -9999 -9999 -9999 -9999 -9999 -9999 -9999 -9999 -9999 -9999 -0.274341000522801 -0.252692474352073 -0.200174866520973 -0.0819564432607108 -0.0477861610241898 -0.0179527372221862 0.0125755939373803 0.0406600750163702 0.0328953362948636 0.0750897831279416 0.0853265646392621 0.164830448259428 0.182922189375084 0.186392473851877 0.224497414224031 0.179744427632159 0.136267854835938 0.150797011820714 0.108811475556237 0.158617998851115 0.0380803343749947 -0.159939657065623 -0.236982524610653 -0.310297527978645 -0.387620695977769 -0.423283405316945 -0.430419166279097 -0.457630370973989 -0.475131567951049 -0.445328157366455 -0.359948311068645
-9999 -9999 -9999 -9999 -9999 -9999 -9999 -9999 -9999 -9999 -9999 -9999 -9999 -9999 -9999 -9999 -9999 -9999 -0.239189297707275 0.101823617830038 -0.0987549233589223 -0.0198860825333207 0.020818989564125 -0.0103228623511048 -0.0102443430722402 -0.0108792421633215 0.0813313680037656 0.124532820502267 0.173207472740235 0.2199489735934 0.161733429356683 0.239304580520127 0.189108411089742 0.125472805784642 0.21692548570541 0.210220384714312 -9999 0.0332516316158412 -0.139731821512182 -0.217396345509351 -0.284769840890562 -0.331409532115066 -0.380491883392004 -0.405473657727301 -0.424673232877041 -0.40416991424602 -0.351137417551589 -0.336368028183027
-9999 -9999 -9999 -9999 -9999 -9999 -9999 -9999 -9999 -9999 -9999 -9999 -9999 -9999 -9999 -9999 -9999 -9999 -9999 -9999 -9999 -0.117957511492545 0.00713148620698309 -0.0743123818407487 -0.0968327120695707 -0.0782532773353537 -0.0185711093954958 -0.0338720797806514 -0.0464410007710857 0.189261396622525 0.135836794214748 0.161174675199957 0.145738913141018 0.180085395790773 0.240417760641328 0.322438617650732 0.325258659112694 0.101119734997263 -0.0401639898972619 -0.164561887176355 -0.250852822346418 -0.278820457858916 -0.310236239241262 -0.357468579818875 -0.354925326036352 -0.312920838148377 -0.319205217876442 -0.291592552278167
-9999 -9999 -9999 -9999 -9999 -9999 -9999 -9999 -9999 -9999 -9999 -9999 -9999 -9999 -9999 -9999 -9999 -9999 -9999 -9999 -0.179440126836346 -0.229141857955602 -0.314448489818112 -0.239149827842283 -0.20712820089998 -0.00621007008710921 -0.191004230005232 -0.166957391541264 -0.0504338332633512 0.0664739602054527 0.130172696741132 0.0372901919348148 0.0411034431776051 0.110912256618821 0.218506003511659 0.198463642667429 0.201485512454818 0.174632530786442 0.0777631430329807 -0.0649096153661152 -0.118848396261647 -0.146046772762941 -0.229900567812501 -0.280851712034573 -0.299702683407486 -0.273854521947033 -0.252801644640386 -0.209513147935952
-9999 -9999 -9999 -9999 -9999 -9999 -9999 -9999 -9999 -9999 -9999 -9999 -9999 -9999 -9999 -9999 -9999 -9999 -9999 -9999 -0.214736937236914 -0.324213920100645 -0.392793890658927 -0.381650181829484 -0.399792015013495 -0.475137008373726 -0.401189858216928 -0.294096483087486 -0.175073825856035 -0.142909670891415 0.0409402852597045 -0.00868257069968256 -0.0299488722879001 0.0150160985404903 0.044476972574771 0.119022776564355 0.0524922236618264 0.104003306909739 0.123281454402105 0.0885671161472932 0.0441609345224672 0.000498735270536455 -0.0297589712869185 -0.218496102036117 -0.196622593135185 -0.142138176638333 -0.103754678831328 -0.0157216550456899
-9999 -9999 -9999 -9999 -9999 -9999 -9999 -9999 -9999 -9999 -9999 -9999 -9999 -9999 -9999 -9999 -9999 -9999 -9999 -9999 -9999 -0.326216154649455 -0.380639225074379 -0.449912584176368 -0.34982211054002 -0.511759692449434 -0.466910442931532 -0.301489335910931 -0.221441010082167 -0.183477217169112 -0.0420705218074909 0.0471658650369222 -0.0357593453007528 0.00328358671669775 0.0218122509224002 0.0266560125111876 0.0220356158834933 0.0787640361275411 0.138318613688246 0.295593330278838 0.232659538744676 0.266346454206019 0.188628960048834 0.033820269624724 0.0133787314736738 0.0828868650371987 0.125509751159379 0.241735406353
-9999 -9999 -9999 -9999 -9999 -9999 -9999 -9999 -9999 -9999 -9999 -9999 -9999 -9999 -9999 -9999 -9999 -9999 -9999 -9999 -9999 -9999 -0.360894320580888 -0.470845739805907 -0.572156117534086 -0.561026888206938 -0.500755013748805 -0.366306892440145 -0.233118971334198 -0.0774987620391344 -0.121079870801739 0.0374016000453604 -0.100678482722455 -0.104248800798852 -0.0173817187807213 0.196221480583135 -0.0173631359804113 0.0324703640132214 0.0539559252450365 0.123354579262058 0.359606528507804 0.419328863434441 0.424221986983244 0.239558059950246 0.138781888688854 0.324037611540148 0.314426465212831 0.310081083250387
-9999 -9999 -9999 -9999 -9999 -9999 -9999 -9999 -9999 -9999 -9999 -9999 -9999 -9999 -9999 -9999 -9999 -9999 -9999 -9999 -9999 -9999 -9999 -0.554246932496153 -0.462697136988898 -0.45831570261286 -0.43817235993121 -0.371094903458463 -0.132395218179295 -0.10582107041497 -0.185812230918944 -0.131335297850245 -0.161636935610783 -0.126437080322744 -0.113642368497583 -0.0228393862251781 -0.0585752605223472 0.0455384001193811 0.102225225097678 0.2836269665942 0.327747523277656 0.241327083613399 0.394556969293256 0.43360119902699 0.361068196094938 0.364411275107656 0.371652340279363 0.358533421669761
-9999 -9999 -9999 -9999 -9999 -9999 -9999 -9999 -9999 -9999 -9999 -9999 -9999 -9999 -9999 -9999 -9999 -9999 -9999 -9999 -9999 -9999 -9999 -9999 -0.236262808783722 -0.327247914904084 -0.375704776568769 -0.22936958486978 -0.129371217121867 -0.0716781396104516 -0.109930680460057 -0.0766571983457427 -0.138524567255331 -0.190774095623968 -0.160970904866377 -0.202768597173219 -0.19233070572301 0.0592369605344937 0.254563043145212 0.410627175714821 0.366851852048703 0.282849301564356 0.269761145196251 0.330471856472087 0.317432293998636 0.405077522833938 0.415777564960645 0.44808351065301
-9999 -9999 -9999 -9999 -9999 -9999 -9999 -9999 -9999 -9999 -9999 -9999 -9999 -9999 -9999 -9999 -9999 -9999 -9999 -9999 -9999 -9999 -9999 -9999 -9999 -9999 -0.28246951299509 -0.158254390709028 -0.073576737128959 -0.0640391314228653 -0.0950091958433711 -0.0974611144712319 -0.16133777943903 -0.20075378483243 -0.1271806971269 -0.0425121903284794 -0.143791197577294 0.163368874304526 0.289172225893513 0.513275387939957 0.396494228010463 0.290055099748748 0.264126348644225 0.27256228805752 0.308257557012966 0.383614338485038 -9999 0.551576095883547
-9999 -9999 -9999 -9999 -9999 -9999 -9999 -9999 -9999 -9999 -9999 -9999 -9999 -9999 -9999 -9999 -9999 -9999 -9999 -9999 -9999 -9999 -9999 -9999 -9999 -9999 -9999 -0.128285901266928 0.0503702946166793 -0.0238555762074482 -0.0597933039452023 -0.0982222367066034 -0.17806226472906 -0.115633304069196 -0.141212247012181 -0.0711384619205331 -0.020243410417407 0.125190701834953 0.339203600222009 0.537274454643212 0.456583564090401 0.307866500577627 0.198236486875821 0.255807788142915 0.304488811573565 -9999 -9999 -9999
-9999 -9999 -9999 -9999 -9999 -9999 -9999 -9999 -9999 -9999 -9999 -9999 -9999 -9999 -9999 -9999 -9999 -9999 -9999 -9999 -9999 -9999 -9999 -9999 -9999 -9999 -9999 -9999 0.0511941217371968 0.0660457035019974 0.0876931621202003 -0.0296924240460971 -0.0981164723512044 -0.128599664685455 -0.142504418931129 -0.106284582267894 0.0559463827385068 0.0859935098471765 0.219626903847043 0.370597699239992 0.357663237056518 0.249194236741588 0.186661343898107 0.201925857131898 0.280499612566449 0.298060928627544 -9999 0.46551619808006
-9999 -9999 -9999 -9999 -9999 -9999 -9999 -9999 -9999 -9999 -9999 -9999 -9999 -9999 -9999 -9999 -9999 -9999 -9999 -9999 -9999 -9999 -9999 -9999 -9999 -9999 -9999 -9999 -9999 -9999 0.136486920498714 -0.0026825302433819 -0.0280251940605741 -0.0526945220864384 0.0647967061374116 0.0332643135235242 0.110045074574754 0.196953870971834 0.268917361107708 0.299963115091524 0.281490671605205 0.255719636027903 0.21274331837416 0.222844169136733 0.329803681188663 0.311625892450765 -9999 0.404288047672729
