data/rasters/s5.05.07.li.4_xyz_08_.asc
NCOLS 100 
NROWS 100 
XLLCORNER -4 
YLLCORNER -4 
CELLSIZE 0.08 
NODATA_value -9999 
[rows 21 to 41 of 100, columns 0 to 48 of 100]
-9999 -9999 -9999 -9999 -9999 -9999 -9999 -9999 -9999 -9999 -9999 -9999 -9999 -9999 -9999 -9999 -9999 -9999 -9999 -9999 -9999 -9999 -9999 0.0185645260301935 -0.185989919690506 -0.133191176148956 -0.156225314490399 -0.199238992247435 -0.155713392108384 -0.188243714551953 -0.164067375783246 -0.184757162590298 -0.136278082194608 -0.101790859404871 -0.0423345759637436 -0.00626768426882176 -0.0814840471230679 -0.0841295705988849 -0.0557311509638447 -0.0858399711352434 -0.122266397028277 -0.1360919268424 -0.166600541456805 -0.175870562174243 -0.115431423229097 -0.0824629596289796 -0.0970991949366882 0.00281054740977593 0.0852327324621004
-9999 -9999 -9999 -9999 -9999 -9999 -9999 -9999 -9999 -9999 -9999 -9999 -9999 -9999 -9999 -9999 -9999 -9999 -9999 -9999 -9999 -9999 0.141034926158117 0.0487413413067049 0.121772100444114 -0.0531252371711861 -0.19298864838233 -0.216594573448694 -0.184360791018193 -0.173983924680175 -0.205858903048028 -0.086845931851402 -0.0700643574101525 -0.0594498559786377 -0.027960715812246 0.0375717882341819 -0.0345437991561383 -0.0475442540043899 -0.0649011131884836 -0.0519134984971881 -0.096910899863748 -0.0938740612681124 -0.142726190010173 -0.133578579809046 -0.120225823326054 -0.106013831893516 -0.0699471674883238 -0.0428964981014777 -0.00935377386775234
-9999 -9999 -9999 -9999 -9999 -9999 -9999 -9999 -9999 -9999 -9999 -9999 -9999 -9999 -9999 -9999 -9999 -9999 -9999 -9999 -9999 0.0351392862454944 0.172343874964984 0.196507181676058 0.181642705913238 -0.0428422089297681 -0.100997440292996 -0.188796322036616 -0.0694644409404114 -0.13974419533753 -0.173275560633816 -0.144997831601302 -0.166918961345854 -0.163833015412023 -0.0132483124564591 0.105040132706751 0.0484641114330214 -0.0112218769482021 -0.0125489988089505 -0.0262932861618081 -0.049784372433054 -0.107644449638156 -0.132694161564547 -0.117248458538445 -0.123480801769373 -0.0658675723656774 0.0021857263149718 0.0255103367525319 -0.0380236751850967
-9999 -9999 -9999 -9999 -9999 -9999 -9999 -9999 -9999 -9999 -9999 -9999 -9999 -9999 -9999 -9999 -9999 -9999 -9999 -9999 0.0915079658145765 0.0809032749044961 0.21207250035445 0.227967741209672 0.0583375587784075 -0.163236483588884 0.0531286185336069 -0.129121916485343 -0.0972120559491148 -0.125391705207604 -0.129182201369231 -0.0803101011812663 -0.0570208590192066 -0.102945609997917 -0.0844290405855861 -0.0668432271277035 -0.0259273389724079 -0.0494669038716986 -0.0467855217213102 0.00332666016068953 -0.0102408422024256 0.0731536613593894 -0.0320476083180093 -0.0684152607538279 -0.0798698845114787 -0.123970103526414 0.00770513982236211 -0.0164283686803551 0.0305620669745161
-9999 -9999 -9999 -9999 -9999 -9999 -9999 -9999 -9999 -9999 -9999 -9999 -9999 -9999 -9999 -9999 -9999 -9999 -9999 0.294734211523301 0.303766652075711 0.221557491536403 0.256584432034253 0.253056554032118 0.134410773206475 0.145842241386145 0.153527950470403 -0.0964225374806876 -0.0822602745442277 -0.0476471460871283 -0.0281700962176492 0.00220662554777014 -0.00125190976274356 0.0313270292577287 -0.0435440758461334 0.00466672402664918 -0.0495039490677612 -0.0333143201367367 -0.0151261698006256 0.0386305539816986 0.000263990573495719 -0.0217873055737841 -0.0916932552050878 -0.0321605548375546 0.00680075394915259 0.0717903304362405 -0.0505331263421048 -9999 0.25384515272859
-9999 -9999 -9999 -9999 -9999 -9999 -9999 -9999 -9999 -9999 -9999 -9999 -9999 -9999 -9999 -9999 -9999 -9999 -9999 0.210436207928314 0.315067395581655 0.279838219622132 0.239210454140799 0.222122645566133 0.19207292579334 0.240828163850924 0.212286654899149 -0.110402034515001 0.0413773155048045 0.00510558317190981 0.0255543751567994 0.0264180886718682 0.0333761907927005 0.00323096660002638 0.0292003061494974 -0.0432177894435603 -0.013823913987977 -0.00931175267619291 0.0832337586373688 0.0637919846551793 0.0219507944020263 -0.007997380986528 -0.052055488143183 0.0103387085226681 -0.0488651618565778 0.121244246799399 0.0936149440137448 0.268554336649026 0.201058941040269
-9999 -9999 -9999 -9999 -9999 -9999 -9999 -9999 -9999 -9999 -9999 -9999 -9999 -9999 -9999 -9999 -9999 -9999 0.265814771372261 -9999 0.382174157124437 0.359501491735443 0.174268265946083 0.170587445720389 0.155469630765493 0.224136755619064 0.198481582986751 0.163483234174503 0.0537304632370159 0.0560601353785765 0.0144549106936314 0.0208015059289164 0.0602222522651119 0.0976108739965445 0.000633260906066548 -0.00864767294059361 -0.00947627901858315 0.0449331404992388 0.0317545019735359 0.292433224449281 0.0106058616247972 0.0031053666584272 -0.0433629462336325 0.24589837289393 0.152057546154822 0.233258239076863 0.243048706991555 0.223714638420283 0.230724890477365
-9999 -9999 -9999 -9999 -9999 -9999 -9999 -9999 -9999 -9999 -9999 -9999 -9999 -9999 -9999 -9999 -9999 -9999 0.218646455380392 0.375475308480107 0.375888790736711 -9999 0.169201729870342 0.152900788249322 0.15981226403165 0.155427993742839 0.133741247149719 0.02116621144624 0.0490391609045156 0.0721997837017634 0.0553699284983045 0.065102388635523 0.0925104959637904 0.0811596425319104 0.226016896593841 0.0286422206669722 0.0209020592647278 0.0323169635773196 0.0711536972088112 0.137556565840596 0.152353086972238 0.055052803362777 0.0450170097268898 0.282422455244824 0.194287652819976 0.179820608856294 0.243385487146606 -9999 -9999
-9999 -9999 -9999 -9999 -9999 -9999 -9999 -9999 -9999 -9999 -9999 -9999 -9999 -9999 -9999 -9999 -9999 0.226024499250825 0.271477781310736 0.29068422325376 0.278076570995922 0.254625072993613 0.210588862324182 0.126220783772317 0.184602365882502 -0.114285472603303 0.0112547089977092 0.0498346722828157 -0.0187942773143698 0.0371399410297032 -9999 0.0982310543377219 0.11385361947971 0.169370459731688 0.197962574171066 0.0770677817054072 0.0407487815805613 0.0629557904260938 0.113779114060405 0.204819192665143 0.217272860019458 0.231595769829495 0.295001465579802 0.238877806809669 0.147381379664046 0.134527874812637 -0.100489269018156 0.132607495822048 0.053319450506565
-9999 -9999 -9999 -9999 -9999 -9999 -9999 -9999 -9999 -9999 -9999 -9999 -9999 -9999 -9999 -9999 -9999 0.259528578494153 0.306510958590396 0.226862615001131 0.203855875258611 0.226819715563444 0.0824409165588757 0.158677608261479 0.129668960240181 0.0143031716129322 -0.04553391072484 0.0149914148347429 -0.00207256377168204 -0.00713688072574026 0.0553331579803301 0.074033496108101 0.1697005406303 0.0963018792068621 0.156580089465758 0.0921051217699168 0.042811073498276 0.0715417666886711 0.160101402033149 0.261611907369492 0.223509321664375 0.249713750377208 0.369834926580496 0.17370335723317 0.108250884176079 0.121677474498388 -0.06828509935828 -0.0380902081329587 -0.0262595390811956
-9999 -9999 -9999 -9999 -9999 -9999 -9999 -9999 -9999 -9999 -9999 -9999 -9999 -9999 -9999 0.199860053944666 0.212259168184148 0.239190494105661 0.214861516787573 -0.0103507947806419 0.0182271746568376 0.0475097048159572 -0.0363738299872061 0.0725636831962237 0.0398859507441309 0.103738978140476 -0.0141375678813748 0.0306368681358537 0.00959394812153734 -9999 0.0314347386496924 0.0215006886091115 0.197580919877703 0.189677735448413 0.149704915311953 0.208733584600859 0.132867757647068 0.203202830480412 0.220890575388464 0.27286682035086 0.2341952452093 0.275500736200312 0.252605305281836 0.115376077208952 0.10673522116935 0.128309211627723 0.0214935177169172 -0.0545652438793361 0.13145797338677
-9999 -9999 -9999 -9999 -9999 -9999 -9999 -9999 -9999 -9999 -9999 -9999 -9999 -9999 -9999 0.18659053593731 0.188845293304458 0.219696135137914 0.0520392120661205 -0.0102551424327582 0.00893034489786676 -0.0132522673590465 -0.0478755586764468 0.0445453816024492 0.0174793226676374 -0.0622543898532606 -0.0662221790743112 -0.0130075520994066 -0.0862026389813662 -0.0848189715320842 -0.0653852582991321 -0.0131720163688926 0.158438309507838 0.188014517001154 0.21153852076112 0.282061828779718 0.17477419291999 0.255500024193502 0.170983821354761 0.230050325432937 0.0884642164173562 0.18776932769454 0.13348525554703 0.080745477470874 0.130808601805837 0.135273501160236 0.0724644698564118 0.0422272320364073 0.0344160478304785
-9999 -9999 -9999 -9999 -9999 -9999 -9999 -9999 -9999 -9999 -9999 -9999 -9999 -9999 0.274225039924562 0.106450349751693 0.0305341721215412 0.228880989021348 0.157018982494256 0.120156572081942 0.0914984788023305 0.0120859839509624 -0.0226542424338148 -0.0317579316579865 -0.117456483994434 -0.0937844260376874 -0.109432801097342 -0.0745069544241781 -0.0783262185631939 -0.041481921225829 -0.00680176166893563 0.121794867979747 0.139270410500142 0.146506578558978 0.28520590172678 0.289801652319323 0.16769369346098 0.149333589646168 0.188521848806553 0.167519489596536 0.143551480721248 0.167786379702406 0.212653495158076 0.144743530502196 0.175842434960103 0.115715829391423 -0.0140723217586884 0.0101805861408488 0.00373933956457035
-9999 -9999 -9999 -9999 -9999 -9999 -9999 -9999 -9999 -9999 -9999 -9999 -9999 -9999 -0.0676953782797879 0.0265552374685169 0.123751842966916 0.238098759856241 0.235848243795054 0.192282247203345 0.117762572092185 0.0978099754805428 -0.0196651864819335 -0.0314590474316537 -0.0790707284305139 -0.119869877328998 -0.146970553010025 -0.102732038720359 -0.0578201751324298 -0.0358569541648224 0.0586870691221559 0.21173033284848 0.0964677431432967 0.286385048193053 0.43294218096914 0.278647485835197 0.216356680986416 0.190062294288824 0.150132380106565 0.104944624462601 0.0661940979482941 0.159271294557126 0.201056487945024 0.159560828279774 0.310644838798685 0.287724363243434 0.177980169079939 -0.0175503572770051 -0.0410752863384157
-9999 -9999 -9999 -9999 -9999 -9999 -9999 -9999 -9999 -9999 -9999 -9999 -9999 -9999 0.145898578356783 0.0605726138273049 0.108982729302222 0.204201534725622 0.224910946768531 0.200566085139776 0.114750925575631 0.16079863160182 0.128765891867739 0.020985592180508 -0.068872262155383 -0.114113525283572 -0.144024680430656 -0.0845875973518549 -0.0186752956043245 -0.00416158297552319 0.00873528315632811 0.122678758454733 0.100070720934296 0.210445379430424 0.465778503384129 0.22621348338712 0.225216321786625 0.223109717797639 0.185685843263549 0.122901390889958 0.102574158827149 0.157214394553973 0.157171641628987 0.136475924819708 0.21242536915528 0.253233250338958 0.0768169807537358 0.00721424460397481 -0.0392736004859951
-9999 -9999 -9999 -9999 -9999 -9999 -9999 -9999 -9999 -9999 -9999 -9999 -9999 -9999 0.212280919841886 0.07382885954209 0.382092792980338 0.225535979923075 0.270124141381394 0.220212417513889 0.219705795734161 0.160350962095769 -0.0279924136913517 0.0511257921844719 -0.0616379693423154 -0.0732632178819246 -0.0832581527985121 -0.0957668986683914 -0.053350693231621 0.123804437819174 0.236572301326527 0.260178946908284 0.359312003270063 0.536156970748055 0.513147438952423 0.503128249492271 0.235027553537436 0.164856526875073 0.12248252840106 0.202306188592923 0.160896803783644 0.180123872850096 0.082744997961217 0.108762546436903 0.0498319074280412 0.0620250224067876 -0.0402615880435242 -0.00209987764547283 0.00463865045319021
-9999 -9999 -9999 -9999 -9999 -9999 -9999 -9999 -9999 -9999 -9999 -9999 -9999 -0.0330789419518833 0.0336082668325254 -0.0834459367466866 0.232506250694129 0.304513012366241 0.337693154933159 0.268053445442167 0.233059108816555 0.20308854702118 0.0575894049042143 0.0358017333428648 -0.058250065810778 0.00690488989712223 -0.0273484504500711 -0.0230664052431022 -0.0500401834490761 -0.0138470228711699 0.360999455886118 0.344565646411689 0.374962497763501 0.474391405111839 0.522827967242277 0.271450626731463 0.236673206069232 0.354511537313147 0.156542885038422 0.196108716801982 0.111694732536382 0.396138890962627 0.0946181709877728 0.0846509615569594 -0.030299992570351 -0.0263853650785484 0.0803283450066598 0.0543192496243312 -0.131143506111471
-9999 -9999 -9999 -9999 -9999 -9999 -9999 -9999 -9999 -9999 -9999 -9999 -9999 0.0356204731305136 -0.0420679296647469 -0.079551167225124 0.0754594410006817 0.154306912562304 -9999 0.250458348765951 0.187388292808725 0.185637342641396 0.100179930858815 0.00246488763653382 0.0703362612577047 -0.002283058367451 -0.0311502882771151 0.00641126788323849 -0.0324503191338462 -0.0414814767031793 0.0968562497247879 0.152865044355711 0.308130754950384 0.339381515285361 0.507230680659859 0.233020974124384 0.147594061481426 0.296582947693044 0.179244672866757 0.169481073886147 0.341804465545841 0.416119698223612 0.385015808724104 -9999 0.0475737657001269 -0.0944678307789477 0.0933441349946616 0.240506478240819 0.0761854344874626
-9999 -9999 -9999 -9999 -9999 -9999 -9999 -9999 -9999 -9999 -9999 -9999 -9999 0.093364334275864 0.00329540510935392 0.0533750640516897 0.105434533170167 0.252173059190214 0.252799243690266 0.210439093343533 0.139612402292527 0.114820101082731 0.0141708409839998 -0.115454242424031 -0.0105531516049767 0.00522971126166917 0.0768970636764541 0.0122458816961496 -0.0699591006479975 0.097240894524413 0.131723339459613 0.107646863882547 0.458604338225918 0.52589238876175 0.514402677417169 0.224678122471258 0.343463025204139 0.445038929747183 0.30918860655003 0.286718408836046 0.0955464256062164 -9999 0.336639992911566 0.116924130815965 0.131096683752061 0.118908112649473 0.174688503561271 0.258041688980288 0.255988193421347
-9999 -9999 -9999 -9999 -9999 -9999 -9999 -9999 -9999 -9999 -9999 -9999 -0.0269380593391936 0.14908877440708 0.0105461364976254 0.0811798196882912 0.191676498949897 0.268397934425535 0.191963805825796 0.154828454815063 0.218724439818573 0.113061372176931 -0.0886371989261846 -0.0765254794658113 0.038249651661368 0.160174608228831 0.143038917380051 0.0394401099743727 -0.00340800241307806 0.0859141499150065 0.110577022106775 0.102639180192197 0.34275368171165 0.461456978624903 0.397756785198271 0.319722706946063 0.503777959301217 0.455475384942999 0.340556961342241 0.208958588354366 0.203141640909336 0.334639041015609 0.263730519884412 0.107205542272385 0.144866292428324 0.090229956984715 0.209699569811409 0.278822251261502 0.268346530361047
-9999 -9999 -9999 -9999 -9999 -9999 -9999 -9999 -9999 -9999 -9999 -9999 0.104439242409994 0.0543331374889686 0.00544348326441611 0.0580846581978873 0.239273561965482 0.228795135333919 0.161519190485982 0.156804932876328 0.0020125181137586 -0.0305423612451629 -0.0396657085255049 0.107285922374873 0.170764814645609 0.130656142879098 0.106303991284604 0.0776794359198299 0.0584579278353656 0.0652783476793436 0.121892173130415 0.165039788571804 0.254230251546168 0.330173083263719 0.426927455639646 0.441461371980676 0.465274226227032 0.431599393248044 0.307351930216374 0.23530570255365 0.246881743119062 -9999 -9999 0.265894507883512 0.0918265505702439 0.10426517802667 0.242883070628987 0.28310278349471 -9999
