data/rasters/s5.05.07.li.5_xyz_08_.asc
NCOLS 100 
NROWS 100 
XLLCORNER -4 
YLLCORNER -4 
CELLSIZE 0.08 
NODATA_value -9999 
[rows 21 to 41 of 100, columns 48 to 95 of 100]
0.0949145005813538 0.0982674600976227 0.106377928145693 0.0864501951833853 0.135398326228493 0.21011836895338 0.250098260561581 0.188097699245448 0.0902213909322144 0.089978963233673 0.0968534140763471 0.206262644260383 0.208360543201582 0.275882120568327 0.226261768167236 0.154899135029861 0.156351578909478 0.161650583915885 0.180093608043746 0.161872127825925 0.0176609216072524 -0.03993628944456 -0.0202481022345447 -0.000563207900877927 -0.0847667496175212 -0.0115569495963155 0.00795641015082083 -0.03670178319747 -0.0260130023794722 -9999 -9999 -9999 -9999 -9999 -9999 -9999 -9999 -9999 -9999 -9999 -9999 -9999 -9999 -9999 -9999 -9999 -9999 -9999
0.10427249447224 0.102420343211026 0.107016411481751 0.149880628444027 0.162622257066227 0.167760507475199 0.185461575997937 0.173029106262572 0.0566559703379473 0.115507094920703 0.17379642774677 0.207957149668092 0.201182849061638 0.12367104111053 0.161397858895177 0.377792669088613 0.194396434780388 0.183617875721444 0.158343624473125 0.137256360099095 0.00336304396955676 0.071258114647409 0.0164649984731792 0.0228545223236096 -0.00299982979513598 0.00408490235876255 0.0923332078420862 0.0236448914604696 -0.0297080664174115 -0.0789919586076417 -9999 -9999 -9999 -9999 -9999 -9999 -9999 -9999 -9999 -9999 -9999 -9999 -9999 -9999 -9999 -9999 -9999 -9999
0.154668502604072 0.108931992258473 0.138969482669001 0.17694517655586 0.214771555832377 0.167744142458645 0.183039731212523 0.165174086536853 0.11947584285987 0.166179860356313 0.219874660517015 0.191403562215128 0.229514310651892 0.14550727199228 0.311272382379467 0.411776980001495 0.444597567669729 0.292847555114764 0.185183061940996 0.283486866117184 -0.0251276747566672 0.183560849851277 0.00570740952866069 0.0648343032653964 0.0623314624305838 0.0216843749642245 0.0546795273635162 0.166274162896176 0.125083517320611 0.11793259383377 -0.0266866838859381 -9999 -9999 -9999 -9999 -9999 -9999 -9999 -9999 -9999 -9999 -9999 -9999 -9999 -9999 -9999 -9999 -9999
0.147342258104046 0.114353838882027 0.11612317696687 0.196542756812101 0.221775440515615 0.19473181629054 0.146551218859545 0.167734305252594 0.208485632147486 0.199748542729408 0.162246501654177 0.101179167165696 0.216398922154474 0.157769295826204 0.0892586309167876 0.0661371937100384 0.374154678081078 0.328824784471139 -9999 0.202818411967347 0.230382240186264 0.231901306389761 -0.0463744265082903 -9999 0.142733744047283 0.12936078404034 0.0274480171322083 0.0997373987013257 0.200912457910301 0.12328620460398 0.0182935477053699 -0.0336250042854457 -9999 -9999 -9999 -9999 -9999 -9999 -9999 -9999 -9999 -9999 -9999 -9999 -9999 -9999 -9999 -9999
0.110542979836751 0.140182210445706 0.170875435982337 0.209013112943034 0.245308645225751 0.218808084904374 0.15988736730833 0.168802605610741 0.155837782766427 0.137282824580984 0.0716122154574281 -0.0345719873949499 0.0165303720347318 0.00128995653533749 0.0870552480117808 0.342560428821124 0.395458824304728 0.33746415435268 0.199551036053718 0.213305153178746 0.21153465656425 0.234990384778045 -9999 -9999 0.149977544718912 0.113744041881171 0.114206050763925 0.137656514866404 0.203272382474446 0.0613333793933462 -0.0690312495567215 -0.0149579675106603 0.192827112706798 -9999 -9999 -9999 -9999 -9999 -9999 -9999 -9999 -9999 -9999 -9999 -9999 -9999 -9999 -9999
0.235268046341403 0.239700355072774 0.183599986297526 0.188691965974729 0.163931723613818 0.20427756652612 0.19090148170772 0.0596763225336405 -0.0358326185838986 0.0223676239107653 -0.0110048618685074 0.0383864425530088 -0.0016637976107941 -0.0279395955614066 0.167911849645802 0.374229913533841 0.376157102502969 0.323532583692277 0.31566168965228 0.321832564154553 0.178761838871887 0.211015557365508 -9999 -9999 -9999 -9999 0.116806727529511 0.187182133109015 0.196876316440266 0.182099433932246 0.0888182377074676 0.0117480584566922 0.115161193852533 -9999 -9999 -9999 -9999 -9999 -9999 -9999 -9999 -9999 -9999 -9999 -9999 -9999 -9999 -9999
0.118744830946223 0.132919266008945 0.128491469578964 0.209850034388043 0.144121281256695 0.0904223443457347 0.17831209122045 -0.0162941390372744 -0.0360196510546645 -0.0169216889460955 -0.0304519448056039 0.0271325077356832 0.0236392218416368 0.0796017997598283 0.331198321559267 0.391907345798672 0.338351457702995 0.253487380507373 0.239498102233952 0.251730965176435 0.200896106858219 -0.0471333223329839 0.0672814395909703 0.213646006297911 -9999 -9999 0.160914158741183 0.160967021234554 0.215111895613867 0.186748033192191 0.192942689482729 0.275063886806044 0.145441499687321 0.0460490656815255 -9999 -9999 -9999 -9999 -9999 -9999 -9999 -9999 -9999 -9999 -9999 -9999 -9999 -9999
0.129074666723567 0.133270132261611 0.091054594835852 0.0926136852446742 0.0936166379520125 0.116677594608458 0.0606756157625151 0.00485522214457636 -0.0848185515738922 -0.108307040987444 -0.0856511389013864 -0.052074431548637 -0.0808749855149399 -0.118386900799236 -9999 0.24165181874635 0.219882467992439 0.195834461807714 0.151079392726358 0.154490529434648 0.15653619837569 0.0887828478720321 0.0389129612606181 -0.0335572669823442 -0.00823718113897718 -0.043147468722701 0.00226617581246881 0.0103128318917573 0.156897269511938 0.166879972322027 0.202080743816229 0.289572349922173 0.228968588326876 0.011628858207825 -0.120375209395965 -9999 -9999 -9999 -9999 -9999 -9999 -9999 -9999 -9999 -9999 -9999 -9999 -9999
0.00919686412294385 0.0497623709744606 0.0672881450840292 0.134244789336461 0.0776250480299176 0.0712216002971672 -0.0308276845005661 -0.126580496713958 -0.120253328921872 -0.121856913682456 -0.117335982655007 -0.109929743409144 -0.0438205296430542 0.0317054730161117 -9999 0.0818008354374118 0.111302304700345 -9999 0.104131657292483 0.159297444047872 0.174697983924171 0.158842873628036 0.0944100214321826 0.0474235355930766 0.00613194975630036 -0.061811309618015 0.0386405630340018 0.0494550951340437 0.081262508695704 0.116484314997049 0.155934697409222 0.223188742652555 0.122240729289552 0.137071142100315 0.0376624659684003 -9999 -9999 -9999 -9999 -9999 -9999 -9999 -9999 -9999 -9999 -9999 -9999 -9999
-0.0354133294156149 0.00724730287442244 0.101925197046138 0.0988554105066094 0.147589001498566 -9999 -0.104000899617775 -0.00334498536024721 -0.0908207882077995 -0.156059718602004 -0.148676721883421 -0.116777745521507 -0.0551265300152057 -0.0518908108911896 0.0251273788665538 0.0372486160338891 0.144827854201666 0.0681191135621923 0.0682302723354482 0.0635523863698249 0.114241586462455 0.119346295143197 0.0611187088288044 -0.00203347260962876 -0.0257302013393618 -0.026721858139369 -0.00402357323121339 0.0622276651752613 0.0909500182883386 0.0733750965036799 0.0323437807885852 0.109602672487958 0.0695775092042412 0.0836126606052695 0.123045080618621 -0.104953124587618 -9999 -9999 -9999 -9999 -9999 -9999 -9999 -9999 -9999 -9999 -9999 -9999
-0.0731429423267891 -0.0324090453104634 0.0910518856933946 0.16426938199745 0.076079807281033 0.203750384307428 0.139941608116956 0.00926414719341796 -0.0987227612670996 -0.122000952724316 -0.12627805761959 -0.0600287366004374 -0.0913627822566007 0.00335037962917895 0.0795377423574886 0.0849716032598955 0.0902690244258129 0.0830156805190748 0.0576882579342011 0.062775259177697 0.109966645748734 0.0132090459050028 -0.0148978398506821 0.00177320898238568 -0.0168486995522052 -0.0260908586168468 -0.0174187713924417 0.0522558831585452 0.0310976973029405 -9999 0.0529256997030518 0.0650236440914882 0.0497579350022682 0.0145850129087576 -9999 -0.22790314795465 -0.0828912864700164 -9999 -9999 -9999 -9999 -9999 -9999 -9999 -9999 -9999 -9999 -9999
-0.0599082817668632 -0.0193141521714172 0.0553945044189868 0.00720927898638263 0.0333016712476727 0.104365797571014 -0.0261976512964631 -0.046753136585262 -0.0982396370510514 -0.0982656635997107 -9999 -9999 0.111645479271483 0.0124481083530037 0.0181634659133853 0.0151180701378085 0.0787369444630077 0.125216506214489 -9999 0.15414833460049 0.0517381619437073 -0.00706059507754917 -0.0719273516933536 -0.0473503064189672 -0.00903416422130179 -0.00661126127142538 -0.0356571001391362 -0.0390966203296242 -0.00165160991791694 -0.0170226622262287 0.126931861827829 0.119594604851891 0.0320182528582973 -9999 -0.120208320694602 -0.099255287353313 -0.0956573239826251 -9999 -9999 -9999 -9999 -9999 -9999 -9999 -9999 -9999 -9999 -9999
-0.13149186655885 -0.228622744536399 -0.111853559112673 -0.0101116030193911 0.0534673286688144 0.0402568683710271 -0.00313579779225014 -0.0943542228630092 -0.0506978605264386 0.0531271992813338 0.0207939343778387 -9999 0.00948343695992045 0.027894944273222 0.0367234108188069 0.033794165354044 0.0562466740662438 -9999 -9999 -0.000442854762469532 -0.03058765105227 -0.0486897832506634 0.0265812132437311 0.0659278308204864 0.00552561092272261 -0.0292617055287263 -0.0637888686938465 -0.0520579880221612 -0.02232488881028 -0.0290449194945204 0.146457543322413 0.117533686274125 0.1318507050402 -9999 -0.0987672536701711 -0.105947363685523 -0.14220061872553 -9999 -9999 -9999 -9999 -9999 -9999 -9999 -9999 -9999 -9999 -9999
-0.285689429429417 -0.19164873803605 -0.194699084219855 -0.0523602378865068 -0.079629233546574 -0.0786088640908513 -0.107494301791621 -0.0693111070439926 -0.0473081912356052 0.0924655336183269 0.0857243929545565 0.0109377472172259 0.133360114771534 0.249770318092074 0.152554615883211 0.0896317528576579 0.14495862486884 0.171956915907002 -0.146541490952941 -0.0798021182672791 -0.0629645215327721 -0.0027761977501741 0.0332104284771517 0.0767337710786972 0.0524748335418134 -0.00244244944847502 -0.0281675851704741 0.0346933258423684 0.0912199293799061 -9999 0.165568701782358 0.0795444278723765 -0.0906207681897993 -0.0651794490813987 -0.0576121684316442 -0.106284594272691 -0.155112232604143 -0.159838011011564 -9999 -9999 -9999 -9999 -9999 -9999 -9999 -9999 -9999 -9999
-0.224167861701063 -0.197118698929575 -0.218994254042047 -0.175025549242795 -0.0786668083944962 -0.0774159452214735 -0.123412272915409 -0.087324626389051 -0.0164575215655613 0.0635015592163046 0.0460127501354451 0.0647729684543466 0.0890560066187925 0.254914170289031 0.16767279042575 0.155329664752914 0.0318046700314229 0.122626734008366 -0.0893611856246042 -0.00169226391587398 -0.0545115390925309 -0.0228314163233567 0.030675174464356 0.0693892181273853 0.046681708664147 -0.00423190463995633 -0.0190570450653726 0.0199087970180728 0.121990711027383 0.158631118663261 0.0967834157436121 0.0264194316838289 0.0891810313599501 -0.0983784719301744 -0.0675397913013493 -0.0855209451740444 -0.132855915310482 -0.137370561053213 -9999 -9999 -9999 -9999 -9999 -9999 -9999 -9999 -9999 -9999
-0.0867971572499725 -0.092959507432305 -0.123880709272017 -0.0394245275602696 -0.0266375571574861 -0.0815317942688911 -0.0984055392538135 -0.0551567957989919 0.097838063699742 0.0277392642742451 0.0597948251778418 -0.0143238918041816 -0.0409638989943336 0.268239157550555 0.321366262001343 -9999 -9999 0.133995979103966 -9999 0.119499998354718 -0.00512053344739097 -0.0283381797234175 -0.0179646328605062 -0.0241711247395295 -0.00668552687440559 -0.00822775150696009 -0.0274445471490293 0.123572933769615 0.158281152559184 0.0824043073357227 0.0404831056684532 -9999 0.073640312837422 0.0160758205019969 -0.00725160474615969 -0.0780059075155307 -0.12535289096692 -0.130041891373354 -0.0597813919599848 -9999 -9999 -9999 -9999 -9999 -9999 -9999 -9999 -9999
-0.157062371404272 -0.0962563011514503 -0.0558974048990755 -0.016747506019902 -0.00118988962113861 -0.0364881513553893 -0.0799858183132632 -0.0024200540373837 0.0116502516886566 0.056084551683651 -9999 0.0578180782826608 -0.0470870188627175 0.282033758305863 0.175887118492417 0.212605468505055 0.1432161370536 0.135717276594322 -0.00060706396605171 -0.084044778760934 -0.0733190718898384 -0.0567375045580172 -0.0395961882360177 -0.097221401172306 -0.064922808173514 -0.04024655819656 -0.0217011061025454 0.0843102691219127 0.233342753241068 0.102056513769968 0.119619754590735 -9999 0.0315350227701683 0.00146689634672109 -0.0816529342011696 -0.0210171007859803 -0.089776780105711 -0.0489651572249526 0.151030735512923 -9999 -9999 -9999 -9999 -9999 -9999 -9999 -9999 -9999
-0.086400057214342 -0.0873699954867288 0.0754741665398246 0.307356610111123 0.331180957584551 0.0699687784754262 0.12659647030054 -0.023357927163824 0.0265672866969647 0.0291332461554645 -0.0258842824599082 -0.0621434707621479 0.196099650176865 0.250020581383922 0.300854644252783 0.269279360371826 0.156449965309349 0.217897563443338 0.0104749836880917 -0.0584345811888944 -0.0719587543418203 -0.017553621098791 -0.0677390205733183 -0.117099555411665 -0.0877996871497599 -0.0547715315966663 0.0135881553772134 0.0546296450222032 0.0656603016002957 0.075280391689503 0.127292054636818 -9999 -9999 -0.0975684144879499 -0.0763966306558412 -0.0817297334255017 -0.0938969814382603 -0.0157360209181142 -0.048514073189973 -9999 -9999 -9999 -9999 -9999 -9999 -9999 -9999 -9999
0.0392718613802648 0.0108537770009777 -0.0187468689684839 0.122316654390178 0.115956683059065 0.0253403405881394 -0.0779910740608371 -0.0806022874666914 -0.0685113518048887 -0.0660400570150241 0.0334465792077678 0.0238500575439254 0.14475641589058 0.238683355256766 0.213828606838762 0.18963174928741 0.1082138622021 0.122429480065134 0.0460849184766928 -0.051177176011068 -0.0301735765114506 -0.0520046510683129 -0.108088860789321 -0.0837176443604232 -0.0956863925344578 -0.087116720630528 -0.0712745961155076 0.0514442433413706 -9999 0.152012134402276 0.172160927015419 -9999 -9999 -9999 -0.066938756913449 -0.0843375602928791 -0.0889636208956474 0.0328459976656015 -0.0188525037114511 -0.16556292692037 -9999 -9999 -9999 -9999 -9999 -9999 -9999 -9999
-0.051350943077852 0.0418487010473376 0.0532873872271913 0.0551482604569654 0.0893501874924757 0.0585671094037807 -0.0526008404942903 -0.101099251161909 -0.0969916238256615 -0.0083561553346392 -0.0294969199905165 0.0772585927463763 0.0997885397814668 0.17944885396759 0.159238807464867 0.135884746058181 0.131298716064955 0.0436526089742374 -0.0399956173921295 -0.0803188292346523 -0.0736357609322451 -0.0932357114281038 -0.10241501797696 -0.0874838584581233 -0.0961190004195353 -0.0582408009101121 0.0414088404495422 0.0849528982076181 -9999 -9999 -9999 -9999 -9999 -9999 -0.125018394083053 -0.110401901180943 -0.121761018264653 0.0629325935757084 0.0548645910183184 -0.178574307028753 -9999 -9999 -9999 -9999 -9999 -9999 -9999 -9999
-0.0633553023276705 0.0404867383670237 0.0795458661391741 0.120034391320167 -9999 -0.0235904697297997 -0.100402123872653 -0.112766751088251 -0.143641702981397 -0.137412177812951 -0.0422294004701367 0.00251330441212568 0.0160617991910735 0.0411977379208522 0.177977132946826 0.152911639155425 0.182477951627355 -0.0050764462561908 -0.036815906384561 -0.0952328898657223 -0.0825493788112471 -0.0844372184715782 -0.134478346766248 -0.119445927020001 -0.0574168476975081 -0.0182298379795218 -0.044311290083489 -0.0109615062380669 -9999 -9999 -9999 0.0501059214724349 -0.0498014873122115 -9999 -0.0676296717516172 -0.12087201288757 -0.148726360159482 0.106200371512577 0.0993075791161416 0.0127641024755939 -9999 -9999 -9999 -9999 -9999 -9999 -9999 -9999
