data/rasters/s5.05.07.li.1_xyz_08_.asc
NCOLS 100 
NROWS 100 
XLLCORNER -4 
YLLCORNER -4 
CELLSIZE 0.08 
NODATA_value -9999 
[rows 44 to 65 of 100, columns 0 to 48 of 100]
-9999 -9999 -9999 -9999 -9999 -9999 -9999 -9999 -9999 -9999 -9999 -0.084690586283317 -0.000540115364778518 0.0332948008972607 -0.179243418302921 0.0222354616694176 -0.00932017407353158 -0.0347509214679717 0.0506118777619675 0.0520822046219146 0.0629383804170669 0.0299149138654872 0.0489838860587728 -0.0118602417274722 0.00674076785958026 -0.0343837923831333 0.00711320159612895 0.0559451953981804 0.100883973792109 0.109201752299213 0.105110168816119 0.134679722276648 -9999 0.200083001231093 0.0157940745814355 0.102749678059754 0.254667265205432 0.0104207222587037 0.023902441470169 -0.123775084272523 -0.124466577663341 0.0103715679325114 -0.000611769561936822 0.105089526797279 -0.095541495894666 0.0141805859254737 -0.110972641875767 0.023173741503841 -9999
-9999 -9999 -9999 -9999 -9999 -9999 -9999 -9999 -9999 -9999 -9999 -0.015367655571685 -0.0594539956779353 -0.135356304171945 -0.114679152225428 -0.12050158242777 0.0652451884549339 0.0484805180611909 0.0610636897955121 0.0619280837162274 0.115571657805414 0.0978147142568549 0.0622292093093887 0.0457367887809817 -0.0197102372211234 -0.0200751526156117 -0.00259245319949765 0.0546106340401546 0.0847734528528488 0.0810946781240652 0.0778385696759455 0.0415168631837148 0.134764213436132 0.175287396123404 0.0860170315381638 0.0188626064369294 -9999 0.0609757068224972 0.0422493637037563 -0.0386890795831266 -0.10145831599619 -0.0641541810077451 0.0765867731168601 0.0509043076889224 0.019823250560821 0.0973133677146004 -0.0673653369898637 -0.12345528564522 -9999
-9999 -9999 -9999 -9999 -9999 -9999 -9999 -9999 -9999 -9999 -9999 -9999 -0.0834502649764595 -0.115396061840273 -0.205810699830192 -0.022553726084224 -0.00617372464950193 -0.0269149693085479 -0.023208379601971 0.0613934615607984 0.0803507904628948 0.105241316868108 0.0484923789309525 0.0265533063892337 -0.0012039887270074 -0.0676962626856616 -0.0533930231685719 -0.0181681138968688 0.0654381382544995 -0.0125064094932043 0.118066386811951 -9999 -9999 0.0201657345714059 0.0584912011925718 0.0393370281831741 -9999 0.0748817603443151 0.0824692734266576 0.0809402133129643 0.169065437776414 0.192946168684014 0.20064361387648 0.0117363313641315 0.0993145735925197 0.115087689419201 -0.129245650033854 -0.162705223945006 -0.0670412676232302
-9999 -9999 -9999 -9999 -9999 -9999 -9999 -9999 -9999 -9999 -9999 -9999 -0.0983529135600212 -0.145797624152146 -0.281363580311102 -9999 -0.0347568445421012 -0.0138311576694878 -0.00820737787112306 0.00110978147835147 0.0284771326089749 0.0508051553538189 0.0472475303339799 0.0100037815504459 0.0375346655943899 -0.0782618608318334 -0.0148636980664421 -0.0270715343632625 0.0696500851329994 0.13791808347546 0.0925524560298925 0.121310944376751 0.118451408616657 0.00203169821400731 -0.0626546189401258 -0.0507711724207381 0.0262344800275 0.00301424182901339 0.0364860704033955 0.0893296800088584 0.200285281314006 0.222187904542829 -9999 0.0160206769939198 0.0201095250166589 0.155500563440128 -0.104740580136679 -0.114675268316948 -0.159163394560517
-9999 -9999 -9999 -9999 -9999 -9999 -9999 -9999 -9999 -9999 -9999 -9999 -0.0844924983313812 -0.109350939017857 -0.019914132597164 0.0107109378455151 0.00394600902950359 -0.0449977831188704 -0.0484034077385449 0.0244824804477206 0.0577343307951777 0.0896296752868878 0.0375287305401417 -0.00674649681030612 -0.0197855837557156 -0.0110346503600237 0.0175738201962119 -0.0211692653557006 -0.0424875898638384 0.112760521392321 0.148949917565737 -9999 0.144851227320589 0.145556870619741 -0.0259443300070107 -0.00735890158174074 0.0163083361146003 0.0413669677482549 0.0442327696744282 -9999 -9999 -9999 0.104003932292532 0.349233810969529 -9999 0.162588766846595 0.191292091168124 -0.143245221428885 0.0463295957381769
-9999 -9999 -9999 -9999 -9999 -9999 -9999 -9999 -9999 -9999 -9999 -0.200238501391932 -0.0671489950378487 -0.12748060653368 -0.12009114476669 -0.102142829024679 -0.0799678141423865 -0.0274747255094189 -0.0356678185328062 -0.0622740215022748 -9999 -9999 0.0322764753413302 0.0607146795477924 -0.00600290437999898 0.00942044460865815 0.00600496198910152 -0.0262387155185327 0.0626373184239379 0.179168643195548 0.0611972457073019 -0.00675167803019965 0.0359691587069474 0.0471903112240888 -0.0274966455935014 -0.072020203616665 0.0106247378430434 0.119713860066045 0.0889401523120101 0.0538985896698039 -9999 -9999 -9999 0.198653290032129 0.133934034550307 0.0925512849523203 0.111662667590228 0.160710527926792 0.144937489553224
-9999 -9999 -9999 -9999 -9999 -9999 -9999 -9999 -9999 -9999 -9999 -0.216375276040998 -0.116338945933626 -0.161794381869866 -0.170655139095307 0.0906090514608374 -0.0169540935355908 -0.0353509668480665 -0.0663503757388433 -0.0594148453223878 -9999 -9999 -9999 -9999 0.00991664497481989 0.0421714179612992 0.0711959136693164 0.158504564197241 0.144681578625912 0.14818767782763 0.11216779538714 0.0493740765567508 0.0255423210016608 0.0325345363630469 0.00183980594961306 -0.0300512266326734 0.0289856257364666 0.0462416305908635 0.120272451770146 0.0615689951846171 -9999 0.0301502979575225 0.018041493534591 0.206481699130471 0.115540063729879 -9999 0.111368726520507 0.120749831283738 -0.0650397349060945
-9999 -9999 -9999 -9999 -9999 -9999 -9999 -9999 -9999 -9999 -9999 -0.199843297498907 -0.150049942498468 -0.0739914753543272 -0.158259937015038 -9999 0.0585172229081457 -9999 -0.019690440482774 -0.0691665535918535 -0.111115424325778 -0.122388307580395 -0.137763945208776 -9999 0.00434088319769308 0.0366074188044323 0.0985595311309891 0.235079352310173 0.0709475635572542 0.188799380066305 0.257349740234667 0.0875701052806029 0.0445447022224747 0.075713815446063 0.00394180027155652 0.0264654768646096 0.0201020645928517 0.0360652082326616 0.0647343555174261 0.0486808506166082 -0.00796106294126886 -0.000828468746604006 0.0209965792563581 0.118486834023997 0.232491205240577 0.133393578268854 0.0979760464771507 0.10585067505179 0.0758753636309618
-9999 -9999 -9999 -9999 -9999 -9999 -9999 -9999 -9999 -9999 -9999 -0.185472469396375 -0.182732865821743 0.00767949299009156 -9999 0.0911702341366322 0.0390359897173128 -0.0278215890054482 -0.0544067862553539 -0.079485821589178 -0.114962150349982 -0.140488664257808 -0.0735534072597268 0.0614720216881461 0.00178137675827259 0.0549671619344332 0.0621623848691008 -0.0432354314167422 0.0639414867990308 0.153398841207467 0.293434328676078 0.149484588240171 0.033979830108463 0.0489394724337869 0.13832930637943 0.0232893304612368 0.0748112302389705 0.0131703504202061 -0.00622418219228962 0.0205238140015199 0.0175287767537451 -0.0137893044016857 0.0708481430011909 0.0760274096591867 -0.0281203761921437 0.10414987801574 0.046663518978481 0.073605629162585 -9999
-9999 -9999 -9999 -9999 -9999 -9999 -9999 -9999 -9999 -9999 -9999 -0.0429739010746751 -0.144927622127194 -0.137124422866202 -0.174127532243866 -9999 0.014174632804777 -0.031615572702486 -0.0403909058413115 -0.118897790869316 -0.0905219022774843 -0.0708604787342072 0.0325195698777625 0.103136852347252 -0.0130943478628974 0.0372861985971759 0.0707203155029008 0.132330736525539 0.18917532229054 0.17173743667142 0.222217098869602 0.0778273988097686 -9999 -9999 -9999 0.0711890416992026 0.0913922859564075 0.0407145692052229 0.0324237976482861 0.0419995904293297 -0.0470140613497719 -0.0947927209344879 -9999 -0.0470359676600172 -0.0223676394726711 0.0513957083080088 0.0474114324598529 0.0726209629541866 0.219416159750695
-9999 -9999 -9999 -9999 -9999 -9999 -9999 -9999 -9999 -9999 -9999 -0.260436575547399 -0.197437104578698 -0.0950578379746403 -0.0754058411448331 -9999 -0.0239368510189618 -0.0438740700769091 -0.0667326638859596 -0.111079974498851 0.0591904396773214 -0.0188366891505227 0.15714309514142 0.22591147841206 0.119510379041313 0.127536286372835 0.129409442348014 0.194367053951776 0.106392873923113 0.146576722440639 -9999 0.160513339101055 -9999 -9999 0.148757413147115 0.0461139923291852 -0.0103726649753961 -0.0882806286507748 -0.0902411986212553 0.0529938785276595 -0.055038033879514 -0.115466846705982 -0.148443928362916 -0.164948718234328 -0.0843334055887923 -0.0837023033472836 -0.0193099413246984 -0.0917875776151374 -0.100059452860118
-9999 -9999 -9999 -9999 -9999 -9999 -9999 -9999 -9999 -9999 -9999 -0.374045551138522 -0.113016987281644 -0.12738755452291 -0.0973599388012034 -0.0277199689185231 -0.112780833339068 -0.101873239014251 -0.00150850578866601 -0.139281709813759 0.0250328178066043 0.131800290816861 0.182441700551772 -0.0102550686835761 0.0245250765632942 0.0409951298914811 0.119817960306142 0.229366197445001 0.103492589476033 0.0629183764653277 -9999 0.103998732705589 0.0689013089467227 -9999 0.178178716675197 -0.0376720732968642 0.00840421611312636 0.0753430173635951 -0.0130517316434637 -0.0113594314761647 -0.0586354767132633 -0.144528467595191 -0.121320281175456 -0.16898030571816 -0.122397138796572 -0.0946135201967117 -0.0510929673194657 -0.0428319812385218 -0.0873020544737004
-9999 -9999 -9999 -9999 -9999 -9999 -9999 -9999 -9999 -9999 -9999 -0.151083036547522 -0.0853579973306248 -0.0729763624546442 -0.000974371230133122 -0.0510749347191149 -0.052260323493567 -0.094740069377268 -0.0713759530363366 -0.0900322477734866 -0.0269783031657394 0.178810999930009 0.0393680623088104 -0.0189587367240281 0.0046120672171241 0.10510208405797 0.0873855004007161 0.123154304896866 0.243517752688459 0.0785577858213574 -9999 0.142868743384529 0.0207527503911456 -0.00380102837652803 0.237432956502044 0.0404118744579563 0.0728745806746668 -0.0423379529547527 -0.180721141786549 -0.12889678821334 -0.0787122027836868 -0.0825978003340914 -0.133923464279131 -0.202213362583712 -0.145655312928336 -0.114015201680031 -0.116983772774336 -0.0623577117482734 0.149748364609469
-9999 -9999 -9999 -9999 -9999 -9999 -9999 -9999 -9999 -9999 -9999 -9999 -0.0889431245148653 -0.0684964519038058 -0.0206457253312708 -0.0349284313444995 -0.0409410488685786 -0.0607629050936063 -0.022543874763345 -0.063006924144586 -0.0474540749512489 -0.084455029284776 0.0465651799868516 0.00376012792678218 0.0173931470432192 0.152084742890461 0.159079374363071 0.109973690279214 0.0396597176824936 0.200298985824975 -9999 0.0680101611458124 0.0799433737903043 -0.0164660001505863 0.00082573496483982 0.263024598738045 0.115639981286834 0.0996197394165557 -0.18836304348211 -0.152935341811328 -0.0972008958144056 -0.0415023321536883 -0.123602145434561 -0.148266184362955 -0.119496944819929 -0.107838280671308 -0.109672258367114 -9999 -9999
-9999 -9999 -9999 -9999 -9999 -9999 -9999 -9999 -9999 -9999 -9999 -9999 -0.160009044387998 -0.0972705115477064 -0.0884305256968875 -0.0881112606113059 -0.0858276458905607 -0.0966769490166928 -0.0769977772866216 -0.072296394677495 -0.130490618713128 -0.0422765025139298 0.0471214173462335 0.135709420116301 0.100649316311315 -9999 0.0966480971381849 0.0744646040808253 0.0465647751061473 -9999 -9999 -9999 -9999 -9999 -9999 0.148491007460653 0.0902242621199959 0.0975767126452837 -0.145601722441977 -0.0932907440300197 -0.0965244564557703 -0.138755177251481 -0.0600270673687421 -0.103207218661452 -0.170532848539025 -0.151441323689177 0.239495369390358 -0.088573210086301 0.121109025281756
-9999 -9999 -9999 -9999 -9999 -9999 -9999 -9999 -9999 -9999 -9999 -9999 -0.16288950969849 -0.154810572653997 -0.0693167868337305 -0.159188466679976 -0.0860934761333489 -0.122153815116008 -0.158116456218763 -0.110981615216949 -0.163369447595974 -0.07773327936663 0.00710806610216694 0.0973236913078358 0.160747237742306 0.152626496054619 0.146092556902963 0.0416741928922646 -9999 -9999 -9999 0.230190060856452 0.161915627705998 0.210226621374316 0.167030052198742 0.0321413607828859 0.0913389072703849 0.0768759417793854 -9999 -0.0387034338472867 -0.0107154538708477 -0.0715466245035072 0.0060035608417154 -0.151354124209795 -0.240739129650265 -0.166898617951027 -0.186962731880358 0.0343442279334632 -0.0899621882366917
-9999 -9999 -9999 -9999 -9999 -9999 -9999 -9999 -9999 -9999 -9999 -9999 -0.137895438576232 -0.186885569195912 -0.100687918232688 -0.145768809240584 -0.0499750922736278 -0.116367275590771 -0.136809294415757 -0.133716900349926 -0.0865922662560009 0.0055534409333814 0.0226406473845293 0.0569619610596528 0.186296232167765 0.234369062647188 0.0621458511987187 -0.0458216224441227 0.177302016599352 0.201744002509477 0.0395094835944584 0.0251685597010289 0.126030811795906 0.15737187537686 0.169789539945082 0.0999442445639913 -0.0403087731443692 0.0698031203121933 0.211032487232237 0.217853395987529 -0.00515368240158324 -0.0108639768710339 -9999 -0.0136750890764406 -0.0816944729108271 -0.219216705874454 -0.199003748634741 -0.138647732210266 0.12308172707941
-9999 -9999 -9999 -9999 -9999 -9999 -9999 -9999 -9999 -9999 -9999 -9999 -9999 -0.00406968861195931 -0.0475173093333649 -0.11432585035007 -0.168989829969229 -0.16085873870348 -0.110091586340974 -0.0838761752317387 -0.0820950057794868 -0.0236046964567427 -0.0788187215475018 0.176142446364934 -9999 0.246648541216384 0.243980006455182 0.0388439884072983 0.0988984771317247 0.213629578552155 0.112148085368365 0.0188817677297256 0.102795598862785 0.121737123926346 0.0733434698228105 0.00266178967033297 -0.0258444699443395 0.250818442703059 0.273346589086789 0.186778660427199 -0.0442149246085681 -0.0716501563596974 -9999 -0.000990306163157556 -0.0700496577903367 -0.169788120283927 -0.248155262737515 -0.205194156524109 -9999
-9999 -9999 -9999 -9999 -9999 -9999 -9999 -9999 -9999 -9999 -9999 -9999 -9999 -9999 0.0183367825975077 -0.0038137306805557 -0.103643931946704 -0.110833880707041 -0.134069144333196 -0.0615806396546411 -0.0932929929582655 -0.0262081424109677 -9999 0.19089326011653 -9999 -9999 -9999 -9999 0.144680081703567 0.184386034524365 0.101112326437412 0.0542822589942301 0.0846900591919686 0.201066730755246 0.0699040642245632 0.0775586580559242 0.0544504476581175 0.0405141122717462 0.234143778643268 0.180387088303972 -0.124979885563965 -0.114789761278481 -9999 -0.0507282435380216 -0.127333590124807 -0.055576914592079 -9999 -9999 0.037776557751672
-9999 -9999 -9999 -9999 -9999 -9999 -9999 -9999 -9999 -9999 -9999 -9999 -9999 -0.00285177052312606 0.0300195662574281 -0.174844750251508 -0.105522628850048 -0.0471409346347843 -0.0812847374493512 -0.11169356977393 -0.0391229464895337 0.0383702586827433 0.0528327935044298 0.181080017642993 0.219875319971226 -0.00523487681947631 -9999 -0.0267060003384007 0.0180214152309013 0.103065166891445 0.132960190251069 -0.0049937576310529 0.0503970125652239 0.185667748441376 0.0417516919424313 0.0972330939465357 0.0875951603289572 0.0729646742417851 0.0629399032869599 0.172421408932212 -0.134927363784894 -0.0630943727954414 -9999 -0.108336542071864 -0.125216717807032 -0.0567950747345837 0.0235209515798756 -0.115289815048375 0.0450636857574189
-9999 -9999 -9999 -9999 -9999 -9999 -9999 -9999 -9999 -9999 -9999 -9999 -9999 -9999 0.000821213939456492 -0.0787371069520802 -0.0886429987033608 0.0297135639357815 -0.00509925329668812 -0.0872924492667242 -0.170575664226444 -0.0398932124285027 0.0939696074413939 0.230007390374883 0.0448905600308812 0.0466500657189256 0.0704231855554638 -0.0265902019345555 0.0569831517723562 0.0867174073622348 0.0288263527323407 0.0481121497264577 0.0480953866815064 0.0367541457752817 -0.0241056810257111 0.0865261192021298 0.0694861641438715 0.0955993215111533 0.0704439072528566 0.127885697426613 0.102265218201194 -9999 -9999 -0.0375531419471912 -0.0440917624334118 -0.00536769929422035 -0.0513535439575578 -0.0808752444507205 0.0609490384825699
-9999 -9999 -9999 -9999 -9999 -9999 -9999 -9999 -9999 -9999 -9999 -9999 -9999 -9999 -0.0567136986106702 -9999 0.183597841947391 -0.0158980965237471 -0.0227116970782416 -0.0580483907006316 -0.0830757481528267 -0.0429601370088476 -0.0196753669508855 0.231993163466561 -9999 -9999 0.0505367592361838 0.0693693329063292 0.0253885130127443 0.0816636028844149 0.0345802088399931 0.0398906232633569 0.0171227208127224 0.0411499257807704 0.0109560257065735 0.134221003993803 0.103523246801554 0.022935042379579 0.11589920450992 0.18120296266247 0.193118315552342 -9999 -9999 -0.0653009104007086 -0.155599262378664 -0.0945697983025448 -0.0679321627313237 -0.0980700931125465 0.0144505018989379
