data/rasters/s5.05.07.cu.3_xyz_08_.asc
NCOLS 100 
NROWS 100 
XLLCORNER -4 
YLLCORNER -4 
CELLSIZE 0.08 
NODATA_value -9999 
[rows 22 to 43 of 100, columns 49 to 97 of 100]
-0.215164319277003 -0.114598709301798 0.00410073806892617 0.112118966053064 0.215833884869154 0.316348507363943 0.378978820634994 -9999 -9999 -9999 -9999 -9999 0.190587320849638 0.224341622608115 0.0911240311277733 0.192708955412169 0.199567700308887 -0.247710986998816 -0.319544422152741 -0.269487422314564 -0.24282553567732 -0.146962783547904 -0.0757978343787537 -0.0825685172667411 -0.0362329273031638 0.0346118044020091 0.130910717679882 0.299007052391243 -9999 -9999 -9999 -9999 -9999 -9999 -9999 -9999 -9999 -9999 -9999 -9999 -9999 -9999 -9999 -9999 -9999 -9999 -9999 -9999 -9999
-0.0647651935620282 -0.0790733390299875 0.161166280320582 0.16557488362045 0.239616932433587 0.310502859411318 0.404779053157741 -9999 -9999 -9999 -9999 -9999 -9999 0.0903486589396611 0.128342611451281 0.0402046485922466 0.0690397422501996 -0.246490873121837 -0.27797452379111 -0.313687392703309 -0.275723286171272 -0.206705675973725 -0.140834351616484 -0.11711473075892 -0.0210300038207307 0.174927334234448 0.24667596302941 0.260032346947621 -9999 -9999 -9999 -9999 -9999 -9999 -9999 -9999 -9999 -9999 -9999 -9999 -9999 -9999 -9999 -9999 -9999 -9999 -9999 -9999 -9999
-0.0470794423447712 -0.0521643882023502 -9999 0.185515721009146 0.254748606140586 0.343627411875416 -9999 -9999 -9999 -9999 -9999 -9999 -9999 -0.0357702412935135 -0.0404772676607585 -0.0538124213965398 -0.0760408762844227 -0.100930073303288 -0.218942773538421 -0.235385150610065 -0.269230732403325 -0.238875066768518 -0.125330906913331 -0.0296743401768061 0.0588604940965181 0.0906070250361914 0.0568050315369028 0.018858256154766 -9999 -9999 -9999 -9999 -9999 -9999 -9999 -9999 -9999 -9999 -9999 -9999 -9999 -9999 -9999 -9999 -9999 -9999 -9999 -9999 -9999
-0.124160105821151 -0.0201326355397867 -0.0158773444472808 0.252608396225707 0.235011761860407 -9999 -9999 0.42709265450983 -9999 -9999 -9999 -9999 -9999 -9999 -9999 -0.121055381826584 -0.102220488431718 -0.0681185366484838 -0.131636484150339 -0.125340773065684 -0.159449127378987 -0.228625042337773 -0.0658894252610788 0.0870972556790891 0.0103995767764169 0.018414152821082 -0.0119026784547187 0.051994948937128 -9999 -9999 0.196362935577833 0.170209515885074 -9999 -9999 -9999 -9999 -9999 -9999 -9999 -9999 -9999 -9999 -9999 -9999 -9999 -9999 -9999 -9999 -9999
0.0136058921502487 0.0148787731345854 0.00717098190831514 0.165851171986152 -9999 -9999 0.408436637084765 0.40771305310154 -9999 0.242790714396746 0.269843595168763 0.0593278588214726 0.19834999169833 -9999 -0.163791358599958 -0.167650734692869 -0.139676496863095 -9999 -0.167726980132796 -0.166972463952645 -0.144874042689537 -0.193961697534092 -0.155055043016948 0.00437332361528342 0.0389847840327634 -0.000931070287895477 -0.0299883210773747 0.0132625401546926 0.011529396917001 -0.209944641693332 -0.143674119712562 0.0199654978808193 -9999 -9999 -9999 -9999 -9999 -9999 -9999 -9999 -9999 -9999 -9999 -9999 -9999 -9999 -9999 -9999 -9999
0.0144525613159455 -9999 -9999 -9999 0.38911859422153 0.369748670189377 0.391030051074039 0.370358668781328 0.349938848499659 0.202008679460538 0.118516160854242 0.0769878583472995 0.117446953538823 -9999 -9999 -9999 -9999 -0.115766195632715 -0.120278910243897 -0.124723282264249 -0.147529879043135 -0.174491323646175 -0.155047569808725 -0.0467747052699702 0.0245618271273244 0.0209283086027108 -0.0942820556226907 -0.0252759598784957 -0.0145188273898331 -0.19785014294942 -0.137200476030505 -0.101552297508053 -9999 -9999 -9999 -9999 -9999 -9999 -9999 -9999 -9999 -9999 -9999 -9999 -9999 -9999 -9999 -9999 -9999
0.169610394398974 -9999 -0.0582585423757782 0.377732591438396 0.316949713845516 0.317092201880619 0.313353153094961 0.264889814932488 0.200893964715585 0.149603249206726 0.175369582758009 0.00941170398766666 -0.040513590369451 -0.0225947387579593 -9999 -0.0553655750475106 -0.084877314602943 -0.115849791290655 -9999 -0.13156492277572 -0.13733739764969 -0.161902383746683 -0.158507184278281 0.0746382147856803 0.156572933415513 0.0100174056101647 -0.032570462725619 0.0288877344921721 -0.0853926108158512 -0.0932645287024251 -0.184243628747232 -9999 -9999 -9999 -9999 -9999 -9999 -9999 -9999 -9999 -9999 -9999 -9999 -9999 -9999 -9999 -9999 -9999 -9999
0.164116613461913 -9999 -0.115744188772853 0.0901037853971267 0.134827044068964 0.210673399107029 0.152296751106204 0.141592522750313 0.107114341743893 0.184935137522664 0.0833019916302294 -0.0135564221416141 -0.0750000387464434 -0.0761800725225503 0.102887218894814 0.0516030428820669 -0.0346401819655235 -0.202335163775965 -9999 -0.0614179377627644 -0.0428405196428687 -0.0573710825473187 0.0541894784089817 0.211055911927132 0.179697245606723 0.100370721503697 -0.00250790421361904 -0.10530381487648 -0.217233023271818 -0.169915397771804 -0.198064678091124 0.194455005362522 0.0957582135739542 0.0668099446788974 -9999 -9999 -9999 -9999 -9999 -9999 -9999 -9999 -9999 -9999 -9999 -9999 -9999 -9999 -9999
0.259176894827346 -9999 -0.141187277238785 0.00910610023016059 0.012649722330847 0.111706142966798 0.0532111380510332 -0.00212197910100646 0.0902303670013951 0.132516475710617 0.0919147010843313 0.0721033756329651 -9999 -0.0974099422941368 -0.019777079629753 0.0500265379787209 -0.196301351748999 -0.239085547717357 -0.245329458601392 -0.0233937099796557 -0.0278743381380173 0.00691105463108566 0.0799346378607014 0.184896186475977 0.155747043078425 -9999 0.00762710477951699 -0.0829444347187906 -0.232144173054976 -0.246648551947286 -0.170044368196883 -0.122612091173407 0.00559549447902277 0.0151121368529072 0.0539928130828436 -9999 -9999 -9999 -9999 -9999 -9999 -9999 -9999 -9999 -9999 -9999 -9999 -9999 -9999
-0.138388710081073 -0.0223957194485132 -0.137296461938734 -0.192728535529006 0.00194001676758234 -0.160385045456248 -0.03052040806384 -0.0264849495208355 0.0562575294924092 0.0772322246333758 0.0807054636345449 -0.0116808075953253 -9999 -0.122894310891582 -0.129716057793332 -0.149498053067042 -0.173284743511907 -0.18224094005286 -0.097927526950621 -0.0501906724974941 -0.0163985227572555 0.0438743706944886 0.11062652342062 0.159894218185723 0.104455618561054 0.0503638797857805 0.0150580920215008 -0.0903016194103887 -0.161410798970705 -0.186978936182676 -0.160525482410999 -0.119317832382813 -0.0688039254627887 0.0120483253401528 0.0229038529316436 -9999 -9999 -9999 -9999 -9999 -9999 -9999 -9999 -9999 -9999 -9999 -9999 -9999 -9999
-0.0982024074176492 -0.147126903980023 -0.154635376216908 -0.306168588621133 -0.125387796348679 -0.246332222009323 -0.381355765181461 -0.0598276341534184 -0.0176215603346984 -0.0155581379622754 0.0241485569094687 0.0384671064909597 -9999 -0.152232181757545 -0.240432586952538 -0.179044229521919 -0.276335722695078 -0.274147631489438 -0.167216370206097 -9999 0.180963903963175 -9999 -9999 -9999 0.0725259387737463 0.0734193442420718 0.0483044247793875 -0.108780356534512 -0.125680211520656 -0.120314693769599 -0.157312118717208 -0.101911194383232 -0.00114437867152016 0.0289754334078177 0.0554509333091485 0.0982344744653267 -9999 -9999 -9999 -9999 -9999 -9999 -9999 -9999 -9999 -9999 -9999 -9999 -9999
-0.247239393687947 -0.272732954569731 -0.287471086426993 -9999 -0.423815606798168 -0.446423505159027 -0.432314400673935 -0.321368673095226 -0.096325118185926 -0.0773206611129098 0.0519973174431715 0.0718042748276905 -0.165080201196181 -0.151562692746349 -0.2731471793514 -0.287104977838843 -0.253318314110028 -0.275103398488972 -0.148567209347197 -0.0447636868547742 0.0416822195645177 0.246149049382809 0.217420798902672 -9999 0.15764673067793 0.0391481574124192 -0.0012327277981373 -0.0717745818584796 -0.0684825460389934 -0.0636090867835128 -0.097575052850035 -0.0763986346257959 0.03252529108477 0.157482776364148 0.505395529190932 0.449611517318241 -9999 -9999 -9999 -9999 -9999 -9999 -9999 -9999 -9999 -9999 -9999 -9999 -9999
-0.229703048330126 -0.349892887957681 -0.303071838549538 -9999 -0.450569375769716 -0.491193558798062 -0.498610157597165 -0.411381998583629 -0.100331832777277 -0.0975028953035804 -0.123925814620663 -9999 -0.0581784065190299 -0.0502151468776162 -0.153363524596416 -0.0939255620748371 -0.165243831989928 -0.145708888780645 -0.0312591960454978 0.0619505944472638 0.0655527348463064 0.149200614336197 0.244716219737656 0.496951357481468 -0.00562771371052002 -0.00737769652903168 0.0113705526793618 0.00464082245716347 0.218580066012193 0.123556722473033 0.237654876134907 0.127655577636995 0.181857468705785 -9999 0.504396761449625 0.526307977159131 0.439694426605517 -9999 -9999 -9999 -9999 -9999 -9999 -9999 -9999 -9999 -9999 -9999 -9999
-0.0687480442962857 -0.36746073550065 -0.353017886313153 -0.405249042388477 -0.423229793845827 -0.447268730740067 -0.429573965286187 -0.34252884918718 -0.269657477893961 -9999 -9999 -0.122284357840237 -0.0901660715970582 0.0104581244222709 -0.112747337862458 -0.200911053948043 -0.169231016132448 0.018004348921557 0.00819180299340235 0.138826606555588 0.141148402137529 0.0660832275940174 0.178036195629906 0.420342191838534 0.0581466879563375 0.0579720275028004 0.0286577662208085 0.221046496521635 0.281916263411183 0.256583014967717 0.100234151535385 0.0146749514778326 0.0459468343567681 0.807386662840813 0.796610772755229 0.643609436770337 0.535275827840784 -9999 -9999 -9999 -9999 -9999 -9999 -9999 -9999 -9999 -9999 -9999 -9999
-0.205421377675748 -0.337824879508498 -0.288555637740498 -0.364684474258848 -0.0316449622471278 -0.384712917863928 -0.411095834254098 -0.392927409217061 -0.206152373276609 -0.18636710494228 -9999 -0.239141012797591 0.00188982667372015 0.00419992317373626 -0.12981415169419 -0.122430690508795 -0.136058462057518 -0.129602813827181 -0.0198831374648172 0.217623719870784 0.317086048871218 0.316801461475898 0.342365524499153 0.385350618805714 0.395736364960432 0.412551113392374 0.403605863490997 -9999 0.242030270580775 0.286626869596096 0.258129937354979 -0.0442526872379986 -9999 -9999 0.75974374859241 0.626230301341416 0.515370456901503 0.516312884810377 -9999 -9999 -9999 -9999 -9999 -9999 -9999 -9999 -9999 -9999 -9999
-0.204529140029035 -9999 -0.436589199374215 -0.371336485910609 -0.361674047515101 -0.39668570498589 -0.447394748100249 -0.458361359914478 -0.32661480105644 -0.347362389370791 -0.279464831389027 -9999 -9999 -9999 -0.073227154356039 -0.0155918123245685 -0.00490991324888015 -0.0114230419979966 -0.00379871013304333 0.234775043700541 0.331980872971275 0.280487461858971 -9999 -9999 0.399328228872849 0.374125745655808 0.388345897368698 -9999 -9999 -9999 -9999 -9999 -9999 0.605567555438893 -9999 0.497078334644555 0.553202434628003 0.463225032512261 -9999 -9999 -9999 -9999 -9999 -9999 -9999 -9999 -9999 -9999 -9999
-0.32162040390723 -9999 -0.370989264304352 -0.327173250786262 -0.388601847264918 -0.413405433067299 -0.371344513560494 -0.347282173566547 -0.376913672038674 -0.298416801662032 -0.244908414882987 -9999 -9999 -0.0804870281082876 0.00942823297936774 0.0584214888888569 0.128544724709826 0.0166161192736468 0.104035195207929 0.134832885829862 0.199299306626738 -9999 -9999 0.410096852825343 -9999 -9999 0.471710011816596 0.444522540998802 0.497455875883703 0.403353548014615 0.44958612440988 0.484039819845016 0.711475396352026 0.558552464686479 0.644253332273033 0.482106708692508 0.582557370588694 0.464859098907766 -9999 -9999 -9999 -9999 -9999 -9999 -9999 -9999 -9999 -9999 -9999
-0.301236128264072 -9999 -0.32085864956686 -0.209581041975091 -0.340474502896056 -0.382852877327788 -0.329749848137217 -0.291038310556011 -0.333006462185548 -0.242716744143942 -0.283695844812699 -9999 -9999 -0.0684241339361874 0.00218870038950623 0.143604499740997 0.168821571474159 0.154058408643778 0.107220442169299 0.0707183955906189 0.143240160441838 0.272589157830658 0.435287071821859 0.438533874663405 0.352578188892973 0.330347839181008 0.418451765406781 0.371076872659437 0.349607333199105 0.398246074336611 0.406590637834892 0.455315941347222 0.541269504486552 0.564973535889311 0.593497251928274 0.531444243087726 0.448317734704088 0.454505569813187 0.423972565569165 -9999 -9999 -9999 -9999 -9999 -9999 -9999 -9999 -9999 -9999
-0.272173371416393 -0.272743773316883 -0.273001495360914 -0.254175151253812 -0.333782198329663 -0.366424883823529 -0.309565175159253 -0.294102365670951 -0.33999118266414 -0.339088276473752 -0.329857266866614 -9999 -9999 -9999 0.21513836206502 0.241285041495689 0.170326816344668 -0.0288490178006357 -9999 0.0468997896181182 0.0198547790723083 0.246465864838654 0.256112582682195 0.423858676988755 0.277808611577207 0.306708793470868 0.280247550093237 0.340019915010543 0.30688740973892 0.329233960543965 0.330131101181729 0.340179567876226 0.379022914860065 0.556867551932011 0.522132266338292 0.516556974098768 0.422009705153035 0.409083254835466 0.414219333945532 -9999 -9999 -9999 -9999 -9999 -9999 -9999 -9999 -9999 -9999
-0.217821737590643 -0.248609178179895 -0.276441710401416 -0.184947089146781 -0.250083152127943 -0.27303423902346 -0.280285747359054 -0.376334129882769 -0.330192096139216 -0.377424025806145 -0.345279273725448 -0.327479580055834 -9999 -9999 0.220324792134058 0.200275899639471 -0.0224808203136841 -0.179596487843245 -0.117242653680283 -0.138109079468636 0.100713857799705 0.0897601714345436 0.207270111517631 0.0645407221171546 0.157175173774051 0.190866762493309 0.225233116889684 0.250079871383257 0.241504647467555 0.266265595542158 0.281006020918174 0.238396605090827 0.366698833722178 0.463905681574693 0.519546664245752 0.421570256187506 0.46026102136939 0.414689633543383 0.507624995910934 -9999 -9999 -9999 -9999 -9999 -9999 -9999 -9999 -9999 -9999
-0.179459839281669 -0.182131562606945 -0.215214288526316 -0.119916467566486 -0.0932434275930419 -0.140207942290332 -0.275923683442475 -0.389550569809838 -0.442371426099356 -0.328735866026986 -0.360392518082276 -0.331387312262149 -0.323869557485047 -9999 0.0964766241162911 -0.141959158666189 -0.0963563381100668 -0.160512413990382 -0.157877249657736 -0.149824916835424 -0.143907388521562 -0.0845433911578733 -9999 0.0648392304551713 0.127701496863351 0.0801258074021597 0.294080086411569 0.170543459592626 0.192612750244344 0.242433320700094 0.226894754133521 0.225689782389392 0.314409376359579 0.349411287946887 0.465666875882386 0.470610492565129 0.516259582898105 0.42706096222133 0.420243849774809 -9999 -9999 -9999 -9999 -9999 -9999 -9999 -9999 -9999 -9999
-0.0971455413764576 -0.157154973089583 -0.111213351212012 -0.11878811964982 -0.0517838585084881 -0.0759360144379359 -0.277548209548868 -0.262881233695111 -0.440667821962674 -0.387398949397318 -0.394544187423121 -0.330927829107073 -0.255892292490336 -9999 0.232615412649049 -0.114919513545872 -0.0707313195515636 -0.142239421820381 -0.199473524660649 -0.146751148339753 -0.180878704348276 -0.159268637137272 -0.0284278637638279 -0.00149646094074086 0.00549318478127628 0.0631270040838547 0.118506854143426 0.140116813950541 0.13575424590165 0.141184709435458 0.0614541637149148 0.105632083525286 0.175693172034987 0.359380987838166 0.344963180310559 0.391343697040425 0.543339219471281 0.43678112811669 0.331493805117786 0.288427939429175 -9999 -9999 -9999 -9999 -9999 -9999 -9999 -9999 -9999
