data/rasters/s5.05.07.cu.1_xyz_08_.asc
NCOLS 100 
NROWS 100 
XLLCORNER -4 
YLLCORNER -4 
CELLSIZE 0.08 
NODATA_value -9999 
[rows 21 to 41 of 100, columns 48 to 95 of 100]
-0.159974838877347 -0.12077166978624 -0.143563498408733 -0.0844712710191126 -0.0488425956964804 0.0197084953382362 -0.0111008766281929 -0.00328718968129183 0.0471907243045002 0.0325715609098445 -0.157953788485443 -0.163090109752951 -0.196509558249742 -0.19384828258651 -0.18140861123023 -0.147641223564699 -0.131066728104126 -0.111162232015598 -0.110368287127091 -0.160242759610492 -0.233606131930191 -0.211915251285447 -0.150745606857422 -0.198438511807713 -0.204549069664416 -0.0772914424077092 0.00750407007792602 0.0691294294205089 -9999 -9999 -9999 -9999 -9999 -9999 -9999 -9999 -9999 -9999 -9999 -9999 -9999 -9999 -9999 -9999 -9999 -9999 -9999 -9999
-0.075015292134741 -0.0419927994437313 -0.086995526905451 -0.0129181018030685 -0.0502224823061074 -0.0146551949547048 -0.0198270436478625 -0.0315814374174959 -0.156923755664436 -0.161002242076431 -0.1179689511255 -0.127302905539531 -0.17748365731877 -0.133437073832003 -0.136399593630337 -0.117943711231343 -0.113818321020689 -0.0776006944447881 -0.0540231247985483 -0.113106796328264 -0.19190341472217 -0.086980670601511 -0.133103040178972 -0.167995517235703 -0.180667906953879 -0.118162299577607 0.0130755909527149 0.06256664138845 -9999 -9999 -9999 -9999 -9999 -9999 -9999 -9999 -9999 -9999 -9999 -9999 -9999 -9999 -9999 -9999 -9999 -9999 -9999 -9999
-0.0283076963720112 -0.0203631154270981 -0.0119511034043126 -0.0877147913303606 -0.0490721423930613 -0.0346109731074766 -0.0548514018839696 -0.0213569572714668 -0.105699670085185 -0.126199439873721 -0.132816551043044 -0.0384839767108144 -0.0599173971328733 -0.023501001013305 -0.0698034384093571 -0.0600582060923432 -0.0638368471334729 -0.124807059436048 -0.0678055600271063 -0.0520867959731911 -0.0740001592313451 -0.0552194323327341 -0.01979185261568 -0.110968093023999 -0.179898306547912 -0.175229603588146 -0.0177386375497865 0.0543829226274296 0.130590032530327 -0.0954951073988315 -0.100496811912759 -9999 -9999 -9999 -9999 -9999 -9999 -9999 -9999 -9999 -9999 -9999 -9999 -9999 -9999 -9999 -9999 -9999
-0.0493699049713117 0.102412331518136 0.207021041147923 -0.0901422497511794 -0.11583406973358 -0.0459052033546874 0.0531321233736832 -0.0433159407524795 -0.0719748778045318 -0.0844205206195112 -0.0548218834295559 -0.0701109909180336 0.010202614417172 0.127092921392057 0.00740172311564401 -0.038597887686084 -0.0385002023619817 -0.0475061352411151 -0.043974635733615 -0.0511510656282083 -0.0519911381412472 -0.0436776928114156 -0.0847437278067352 -0.163838791029798 -0.138714867622135 -0.0588067504059097 -0.0555448059769864 0.0140417294823402 -0.0950433995527742 -0.0643502645286348 -0.111273136512106 -0.0198321636488703 -9999 -9999 -9999 -9999 -9999 -9999 -9999 -9999 -9999 -9999 -9999 -9999 -9999 -9999 -9999 -9999
-0.00861877048961335 0.0359460243306948 -0.0811847775663515 0.0966699213367763 -0.0135016877020732 0.0726424414221164 0.0817881933749046 0.0268280002543716 -0.0667006268033801 -0.0187003786945151 0.0217873802973168 0.0700358537626657 0.11589068580611 0.0874624171172852 0.0373192333076255 0.0357963513628637 0.0856159368600254 -0.0189921386554602 -0.0424939793684018 -0.040680953460292 0.000199540688890091 -0.0217898095355908 -0.0484657141455418 -0.0827169960919054 -0.079991687165441 -0.0943840714282482 -0.026705952243862 -0.0167484757058431 -0.109805642301374 -0.080011612191085 -0.0514714347889993 -0.00792540370622278 -9999 -9999 -9999 -9999 -9999 -9999 -9999 -9999 -9999 -9999 -9999 -9999 -9999 -9999 -9999 -9999
-0.000906652065410829 -0.0175582597992097 -0.0783950894284738 -0.0971917943044588 0.204980795066018 0.206761785506349 0.0722565278794315 0.0366195605097545 -0.0176219173778127 0.0266960869950936 0.0411885146639483 0.0896282092130837 0.0935234254965563 0.209944498806382 0.257635670532624 0.0306530798330045 0.0673367651212733 0.0466468219314841 0.0591214978715883 0.00548802730107309 0.00636389418217921 0.0405471592056246 -0.0222909412504002 -0.0231275035271364 -0.0206955243360267 -0.0568097613317585 -0.0153692362752681 0.0420676930958962 0.0182783398616848 -0.022668743037745 -0.0741448235007967 -0.0320952873608287 0.041624023708794 -9999 -9999 -9999 -9999 -9999 -9999 -9999 -9999 -9999 -9999 -9999 -9999 -9999 -9999 -9999
0.000449092936857795 0.0406493913931303 0.0179335940478569 0.034695874824624 0.198846103591696 0.212350117622809 0.157327149923538 0.0653463228465661 -0.00686230095436203 0.0423191209533332 0.0378540984181943 0.0777263465634562 0.0625518036474588 0.155236556937818 0.250316350369907 0.200165466370178 0.186491711835759 0.225101133165561 -9999 0.0251958816707618 0.063565033656693 0.0708025375635857 0.0558114883731062 -0.0333502398850303 -0.0123504924060625 -0.0706016919446376 0.0630337876623266 0.0472965749336883 0.03957150402653 0.00196351035265793 -0.0587670670967472 -0.0532743776899374 0.00951452483385029 -9999 -9999 -9999 -9999 -9999 -9999 -9999 -9999 -9999 -9999 -9999 -9999 -9999 -9999 -9999
0.00572541332692861 0.0437659995185673 0.0784716579245075 0.212700703421032 0.213015762279605 0.206404518034451 0.135338175989256 0.0506131634742339 -0.00452159845855606 0.0238453013516315 0.00177085383420345 0.057754674922056 0.0841123405325751 0.136510786812392 0.181548229247209 0.198835859674941 0.238905225658239 0.23235084821891 0.231547845708091 0.254665263345796 0.435001353260492 0.0684880622534825 -0.000103591882294836 -0.022905446769028 -0.00823026545297099 -0.0029870781346713 0.0926573202841805 0.0996838899602343 0.052989169339556 -0.0171414942080225 -0.0703305258661214 -0.0681780640110735 -0.0672335593303684 -9999 -9999 -9999 -9999 -9999 -9999 -9999 -9999 -9999 -9999 -9999 -9999 -9999 -9999 -9999
0.00119963080996756 0.0689892821074364 0.144799203322014 0.258097022813051 0.286453847002892 0.223583536174454 0.188984784187254 0.0571003957027401 0.0269981118125834 0.0398637507990698 0.0797344060040714 0.101968738909505 0.101170367651435 0.0915437724982743 0.111066482974315 0.183048369780647 0.249365048858379 0.284975435299849 0.162477514276197 0.112568384095929 0.0724962095936281 0.0692164219427506 -0.0428351169752526 -0.0258511305187475 -0.013662647410198 -0.0126461793292745 0.0340158374039708 0.099707124507948 0.0105856585957558 -0.0352604943584159 -0.0846196163581649 -0.0951565700636176 -0.0530508871877285 -9999 -9999 -9999 -9999 -9999 -9999 -9999 -9999 -9999 -9999 -9999 -9999 -9999 -9999 -9999
0.0548110519819653 0.217884393425439 0.223350216665838 0.240842940829688 0.183412693848441 0.189858736731918 0.215267696642935 0.101674646958671 0.0931219856561122 0.102137107857432 0.087809387258149 0.0844036391180719 0.0576423936521939 0.0408898998264857 0.121405616826177 0.169553598552966 0.233518408733126 0.315006478075529 0.132788092234108 0.109209741686155 -0.0208421189283331 -0.0581836185848909 -0.081667353980244 -0.0476483877829875 -0.0248897339156265 0.0400894837319483 -0.00966737699313104 0.10226164683673 0.117053088584797 0.0549928383823034 -0.0656004994437161 -0.0454806335155679 -0.0577159887693512 -0.0685325164318067 -0.083410184554189 -0.0974068355404739 -9999 -9999 -9999 -9999 -9999 -9999 -9999 -9999 -9999 -9999 -9999 -9999
-0.0161900959946918 0.221516239739565 0.23919225583096 0.163311765221295 0.159301183204597 0.185048756533033 0.161289096477256 0.117638326125556 0.106097942856246 0.114729953928127 0.0938679705139741 0.015500527601887 0.187207021189654 0.179655740297322 0.134768856398166 0.184733128820274 0.235554285344688 0.230321687135369 0.104531639892688 0.0202633707746485 -0.0329832925628561 -0.0745756242121243 -0.111757214997885 -0.114445924008325 -0.0692244015548566 0.0611319566620048 -0.0235921980809845 0.00798535864957313 0.106423616683013 0.0192610607536504 -0.0681078563979864 -0.0890868255142621 -0.139756575556945 -0.11723968863946 -0.0796240453807538 -0.100037420618875 -0.057235389860262 -9999 -9999 -9999 -9999 -9999 -9999 -9999 -9999 -9999 -9999 -9999
0.236969830530265 0.298057177690362 0.234944563155785 0.133147588928394 0.160152493533598 0.193928230823345 0.209443110178641 0.13630970958611 0.137948545903624 0.0735239670278956 0.0703046415749248 0.0547690343095502 0.0391600272339115 0.139047267299687 0.190334064612367 0.189714246072463 0.164449656620719 0.15040537166424 0.0402716720483249 0.0413325200768964 -0.0478940077884097 -0.0551938092611263 -0.133079804249294 -0.106758897913177 -0.0871863710632194 -0.0617031840733128 -0.0824713085804754 0.0199756588856707 0.0703168510763555 -0.1071189226674 -0.150170472207654 -0.182349077102176 -0.145020322376237 -0.0903765771969183 -0.137910215099666 -0.0625285913772703 -0.0165572223415732 -9999 -9999 -9999 -9999 -9999 -9999 -9999 -9999 -9999 -9999 -9999
0.301094425780927 0.261633262599769 0.227990247437705 0.157435384217603 0.168981559431862 0.161036486123109 0.219818577968665 0.128649040777522 0.108655222225618 0.0573523856408907 0.00999157118121539 -0.00805467502515213 -0.00110876274346218 -0.00126203434062961 0.170320709761002 0.170495396012377 0.149968549807641 0.110850226098582 0.0195440487369642 0.034610579886067 -0.0390094151363364 -0.122400027727453 -0.0878725680698662 -0.0641647703524442 -0.0541209255463909 -0.0307113837063619 -0.0886849687393714 -0.0311963567693761 0.0280666541826221 -0.107167939737386 -0.145250882479261 -0.125816082051784 -0.164870551087572 -0.174423307678529 -0.130537619029068 -0.0659658906871857 -9999 -9999 -9999 -9999 -9999 -9999 -9999 -9999 -9999 -9999 -9999 -9999
0.1785073060105 0.204090350571024 0.153682617522555 0.167885322338038 0.118648965437257 0.104437469912751 0.134468070741653 0.177233081420845 0.142867602404771 0.0624291531085819 -0.0207592779975747 -0.0116693004892996 0.101596318923199 0.00766372961581262 0.0809236389610207 0.145060711096457 0.0637253711297729 0.0487592303525549 0.00601929384119073 0.00824461153120467 -0.0776731528891505 -0.162230428237407 -0.0664123384101216 -0.0520019097996475 -0.0422157932853129 -0.0657298054650435 -0.13229891345314 -0.0983354645570395 -0.0412282331811558 -0.109210502512446 -0.149327043008365 -0.207957471243927 -0.185578377256326 -0.185370478725936 -0.185663724249549 -0.158472468091801 -9999 -0.0412868912641212 -9999 -9999 -9999 -9999 -9999 -9999 -9999 -9999 -9999 -9999
0.203428679111782 0.194138073454443 0.125073700124511 0.099819979471055 0.0702940231764432 0.0356359156793723 0.130046233013123 0.0241524467793732 0.0733158347546912 0.0945569062639289 0.0395342428249485 -0.0127822419048131 0.0658015742689192 0.0758114561104369 -9999 -9999 0.0752530072060433 -0.0129051501793 -0.0279304825815683 -0.0187425129656268 -0.15093181300784 -0.123834151383807 -0.0792313056728639 -0.0560822328424046 -0.0477634378409461 -0.0868229955710886 -0.119008664576436 -0.0692056331830731 -0.131211164535937 -0.132210701575547 -0.159362643572125 -0.222825257383773 -0.21255969008327 -0.170977652145509 -0.184471060862014 -0.176238841909135 -0.101468001929521 -0.17796516716158 -9999 -9999 -9999 -9999 -9999 -9999 -9999 -9999 -9999 -9999
0.137209497577956 0.194095923938151 0.112176216778197 0.0288452002043109 -0.000490676932606226 -0.0729644807541773 -0.0672213445885704 -0.0290693473877718 -0.0115362872472169 -0.0558513329988205 -0.0323179369126327 0.00652861181772234 0.0172173498038365 0.0884823834680415 0.134886771336797 0.0707132765297943 0.00476101116724915 -0.0114330473372193 -0.0239962582139098 0.0562362031867217 -0.0256455432296525 -0.107703129247385 -0.0533357214012158 -0.0197401925010406 -0.0599812669718517 -0.103257717441467 -0.0933498810458776 -0.0871446263515574 -0.169339391211293 -0.157991504607205 -0.170823563071924 -0.213646184865863 -0.206976009060725 -0.20738626343285 -0.17976238747183 -0.208252731077459 -0.152657129661638 -0.13095495075844 -0.147569085431508 -9999 -9999 -9999 -9999 -9999 -9999 -9999 -9999 -9999
0.163540685581869 0.147043104965336 0.131715482024822 0.0220592940283514 -0.0736710318229134 -0.102967831095749 -0.0885905170122193 -0.0535099996943225 0.000709954715649915 -0.0201418633172411 -0.0275989392574865 -0.00836944898566928 0.010956462999973 0.0330814154310006 0.0508609777994417 0.046197792829102 0.072050584477563 0.0786712778503978 0.0140086456443389 0.0277177190745199 0.0413954184019045 -0.00304506096083157 0.00924292225405823 -0.00396226715876612 -0.0472900539002224 -0.0925147106658674 -0.0748758080203755 -0.113743283966246 -0.14068753185336 -0.127824818139195 -0.160670313230531 -0.185373437431487 -0.210755099451299 -0.181253642979041 -0.178711312137152 -0.259483116908442 -0.258642758552425 -0.202625950900684 -0.199707224008053 -9999 -9999 -9999 -9999 -9999 -9999 -9999 -9999 -9999
0.163514180693399 0.147798511970134 0.129243603307023 -0.0481356875756908 -0.0972992832841387 -0.117585384377071 -0.086931314381853 -0.0413011724696927 0.00373591787174638 0.0118596244105181 0.00209771102696459 0.0233617195620572 0.00877429278963379 0.0283662103690844 0.0457084391169605 0.097782791073283 0.102553453194161 0.139528298893957 0.078018032042811 0.0426181200167912 0.119180577889755 0.139655401007928 0.0343938142435274 -0.031838882422545 -0.0378365503929928 -0.0447984525214482 -0.0364670572738327 -0.0782133052615449 -0.100504197236616 -0.0780632840513995 -0.132300357508656 -0.158209739954077 -0.189807535947458 -0.205817252462342 -0.284534671221862 -0.3158952769716 -0.274310063959775 -0.260473922396671 -0.215418142242494 -9999 -9999 -9999 -9999 -9999 -9999 -9999 -9999 -9999
0.199233974045547 0.105286236938085 0.00191790049278045 -0.0466212597311657 -0.0899278629338497 -0.0685751170519447 -0.0469718215487575 -2.4331367539979e-05 0.0440647705135231 0.0501847691828838 0.082629839706366 0.0707316835599473 0.0343161726188128 0.005876148708988 0.0570453044846893 0.120430913195818 0.0844414506221123 0.0902189783510763 0.0632167246202469 0.0843626662926779 0.111624061393964 0.1244404095213 0.0519423848858963 -0.0095552697705444 -0.00753589284237474 0.00464524895193185 0.0287134474827399 -0.0758273350792482 -0.129903220339524 -0.12079770876515 -0.151051858972432 -0.125497236798462 -0.160894223109449 -0.146159934514594 -0.238076947252751 -0.301038688706047 -0.254876655326404 -0.259647941961835 -0.184295737304567 -0.159883854543304 -9999 -9999 -9999 -9999 -9999 -9999 -9999 -9999
-9999 0.0310777162968297 -0.0476378129327337 -0.088246894188339 -0.0875129151685729 0.00218857204399825 -0.0138288791832705 0.0124422509271774 0.012689093835419 0.0197070385296693 0.0321780073321184 0.0286961947498747 0.000257003841082986 0.00960147935356733 0.0583437346217016 0.134289320128523 0.103443924383946 0.145256158374149 0.0595324385728863 0.133895947735978 0.124613278394709 0.156352838109962 0.080385489762554 0.0568960180478489 0.0113541903928552 0.0500345795040809 0.0783747611476777 -0.0467770790426251 -0.0709544416663022 -0.113187598712383 -0.0369827168155207 -0.131212050864569 -0.218278856679465 -0.209064072294702 -0.231947963009841 -0.239209242563463 -0.251070956758953 -0.204219353347161 -0.180863522870603 -0.163754655687047 -9999 -9999 -9999 -9999 -9999 -9999 -9999 -9999
0.0319840054174475 0.0292170399962508 -0.0697292549666725 -0.0502530527350738 -0.130235583983687 -0.00614214601605859 -0.0317887436494707 -0.0643553493630138 -0.0368805007955839 0.0193638027508301 0.0487751498276902 0.0736216160135045 0.0200546560020788 0.00807423720665587 0.0991672258111447 0.0826038626381823 0.0204287116400741 0.0917872566984113 0.126007766654438 0.113942152849368 0.118144668663346 0.141716545257127 0.120004634432799 0.0961804834917137 0.050346159296287 0.0650120455380342 0.0492082534082789 0.0769685896714535 0.00346591126861086 0.00244289054535834 0.0291587199951286 0.0528320037175607 -0.0682080561155213 -0.138851021373618 -0.173278789250731 -0.225721131985733 -9999 -0.150964810174682 -0.136522388989281 -0.12060038926891 -9999 -9999 -9999 -9999 -9999 -9999 -9999 -9999
