data/rasters/s5.05.07.cu.2_xyz_08_.asc
NCOLS 100 
NROWS 100 
XLLCORNER -4 
YLLCORNER -4 
CELLSIZE 0.08 
NODATA_value -9999 
[rows 44 to 65 of 100, columns 0 to 48 of 100]
-9999 -9999 -9999 -9999 -9999 -9999 -9999 -9999 -9999 -9999 -9999 0.0567491343851622 0.0751967649728679 -0.00694283634272089 -0.0794048630513507 -0.189052970226728 -0.363809392405393 -0.485930884658464 -0.472146967438751 -0.453699324416852 -0.499429939725296 -0.438822148285534 -0.293167577736641 -0.245315304627774 -0.207072499882036 -0.149337733645435 -0.103126723969794 -0.0362528813665729 -0.0760986848383159 0.117966717553822 0.00459236596364905 -0.135460825104645 0.261686978742245 0.195268561689467 -9999 -9999 -9999 -9999 0.219288178982819 0.184507955185601 0.0399859481667591 0.0334165259580556 -0.113504409121724 -0.127504670897753 -0.203592518605373 0.00559341449940576 -0.267446717884243 -0.282415354811722 -0.316988649871806
-9999 -9999 -9999 -9999 -9999 -9999 -9999 -9999 -9999 -9999 -9999 -0.0104881162591945 -0.0103372671897994 -0.069056389969399 -0.099953252174024 -0.0817137650212215 -0.33755763962345 -0.484944533240018 -0.529151776087298 -0.456923649114623 -0.440720037221386 -0.384125640373626 -0.324872866974382 -0.304823911460681 -0.248981296069084 -0.204893921912791 -0.151355202697898 -0.117186788030327 -0.176086816176548 -0.0518492193395491 -0.0465004784056767 -0.0553236025240905 -0.0865532653539988 0.726682448497225 0.711561963010547 -9999 -9999 0.412407696836733 0.38858772939575 0.114062270507422 -0.0468591147923478 -0.106252607959766 -0.120631784231632 -0.133785637334674 -0.153220635826024 -9999 -9999 -0.289070157577314 -0.265726476375361
-9999 -9999 -9999 -9999 -9999 -9999 -9999 -9999 -9999 -9999 -9999 -0.0837341335254355 -0.108672802606066 -0.106533686492063 -0.182477119193485 -0.226406030625384 -0.312664307217111 -0.431177966082712 -0.492035425649809 -0.513430644095451 -0.461591704178869 -0.331360168483975 -0.261606072405675 -0.227409703164363 -0.184083555278692 -0.185793502303805 -0.21092155466779 -0.163378300666481 -0.266617032386953 -0.244887761329989 -0.121130184558169 0.111987895980719 -0.0335836464325733 0.679402341058157 0.672874734084936 -9999 -9999 0.395264446131373 0.294084450096544 0.157257072118858 -0.0727993718848661 -0.118926709966772 -0.166973133062968 -0.0387877515378581 0.0300516518288286 0.0212263135717522 0.204622791455112 -0.00539736585533418 -0.188792469233508
-9999 -9999 -9999 -9999 -9999 -9999 -9999 -9999 -9999 -9999 -9999 -0.131132024111915 -0.164937793987684 -0.135210351965574 -0.1728255948315 -0.215357139781827 -0.254431066824807 -0.322803207081312 -0.350989521287636 -0.433528981889296 -0.195959729996848 -0.176969719403905 -0.169719495121347 -0.209661051313174 -0.085121809925117 -0.172278372586928 -0.262050260657941 -0.327094170231876 -0.312436595891843 -0.306658652170875 -0.135249062492007 -0.124770842129199 0.201607600958459 0.491495486417821 0.593319667722072 -9999 0.377554210799081 0.283254871174729 0.170938100294898 0.0202967519928645 -0.107657681659372 -0.202963402249085 -0.110813541250848 -0.133853619852323 -0.0423146081255181 0.0866374620102727 0.114498616569353 0.117551586225481 0.0577699997185794
-9999 -9999 -9999 -9999 -9999 -9999 -9999 -9999 -9999 -9999 -9999 -0.242867731306095 -0.192653096017437 -0.174897149843887 -9999 -0.231366957004185 -0.23276521257785 -0.30462415644048 -0.247314926000707 -0.268337988141982 -0.213575048023528 -0.155512032949524 -0.144961617342272 -0.139142590234614 -0.172669013538879 -0.170239639057858 -0.260725287276778 -0.25197684303339 -0.31842938540504 -0.328514608253781 -0.19175965418359 -0.084650440217598 0.502469015717998 0.357499567637593 0.345872702866699 0.233864674012488 0.359807110878668 0.313852337841564 0.084494050344909 0.0470011215319276 -0.114575289763323 -0.12987426036672 -0.0855312918561001 -0.143339610386641 0.0235209100645081 0.129882164878754 0.152703038238511 0.260583907193022 0.194559194197564
-9999 -9999 -9999 -9999 -9999 -9999 -9999 -9999 -9999 -9999 -9999 -0.265509328228684 -0.229281544837142 -0.197931871850166 -9999 -9999 -0.267236087874091 -0.273650991110216 -0.21016658143671 -0.232571939757737 -0.134627354757134 -0.12862650840723 -0.0450471650775734 -0.0318452553420878 -0.131057044315626 -0.123459497842572 -0.21669825210669 -0.123018792590062 -0.121774473965498 -0.0941087349085392 -0.164910081852404 -0.0197158125684517 -0.108868832624852 -0.0520261319650221 0.20421502294527 0.223292207890046 0.216420122783541 0.227477542066872 0.114945762743509 0.0587829123938889 -0.0815151623731776 -0.149554724895455 -0.164843371749272 -0.0208882414505546 0.0553921677963935 0.116143132391447 0.325357902928665 0.35143501820667 0.266582754198704
-9999 -9999 -9999 -9999 -9999 -9999 -9999 -9999 -9999 -9999 -9999 -0.326314589814351 -0.20990178457016 -0.239109175015539 -0.310031445350388 -0.278287247081305 -9999 -0.189583107209009 -0.204824370717626 -0.124340714429939 -0.0306106807333815 -0.0210958994121834 -9999 -0.0843151219985369 -0.0184655539790868 0.0217208788974402 -0.126138293452232 -0.231394565328165 -0.161625688139046 -0.0452993307879672 0.0134445313444067 0.0255137119839773 0.0379642912223862 0.0457903995812451 0.148152424313936 0.198216390404964 0.14451892745298 0.133263125425054 0.129238117041927 0.0619852998604802 -0.0192745095145946 0.00812819858494818 0.0211335486307922 0.162365265780626 0.100048388008901 0.132878131114059 0.248575728689234 0.214792228589185 0.223340164754579
-9999 -9999 -9999 -9999 -9999 -9999 -9999 -9999 -9999 -9999 -9999 -0.359429484240189 -0.340967783919891 -0.430330303456964 -0.264322450440236 -0.284452311927228 -0.227248081896626 -0.267704492245265 -0.268116808598364 -0.0789586954456129 -0.00619449015817667 0.0247815279371338 0.043026090906701 0.0470494174465566 0.0830865605391305 0.0617976933219886 -0.00795501787930779 -0.176293790028652 -0.201383420457332 -0.129461521070171 -0.037024892592984 0.119816087677601 0.153592789573148 0.169539565694024 0.188895930698725 0.114632873643848 0.0792489706214232 0.0710711800729638 0.147973090316583 0.195588921982982 -9999 -9999 -9999 0.200991569743554 0.125968523627015 0.0985885673271174 0.0438680185803037 0.163919748951902 -0.0204432346031778
-9999 -9999 -9999 -9999 -9999 -9999 -9999 -9999 -9999 -9999 -9999 -0.413221027263649 -0.384896063308124 -0.393674797503319 -9999 -0.296520172970846 -0.282078849457733 -0.182848586920517 -0.148455230492966 -0.0762786233984373 0.0924909127812926 0.162758308503478 0.00785914900035551 0.0107272873179161 0.0756405893334909 0.0984982051748493 -0.0550720845960479 -0.169265926514103 -0.191376638793761 -0.174853327828004 -0.0708991037644168 0.0305856865533877 0.156398376420993 0.199337046321109 0.257182875190782 0.145637267214627 0.0627708820449119 0.122227858577674 0.173733893674966 0.255894820297194 0.31739965741929 0.342006732656177 -9999 0.114887068220287 0.104311806243158 0.0868592762402673 0.0364030960564901 0.0605118114445131 0.0221579240567327
-9999 -9999 -9999 -9999 -9999 -9999 -9999 -9999 -9999 -9999 -9999 -0.307780656467341 -0.382559440748466 -0.389769127484792 -0.239819333232841 -0.131497444190533 0.185113939472438 0.141185068676619 -9999 0.0535104200557768 -0.00766503336140853 0.114263762965669 0.0214245832543475 -0.0609779673056647 0.0636231291489111 0.0433184603594175 -0.112019859315011 -0.218971461631044 -0.105107767138091 -0.0369854346452362 -0.0351845876996064 0.018412553785174 0.130743193892387 0.247695816816992 0.329235443502263 0.220811699073815 0.152394591314574 0.14443631239115 0.198732818880433 0.206132993226194 0.289199419821997 0.369641209614419 0.261706245202042 0.131173390678938 0.0871942852108819 0.0220249573266802 -0.0245923415862833 -0.0798817533086408 -0.107596969692868
-9999 -9999 -9999 -9999 -9999 -9999 -9999 -9999 -9999 -9999 -9999 -0.36497098333238 -0.304052113703951 -0.363009631953757 -0.227924007048511 -0.00184830405115714 0.160133936106438 0.0643884320254038 -9999 -9999 -9999 0.00670543150690519 -0.076094000469831 -0.132312627389043 -0.0599785427524406 -0.120060488510889 -0.161517889452947 -0.210484453863612 -0.185940025731 -0.074198158087008 -0.0948663100055362 -0.0545506049990872 0.028290817642714 0.154070344682312 -9999 -9999 0.221943674270103 0.244472273713133 0.200054042227879 0.198930571033254 0.228953246685114 0.284850865241196 0.269426760748103 0.201516713072201 0.272719461571651 -9999 0.0679726972500274 -0.170880176531594 -9999
-9999 -9999 -9999 -9999 -9999 -9999 -9999 -9999 -9999 -9999 -9999 -0.0941352839372493 -0.0965102433030023 -0.223816266070329 -0.137073282364524 -0.0615194786768308 0.0973494497226934 0.0921020989455683 0.258126109451076 -9999 -9999 0.220386725957971 0.196133154252712 -0.000457573394440381 -0.156716281874126 -0.251530425923933 -0.265528847367264 -0.240087620293731 -0.17182093271503 -0.11626860891501 -0.12368346948388 -0.0860101826085104 0.0542885591283748 0.234521352133639 -9999 -9999 0.210258565834422 0.213096466488712 0.283297892392218 0.167247460294665 0.214682260202874 0.257524476484995 0.239733937719308 0.285778963335757 0.233159949041146 0.176554835935942 -0.0948633197206184 -0.131281596138277 -0.107045646323213
-9999 -9999 -9999 -9999 -9999 -9999 -9999 -9999 -9999 -9999 -9999 -0.300578797240121 -0.151634426779155 -0.180291660923605 -0.0447640529738003 0.0676924668441401 0.121697382415396 0.0823597686817134 0.329384064806382 -9999 -9999 0.218526553792446 0.180960110236306 0.101324223941183 -0.0793293122049269 -0.207895876071661 -0.219098087132356 -0.227611098661541 -0.183227512263323 -0.0127791497289128 -0.0115595281206511 -0.0271068472120319 0.250062444970387 0.305045827533069 0.098681863986098 0.318091642219818 0.149020216611411 0.0878773253405866 0.0413848709685565 0.0999785203450977 0.266644206869579 0.249319027906195 0.309174144266271 0.257779337682594 0.223467249021789 0.102351053523713 0.0337567008260203 0.000621848317975046 -0.0260238693538351
-9999 -9999 -9999 -9999 -9999 -9999 -9999 -9999 -9999 -9999 -9999 -9999 -0.140431334200539 -0.140653784484111 0.00989704105458055 -0.00917971845307521 0.216485173664527 0.2001101911777 0.30563086520973 0.389552998177843 0.388157152768358 0.186441833332578 0.142348350503271 0.013376443671999 -0.0872622427795114 -0.111282475563251 -0.14272939511204 0.0696367107059566 -0.179937005101902 -0.0432370944961563 -0.0415272865503587 0.296998911589312 0.232451531748096 0.110527031134467 0.219079172523755 0.216521730187801 0.109651188482783 0.0399610231535014 0.00791909055710555 0.0507230159761008 0.15247388659081 0.234743963866443 0.308626047701455 0.267022663982174 0.221550138062964 0.167727085000701 0.132622001234917 0.0634919429726564 0.00328574083855909
-9999 -9999 -9999 -9999 -9999 -9999 -9999 -9999 -9999 -9999 -9999 -9999 0.0735671053815283 0.0856094213803524 -0.0345633960790285 -0.0532756636647316 0.274200355401696 0.16149315148721 0.137774758403585 0.181740819789684 0.19062457769459 0.240859196612008 0.192283163037159 0.0727553258059781 -0.0236177694252425 -0.135449926815196 -0.139706681465609 -0.108592545043764 -0.0615172883193671 -0.0540552587205984 0.141974801825339 0.161416618540281 0.141636633543573 0.11129380720052 0.146953670037951 0.0872154073877332 0.0926800566507128 0.0555009423467053 0.00149277401492847 0.0395281328914585 0.0728639009973115 0.227334937460124 0.205413826433238 0.141272879605393 0.202584126289754 0.197149283074038 0.20137895976504 0.319510017782797 0.0898602240431801
-9999 -9999 -9999 -9999 -9999 -9999 -9999 -9999 -9999 -9999 -9999 -9999 -0.0105647120409321 0.47582429274142 0.125042662571517 0.161706318914579 0.10039137741763 0.148368957259954 0.0737281728586645 0.0397230119727667 0.147471026343817 0.361281064108524 0.208408168036906 0.136851265799929 0.130149447284501 -0.123095181507573 -0.141366223209342 -0.152303197254323 -0.148248542536904 -0.0930474311416373 0.0543990294058162 -9999 0.141690844303559 0.0368388301321246 0.108534486292243 0.143397960261066 0.105411638562616 0.0618372210738369 0.0349038485793373 0.00762928980905288 0.169532019429037 0.2243323824322 0.130604683438905 0.117008221427945 0.160877502396929 0.201540175434074 0.2090593029879 0.451543360343614 0.316083700178377
-9999 -9999 -9999 -9999 -9999 -9999 -9999 -9999 -9999 -9999 -9999 -9999 0.276820176114335 0.238304204864309 -9999 0.263965263255558 0.182836177030651 0.117042454762116 0.0161631165182053 0.0161169550322978 0.0294934118540442 0.0652508677167415 0.119568218887559 0.0395972227377678 0.0883840165844266 -0.00366935585179882 -0.157545635871189 -0.177132562692536 -0.198923739097119 -0.0919745473377644 -9999 -9999 -9999 -0.0452716141660838 -0.00192260461379989 0.0751910973858977 0.08733382268318 0.115232020839328 0.143614580122207 0.155461249818194 0.201824108626328 0.183437647077314 0.137536975104875 0.140330564986966 0.185097409537637 0.149631182667789 0.244821591284498 0.434745177873359 0.372620477314771
-9999 -9999 -9999 -9999 -9999 -9999 -9999 -9999 -9999 -9999 -9999 -9999 -9999 0.235927420939039 0.222250222468978 0.277881508977688 0.260767109973084 0.177463736680376 0.0634458138536825 -0.025253834603813 -0.126355109087593 -0.151684297131224 -0.125513656415305 0.0676525950155782 -9999 -0.026291280727926 -0.116093059838809 -0.231532136298169 -0.209221354053873 -0.0862171920727615 -0.0999651799585925 -9999 -0.07570327130275 -0.13358315007539 -0.152989699165976 -0.147217672958042 -0.0474439069484034 0.0498938562869969 0.309046165367687 0.148975612772922 0.122396565131887 0.0687816690613958 0.0470966365386284 0.228936518604828 -9999 0.250307971401822 0.241387544269251 0.234274840967864 0.302239829300797
-9999 -9999 -9999 -9999 -9999 -9999 -9999 -9999 -9999 -9999 -9999 -9999 -9999 0.131189016750344 0.179103683671053 0.182626965527156 0.162166303474879 0.0125330222493496 -0.0186734381933738 -0.0956335623315081 -0.195348204639586 -0.21132814222248 -0.132059278647366 0.0220457113595265 0.061270398851529 0.0215264394940714 -0.126543916012257 -0.195977133359008 -0.218168841090481 -0.223326378962005 -0.141753686882907 -0.0399728762403387 -0.077186880676165 -0.20580586326415 -0.213309537249136 -0.203955003299619 -0.21057079936807 -0.0837479630411537 -0.0871808856664437 0.137130564970911 0.0199629164038856 0.00115841998684885 0.0352692902271787 -9999 0.217703071897587 0.388059170172063 0.365383150422858 0.24676548849598 0.327201694739712
-9999 -9999 -9999 -9999 -9999 -9999 -9999 -9999 -9999 -9999 -9999 -9999 -9999 0.0961148437108044 0.114729481537405 0.143797546146053 0.0602984354252417 -0.0283038379406209 -0.141546908361905 -0.160776163265246 -0.229495611555751 -0.224421801431178 -0.159611734838276 -0.043632656688076 0.0215093487980538 -0.0115005323994287 -0.128194460521879 -0.151948177552673 -0.28575341707037 -0.27312123963032 -0.300883548094004 -0.146106747794398 -0.192428046745185 -0.257786000750035 -0.254717620724059 -0.295913510008673 -0.225075136331411 -0.123462312117167 -0.0332109420349689 0.0456210553812696 0.010303398196284 -0.0222968068841154 0.0536913268685048 0.0827195095937957 0.105458022406483 0.0337433999217023 -9999 0.288633236045466 0.288730176077927
-9999 -9999 -9999 -9999 -9999 -9999 -9999 -9999 -9999 -9999 -9999 -9999 -9999 -9999 0.0378259313496879 0.0468241978503176 0.0112518708732414 -0.0319772756337786 -0.0946687980328776 -0.173843075594375 -0.210864665127574 -0.190017941945245 -0.103280865773978 0.0180138511673986 -0.0227120303814092 -0.0224693808384808 -0.135118603507848 -0.216316237605984 -0.254453119506561 -0.269498503472657 -0.198334167308776 -0.239191469782839 -0.176781420445268 -0.262785458308962 -0.274897118181986 -0.290388140114723 -0.325174875610873 -0.195514618738072 0.195732778557559 0.00557006696468085 0.033246186568831 -0.0840084685479625 -0.0664812013923342 0.00779295394052674 0.124644478127929 -0.059284718565736 0.0790643024492033 0.112591317088577 0.227820602556971
-9999 -9999 -9999 -9999 -9999 -9999 -9999 -9999 -9999 -9999 -9999 -9999 -9999 -9999 -0.0246252153926321 -0.0368345322272476 -0.0470166111993112 -0.0471260563276888 -0.104837090786865 -0.180906754823571 -0.18792265810906 -0.172183654264427 -0.14535579902575 -0.116525967648636 -0.0647588383409963 -0.022183956993864 -0.144420186834621 -0.246037870183239 -0.296152509493343 -9999 -0.472674382366506 -0.381983930504669 -0.426320846877733 -9999 -9999 -0.267573630004477 -0.259849982440624 -0.27689491071261 -0.097253688810504 -0.0656322354009653 -0.133221547081211 -0.0852373346168921 -0.113609848431619 -0.0205059300874116 -0.0202307761942236 -0.142414500109293 0.0528525545224913 0.0737046275764934 0.149967366779813
