data/rasters/s5.05.07.cu.3_xyz_08_.asc
NCOLS 100 
NROWS 100 
XLLCORNER -4 
YLLCORNER -4 
CELLSIZE 0.08 
NODATA_value -9999 
[rows 44 to 65 of 100, columns 49 to 97 of 100]
-0.0404705626647421 -0.189117427308457 -0.0141073911930256 -0.257648191613571 -0.0772056986474387 -0.108287883007435 -0.225835390216733 -0.340296437736943 -0.447915812946062 -0.437890637812068 -0.379994450524276 -0.310834445903264 -0.0789525713241079 -0.118101060271081 -9999 0.223885976769066 -0.041245754157931 -0.123214190817758 -0.183867473207615 -0.178337540818439 -0.2076583206812 -0.153602390216986 -0.141591884551926 0.0757465023320765 0.0500333935436616 0.0948422514948012 0.155772156372037 0.0241783868071259 -0.0529287117483536 0.062809338995545 0.0215989092091066 0.0806047047937232 0.111820107629596 0.254877955360335 0.283918503967839 0.342751280940683 0.422609593383021 0.364825900071803 0.269948340088859 0.22045477664436 -9999 -9999 -9999 -9999 -9999 -9999 -9999 -9999 -9999
0.0959451265040406 -0.0614557465355343 -0.124042049262909 -0.251957299942549 -0.268887492390592 -9999 -0.308776492545169 -0.400075232082003 -0.414278172734557 -0.379493842193298 -0.354355091829768 -0.297180707828172 -0.25612881449928 -0.168257983347522 -9999 -9999 -0.0387387820031117 -0.081180267128243 -0.194570929489672 -0.223712571177399 -0.233368937289677 -0.132959288624313 -0.0791932822551996 0.144646403174791 0.222664351304644 0.242306937949785 0.234464867289231 0.0794222282757269 -0.0147922205423494 0.00677198119352174 -0.00523459817504077 0.129534783368622 0.146186904001031 0.201113976360511 0.315566206529267 0.378354502562243 0.324456729762434 0.385015020308055 0.16825332976678 0.133403306518338 -9999 -9999 -9999 -9999 -9999 -9999 -9999 -9999 -9999
0.176007086634139 -0.00193332129824695 -0.133880973398575 -0.266589940051941 -0.375511126182782 -0.463145184995601 -0.405845424957991 -0.435497114775966 -0.498491673197442 -0.356151989019742 -0.278268241522871 -0.278014394466051 -0.257658427704166 -0.16485066365713 -0.128199492544258 -9999 -0.0239999744379685 -0.0587889760386081 -0.190901646669887 -0.233269928678187 -0.192358384553208 -0.142181510455952 0.0205600675542401 -0.0025418230558193 -9999 -9999 0.301011915642836 0.00594465116001071 -0.0529711040458331 0.0323505306374107 -0.0198619342378756 -0.0223206626523616 0.0920528232903178 0.230919444192869 0.429955862913982 0.469183538603946 0.369628722456821 0.259933533993237 0.152142303137305 0.128807244290063 -9999 -9999 -9999 -9999 -9999 -9999 -9999 -9999 -9999
0.224034495990353 0.0758598782273193 -0.0646957748250776 -0.260378357391656 -0.358909541581814 -0.435087225760751 -0.403873045928662 -0.358882555421494 -0.43980420752486 -0.324354705266411 -0.315681690781023 -0.308779689010161 -0.295751946115757 -0.0910084280663398 -9999 -9999 -9999 -0.0315987771516031 -0.10093689585042 -0.19821487703626 -0.18293554316944 -0.0520040633199824 0.0212392401124044 0.0228428397113164 0.0431237595786121 0.058784279495525 -9999 -0.0477223365417044 -0.038238969306548 0.0279339975137377 -0.0379113169747461 -0.0226033892856471 0.0701851737151655 0.280734374869996 0.325089340836291 0.350667027191535 0.32414069370419 0.216301086574135 0.11791640003161 0.0306079177101212 -9999 -9999 -9999 -9999 -9999 -9999 -9999 -9999 -9999
0.140548074622158 -0.0502501655752651 -0.135699176928307 -0.278513492577277 -0.387969559863603 -0.439317857808885 -0.418266993886651 -0.447770248283654 -0.340741957595957 -0.417755795596334 -0.359782827687187 -9999 -0.321949378307075 -0.354619944255375 -0.362832355214262 -9999 -9999 -9999 0.00821935308839029 0.0358669656203546 -0.0011134991991442 -0.0692280622542738 0.153040391173801 0.149788227131214 0.0297933300701597 0.0453733957106138 -9999 0.126642395942114 0.0761103165715314 0.00543231299519405 -0.015659784157493 0.0332515650489762 0.15303517548051 0.226292087386103 0.280657414399351 0.354685133089439 0.313263589859255 -0.0507059315258048 0.0764610011191207 0.0371936370048068 -9999 -9999 -9999 -9999 -9999 -9999 -9999 -9999 -9999
0.0907823171944412 -0.0460595337845577 -0.139098875597926 -0.29433399164897 -0.434276172400952 -0.484576170170749 -0.484743738316954 -0.525377669400273 -0.561415026417387 -0.492849914402626 -0.424098707484951 -0.381590344474822 -0.296944451461703 -0.282883985053462 -0.117296704052963 0.0663464383688661 0.115711790699383 -9999 0.272116050362278 0.247998620703081 -0.0415637893653704 -0.00613370756006766 0.0929897099812194 0.139690588590129 0.166947414328346 0.2592670042337 -9999 0.124122094414418 0.0436158865258061 0.0534357623512413 0.0610290045315384 0.101602797045746 0.278760115313149 0.28652419427848 0.302919144346299 0.311688825776417 0.0756548170068107 0.0848226244474748 0.125354319732035 -0.00287994333399199 -9999 -9999 -9999 -9999 -9999 -9999 -9999 -9999 -9999
0.0633566623142299 0.0242791854507001 -0.0852357250036552 -0.31497738348818 -0.357079366798233 -0.429904478784197 -0.44792347519303 -0.441784616151853 -0.476242345266955 -0.464281378863456 -0.415178686780774 -0.384161988282214 -0.359151746098172 -0.278998488545366 -0.21662897751938 -0.0576182816342156 0.114588352414523 0.183506510309696 0.204608514414631 0.268517774363191 0.272787624109722 0.190867871262456 0.135852702860806 0.147976655731598 0.198486613728688 0.241970803670569 0.274108604426855 0.319460508100211 0.285852479954569 0.2399013151078 0.316007143886617 -9999 0.293638258985942 0.22324102386688 0.358448783884482 0.264399566419581 0.137777959989662 0.0304937259121701 0.0126644874308654 -0.148717993998804 -9999 -9999 -9999 -9999 -9999 -9999 -9999 -9999 -9999
0.0606688484410235 0.000642781259151679 -0.0517085167493879 -0.208491346464102 -0.307512953465362 -0.327766689036342 -0.399580241069999 -0.337783275176621 -0.374292461262213 -0.304651815149111 -0.353902893484501 -0.353202558203228 -0.301981428255569 -0.292752455483641 -0.169733260965233 -0.152222220256844 0.0716116166247618 0.159540745963813 0.166260591602517 0.187760097248385 0.156701799592187 0.12019480091662 0.169778818188729 0.198461943337051 0.220991459042646 0.246951965228916 0.310637039874048 0.30677497916858 0.312541591137704 0.211482380149269 0.27002988379733 -9999 0.202376180259943 0.0549817726437294 0.0287478419422483 0.203477529136942 0.11286737090579 0.194499000388241 -0.0897459846409618 -0.219619033716616 -9999 -9999 -9999 -9999 -9999 -9999 -9999 -9999 -9999
0.0864582872704857 -0.025716021813837 -0.0293300326078705 -0.0523632378809088 -0.134069860258154 -0.302970995454337 -0.326983698588702 -0.348207815045482 -0.31087757448221 -0.292343006580809 -0.194685561399283 -0.181630189785792 -0.173590278242288 -0.150198277137782 -0.139539793181836 -0.0547629937208731 0.0323414264844005 0.0820424593912358 0.110076181650819 0.14743404976615 0.140287961368927 0.0876588596629125 0.0952472647264803 -9999 -9999 0.303706478587688 0.318749158141051 0.298435285743249 0.0899129062539827 0.0133568882533253 0.279940319260034 0.0613935467882998 0.170088386869427 0.0268526324897624 0.0391128568422035 0.0851474493444152 0.0938604299538617 0.0820351384607749 -0.0506419493126378 -0.17943397013225 -9999 -9999 -9999 -9999 -9999 -9999 -9999 -9999 -9999
0.0517588754517592 -0.000835110266428142 -0.131631074977247 -0.171015542253158 -0.13574237402345 -0.162461570324398 -0.302689878534707 -0.333301192193529 -0.250062418109951 -0.196657866372873 -0.231999309036943 -0.22208263487403 -0.115708424477017 -0.0582636953673443 -0.0106598855357052 -0.00380914168020491 0.0213612404720583 -9999 0.0681542034079181 0.104759401209128 0.0591554274435125 -0.00281094890561538 0.0572740902677775 0.0440737042231921 0.185663944678839 0.283704078036707 0.33768330295866 0.300912414414785 0.185199404025837 0.183343776701305 -9999 0.0573442525753789 0.0410133471930829 0.0856514940959508 0.13967870087473 0.117425852438138 -0.044994170591631 -0.00615316486872802 -0.0860438895746687 -0.149573736876028 -9999 -9999 -9999 -9999 -9999 -9999 -9999 -9999 -9999
0.0548508052441342 -0.02082639433916 -0.159514015897494 -0.243697139376306 -0.196592290559312 -0.200574931341397 -0.25541060579684 -0.199156409861513 -0.228079382187789 -0.271271688072775 -0.294583972595959 -0.250130989362456 -0.16857310474536 -0.0387990432003856 0.00599340298448651 0.0232127536282766 0.0144571817104815 0.0303061488786219 -0.00540476487208097 0.0123707302114541 0.0220937233043906 -0.0269523395324403 0.0734184859944203 0.0493381950915885 -0.00403007430758994 0.380554078464173 0.38499856496107 0.354487833480018 0.282072048920733 0.110170096641058 -0.0088229967201146 0.033325776235515 0.0343131382711898 0.0949817813974301 0.0633220581876688 -9999 0.132217360617746 0.056567774652454 -0.0834163761618374 -0.148648854981946 -9999 -9999 -9999 -9999 -9999 -9999 -9999 -9999 -9999
0.017440313311159 -0.06878637177199 -0.144377269879365 -0.312816330668888 -0.38399340474299 -0.262174857764733 -0.298269697750346 -0.325579035060935 -0.320112745359275 -0.366095332335921 -0.325163715958173 -0.328116629549659 -0.135624003224373 -0.00107824423853419 0.0502987782873848 0.121875549235241 0.0557327893848972 0.0404870026873621 0.0350125717354388 0.000652088848689327 -0.0363145023880574 0.00156068309618498 0.123844007279288 0.0390124115794878 0.0489898405438501 0.386199000916708 0.188345170991961 0.15200799601296 0.28253977188328 -0.00667644359098169 -0.0685349492798362 -0.00616840876055791 -0.0590336177276073 0.00319512855734194 -9999 -9999 0.0323559443407571 0.0320735699095997 -0.0212875612828942 -0.048377865189248 -9999 -9999 -9999 -9999 -9999 -9999 -9999 -9999 -9999
0.035888094992754 -0.097560551693898 -0.0639508130072974 -0.208201059028738 -0.316060084956068 -0.355429369534555 -0.328075875517329 -0.300712346361964 -0.385819147423732 -0.457256862231575 -0.523852579375683 -0.310320253362997 -0.0813213501025427 -0.0120435685841974 0.0320098395493607 0.114249672397581 0.13252653972627 0.130802874141026 0.104704655099307 0.0289048829142121 0.0700015942216598 0.0125021305639916 0.17770501733039 0.288082769227758 0.321520937730401 0.355588655629394 0.246696009095488 0.0670018540984634 0.230907779457771 -0.0137251598696524 -0.106062566785982 -0.0762795457814326 0.0219340197759558 -9999 -0.0318503841267028 0.0303720350681993 0.0724046974911352 0.0614198053438511 0.162100964328936 0.124662097123626 -9999 -9999 -9999 -9999 -9999 -9999 -9999 -9999 -9999
-9999 0.0826417941269227 -0.00352969464749616 -0.187561059953694 -0.20694506791343 -0.357678384046377 -9999 -0.543763666651629 -0.502255685597289 -0.512322749061726 -0.436205549890822 -0.239574691625274 -0.122842915722243 -0.0657816634674638 0.0432794077341645 0.0671217079830559 0.116934434516284 0.0593956072952139 0.0898639989936961 0.103860857482539 0.170551897040916 0.0778739755531171 0.16585008023199 0.315996131743057 0.327538240949663 0.312447923610545 0.262072100306393 0.107278166254253 0.0904211296084744 -0.0492968154278086 -0.0611106388266759 -0.101382425859626 0.0100616361630427 0.0959061652253788 0.00547637723333403 0.0891995427318652 0.160177006214826 0.0917037164323052 0.0681472803054181 -9999 -9999 -9999 -9999 -9999 -9999 -9999 -9999 -9999 -9999
0.0436195483686936 0.0409992875688617 -0.0523412109556848 -0.116044044974443 -0.259664315460989 -0.586201637593392 -0.575290575210138 -0.56301485802943 -0.556930622501369 -0.578536169602618 -0.35894353764878 -0.203981749415596 -0.16109722711719 -0.124804159962709 -0.0549234056593997 -0.0329582846127102 0.0579561349574387 0.158824043768594 0.201323033527721 0.134140477912408 0.127801468688655 0.205082562264425 0.256577215068059 0.345678830412621 0.317415683754593 0.318232149465689 0.252518153961465 0.196888739162973 0.174159113862716 0.00924904139735629 -0.027055135722033 -0.0527400881710792 0.0221950046295634 0.0201503283543611 0.0534767995302627 -9999 0.236450076826684 0.329109346163703 0.334718730623598 -9999 -9999 -9999 -9999 -9999 -9999 -9999 -9999 -9999 -9999
-0.00432702545480674 0.00557199079433846 -0.125893240725423 -0.193397001189337 -0.417960131605361 -0.534953650530177 -0.622774696735669 -0.571970058277203 -0.544724991233196 -0.573162247193464 -0.404452632022324 -0.269607484920535 -0.249452793193513 -0.248589131691212 -0.196530214833198 -0.0964775393637597 0.0368675666271894 0.147423232446662 0.234930197409328 0.133828757348336 0.214782429517094 0.188888196130175 0.104332736460602 0.259230259853549 0.313566025369313 0.356975049974337 0.293680728223572 0.234015050132033 0.246335439378138 0.113628686606287 0.0437998217320071 0.0762622784495355 0.0989029058098259 0.0698989223728326 -9999 0.2357664378241 0.274079381157851 0.446197338966337 0.391334470233603 -9999 -9999 -9999 -9999 -9999 -9999 -9999 -9999 -9999 -9999
-0.0810207270439093 -0.110642281671108 -0.138144337999755 -0.292770904183324 -0.403075904761426 -0.545706551839728 -0.635137489475385 -0.644118993349032 -0.580150290090922 -0.594924442154986 -0.419673226034093 -0.427889521056202 -0.328076575228582 -0.293485437916704 -0.210325692721264 -0.0836189043921947 0.0367551012082396 0.103078049089818 0.167012926831919 0.204623975491005 0.143300189542531 0.129517118020238 0.12795605129429 0.253194626140239 0.305956946627702 0.382979572839377 0.533915653319822 0.459113453513502 0.374436525935507 0.40662700376723 0.209744964079537 0.112032635238401 0.0488618831292355 0.250047712514457 0.43582009814946 0.277273034053895 0.334712821298259 -9999 -9999 -9999 -9999 -9999 -9999 -9999 -9999 -9999 -9999 -9999 -9999
-0.207832707445554 -0.102965199951033 -0.197715155855501 -0.431903063421612 -0.48114585157057 -0.481344623086376 -0.574335895053997 -0.566195240610594 -0.552093765761698 -0.535161898748932 -0.551871035453288 -0.507147533236263 -9999 -0.262164773411883 -0.201132861918794 -0.110250492187288 -0.0325382819438838 0.049977850639901 0.161337005699537 0.180176528133655 0.108893700407272 0.135610237474981 0.179760721014588 0.198553000406365 0.273091643904843 0.494059401485193 0.575815751740307 0.525274665549255 0.450486044637264 0.430916111077912 0.308156931762065 0.129166444144587 0.108334622187656 0.423831973351765 0.4404394743757 -9999 -9999 0.506612463947171 -9999 -9999 -9999 -9999 -9999 -9999 -9999 -9999 -9999 -9999 -9999
-0.133613976172318 -0.137000957143288 -0.253004007510053 -0.270729241518928 -0.41883415165569 -0.336807378712076 -0.459171918012241 -0.544019843069166 -0.586975979444595 -0.428891884853542 -0.473972557631672 -0.50978056931559 -0.269045331308364 -0.216992475003725 -0.214277274715675 -0.12994236918419 -0.0455303664215903 0.0345078333019636 0.139242397551327 0.183497718081393 0.137977896572447 0.144761005978356 0.182389599422793 0.211285662026024 0.181217766460078 0.648225764155027 0.656863946587376 -9999 0.39961214058189 0.40566526590059 0.309255731095595 0.305345683378598 0.130551217839715 0.50675187188869 -9999 -9999 -9999 -9999 -9999 -9999 -9999 -9999 -9999 -9999 -9999 -9999 -9999 -9999 -9999
-0.142580498474429 -0.182207661060185 -0.205377066138059 -0.228960618013813 -0.206922697961671 -0.215867586781444 -0.468761984358878 -0.483943817127524 -0.486864089630388 -0.489939664507067 -0.0506536443428111 -0.11804609337838 -0.190697119358367 -0.16663139596395 -0.151452435227721 -0.161399906301483 -0.0928736740123694 0.04053187400088 0.159596682453436 -9999 0.206248441658537 0.234535298968169 0.299271091004937 0.344450790365442 -9999 0.585151408141368 0.564362247540143 -9999 -9999 0.406613971134886 0.401718260434325 0.362594542521821 0.495613311137426 0.53811575077317 -9999 -9999 0.7361445864682 0.756155451153486 -9999 -9999 -9999 -9999 -9999 -9999 -9999 -9999 -9999 -9999 -9999
-0.0309841819417765 -0.101253450807603 -0.127291672566109 -0.150932766396719 0.254134109679058 -0.0770108261543916 -0.296389419142706 -0.432261389512811 -0.371395009324938 -0.349045907662341 -0.108638484621376 -0.0636756596422281 -0.11547446451342 -0.108847749429072 -0.0932145827434443 -0.11668213578613 -0.0244787062316259 0.041388958481395 0.151476577105614 0.205907398329777 0.198029896741459 0.275329086804037 0.382078438380991 0.404513445885423 0.421804509083802 0.524969926544107 0.477575049467896 0.342792867504937 0.321664864762946 0.464747608201659 0.432864683666261 0.415636989530887 0.381497778414549 0.540944463397203 0.472575578922255 0.642062292949333 0.730931257478978 -9999 -9999 -9999 -9999 -9999 -9999 -9999 -9999 -9999 -9999 -9999 -9999
0.143097020769602 0.119670762110847 0.191248426662426 0.246340902294603 0.177297332717618 -0.00470073121219505 -0.243777911646361 -0.265766035462733 -0.222010446672248 -0.233486817729355 -0.306627479584351 -0.129863665994714 -0.120633209492852 -0.170694121819377 -0.200893563333187 -0.0765932380255532 0.104408603179041 0.101113610481638 0.179068035159471 0.218695059906493 0.28297018524027 0.281959247487827 0.324425643673172 0.334549345409499 0.414774835372336 0.512699872353027 0.428900359478978 0.251587561742939 0.242613084628467 -9999 0.44561672521297 0.377510969717795 0.385148748321158 0.407841904237168 0.576820613169711 0.573045465217688 0.571129445193106 -9999 -9999 -9999 -9999 -9999 -9999 -9999 -9999 -9999 -9999 -9999 -9999
