data/rasters/s5.05.07.li.2_xyz_08_.asc
NCOLS 100 
NROWS 100 
XLLCORNER -4 
YLLCORNER -4 
CELLSIZE 0.08 
NODATA_value -9999 
[rows 42 to 62 of 100, columns 0 to 47 of 100]
-9999 -9999 -9999 -9999 -9999 -9999 -9999 -9999 -9999 -9999 -9999 -9999 0.155574973110689 0.0815312816946727 0.0819441997229148 0.154251676340114 0.103225592635072 0.158347070501992 0.17879837856345 0.19838114334954 0.141779898704114 0.172661901515461 0.0745809537024757 0.0232611425988609 -0.0175985818990623 -9999 -9999 -0.0419928149364771 -0.162236836476583 -0.246568028544465 -0.230292030539508 -0.0602632928599454 -0.0714357589897658 -0.11675437371029 -0.127528656858961 -0.0342732938947501 -0.0964899010514734 -0.0220784598175967 -0.0649053176450099 -0.0440351944547795 -0.159855494674424 -9999 -0.36669240026921 -0.333683226361831 -0.343032008271574 -0.264478975580577 -0.257911456501365 -0.230658440032496
-9999 -9999 -9999 -9999 -9999 -9999 -9999 -9999 -9999 -9999 -9999 0.0561210565535265 0.16559476594574 0.213302107162092 0.233348954732123 0.240173717307989 0.162782300433905 0.147335370248626 0.17993024239171 0.199603720106959 0.075262948008412 0.138961322033467 0.0774820197956397 -0.00730230811725056 -0.0243366332950536 -0.0133873460371954 -0.0556144810688638 -0.055928180798582 -0.0325081325337584 -0.260118185707699 -0.210214046509048 -0.18895686351207 -0.169739847486015 -0.136390798923596 -0.101400251884898 -0.0463477638318789 -0.0676041841772057 -0.00214788655325705 -0.0170569194575587 -0.0517476205242531 -0.30709560401377 -0.264631622943909 -0.15279424495149 -0.219472528137839 -0.338223310299342 -0.247349206256006 -0.286703122934746 -0.257713947317775
-9999 -9999 -9999 -9999 -9999 -9999 -9999 -9999 -9999 -9999 -9999 0.21448340235681 0.231870325914192 0.255734914126848 0.180569194470329 0.183927281434478 0.170637265083766 0.158527577924062 0.107159320381851 0.0643713021500966 0.0114141582898601 0.0932868537217168 0.127597445212945 0.00997839325696506 0.0156777351931191 -0.0941812157845291 -0.156007866561806 -0.230632889913252 0.0653051323465051 -0.0795018021635353 -0.228334922239383 -0.230433243431424 -0.277599555173984 -0.106410424371099 -0.0683862273555103 -0.174908115852279 -0.0802109530002543 -0.04210211590645 -0.0893049123003124 -0.096878229521974 -0.148599040923344 -0.137687986224592 -0.222236160239499 -0.204335242921103 -0.183543381813502 -0.330681658023016 -0.22302687281115 -0.227003216149112
-9999 -9999 -9999 -9999 -9999 -9999 -9999 -9999 -9999 -9999 -9999 0.313528311644965 0.335438332954769 0.309950089356984 0.229232969716401 0.105696395322383 0.0495853585821031 0.0918379089394794 0.0455673636824328 0.0644573942236619 -0.0432313496432268 -0.0435603596056459 0.158974166636698 -0.120061216555185 -0.0553640278932825 -0.173119637452715 -0.177641981706047 -0.260896390476904 -0.147049996080006 -0.0885810261721823 -0.140176339363377 -0.248758868622938 -0.259485946025119 -0.286499545343736 -0.200210637800618 -0.211537452838366 -0.071056318056531 -0.0859179198434502 -0.134819884349333 -0.160688836018053 -0.0983315533042561 -0.0571695536387401 -0.169649779607522 -0.279610780786426 -0.211262389143536 -0.200937119585291 -0.151392238471355 -0.117283397996755
-9999 -9999 -9999 -9999 -9999 -9999 -9999 -9999 -9999 -9999 -9999 0.327093649570175 0.342735269655694 0.340543819783618 0.0817876543095932 0.125370490481342 0.0709350533594029 0.140634926397046 0.168573688367942 0.0778766461480506 -0.0254188174716925 -0.0641485518582032 -0.0790254229958273 -0.0845205045993132 -0.269055388586403 -0.290333418348329 -0.310341705974567 -0.329244303958963 -0.475435566742505 -0.0976453638087061 -0.108169411525804 -0.0963275513297164 -0.300996949441602 -0.255507731462332 -0.091892765344476 -0.0514085776650903 -0.0776777300757498 -0.135183108725006 -0.153504960542603 -0.135065533726039 -0.0669872489192769 -0.0603640634133623 -0.196054721672801 -0.268402171575631 -0.300225354103235 -0.30467231825481 -0.137153011102315 -0.177550386068236
-9999 -9999 -9999 -9999 -9999 -9999 -9999 -9999 -9999 -9999 -9999 0.353172547997066 0.274123570575363 0.147098826819727 0.15619544675005 0.122709028682435 0.162827124053737 0.196439165161166 0.182532385556686 0.0964658106413762 0.120086385300983 0.0174093248348643 0.00764978599173309 -0.0330595958218289 -0.0854646064978492 -0.260364723199799 -0.268673604539183 -0.121621276467097 -9999 -0.0461307039193873 -0.114242350284536 -9999 -0.287805123235366 -0.268300060615958 -0.179365357447401 -0.179296617378971 -0.162951692313446 -0.115997568441039 0.0292503892260791 -0.0621266572435334 -0.0856276636312038 -0.0871640679991937 -0.147435557380028 -0.0485311729002252 0.0080219253502356 -0.12820353388946 -0.171858569443116 -0.150133179531254
-9999 -9999 -9999 -9999 -9999 -9999 -9999 -9999 -9999 -9999 -9999 0.316435435238007 0.380683973822353 0.205928324733071 0.190287309749257 0.18481540342161 0.171555017616225 0.181560648587391 -0.0910847672853971 0.0210247766417854 0.0185910324405581 -0.0240156457522981 0.0450763965418004 -0.0381692402621322 -0.0743572320216669 -0.118647188844646 -0.169150627402991 -0.107016839451361 -0.0890997162781967 -0.0424213323904058 -0.0253076400505713 -0.143358570838929 -0.29043878339051 -0.250988757287699 -0.222129900929207 -0.150564177336244 -0.132359242715855 -0.0618657873334105 0.0120252963378033 -0.00193565516106736 -0.0504275735712826 0.023746368619917 0.0103589951780944 -0.0167661057160295 -0.0843711433999618 -0.134564678777844 -0.122146454369972 -0.0577520332131787
-9999 -9999 -9999 -9999 -9999 -9999 -9999 -9999 -9999 -9999 -9999 0.334637456726576 0.317583229795242 0.26432028128636 0.215724733308653 0.172083023284457 0.160809140895482 0.144328411327672 0.0745604134435943 0.0116981851762919 -0.0667686660143224 -0.0051255140543347 0.0225396591605258 -0.0644661444102847 -0.0797264523022847 -0.114978056148432 -0.161798987869374 -0.0686263886093124 -0.0149512559842228 -0.101931863995325 -0.0478800987319649 -0.0816924516745329 -0.182011800654351 -0.237749640486337 -0.216595916265549 -0.166533425320342 -0.130694487537464 -0.00964440428839883 0.0371290206660824 0.0190362217898565 -0.01176201855064 0.0658865382766367 0.0546639045539486 -0.0477357597824508 -0.00558437619778434 -0.0547587017605685 -0.0242160317893783 -0.114556438528502
-9999 -9999 -9999 -9999 -9999 -9999 -9999 -9999 -9999 -9999 -9999 0.326799485880683 0.330732921701267 0.250291429523963 0.13304680769699 0.178420428654856 0.181433307268106 0.101923154888126 0.0892023522573574 -0.0143016669415661 0.0790118024086807 -0.0243524916964726 0.0413361851353038 -0.0762708060487984 -0.0856701005733924 -0.10108173608768 -0.109673995357702 -0.00666991815497073 0.066180332236742 -0.114741532085206 -0.0707606475889092 -0.038988427401518 -0.0960417807981388 -0.216880437390739 -0.220266244891611 -0.144729008423823 -0.0373171314212025 -0.0324352542743101 -0.0473757782704374 -0.0479471939749998 -0.0405010423114228 -0.0309017908101209 0.0252047690684145 -0.0674119451560047 -0.116014553011768 -0.0949546293995347 -0.116873944959568 -0.124622779818828
-9999 -9999 -9999 -9999 -9999 -9999 -9999 -9999 -9999 -9999 -9999 0.201018456370923 0.27969637641439 0.189483338898662 0.106539069384637 0.185344563520075 0.165460719178041 0.0805499193841062 0.00251476773291202 0.0558888482771171 0.0658808034252195 -0.00149547957869905 0.0756869122863869 0.133057905310291 0.0161912725103518 -0.210147494992377 -0.00352348710691141 0.0743356884006523 0.0458417965726454 -0.0782525920215611 -0.0972605566341307 -0.0634986529189513 -0.0750522702956495 -0.0747635581434694 -0.03572535497572 -0.16732982153224 -0.0319941487515691 -0.0151620739024125 -0.000331437348385308 -0.139168032829338 -0.0364605658274917 -0.0633008293507055 -0.0368543357668748 0.0463816293660174 -0.23264235805564 -0.21555549206253 -0.207748861418219 -0.231659904237211
-9999 -9999 -9999 -9999 -9999 -9999 -9999 -9999 -9999 -9999 -9999 0.19652457624246 0.249496791640523 0.252885234713321 0.213377490310711 0.266628161447534 0.313980682881659 -0.0384775225761633 -0.00133830935612197 0.083328028345445 0.0740072960978618 0.0655838270751035 0.073412804688428 0.0577074458549228 0.0609595992876439 -0.112101038171328 0.0433252505939744 -0.013140868852612 0.0694108093493673 0.000807146041283544 -0.0874610745826165 -0.00848547698854738 -0.00902875523284145 -0.0605152120332572 -0.0087696150806034 -0.00547969957998239 -0.0400955633430041 0.0210456305821542 -0.0298729556825075 -0.0597360552216248 -0.019341627230431 -0.00387377568320657 -0.103693131021669 -0.070320432009835 -0.128067718448241 -0.161770803213471 -0.286114583394869 -0.255211183510873
-9999 -9999 -9999 -9999 -9999 -9999 -9999 -9999 -9999 -9999 -9999 0.210708380599185 0.258333636321271 0.287418955837328 0.302211149917977 0.310401430397436 0.305179042133493 -0.0375924693888426 0.0403447972580019 0.0955059919459907 0.107936189788304 0.0401149237303331 0.0830068341348555 0.0717979066500736 0.128267963553929 -0.0304226003375467 0.132143083146901 -0.00742902060344679 0.0341988433219789 0.0820042593316909 -0.0791470333560168 -0.00227770912377429 -0.0247910804183097 -0.113236746184172 -0.00834819488438658 0.0416329610322005 0.0409570654319444 0.0516500592202836 0.0461653430506779 -0.0125572924528261 -0.046971375440978 -0.0748535545095165 -0.0844639988646712 -0.0840805933412815 -0.100138051649749 -0.0992704654431733 -0.175504663527457 -0.225725251554381
-9999 -9999 -9999 -9999 -9999 -9999 -9999 -9999 -9999 -9999 -9999 0.211111228709774 0.229312457466719 0.258738351158957 0.173074552040824 0.136066611504089 0.0960099987361534 0.0583041944537186 0.102101903029628 0.152991147503676 0.122676728940187 -9999 -0.0217271068804063 0.0820814085849507 0.0658463785664839 0.102193062452957 0.164631242649788 0.109786532466412 0.0741166640449792 0.0998422312002081 0.0635793337761272 -0.00524687178165114 -0.0203171647835028 -0.0126883070650244 -0.00598879321541394 0.049255386971683 0.0925919429689692 -0.0206031642342228 -0.0131311865297008 -0.0541075485200264 0.0329463943488542 -0.0487218658734259 -0.0549303237625678 -0.0947031604140335 -0.109726743009635 0.00219588253979032 -0.166434512420237 -0.149020282252771
-9999 -9999 -9999 -9999 -9999 -9999 -9999 -9999 -9999 -9999 -9999 0.1239942541242 0.177808004367242 0.208879406504637 0.171120017298017 0.182527577279873 0.091220415580329 0.0764053571281279 0.111570407081758 0.105133604171807 0.104321615320616 0.0469105542584075 0.0730214226702759 0.0252155096936755 0.0755417121315691 0.148113328146785 0.210761478572157 0.128827446687697 0.0267249965095345 0.0396385362832983 0.0215953879605497 -0.0409541602321713 0.0615661756392251 0.0393412668858326 0.00376809966864966 0.105317476345715 0.013274429635178 0.0167546370846969 -0.0404905377842377 -0.0251492097023209 -0.0543410975639726 -0.0334788874433202 -0.0378327704593674 -0.0604596140523546 0.032307295079878 0.00195755523520672 -0.0538040924881381 -0.0623351369222839
-9999 -9999 -9999 -9999 -9999 -9999 -9999 -9999 -9999 -9999 -9999 0.199124200264183 0.163825774260348 0.21164837098867 0.213287157630716 0.115920424334472 0.0669281991169503 0.0758997253964154 0.0603884013437785 0.0988529772463812 0.127324906343097 0.0742435074927385 0.0800911134765718 0.0809489402079206 0.0969977662215127 0.00942861275572648 0.188327863594621 0.0447104002837258 0.0169231334771427 0.0328483898135687 0.0157908307507927 0.0363770972443045 0.0449884991602429 -0.0169823825578952 -0.00911517254471089 -0.0324955602606292 -0.0106359408655051 0.0361518273491303 0.00815667853546327 -0.0419570456901755 0.0182102901788004 0.0475355736986444 -0.0101311201063095 -0.0200769484268375 -0.107389767790873 0.00714273039189129 0.0211484924240015 0.0523146825803618
-9999 -9999 -9999 -9999 -9999 -9999 -9999 -9999 -9999 -9999 -9999 -9999 0.192974911256808 0.130734378563832 0.133402700409288 0.211817821713068 0.0647447468980912 0.128969916188897 0.0825488491888206 0.0570371911050698 0.116494951991136 0.162858238260525 0.142817070406453 0.0478054419917314 0.0302701744809385 0.0370946345060862 0.17332792153837 0.227989672960367 0.0672821390079043 -0.0266954316300918 -0.00242733634862609 0.0261152334343047 -0.0277096409500458 -0.0415953939081348 -0.0565412084116286 -0.0719145419233733 -0.00697777590377614 0.0448674679581152 0.0715709991957433 0.127823955336639 0.0409763255929626 0.0450594989400088 -0.0218607979661825 0.0209576999957523 -0.0143762991076553 -0.0109782077361278 0.000384750847242075 0.0804059479845352
-9999 -9999 -9999 -9999 -9999 -9999 -9999 -9999 -9999 -9999 -9999 -9999 0.0968835957389274 0.173930920991413 0.0627722414761188 0.0908617200769943 0.118038501889486 0.137583603356481 0.186628262784758 0.228150618848051 0.229249571737432 0.247673541735739 0.0694793978161003 -0.0189976794002226 0.0694389739598964 0.216982499520415 0.205880115663959 0.164864123924488 0.0750356615231876 0.0251818516137469 0.0146419110495122 0.0224313723521386 0.0131942510997182 -0.0478237003675684 -0.0766393947077305 -0.00955026743626079 0.12233323776966 0.0406501309626579 0.0330208680227476 0.0522953232623946 0.0840683752594994 0.0267167358181401 -0.015145736574372 0.0145782027101735 0.118803878960034 0.0215130556183728 0.014822008177638 -0.0458296710691148
-9999 -9999 -9999 -9999 -9999 -9999 -9999 -9999 -9999 -9999 -9999 -9999 0.0520202590869755 0.174583489492469 0.134585523726286 0.0704440580937366 0.109383793913355 0.0813866581822532 0.043185226605314 0.123090228887468 0.269273335367988 0.28311396209255 0.212433643167676 -0.0558022719563003 -0.0120428968006725 0.112518887967731 0.216414959053431 0.34202384164328 0.0317479857517981 0.0444967216184817 0.0604157574838031 0.0431483153838391 -0.00180069150076872 0.063147879302131 -0.0490170166274747 0.0708072124743329 0.178048077817662 0.0328605066773116 -0.0133588969240859 0.151633901965444 0.204281118587366 0.0964286397748484 0.0529718113987723 0.0184435706406857 0.0110161022145604 -0.00800835500421443 0.0151880737881013 0.0127555379252062
-9999 -9999 -9999 -9999 -9999 -9999 -9999 -9999 -9999 -9999 -9999 -9999 0.184228552649616 0.291405246574772 0.328393582349074 0.136078382895266 0.0729230256685856 0.0604937956103327 0.0642577426308885 0.0653313957256543 0.0950226479819855 0.0521109873954689 0.173783636201065 0.209207906385978 0.101206735931757 0.178244290556659 0.291451347517885 0.208842204981868 0.0992518653242579 0.122012605400946 0.10152282296774 0.0436427442476123 -0.009665071193592 -0.0306267959979846 0.00436203055266597 0.0775374181246852 0.167692311765065 0.126456335605412 0.0672627895540824 0.170159959995346 0.249660239097353 0.178078646826619 0.0880692826943314 -0.00242709328652864 0.0108511624894749 0.0518209055742863 0.0269917670621672 0.0424029327176762
-9999 -9999 -9999 -9999 -9999 -9999 -9999 -9999 -9999 -9999 -9999 -9999 -9999 0.334313796291708 0.391793280944418 0.198528058248866 0.113354768416845 0.108000497731082 0.0763819742435066 0.0683279708435335 -0.0869395671775355 0.0362847504139315 0.228688125619097 0.293086475344781 0.200742978829784 0.262648126604382 0.328430556672151 0.254015039860888 0.182260096736811 0.17857661266132 0.173449448800777 -0.00852310576585216 -0.0393682970672762 0.00339079184034646 0.0395922975908615 0.0990697082495436 0.149594287513711 0.205517069681519 0.188322806572712 0.193581397549091 0.218414451284215 0.153583266872481 0.0820612481536047 0.0788573082298216 0.100541465499313 0.072771112878291 0.0384987209352498 -0.0398238725606358
-9999 -9999 -9999 -9999 -9999 -9999 -9999 -9999 -9999 -9999 -9999 -9999 -9999 0.347711197962184 0.268112661722547 0.0605977416344944 0.109282695485581 0.11188129689236 0.0451629790343203 -0.0869491651204339 -0.117688095080993 0.128996143432172 0.112899985468964 0.196796240238373 0.265678329149075 0.319234217942801 0.238422268744131 0.295709823748062 0.134118045208942 0.120152653401271 0.0954240453161178 0.0372916544112696 0.0708459039794457 0.0556431044347839 -0.0503744124447213 0.111386856079678 0.191310092419352 0.219098608855801 0.216641569671512 0.220304487493523 0.255706887687477 0.244754843981757 0.164380808932056 0.118274086756247 0.138980301134782 0.136948995467766 -0.0390558240887313 -0.0426378368381862
