data/rasters/s5.05.07.li.2_xyz_08_.asc
NCOLS 100 
NROWS 100 
XLLCORNER -4 
YLLCORNER -4 
CELLSIZE 0.08 
NODATA_value -9999 
[rows 63 to 83 of 100, columns 0 to 47 of 100]
-9999 -9999 -9999 -9999 -9999 -9999 -9999 -9999 -9999 -9999 -9999 -9999 -9999 0.317814983831829 0.263912364118489 0.0990514074086467 0.0469850830649419 0.0675544484464795 -0.0800634713973744 -0.0489329240431887 -0.276454966865779 0.0619417412988376 0.0994175246175359 0.175492346418437 0.307958356347268 0.26816250146401 0.323580428886798 0.284397844198995 0.186397137800569 0.128269198544642 0.0784985757108786 0.033740683539378 0.0765861583379897 0.14854409994436 0.15129668157076 0.180136764093949 0.17199598772144 0.179504741457025 0.206635463870436 0.230348203679818 0.166934915856253 0.0937679303070285 -0.0195939182077184 -0.0044873789634703 -0.128919029667197 0.104880376732357 -0.074898506135115 -0.167775065647679
-9999 -9999 -9999 -9999 -9999 -9999 -9999 -9999 -9999 -9999 -9999 -9999 -9999 -9999 0.272674064679862 0.128496830578196 0.067192115744709 0.0595169751145506 0.135365141177667 -0.0529724711190681 0.244091683002542 0.155822177781444 0.107723555485982 0.218413149420221 0.306647683994657 0.199529324073135 0.204790070223832 0.240585025155235 0.110394720377042 0.132674248559158 0.0709507826017585 0.125470333166723 0.0906584227863777 0.110325340131896 0.159546254768937 0.112296029320666 0.0594277654304714 0.107034213995394 0.127407049338552 0.187626886564431 0.20353017216693 0.190481979620483 -0.1108435324639 -0.0602755133431315 -0.0572545887703706 -0.0854836953147261 -0.110052747435162 -0.107089363894961
-9999 -9999 -9999 -9999 -9999 -9999 -9999 -9999 -9999 -9999 -9999 -9999 -9999 -9999 -9999 -0.0501854382881385 0.0524009273555108 0.0734044341635519 -0.0105989248877304 0.09400110804091 0.160222900004765 0.172876690251943 0.142915608826504 0.0868939843589999 0.122954428798924 0.12945450198669 0.22630987747591 0.192156860744016 0.164231463679904 0.144012766642742 0.135150472343966 0.161051629641602 0.16355355411958 0.226303300458991 0.0794572709605314 0.00173309143654509 -0.00101333207369754 -0.0717280167065184 -9999 0.160342025141116 0.211600316002566 0.0522224004627287 -0.164232584535373 -0.164454353853624 -0.151799335166119 -0.0894250293141611 -0.0967332623687783 -0.105569668239402
-9999 -9999 -9999 -9999 -9999 -9999 -9999 -9999 -9999 -9999 -9999 -9999 -9999 -9999 -9999 -0.00740955083619577 0.00481245135722664 0.0327169580924706 0.0246889848140473 0.083818626452715 0.169901873214179 0.163008509336214 0.114791956524113 0.0946238616383469 0.138639010998708 0.116415341752984 0.0776032098768458 0.17178166276475 0.186208709063612 0.158626507826202 0.163603523167846 0.187147956606183 0.173759748226109 0.199276612601361 0.107373563395509 0.0615996360041886 0.0578840704508282 0.112910399232365 0.0927964030826388 0.154441733520365 0.0323870320450048 0.0321994520549071 -0.155363280390668 -0.125933541145495 -0.143025792538197 -0.180195736487389 -0.125883091818737 -0.136109270691602
-9999 -9999 -9999 -9999 -9999 -9999 -9999 -9999 -9999 -9999 -9999 -9999 -9999 -9999 -9999 -0.0017326258095485 0.00691996414365108 -0.0789236734490878 -0.0499475823699152 0.0590377669261223 0.0827473937418381 0.0817303619262105 0.0658982024186411 0.0835512945826509 0.0538755109964026 0.0927687612846339 0.0974589602323278 0.108629769902864 0.117522046585412 0.120842003061575 0.133500623373639 0.0881666517676466 0.107810023760134 0.122701787691939 0.179521961543555 0.0353587646432486 0.0749880380077912 0.0474965891508177 0.0562604097094348 0.161440487139853 0.00645021764492834 0.0133049892773584 -0.124190654321325 -0.0963860292560669 -0.0918192649293414 -0.123521850910291 -0.13933188572434 -0.244464787863192
-9999 -9999 -9999 -9999 -9999 -9999 -9999 -9999 -9999 -9999 -9999 -9999 -9999 -9999 -9999 -9999 -0.0522601272660123 -0.130741276874456 -0.0530416569240565 0.0785091673399649 0.0257041888187137 0.0123682796793537 -0.00338288578468828 -0.0242282889541725 0.0021649787879103 0.0880225709644156 0.131483578234822 0.133498843760231 0.115454209782914 0.078038729198026 0.092273468170626 0.0757945226453069 0.12724134881238 -0.0307867800962743 0.0515049944990932 -0.0259068442047493 -0.00518121316549781 -0.00819552923414123 -0.0837968338628187 -0.137075814769453 -0.00914062190377984 0.0198577362135867 -0.0496660467893626 -0.0812146534439994 -0.0459335004484836 -0.0821156275205976 -0.143573244946227 -0.184682290367657
-9999 -9999 -9999 -9999 -9999 -9999 -9999 -9999 -9999 -9999 -9999 -9999 -9999 -9999 -9999 -9999 -0.0921665914340587 -0.109140052426356 -0.102520945970324 -0.137715334838431 0.101150279547085 -0.0473485869227146 -0.0636814931422572 -0.0925225263603195 -0.00367093927837482 0.111651937908884 0.169575491006672 0.125672069198464 0.192786485332753 0.158757660700759 0.176737020051027 0.0924678535150275 0.0366474201899663 -0.00545681307404341 0.00939447253819279 -0.0275120024000219 -0.0085772972766947 0.0346374553065313 -0.00640602428741301 -0.0515638397107246 0.0742009329752219 0.0795492454978015 -0.0938743381523845 -0.118456964480612 -0.0273872700451606 -0.0411751106055645 -0.00441096472389723 0.0250361278720458
-9999 -9999 -9999 -9999 -9999 -9999 -9999 -9999 -9999 -9999 -9999 -9999 -9999 -9999 -9999 -9999 -0.0559286150125414 -0.0606900151063621 -0.141151136669396 -0.123500474770409 0.0523533720688526 -0.0614665067479456 -0.088589402306591 -0.112446548355275 -0.0360376051816341 0.0743288142190012 0.0616185637312067 0.147508895419668 0.186993896909129 0.16549129504515 0.208150896846953 0.0723825703723304 0.0725574350633064 0.00280878445454377 0.00416458534903881 -0.012306594506076 -0.0125256854535296 -0.0141422070513041 0.0283572043496566 -0.0485869004295628 0.0337031608685835 0.00814622457869538 -0.0712215410516358 0.0473752235146249 6.01754620089036e-05 -0.0764838571888721 -0.0618095806603902 -0.0653585982925931
-9999 -9999 -9999 -9999 -9999 -9999 -9999 -9999 -9999 -9999 -9999 -9999 -9999 -9999 -9999 -9999 -9999 -9999 0.0866215728505949 0.0160430483436063 0.0421921794047596 -0.0634049290419094 -0.0257533435412589 -0.00931812337098926 -0.0171015035525532 0.0732628207965497 0.0509409547726796 0.0910314133917145 0.0502763462603168 0.174497593987005 0.227100242249877 0.0232527256243823 0.00324052541724107 0.0128469932741061 0.0295228793653437 0.0059322808303732 -0.103163033452421 -0.0975486983086397 -0.0603046541985685 -0.00794993756938619 0.0307716914620447 -0.0470390248883108 -0.00341194992236292 0.0606267490363074 0.0222123603930496 -0.0468415320827947 -0.00948359272914709 0.0292658675048126
-9999 -9999 -9999 -9999 -9999 -9999 -9999 -9999 -9999 -9999 -9999 -9999 -9999 -9999 -9999 -9999 -9999 -9999 0.144846590379268 0.0580821179315324 0.0313378479269947 0.00496300958281131 -0.0513015854953951 0.0232883228931216 -0.000266712651795391 0.0513502689857718 -0.0162104812426863 0.0100530420511466 0.00263401985428031 0.140231999464668 0.144019099154345 0.0667620108430168 -0.0623721416704341 -0.0763180360115445 0.0736711946118271 -0.0295419388950469 -0.111103611248899 -0.0888954022449494 -0.0371144413682871 0.0316807754266008 -0.124750326488524 -0.0846231562661437 0.010181812024678 0.00230414160159242 -0.010956211070065 -0.0244278507241211 0.0143064686465893 0.102945745868234
-9999 -9999 -9999 -9999 -9999 -9999 -9999 -9999 -9999 -9999 -9999 -9999 -9999 -9999 -9999 -9999 -9999 -9999 -9999 0.0750181347364122 0.0804549724452766 0.0479494744510153 0.048827737621544 -0.00887010211737109 -0.0581856268709027 0.0613795600168563 -0.000455140078256689 0.00867976569118465 -0.006483148955401 0.0738864823191542 0.149438630948947 0.111274703183314 -0.0451589474588396 -0.0950637895951221 -0.110553943701373 -0.0587543162345122 -0.0830375620580396 -0.0683460948663132 -0.0343571123230291 -0.0413542021011212 -0.0248636678172126 -0.00620699425117216 0.0535500824464515 0.022085537780996 0.0617048852037651 -0.0233545577130667 0.121852766795484 0.0289155521770982
-9999 -9999 -9999 -9999 -9999 -9999 -9999 -9999 -9999 -9999 -9999 -9999 -9999 -9999 -9999 -9999 -9999 -9999 -9999 0.0931769051201659 0.087040190132013 0.152919558927622 0.0898269393266371 -0.0362932588594151 -0.0908027862595616 -0.0406567312986479 -0.000606815480016431 -0.0446763081755182 -0.13609693346574 0.0289537232121725 0.0817737310657884 0.00943665449280289 -0.0662724686930419 -0.102712311136128 -0.10187988399062 -0.100955926130816 -0.126547322729675 -0.0906259329732285 -0.0686240189786891 -0.0736968724791436 -0.066391807164258 -0.0105209980757838 0.0495448358337109 0.0660526888904201 0.0621249525666642 -0.0389214107066031 0.0460060530025159 0.0633685539349757
-9999 -9999 -9999 -9999 -9999 -9999 -9999 -9999 -9999 -9999 -9999 -9999 -9999 -9999 -9999 -9999 -9999 -9999 -9999 -9999 -9999 0.190338030886438 0.0444803819067666 -0.0540677708605998 -0.0482712967317615 -0.0421932128680123 -0.0391854246121913 -0.061572167237614 -0.0784236798041798 -0.0482652778639929 0.000714813282171425 -0.0317622451631289 -0.00227188581136227 -0.108329656285416 -0.175536343915569 -0.0971429183607793 -0.102940749597239 -0.0579659642539148 -0.069157154487935 -0.114619741949637 -0.0915010864994809 -0.0112263257578629 0.00443623100924381 0.0871779046213224 0.0571203549485849 0.0537573647222103 0.102182427452265 0.140943922072335
-9999 -9999 -9999 -9999 -9999 -9999 -9999 -9999 -9999 -9999 -9999 -9999 -9999 -9999 -9999 -9999 -9999 -9999 -9999 -9999 -9999 0.255646366594711 -0.0142111990540567 -0.0538302507480054 -0.0977288098807283 0.00549014190653916 -0.0622870552888641 -0.0964306719577425 -0.100835466927137 -0.00807700979333856 -0.0320728975793181 -0.00364575902338596 0.0268311038484502 -0.11120042296567 -0.149772832799218 -0.152956483301216 -0.11190044921367 -0.10346683214166 -0.157164341226713 -0.150671773020419 -0.149897883863475 -0.0367467385373313 -0.0348332236475076 0.00671727119875029 -0.00426977629699808 0.0445258092222461 0.094174830820078 0.0735148868278079
-9999 -9999 -9999 -9999 -9999 -9999 -9999 -9999 -9999 -9999 -9999 -9999 -9999 -9999 -9999 -9999 -9999 -9999 -9999 -9999 -9999 -9999 -9999 -0.0735888455632777 -0.0656104254772714 0.00387848367821522 -0.0191724290402497 -0.035585710340629 -0.0551596351177403 -0.0718375617591215 -0.0827075775010162 0.0129075164598742 0.0840882806348257 -0.197269376724683 -0.014822926642793 -9999 -0.0767747803845411 -0.14547398523701 -0.345433519894203 -0.463444258979555 -0.156604663266779 -0.0786253327229326 -0.0800196390307492 -0.0310048953150544 0.0263744893204872 0.028578269433917 0.00670883477062983 0.00813789399874869
-9999 -9999 -9999 -9999 -9999 -9999 -9999 -9999 -9999 -9999 -9999 -9999 -9999 -9999 -9999 -9999 -9999 -9999 -9999 -9999 -9999 -9999 -9999 -9999 -0.129975136239112 -0.0796489710929122 -0.0137813226458608 0.0212199513818362 -0.0294312972299304 -0.0394824586436878 -0.0197795420792023 0.0352348797891155 0.00317699312484556 -0.159571121819658 -0.0741407347998314 -0.134822007382604 -0.13536314128194 -0.186318315761888 -0.439400090491397 -0.350436185786838 -0.201682175467132 -0.0350866827925719 -0.00575728244960209 0.0183936664102623 0.04282783835653 0.0208180060088955 -0.017815342225712 0.0270735725108849
-9999 -9999 -9999 -9999 -9999 -9999 -9999 -9999 -9999 -9999 -9999 -9999 -9999 -9999 -9999 -9999 -9999 -9999 -9999 -9999 -9999 -9999 -9999 -9999 -0.195390720450507 -0.156078067116616 -0.138922502125048 -0.183011219841452 -0.035515231015088 -0.0534961746037513 -0.0066525712012326 0.0283141644560942 0.016878893592088 -0.131448975933003 -0.160492195158175 -0.253333808551585 -0.261527087324779 -0.439617146387293 -0.270644886527857 -0.196035729277552 -0.130517731631122 -0.0113925496436324 -0.071627562633289 -0.0757252995051566 -0.0113938319340131 -0.0234078742110393 -0.0143732324090902 -0.00471944027044242
-9999 -9999 -9999 -9999 -9999 -9999 -9999 -9999 -9999 -9999 -9999 -9999 -9999 -9999 -9999 -9999 -9999 -9999 -9999 -9999 -9999 -9999 -9999 -9999 -9999 -9999 -0.251407493705752 -0.239675501507138 -0.101362973800722 -0.060549482236558 -0.0226087805506055 -0.0447143739887421 -0.00494104033783557 -0.0555578721102062 -0.162075433703207 -0.254355636853055 -0.284640366610153 -0.433845215187064 -0.336887823997524 -0.254821538565539 -0.213608321742789 -0.194341311111663 -0.1338238909539 -0.115023422951135 -0.0770701689614095 -0.0963124084513783 0.00696549012234897 0.000659526909812745
-9999 -9999 -9999 -9999 -9999 -9999 -9999 -9999 -9999 -9999 -9999 -9999 -9999 -9999 -9999 -9999 -9999 -9999 -9999 -9999 -9999 -9999 -9999 -9999 -9999 -9999 -9999 -0.160484722582574 -0.183909526641319 -0.077018877914655 -0.0187001228623569 0.000354751414375614 -0.0376550435406468 0.00246369640178655 -0.0495019042258769 -0.176637242761124 -0.294893931772183 -0.360563375489771 -0.357421353415341 -0.32660086196679 -0.285152550200711 -0.226067133693211 -0.151077824558566 -0.135158274365387 -0.0953683844229889 -0.105498270790362 -0.0716149499018582 -0.108919294374448
-9999 -9999 -9999 -9999 -9999 -9999 -9999 -9999 -9999 -9999 -9999 -9999 -9999 -9999 -9999 -9999 -9999 -9999 -9999 -9999 -9999 -9999 -9999 -9999 -9999 -9999 -9999 -9999 -0.148796260410503 -0.151230305739989 -0.0019315673672892 -0.0531416690086568 -0.0533907442096775 -0.114258093511005 -0.0879100304721012 -0.0662397378080872 -0.224842238103652 -0.338169120612465 -0.374029442416467 -0.330894491614233 -0.30588893807043 -0.279085816227595 -0.200231412484158 -0.135196716430954 -0.101071955225516 -0.123719086640814 -0.0827447153819678 -0.115087610063729
-9999 -9999 -9999 -9999 -9999 -9999 -9999 -9999 -9999 -9999 -9999 -9999 -9999 -9999 -9999 -9999 -9999 -9999 -9999 -9999 -9999 -9999 -9999 -9999 -9999 -9999 -9999 -9999 -9999 -9999 -9999 -0.0382600235583069 -0.0787014761773062 -9999 -0.266972084687315 -0.115085588311284 -0.0767640926989517 -0.171941361694092 -0.355566778980066 -0.31473128015658 -0.24822761359942 -0.260030932805272 -0.199958547584525 -0.132766656880135 -0.125499349479342 -0.134457276090279 -0.114018321775442 -0.109261245173284
