data/rasters/s5.05.07.cu.5_xyz_08_.asc
NCOLS 100 
NROWS 100 
XLLCORNER -4 
YLLCORNER -4 
CELLSIZE 0.08 
NODATA_value -9999 
[rows 63 to 83 of 100, columns 48 to 95 of 100]
0.241149544997916 0.363363837358342 0.384322745896662 0.447185758893261 0.313971930882413 0.235728475830306 0.12741952771575 -0.105886034576202 -0.132498541791429 -0.130211271007127 -0.21530193755589 -0.265569104540626 -0.266389347198761 -0.218555713375455 -0.208173289654555 -0.129238161257095 -0.0430077726199253 -0.0044974551513277 0.036795276832842 -0.00733478826924554 0.169496813310505 0.205909324885359 0.238492036570201 0.228769878116144 0.200989479590497 0.0921800404505866 -0.0560031170881406 -0.158130721274032 -0.278920265196823 -0.346845916233854 -0.39033572818178 -0.419610765998794 -0.484160585465408 -0.470408499700973 -0.491372905259767 -0.43443319236107 -0.387248221553174 -0.341842146061086 -0.329697157164182 -9999 -9999 -9999 -9999 -9999 -9999 -9999 -9999 -9999
0.209937233211358 0.275182422250761 0.334141725116393 0.438916679263969 0.417926759052126 0.304013346065638 0.143727847734402 -0.0111374359409115 -0.0994996250806585 -0.103302986188231 -0.103412487256071 -0.197542320767434 -0.253796479659444 -0.215277687551053 -0.14075735027254 -0.0677690063525684 -0.0156681201361671 0.0331850495706655 0.0907213047870715 0.0496049608643009 0.229962732100691 0.198433518241371 0.187584849236074 0.192001201071289 0.254688936907474 0.140101870031556 -0.00179208381433161 -0.174328669056702 -0.271104843107592 -0.320158612334632 -0.368627339992264 -0.399893033545214 -0.417994109305452 -0.439603513692852 -0.461203941060541 -0.380162269408196 -0.332346087537904 -0.320531082056507 -9999 -9999 -9999 -9999 -9999 -9999 -9999 -9999 -9999 -9999
0.0644985605299668 0.182760585587393 0.167696233201497 -9999 0.392643111029528 0.342927620658931 0.207084058925209 0.0192479029795901 -0.0675179766624962 -0.0670904284744644 -0.0540569085894525 -0.109183167301709 -0.167557192462256 -0.182642522722133 -0.0681458578507477 -0.0298502027821439 -0.0390067411819298 -0.0375189293869171 -0.0104703136667619 -0.0764446724726808 -9999 -9999 0.0256514120859226 0.0616937769504548 0.11423124647239 0.124626084506365 -0.0328173441190204 -0.168336677391028 -0.227581564614102 -0.284597264108827 -0.347470076321205 -0.353847692846752 -0.367315030098361 -0.361113637328503 -0.409471658595233 -0.324714262183056 -0.313654655793181 -0.286446354578445 -9999 -9999 -9999 -9999 -9999 -9999 -9999 -9999 -9999 -9999
-0.0810387470523396 0.0513525757024333 0.27303091324607 -9999 -9999 0.302151720115317 0.188227115857732 -0.0077934763354507 -0.0310380507582684 0.0192402878142772 0.0590165940421879 0.0215169415217228 -0.0922164652907595 -0.0994274423452614 -0.0788459738132831 -0.0634544753168597 -0.0710362367615506 -0.0618361974382054 -0.0423844504977621 -0.127680799780183 -0.0967435139085089 -0.115260087559175 -0.0411826945847453 -0.0532630472668425 0.013087090509369 0.0986936517508005 0.0187730558535588 -0.146560881920997 -0.1741954666892 -0.249773372884225 -0.294920858051352 -0.258222308482954 -0.307760074127939 -0.321476451570072 -0.32907951865438 -0.313634076636797 -0.244437699503075 -9999 -9999 -9999 -9999 -9999 -9999 -9999 -9999 -9999 -9999 -9999
-0.111693863473165 -0.0375219499091259 0.237369063906517 0.150255418725591 0.268988964819662 0.221683841658419 0.126112738261266 0.0308199489584891 0.042096443208158 0.111545100973789 0.149893621442529 0.158787860605451 0.0112753221266845 -0.0108017448885487 0.0431565060709164 -0.0269154231519258 -0.115724569566804 -0.122018972494908 -0.143828517326838 -0.150934598140737 -0.181660493888253 -0.176437479184241 -0.167898072768421 -0.0732660886962214 -0.018818346414071 0.041318212406391 0.0298439814463597 -0.0364168023064614 -0.129421123859364 -0.227256199805881 -0.239992902388916 -0.240724137411084 -0.313917654490883 -0.315865114199296 -0.303499507323124 -0.301153499403258 -0.264504932334042 -9999 -9999 -9999 -9999 -9999 -9999 -9999 -9999 -9999 -9999 -9999
-0.293250751145564 -0.195428156010581 0.109625313031513 0.352793133868173 0.242389437709861 0.241056880237478 0.137317605954252 0.0786121255180729 0.0873532535593458 0.133084735577507 0.119370941441815 0.116279405259072 0.0512140331103203 0.073003305338341 0.0452597089761731 -0.0479359572146703 -0.14548922840941 -0.0847278230536954 -0.178409831523507 -0.20872938867832 -0.19839903918065 -0.20850570185436 -0.203080066549258 -0.191592965198113 -0.0497835823450441 0.0392751400923305 0.0917690479350093 0.114736073776245 -0.0970969719157841 -0.119622159521184 -0.179810051965932 -0.208800771527639 -0.257521242740854 -0.298979574482355 -0.233234664556868 -0.213622449597447 -9999 -9999 -9999 -9999 -9999 -9999 -9999 -9999 -9999 -9999 -9999 -9999
-0.315768936398762 -0.319408713005213 0.0894162731481352 0.439763487056037 0.263432899788002 0.246161806315719 0.131487155432117 0.132561214362444 0.11887155060077 0.094155274856442 0.0488576618079642 0.032324469671335 0.0593506231217327 0.089500864475734 -0.037066770521613 -0.0786111507707072 -0.184016768796678 -0.244308302753775 -0.256292450690588 -0.257542271418741 -0.239739659551455 -0.230004736416869 -0.236721409012499 -0.226894663978997 -0.0636860954484395 0.0524988096987869 0.12406356167896 0.103189379429806 0.0351138989332928 -0.0162314733851793 -0.115425242242312 -0.14188479792886 -0.175022159497955 -0.174136533925758 -0.137795080538544 -0.0989841815059215 -9999 -9999 -9999 -9999 -9999 -9999 -9999 -9999 -9999 -9999 -9999 -9999
-0.325881285896179 -0.241658728667733 0.0511949494585013 0.365293914127749 0.346309086270313 0.167142417317002 0.0772895855113643 0.0505099786085074 0.100620110149234 0.106321273459482 0.0765061101046212 0.087210989011335 0.0966809531958677 0.0998829910913844 0.0422102197905853 -0.160508580551308 -0.236826663523985 -0.27274345830593 -0.275011622323674 -0.266341369945945 -0.250169773605139 -0.271002367338004 -0.239003313452505 -0.251719574531282 -0.194365969789262 -0.168253324337444 0.128635768560997 0.0529595033424133 0.0689573837839867 0.123790001649446 -0.00166389953209669 -0.0720986825794497 -0.061996248854177 -0.0713361292785853 -0.0239344989609863 -9999 -9999 -9999 -9999 -9999 -9999 -9999 -9999 -9999 -9999 -9999 -9999 -9999
-0.287918349462747 -0.173857068802073 0.0379246265270933 0.269836283554904 0.401972606991035 0.118405357776954 0.0820691537402147 0.181036844186674 -9999 0.0994355618843653 0.107398066142633 0.155502161108461 0.158972319856693 0.165007177336312 0.110136380358455 -0.162539283560776 -0.175136430454929 -0.268096594704442 -0.280482191200391 -0.221721501634276 -0.238032276097908 -0.287117483867835 -0.198185086892805 -0.247677714753906 -0.118341563537087 -0.0944335367969186 -0.0589579909991055 0.0597578669851785 0.0598700279831611 0.0624788305233149 0.0193270919858272 0.0172736483246971 -9999 -9999 -9999 -9999 -9999 -9999 -9999 -9999 -9999 -9999 -9999 -9999 -9999 -9999 -9999 -9999
-0.278754055680443 -0.186246373176186 0.0324890929424529 0.140428412922733 0.347879446858736 0.169814090171563 0.142228212849407 0.118359072464808 0.087142226009258 0.0996396850199804 0.120948377198346 0.157765796229026 0.150226275871298 0.160920778810235 0.0636191484863749 -0.065655701069422 -0.167261575816967 -0.200406327736675 -0.249216397244791 -0.244526048307252 -0.194207809226415 -0.216988018632359 -0.15475591345358 -0.115825609913943 -0.130911724852661 -0.0590790725181518 -0.0245824056761024 0.0789542740301295 0.0243915969936231 0.0413483962101216 0.0582588767802475 0.102226761779601 -9999 -9999 -9999 -9999 -9999 -9999 -9999 -9999 -9999 -9999 -9999 -9999 -9999 -9999 -9999 -9999
-0.242152996543014 0.0196825272914967 0.0631169400885285 0.0801945302346393 0.164458650234158 0.186428157371429 0.308672475077413 0.223597057342871 0.110597290909169 0.165796446719968 0.224529760224257 0.16318670394036 0.201842952247539 0.156571443566476 -0.0203376680886797 -0.0438400330282829 -0.094372899158463 -0.100177617856193 -0.153765294951877 -0.158873415431537 -0.170349369850424 -0.177403747437117 -0.134992432482251 -0.115950978006629 -0.0911956784263121 -0.0626239020350683 0.0123464803415693 0.0697800101785066 0.0746574880652834 0.0636248265417133 0.0737998377071174 0.198801119516065 0.16968838134902 -9999 -9999 -9999 -9999 -9999 -9999 -9999 -9999 -9999 -9999 -9999 -9999 -9999 -9999 -9999
-0.143944919214875 0.0309279125569027 0.472595165767911 0.617132286042492 -9999 -9999 0.416052444360086 0.410203815414536 0.246627312692696 0.225922995436226 0.254403750665393 0.242488215495023 0.246329869914215 0.163383441621633 0.0895391696217651 0.0273508145636221 -0.0351033602276638 -0.0671938237781764 -0.0763207510554485 -0.0520683807924403 -0.120179126210488 -0.171224682602199 -0.141608518988222 -0.0856299391923181 -0.0206641046157154 -0.00357753063912179 0.0432166557946245 0.0882441669359975 0.0782771235029733 0.098387649021117 0.118523231424975 -9999 -9999 -9999 -9999 -9999 -9999 -9999 -9999 -9999 -9999 -9999 -9999 -9999 -9999 -9999 -9999 -9999
0.0620647473787569 0.0776496846329234 0.53069040250394 0.646080326585767 0.463498414820172 0.563769339380889 0.527529078111235 0.459656459447582 0.401769148318198 0.510421403353834 0.261543545606385 0.222850787163181 0.208645695773728 0.196645820326018 0.0899530773525515 0.0641703277371094 0.0191872007619605 -0.00169462626584845 -0.038691301919882 -0.0178535242589852 -0.0673283784678817 -0.0848680735263309 -0.0881731318840485 -0.0268069988773861 0.0301369214198606 0.0728402436609581 0.152273505205255 0.162898528664984 0.146152147631051 0.102185461249846 0.0931517013588351 -9999 -9999 -9999 -9999 -9999 -9999 -9999 -9999 -9999 -9999 -9999 -9999 -9999 -9999 -9999 -9999 -9999
0.329207126235359 0.369750427184426 0.459254324299121 0.484916512034481 0.506341544807513 0.501671669685851 0.514792422694256 0.461272247448215 0.41555688422145 0.407751710381895 0.39187655988174 0.216900692011317 0.142517900238462 0.20765214597352 0.171526374715796 0.0829451857435705 0.0961968107116208 0.0808658912481478 0.00732054748285141 0.00426690728625488 -0.0246797322980653 -0.0215564229795731 0.00629498793181683 0.0765334590810852 0.128777816135118 0.150963639799926 0.243855401766308 0.229083028104582 -9999 0.135876711287546 0.196871036774596 -9999 -9999 -9999 -9999 -9999 -9999 -9999 -9999 -9999 -9999 -9999 -9999 -9999 -9999 -9999 -9999 -9999
0.305399531487604 0.381596098006521 0.470285352698901 0.459381499925868 0.6042379102855 0.602192332630571 0.584188065773053 0.488546929885204 0.307736398834987 0.369178844290961 0.344943164810329 0.351015997282104 0.14198621785596 0.153313709330644 0.165054830505053 0.121361935584229 0.14825286447274 0.11435120332046 0.0690133790101711 0.0471690581978557 0.0504957943000597 0.0608500327938909 0.119410607676948 0.202915433904015 0.332228470803979 0.315575045600757 0.29114286326808 0.302287619105416 -9999 -9999 -9999 -9999 -9999 -9999 -9999 -9999 -9999 -9999 -9999 -9999 -9999 -9999 -9999 -9999 -9999 -9999 -9999 -9999
0.387577458949576 0.436121914505231 -9999 -9999 0.382529062103178 0.616512834056016 0.598785005807485 0.403119523059022 0.347084285760695 0.34619081672461 0.295761370592738 0.267402002640995 0.165388931610845 0.174455865060169 0.132721644308106 0.13974074707148 0.111227490463997 0.0854713799894967 0.122759158577355 0.116720629461555 0.131387274956977 0.13502988922179 0.15183637190795 0.38586469778836 0.486271188351049 0.440143267517819 0.432846171347405 -9999 -9999 -9999 -9999 -9999 -9999 -9999 -9999 -9999 -9999 -9999 -9999 -9999 -9999 -9999 -9999 -9999 -9999 -9999 -9999 -9999
0.409883203636731 0.411471659697164 0.341592758685544 0.237042798411521 0.389070947082039 0.422282886692988 0.37977411836641 0.346533685174787 0.345274151021047 0.353501281459422 0.27085747634012 0.27959905505662 0.104981722053105 0.165694921706562 0.192190612346787 0.16108821761907 0.143160947362127 0.148691237224807 0.275307445913114 0.238766511317185 0.250049361154041 0.239667604557962 -9999 -9999 0.432139650386719 0.519387534620244 0.512989867031063 -9999 -9999 -9999 -9999 -9999 -9999 -9999 -9999 -9999 -9999 -9999 -9999 -9999 -9999 -9999 -9999 -9999 -9999 -9999 -9999 -9999
0.44751964444259 0.44953396867428 0.429034848948447 0.301592458315402 0.292338066815165 0.382051786778461 0.343472847086091 0.334894212061537 0.330354289370913 0.33561345862804 0.376050991046454 0.288997734899117 0.197005776655793 0.187800952508945 0.187021479600549 0.182364940319498 0.210435802853482 0.364644496248395 0.408025524598788 0.44364452161679 0.425348527794718 0.276695512061216 -9999 -9999 -9999 -9999 -9999 -9999 -9999 -9999 -9999 -9999 -9999 -9999 -9999 -9999 -9999 -9999 -9999 -9999 -9999 -9999 -9999 -9999 -9999 -9999 -9999 -9999
0.454241316545134 0.547215522780266 0.553138052743187 0.318576301306384 0.285967655345749 0.373680960429841 0.379570023014313 0.409501171356245 0.317908781054199 0.339876715196868 0.313945307621336 0.302700748784191 0.425990256387846 0.286628367021082 0.264138671653937 0.287743797778095 0.371722525213845 0.326659797537379 0.294968737076607 0.376160992106609 -9999 -9999 0.66550744540615 0.62673809052547 0.45085400933805 -9999 -9999 -9999 -9999 -9999 -9999 -9999 -9999 -9999 -9999 -9999 -9999 -9999 -9999 -9999 -9999 -9999 -9999 -9999 -9999 -9999 -9999 -9999
0.485522493479831 0.405626091326534 0.321234195135874 0.320360324708093 -9999 0.282066775067691 0.107160805262352 0.30006695479349 0.268984989996267 0.282295497234585 0.344223106472937 0.350104498959198 0.352404028773337 0.323448776137649 0.348805476204193 0.28142966743274 0.375946322885862 0.370668732877481 0.341035621164275 -9999 -9999 -9999 0.532410834303782 0.685055458686181 -9999 -9999 -9999 -9999 -9999 -9999 -9999 -9999 -9999 -9999 -9999 -9999 -9999 -9999 -9999 -9999 -9999 -9999 -9999 -9999 -9999 -9999 -9999 -9999
0.360673435016785 0.347491981817533 0.347902810787738 0.310842580537126 -9999 0.279880441837804 0.283102059284587 0.276613484201393 0.314115556612188 0.309056125158091 0.310897428835911 0.348712171694343 0.315760681185312 0.297215360461506 0.259494289107203 0.255413703584786 0.247688279932795 0.435220057289526 0.415553583450841 -9999 -9999 -9999 -9999 -9999 -9999 -9999 -9999 -9999 -9999 -9999 -9999 -9999 -9999 -9999 -9999 -9999 -9999 -9999 -9999 -9999 -9999 -9999 -9999 -9999 -9999 -9999 -9999 -9999
