data/rasters/s5.05.07.li.5_xyz_08_.asc
NCOLS 100 
NROWS 100 
XLLCORNER -4 
YLLCORNER -4 
CELLSIZE 0.08 
NODATA_value -9999 
[rows 63 to 83 of 100, columns 0 to 47 of 100]
-9999 -9999 -9999 -9999 -9999 -9999 -9999 -9999 -9999 -9999 -9999 -9999 -9999 0.0924729123179003 0.0496784983406496 0.0036359841383946 0.0856889765947027 0.211797737594489 0.178876453637041 0.12829591764574 0.111697451204601 0.0437027017488835 0.0591530945865831 0.10494742042263 0.132670740484686 0.0372299700291997 0.11640245008027 0.146629345743618 0.214692631258826 0.07623873280226 0.257947982319078 0.084593081666022 0.00529142383366797 0.0249361907221484 0.0362316260943706 0.0109634011989682 -0.0150473066313602 -0.0533372942784806 -0.0627721057901744 0.0143106690819596 0.0899431285973787 -0.0424631469586638 -0.0487341813337955 -0.0679666394915679 0.0100428415623443 0.0868998708731544 0.25049349670849 0.264711204763987
-9999 -9999 -9999 -9999 -9999 -9999 -9999 -9999 -9999 -9999 -9999 -9999 -9999 -9999 0.0443638679460692 0.0108931310446438 -0.0114586113358878 -0.00400109442519731 0.00325913268593531 0.0384098517751186 0.0684684811223612 0.0306067470042376 0.0360836014080157 0.115332583900744 0.151856014202925 0.173007128439145 0.114904480181743 0.13051774053824 0.115107364754888 0.0390628615931696 0.0359917539471296 0.0247302755465458 0.037182417446275 0.0528558095990197 0.0606363670868842 0.0474980417668116 0.0261189074752445 -0.104522914669025 -0.0158346869146425 0.21978698391311 0.136111757535337 -0.0454081017887983 -0.14787781400228 -0.022203321961189 -0.0296652210850383 0.00614598415427436 0.0368307003816259 0.407285202442157
-9999 -9999 -9999 -9999 -9999 -9999 -9999 -9999 -9999 -9999 -9999 -9999 -9999 -9999 0.0373671786322112 -0.0177297308389335 -0.0631782147655297 -0.0788532882359311 -0.0340374912272542 0.0218875675546224 0.00388504564072271 0.0428533296810453 0.100494989036769 0.0784299542916692 0.122930239926454 0.19164606642676 0.26885031159729 0.18554408869561 0.109448817973772 0.0693526387611151 0.0928735441244543 0.0878806061316278 0.0751715479047874 0.0954165514693611 0.0619643879699288 0.068148621238806 0.0417588739051697 -0.0687531401711251 0.0794950537067562 0.107920775030737 0.0381422911723599 0.0244008809326878 -0.00801054821055652 0.0248275309454512 0.0354835512436865 0.148365210113798 0.263178515636186 0.333332323444005
-9999 -9999 -9999 -9999 -9999 -9999 -9999 -9999 -9999 -9999 -9999 -9999 -9999 -9999 -9999 -0.0820359023095323 -0.117422424639757 -0.111273697207309 -0.0968621009086445 0.157636568811091 0.0850559384544405 0.0618264775630248 0.107996325466177 0.15706067024054 0.1504213510957 0.14022014667076 0.151291495021344 0.109819841938196 0.0808736839182402 0.0489556813105478 0.0623060563079976 0.0742392966161779 0.124730965435319 0.0838820095443812 0.0609468450912194 0.074357606298977 0.00854272586314353 0.0493292781190192 0.0737170765337415 0.101678387106789 -0.00112089110299134 0.0710769471803495 0.0817554757448446 0.0760757829097522 0.113156557463485 0.185056400875729 0.223939792975418 0.257541369303995
-9999 -9999 -9999 -9999 -9999 -9999 -9999 -9999 -9999 -9999 -9999 -9999 -9999 -9999 -9999 -0.129578672419886 -0.141634416623832 -0.169852558670505 -0.111683880269351 -0.0426219691280214 0.0670678350343838 -0.0287207510134003 0.0874384824450554 0.0665740873611807 0.075983265521259 0.116825039441666 0.133809784031123 0.112209425174696 0.103709812502812 0.0278777040742954 0.0809903152613122 0.167704015954586 0.204676861933337 0.169029976990042 0.0541773192262445 0.0103643762773793 -0.0136119127681642 0.0500823597310106 0.0299528593548161 0.0617539155123521 0.0593944630539208 0.0561471538470384 0.0674593967860029 0.0759380960046471 0.0531094420669245 0.143957946496356 0.15467264116098 0.247828176670831
-9999 -9999 -9999 -9999 -9999 -9999 -9999 -9999 -9999 -9999 -9999 -9999 -9999 -9999 -9999 -9999 -0.153585912349257 -0.176434453361064 -0.13224203557166 -0.0460587767595985 -0.0473337738420227 -0.0390547692144463 -0.0270600515861572 0.0432382841855599 0.0754296541283556 0.0961709916721846 -9999 0.0603305863407611 0.112998187193887 0.120254385026108 0.0475879089087218 0.103786563625623 0.106752377664244 0.133121882016237 0.150768332110554 0.0394631672180551 0.0940273185562691 0.0911890074735797 0.0507511450828276 0.106466403225586 0.162886985847369 0.0350034115943496 0.0968225292595291 0.0729282578163575 0.120047333131219 0.168934295448253 0.199518472206368 0.254247934451177
-9999 -9999 -9999 -9999 -9999 -9999 -9999 -9999 -9999 -9999 -9999 -9999 -9999 -9999 -9999 -9999 -0.150506147731415 -0.161222181825345 -0.1401901164225 -0.102397455329431 -0.10439356071902 -0.0204096624375947 0.018377524308164 0.0426352475658502 0.0439759050341043 0.101608489949868 0.0977474756796972 -0.05367421546786 0.0661109853411661 0.103333715739904 0.0884000053957035 0.0772391297363038 0.10504563059907 0.211307042043263 0.247248070014223 0.100269009370668 0.163651221254715 0.213246325737077 0.144286422049919 0.127025610661419 0.221509779970019 0.126453510854483 0.146512017795834 0.149420685711759 0.25228178196141 0.362904693494941 0.385257333597743 0.337124760078946
-9999 -9999 -9999 -9999 -9999 -9999 -9999 -9999 -9999 -9999 -9999 -9999 -9999 -9999 -9999 -9999 -9999 -0.0787844306117811 -0.113442379201446 -0.0315687870657112 -0.0317706105951212 0.121599865750037 -0.0929642499730759 0.0158925495828192 -0.00674263763912821 0.0625680145956651 0.00818663670974173 -0.0353819060279892 -0.00432092447673556 0.124933572505709 0.0678362697008922 0.191195605056606 0.234498004558957 0.202000268487194 0.239025908349936 0.186672123458868 0.148863234835215 0.21361084454658 0.196959515389566 0.174272250766451 0.163784102717075 0.187732120150285 0.130753626714282 0.205755945157729 0.217171414114726 0.345850429905795 0.320576510143961 0.343853972494076
-9999 -9999 -9999 -9999 -9999 -9999 -9999 -9999 -9999 -9999 -9999 -9999 -9999 -9999 -9999 -9999 -9999 -0.132538384330356 -0.126525589484459 -0.0430851956209461 0.0100936819206111 -0.0549636117456507 -0.0544201991898288 -0.0580545124261402 0.0460041044933194 -0.0108110864466158 -0.017008535831946 -0.0243872950626459 0.0628846207639869 0.204761003355023 0.0185285236556836 0.198176403645698 0.145513271317227 0.117701241083987 0.219387832131749 0.311594279536962 0.275630820793377 0.239289019272484 0.195185649598703 0.126137083991455 0.222903283225415 0.148826284649774 0.185429189710274 0.179027477852031 0.299234104315193 0.3158737961983 0.333032081331768 0.331483299371566
-9999 -9999 -9999 -9999 -9999 -9999 -9999 -9999 -9999 -9999 -9999 -9999 -9999 -9999 -9999 -9999 -9999 -9999 -0.0649893650107747 -0.0291982305741998 -0.125043335734497 -0.110943370955197 -0.0875988571486902 -0.0569928840381904 -0.0615416446951729 -0.0542977393661806 -0.0332581481171222 -0.0564637053560774 -0.00369884455715023 -0.0772521760296799 0.0617806770039833 -0.0351967851777925 0.0206295655777042 0.310829889649685 0.341144653574216 0.348502006001193 0.335741502541198 0.20445928605431 0.159070457336198 0.141641318457052 0.160975942341194 0.203589449045557 0.162151433451035 0.156388939587595 0.175333997826027 0.367665728534949 0.2900111859748 0.280149547497457
-9999 -9999 -9999 -9999 -9999 -9999 -9999 -9999 -9999 -9999 -9999 -9999 -9999 -9999 -9999 -9999 -9999 -9999 -9999 -0.142594420342698 -0.110481417379232 -9999 -0.0837688139227641 0.0245189463302499 -0.0210862600241588 -0.0502164387207715 -0.11276310814933 -0.1249624834531 -0.0925526322137721 -0.0880522618692311 -0.00980482049376561 0.0179259676938639 0.126615659169916 0.36609354529576 -9999 0.256577470366362 0.239933773742958 0.239808988969289 0.168021648793914 0.183481067177025 0.192685589774095 0.154530563212977 -9999 0.0803550286783466 0.236500869238234 0.295213318265524 0.31230422930058 0.271468733479717
-9999 -9999 -9999 -9999 -9999 -9999 -9999 -9999 -9999 -9999 -9999 -9999 -9999 -9999 -9999 -9999 -9999 -9999 -9999 -0.00140542569775939 -0.0941880859086438 -0.155035972809197 -0.100015857836137 0.0241066435827775 -9999 -0.104407171576551 -0.12841501713612 -0.158317618852104 -0.0758010010653021 -0.0426922879566383 -0.119410650860463 0.133217830373623 0.125592582679582 0.133322977656951 0.146553369473719 0.206776746963467 0.242077782714914 0.172488759467254 0.149954142321195 0.0959973310315416 0.20934841199385 0.111544074858487 0.0557920034899532 0.112645602465631 0.185392399880431 0.286505430693151 0.373710009980491 0.279777958524164
-9999 -9999 -9999 -9999 -9999 -9999 -9999 -9999 -9999 -9999 -9999 -9999 -9999 -9999 -9999 -9999 -9999 -9999 -9999 -9999 -0.105461051746172 -0.125633984372212 -0.156114426000669 -0.0759949030211578 -0.209396775447806 -0.163051471104112 -0.136914078745377 -0.147522779926159 -0.11148261792129 -0.137026293881497 -0.146890308464347 0.116398390911033 0.13625578284365 0.0948428531387892 0.100081466093972 0.0774966760171825 0.0894089287822344 0.122426920636062 0.137430247186951 0.0910093737988702 0.0414177565909888 0.0370169223284565 -0.00990708985765563 0.312509425299743 0.234594248653074 0.289481796119688 0.355622962311607 -9999
-9999 -9999 -9999 -9999 -9999 -9999 -9999 -9999 -9999 -9999 -9999 -9999 -9999 -9999 -9999 -9999 -9999 -9999 -9999 -9999 -9999 -0.135414589406072 -0.151064426109758 -0.206001254969646 -0.196139901774411 -0.204232546171236 -0.177301373820197 -0.205281422742814 -0.180521913060518 -0.135251011162942 0.0242999506958994 0.0514733160202947 0.083060632492838 0.0943109219097479 0.0696180107912054 0.0650346059143391 0.0638581522831103 0.0863343048388815 0.102663592421859 -0.0100684377050983 0.0303535738383496 0.00897940157578352 0.039228655009543 0.0185018201126112 0.255856407057744 0.24610659530477 0.23151510756841 0.230360999348168
-9999 -9999 -9999 -9999 -9999 -9999 -9999 -9999 -9999 -9999 -9999 -9999 -9999 -9999 -9999 -9999 -9999 -9999 -9999 -9999 -9999 -9999 -9999 -0.213391815664279 -0.165677456964879 -0.158619535587764 -0.158649778823827 -0.176832700102582 -0.15501667741206 -0.103783864977011 -0.051246851317554 -0.036108963565033 -0.0308078752479684 0.0337680366500178 -0.0238173406439063 -0.0155382287208312 0.0986124321257131 0.0384040044517814 0.00235998360918328 -0.0462202467948128 -0.0288257543336255 -0.0114369991562321 0.0233056814382744 0.00737613820261872 0.110658372362498 0.190109525370337 0.198121789289579 0.202471743832087
-9999 -9999 -9999 -9999 -9999 -9999 -9999 -9999 -9999 -9999 -9999 -9999 -9999 -9999 -9999 -9999 -9999 -9999 -9999 -9999 -9999 -9999 -9999 -0.133778257395043 -0.192415548159643 -0.194996627768051 -0.189739170025244 -0.172789079775777 -0.149774745339219 -0.171892818503161 -0.104136111379026 -0.0126648486883169 -0.0325757278204159 -0.0392209106767623 0.0553446678967606 -0.0140169017859005 -0.0539458863697311 -0.0298420089852307 -0.0736696450525949 -0.0220643072420057 -0.0532800421045229 -0.0501571921658967 -0.0247441289902638 0.0185294331623344 0.0791370117364498 0.108241137957295 0.115005204580109 0.302713467473453
-9999 -9999 -9999 -9999 -9999 -9999 -9999 -9999 -9999 -9999 -9999 -9999 -9999 -9999 -9999 -9999 -9999 -9999 -9999 -9999 -9999 -9999 -9999 -9999 -0.247289587992132 -0.180129142023668 -0.0392477518134787 -0.144962624840378 -0.146916737308694 -0.135434851566459 -0.149212704164625 0.00479099830320012 0.00411309502802553 -9999 -9999 -0.0726467399041277 -0.0726126264390455 -0.0955432441229518 -0.0588403852974508 -0.0488000771454152 -0.0645726832993063 -0.104843729068337 -0.0560581857600705 -0.00791942576709864 0.0654393373250622 0.0990128372430808 0.155882245539633 0.274953755810694
-9999 -9999 -9999 -9999 -9999 -9999 -9999 -9999 -9999 -9999 -9999 -9999 -9999 -9999 -9999 -9999 -9999 -9999 -9999 -9999 -9999 -9999 -9999 -9999 -9999 -0.140639555379382 -0.127375655936184 -0.121145188779981 -0.120927245549267 -0.101478567181764 -0.015409446309531 -0.0234522886694107 -0.0204726050414716 -0.0717633440077448 -0.136626840548795 -0.0758811713400804 -0.17079638045608 -0.16887747686235 -0.0888712052630503 -0.113682459410687 -0.121011365025923 -0.174946861418861 -0.146345006035887 -0.0201223714330196 0.0245860624503882 0.0213892954832452 0.0871646299118998 0.110805146784849
-9999 -9999 -9999 -9999 -9999 -9999 -9999 -9999 -9999 -9999 -9999 -9999 -9999 -9999 -9999 -9999 -9999 -9999 -9999 -9999 -9999 -9999 -9999 -9999 -9999 -9999 -9999 -0.154162556188477 -0.156177312967332 -0.117020959693652 -0.172444677193941 -0.0793497304260825 -0.0686084942278683 -0.113478897025603 -0.186988608497177 -0.124306243374003 -0.17759580445849 -0.225964709171859 -0.161367797524929 -0.148566147830402 -0.155418790777042 -0.215732600705085 -0.118260939642662 -0.0825248214664922 -0.0882966405765219 -0.0569798791710664 -0.0261025210723128 0.133351542171574
-9999 -9999 -9999 -9999 -9999 -9999 -9999 -9999 -9999 -9999 -9999 -9999 -9999 -9999 -9999 -9999 -9999 -9999 -9999 -9999 -9999 -9999 -9999 -9999 -9999 -9999 -9999 -9999 -0.196090430576466 0.031059248470392 -0.153556154504054 -0.10447222876037 -0.081828053866217 -0.108464974717456 -0.15179646444583 -9999 -0.152009730896166 -0.209600458813306 -0.260305378971592 -0.170781363764654 -0.196766324342667 -0.181500893501018 -0.123383470069808 -9999 0.11584503595629 0.124659842227905 0.170324372299748 0.12071604439037
-9999 -9999 -9999 -9999 -9999 -9999 -9999 -9999 -9999 -9999 -9999 -9999 -9999 -9999 -9999 -9999 -9999 -9999 -9999 -9999 -9999 -9999 -9999 -9999 -9999 -9999 -9999 -9999 -9999 -9999 -0.128941394686909 -0.136501646857461 -0.219354593391139 -0.194060155071198 -0.195851749534954 -0.199581872445483 -9999 -0.21453439992893 -0.234743935768783 -0.16859493909161 -0.169799760931507 -0.238494878732408 -0.219690943085821 0.119350160478824 0.11755686608979 0.15873539721741 0.159917377199863 0.173541067842356
