data/rasters/s5.05.07.cu.4_xyz_08_.asc
NCOLS 100 
NROWS 100 
XLLCORNER -4 
YLLCORNER -4 
CELLSIZE 0.08 
NODATA_value -9999 
[rows 63 to 83 of 100, columns 0 to 47 of 100]
-9999 -9999 -9999 -9999 -9999 -9999 -9999 -9999 -9999 -9999 -9999 -9999 -9999 0.0677798033672806 0.0779658492971469 -0.0131181361743394 0.0434187780995419 0.049225457795648 0.0976205959825002 0.157333430452452 0.211052761548719 0.248330196069385 0.274543936374122 0.203824215565095 0.146020069129079 0.174126326225359 0.126326567065716 0.150322853498487 0.162264244862866 0.146522312608188 0.152240236814403 0.104772364695329 0.0733876171190249 0.0544717205101592 0.0163844163412711 0.0178122857991384 -0.0076035685606493 -0.0218527748435668 0.00930195357392322 0.0280406789950526 0.0585253908560878 0.0748402914788606 0.112138953538389 0.114137659184069 0.0850816536164614 0.0921247431239141 0.0752947221448908 0.0029185521199706
-9999 -9999 -9999 -9999 -9999 -9999 -9999 -9999 -9999 -9999 -9999 -9999 -9999 -9999 0.0873360293023517 -0.00970738907103531 0.00077676857350545 0.00579902715040936 0.011996538380891 0.0111844334370719 0.0328340478785864 0.244958387655292 0.302331925790225 0.184530742977046 0.200936070572779 0.185400590887805 0.204546925458641 0.189123955783512 0.134748921311432 0.178331336442099 0.201775600100106 0.174946497429742 0.109553596418982 0.0561246485897136 0.0217550213708214 0.00480146908969172 -0.0214548990332496 -0.0469574096969302 0.0083723710836258 0.0435330706007186 0.0353865629593141 0.0423035763447964 0.0566522491247142 0.0626233747193103 0.0601816323680594 0.0518723224216484 -0.0238595753618552 -0.0562151817455823
-9999 -9999 -9999 -9999 -9999 -9999 -9999 -9999 -9999 -9999 -9999 -9999 -9999 -9999 0.0181422827883736 -0.016603854523812 -0.0230339264079408 -0.00508153756815841 -0.0389536742305521 0.0756918115635398 0.0223567316394606 0.218033186067507 0.273323429122405 0.181320393073939 0.164927923823865 0.167972153158224 0.185096443286978 0.11474403235642 0.0834124996484399 0.176343654581012 0.209914028511371 0.193180093494986 0.104958734293427 0.051827884679774 -0.0150600018370907 -0.0160472342614128 -0.00387772961064111 -0.0314759586469949 0.0834726468492052 -0.0839994785521617 -0.146627861556068 -0.0581779493412462 0.0162510360494196 0.0314000611374302 -0.00192843936407768 -0.012919142750129 -0.0523106605046157 -0.0411860316238027
-9999 -9999 -9999 -9999 -9999 -9999 -9999 -9999 -9999 -9999 -9999 -9999 -9999 -9999 -9999 -0.0312296282551321 -0.00982625114932893 -0.00877974544391701 -0.0963433221469637 0.107048375490578 0.115707271632862 0.162105822143605 0.197270718202963 0.175264379469431 0.15310141492369 0.154662520240644 0.146051662225172 0.10865144926663 0.0831648858737947 0.0753175487507611 0.121148665396973 0.193592177064567 0.16167059904259 0.039254001292088 0.0139172091603808 0.0137720183863041 -0.0889131003371548 -0.117205623474682 -0.103441659637958 -0.127094699316157 -0.138050474082175 -0.0623546053053968 -0.060713657035798 -0.05266086959644 -0.0234012304892876 -0.0287643642219279 -0.00739778799778926 -0.0645283539789872
-9999 -9999 -9999 -9999 -9999 -9999 -9999 -9999 -9999 -9999 -9999 -9999 -9999 -9999 -9999 0.0791995958987249 0.037396819343305 0.0344609835505051 0.0908996423188605 0.09169150447121 0.0721991693746789 0.102157041095638 0.159768146018237 0.153419272125039 0.141073839624318 0.157484598972934 0.177025924970082 0.133571475078759 0.0872583164447692 -0.0108355883521807 0.027901566730162 0.189200717921156 0.170135503412221 0.0828076517695594 0.0441725732357486 2.35962377141838e-05 -0.14782066863312 -0.224400494653001 -0.178390618754682 -0.144832618269281 -0.17099788188073 -0.101380454061619 -0.10996926342167 -0.106125526098311 -0.101517524285995 0.0256858880195863 -0.0314132541235045 -0.130565459594293
-9999 -9999 -9999 -9999 -9999 -9999 -9999 -9999 -9999 -9999 -9999 -9999 -9999 -9999 -9999 -9999 0.130598394353638 0.00921919431322285 0.0305260341261519 0.0986247636697912 0.109579051980022 0.125028901249224 0.263006573091105 0.222256970562362 0.240308218563841 0.189124951566209 0.21835229711346 0.15644713132588 0.0855573541528645 0.101178666061057 0.153398009383587 0.126367187319934 0.0917040744116204 0.0474273815929114 -0.0182682739242933 -0.0619006906778973 -0.14699876117546 -0.197005680179567 -0.142486339273785 -0.157927387978614 -0.106446909500417 -0.100942989628461 -0.107558788906215 -0.0688061875330234 -0.0330174194548074 0.0134800846552771 0.00164012979442643 -0.0569949399606224
-9999 -9999 -9999 -9999 -9999 -9999 -9999 -9999 -9999 -9999 -9999 -9999 -9999 -9999 -9999 -9999 0.192352271234175 0.192840638245978 0.131919241439688 0.231686435955172 0.191356814624516 0.229259133590935 0.263602677242588 0.322980575310614 0.323883218454485 0.229415447426401 0.180108412590485 0.207956354721066 0.168728251160757 0.196237286270246 0.139068408873654 0.0550568875909377 -0.0165601938432534 -0.0122347302825021 -0.0750300850803945 -0.0988477336684092 -0.139796747577691 -0.121039262179562 -0.150243668642572 0.0241353362524638 -0.0689576034945433 -0.0887005983092755 -0.0772531946372144 -0.017403156130545 0.0303740085094779 0.0208855222234069 -0.00220606844817951 -0.0389479607702487
-9999 -9999 -9999 -9999 -9999 -9999 -9999 -9999 -9999 -9999 -9999 -9999 -9999 -9999 -9999 -9999 -9999 -9999 0.392924147519273 0.314868242980851 0.240421961434185 0.192521738721706 0.245501095991131 0.317604929088873 0.351884277257486 0.176045212154448 0.166620796767166 0.308797645883803 0.262391403436629 0.0848866082805475 0.0809930109836223 0.0103600187390237 -0.0232547704789985 0.00591012461828605 -0.0704881563820867 -0.125712992820983 -0.143446472638764 -0.122425640215053 -0.127515378442126 -0.00554100412389673 -0.0182507819856036 -0.0495102994961766 -0.0370673248808427 0.022864904125939 0.00416210820112598 0.0851139242145836 0.15845801117072 0.091633106469091
-9999 -9999 -9999 -9999 -9999 -9999 -9999 -9999 -9999 -9999 -9999 -9999 -9999 -9999 -9999 -9999 -9999 -0.092376474802071 -0.02922129162944 0.40874697960263 0.30163697352238 0.255932365826245 0.273826839222363 0.293857374523953 0.349248915538895 0.361931770904823 0.367013861162683 0.339369016844485 0.158459385701546 0.0582309031291285 0.0641211927073929 -0.0365512019454523 -0.0476646743710445 -0.0481401405681748 -0.0308890864718397 -0.0849248738890023 -0.104631466559231 -0.120488154768731 -0.0871410265566453 -0.0543764718340291 -0.0298665589065186 -0.0136190131565458 -0.0256865413604602 -0.0148836006351752 -9999 0.138490370546527 0.091183914068381 0.064172230361218
-9999 -9999 -9999 -9999 -9999 -9999 -9999 -9999 -9999 -9999 -9999 -9999 -9999 -9999 -9999 -9999 -9999 -9999 0.0249095744418477 -0.0721594157267012 0.32750659922446 0.325523788899236 0.316323885106274 0.319367371544758 0.380837627911359 0.413638264801573 0.434407708124733 0.427465579379905 0.146426661290891 0.276722603838905 0.254395151719495 -0.0406826837047401 -0.0843348040229576 -0.0497483889975144 0.0293503805806355 0.0296661499184571 -0.0297326521373244 -0.0716566114910294 -0.0852582745409322 -0.103421629367539 -0.113411790985896 -0.113814409809757 -0.0774282000890621 -9999 0.0341542060759192 0.0701852675480768 0.0197368183375361 -0.0239850905647724
-9999 -9999 -9999 -9999 -9999 -9999 -9999 -9999 -9999 -9999 -9999 -9999 -9999 -9999 -9999 -9999 -9999 -9999 -9999 -0.0926632596453728 0.224176824963391 0.334582474371037 0.358251118062084 0.337302034189613 0.346541440918065 0.291402817299017 0.372835819521976 0.351703010621444 0.264965361768674 0.13682645114404 0.101175042496197 0.0958768114769298 -0.0460378913972252 -0.00985302752660551 0.0483515285302423 0.0618540044442636 0.0261140311814263 -0.0555515876898535 -0.0693327834120562 -0.100735815029446 -0.0526917476430363 -0.12155787483503 -0.107926484487989 0.146316390475014 0.0434061377861347 0.0214524340065492 -0.020151557586145 -0.0969452468858079
-9999 -9999 -9999 -9999 -9999 -9999 -9999 -9999 -9999 -9999 -9999 -9999 -9999 -9999 -9999 -9999 -9999 -9999 -9999 -0.109323076174998 -0.0154598796383711 0.276273017509923 0.316353020111167 0.313844783239973 0.292546499763447 0.341433637006512 0.310936749350483 0.284778573748452 0.194011983535661 0.105043190782314 0.061532537256014 -0.00642571317186377 0.00444261388880227 0.0327111655135867 0.0561103195785778 0.0485967477800649 -0.0292717222158573 -0.00875547615403348 -0.063031549320222 -0.109461713918124 -0.109674519851729 -0.14953973098813 -0.0425401185652344 0.0514865459617004 0.0654612311099753 0.0099936903250361 -0.0684227811079726 -0.0866008838074117
-9999 -9999 -9999 -9999 -9999 -9999 -9999 -9999 -9999 -9999 -9999 -9999 -9999 -9999 -9999 -9999 -9999 -9999 -9999 -9999 0.247534208818538 0.23247649129771 0.264994216495108 0.258104985281635 0.246394452417281 0.214189347538261 0.223997952629777 0.254638004108181 0.148656550230511 0.0947272951879037 0.0982656936337456 0.0708377018609541 0.0891014294400665 0.0750123929339421 0.0362213990990271 0.023223809199298 0.0384380046233985 -0.0249417560843604 -0.0576676099755272 -0.0594509776853133 -0.075884625620552 -0.0850855911446261 -0.0344470995070681 -0.026986706683606 0.0662723613475262 0.0306222254460433 -0.0300406009420292 -0.108622516973689
-9999 -9999 -9999 -9999 -9999 -9999 -9999 -9999 -9999 -9999 -9999 -9999 -9999 -9999 -9999 -9999 -9999 -9999 -9999 -9999 -9999 0.271126333479518 0.23826139856988 0.247951357336291 0.207096023151158 0.186122174331682 0.179789318728344 0.213650921699258 0.197461973547781 0.174241359507782 0.227682387834731 0.207395218349761 0.235364368504021 0.191455934716321 0.138053435021567 0.0514630876637233 0.00987074432195872 -0.0016434244101241 0.00471853212320061 -0.0308544129120123 -0.042840016911632 -0.0453384398408443 -0.00370134118840466 -0.0010214866911749 -0.00126457131044665 -0.039594443647872 -0.066491731109928 -0.115471589094785
-9999 -9999 -9999 -9999 -9999 -9999 -9999 -9999 -9999 -9999 -9999 -9999 -9999 -9999 -9999 -9999 -9999 -9999 -9999 -9999 -9999 -9999 0.179288448505198 0.203034722791932 0.215158618630614 0.180738417498897 0.162377929763704 0.170218630354708 0.197882960549278 0.187609465033702 0.181711288178407 0.194077739310604 0.191576320337814 0.296664837304189 0.266841483691701 0.132593442770065 0.144689155309065 0.0694429643812686 -0.012195249391225 -0.0324848847408832 -0.0381828330091329 -0.0155392051525134 0.00228313864422214 0.0258332568030589 0.0321098279243031 0.0193371606326769 -0.00719726027651771 -0.0491282459678552
-9999 -9999 -9999 -9999 -9999 -9999 -9999 -9999 -9999 -9999 -9999 -9999 -9999 -9999 -9999 -9999 -9999 -9999 -9999 -9999 -9999 -9999 -9999 0.23427221675035 0.223844899167434 0.222246776922488 0.156018974651334 0.139107191957518 0.148277810331235 0.189915650871573 0.222580403927259 0.256085096369124 0.237913174578245 0.315939886417309 0.359177239568694 0.340031532518396 0.284995190203877 0.127025642113239 0.0558560968981541 0.0691155263853539 0.0523215175132912 0.120428541616168 0.0641263187522642 0.0762733358711903 0.114875257853191 0.10781579350639 -0.0120069750839665 -0.0479144753638171
-9999 -9999 -9999 -9999 -9999 -9999 -9999 -9999 -9999 -9999 -9999 -9999 -9999 -9999 -9999 -9999 -9999 -9999 -9999 -9999 -9999 -9999 -9999 -9999 0.167512593852057 0.199061336337246 0.19177613860774 0.136662438216455 0.176062860955267 0.205723836170297 0.234027552739894 0.251554086392154 0.293514004911622 0.3499718501295 0.312437398094946 0.274316365502216 0.261159122002509 0.192306096775055 0.028467421390464 -0.0290442717212442 0.0147760507987371 0.14459950402734 0.15186184536861 0.133820178511607 0.125645154207368 0.0765515144966348 -0.0167345194724691 -0.0732532294965249
-9999 -9999 -9999 -9999 -9999 -9999 -9999 -9999 -9999 -9999 -9999 -9999 -9999 -9999 -9999 -9999 -9999 -9999 -9999 -9999 -9999 -9999 -9999 -9999 -9999 -9999 -9999 0.141006886038462 0.137131014664748 0.182223447622269 0.224854201992608 0.261001188478131 0.339823325833153 0.347232921518837 0.28603493294678 0.20184049985301 0.110521926201473 0.0864399738620431 0.0295026842729826 0.0164796236618755 0.0701194252689522 0.123233783188461 0.123771432563104 0.11975242013861 0.105966614206126 0.0421346575932361 0.0415224014821554 0.0296790366182742
-9999 -9999 -9999 -9999 -9999 -9999 -9999 -9999 -9999 -9999 -9999 -9999 -9999 -9999 -9999 -9999 -9999 -9999 -9999 -9999 -9999 -9999 -9999 -9999 -9999 -9999 -9999 0.106981177757343 0.063233603907253 0.142618779815132 0.20904802826863 0.262929696033034 0.292618597443059 0.326731050884079 0.239234279343258 0.180816223171039 0.138405066781985 0.0941356826277668 0.0884515553438546 0.0174034552271242 -0.0357568418354601 0.0240115551088322 -0.00154080597635067 0.0212178537035256 0.0545557504644557 0.0668305388953208 0.00633679179795475 0.0318206843550317
-9999 -9999 -9999 -9999 -9999 -9999 -9999 -9999 -9999 -9999 -9999 -9999 -9999 -9999 -9999 -9999 -9999 -9999 -9999 -9999 -9999 -9999 -9999 -9999 -9999 -9999 -9999 -9999 0.0418902297905665 0.10703683299972 0.19287588118295 0.231183542790943 0.287292284002436 0.338834611361295 0.246262357541866 0.208600643028664 0.106901616036555 0.065927058856257 0.0247538084608775 -0.046020410554198 -0.0395974988212746 -0.00708812654911391 0.00708883050268036 -0.00232499143513044 0.0254692337716238 0.0817301572251157 0.0399784791024102 0.0398883515381768
-9999 -9999 -9999 -9999 -9999 -9999 -9999 -9999 -9999 -9999 -9999 -9999 -9999 -9999 -9999 -9999 -9999 -9999 -9999 -9999 -9999 -9999 -9999 -9999 -9999 -9999 -9999 -9999 -9999 -9999 0.220492187348339 0.227300127714656 0.236378918662927 0.0503464123513196 0.116907205742193 0.167817110851387 0.0603171893265644 0.0294476941549384 -0.0181677930477692 -0.0616697903304003 -0.0317828589744094 -0.00383073956870708 0.00124450606686128 0.050014010570406 0.0557576256173815 0.0779758451477229 0.0902020556262424 0.0213091287954532
