data/rasters/s5.05.07.li.2_xyz_08_.asc
NCOLS 100 
NROWS 100 
XLLCORNER -4 
YLLCORNER -4 
CELLSIZE 0.08 
NODATA_value -9999 
[rows 21 to 41 of 100, columns 48 to 95 of 100]
-0.208283269536197 -0.197408265144248 -0.144673888526623 -0.15858322774593 -0.064834668595882 -0.14519969992518 -0.129438968157715 -0.0194547483951337 -0.0735182044116342 0.0344301561588726 -0.0247677156937008 -0.0986657901519089 -0.0659025195720147 0.0537009011642681 0.0062672051859254 -0.0644626806160941 -0.0485609002676326 -0.0741391057260558 -0.138535383172673 -0.114563090837007 -0.078707810715099 -0.113517734674826 -0.117560586338008 -0.138031689780844 -0.112452100699014 -9999 -9999 0.0148733963589247 -0.0274401730487592 -9999 -9999 -9999 -9999 -9999 -9999 -9999 -9999 -9999 -9999 -9999 -9999 -9999 -9999 -9999 -9999 -9999 -9999 -9999
-0.185032023199316 -0.13792487414025 -0.142829945748746 -0.250426738230214 -0.229937391689543 -0.13566979945602 -0.0943616159574953 -0.115766176390368 -0.0403814190364028 0.06517235875632 -0.0205691359502173 -0.0826396941545761 -0.0248187826663902 0.0101816689542618 -0.00561978298701004 -0.0819378644174999 -0.0187767799912465 -0.0130364472135351 -0.106568105172268 -0.291865581646272 -0.0492077428007745 -0.0527981697602411 -0.116663632391133 -0.0968445512727867 -0.162358904033477 -0.191062612117485 -9999 -0.169732926284204 -0.100986363862682 0.0458783913903652 -9999 -9999 -9999 -9999 -9999 -9999 -9999 -9999 -9999 -9999 -9999 -9999 -9999 -9999 -9999 -9999 -9999 -9999
-0.181136706593558 -0.140514421449656 -0.29358097476939 -0.258438856914171 -0.270483151436282 -0.108864149245915 0.0138517126516936 0.00482435075896931 -0.0114282763680513 0.055494995597646 -0.0127129755288085 -0.0695313786885671 -0.0693881856466791 -0.0118939447815985 0.0102341798662308 0.0235738080968674 0.00599066464693498 -0.0429045184816452 -0.152496892878808 -0.00834285351888459 0.00841656138135526 0.0137218126697679 -0.0797916624046393 -0.106253709021179 -0.0467602075326607 -0.10829289719902 -0.0685133026821053 0.00848342539724148 -0.0487651384173578 -0.0620404262294085 0.0531317467642239 -9999 -9999 -9999 -9999 -9999 -9999 -9999 -9999 -9999 -9999 -9999 -9999 -9999 -9999 -9999 -9999 -9999
-0.257830794846289 -0.252174315559868 -0.307995390272422 -0.247408753743479 -0.266112450885696 -0.104999244020224 -0.00906597847015842 -0.0289353218130205 -0.02706088431025 -0.0668571848414961 -0.0679612005443429 -0.0483821466094013 -0.00252248180168272 0.0477969562389607 0.0373332079982493 -0.0996484692147259 -0.178078513487424 -0.121861403469393 -0.140247921026334 -0.0294233732104281 0.00564813576027702 0.0754785748872965 -0.0871564154335194 -0.0779973697945103 -0.0396854739369657 -0.0564892887831952 -0.0539258754324649 0.027239681805395 -0.0993388525421449 0.0710034402154742 0.0755945200695304 0.00275135279381636 -9999 -9999 -9999 -9999 -9999 -9999 -9999 -9999 -9999 -9999 -9999 -9999 -9999 -9999 -9999 -9999
-0.360170788935755 -0.162260171216648 -0.273726090758549 -0.218511429549988 -0.25103850025586 -0.170994359323636 -0.0996760678934614 -0.12636022028491 -0.203972303288173 -0.104826031083536 -0.0673042364128049 -0.0789369392529023 -0.0597308037452969 -0.0237498110909383 -0.212760739889661 -0.0715671332271567 -0.0739158375475687 -0.065670801673932 -0.0499628181806565 -0.0354425069978422 0.0287383499677539 0.0464880330853928 0.0196745298581244 -0.0319864885298354 -0.0662953341359835 -0.0754445991283394 0.0056285016199129 0.00167876967549602 0.0206891305883796 -0.025610640364125 0.0695150365562714 -0.00176269808076115 -9999 -9999 -9999 -9999 -9999 -9999 -9999 -9999 -9999 -9999 -9999 -9999 -9999 -9999 -9999 -9999
-0.441569680248713 -0.167443739876677 -0.273718816993974 -0.167706071843426 -0.177101162649771 -0.239458313234297 -0.13981050387743 -0.142138048176131 -0.108878903997156 -0.0776163244865324 -0.0902068596817406 -0.128579583994553 -0.153844489862051 -0.10662997673766 -0.102189436219407 -0.0555336941054755 -0.0384213255973115 -0.0782225002953836 -0.0254747637325554 0.0313805666885402 0.0324350035484354 0.00296148246503417 -0.0193784552240471 -0.0149856861335709 -0.015858066012494 -0.0370032633813554 -0.123640389877372 -0.0207962092079507 0.0340445387008618 0.0603649129812171 0.107182217989123 0.0876319576094829 0.107612913366563 -9999 -9999 -9999 -9999 -9999 -9999 -9999 -9999 -9999 -9999 -9999 -9999 -9999 -9999 -9999
-0.332589363979795 -0.200617862274608 -0.170586932565139 -0.15563950256183 -0.236130562108878 -0.317848310617339 -0.192139176566246 -0.0830118115626559 -0.0869781114065439 -0.0725857973974661 -0.0897715991709703 -0.0826630595815697 -0.0139615818932316 0.0200339909511589 -0.022206424887395 -0.0502510470954886 -0.171605084544363 -0.162226216404758 -0.10329924577258 -0.023051913534505 -0.00918771112792438 0.0249933484343558 0.0120038476786008 0.0360710117991714 1.13008777051062e-05 -0.0543458956321254 -0.0660301466214683 0.0708218666842338 0.0779692962631286 0.0468360573144877 0.0623626648325509 0.0473514347927772 0.0967796949056134 0.00749464072288901 -9999 -9999 -9999 -9999 -9999 -9999 -9999 -9999 -9999 -9999 -9999 -9999 -9999 -9999
-0.257399808777887 -0.17900342150404 -0.409107662275552 -0.332556346756539 -0.228589545300003 -0.149807775364492 -0.151668091233044 -0.140815344900706 -0.0927211067567162 -0.072536947331909 -0.125874180652561 -0.0598223980562658 -0.136981040163333 -0.093412211520825 -0.0138327340325769 -0.0956203881742851 -0.14318247579317 -0.158772833327295 -0.112833284504047 -0.0147301892907117 0.00616752083087901 0.0279212919172046 0.0444448329832889 0.0691336838724062 0.0921941181572899 -0.0143464793279077 -0.0336618652133293 0.00282035342485921 -0.00951156305438187 0.0139315482929672 0.0657075489913437 0.111428115919347 -0.0240025732995935 -0.116955249749078 -9999 -9999 -9999 -9999 -9999 -9999 -9999 -9999 -9999 -9999 -9999 -9999 -9999 -9999
-0.256086522913625 -0.240968880755287 -0.175738029963305 -0.162109350817524 -0.291450645118011 -0.229642449928549 -0.214574405657929 -0.144183661502617 -0.152340171068359 -0.10035382437401 -0.0568630328027721 -0.0509488415283759 -0.0159385393462285 -0.117653005597419 -0.0024732384335694 -0.114263014228637 -0.138685919362027 -0.0851612447162339 -0.103539802601648 0.0297504395013863 0.00847216111981382 -0.00656073841461398 0.0308992502182418 0.0765891312976006 0.0740889539159515 0.0442633336339618 0.0600116041496729 -0.0117432955976699 0.0602310390907165 -0.00627114759736673 -0.00804157393418517 0.065199073700951 0.0430219222781661 0.0783540496723126 -0.00333351218994038 -9999 -9999 -9999 -9999 -9999 -9999 -9999 -9999 -9999 -9999 -9999 -9999 -9999
-0.191603238124528 -0.147625507053528 -0.109609610928575 -0.14524214947976 -0.256738489520267 -0.310949061719573 -0.269187774532397 -0.113537859000958 -0.0535832458742155 -0.229299304146076 -0.163632086995514 -0.0344642739436003 0.0250532326216802 -0.00294984285521027 -0.0538785897838185 -0.0407015915147233 0.00390820209833828 -0.120526871420043 -0.120320581488383 -0.0406891085160713 -0.00310501421623983 0.0365194258080709 -0.0265884763468208 0.134140253469741 0.222105410496647 0.237015408092413 0.148961533622113 0.200353346468389 0.128108996255118 -0.00563702328294861 0.174152812866258 0.13316739291441 0.0769241690987481 0.116851852806355 0.0591685425748979 0.0245192661814229 -9999 -9999 -9999 -9999 -9999 -9999 -9999 -9999 -9999 -9999 -9999 -9999
-0.194564283105807 -0.149035008919097 -0.231143096925751 -0.234622635282404 -0.241950783098914 -0.281436609446982 -0.289006171590431 -0.0943409621428597 -0.119543622529106 -0.152100442192788 -0.142009784426491 -0.0620401205272411 0.0328924615596 -0.0779485896095626 0.00834158135491053 0.0153925505979347 -0.0224919408173706 -0.0433329069443974 -0.0492716796956733 -0.0494062692926252 0.0461171775913776 0.0672093897764459 -0.092311589668378 0.0957416704959746 0.199321486189637 0.19319504903713 0.190331482251821 0.223717456289979 0.158727326955342 0.141609101588535 0.125066890235124 0.074988207878664 0.0508569634755694 0.111005222731523 0.148176381273696 0.0899236287092175 0.0678007690285956 -9999 -9999 -9999 -9999 -9999 -9999 -9999 -9999 -9999 -9999 -9999
-9999 -0.262077014013521 -9999 -0.0603195342096226 -0.0771815618582534 -0.0861538005709441 -0.193295940517207 -0.0734182088246901 -0.0899405386281413 -0.118741907850157 -0.110101341573164 -0.0200356940077204 0.0127414317080485 0.0699509849614334 0.0515290689889707 -0.00347021232761101 -0.0881091034956788 -0.0113917750809031 0.0268100658967334 0.0453203498488161 0.0420773931702854 0.000495658698054178 0.0403630151733477 0.0381798368048033 0.0869157094705631 0.150152345618866 0.178718347072856 0.185672853065617 0.136086962334909 0.231643855566761 0.11011598751694 0.0919352717568653 0.0432784930996443 0.0983994922235365 0.132581782265485 0.0904221007333408 0.0161814523667278 -9999 -9999 -9999 -9999 -9999 -9999 -9999 -9999 -9999 -9999 -9999
-9999 -9999 -0.0564444888994941 -0.0440467889219796 -0.168195268610688 -0.231533392565642 -0.0561762793794817 -0.0406288810433648 -0.0180431732494186 -0.00709009174245428 0.0699402688280091 0.0498329895844251 -0.0259596171522374 0.103587645484938 0.0670962696507563 -0.0207903686196477 -0.104840970490602 -0.00628350147106833 -0.0054117786391526 0.0853659428895696 0.0538495661142732 0.134841140911618 0.116313324137534 0.113191728672055 0.210094427229189 0.193931918097188 0.211765727931844 0.24560102765607 0.265849058648461 0.115706581498132 -0.0228840476252892 0.0548820090831944 0.0493216191355825 0.0170984716597999 0.0890449870897951 0.098489480339934 0.112780800573263 -9999 -9999 -9999 -9999 -9999 -9999 -9999 -9999 -9999 -9999 -9999
-9999 -9999 -0.0824155425806566 -0.0582110544834141 -0.0574906173683788 -0.0640154668962986 0.0542800511204688 0.0302782640705886 0.014573548471411 -0.00622445316099432 0.0537030786116832 -0.0738648297806614 0.0367184046787172 0.019150389102649 0.00289472065882197 -0.0231542348380688 -0.0381525387984432 -0.00997435743963377 0.0582585219285469 -0.0316057183904326 0.0581641726604519 0.0835713291764033 0.139422765889413 0.116221054782996 0.175255029154808 0.19340693891052 0.241170073558077 0.211882222080407 0.276815325626066 0.112596144988113 0.0875842026695342 0.103796125505376 0.114267050927813 0.0684132177027203 0.0150824649244096 0.134079537617782 0.126644131770296 0.18355857460779 -9999 -9999 -9999 -9999 -9999 -9999 -9999 -9999 -9999 -9999
-0.222691775757171 -0.219530946006075 -0.215939278868245 -0.0804577349513207 -0.124863709132714 -0.158522207507878 0.0059394909059067 -0.0381936420042772 -0.147996450414711 -0.118191886244161 -0.226397609938245 -0.127026516758789 0.00799030465846245 0.0532511853245994 -0.0535856468029581 -0.0628601795553789 0.040306220824817 -0.0790853747287613 -0.0599642471126781 -0.0147111342598689 0.0136368084803841 -0.019616192826555 0.0221843448413701 0.0945719573808012 0.113765578264881 0.14571302537378 0.176438409939777 0.220803404679031 0.228463742967375 0.126251073546472 0.143426693415999 0.20805289223834 0.137085878699088 0.130367613667142 0.0692152974099289 0.206909797927464 0.196263482407903 0.224380362011795 -9999 -9999 -9999 -9999 -9999 -9999 -9999 -9999 -9999 -9999
-0.11880561078631 -0.0385526876822314 -0.160696029859955 -0.037228649356845 -0.0323118988667657 0.0215802520850233 -0.0453705077403041 -0.140274825565215 -0.118862863392264 -0.286479752438884 -0.203709775956943 -0.0943652593713253 0.0269195013062954 0.0216901534763471 -0.0596243966811324 -0.0225079846273594 -0.0172778758326716 -0.0306266593991464 -0.0322063875321413 -0.116164342077946 -0.0649070894507017 -0.00047630071807042 0.00495907744004819 0.0365046791721667 0.248394438608276 0.224991885216613 0.14334052995638 0.178984557051206 0.22374310015333 0.0515409354314173 0.141982258759563 0.128220442510332 0.131758925898137 0.173891013829601 0.148772386215394 0.14347489843848 0.162078148152564 0.231357486120869 -9999 -9999 -9999 -9999 -9999 -9999 -9999 -9999 -9999 -9999
-0.224441867346437 -0.262661191166211 -0.0540701645331717 -0.0314615973827751 0.0959801034391469 0.035745521643474 0.0168183693088784 0.036783554117071 -0.0181569988029123 -0.109708984481745 -0.112890121138138 -0.0475537129242917 0.0161358574731723 0.0164406645772933 0.0421972035661838 0.00769247019590191 -0.0256403117472975 -0.0504838098875524 -0.0798930876681797 -0.147015615980381 -0.196261228402603 -0.0802645281436067 -0.0215810106247393 0.0312341388186692 -0.11334449968856 0.0414530982907793 0.169355265700399 0.194718931208962 0.243214179960571 0.207747120089617 -9999 0.132786307655804 0.126110254624562 0.167826793979943 0.257066780691689 0.190949468311807 0.250007675266557 0.323452414957016 0.22341244378344 -9999 -9999 -9999 -9999 -9999 -9999 -9999 -9999 -9999
-9999 -9999 0.00634638597974405 -0.0103742824208772 0.0593237621686424 0.0447974657117123 0.0412919056662876 0.0170889539394701 -0.0668686087511475 -0.0465277310378044 -0.0351835947918409 -0.0189105223180864 0.00481062344766804 0.0313883764820685 -0.0115964466327781 -0.0277712419486255 0.00816008501895093 -0.0754168164243921 -0.139041716326255 -0.166656336089161 -0.11149507259682 -0.0369729813859128 0.0440623865474566 -0.0406967444063054 -0.0660261962347596 0.0608718212627067 0.161966521226828 0.268475601601153 0.242308331019362 0.190158121818394 0.112702806768718 0.10298109487279 0.174827184199657 0.171655209074802 0.268256711251691 0.174129510321693 0.265846807159067 0.268162878893882 0.271875210678671 -9999 -9999 -9999 -9999 -9999 -9999 -9999 -9999 -9999
-0.235488855458142 -0.0852555658435948 -0.0430206331383802 -0.0337272187556671 -0.0228774780438009 0.0182383760376637 -0.111683092409323 -0.0768029969123145 -0.0152437728354101 -0.0286786321501954 -0.0149431988099409 0.00248367335744376 -0.0046690288721844 0.035218202663341 0.0539286194293132 0.018304018965221 0.0965563788615697 0.0296777064508237 -0.16669539795066 -9999 -0.294231173291821 0.15711092527071 0.0603389986540004 0.0630033254570168 -0.0256409083190053 -0.00634434750172148 0.00617215787168548 0.262793475229407 0.233083056749793 0.225526939025659 0.152025327635843 0.14662369281384 0.240104254611408 0.214744301755906 0.209080438521984 0.250894581069934 0.303273408990041 0.194445631202823 0.206118674401514 -9999 -9999 -9999 -9999 -9999 -9999 -9999 -9999 -9999
-0.241656486047828 -0.0471330864539428 -0.0481002738160248 -0.0382088041721297 -0.0467962184459482 -0.0828774478749118 -0.0197636667064942 -0.0118077526291877 -0.0637776267429018 -0.0321905383436478 -0.0101051809103148 0.0139258535944982 0.0305597445296592 0.00876376198846713 0.0404746998590228 0.0923723778443917 0.0771098477913116 0.0542119045950594 -0.0340153827223424 -0.0280217820115204 -0.0521344487786971 0.0836233036458526 0.00877132449155437 -0.128784197073051 -0.312162663701256 -0.029120362656 0.0718695455003306 0.187874610136473 0.203802940142036 0.23553450571862 0.152660406311218 0.167953015016741 -9999 0.239182299493155 0.181839644341706 0.247477779388846 0.249961349011471 0.245575590144187 0.248700103086911 0.20674244553119 -9999 -9999 -9999 -9999 -9999 -9999 -9999 -9999
-0.147673535706267 -0.0757912429778836 -0.0220134693448699 -0.018423786966554 -0.116227835167959 0.0014775780242223 -0.00665457653859835 0.0623574997795815 0.0936656649067904 -0.0553134490705519 -0.0505883067436347 0.00460496680881007 0.0277124112453774 0.016598870020059 0.0335401255428993 0.0547902395276421 0.039416198362638 0.0517788177408826 0.0750681028835195 0.0249214834010444 -0.0193525926306025 -0.196804372197071 -0.220680500851565 -0.20493071048246 -0.254940792366355 -0.0737741814182569 0.0593743023966999 0.145796545008186 0.176980559075631 0.206691983945356 0.205629358731177 0.167239739989981 0.184509914987798 0.242807249188389 0.225776060457353 0.178508493385748 0.131277670704847 0.335989257387223 0.198647032672981 0.188988030841286 -9999 -9999 -9999 -9999 -9999 -9999 -9999 -9999
