data/rasters/s5.05.07.li.1_xyz_08_.asc
NCOLS 100 
NROWS 100 
XLLCORNER -4 
YLLCORNER -4 
CELLSIZE 0.08 
NODATA_value -9999 
[rows 44 to 65 of 100, columns 49 to 97 of 100]
-9999 -9999 -0.0512191896785591 0.0880053860032408 0.0817256359542889 0.123387553135305 -9999 -0.1161569969614 0.0803614506572861 -0.029358831694727 0.00726216793272924 0.121468253359854 0.0468454621405737 5.07577057662646e-06 0.0105766013953814 -0.0214178023532884 -0.0402968729474438 0.00559047202479164 0.0374549286131735 0.0642355287276788 0.0466781907141846 -0.0209269450302465 0.00682923000212499 -0.045626032743877 -0.0279255792101419 -9999 0.0416801429376952 0.0366766372277313 0.0915001161903133 0.0191711567953371 0.0580751296387242 -0.0430404532332271 0.0300659338201738 0.0686857931648913 -0.0195476577770363 -0.0609386970471275 -0.0329888168655395 -0.0101088586854977 -9999 -9999 -9999 -9999 -9999 -9999 -9999 -9999 -9999 -9999 -9999
-9999 -9999 -9999 0.0586198717427692 0.0430132693600108 0.0585845888292511 0.484791958580047 -9999 0.0482954786195908 0.0210070902381233 0.00437198613257506 0.0948031168800599 0.106379028191895 0.0273832274953831 -0.00666099738481341 -0.0586923850696139 -9999 -9999 0.0262428322988235 -0.029466660495111 0.042461386625972 0.124672386980335 0.0103270306709354 -0.0466495279918827 -0.0317081873052677 -0.00215178308834585 -0.00960468159608667 0.0546730917294969 0.0328657323602959 0.000253659428754437 0.0462231975229288 -0.0214088086861646 -0.060507701233457 -0.00198322335643157 0.0153022418322287 -0.0335292139216221 -0.0430666024596322 -0.00332095728320012 -0.00450550339130515 -9999 -9999 -9999 -9999 -9999 -9999 -9999 -9999 -9999 -9999
0.27173662507039 -9999 -9999 0.0695368474490934 0.0808573262303616 0.0833688294944153 0.335208818094924 0.328079097255176 -9999 0.00558056021414716 -0.0632210718270021 0.0800425166625551 0.11185138518677 0.0934276546680589 0.119802226536243 -9999 -9999 -0.0358045787238653 0.0772031338974547 0.0450441053588109 0.00321092590901566 0.0653358852269047 -0.00302865757837052 -0.0430708503648256 -0.0985865425997283 0.0339802409227268 -0.0521786738532484 -9999 0.000748534200398931 0.0188508930951191 -0.009370759614231 0.0110121421236025 0.00272373946315214 -0.0883046578561052 -0.0822826641249146 -0.073040434176269 -0.0696109354471608 -0.0592832710411403 -0.0311148084710148 -9999 -9999 -9999 -9999 -9999 -9999 -9999 -9999 -9999 -9999
0.026839341282526 -0.0401729668151437 -9999 0.142365858738304 0.105053247872814 0.0996751072824215 0.154340786345508 0.205386087462626 0.199620327029071 0.212291824500665 0.0900291076300563 0.0861208501632199 0.120758368245177 0.123937108871439 0.106480748468661 -9999 -9999 -0.0284245144787452 5.93917890643174e-06 -0.0178094057327417 -0.0445883427139964 -0.00900395934949089 -0.0146644187116692 0.0624535556418416 -0.0268732696790911 -0.130380100026116 -9999 0.0571037590664001 0.0019961484380485 -9999 0.00586465156404426 -9999 -0.0898534232207275 0.0140752621783688 0.0085990864928868 -0.125910481946012 -0.0603045927902856 -0.0784179015036274 -0.113450760585086 -0.122836930350705 -9999 -9999 -9999 -9999 -9999 -9999 -9999 -9999 -9999
0.117248219601284 0.0201541706082463 -0.111199385203286 -0.046262239225308 0.267041459102032 0.113280355528952 0.150929244926675 0.171016549524799 0.193744174370133 0.155183077571122 0.163788449029254 0.0794327097898823 0.0879413841772153 0.0272298888427559 0.0461354341748348 0.0877403593431219 -9999 -9999 0.0217277809046946 0.0347929689502846 -0.0202443930134961 -0.0592784126535514 -9999 0.0482545511493359 0.034752957078161 -0.0905507910340052 -0.0333974145687625 -9999 0.0425163142446546 -0.0534995898317403 -9999 -0.0718346398178813 -0.101372867251976 -0.0704919851273575 -0.119628928821255 -0.116394359887016 -0.0959107361191194 -0.0846288316815275 -0.142159460475891 -0.170475600695988 -9999 -9999 -9999 -9999 -9999 -9999 -9999 -9999 -9999
0.0896825622147461 0.155079165258854 0.0713655905428791 -0.0187337305811802 0.183445614323845 0.122440049981967 -9999 0.0861058061682674 0.0584391246637184 -9999 0.109333698178753 0.155021690194546 0.0596483572882868 0.0552057198878333 0.0854358505816299 0.0423945850981637 -0.0860521911990424 -0.194605050698057 -0.192998808264865 0.0590087324646037 0.0346007717693249 -0.0796083753419161 -0.0550188627268243 -0.00161104136488893 0.0381024454135492 -0.0527525081733964 -0.0852623756603024 -0.154515548616656 -0.0178462126316766 -0.0279287300526494 -9999 -0.0945594634960742 -0.124235240475849 -0.0976149958985483 -0.103727647019927 -0.0905092370712259 -0.122807214917197 -0.116684951605404 -0.0808103856386529 -0.133525163434969 -9999 -9999 -9999 -9999 -9999 -9999 -9999 -9999 -9999
-0.0364971526858856 0.141863520019988 0.0349455936485851 0.0735159963733083 0.111666619884849 -0.0567704695843256 -0.0263783394690368 0.0674327549852044 0.04733500404019 0.0412059163001361 0.159443611388124 0.131065105716124 0.0892249751697635 0.0540536802808077 0.0867168662796792 -0.0374950726950407 -0.0668329671886626 -0.203407616185969 -0.292261333117876 -0.186214302747616 -0.109383758418823 -0.0618434543325992 -0.0813900071072872 -0.0228293625747906 0.0456169021097341 0.0102783018175997 -0.0513999629950802 -0.0911690574341104 -0.113218462318923 -9999 0.00303129810203502 -0.0121373709203768 -0.169547321908824 -0.0820280434833064 -0.0679015035739518 -0.0133703529877512 -0.0799803682977046 -0.118762454573105 -0.163384471060302 -0.0397716186221626 -9999 -9999 -9999 -9999 -9999 -9999 -9999 -9999 -9999
-9999 0.0973043413337862 0.113710829042059 0.0763314428210648 -0.064700631072831 -0.0128316978418039 0.0198992125303953 0.0640922631593942 0.0696007404199315 0.0944244914144015 -0.0138075491250045 0.14705545071677 0.0921674096656063 0.0923953282506565 0.09965009608709 -0.139990971828518 -0.0577842573964408 -0.120720515502679 -0.245484392390084 -0.183835675465235 -0.181559195464639 -0.0434974972314161 -0.0614001051991356 0.00655166879587791 -0.00116642286778191 0.0572632891114472 -0.0439495685959744 0.0338461242578843 -0.0534828043503571 -0.0504811234385689 0.0205123088196676 -0.136388787457079 -0.0913464864272577 -0.125476455713208 -0.0490241965370979 -0.00327443167039728 0.0599962793847845 -0.0549340043102473 -0.146156743869101 -0.181200948705451 -9999 -9999 -9999 -9999 -9999 -9999 -9999 -9999 -9999
-9999 -0.00829057149599322 -0.0103969816580258 0.0872797728595279 -0.0338550458700039 0.0479998613182901 0.0241880054184375 0.0544097876767738 0.109523832476788 0.14741096467427 0.098447306430563 0.0582408845122188 0.000612182492720499 0.132088391473923 -9999 -0.133254324833988 -0.0518805850635013 -0.088660710655078 -0.175761185232459 -0.0584122612223517 -0.15828892443264 -0.104924705910754 -0.0744117097861177 -0.034184275442586 -0.0457412283130931 -0.140687002089219 0.0444388457039958 0.0797272661307413 -0.147762248843611 -0.153210360669559 -9999 -0.101697034329244 -0.0209960168712358 -0.105993746251091 -0.0408785333818925 -9999 -0.0607426142181319 -0.0539155302619797 -0.0903555863640883 -0.0994399165419966 -9999 -9999 -9999 -9999 -9999 -9999 -9999 -9999 -9999
-9999 -9999 0.0759410699166722 -0.0241112446910186 -0.050538012239327 -0.00840404198663074 0.00909295836351451 0.0888040150408809 0.0539356703014152 0.135595020737512 0.0944863077200379 0.0144847359486864 -0.133212759306619 -0.148232663466708 -9999 -9999 -0.164960906319624 -0.0999444257477731 -0.131611841327651 -0.198454589625932 -9999 -0.115824452707789 -0.0695679441300539 -0.0534764825227543 -0.00719882756015703 -0.10153047223297 -9999 -0.0947246692253237 -0.125337961833633 -0.15026108709801 -9999 -0.126738552588203 -0.0639363521998274 -0.0501894758079758 -9999 -0.215094598076036 -0.0935042746737127 -0.0675754923300979 -0.0844802826572344 -0.0728336278277147 -9999 -9999 -9999 -9999 -9999 -9999 -9999 -9999 -9999
-9999 -9999 -9999 0.0393635934694591 0.148776084102596 -0.0414575521777531 -0.0232402436783697 0.00902284048568881 -0.193584601353383 -0.089248559719301 0.0383362189422578 0.0329735439847991 -0.147933713995211 -0.18543753593865 -9999 -9999 -9999 -9999 -0.149508035863635 -0.126151418993232 -9999 -0.113527451578195 -0.101197144676672 0.00235260838995209 -0.0270752622722127 -0.153381647401213 0.0110571703672819 -0.231799833664232 -0.168495669643874 -0.0854960524134948 -0.107041596751891 -0.108704886980886 -0.0465453459645197 -0.0802257582465599 -0.125005633739778 -0.147372204546471 -9999 -0.170851717749897 -0.148052305978749 -0.0582280212183877 -9999 -9999 -9999 -9999 -9999 -9999 -9999 -9999 -9999
-0.0237541817594778 0.0373099377860179 -0.042029279123672 0.00647697017945931 0.0254836070380582 -9999 -0.0215119277559923 -0.0418337265103618 -0.080669271963715 -0.0858318450839338 -0.0729139730426228 -9999 -0.167270388673789 -0.140727797587388 -9999 -9999 -9999 -9999 -9999 -9999 -0.0690096805956524 -0.155219831258207 -0.134754662247255 0.00178387254695606 -0.0878454280940969 0.122532774763502 -9999 -0.0643088759324909 -0.0760312798060419 -0.0973403164305603 -0.151759312712926 -0.123633460061099 -0.0450496199449816 -0.0422494867839769 -0.0791857096041963 -0.0689966990055375 0.0251986115313821 -0.153382437409602 -0.145424274417842 -0.195140213706554 -9999 -9999 -9999 -9999 -9999 -9999 -9999 -9999 -9999
0.110372075503411 -0.0294223049915002 0.0205546782813525 0.0325460989744435 0.0616998720291723 -9999 0.0294034507500491 -0.0469261095146144 -0.12644795526941 -0.108581768225521 -0.0882005664981753 -0.0979934952151801 -0.111836366882693 -0.14836771940085 -0.156783428073489 -0.173765887031249 -0.191946060292928 -0.213021669811805 -0.287647260065154 -0.246828966051499 -0.140893310034905 -0.138358962415607 -0.0337840857615013 -0.0289953780155053 0.0446424027983256 0.0196091381884484 -9999 -0.135290488071082 -0.142530345690553 -0.0644109780158171 -0.0384866091278951 -0.0524569902836887 -9999 0.0797219592694891 -0.031009145490542 0.00412243307851547 0.00841495302843149 -9999 -0.202250719856285 -0.191329552751416 -9999 -9999 -9999 -9999 -9999 -9999 -9999 -9999 -9999
0.171108896789408 0.00889695498942361 0.0367889370257435 -9999 -9999 -9999 0.0365158336169603 0.0648816879295736 0.0345589890403756 -0.0738494650863131 -0.0159342315561974 -0.0486388692862691 -0.0977530563730982 -0.127089768976452 -0.170188734435976 -0.174646790024896 -0.235590863022986 -0.221404186106837 -0.273211497679233 -0.17308809278249 -0.142182425124506 -0.151854391006571 -0.0923340579926378 0.0458149846446837 0.0477522119460259 0.0207457519977099 -0.0952463103352943 -0.0950270400478929 -0.0441786179621427 0.0847571069232674 -0.0765222994351865 -0.0264239939470278 -0.0812679715653255 0.221626248102378 0.183988057447054 -9999 -0.0202845790101339 0.00551218862482391 -9999 -9999 -9999 -9999 -9999 -9999 -9999 -9999 -9999 -9999 -9999
0.0801881900963119 0.00718699216065484 -0.0291882962022271 0.00857960870422534 0.00570203317941087 -9999 0.0245856677210082 0.0415297874067579 -0.00719442263494121 -0.0397645116398364 -0.00575367906563268 0.01784895541378 -0.0529471462874884 -0.144771540423947 -0.170643503697296 -0.220685357021966 -0.267738075073802 -0.233644670262537 -0.230110493061984 -0.138192949280919 -0.122585435760116 -0.108146208995075 -0.090222853777168 0.00914272720011314 0.0547594854777215 -0.0143419038951515 -0.1301774125807 -0.0798994697906671 -0.0173171017383615 0.0879803928047564 -0.0804189984358415 -0.0894052684644262 -0.075157705420467 -0.0517099562124112 0.135983561179644 0.0266522296080416 0.0210252744424723 0.0388896886583592 0.0174338694284046 -9999 -9999 -9999 -9999 -9999 -9999 -9999 -9999 -9999 -9999
0.0144315308045375 -0.0293710193537148 -0.0329846463352158 -0.0330968179309404 9.60036327285118e-05 -9999 0.234704143867464 -0.0395501597057202 -0.0202281154111919 -0.0522424602358541 -0.133606425027401 0.00974967534637234 -9999 -9999 -0.186510720039007 -0.200632863299086 -9999 -0.159586170844909 -0.239590048203382 -0.171356624142857 -0.112209564272719 -0.136607147348081 -0.0679229035389578 0.0384622958947507 0.0389093388701573 -0.0945507932082655 -0.11086757329066 -9999 0.0482176538025668 0.0112225735381188 -0.0732531610502378 -0.0675288108778929 -0.0660607757831409 -0.0124204315126994 0.0671358299734113 0.043454529089936 0.0110794918133402 -9999 -9999 -9999 -9999 -9999 -9999 -9999 -9999 -9999 -9999 -9999 -9999
0.078322665069634 -9999 -0.0288905395193229 -0.0118768553796043 0.0078171245875566 -9999 -9999 0.0140738568051975 5.98586947818911e-05 -0.00421282863737258 -0.157104938560658 -0.188813187238393 -0.202059551183659 -9999 -0.0975824865480258 -0.175869609980535 -0.362123630112526 -0.153312404200171 -0.172955444382885 -0.191092818337073 -9999 -0.16959066476376 -0.208929296259843 -0.170993752730661 -9999 -9999 -9999 -9999 -9999 -9999 -0.00857143346123449 -0.0151890399925712 -0.083363603300769 -0.00176164628225771 0.0147309652739446 0.0377184165717009 0.066331123941532 0.17058148766369 -9999 -9999 -9999 -9999 -9999 -9999 -9999 -9999 -9999 -9999 -9999
-9999 0.219446569023313 0.0864045998920557 -9999 0.00924948885190172 -9999 -0.00768874288134701 0.0559728820250414 0.0468210061654029 0.0241455211407819 -0.0921254118610378 -0.181046011366633 -0.190152973972758 -9999 -9999 -0.236860194178878 -0.303240002523869 -0.223060679532509 -9999 -9999 -0.245666221110482 -0.175858655376148 -0.177952282446409 -9999 -9999 -9999 -9999 -9999 -9999 -9999 -9999 -0.0218976433210105 -0.0663765177568486 -0.0475633953149409 0.0308223327468214 0.0667320947790028 -9999 -9999 -9999 -9999 -9999 -9999 -9999 -9999 -9999 -9999 -9999 -9999 -9999
0.0266910160165577 -0.00388268669841594 0.0164127669962278 -9999 -9999 -9999 -0.0485318649830405 0.117296687808856 0.0586855746400307 -0.00338558839370796 0.0650043018750585 -0.0614769198639945 -0.31243084641443 -0.174080493578082 -0.294884191938351 -0.239227879799496 -0.300050227149979 -9999 -9999 -0.295961010362203 -0.230062520855817 -0.205194829866903 -0.099531447233568 -0.219406066003974 -0.122186484698937 -0.113325783544483 -0.0593250791558537 -0.00794259251600184 0.178887626192218 -9999 -9999 -0.109866507088643 -0.0872201371414729 -0.0939081028417208 -0.0375732318503969 -0.0665906183900696 -9999 -9999 -9999 -9999 -9999 -9999 -9999 -9999 -9999 -9999 -9999 -9999 -9999
0.0835980037470521 0.0660556209637198 0.0443074235219422 -9999 0.316940614278792 0.283580680678708 -0.00466561421002261 0.1996306558512 0.0748679558987576 0.0280121572501103 0.0768068429795724 0.605659601048723 -0.267126875423986 -0.156716363538437 -0.242521343122112 -9999 -9999 -9999 -9999 -9999 -0.218464622738395 -0.212636569005671 -0.221754329681107 -0.118172046479041 -0.0676336772766282 -0.0715060813849794 0.0779481875781526 -0.0383044235167561 -0.00648029785147672 -0.0062517648718325 -0.0428145341388789 -0.0975333366002675 -0.139658788690938 -0.143930373437807 -0.0338114984979847 -0.0369923016576068 0.0165565361090901 -9999 -9999 -9999 -9999 -9999 -9999 -9999 -9999 -9999 -9999 -9999 -9999
0.0574495024617734 0.161142448263521 0.0239344768508748 -9999 0.236296810087239 0.162434993022816 0.141718008187232 0.150569285115903 0.173784082308463 0.131442699695711 0.113216075276861 0.539301411905581 0.348221626862697 0.034914763701244 -0.152248718659364 -0.133652530297836 -9999 -9999 -0.35313126205611 -0.275387433065888 -0.208302775944459 -0.248499035991197 -0.249707264526809 -0.166413774538946 -0.0968382018323002 -0.147264435872438 0.0194481420051192 0.0287938004306397 -0.0888011201051211 -0.0689983311093937 -0.0575192301681746 -0.151708304950744 -0.0608170956461665 -0.109078364974578 -0.107055968163331 -0.081626215380761 -0.0177973935133343 -9999 -9999 -9999 -9999 -9999 -9999 -9999 -9999 -9999 -9999 -9999 -9999
0.0411042158529037 0.00700206705592768 -0.0147566970087079 0.00465000643420046 0.102069915471992 0.196684913638155 0.180173992857604 0.162760408089059 0.183917334372362 0.193945308885705 0.125745633455129 0.163984222006788 0.337023599493777 0.360659277064196 -0.0976723398858911 -0.0427387096708916 -9999 -9999 -0.333021672938543 -0.32405043932861 -0.23811290597809 -0.238993677645988 -0.107598191641435 -0.157452995992345 -0.188867194300175 -0.183521869401942 0.0245579729656724 0.0217116293411313 0.0591741170888569 0.0343821368398412 -0.0413898791916493 -9999 -0.050318112622529 -0.101619509383482 -0.0713824995836884 -0.116135480785589 -0.0950957414124474 -9999 -9999 -9999 -9999 -9999 -9999 -9999 -9999 -9999 -9999 -9999 -9999
