data/rasters/s5.05.07.cu.5_xyz_08_.asc
NCOLS 100 
NROWS 100 
XLLCORNER -4 
YLLCORNER -4 
CELLSIZE 0.08 
NODATA_value -9999 
[rows 21 to 41 of 100, columns 0 to 47 of 100]
-9999 -9999 -9999 -9999 -9999 -9999 -9999 -9999 -9999 -9999 -9999 -9999 -9999 -9999 -9999 -9999 -9999 -9999 -9999 -9999 -9999 -9999 -9999 -0.181784389549577 -0.0127153620550789 0.120991595344204 -0.0645806770399513 -0.0666708563412771 -0.125185115023823 -0.117984947536363 -0.122759999037337 -0.104779951277342 0.00215249297008146 0.054091004244004 0.121915832950098 0.282674644807082 0.413163069642383 0.381432364110737 0.408559702289062 0.487014023411322 0.235695406556076 0.245406525147613 0.0394959136765336 -0.037051200737857 -0.190112916510361 -0.257216718347814 -0.204302631222462 -0.183840933459099
-9999 -9999 -9999 -9999 -9999 -9999 -9999 -9999 -9999 -9999 -9999 -9999 -9999 -9999 -9999 -9999 -9999 -9999 -9999 -9999 -9999 -9999 -0.339894900091582 -0.269428638110795 -9999 0.121554433924316 -0.0756060108686637 -0.0865165054262065 -0.132242277921585 -0.205418673248491 -0.20557414833994 -0.139928628961566 -0.0129804051203704 0.040289113332779 0.127820446044885 0.285112997665252 0.396105900780002 0.369041384311555 0.425574062025441 -9999 0.273752692776464 0.266793167641078 0.16203724287277 0.0646007712326497 -0.0586733516862001 -0.0896360898329822 -0.127339677452768 -0.139454272074515
-9999 -9999 -9999 -9999 -9999 -9999 -9999 -9999 -9999 -9999 -9999 -9999 -9999 -9999 -9999 -9999 -9999 -9999 -9999 -9999 -9999 -0.248064054574563 -0.288388581074043 -0.291129569271844 -0.229036484538689 -0.115694412203178 -0.0791606069428858 -0.137894002758101 -0.187630547676771 -0.186893291516367 -0.218031807277025 -0.161404142804111 -0.103897614412696 0.0013661007923117 0.141764522587374 0.236633046810684 0.355602842979991 0.35045075498096 -9999 0.269007631143521 0.268354095066636 0.173518448846117 0.251015864082533 0.140221715372445 0.107275480563954 0.0753770384652423 0.0373761969828319 -0.0307053250338637
-9999 -9999 -9999 -9999 -9999 -9999 -9999 -9999 -9999 -9999 -9999 -9999 -9999 -9999 -9999 -9999 -9999 -9999 -9999 -9999 -0.413560231207613 -0.411877597183041 -0.384731503825913 -0.346044561226728 -0.229584654708164 -0.184193371491962 -0.0364056085401893 -0.124767455620213 -0.120381189174365 -0.14513736576316 -0.148590317130464 -0.187678080134645 -0.193794831398215 0.0181278272697564 0.0786609013504118 0.22543356532571 0.362140170752781 0.384256831889507 0.372912079774707 0.264156375011121 0.289763101447656 0.206601652049177 0.180710886639797 0.136497683694705 0.124119531132894 0.12723329835095 0.157966115713006 0.0536593493541458
-9999 -9999 -9999 -9999 -9999 -9999 -9999 -9999 -9999 -9999 -9999 -9999 -9999 -9999 -9999 -9999 -9999 -9999 -9999 -9999 -0.369507158498275 -0.404412306415545 -9999 -0.273396180738442 -0.167784040792881 -0.143263678192185 -0.130610483817829 -0.0888762013812763 -0.0917454873463438 -0.0778348951128111 -0.0465516119158631 -0.0737037882896111 -0.148833624506463 0.0221424966651929 0.103466914067548 0.3110460941704 0.424536269870902 0.438284805390479 0.398090688961619 0.29988126158118 0.226077087510308 0.192260818942116 0.092835565080866 0.0141959718115738 0.01528910270855 0.0256913783728311 -9999 0.219288680562126
-9999 -9999 -9999 -9999 -9999 -9999 -9999 -9999 -9999 -9999 -9999 -9999 -9999 -9999 -9999 -9999 -9999 -9999 -9999 -0.392101757569187 -0.408463999559881 -9999 -9999 -0.160439562969984 -0.136473122726864 -0.0798949796193721 -0.074841545298223 -0.0587948128754795 -0.0566536818015425 0.0063154974530868 0.00135922876275494 -0.0324552897087437 -0.0432477055301261 -0.00130613854708319 0.116149262844005 0.259826176564952 0.434507122979301 0.474597662561362 0.191356481678832 0.199323709125967 0.124489087921201 0.0822850846786624 0.0172910763563969 -0.079995623637199 -0.0732912547624784 0.0431297598066364 0.0211133660335485 0.176790052603736
-9999 -9999 -9999 -9999 -9999 -9999 -9999 -9999 -9999 -9999 -9999 -9999 -9999 -9999 -9999 -9999 -9999 -9999 -0.288659850594729 -0.289290337252371 -0.357960724930947 -0.262696583091399 -0.242380035676812 -0.180823479582937 -0.0973959520358639 0.00921438049439048 0.00718689678317185 0.0689641847484131 0.000793199219232796 -0.0312402649525619 0.0685128032344258 0.046223996111693 0.010703128487933 0.11787746063265 0.166870817464574 0.241317951504334 0.30020412055218 0.232651776774778 0.00371000823345378 -0.0380612971682278 0.0381541160375735 0.0731226107968994 -0.0552228210508598 -0.116592239588481 -0.146807083632777 -0.0846786413619631 0.0183692573361448 0.115760773935723
-9999 -9999 -9999 -9999 -9999 -9999 -9999 -9999 -9999 -9999 -9999 -9999 -9999 -9999 -9999 -9999 -9999 -0.160807968600012 -0.20166356207337 -0.221968297552769 -0.200363611269759 -0.161383206572563 -0.183087228550017 -0.148500952602679 -0.0154111666221025 0.107522741417451 0.0982570637650782 0.130571000773378 0.141786439000104 0.110233794987169 0.101420459650732 0.103084451487208 0.0181076030831101 0.0675963486004683 0.101815607536331 0.134836065369777 0.314464176672111 0.129630911705524 -0.00828400725462632 -0.0964525683410187 -0.0518754648005253 0.118630923644446 -0.102599578072592 -0.129581564186837 -0.147238551421245 -0.176727914781959 -0.0790530481526139 0.0683808505197159
-9999 -9999 -9999 -9999 -9999 -9999 -9999 -9999 -9999 -9999 -9999 -9999 -9999 -9999 -9999 -9999 -9999 -0.127530836298619 -0.134238018963726 -0.134067163718097 -0.190423242759225 -0.111020404804335 -0.0363098759499324 -0.0116202225123509 0.134715671263214 0.168669843525624 0.14275336097337 0.111091813547143 0.219323074418618 0.135614910426778 0.00313532236757335 -0.0844337370553048 -0.00859341412482908 0.0366051046397819 0.0138036766115696 0.0522426508912598 -0.000523687395305807 0.00519814750239611 -0.0847207372566969 -0.156548591876586 -0.182712791537958 -0.216440295838383 -0.159648377630907 -0.168121942309841 -0.21921510870442 -0.246202043389246 -0.250486472718646 -0.0437152925003332
-9999 -9999 -9999 -9999 -9999 -9999 -9999 -9999 -9999 -9999 -9999 -9999 -9999 -9999 -9999 -9999 -0.00351022884965677 -0.065752756453162 -0.0715255053128151 -0.0654929521558831 -0.0628114597214485 0.0535396028519053 0.156880641657989 0.228173274283398 0.316253862547086 0.290850164529123 0.171266296703647 0.147271101524176 0.121184581804397 0.0948741491059634 -0.0522203557960777 -0.0475340207231221 -0.0943646026810847 -0.111118512859271 -0.0422902442331018 -0.0234325541685216 0.0378260986074162 -0.0502566676100679 -0.103110883870917 -0.145547085297918 -0.224473381551618 -0.247794980769577 -0.266134852591194 -0.317376049419351 -0.319463687340766 -0.228613066894072 -0.29027133230657 -0.0861025039238572
-9999 -9999 -9999 -9999 -9999 -9999 -9999 -9999 -9999 -9999 -9999 -9999 -9999 -9999 -9999 0.368032931766962 0.127808539325839 0.080801095488618 0.0769165779357916 0.0568031546863551 0.0460821190036096 0.26316231540796 0.348540014782714 0.392779615777354 0.408052539520446 0.404427196378658 0.201393233155903 0.072793487010739 -0.0198322709025388 -0.0363657546549994 -0.0525733339992104 -0.0960826597406661 -0.134612042607541 -0.164103319255754 -0.0254432263315729 -0.120206677529275 0.0266964538083084 0.0477730227815149 -0.0628654312040078 -0.159956796369993 -0.263995531320601 -0.280638424483293 -0.318651420377604 -0.321530921524663 -0.259728272467639 -0.137635439136423 -0.120822804369647 -0.0393615513937154
-9999 -9999 -9999 -9999 -9999 -9999 -9999 -9999 -9999 -9999 -9999 -9999 -9999 -9999 -9999 0.247192993020639 0.255906746641251 0.260366880014484 0.244289733227498 0.242124774065479 0.167910201299286 0.229076409591793 0.270552169251122 0.436967969855816 0.417645297715657 0.361313486623551 0.215665340797993 0.0898651188829082 0.0317374206453315 0.00715086378075821 -0.0171846455702581 -0.10863916599257 -0.156636316087338 -0.139521117757663 -0.103044017359275 -0.144361310844914 0.0189235734992113 0.0130060417959851 -0.0923737043390018 -0.16457631645649 -0.278031243526687 -0.298252452466451 -0.290186972911885 -0.237122571269988 -0.200973818064127 -0.0927067498538968 -0.101597567201736 -0.0177674158957157
-9999 -9999 -9999 -9999 -9999 -9999 -9999 -9999 -9999 -9999 -9999 -9999 -9999 -9999 -9999 0.366465784525536 0.337017013054588 0.36748307067736 0.382880250106985 0.313142507690487 0.227524559438412 0.223052194579533 0.287282990598385 0.381132125756849 -9999 0.371020949070605 0.296517712841047 0.139038028459575 0.0732718584603564 0.0492454357464887 -0.0152543132093151 -0.0683078367975236 -0.0893133376210485 -0.049471052858748 -0.076943172596587 -0.0270020142240126 0.0300321967128101 -0.0245237763518775 -0.0919621967681083 -0.106932835202565 -0.119171942717446 -0.17572982300149 -0.200142187952643 -0.21953808566815 -0.204574977795784 -0.156422499927543 -0.0420531705206473 -0.00136079220904645
-9999 -9999 -9999 -9999 -9999 -9999 -9999 -9999 -9999 -9999 -9999 -9999 -9999 -9999 0.469482605448149 0.490209998613579 0.461640610908416 0.248228157639932 0.391892982491983 0.283189722538924 0.306939111469449 0.312645398199596 0.262162619160431 -9999 -9999 0.368790306021751 0.288376877495631 0.156486811134871 0.123177206794562 0.103174143428557 0.0442859063127169 -0.058501372007849 -0.0650845180467191 0.0244525901752807 -0.0792262914190207 -0.0898374997022252 0.0661317392447637 0.0535946662173058 0.00754368191995472 -0.0370262939698904 -0.0419964991479567 -0.0892549713976251 -0.128186012447889 -0.153454674163779 -0.109491928176119 -0.073910091289673 -0.0462526412675698 0.212612547641136
-9999 -9999 -9999 -9999 -9999 -9999 -9999 -9999 -9999 -9999 -9999 -9999 -9999 -9999 -9999 0.566789048130382 0.538892414125385 0.372860841350951 0.269662422463884 0.302293165044586 0.266467377352952 0.24587658139466 0.222350362829401 0.25340763139142 0.212190838524252 0.256297548677423 0.202571234422177 0.194602060685664 0.173711839750904 0.152213530413925 0.0499683593002164 -0.0309371336293942 -0.0085278193801896 0.00968681419297746 0.00450192070031364 0.0626902228645604 0.111772737756408 0.112536974901492 0.0822324213442056 0.0221476123084867 0.04030859492322 0.0034358427332734 -0.00156721485544457 -0.0369459754311296 -0.0403388719103938 0.0404981882957688 0.148387028237265 0.315745051407217
-9999 -9999 -9999 -9999 -9999 -9999 -9999 -9999 -9999 -9999 -9999 -9999 -9999 -9999 -9999 0.495078539350619 0.450199474158924 0.343275969008488 0.277944426592614 0.31298269819173 0.224780250806565 0.165776877925014 0.155917685431138 0.137656095680059 0.16285592054764 0.128979312794998 0.127969210344492 0.089638846764427 0.107185160708448 0.126205701443462 0.0386533277375354 0.00917451912424457 0.102395527796537 0.076693635781935 0.0897237195418987 0.0723793347344061 0.183039215823328 0.175576621302607 0.193669731462195 0.165177793449972 0.17275234679068 0.319606973180959 0.297485174923251 0.193681380549799 0.204328128933581 0.297613011249926 0.33413679451307 0.47512047830534
-9999 -9999 -9999 -9999 -9999 -9999 -9999 -9999 -9999 -9999 -9999 -9999 -9999 -9999 0.191951652485261 0.402618431340282 0.0313435610088143 0.148489805787977 0.201303818345037 0.246535196387267 0.20686234987897 0.176346105807445 0.15582128151474 0.11529800704469 0.113515424852209 0.124925451725073 0.0897200070621459 0.0838738714036898 0.0730643781707445 0.0675220636826686 0.0433551872245091 0.0616679596028031 0.0723891753249005 0.0892403540074605 0.131863715081366 0.155263125270154 0.239437172190149 0.277195133010849 0.292233792307474 0.347602814694872 0.366545892726271 0.530512124112266 0.489277337737274 -9999 0.56994171702113 0.629997362971399 0.47795082089776 0.453141148073854
-9999 -9999 -9999 -9999 -9999 -9999 -9999 -9999 -9999 -9999 -9999 -9999 -9999 0.46972197044531 0.276921693328452 0.0657966166053277 0.127535823318081 0.242887923281955 0.276410912852378 0.241943285969437 0.196628086520011 0.178144252708492 0.175521499424546 0.135181087374445 0.10021306891793 0.105370527915882 0.0974881535503537 0.0590764636938398 0.00550014227426647 0.0857146603366744 0.127093980020621 0.142615359827359 0.154804747474103 0.19366932830716 0.221739397642427 0.263579345144838 0.31448706178463 0.297615695032822 0.359744064586264 0.425006495670817 0.512784199827288 0.621782297064402 0.664419447771698 0.560639266694287 0.564836499075913 0.580186857979814 0.424445244296908 0.416762626732256
-9999 -9999 -9999 -9999 -9999 -9999 -9999 -9999 -9999 -9999 -9999 -9999 0.428270281850013 0.326824901945724 0.101275159453944 -0.00410715811226754 0.228594887997348 0.270285799283928 0.320502678050379 0.238893619190428 0.218732325935772 0.210579731397828 0.186019224161454 0.163240357710267 0.139500860717714 0.117770169497062 0.1099824791513 0.118467916079627 0.0801401595113817 0.122792839246786 0.193346595691889 0.228081908763227 0.360404313099621 0.362426851040754 0.314223200298646 0.307019501845652 0.247694637445526 0.214477851651406 0.326064177709559 0.291451491390572 -9999 0.644274571536621 0.680092791186446 0.535548821095854 0.646831313542147 0.517640029089453 0.428599066215482 -9999
-9999 -9999 -9999 -9999 -9999 -9999 -9999 -9999 -9999 -9999 -9999 -9999 -0.0470735228474497 -0.0607962347695179 -0.0803790099016481 0.128711169189365 0.22756795181977 0.330722476188634 0.351988984576232 0.277163191447195 0.299409463089551 0.266060034032932 0.186087238012209 0.0510836321999699 0.0190184274711186 0.10701139364326 0.111093432805436 0.147416023973356 0.112938911871859 0.201006788173243 0.302981038037772 0.286688919940358 0.364724321880481 0.435510049980604 0.236727482233816 0.234870083261019 0.185584819218302 0.201755856264104 0.215112255957435 0.283580883043487 -9999 0.627554929883219 0.609675859434309 -9999 -9999 0.470300899892986 0.446618114434849 0.413615983067789
-9999 -9999 -9999 -9999 -9999 -9999 -9999 -9999 -9999 -9999 -9999 -9999 -0.0769657831959855 -0.0644229582508129 0.0381797346500048 0.181304194020101 0.261478229493701 0.285744239185015 0.349366227452345 0.344203052115336 0.301192666993033 0.262355038868506 0.132620652341175 -0.0612714885128859 -0.0753421045267944 0.00850627345666723 -0.0318376205835913 0.0447217756728675 0.0919127882446198 0.0857193738882594 0.136444862756898 0.289016899832934 0.33546113803124 0.414937947489966 0.165523683796601 0.0308331360627223 -9999 -9999 -9999 -9999 -9999 -9999 -9999 -9999 0.488287310638789 0.444173055670613 0.45107410704659 0.491410040701334
