data/rasters/s5.05.07.li.4_xyz_08_.asc
NCOLS 100 
NROWS 100 
XLLCORNER -4 
YLLCORNER -4 
CELLSIZE 0.08 
NODATA_value -9999 
[rows 63 to 83 of 100, columns 0 to 48 of 100]
-9999 -9999 -9999 -9999 -9999 -9999 -9999 -9999 -9999 -9999 -9999 -9999 -9999 0.055504921332654 0.0118494887428396 0.0548732803888458 0.118242126595252 0.226677293464034 0.158382946609896 0.0553184809847468 0.132047102587505 0.213835593444524 0.203143926353527 0.158067429635877 0.179400459301058 0.199097019827087 0.251218089568249 0.344189987698322 0.341655762239281 0.28334312873414 0.207746302473125 0.123220257773887 0.0760095238848519 0.0929103133049769 0.112584393979774 0.0981368493425627 0.119994914953564 0.126682682876051 0.113913121678815 0.0791497445964198 -0.00532299120639191 -0.00691146819035996 -0.0140862692625917 -0.039662266671091 0.0369574548432258 -0.105181653879402 -0.105910413582197 -0.130624177670754 -0.0338396287611935
-9999 -9999 -9999 -9999 -9999 -9999 -9999 -9999 -9999 -9999 -9999 -9999 -9999 -9999 0.0170649365732241 0.043756858533689 0.163734039172178 0.219836730420469 0.0921603445631127 0.0867704640180394 0.125910692106293 0.157661088064067 0.0868347257032692 0.180096293387075 0.136881786690806 0.0731768230093599 0.162654923775507 -9999 0.387939504762877 0.363142082318126 0.256943940470611 0.150789495238043 0.0789014056208434 0.0179547550449454 0.0764895999185958 0.0467224797930974 0.0947787667047264 0.146326592843993 0.140719183767708 0.099073966649049 0.000136128500831814 -0.0123109269296504 0.0621706370764136 -0.10511954377732 -0.0768990491109023 -0.119389025523764 -0.139444927862293 -0.0929803250841395 -0.0383080656159053
-9999 -9999 -9999 -9999 -9999 -9999 -9999 -9999 -9999 -9999 -9999 -9999 -9999 -9999 -9999 0.110423673340478 0.0985519580469071 -9999 0.123485988684787 0.115242144247947 0.091879178195326 0.151312268353155 0.0896056762987754 0.209029580862709 0.223491356524673 0.186310112965094 0.159685005609402 0.185297468899529 0.158539251715325 0.224118840920284 0.0940415081366227 0.155473336366249 0.0601734846437732 0.020934858036199 0.0605465671965678 0.0973238038969133 0.111683887730127 0.0594195357768834 0.0271464967244566 -0.00746971003678851 0.00632926989908981 0.154425129037838 0.140565061214418 -0.1032531591306 -0.0912067271567377 -0.151293473245543 -0.160920667329537 -0.129632590528015 -0.0394878210729988
-9999 -9999 -9999 -9999 -9999 -9999 -9999 -9999 -9999 -9999 -9999 -9999 -9999 -9999 -9999 0.123543796371657 0.165347632368532 -9999 -9999 0.150823308617193 0.142482498322569 0.0867496329724041 0.0111003692760836 0.0539095289382683 0.161139450155781 0.199141170386938 0.112143533802598 0.121241777850028 0.144241152310707 0.0802776252873267 0.00419373355202583 0.060925947689334 0.0825794163622009 0.108951800229269 0.0566378779347185 0.142830052899266 0.14538110630466 0.0954065006121878 -9999 -9999 0.24580429542258 0.224175497170238 0.212868802735057 -0.1645372152358 -0.152354538532173 -0.135752833998923 -0.18414486654339 -0.167070948726937 -0.131556765237266
-9999 -9999 -9999 -9999 -9999 -9999 -9999 -9999 -9999 -9999 -9999 -9999 -9999 -9999 -9999 0.0819754753419037 0.164165948757708 0.246600929076215 0.197769556537938 0.207256432598161 0.152092097672816 0.136924183028651 0.0464407447256023 0.123478774428685 0.0905204577833291 0.11944556267306 0.249063949848924 0.219111786736949 -9999 0.0463018246562222 0.064741557989599 0.0997311896644689 0.104481332193097 0.0612795128227865 0.0739206452720697 0.100098341837698 0.104520250325627 0.101752035728476 -9999 0.0605232578507573 0.0503759328572465 -0.0627389897991021 -0.0431780317153065 -0.100573652060471 -0.160744753248416 -0.158153822420354 -0.15829823954561 -0.164067198143855 -0.155682027850169
-9999 -9999 -9999 -9999 -9999 -9999 -9999 -9999 -9999 -9999 -9999 -9999 -9999 -9999 -9999 0.145653640161812 0.119482568677428 0.201986790761166 0.227360737093388 0.251904962549343 0.202005785210059 0.17179885587221 0.129076758834751 0.139389243160328 -0.00504419465416782 0.0600531939305305 0.174546383561303 0.36759532319638 -9999 0.135426474609899 0.106275409252323 0.107458712140811 0.0423920399168932 0.0184033016799996 0.0408032654535716 0.0116070514100126 0.164634897715385 -9999 -9999 -0.00336995566608764 -0.0257180942831934 -0.129880011327354 -0.121273749301798 -0.131875217925326 -0.132824888433869 -0.0467913036678791 -0.170799279073339 -0.0935453891842994 -0.124619079687298
-9999 -9999 -9999 -9999 -9999 -9999 -9999 -9999 -9999 -9999 -9999 -9999 -9999 -9999 -9999 -9999 0.260797439454193 0.206736728307145 0.225070408244843 0.306613744412648 -9999 -9999 0.175744216513731 0.0537684002128644 0.0401219229252184 0.146975532327507 0.161083255703175 -9999 0.116080950452262 0.107118923152494 0.0558224410048886 0.0391863456985504 0.0342345428679732 0.0874887775929973 0.187163419535885 0.182449231428046 0.132810006898752 0.0746685590001908 -7.94107102034829e-05 -0.0385672792352331 -0.289452382030818 -0.157068199696046 -0.190444692050055 -0.190408739032565 -0.086185222149221 0.0314984929215151 -0.0965392066291114 -0.0879430947841492 -0.105160977159838
-9999 -9999 -9999 -9999 -9999 -9999 -9999 -9999 -9999 -9999 -9999 -9999 -9999 -9999 -9999 -9999 -9999 0.200022782611131 -9999 -9999 -9999 -0.105468695217694 -0.04277093314803 0.0139594529233982 0.0502722491786449 0.101468142557815 0.0529646256740263 0.00945468791321044 -0.00552264338053985 0.0270158353147427 0.0164118885219846 0.0467024464468223 0.0707991287342062 0.193679613318764 0.159286450587228 0.148143719973886 0.117402627675792 0.096456237905572 -0.0443631253877452 -0.213960275114287 -0.248698312782585 -0.174733053560784 -0.13383851386343 -0.0891531943693959 -0.0144766533536586 0.0290523680651092 -0.0285670549696032 -0.0974818990816359 -0.104172611512667
-9999 -9999 -9999 -9999 -9999 -9999 -9999 -9999 -9999 -9999 -9999 -9999 -9999 -9999 -9999 -9999 -9999 0.156833362931926 0.124320176260535 -9999 -9999 -0.146383940582201 -0.0537213285019236 0.00191055609127288 -0.0248628248660609 -0.0228404659625078 -0.0490442082222663 -0.135215305351946 -0.129731513686423 -0.0579821950450743 -0.00998737873454475 0.0589428678802475 0.0921563285776384 0.150138903638711 0.155532887913842 0.170348949696832 0.0443859282452451 0.0191151949821795 -0.105823464820481 -0.159908669327351 -0.0333070735211118 -0.0705898322473152 -0.147930082070845 -0.134261619911557 -9999 -0.0759519606722583 0.0070646194651903 -0.111943930734275 -0.0550066723745092
-9999 -9999 -9999 -9999 -9999 -9999 -9999 -9999 -9999 -9999 -9999 -9999 -9999 -9999 -9999 -9999 -9999 -9999 0.119962387740591 0.00553784474076762 -0.129294240897267 -0.160875292351548 -0.0850182191065447 -0.140428246344482 -0.149893370301203 -0.107407752080406 -0.119351894865734 -0.160783042041646 -0.091270496566195 -0.0246317766180681 -0.0464094229929672 0.163784086258008 0.106451712806025 0.113865632249713 0.119663823176907 0.160726472289108 0.227840697702677 0.136837877893723 0.102562961720298 0.0885735098843551 0.0769180466825975 0.0310158300615066 -0.0578596221579832 -0.0977954130897457 -9999 0.0716338857818702 0.0744774377644425 -0.148827725942808 0.0212271186543632
-9999 -9999 -9999 -9999 -9999 -9999 -9999 -9999 -9999 -9999 -9999 -9999 -9999 -9999 -9999 -9999 -9999 -9999 -9999 -0.0328697915322504 -0.162660055833403 -0.124781518472521 -0.0786882635010982 -0.174928827660238 -0.196782163005364 -0.187763177702751 -0.155516055773493 -0.125380494409131 -0.142701635945684 -0.0509334126184255 0.00424488381805287 0.0691230153244887 0.0762926262553716 0.108701806216952 0.132107773377913 0.315542098168956 0.211203790640317 0.115423721958776 0.143759106327734 0.105496010705262 0.0910204972484712 0.0319876372167314 -0.07496198503575 -0.112032478141249 -0.0834867094737435 0.0806793050202627 0.111684379637429 0.0181045693607068 0.0626787083930645
-9999 -9999 -9999 -9999 -9999 -9999 -9999 -9999 -9999 -9999 -9999 -9999 -9999 -9999 -9999 -9999 -9999 -9999 -9999 -9999 -0.287176716086791 -0.107428262069618 -0.132177875593788 -0.199007974782247 -0.18604655612949 -0.206878933217125 -0.158494194296794 -0.173392923094732 -0.174050184116457 -0.217665826584743 -0.048522690309685 -0.177740974293361 -0.036993724318283 -9999 0.285580264050494 0.0325200820582822 0.0398811804956933 0.0646459990260944 -0.215893521586934 0.036860447816997 0.0630727091719141 0.0361196236705601 -0.0068080693629857 -0.0811837068250372 -0.117625498085108 0.0042304329557245 0.071165438482323 0.205176507342488 0.253829517627296
-9999 -9999 -9999 -9999 -9999 -9999 -9999 -9999 -9999 -9999 -9999 -9999 -9999 -9999 -9999 -9999 -9999 -9999 -9999 -9999 -9999 -9999 -0.198784402276019 -0.283819272796622 -0.275786129441244 -0.146635663864931 -0.108794220414859 -0.140656360714651 -0.219120978286084 -0.188940862481493 -0.208128390395665 -0.201013678751273 -0.0731373740534383 -9999 0.0213087073897525 -0.0166964328877892 -0.0312268849273039 -0.214972029655274 -0.137506955228358 0.0425358880567743 0.0146635781507883 -0.0157555471137475 -9999 -0.0400746676752871 -0.164135238185071 0.00205868540034672 0.073789218713108 0.0667317655026846 -0.0646611627973094
-9999 -9999 -9999 -9999 -9999 -9999 -9999 -9999 -9999 -9999 -9999 -9999 -9999 -9999 -9999 -9999 -9999 -9999 -9999 -9999 -9999 -0.0640064640801693 -0.167388802498059 -0.340856137074136 -0.295269940708717 -0.129069422014608 -0.138550445312101 -0.245298944723152 -0.115712791792588 -0.150146247136573 -0.217939213735778 -0.124714363800308 -0.0833726516549449 -9999 -0.13207356045793 -0.154993926693682 -0.0228772595323387 -0.198697323894068 -0.185192529820364 -0.077944784007088 -0.141912238249889 -0.0340931921835853 -0.217109617588344 -0.079098101191717 -0.124698857244415 -0.0666711445720855 -0.18946975761158 -9999 -0.0249128367850335
-9999 -9999 -9999 -9999 -9999 -9999 -9999 -9999 -9999 -9999 -9999 -9999 -9999 -9999 -9999 -9999 -9999 -9999 -9999 -9999 -9999 -9999 -0.210838031642204 -0.291091723925622 -0.221996530989251 -0.0666919378768692 -0.169773144993073 -0.18309776698511 -0.173449467184175 -0.186557398017315 -0.258444519798629 -0.223241594557668 -0.0232161338438788 -0.182514482003018 -0.16694479461939 -0.288023185963403 -0.339765401721066 -0.324499865744833 0.00474390867297615 -0.0606174521061101 -0.110580769002248 -0.00306340389346186 -0.13534932722722 -0.0635308775597374 -0.186437174953034 -0.171495912230005 -0.129969968239955 -0.0900258195873924 -0.0654691825592164
-9999 -9999 -9999 -9999 -9999 -9999 -9999 -9999 -9999 -9999 -9999 -9999 -9999 -9999 -9999 -9999 -9999 -9999 -9999 -9999 -9999 -9999 -9999 -9999 -0.167445848623581 -0.204075786833485 -0.223638429213417 -0.200253876749951 -0.135331778312359 -0.227403468337025 -0.273788979564836 -0.0776663820430046 -0.0293744563451892 -0.0696640141467167 -0.184172121179939 -0.319144511774458 -0.352371290505172 -0.367256912762337 -0.0783813543539129 -0.159965656961931 -0.22424303653854 -0.165475322939307 -0.160270454056248 -0.232146291763913 -0.208421122712945 -0.206579441465848 -0.21023377482062 -0.132955658891793 -0.0834864109439798
-9999 -9999 -9999 -9999 -9999 -9999 -9999 -9999 -9999 -9999 -9999 -9999 -9999 -9999 -9999 -9999 -9999 -9999 -9999 -9999 -9999 -9999 -9999 -9999 -0.10551382377885 -0.232463441098481 -0.264034306590966 -0.274413528801288 -0.337878891298005 -0.291172261131363 -0.233997512923814 -0.00966742691087297 -0.179214830518177 -0.352766604441255 -0.377120166544327 -0.344461584592424 -0.345469288986834 -9999 -0.109698880787583 -0.251981781218928 -0.174283686533038 -0.248520750215817 -0.22385939402656 -0.279760972902029 -0.253317789571021 -0.261144284348839 -0.184405386990483 -0.105729224903983 -0.119655544513623
-9999 -9999 -9999 -9999 -9999 -9999 -9999 -9999 -9999 -9999 -9999 -9999 -9999 -9999 -9999 -9999 -9999 -9999 -9999 -9999 -9999 -9999 -9999 -9999 -9999 -0.257655726031997 -0.223669301679614 -0.326193966160789 -0.398680322811428 -0.376081700561856 -0.183486019852999 -0.405338629884818 -0.394216285546497 -0.478836012631491 -0.454366303852707 -0.446686051273706 -0.41225768003048 -0.451827972849302 -0.239127679909889 -0.291987031123083 -0.287237313437073 -0.277150233302849 -0.2003644748398 -0.222117744488227 -0.245516819520646 -0.215544087490705 -0.207382471337593 -0.0762754888685101 -0.0793500118198829
-9999 -9999 -9999 -9999 -9999 -9999 -9999 -9999 -9999 -9999 -9999 -9999 -9999 -9999 -9999 -9999 -9999 -9999 -9999 -9999 -9999 -9999 -9999 -9999 -9999 -9999 -9999 -0.330747457816939 -0.299203500490035 -0.301920983216193 -0.392244726162132 -0.288371536979845 -0.28580356137442 -0.377326792861572 -0.486131463573575 -0.50800612219586 -0.47106077636011 -0.428987154465143 -0.298330013349886 -0.346795362348682 -0.268560693984267 -0.2681147522265 -0.279598231901308 -0.143066091855615 -0.205291487422913 -0.21189741902619 -0.219928177935573 -0.12963795468409 -0.024357581371765
-9999 -9999 -9999 -9999 -9999 -9999 -9999 -9999 -9999 -9999 -9999 -9999 -9999 -9999 -9999 -9999 -9999 -9999 -9999 -9999 -9999 -9999 -9999 -9999 -9999 -9999 -9999 -9999 -0.240157446898345 -0.273575939776685 -9999 -0.381792504308347 -0.368558343400868 -0.470667165174253 -0.45943406177118 -0.50132272483632 -0.480150244118248 -0.34667906799004 -0.345446280225487 -0.405219227063972 -0.282095185318511 -0.248304451041982 -0.152887622149384 -0.194702184491871 -0.240437651041942 -0.244939796746749 -0.119167681057906 -0.0760770012923678 -0.0932247874569894
-9999 -9999 -9999 -9999 -9999 -9999 -9999 -9999 -9999 -9999 -9999 -9999 -9999 -9999 -9999 -9999 -9999 -9999 -9999 -9999 -9999 -9999 -9999 -9999 -9999 -9999 -9999 -9999 -9999 -9999 -0.46706600356399 -0.48560149357836 -0.425104208755339 -0.466476505931013 -0.45980947357422 -0.509059841856333 -0.47316169586716 -0.447432546739755 -0.29341723154636 -9999 -9999 -0.181212110363707 -0.172455197562673 -0.260147891001769 -0.313015011132396 -0.192365384283313 -0.151552660767803 0.0298683151762153 -0.0366781131472919
