data/rasters/s5.05.07.li.4_xyz_08_.asc
NCOLS 100 
NROWS 100 
XLLCORNER -4 
YLLCORNER -4 
CELLSIZE 0.08 
NODATA_value -9999 
[rows 21 to 41 of 100, columns 49 to 97 of 100]
0.215665857665139 0.0197671139555625 0.255315280208248 0.189912400464485 0.284778193111696 0.237877057957824 0.300347540748626 0.0516362570261218 0.0559517526460819 -0.110451367275268 -0.152302606481921 -0.19537875005025 -0.233123370818251 0.0678714195775633 -0.0256550034740643 -0.0360090853280913 -0.0742729704712995 -0.190465074830034 0.00680846870018106 -0.0372524882099617 -0.133278422513914 -0.270226618744775 -0.219172014332195 -0.218076625399866 -0.276776005315617 -0.218266347618153 -0.105926683593157 -0.162555409406428 -9999 -9999 -9999 -9999 -9999 -9999 -9999 -9999 -9999 -9999 -9999 -9999 -9999 -9999 -9999 -9999 -9999 -9999 -9999 -9999 -9999
0.0369554767672472 0.19276981515394 0.307428309912273 0.24893013957323 -9999 0.270438886199672 0.36558720933598 0.0100319201788118 -0.0448109269982606 0.198292013514716 -0.0468651660155747 -0.0661341127343718 0.140293830799078 0.0939334398559643 0.0798840587475743 0.032769777753976 -0.124422824166517 -0.178628111110838 -0.258930192459099 -0.105107571418288 -0.218242424239597 -0.264070894366733 -0.265338919187368 -0.266179043676762 -0.186238958717767 -0.247641590500678 -0.16459975117431 -0.159378787406769 -0.0976969610480004 -9999 -9999 -9999 -9999 -9999 -9999 -9999 -9999 -9999 -9999 -9999 -9999 -9999 -9999 -9999 -9999 -9999 -9999 -9999 -9999
0.218145511020212 0.279746967678834 0.344254514568071 0.411811762316901 0.331246429709932 0.18125170893451 -9999 0.421728327396369 0.522081753828 0.286435135114519 -0.0243611367845578 -0.0375904020547662 -9999 0.0924988248948341 0.0692129945071236 0.0471486695746105 -0.0407107403929678 -0.147694863935826 -0.238755313674955 -0.270323080205952 -0.268270135324962 -0.300106703612378 -0.307887325751145 -0.253798697537162 -0.272566832634747 -0.254287840801379 -0.171015455936001 -0.221668332557707 -0.123783684958386 -9999 -9999 -9999 -9999 -9999 -9999 -9999 -9999 -9999 -9999 -9999 -9999 -9999 -9999 -9999 -9999 -9999 -9999 -9999 -9999
0.222227529124149 0.334678873000216 0.312515059524411 0.35704711163209 0.51190313339431 -9999 0.297593876677827 0.374138986594077 -9999 0.280880278643207 0.199991573510365 0.103249253069458 0.108660286720037 0.00279923169250928 0.00146101482289772 -0.0477002426909356 -0.173276847613249 -0.20798392287796 -0.220746191159392 -0.202104366231262 -0.208731434792741 -0.274841408349578 -0.287876772289627 -0.280849718515604 -0.225757401516764 -0.237884962214267 -0.238040117337574 -0.26427717594171 -0.213130373772407 0.163878189133332 -9999 -9999 -9999 -9999 -9999 -9999 -9999 -9999 -9999 -9999 -9999 -9999 -9999 -9999 -9999 -9999 -9999 -9999 -9999
0.251784169171783 0.24245959720726 0.255602088433275 -9999 -9999 -9999 0.245103361713365 0.322561516498233 0.268668408770464 0.287522915333413 0.201107234692379 -0.00314852787185479 0.0571195633170357 -0.00638867278207582 -0.0428424393048028 -0.0449205894451484 -0.206378244970205 -0.0356294382245496 -0.0331646599591867 -0.0787195179091856 -0.163159003474114 -0.29254453377268 -0.275312528120498 -0.247565386019786 -0.131572865768388 -0.177451459130781 -0.237294566394988 -0.206710312864193 -0.219102791618801 0.0652247480791356 0.107748168694382 0.10832415336338 -9999 -9999 -9999 -9999 -9999 -9999 -9999 -9999 -9999 -9999 -9999 -9999 -9999 -9999 -9999 -9999 -9999
0.203337526546404 0.200521324651791 0.0145696807730132 -9999 -9999 -9999 0.332343610197282 0.323939692558611 0.249060873721053 0.264497221210693 0.145452027445002 -0.0347069372909589 0.0107889355308826 0.00275417475772026 0.0491877554269198 0.143448139505571 -0.134574747128163 0.0781051830676584 0.0674039477109773 0.00477703056099866 -0.211356455049491 -0.23383564552025 -0.251444542581142 -0.196417096569788 -0.0649785714951922 -0.0797801738181297 -0.186003541525064 -0.134770419198176 -0.234143639060871 -0.170256422008705 0.0888865664049301 0.108552744124049 -9999 -9999 -9999 -9999 -9999 -9999 -9999 -9999 -9999 -9999 -9999 -9999 -9999 -9999 -9999 -9999 -9999
0.274357355471235 0.0583834479309164 0.00080808227427966 0.067981122199816 0.182306396795962 0.48197223192886 0.312871747848547 0.192712316198421 0.169641639906704 0.180426221941704 0.0812635026807707 -9999 -0.00339273478897337 0.0141184826252095 0.0966258730238534 0.219840670871213 0.238154469546061 0.151921942735942 -0.0181135231727543 0.0429961050181332 -0.139250441259506 -0.187256249669873 -0.229727742163053 -0.277885984795875 -0.272536193847368 -0.0258815547857922 -0.0651052102420821 -0.137967125493533 -0.145226223679951 -0.0512558621570859 0.106022004236493 -0.0486468292588225 0.113774423786356 -9999 -9999 -9999 -9999 -9999 -9999 -9999 -9999 -9999 -9999 -9999 -9999 -9999 -9999 -9999 -9999
-9999 -0.00479959539579721 0.0546998706334388 0.141259012211106 0.23124566533238 0.394095462757845 0.175070032656854 0.199922945923399 0.133560210215875 0.132159690343623 0.304793851524761 -9999 -0.0732741727634164 0.0496460320195795 0.0970341937925409 0.168976598006415 0.172303944715612 0.221905616479969 0.140946956913848 -0.167725448329526 -0.14716441084671 -0.20103912105394 -0.256190973696768 -0.279236359927503 -0.168350439345073 -0.0232948608616948 0.0317518506344796 -0.0213917691316625 -0.0846910160289044 -0.0245906969247315 0.116667004640798 -0.0472822573991037 -0.0394246002989928 -0.00857036758788927 -9999 -9999 -9999 -9999 -9999 -9999 -9999 -9999 -9999 -9999 -9999 -9999 -9999 -9999 -9999
-0.0141360035254608 -0.0592860336990379 0.0753836138567154 0.19937479000262 0.279924015334086 0.131522796034761 -0.0498804966536114 -0.203355966931083 -9999 0.149985243002329 0.31115336126117 -9999 -0.157632597393554 0.161870303633109 0.0337307189469133 0.0319832884206251 -0.0862888633373328 -0.0273878891685435 -0.189339235470963 -0.173753022746966 -0.145545434808105 -0.23006215703272 -0.264430824423364 -0.355191240260143 -9999 -0.104436533631815 -0.0848331168189341 -0.0245747842157156 -0.0313791592964719 -0.0534456180295502 -0.0155516391079849 -0.0116722364798838 -0.0518717855018628 0.0128261278182341 -9999 -9999 -9999 -9999 -9999 -9999 -9999 -9999 -9999 -9999 -9999 -9999 -9999 -9999 -9999
-0.0616181177819153 -0.152064052030067 -0.0229255874451215 0.0849827811073051 0.17485645145926 -0.0276912561691495 -0.0569798485460937 -0.170693039981235 -0.0638174171145027 -0.0327134955270259 -0.189662575428476 -9999 -0.236627054974444 -0.177469733398566 0.0250934734544029 -0.0836902328100054 -0.0759600749950493 -0.0919657952592437 -0.156316652412334 -0.19831319523101 -0.194867737683941 -0.163874123540625 -0.18304064260876 -0.204926329080004 -0.0969008556153161 0.00804794452967991 -0.0642001768788837 -0.0652625319547077 -0.0814037023307435 -0.121554718561594 -0.0881366334518727 -0.0650617390923955 -0.104237166451847 -0.111407173644322 -0.162199338272253 -9999 -9999 -9999 -9999 -9999 -9999 -9999 -9999 -9999 -9999 -9999 -9999 -9999 -9999
-0.0267095069272424 -0.126668297857403 -0.0615328352390396 -0.03633156842184 0.214072834567208 -0.0286212407077628 -9999 -9999 0.0501174770356662 -0.117789458935478 -0.19156415324452 -0.263045639351854 -0.0313124519010129 -0.160865597171459 0.00722834872386465 -0.061677209471497 0.0012601430821019 -0.11757388936822 -0.193447370162083 -0.0723973170362264 -0.203141538908161 -0.109578629886479 -0.227526268897289 -0.162771476543724 0.151304973712258 0.144530571819774 0.065272408539118 -0.0428230194189641 -0.0611433472899566 -0.169463718469926 -0.13571750503218 -0.164962501447083 -0.158138009970522 -0.123992764020509 -0.162337849048509 -9999 -9999 -9999 -9999 -9999 -9999 -9999 -9999 -9999 -9999 -9999 -9999 -9999 -9999
-0.0129688355699288 -0.109530190703439 -0.0863416548510383 -0.0135286775628329 -0.0691023541327239 -0.00279639518842923 -9999 -0.00931010801054141 0.0768100988278689 -0.0226409001566097 -0.0983119013243324 -0.285866930078417 -0.212614517524124 -0.204724442994097 -0.0826590687569491 -0.143759280371863 -0.257518400762699 -0.142365322598939 -0.214039457915075 -0.0603576324750549 -0.1135310612715 0.0412240896434337 -9999 -9999 0.0428914102667624 0.095835488893215 0.0258569733784283 -0.0485919944976624 -0.135641315821398 -0.139254213188594 -0.174995033931817 -0.188861742042184 -0.141491474014326 -0.170139036966175 -0.212028400132859 0.0634214973994283 -9999 -9999 -9999 -9999 -9999 -9999 -9999 -9999 -9999 -9999 -9999 -9999 -9999
-0.108415841681228 -0.124424712032931 -0.0677162984105972 -0.0873589012808755 -0.082877411122302 -0.0645184690177167 -0.0474671185010972 -0.0809748193353172 0.0924465657257835 -0.031525503810978 -0.0401974698298273 -0.0936815753888923 -0.209012091928648 -0.194531834668807 -0.181919759592885 -0.252714361799073 -0.192972052863535 -0.20497888659479 -0.213149549263441 -0.128984714940881 -0.0592188846665391 0.0802305575336873 0.144338760489498 -0.0664740782608124 0.028592227909034 -0.0855497678037544 -0.12474497585428 -0.110035866744493 -0.0930211756594034 -0.202403420689597 -0.13602049394749 -0.146976385572872 -0.159856657725373 -0.177922508393787 -0.158011328414495 0.0286834903207598 0.130537597547736 -9999 -9999 -9999 -9999 -9999 -9999 -9999 -9999 -9999 -9999 -9999 -9999
-0.0871591939829682 -0.121800746391181 -0.11156542241127 -0.122218894360248 -0.0233991163426436 -0.0280596375067163 -0.0627900591139765 -0.00111117146613621 -0.167045290298451 -0.111624273633829 -0.115263086258591 -0.216855278084353 -0.222306677868858 -0.29172049260768 -0.245174662090661 -0.240230095325186 -0.204227058324095 -0.210610572186096 -0.229260919872103 -0.0118304522581928 -0.0187062426444835 0.0713780344717357 0.140315811784855 -9999 0.000151272277750367 -0.033234374443625 -0.125325898510741 -0.0483565807899106 -0.0230848801571717 -0.114004970405919 -0.111925927565163 -0.127702095778962 -0.125366838888079 -0.171542670961638 -0.207713603216406 0.0529765120890166 0.0800422762931823 -9999 -9999 -9999 -9999 -9999 -9999 -9999 -9999 -9999 -9999 -9999 -9999
-0.0523589271462319 -0.0885240433973556 -0.100723489127336 -0.117639545452795 -0.135024927960891 -9999 0.0291560381481963 -0.0598560768694771 -0.0374109010824785 -0.112530321496468 -0.14342048362791 -0.218605251270535 -0.258979300573494 -0.282652298008105 -0.291198185759589 -0.253191774887552 -0.240429568746017 -0.241303097246137 -0.137019528468109 -0.171866592826443 0.123125287677621 -0.00872344831103945 -0.136785830479312 -0.197887047751139 0.118282946574065 0.000788579937871425 -0.115891339819658 -0.135606016420474 0.0888517364278751 0.079846195227367 -0.132959755069187 -0.146107607004757 -0.136824623003499 -0.126266097872986 -0.151079982960435 -0.166147908677586 0.210292555632853 -9999 -9999 -9999 -9999 -9999 -9999 -9999 -9999 -9999 -9999 -9999 -9999
0.0341940157432426 -0.0483425380083262 -0.0634211675845176 -0.091156770225536 -0.00287368037471651 -9999 0.000476792102290164 -9999 -0.0787886284967805 -0.164988098002451 -0.195234141331862 -0.27183673258821 -0.25510701696204 -0.256702630220718 -0.300611560405972 -0.283983408517529 -0.231166200594445 -0.175851107822125 -0.0385143079174175 -0.202805848715884 -0.270808541495638 -0.103381452961 -0.181645424643635 -0.185053227301771 0.0990148589447752 0.0353401705741039 -0.0597928087054101 -0.0888101407053613 -0.0901963799533431 -0.224296589501677 -0.194467644941584 -0.202053482421983 -0.173963684662837 -0.156908431771582 -0.159169807174215 -0.192108809390301 0.184784963999351 -9999 -9999 -9999 -9999 -9999 -9999 -9999 -9999 -9999 -9999 -9999 -9999
-0.0726915776723226 -0.0406683473008231 -0.00886793728396263 -0.0427937888449011 -0.0377092742661371 -0.0363630908033594 -0.0234471650157627 -0.0662348179165309 -0.0672242003785734 -0.1780899797277 -0.163188342968964 -0.113768921022346 -0.188146591223348 -0.193609454199333 -0.266702259682218 -0.266135956579827 -0.161338311820178 -0.219187458623827 -0.147523581505902 -0.186318900481997 -0.161772318864913 -0.146103451538237 -0.126549752391327 -0.204900667226926 -0.18670797241921 0.0787040967840767 -0.161843416956523 -0.0924926854373064 -0.138315938683719 -0.211451224049617 -0.211793739762451 -0.131027113995505 -0.0517218840333265 -0.0447474294064133 -0.145281756896786 0.024166495988781 0.15389273052942 0.148458105412789 -9999 -9999 -9999 -9999 -9999 -9999 -9999 -9999 -9999 -9999 -9999
0.10844491910827 -0.0167654910991433 -0.0189440425105209 -0.0271419542155649 -0.108438052151552 -0.0294550813718426 -0.192025748109028 -0.190428393327556 -0.147972423740103 -0.11723541372448 -0.00096882996652462 0.0591375442757179 -0.17942565032048 -0.175366113784018 -0.20851800140252 -0.222418048103081 -0.116610392365684 -0.17732177912664 -0.182107413447725 -0.0982517521983793 -0.110507644074432 -0.194990520628982 -0.0354203029411368 -0.209115505466383 -0.166339671426299 -0.124175961028231 -0.124351778205142 -0.14527652055523 -0.216220014137332 -0.170565443685813 -0.240879090012529 -0.122763447742944 0.0207389621255647 -0.0541506517861295 0.0643012203921107 0.0287545975709689 0.0869695669444415 0.123137451426473 -9999 -9999 -9999 -9999 -9999 -9999 -9999 -9999 -9999 -9999 -9999
0.20703385459624 0.207091792014079 -9999 0.0108355824624248 -0.101684258565599 -0.113798383176039 -0.17684107170349 -0.0521974729455335 -0.000145395638046229 0.115291951497666 0.0561137917664267 0.0163771620502285 -0.0364692826230056 -0.137245148403835 -0.115359025690998 -0.172148975078698 0.0111106256033941 -0.0498542100068162 -0.191518356341273 -0.164522357003486 -0.115863651201429 -0.13317006742386 -0.0286609051617459 -0.204586389667462 -0.175684851708527 -0.248673455412502 -0.178717028351066 -0.126172372184758 -0.171827006938049 -0.137025027301501 -0.117187943122226 0.0238342902602039 -0.0967938414994094 -0.0177974969893686 0.0733527573178132 0.108759343426415 0.0611862726235386 0.0632662688599949 0.0923386664267963 -9999 -9999 -9999 -9999 -9999 -9999 -9999 -9999 -9999 -9999
0.209947153195362 0.125695133770277 0.0569351544390913 -0.010138770293245 -0.0880628421746233 -0.0698866119787529 -0.0682244074880431 0.0949309346216919 0.0557532599355406 0.0306344469224615 0.0112140441031206 -0.109224007021322 0.0294595582180256 -0.0737864940164707 -0.028857973729938 -0.080828832600468 0.063940231907081 0.0532103566011458 0.0053477486765285 -0.067587274742742 -0.0928932365013629 -0.066196633124508 -0.0916499706907463 -0.255981831251834 -0.246685411804238 -0.203953569822152 -0.184253490788424 -0.173849906579474 -0.198440844792384 -0.166279993365705 -0.0362466270985066 -0.0486503297086197 0.0238801262893956 0.108071927126639 0.0644827169252153 0.135371071995665 0.133678791349603 0.0485553080979388 0.0301035836347055 -9999 -9999 -9999 -9999 -9999 -9999 -9999 -9999 -9999 -9999
0.234699273261118 0.118081348213649 0.0988257819312321 -9999 -9999 -0.094634076495036 -0.103121970444294 0.0959140036426772 -9999 0.0320341593895592 -0.0730033970810693 -0.133837507575946 -0.101994052376312 -0.0825718281018459 0.00899335774181428 0.0438156211720748 0.03222841835354 0.122089397869599 -0.0315004567360365 -0.0094259345926991 -9999 -0.0727906446483599 -0.0442205113260907 -0.190979280240373 -0.232278452079729 -0.153399600690783 -0.209633677962952 -0.229458364521412 -0.174590981524017 -0.160359841313087 -0.0561762814759144 -0.111989335538354 0.0484132186861294 0.158294782470748 0.175976904718517 0.0887073687841529 0.142277855454571 0.136197070919903 0.0971770848205336 -9999 -9999 -9999 -9999 -9999 -9999 -9999 -9999 -9999 -9999
