data/rasters/s5.05.07.cu.4_xyz_08_.asc
NCOLS 100 
NROWS 100 
XLLCORNER -4 
YLLCORNER -4 
CELLSIZE 0.08 
NODATA_value -9999 
[rows 42 to 62 of 100, columns 0 to 47 of 100]
-9999 -9999 -9999 -9999 -9999 -9999 -9999 -9999 -9999 -9999 -9999 -9999 -0.275239468717968 -0.301385290000764 -0.260050766734716 -0.221709529875865 -0.232772386043795 -0.322169992468973 -0.281341189251191 -0.246140341972435 -0.25517428803809 -0.295503204660853 -0.304029704410137 -0.31297797064875 -0.283665116543293 -0.300788464492541 -0.269129649780771 -0.325191813388083 -0.319350659389331 -0.352702591410851 -0.340445239066126 -0.302760520023298 -0.241456510040883 -0.293524558124436 -0.253328919805257 -0.175726154986636 -0.120737133068189 -0.0591118839755944 -0.0301224966182657 -0.0164090592678063 0.0525641737467891 0.0948878517384208 0.138558209803228 0.122760948291638 0.276065616097626 0.194238506035311 0.170257359335591 0.16319149591381
-9999 -9999 -9999 -9999 -9999 -9999 -9999 -9999 -9999 -9999 -9999 -0.169740871286523 -0.194086270346181 -0.218320391952133 -0.203523482426551 -0.161338763815264 -0.184023103497221 -0.225024324585785 -0.0635717588806108 0.13591558062994 0.0323944439988675 -0.108677261267064 -0.26293617385341 -0.266444280093079 -0.211564263873901 -0.237352564546493 -0.249778735199316 -0.232957787496841 -0.275632537922613 -0.267006033982192 -0.240615574167518 -0.218942179606119 -0.252714885547277 -0.293490560853689 -0.245420585548334 -0.244947608654531 -0.21903506184484 -0.267787522146128 -0.0735633433022561 -0.0267401884962312 -0.0198399588672932 0.125894627323915 -9999 -9999 0.268122046579978 0.223734173088165 0.138618259725279 0.153166759870455
-9999 -9999 -9999 -9999 -9999 -9999 -9999 -9999 -9999 -9999 -9999 -0.0926086012529437 -0.0992863511177512 -0.0237714405259048 0.0354740816277908 -0.0457327587983103 -0.196958484327442 -0.0606266663362709 -0.048741765359559 0.091798609220361 -0.0195583034607995 -0.0902852704411663 -0.103543104021308 -0.12576667681866 -0.147376321087364 -0.184135294192129 -0.144887640920417 -0.236378777054314 -0.271200062021581 -0.235614657036049 -0.208691572984233 -0.226820432592969 -0.294520808670467 -0.258820187954174 -0.223392787204832 -0.220957355032985 -0.266642053499646 -0.256591248188103 -0.0986086905764295 -0.022522223457879 -0.0508044871211621 -0.045288651109932 -0.0620584638448871 -0.0741302642597649 -9999 0.288863641053295 0.119818919200896 0.122286099535856
-9999 -9999 -9999 -9999 -9999 -9999 -9999 -9999 -9999 -9999 -9999 0.124833242145156 0.125775456998669 0.209852820223756 0.190683654634212 0.0262836439515813 0.227451451005041 0.112773789905411 0.011310830713753 0.217790194878136 0.0205377770615747 0.0343278733969246 -0.069521473762568 -0.0907992162379904 -0.0984910487217028 -0.0963622012365163 -0.125920201753791 -0.176051324916044 -0.211677391514428 -0.269798617038193 -0.192564093951984 -0.221259912706684 -0.274479526749799 -0.251731613908 -0.270111639014846 -0.299615617030132 -0.269597235374009 -0.243514963523304 -0.151650486007734 -0.0553703740126431 -0.0760485750037396 -0.069057165748187 -0.0515209159475884 0.0145756833823479 0.0237595191412729 0.0282987149731272 0.168048308109763 0.119092959244931
-9999 -9999 -9999 -9999 -9999 -9999 -9999 -9999 -9999 -9999 -9999 0.21633889762357 0.230799795049508 0.302851122299586 0.325778019106165 0.372475283047129 0.441602424270359 0.44027170652786 0.347157325677454 0.202396136946965 0.169651908409107 0.0688025768466602 0.0134811531246236 0.0272307985175717 0.0154098222293626 0.0786887333795676 0.00592327528744465 -0.0598725545094815 -0.128582892405139 -0.215090769421172 -0.170195520786923 -0.199678859836613 -0.226353991186598 -0.203201518181247 -0.27677543882961 -0.292242100990594 -0.272345974322629 -0.205413334465978 -0.0873794637132081 -0.0339272144529422 -0.0546711995688466 -0.0652742881767999 -0.013679421727129 -0.0428749378363543 -0.0957997041449888 0.0409652932403092 0.0954649881847491 0.0755140424930724
-9999 -9999 -9999 -9999 -9999 -9999 -9999 -9999 -9999 -9999 -9999 0.291950608761816 0.316019311329802 0.307833976571567 0.301516564890288 0.312735512939171 0.383918536713447 0.363497206775268 0.379742742031995 0.357728612760578 0.169117200539781 0.205701084200401 0.159400846877318 0.141317269170363 0.106588210895856 0.0064724610376184 -0.0541805933674422 -0.0710937608735062 -0.106079581398465 -0.152334552334951 -0.161265485941579 -0.156283828840556 -0.155910490935999 -0.179703733512861 -0.23673555379323 -0.246662408149671 -0.237504306409432 -0.102001008202437 -0.0611949256351069 -0.0247917598242116 -0.0709333150137485 -0.09051379321705 -0.0112383525125887 -0.0720787824132415 -0.123712550223448 -0.106568293075956 0.0492390394325249 0.0559302156104483
-9999 -9999 -9999 -9999 -9999 -9999 -9999 -9999 -9999 -9999 -9999 0.325364076746613 0.36468926294106 0.327281833061492 0.291145551267566 0.28331634331887 0.345423091113593 0.349023442936965 0.352103414562429 0.333051150978512 0.276683226150017 0.246482259457998 0.210518942966302 0.174721470714366 0.191690763638956 -0.0298313750102014 -0.0680895942287747 -0.0334367708758838 -0.076605938491581 -0.111033172655603 -0.0997033964381338 -0.0863975007236312 -0.106182711783236 -0.145163777367049 -0.179140862681204 -0.148976884151952 -0.157132021105619 -0.0762097187614784 0.065578552190903 0.00302414215564307 -0.0132604522639037 -0.0500253294594542 -0.013791159849092 -0.00674861269734967 0.00280951507658997 -0.00614965164204972 0.0125123653304777 -0.0842047669751758
-9999 -9999 -9999 -9999 -9999 -9999 -9999 -9999 -9999 -9999 -9999 0.365568344363728 0.431234511781586 -9999 0.282773893877946 0.26711287460358 0.309687758586382 0.377637208879125 0.408246408547609 0.379075828783068 0.293469614192858 0.255229035151404 0.195819445659599 0.154489290964875 0.112951003148163 0.131288326363129 0.143675453913635 0.0255673785292804 -0.0149164459852829 -0.0370765523037433 -0.146304048522983 -0.144242604140386 -0.129668291402568 -0.126415962683881 -0.209221449118778 -0.0626734699605679 -0.0142585638886924 0.0187295610239808 0.0785076305898287 0.0581715705270549 0.074440748132262 -0.00313969892241805 -0.0205756603464956 -0.0519383416321947 -0.0362390065223686 -0.0502285413289215 -0.0954107629516324 -0.113911552029472
-9999 -9999 -9999 -9999 -9999 -9999 -9999 -9999 -9999 -9999 -9999 0.431534497858515 0.458143599022681 0.494324476480577 0.49089936344617 0.258233962158234 0.282780338478033 0.477436780836999 0.421792837411455 0.380635041226673 0.366819276347625 0.260813345791731 0.146034038303334 0.143098806990071 0.141546638653025 0.158209902392049 0.242835803213599 0.25301228835505 0.159209216693648 0.0408485637210572 -0.0833251376823089 -0.13898780282765 -0.132936941407125 0.0481149591649882 0.0898559630171249 0.0929140062374943 0.106685835226213 0.108519334417619 0.13124240628415 0.167635287709903 0.11619775344508 0.0391709417423736 -0.0177814019015143 -0.0837773081350907 0.000308261724068427 -0.0479390024336963 -0.0861838706145104 -0.143532421900833
-9999 -9999 -9999 -9999 -9999 -9999 -9999 -9999 -9999 -9999 -9999 0.516981324320511 0.365569687245057 0.40468798808511 0.435486894307098 -9999 0.32399993425818 0.400925152013835 0.364835009462718 0.293784724698056 0.218544269367868 0.152446705184483 0.108689815572224 0.0748906955759637 0.118266238286219 0.125690340214947 0.184935648865793 0.163301480749284 0.156676755956059 0.101165044019554 0.053061218743462 -0.109323239418047 -0.0374131273674101 0.0776103674715063 0.135223754268125 0.191484505660874 0.199400489713846 0.177445026685164 0.242099951246666 0.278067538785412 0.210843196794821 0.104439316332398 0.0296099431442787 -0.0693076991354241 -0.104968580555142 -0.078079703883433 -0.140613421524529 -0.130600277665159
-9999 -9999 -9999 -9999 -9999 -9999 -9999 -9999 -9999 -9999 -9999 0.543830579388562 0.351412232713859 0.41713350963279 0.404006469025617 0.362680647589207 0.334713443331873 0.34814164122474 0.267661652932043 0.194679911605557 0.126902165768878 0.0663084024263721 0.0303199353290813 0.0273312489867183 0.151285523475084 0.0715512482222291 0.124621383026357 0.175336630777729 0.173906594488773 0.0596751106043093 0.0385742550494068 -0.0424506062508873 0.0234067407259947 0.0848205111015187 0.0513053813006043 0.143244970768572 0.155430148272704 0.166027884605765 0.358818675023266 0.273242441802325 0.276711838902485 0.204959246463481 0.021223718459587 -0.0270448736060895 -0.0422411395576159 -0.0232457483667244 -0.0167055181528587 -0.101253935573988
-9999 -9999 -9999 -9999 -9999 -9999 -9999 -9999 -9999 -9999 -9999 -9999 0.384719643402596 0.42858729624572 0.305859226363976 0.329535677059571 0.309545595857154 0.285505823863989 0.297069451134449 0.200737577072615 0.10717771797194 0.133726181820792 -0.0126640326987557 -0.0395814254157791 0.00619071243620307 0.0320773083829433 0.0454222703275941 0.0926257748954073 0.136392400518981 0.1081376701064 0.0379417194909676 0.053912404875882 0.0616122081926625 0.0777802317137547 0.15019879902485 0.0852840850714641 0.109808301418511 0.32372039814649 0.26011672589752 0.275483127886639 0.308531667182354 0.255277426162736 0.180783631474428 0.00278519368302558 -0.00281076894985247 -0.0119739511899368 -0.0942175751460757 -0.084656151513014
-9999 -9999 -9999 -9999 -9999 -9999 -9999 -9999 -9999 -9999 -9999 -9999 0.376269903709334 0.487274812262516 0.266308061051584 0.275554139558119 0.264179538461863 0.256607896749768 0.25966978690993 0.192057903471552 0.0203975911650382 0.000347305262887679 -0.0144748225328657 -0.0384225112917669 -0.0615397359387197 -0.0378147225193677 0.0374620280239618 0.0812838589965112 0.134708385940759 0.170724969980337 0.103844142670052 0.0935848532312988 0.0959402905645776 0.0711021809657987 0.069248021000088 0.0685492974480403 0.122524606477351 0.196122345165355 0.251100988324641 0.264720876548719 0.274881892878664 0.218558353109201 0.152671479991725 -0.0345372288477937 -0.0970691134048118 -0.0666807585926466 -0.0835368578307512 -0.0633846611267008
-9999 -9999 -9999 -9999 -9999 -9999 -9999 -9999 -9999 -9999 -9999 -9999 0.506163654434289 0.451384887897868 0.333600959885641 0.285165708554523 0.277052011070184 0.240055527018502 0.183992074911867 0.110420024072911 0.00631158430165931 -0.0231225884991086 0.0154795655998785 -0.014119314956634 -0.0971078784865878 -0.104645403845136 -0.00262056333810279 0.0825991919441526 0.112938420938012 0.127976059623816 0.209623473018683 0.194964907231958 0.113112421356684 0.0677748420376673 0.0830526163170909 0.17315268971448 0.176371522264981 0.211762625815894 0.267964825235694 0.235009709149052 0.256445631553885 0.245825030496168 0.138359055057318 0.114613727872622 0.0272398554109722 0.0517260075146239 0.0614515468396458 0.00202939351381846
-9999 -9999 -9999 -9999 -9999 -9999 -9999 -9999 -9999 -9999 -9999 -9999 -9999 0.473587690320447 0.406511278177066 0.359198799579112 0.310116770560066 0.237486020705077 0.149288602850259 0.130119237745997 0.0439327369912496 0.0600305089478722 0.0746273243467159 0.0513106527820515 -0.0201090604323982 -0.00987719624293041 0.0451646075060703 0.0777755879533002 0.107898960771418 0.0614581813690901 0.176466265770661 0.142711821560564 0.224137384052558 0.172950725111202 0.241085250194623 0.352752892384082 0.197351176354873 0.297926322120984 0.218668579948037 0.20757216760749 0.200443733362616 0.2007034070952 0.238724381679307 0.221553639256611 0.191638755633655 0.0887554934161703 0.0306073303086699 0.0069989682096679
-9999 -9999 -9999 -9999 -9999 -9999 -9999 -9999 -9999 -9999 -9999 -9999 -9999 0.49066763457385 -9999 0.349342377374178 0.343481888969501 0.295779893818856 0.210886771489519 0.169306880984955 0.139809223115486 0.113904805224985 0.0341568158359998 0.0468524611699688 0.027194149277313 0.0260387558039081 0.0572652725370204 0.058828642802696 0.106029577277469 0.0689639116420537 0.103537370435271 0.165167539122088 0.246768456865518 0.270209372938256 0.291662090886247 0.275662078821134 0.256996451491561 0.273479860685689 0.209233800661387 0.172904513405662 0.150608979690579 0.223571387726389 0.222385375432696 0.241080415971602 0.183413642513509 0.137209276655279 0.0454836215840833 0.0364663451895936
-9999 -9999 -9999 -9999 -9999 -9999 -9999 -9999 -9999 -9999 -9999 -9999 -9999 -9999 0.405338435786975 0.350730423022444 0.301564477811613 0.260119723522139 0.237346393199823 0.266333124975731 0.344349541219299 0.158938301447261 0.0539080433536419 0.0669217136252063 0.0573234430800854 0.0618882796106193 0.0790147128244617 0.0615696492748705 0.0941770118238311 0.0451230097252011 0.108543959763892 0.14815145237664 0.173775568512158 0.120281512701012 0.240307874845948 0.265408978138751 0.214663171539699 0.167111458412021 0.15862267088815 0.141655731554172 0.13956684836886 0.174904341887723 0.192446449836242 0.203603026124135 0.170380277119222 0.1559205098212 0.105643397813488 0.0549625907022979
-9999 -9999 -9999 -9999 -9999 -9999 -9999 -9999 -9999 -9999 -9999 -9999 -9999 0.399174520373892 0.401525517885045 0.304119287743943 0.262640960467843 0.237763157435697 0.29095132317173 0.315230663120426 0.319545383210978 0.130459712570145 0.137639537985423 0.153772172792038 0.0973726786694933 0.018265499757275 0.0309726201334034 0.0144955651970189 0.0469100945880282 0.106890565513395 0.118033618083409 0.0746317923516298 0.160907370421889 0.145670784485705 0.163123013550756 0.157033131525454 0.175090609036016 0.153224437406059 0.168357959358791 0.113489672373756 0.0598848701685812 0.151056000180134 0.176589836698219 0.17673296708758 0.167794078405537 0.143757764335131 0.0855545024647279 0.0418146841855267
-9999 -9999 -9999 -9999 -9999 -9999 -9999 -9999 -9999 -9999 -9999 -9999 0.353688049446268 0.385001574624804 0.343057676514574 0.277092762817141 0.249761612825871 0.222730521905479 0.232181957815026 0.274531241771623 0.3076517993444 0.184124035596798 0.225946001354233 0.126621026683308 0.0728510624880435 0.00480632639135609 0.0224551832535128 -0.0311549929921437 0.0348726516568973 0.0623268912305333 0.0444531762540326 0.0220794696759701 0.0467980892319838 0.0399712789970656 0.151056577332774 0.128223227128037 0.119322944292386 0.165658048315175 0.14567884172485 0.103882560412017 0.0662921230927711 0.064192664178187 0.0909307663479705 0.202447098963138 0.183251070281381 0.17565732807607 0.124258446324726 0.0353761175216058
-9999 -9999 -9999 -9999 -9999 -9999 -9999 -9999 -9999 -9999 -9999 -9999 -9999 0.306031356680262 0.256235217898471 0.215812006449304 0.232461333783723 0.136956276227126 0.210636319663561 0.195464597043536 0.278591254669779 0.208044752247985 0.226927524136363 0.141662966326181 0.101964412838046 0.016997827267247 0.00750287988670363 0.0264744038300112 0.0706897890826854 0.0372751914595305 0.0209394795378758 0.0658430269584257 0.0984664179306917 0.0776569793755236 0.123743729031854 0.133849709507871 0.131235124529298 0.112456867116383 0.114940592202271 0.137979531046583 0.0556367215293175 0.0583277304061057 0.0936599335514972 0.229495858129853 0.171504655665802 0.130225063789436 0.0479474296039464 -0.019858901468002
-9999 -9999 -9999 -9999 -9999 -9999 -9999 -9999 -9999 -9999 -9999 -9999 -9999 0.211676534781943 0.201356944355066 0.190528973767239 0.1304719721287 0.0985243746231896 0.135296448925155 0.200895696235362 0.29687032821058 0.295840451470022 0.287275717635651 0.253403998373887 0.148855330001284 0.117166075409103 0.132634501507874 0.104298412815892 0.0960326891347587 0.0496739730962147 0.0674202156630277 0.105788364552818 0.102831689457727 0.141690666091244 0.0666380881884429 0.0375581141037793 0.0918965551074409 0.0536246717480997 0.0232104898250697 0.0418402033677778 0.0721072989818236 0.116672483429728 0.13496288520602 0.204312292662514 0.132935176544021 0.121766432028678 0.0163302774570063 -0.0498004572268305
