data/rasters/s5.05.07.li.1_xyz_08_.asc
NCOLS 100 
NROWS 100 
XLLCORNER -4 
YLLCORNER -4 
CELLSIZE 0.08 
NODATA_value -9999 
[rows 22 to 43 of 100, columns 49 to 97 of 100]
0.0687322981440754 0.186359063969258 0.198671584354459 0.0288457066917905 0.0411172962214608 0.095091272272095 0.0225369352512042 -0.00904139691047896 0.00644348395940993 -9999 -9999 -9999 0.0486826925081904 0.0441960140921414 -9999 -9999 -9999 0.105080408944131 0.15054331311518 0.280405125570734 0.259790204066001 0.136989162314209 -9999 -9999 0.354404524008088 0.392959261918362 0.253185561180728 -9999 -9999 -9999 -9999 -9999 -9999 -9999 -9999 -9999 -9999 -9999 -9999 -9999 -9999 -9999 -9999 -9999 -9999 -9999 -9999 -9999 -9999
0.0774955106395152 0.11833486531223 0.0852669285119704 -0.00333829730303009 0.0201660247575514 0.039429334783651 0.00176334260644363 -0.00713937088826603 0.0365375744606252 -9999 -0.01416895379275 -9999 0.0530905728823865 0.160380942184921 -9999 -0.0199754012411699 -9999 0.159170190066624 0.146215172603187 0.228254750010258 0.272145907254254 0.234974043622602 0.101525622622549 -9999 -9999 -9999 0.236532218620551 0.130594761661661 0.239221964418725 0.278767084470309 -9999 -9999 -9999 -9999 -9999 -9999 -9999 -9999 -9999 -9999 -9999 -9999 -9999 -9999 -9999 -9999 -9999 -9999 -9999
0.0772998159415398 -9999 0.0744476505857041 0.0151532172950464 0.0424044976160517 -0.0200603748908138 -0.0472548139463167 -0.0244472030674199 0.0401485851858978 0.0834232063787716 -0.0515812230896091 -0.0796537383771042 0.0173047363668003 -0.0739710623146303 -9999 0.0523190459871401 0.00910571362464042 0.0538621740635238 0.28170005208613 0.21521840934004 0.252604736286115 0.201287883148453 0.16992223797285 0.208110280386265 -9999 -9999 0.18363538420188 0.151892551690224 -9999 0.174355900385801 0.177884245214818 -9999 -9999 -9999 -9999 -9999 -9999 -9999 -9999 -9999 -9999 -9999 -9999 -9999 -9999 -9999 -9999 -9999 -9999
0.137994040533656 0.101903811137371 0.0673672580591341 0.0572956757126708 0.0957475693445334 0.0272284071967988 -0.0337168906540199 -0.0543540531574054 -0.0404485621276132 -0.0210957896010938 -0.0222750034060738 -0.0786259925649229 -0.00666198591707883 -0.0620394494492088 -0.0318817167921412 0.0150187115550435 -0.0226360671062691 0.011379651297522 0.115354879086414 0.184266440852096 0.247289355991964 -9999 0.17073593362249 0.082744803413171 0.0960511187212004 0.144457235580008 0.0789484919260417 0.10789568548988 0.157480106845894 0.177905029783475 0.103417260206537 0.25296326177278 -9999 -9999 -9999 -9999 -9999 -9999 -9999 -9999 -9999 -9999 -9999 -9999 -9999 -9999 -9999 -9999 -9999
0.181042351897495 0.111847193160765 0.0457039587059985 0.14911817007521 0.020545458098359 0.0442730809969239 0.0342866042136501 -0.0363997635920941 -0.0355561674663592 -0.0751684442870029 0.0948750582820931 0.0157407546812458 0.0386191465380814 -0.0134362794162471 -0.0377396987703883 0.0279082898670623 -0.0272473582408316 0.0138963597724252 0.057388793533601 0.104401046123109 0.139649525938732 0.216122992796979 0.156933394925763 0.126078864013972 0.0640354936758572 0.119493197893262 0.0629003929968836 0.0407856353886346 0.0656880780471064 -9999 0.0708697706358237 0.119578021416341 -9999 -9999 -9999 -9999 -9999 -9999 -9999 -9999 -9999 -9999 -9999 -9999 -9999 -9999 -9999 -9999 -9999
0.20825216973151 0.11186103225909 0.00918591651526335 0.265024328121341 0.0197067602881105 -0.0193078595265233 -0.0588249896386553 -0.0356236074306694 -0.035519253548344 -0.0435941438819029 -0.0673161421798091 -0.0660046506992431 0.0256315950805746 0.00466990762333058 0.00564219252105786 -0.00461834880186157 -0.0488859677668486 0.00116689044721051 0.0634669575558507 -9999 0.158379655484457 0.0560169342075942 0.174745398006873 0.21796049378422 0.175167004685295 0.110803918597483 0.0617981703465527 0.0367600633438162 0.0466544059990537 -9999 0.0699057550537108 0.094535130381866 0.224353642774602 -9999 -9999 -9999 -9999 -9999 -9999 -9999 -9999 -9999 -9999 -9999 -9999 -9999 -9999 -9999 -9999
0.194707546516306 0.188084072617392 0.0113143971628324 -0.0224385817979246 -0.0405910651270336 -0.0256943728441409 -0.027539241372585 -0.0645676745621062 -0.0600791556843953 -0.0590200770416609 -0.016158564398925 -9999 -0.0170309409895965 0.0384903288754493 0.0648728950678698 0.0346237000506945 -0.0329407386492519 0.0104318201026341 0.0835503299252709 0.0564129166891737 0.033125568792356 0.0128749233092034 0.188228767789511 0.132937015686198 0.161444638936361 0.154359551662999 0.109168439829574 0.0732922633274876 0.0709810274545023 0.0549061954058113 -9999 0.131817585023005 0.254921457136081 0.278416170155154 -9999 -9999 -9999 -9999 -9999 -9999 -9999 -9999 -9999 -9999 -9999 -9999 -9999 -9999 -9999
0.0543379025350391 0.206146960620231 -0.0146984386469892 -0.0486848954556456 -0.036335587340716 -0.0547724901422052 -0.0936575578212618 -0.0802154318636783 -0.089647175167586 -9999 0.072454541558966 -0.0310084782851761 0.0199410381503382 -9999 -9999 -0.0398796854986384 -0.0158800403103652 0.0859003243993727 0.0991602350109844 0.0617843912644572 0.0255281376591579 0.0430048231717622 0.245247656936257 0.150969226804056 0.192540537618045 0.144735231903129 0.212788584768799 0.101146785024423 0.0350970284796719 -9999 -9999 -9999 -9999 0.254915776305234 -9999 -9999 -9999 -9999 -9999 -9999 -9999 -9999 -9999 -9999 -9999 -9999 -9999 -9999 -9999
0.033300823646451 0.0356053805712135 -0.0311150406626992 0.0328245490069408 -0.00766710889236864 -0.112524482081059 -0.0324985883852902 -0.0708744202144795 -0.111409350469872 -0.109825515578972 0.0096013909352571 -0.0226777952659857 0.169732083114732 -0.0852787278618128 -0.0603593670895776 -0.0215500914043369 0.0279814814042444 0.0554359491234855 0.0858622950407595 0.0831105706755117 0.0628887164480234 0.0678614437083514 0.181776613069827 0.276217310638109 0.266087164735405 0.245694582803848 0.198773574720193 0.10707772688071 0.0788607395893519 -0.0447193445852689 -9999 -9999 -9999 0.19963255697383 0.215616130877874 -9999 -9999 -9999 -9999 -9999 -9999 -9999 -9999 -9999 -9999 -9999 -9999 -9999 -9999
0.0465354686890909 0.0655257696905369 -0.00854950546445082 0.0462936852876897 0.101014743322168 -0.146095752811298 -0.0300626836887208 -0.0819319864901294 -0.0858579265452748 -0.174748646502706 -0.099339981062013 -0.12768652037335 0.0627054185453785 0.00836151629999809 -0.0468062468227998 -0.00269323324561692 0.0134598964864844 -0.0294972405063828 0.133632445060349 0.17461656302324 0.0857553554241902 -9999 -9999 0.580865358467985 0.478840219910763 0.369953566551245 0.211474765573088 0.141463041731329 0.10390988141484 -0.000968356515917221 0.236353348552841 0.33682254243453 -9999 0.137231262836464 0.102993857448083 0.0432740290964442 -9999 -9999 -9999 -9999 -9999 -9999 -9999 -9999 -9999 -9999 -9999 -9999 -9999
0.227473293794618 0.219870548897698 0.00254114761343152 0.016002042942548 0.0410561865387365 0.0238643777327379 0.00945816076382981 -0.0227836187820914 -0.0976399360084046 -0.183175914029799 -0.233059735857956 -9999 0.0640324217786648 0.0494022780971068 -0.0299651794468322 -0.0194783282569602 -0.03116975204007 -0.100136604505086 0.0449387650869617 0.0846056947567053 0.0997330254401612 -9999 -9999 0.553658384499355 0.567855349904954 0.553990293027645 0.332513755581869 0.061491648080567 0.084696176206832 -9999 0.154017288969902 0.151202590080921 -0.0166399284267853 -9999 0.132723680140781 0.0158935197421819 -9999 -9999 -9999 -9999 -9999 -9999 -9999 -9999 -9999 -9999 -9999 -9999 -9999
0.0889979095451242 0.240596320368849 -9999 -9999 0.0597279172426576 -9999 -9999 0.016007337556657 -0.189706161356678 0.0623318585466189 0.0288847466487311 0.0434193323129296 0.0309835867947069 0.0752886821200615 0.0451744500961958 0.0217670215078001 -0.0580571524530614 0.0587963186462476 0.0645353997932338 0.107531865273678 -9999 -9999 0.455008997519444 -9999 0.559568820540215 0.45634764395106 0.317560135342034 0.0662782418790533 0.0780245220969939 0.184563211097179 0.0698339430908092 0.109531716835055 0.154305438093717 -9999 -9999 0.0697683077468797 -9999 -9999 -9999 -9999 -9999 -9999 -9999 -9999 -9999 -9999 -9999 -9999 -9999
0.0869566240554441 0.236263075376569 0.302271357208247 0.0294777815832064 -9999 -9999 -0.0166424280327448 -0.0561088959800233 -9999 0.0485799474664363 0.0237271824652294 0.0432139420361442 0.104808497580215 0.0537492837418132 0.110623165001752 0.013685686063877 -0.0430816309105324 0.00880623823456676 -9999 0.0730640264233757 -0.000261395102164242 0.000699053856345206 0.188098380717389 0.205670633850778 0.20123278189172 0.454034563163995 0.366745575063472 0.0874289183092365 0.108520778004809 -9999 0.0593735974605112 0.050404672027132 0.0678407001667387 -9999 -9999 0.111413966457341 0.115475001776818 -9999 -9999 -9999 -9999 -9999 -9999 -9999 -9999 -9999 -9999 -9999 -9999
-9999 -9999 0.166294180755803 0.081844646128162 0.0581461687555576 0.267781655856067 0.031321155771013 -0.0138762078443307 -0.0221515683071862 -0.0130263777965358 0.000705701441140567 -0.00639514067806043 -0.0508621104901869 0.0612514226218241 0.0499792945074684 0.0255211014251974 0.0285699678550077 0.075090839387406 -9999 0.0807516441192596 0.0494394548345716 -9999 0.226211012624998 0.217234354464474 0.219075255158029 0.438521089509287 0.4056914918685 0.321320784352312 0.224030521307998 0.122055445678827 0.123638711653789 0.0787505883843409 0.0464246626595449 0.0300290870655249 0.0992342660169534 0.129427624740553 0.12382093309804 -9999 -9999 -9999 -9999 -9999 -9999 -9999 -9999 -9999 -9999 -9999 -9999
-9999 -9999 -0.0677840431723749 -0.0409209738267931 0.0743851459439053 0.0704235204579651 0.0591900596159961 0.0353353460790222 0.032747384672086 -0.0297426389260264 -0.0158933686587125 -0.0195357970927251 -0.0524859877310308 -0.01379340519408 -0.0110688014830747 -9999 -0.0356833821056213 0.0113315139415105 0.0125836810012611 0.0816693266940295 0.102215465594086 0.148963251630316 0.210186078372562 0.256314960153339 0.278561869804331 0.307872354159648 0.521555666007835 0.36129863101875 0.126924064305707 0.0625793859181331 0.0514234671880129 0.0621791479878794 0.0394103998642882 0.0285049483802536 0.035129812325411 0.153467366400887 -9999 -9999 -9999 -9999 -9999 -9999 -9999 -9999 -9999 -9999 -9999 -9999 -9999
-0.0164265608546444 -9999 -0.106401433091713 -0.0290051797927298 -0.0534332802635425 -0.0234291588859135 -0.0617955092484163 -0.0912361665063806 -0.047246606924142 -0.0500938594875577 -0.0612496062563394 0.00852431933509977 -0.0637690494388891 -0.121702015276229 -0.0497781740339724 0.0200634056796693 0.00150872914878348 0.000715418260983293 0.0197635821111044 0.119221460054019 0.0352759846087639 0.108950925517598 0.156962463819181 0.195970268975296 0.220252588613094 0.215936148126905 -9999 -9999 0.143243852187157 0.0839911562588449 0.0261889684838263 0.101254747707166 0.116609919957719 0.128199811658133 0.0774476958140643 0.123416676021308 -0.0028138013809666 -9999 -9999 -9999 -9999 -9999 -9999 -9999 -9999 -9999 -9999 -9999 -9999
-0.029270098933383 -9999 -0.0425576158616603 0.031925508830256 -0.0013934359579435 -9999 -0.0379070547743672 0.0293119119963667 -0.0779168471138638 -0.0777060897775341 -0.0345047116947327 -0.0616986865245971 -0.0429133156725874 -0.140578681009633 -0.0868820744995208 0.0723925284208423 -0.0123575908032082 0.0273425596154622 0.0411367515631461 0.143589632356296 0.0823531134852303 0.0103375300257777 0.00820747058214209 -9999 0.25971554671924 0.213823866493592 -9999 -9999 -9999 -9999 0.0286418324763933 0.0719414378826201 0.0911199024737386 0.0384107925476528 0.0658143622806824 0.12345153720355 0.0649300131699354 0.00586784425561756 -9999 -9999 -9999 -9999 -9999 -9999 -9999 -9999 -9999 -9999 -9999
-0.0326086861180706 0.0337776953391913 -9999 -0.0260208181180169 0.0993312308421087 0.0789585426763213 0.0385079218579098 0.0283129492364656 -0.0500521548757439 -0.0731833250524516 -0.0795715205678576 -0.0232903912480699 -0.0241163564087247 -0.0869312446587635 -0.0459338649384602 0.0597096735364823 0.0551738519260602 0.0123501010861311 0.010779046684306 0.106032968813442 0.0969355432638055 0.0666286516090151 0.0471385963540804 0.18346328812355 0.139477643195192 0.124875209247056 0.0523699352094601 -9999 -9999 -9999 0.124898743473904 0.0723971103596302 0.0526117285420645 0.0546969001481618 0.14697520737848 0.105529286805277 0.107653851406062 -0.0446060921460107 -0.0954916244253461 -9999 -9999 -9999 -9999 -9999 -9999 -9999 -9999 -9999 -9999
-0.06629997386054 -0.0425748771035306 -0.0438962233433245 -0.0828331098862575 -0.015481381204327 0.0274321485674632 -0.054612398253824 -0.0777279734234924 -0.085516404837929 -0.0781356237352614 -0.0429768568586 -0.0481943107345355 -0.01123890783892 -0.0675080142335736 0.0234412062248748 0.085903569695003 0.0223244038650514 0.0161306106600781 -9999 -9999 0.180429362154622 0.163032725533921 0.109645919623101 0.111704372307103 0.172451461559846 0.0951602141220953 0.0515132330959839 -9999 -9999 -9999 0.121010518676661 0.0721653458735382 0.0573720462350223 0.0720455171235478 0.0843911452017029 0.0111047200023276 -0.00191507191414336 -0.112568529773831 -0.125800617024173 -9999 -9999 -9999 -9999 -9999 -9999 -9999 -9999 -9999 -9999
-0.0500462153585751 -0.0868650871868953 -0.0527070019237802 -0.0170065012812778 -0.0437890470272587 -0.0661742748122679 -0.0231717826565176 -0.0256252808456544 -0.0101552304854997 -0.0246089819093158 -0.0276978497512181 0.0321926684653827 -0.00814356878157976 -0.0547258018646464 -0.028682359048349 0.0396879935113308 -0.0341319411726084 -0.0291325884974652 -0.00678962704551974 0.0589550121309608 0.116749153254799 0.1179500396865 0.153090131167927 0.0599749924515417 0.0741073474906593 0.0676022750761912 0.0754229616922151 0.114307444860684 -9999 0.192642533017619 0.208438253273367 0.114231859329922 0.0816236179519368 0.0279285594447685 0.0828911116151631 -0.0212822934744519 -0.0699321149184654 -0.113002667506964 -9999 -9999 -9999 -9999 -9999 -9999 -9999 -9999 -9999 -9999 -9999
-0.0350347627720463 -9999 0.0320999121881349 0.119456266096667 0.104189835314991 -0.0361456622426347 0.00224316872659461 -0.0579699483541662 -0.00199575870359053 0.0528070733337903 0.0319613667991103 0.0605585873667737 -0.0279600904699238 -0.0498149216337363 -0.163479770074118 -9999 -0.0497295490007959 -0.0268600548205758 0.0116868366423233 0.0455840296831518 0.033589273458275 0.0782777129703924 0.0581518891497371 0.0206226839102579 0.0459553903219426 0.0694262003902598 0.152248420295519 0.130878489625488 0.324683261365543 -9999 -9999 0.0540996180751547 0.0476837377448904 0.0374044893023447 0.042014881054153 -0.0505528800276526 -0.0374867824077852 -0.0482795757003407 -0.0383573164075164 -9999 -9999 -9999 -9999 -9999 -9999 -9999 -9999 -9999 -9999
-0.0982193177586522 -9999 -0.0659789033155621 0.0793543404792262 0.0802625505481982 0.076309837722243 0.0336376182845739 -0.12013790123918 -0.0547943720934911 -0.0468790415827459 0.0561541414084213 0.084160337053288 0.0548491084706126 0.0120822299837833 0.0272858820263556 -9999 0.0472462763144819 0.0541030380554163 0.0642487652295853 0.055760501673514 0.090343948205002 -0.0375279302110371 0.00338157727843413 0.0503215699998067 0.0310348402737263 -9999 0.139245008918621 0.101027238813425 0.0535747270782102 0.102912986628938 0.114985833444663 0.0299952788416227 0.0497222861010907 0.0321479560572851 0.0417713611195478 -0.0403292794548507 0.0144478218985463 -0.0292824515793794 -0.0180727950318491 -9999 -9999 -9999 -9999 -9999 -9999 -9999 -9999 -9999 -9999
