data/rasters/s5.05.07.cu.2_xyz_08_.asc
NCOLS 100 
NROWS 100 
XLLCORNER -4 
YLLCORNER -4 
CELLSIZE 0.08 
NODATA_value -9999 
[rows 22 to 43 of 100, columns 0 to 48 of 100]
-9999 -9999 -9999 -9999 -9999 -9999 -9999 -9999 -9999 -9999 -9999 -9999 -9999 -9999 -9999 -9999 -9999 -9999 -9999 -9999 -9999 -9999 -9999 -0.130440949872902 -0.157423621431744 -0.1270805316098 -0.100630880498333 0.0126094509381272 0.0749971324581669 0.0794843620411362 -0.0155245092350643 -0.0460772447630758 -0.0439628770294579 0.019774979811678 -0.0401784682986362 -0.104405981070858 -0.0458049346335963 -0.0357420974775531 0.122510131742164 0.00318209336294131 -0.128123005718342 -0.0779311694011223 -0.291568615703853 -0.0189205429286429 -9999 -0.0808577412817263 -0.129648757617844 -0.030503759272344 0.215241832722492
-9999 -9999 -9999 -9999 -9999 -9999 -9999 -9999 -9999 -9999 -9999 -9999 -9999 -9999 -9999 -9999 -9999 -9999 -9999 -9999 -9999 -0.220330577917848 -0.351607073718075 -0.223069487687869 -0.116124790913529 -0.116520114641783 -0.133366485717068 -0.062014487018455 0.0736144748307636 0.12518410628553 0.0104831683271538 0.0146722283181259 0.0180501664767836 0.0184974302750329 0.11567816857032 -0.00850273724960783 0.00674138837629236 -0.0336637793294377 -0.0404877789025747 -0.126922826976717 -0.215829007038476 -0.276663469996542 -0.11962533790096 -0.00283328190049667 -9999 -0.0826370655356178 -0.100709066958232 -0.0986598108475574 0.0976283664587224
-9999 -9999 -9999 -9999 -9999 -9999 -9999 -9999 -9999 -9999 -9999 -9999 -9999 -9999 -9999 -9999 -9999 -9999 -9999 -9999 -9999 -0.345099787275074 -0.315919633187409 -0.23997384558165 -0.152799979089771 -0.17776777067222 -0.135987197611944 0.00691199106523403 0.17606992666076 0.24541277695765 0.175263525017297 0.127932889063853 0.0337854815031427 0.00333396291056462 0.179703835440678 0.0662605193312354 -0.017291060713207 -0.00936639140606613 -0.0659878954560589 -0.130441344755306 -0.141494147446493 -0.148456782298871 -0.0340046329365528 -0.0224636818079687 -0.0645075175073926 -0.0250223304624603 -0.105367524537249 -0.0773132639913157 -0.0561439412873143
-9999 -9999 -9999 -9999 -9999 -9999 -9999 -9999 -9999 -9999 -9999 -9999 -9999 -9999 -9999 -9999 -9999 -9999 -9999 -9999 -9999 -0.128576129375007 -0.278957406336438 -0.157766930478219 -0.178154746981828 -0.231415875557088 -0.185428376112396 -0.0443839765490091 0.149602600130704 0.414521451271535 0.249933695713242 0.19292057974518 0.163847739607303 0.156982127145873 -0.0410678369289876 0.0203816800128631 -0.031200651214066 -0.0764020561490586 -0.163632187213632 -0.218074185234882 -0.207356538149177 -0.202598848925827 -0.213575336019996 -0.0833178647245998 -0.0351067667754225 -0.030596755298364 -0.00687463130165605 -0.00780944322710079 -0.0594869390411797
-9999 -9999 -9999 -9999 -9999 -9999 -9999 -9999 -9999 -9999 -9999 -9999 -9999 -9999 -9999 -9999 -9999 -9999 0.128792699547274 0.282218726363688 0.22505520624901 -9999 -0.0845257922081782 -0.11525988056071 -0.167000113000481 -0.190219219078122 -0.140595413704102 -0.0806367057147586 0.327061643335326 0.283777405769764 0.327241842707174 0.26312071369333 0.256664860273435 0.244416266308583 0.158881605167956 0.0486416403868747 -0.00892700862973705 -0.120632290971959 -0.262380657166713 -0.270484604635488 -0.299794948071516 -0.24290651961581 -0.229194424839124 -0.132573605591919 -0.117763053641507 -0.035346074304802 0.069446755442887 0.116329006407819 0.100350946229494
-9999 -9999 -9999 -9999 -9999 -9999 -9999 -9999 -9999 -9999 -9999 -9999 -9999 -9999 -9999 -9999 -9999 -9999 0.16172130434773 0.253668419786439 0.230319181438323 0.0974465407162109 0.190297321197191 -0.15007348971417 -0.139686620960658 -0.134201241555715 -0.0932410793907112 0.0709599331619631 0.289491623816916 0.372931542124369 0.333092207974471 0.33443282869242 0.361252883515995 0.242465414814812 0.172877835117591 0.0584158462888685 -0.00241184282228966 -0.134253222997557 -0.22445098955652 -0.292436332767836 -0.254389188769568 -0.22772949701627 0.00668115210569516 -0.111329518966886 -0.11487719082038 -0.0698310718194914 0.0745613460577187 0.145328729675734 0.1401164485534
-9999 -9999 -9999 -9999 -9999 -9999 -9999 -9999 -9999 -9999 -9999 -9999 -9999 -9999 -9999 -9999 -9999 0.372648255246993 0.42834535418472 -0.236025671971352 0.237443341678708 0.141104592204137 0.0629195865349984 0.0803542385552601 0.100767563624243 0.044137411444184 0.151841529908522 0.0845589551988407 0.130234607084274 0.232329284823004 0.33381654186892 0.24428622578311 0.298705723620419 0.0271817288848328 -0.0587680045906741 0.307001764365522 0.287550446866433 0.0148501942749847 -0.0987344721453775 -0.0805098559552199 -0.163065186457443 -0.181097748446207 -0.0726058005339646 0.0316593489925587 -0.00640383622959409 0.0132830468069476 0.0763196243830544 0.262755271305663 0.263107876472688
-9999 -9999 -9999 -9999 -9999 -9999 -9999 -9999 -9999 -9999 -9999 -9999 -9999 -9999 -9999 -9999 -9999 0.383926538818336 0.463637249993811 -9999 0.107722728124906 0.051151768877449 0.0235416767089888 0.0529595462129102 0.031301765911112 0.0567570888241007 -0.0062673163416671 0.0159335928445389 0.095001070514961 0.15810919265363 -9999 0.259221726478595 0.310657141965944 -0.0397531952411358 -0.00215185102085626 -0.0177360979999369 0.143570315562597 0.0450017874727508 0.032909973381833 0.243619945825936 0.123163346650645 0.029475121960037 0.0920124137800286 0.0518226047817449 0.101995175562678 0.149190354914501 0.1113807626337 -9999 0.40174738830076
-9999 -9999 -9999 -9999 -9999 -9999 -9999 -9999 -9999 -9999 -9999 -9999 -9999 -9999 -9999 -9999 -9999 -9999 -9999 -9999 0.0993505549139543 0.0552188464105742 0.00947066165578513 -0.0583270216179833 -0.0469070925519717 0.0102051655200315 -0.243540245559893 -0.0863302888686692 0.134739930307187 0.304779463475968 0.346622751181115 0.300371726842249 0.281912292202639 0.0660883847929238 -0.0414023024765078 -0.0652274022909026 0.158528070436621 -0.036280281201292 0.0355044089853171 0.475843526179235 0.43286738493322 0.280277381824148 0.28069703671778 0.198202399876093 0.157379693659687 0.249104650893606 0.319188158879682 0.375688703176024 0.367986404471617
-9999 -9999 -9999 -9999 -9999 -9999 -9999 -9999 -9999 -9999 -9999 -9999 -9999 -9999 -9999 -9999 -9999 -9999 -9999 -9999 0.125616494795876 0.213390431309992 0.0482181440481906 -0.0803060110595053 -0.0753978131716421 -0.0402796340263203 -0.174916564014489 -0.0542621613854258 0.107151469028326 0.44118411850512 0.369816997722008 0.261713001515247 0.212123402478634 0.075971091351535 -0.0417689102567412 -0.0357818312576743 0.0342570766571013 0.162407142377592 0.407359355887912 0.334946600181016 -9999 0.321788328361425 0.298568044405242 0.0688294159692682 0.160632950440813 0.189156062233068 0.236181612332018 0.344514814086101 0.3701028196845
-9999 -9999 -9999 -9999 -9999 -9999 -9999 -9999 -9999 -9999 -9999 -9999 -9999 -9999 -9999 -9999 -9999 0.595596018446449 0.129638779226436 0.16324737721826 0.107849143895569 0.0394399403496847 -0.0970322407575386 -0.20007502611993 -0.133532869473935 -0.251325643646387 -0.18946666423854 -0.160005328561317 -0.106610591980667 0.097360392718934 0.130946104619474 0.125876155806777 0.12678071795767 -0.00616856678962043 -0.0361017172182583 -0.090463059538315 -0.0913645570435292 0.147484080873058 0.246283035806193 0.226576932413757 0.123982281216657 -9999 0.131350166402418 0.0592930543375174 0.0040683622720863 -9999 0.085025443948085 0.191102439993437 0.121674244245953
-9999 -9999 -9999 -9999 -9999 -9999 -9999 -9999 -9999 -9999 -9999 -9999 -9999 -9999 -9999 -9999 0.940400124158969 0.583879863491498 0.198799245602276 0.125011295638861 0.0553022955035913 -0.0943761329891291 -0.240658163458381 -0.299874483748122 -0.306932454255315 -0.302115104936507 -0.23867874371987 -0.221183172787902 -0.0953118091610889 0.101592413845373 0.0576480190270338 0.0584331951514049 0.116510121028974 -0.105085211109006 -0.121165824127503 -0.0727188295566792 0.031414251108082 -0.0353098400654266 0.0567360860073397 0.11021899005069 0.0860555641266382 -0.113708203160532 -0.0350727100861026 0.103127306762862 5.46516012302749e-05 0.0245916235218057 0.19586711401617 0.261645161284412 0.180991893397991
-9999 -9999 -9999 -9999 -9999 -9999 -9999 -9999 -9999 -9999 -9999 -9999 -9999 -9999 -9999 -9999 0.894953475780776 0.546509924460254 0.25692285531854 0.118288516905608 0.059440443087629 -0.115192346347106 -0.262732915847569 -0.335769671136735 -0.309754672740423 -0.271954681954372 -0.205062453464845 -0.0582431524388666 0.00381198122030434 0.0849928451932571 0.0590269291164097 0.0734275030156852 0.049925002104556 -0.0746427943716252 -0.105369651814852 -0.116982861180084 -0.0199566969689417 -0.0674090205957243 -0.0121969238168089 0.0163058369907373 -0.139792022869695 -0.106236924796772 -0.189881072019056 -0.19714312677075 -0.110940242400615 -0.0421805562226365 -0.102574009083943 -0.0329336507745245 -9999
-9999 -9999 -9999 -9999 -9999 -9999 -9999 -9999 -9999 -9999 -9999 -9999 -9999 -9999 -9999 -9999 0.793617234099229 0.446017287097534 0.366234385198273 0.237599659902932 0.183019472497229 0.0931084980861459 -0.0607575776831043 -0.255568549266905 -0.255526295998655 -0.208478888296395 -0.14477233896141 -0.111937125949453 -0.102145846424935 0.00221118519364797 -9999 0.0672399703999772 0.0533538025327105 -0.0569354685241274 -0.127010891563617 -0.079303869304067 -0.0726239999154207 -0.002697992148444 -0.0396913779219035 -0.0576753217740623 -0.132133893465023 -0.219743522321164 -0.186667771321964 -0.168559563220875 -0.302286196974081 -0.371794049908081 -0.205116161650584 -0.0502163278669804 -9999
-9999 -9999 -9999 -9999 -9999 -9999 -9999 -9999 -9999 -9999 -9999 -9999 -9999 0.252438932911355 0.206599184088383 0.205306134360216 -9999 0.390735005172363 0.365730108601452 0.305626281716558 0.292802538678116 0.365555739354479 0.0636194803282519 0.0612681637484318 -0.135731350411447 -0.102618336063391 -0.115899901023722 -0.0862963971832511 -0.0800685561190672 -0.00589014646287133 0.268677291293399 0.107536176097156 0.136388396831896 0.0425553648187398 0.0497279604539918 -0.0342771958436078 -0.1125332353408 -0.0369810828808352 -0.112867263763889 -0.117219859763125 -0.131269341749805 -0.393831557563806 -0.382045446821254 -0.342421004937009 -0.384937839607116 -0.348495843754728 -0.391061200495127 -0.379590186244712 -0.234181275374328
-9999 -9999 -9999 -9999 -9999 -9999 -9999 -9999 -9999 -9999 -9999 -9999 -9999 0.613946657333412 0.381798499423761 0.275963091757161 -9999 0.381975947883204 0.359716843861366 0.2489880870333 0.195525452871206 0.221990806265884 0.205693927144746 0.0994415135984235 0.0192513816787938 -0.0861394748566902 -0.0270559888526125 -0.0426453479253815 -0.0185385224171921 0.0360549520361792 0.117114621705957 0.160867624734091 0.244464055249823 0.210633846024334 0.209100765380884 0.14860949080029 -0.162674386904018 -0.103517832946687 -0.207376821147267 -0.199854378095789 -0.268302012054041 -0.25925417256903 -0.369325751122196 -0.384839419250116 -9999 -9999 -9999 -0.430927835463222 -0.497547757728355
-9999 -9999 -9999 -9999 -9999 -9999 -9999 -9999 -9999 -9999 -9999 -9999 -9999 0.0502945242164379 0.71543611190522 -9999 0.411394632154129 0.370466447165763 0.284354519397713 0.161394564446742 0.00979088914593835 0.135378200163491 0.195542055129257 0.0574802737684579 -0.0677003124304511 0.0154083416750593 -0.047551587614647 0.0550614397706802 0.537742552044474 0.328512931558276 0.26673559286424 0.217744733756991 0.38438215784609 0.41018089602981 0.29418414401091 0.203634334965313 -0.0918607646148849 -0.0832171172474716 -0.215834575044894 -0.2322412995311 -0.316323149401218 -0.218989997132068 -9999 -0.340450311484456 -0.47275101052846 -0.475862104353477 -0.358387675658423 -0.362256205901575 -0.399217643333584
-9999 -9999 -9999 -9999 -9999 -9999 -9999 -9999 -9999 -9999 -9999 -9999 0.0445552170736862 0.0306385046480898 -9999 -9999 0.444008152237231 0.384224781389254 0.185281345808296 0.0855078677113522 -0.0428794764767314 0.0417774012616383 0.170046855390598 0.168449641465955 0.11058397034241 0.137451897359699 0.173367407875867 0.0587289432226012 -9999 0.550220786095448 0.5642377455986 0.424752800190833 0.468144313110887 0.445673931418448 0.152311019871326 0.297940580690775 0.105804953706796 0.116493691555928 -0.0304546072464807 -0.232002191043914 -0.22672127775292 -0.162268174419187 -0.290724706994171 -0.476804759947891 -0.469282095272266 -0.487678311439532 -9999 -0.316342424135404 -0.323663564964449
-9999 -9999 -9999 -9999 -9999 -9999 -9999 -9999 -9999 -9999 -9999 -9999 0.108870707912947 0.0317917616703349 -0.0375841878020978 -0.0224881269776229 0.268690109014074 0.274158752569215 0.111599413723855 -0.118403029280962 -0.16227843337744 0.00594129025887282 0.12763663549195 0.116199909725999 0.053911735606223 0.0785726338003456 0.107127411008578 -9999 0.351429696699173 0.462933186311017 0.68166988100991 0.548292653284716 0.513309455450528 0.486867140867889 -9999 0.177369231431175 0.183706466494702 0.0277162201408954 -0.0113339127047758 -0.0572606014249951 -0.202197638767253 -0.325543079213291 -0.19091719935608 -0.407192606308828 -0.392222037817888 -0.458170263425484 -0.362310148521528 -0.293524201395198 -0.29734372950178
-9999 -9999 -9999 -9999 -9999 -9999 -9999 -9999 -9999 -9999 -9999 -9999 0.15002974198867 -0.000704438200607693 -0.113098943628545 -0.135354916360731 -0.0594664837045793 0.0281687291298096 -0.101110596558264 -0.172206919702004 -0.118804014737853 -0.00460042525769045 0.0989860796727968 -0.00473910693400336 -0.0451882208980471 0.00209463795953592 0.136983685125271 -0.0862544235346994 0.199406529558848 0.412946859138105 0.298932186452986 0.581691804424401 0.632163922365781 0.606432759331008 -9999 0.180301591892854 0.131727776999714 0.11666592311655 -0.0580514968497215 -0.0639729770775472 -0.238794492554145 -0.420427734444807 -0.105691704756046 -0.133968896171613 -0.253318983123851 -0.260760828719406 -0.223135393247416 -0.295683243119477 -9999
-9999 -9999 -9999 -9999 -9999 -9999 -9999 -9999 -9999 -9999 -9999 -9999 0.130745770057323 -0.0109489891403869 -0.15660695699345 -0.193940177520473 -0.175160977202125 -0.276218518554317 -0.291279921853462 -0.260238043583958 -0.140247316613246 -0.0989187755637255 -0.10650342615705 -0.125323763676048 -0.0858653939272963 0.0375032014536941 0.0160591769079279 -0.0733437051093427 -0.04466496971665 0.119865976236297 0.226908989617872 0.237118957707274 0.341909118637964 -9999 -9999 -9999 0.0532082097911034 0.0767350574598282 -0.0784733647026745 -0.0654427288504016 -0.047926903076443 -0.0476653836280185 0.0705461412286624 -0.18282164705808 -0.123709322212066 -0.154444278814077 -0.233933365035659 -0.294726531061501 -0.257434035702986
-9999 -9999 -9999 -9999 -9999 -9999 -9999 -9999 -9999 -9999 -9999 -9999 0.0830325306606745 -0.0756853187958129 -0.16802494212486 -0.250580867870765 -0.312809571703235 -0.443574947737526 -0.4160866842251 -0.435794083887238 -0.403909428961794 -0.273166546414759 -0.218410711228164 -0.211844984134913 -0.146800546997947 -0.0308662355733726 -0.0717472028793101 -0.0589895779472719 -0.114361255961453 -0.0575412643928342 -0.0549957438207387 0.059717773806243 0.259253054249629 0.327828195113926 -9999 -9999 0.10258558484431 0.0861113536598334 0.080339643004135 0.149832726782802 -0.00498056082575875 -0.0141816854628223 -0.131056620170825 -0.0990340592580696 -0.135567014535637 -0.19408005001074 -0.217940227241187 -0.288697461048398 -0.26602332333274
