data/rasters/s5.05.07.cu.3_xyz_08_.asc
NCOLS 100 
NROWS 100 
XLLCORNER -4 
YLLCORNER -4 
CELLSIZE 0.08 
NODATA_value -9999 
[rows 44 to 65 of 100, columns 0 to 48 of 100]
-9999 -9999 -9999 -9999 -9999 -9999 -9999 -9999 -9999 -9999 -9999 0.0406134692672036 -0.0154004314059324 -9999 -9999 0.0655868426747384 0.112457190056271 0.161476759120602 0.122545517887278 0.166504719613892 -9999 0.588712516518421 0.310361531829196 0.364146845464889 0.332037339621939 0.329650992246279 0.477690585839492 0.276896001815463 0.117097987783733 0.0113117526601874 -0.0969248156706447 -0.132301570008971 -0.0408120750414223 0.0739685520618755 0.243659858237582 -9999 0.343631358798846 0.394147788353034 0.334288241912544 -9999 0.54042126875258 0.4769943628982 0.54854314059924 0.527204939091062 0.451551182088372 0.4123187474769 0.379290752496387 0.26876490621594 0.158134338292731
-9999 -9999 -9999 -9999 -9999 -9999 -9999 -9999 -9999 -9999 -9999 0.00515095787524708 -9999 -9999 -9999 -9999 0.310415822347127 0.26867992394296 0.0799097241777968 0.204527820224144 0.415668150702804 0.396038880361444 0.478324952073509 0.449619342961707 -9999 0.491206390910768 0.503882563289342 0.299176797374754 0.188008374357597 -0.0061620118662971 -0.0802408122124554 -0.113498256482085 -0.128063300151288 -0.203320853919597 -0.1668738709077 -0.17095447450329 0.441198330344525 0.389831606809093 0.273616280551114 0.309555159325407 0.440513821851446 0.462643653691819 0.555698995857706 0.547898121522306 0.373601785316434 0.343111023157516 0.370101827731218 0.333802669472889 0.290576999123111
-9999 -9999 -9999 -9999 -9999 -9999 -9999 -9999 -9999 -9999 -9999 -0.0206186110886866 -0.0807196284712468 -9999 -9999 -9999 0.353670917862742 0.452211098880337 0.430379248717534 0.231556970159822 0.357233704724884 0.334994240626257 0.413615341850155 0.407810738702194 0.411543179863431 0.358807732107919 0.428650707957453 0.401198581647997 0.218623583292744 0.100148439638459 -0.101839807085192 -0.156062032903289 -0.200329643947635 -0.2022686860962 -0.152421183485757 -0.181119951629815 -0.10173598125167 -0.064931895186801 -0.0955441975855363 -9999 0.441642633466776 0.483868848748065 0.545246778504643 -9999 -9999 -9999 -9999 0.421027209857747 0.355827710325886
-9999 -9999 -9999 -9999 -9999 -9999 -9999 -9999 -9999 -9999 -9999 0.0296304649604038 -0.0200452610726995 0.125338769064385 0.0602163599300886 0.30995251536895 0.340514622034731 0.427123174425967 0.432047907881101 0.430053404276515 0.406203710475383 0.404738985990744 0.373491925808557 0.299940776421067 0.32630921598016 0.237232276579344 0.230116051059324 0.213843301249586 0.21105831672059 0.0846803510726198 -0.0926515516218023 -0.174760586504081 -0.190069727964728 -9999 -0.148700199294973 -0.170482452087221 -0.121182281080561 -0.0955078212614622 -0.208057303066679 0.384715953444886 0.41484426619712 0.485009154102128 0.505274946669549 -9999 -9999 0.438890259273433 0.418856940189614 0.427629627515772 0.313423626960126
-9999 -9999 -9999 -9999 -9999 -9999 -9999 -9999 -9999 -9999 -9999 -0.117790181244436 -0.0645492637389813 0.0769975646478947 0.112479418801693 0.220607605555009 0.334577820134635 0.363311956893559 0.483119886291978 0.464137787374952 0.46688681814123 0.384831431202682 0.312298147672606 0.24408667752033 0.193104661284778 0.162088466069795 0.135064233992409 0.0635072427247243 0.143878117053147 -0.00658250453177848 -0.109260573720138 -0.22586162442927 -0.241669240244347 -0.21119276531727 -0.170584363872729 -0.148661164161086 -0.0727810207451262 -0.0946489811590065 0.174320109828677 0.297640745932423 0.389781613951723 0.459026448366198 -9999 -9999 -9999 0.519997220288975 0.347934272631098 0.305392591416548 0.225853503582585
-9999 -9999 -9999 -9999 -9999 -9999 -9999 -9999 -9999 -9999 -9999 -0.13161563948025 -0.0248643702661349 0.0861185500298501 0.146120804766329 0.111044368865551 0.240936415969245 0.230930625076728 0.44238470023805 0.473764774148025 0.436777834035472 0.343094214708893 0.295033866714199 0.234854855793826 0.171724068252649 0.151305760704609 0.206074016333937 0.140637726325221 -0.112100770891178 -0.239723604015517 -0.251618509088748 -0.302603711734715 -0.345668025849344 -0.218538434304442 -9999 -0.146152489248036 -0.135553685217709 -0.136009962095319 0.13624107140891 0.234856157998423 -9999 -9999 -9999 -9999 -9999 0.478656334172963 0.352824084958236 0.247251143607884 0.169862192386658
-9999 -9999 -9999 -9999 -9999 -9999 -9999 -9999 -9999 -9999 -9999 -0.121862901892485 -0.0394710763696591 -9999 0.0288202222828645 0.0610714517321494 0.188013478511573 0.267631272855065 0.363662918628675 0.423756817948326 0.355946640018904 0.368824466171029 0.294863752278509 0.241636166523581 0.174104941924467 0.17705995700334 0.164987397274686 -0.0940096951069362 -0.129362431289761 -0.194164748440608 -0.241997271302499 -0.306355300198926 -0.307753674859077 -0.212743566965851 -0.191178845197579 -0.144802472019992 -0.101838167080424 -0.076890901140095 -9999 0.445124807849731 0.440684208943978 -9999 0.437780076838094 0.488925566702565 -9999 0.444641541159227 0.310985001846029 0.227910464462573 0.144548954087173
-9999 -9999 -9999 -9999 -9999 -9999 -9999 -9999 -9999 -9999 -9999 -9999 -9999 0.0765262245780388 0.0538627987560802 -0.00701978284335408 0.187884133638803 0.304077753509458 0.382666153822975 0.40646218058458 0.339771915531727 0.254582626076176 0.293711188878483 0.267749779145166 0.112868633591608 0.0863663112093825 0.0367838472624942 -0.0462799414263386 -0.0640831334973335 -0.160350051697297 -0.24521489514989 -0.29362373365299 -0.285761864898268 -0.242554058449786 -0.219055432010595 -0.262584591232353 -9999 0.177588642233457 0.384482502455303 0.408872693326621 0.338075925495213 0.367016517169654 0.410591845634877 0.465532401600561 0.560235851694162 0.423744858408363 0.3620773813043 0.254121269475604 0.148719392091921
-9999 -9999 -9999 -9999 -9999 -9999 -9999 -9999 -9999 -9999 -9999 -9999 -9999 0.033161925399235 0.0362765101471837 -0.0534128280108733 0.233031225585037 0.33643845454482 0.589012108512669 -9999 0.216047484976762 0.166077495356059 0.218868506437908 -9999 -9999 0.178418447907264 0.152825345966909 0.152017145527831 0.0454355294459635 -0.155639075247048 -0.279456400621499 -0.221571789950874 -0.237972446998168 -0.289686242589984 -0.27712280363368 -0.135307030492953 -0.0836413724881696 0.200731994859411 0.269647926138642 0.292374207028099 0.36794375904684 0.35752088731351 0.344286739023014 0.429028797861855 0.51280407615907 0.391225319161294 0.289907023877946 0.227734499394511 0.159209157525303
-9999 -9999 -9999 -9999 -9999 -9999 -9999 -9999 -9999 -9999 -9999 -9999 -9999 -9999 -9999 -0.0516292317050167 0.0138543869028326 -9999 -9999 0.144384109260785 0.073735275956092 0.0950206837981212 0.130095865900441 -9999 -9999 0.180733719360936 0.20345244006538 0.132870116760106 0.0731659554880282 -0.107727157764162 -0.215483626121838 -0.177613898253031 -0.180672365437074 -0.198825799571147 -0.170463169120448 -0.135302669737857 -0.125753888686402 0.132962926175899 0.137143253350021 0.276265223651245 0.318212196159713 0.315787262107552 0.429368404012883 0.52405378906204 0.420977993732182 0.342693916199188 0.204542790409591 0.159947533186498 0.143995349501922
-9999 -9999 -9999 -9999 -9999 -9999 -9999 -9999 -9999 -9999 -9999 -9999 -0.0905794719616297 -0.152335582251849 -0.152145069818383 -0.154491711728159 -0.0795114198334514 0.00109553655621584 -9999 -9999 0.0866595646515459 0.0476199143498235 0.047715567665101 -0.0908665044527494 -0.0728420927538699 -9999 0.134940831927506 0.110528660657941 0.107476038690381 -0.00371964559316098 -0.0432629148551135 -0.00308497082164485 -0.0410059259389516 -0.0429245801561055 -0.0733417810921853 -0.10446233681742 -0.119282427854176 -9999 0.130166530212279 0.192212294693942 0.261491884484632 0.333379396121637 0.442117356183563 0.537656606377807 0.351086469003755 0.285210435304724 0.0981435743957849 0.101131024704362 0.110553845228038
-9999 -9999 -9999 -9999 -9999 -9999 -9999 -9999 -9999 -9999 -9999 -9999 -0.0963030290376494 -0.148908716660138 -0.234931408380539 -0.364966623655109 -0.0995334755195728 0.110922054388667 -9999 -9999 0.132910503878981 -0.102820787582365 -0.00603110292040461 -0.00899869406863594 -0.0649643655806423 0.113817500703821 0.0952561758302583 0.0845257292352421 0.0863799513365455 0.0646464471723437 0.119772093095204 0.0322604947575597 0.0890179647710284 0.0543497498366028 -0.0538101542777987 -0.103680069121865 -0.0952417534710484 0.138280243217945 0.165472599633865 0.200283738367341 0.285667035086653 0.435882417056019 0.464293878275885 0.534569087865586 0.285247387121282 0.161626266286853 0.0398205605238816 0.0633594021941581 0.0353417501600645
-9999 -9999 -9999 -9999 -9999 -9999 -9999 -9999 -9999 -9999 -9999 -0.081326210417954 -0.0986876765363995 -0.160038982857932 -0.382628390516856 -0.32212779058533 -0.141366059862479 0.164094142320872 -9999 -0.430351222907186 -0.29786691300875 -0.135636703056238 0.072563950466184 0.115160124620018 0.159866117778156 0.158423567103263 0.111806603000991 0.051801716023081 0.0771483470646477 0.0816547167381749 0.195790098430846 0.140890356646096 0.111455790679269 0.115047611287356 -0.0391949389513331 -0.0848746518667911 -0.0637098310101602 0.173009992728459 0.164937406708635 0.130148927768931 0.155600522329742 0.377804753634168 0.144750846474953 0.393579544690257 0.281086484719562 -0.12134610786945 -0.0504654242680383 0.0138513497151855 0.125246100142715
-9999 -9999 -9999 -9999 -9999 -9999 -9999 -9999 -9999 -9999 -9999 -9999 -0.035616828273264 -0.156937309619345 -0.470674426261178 -0.434856718818307 -0.328779069103866 -9999 -9999 -0.358468111232654 -0.253787667961669 -0.20115415896346 0.0903884450132224 0.131476083205803 0.158600836198146 0.165095735087703 0.131657186331603 0.130351335842964 0.167294518434519 0.227934218477739 0.174449044980654 0.0805385566182701 -9999 -9999 0.0811009299943723 0.0551158476061691 0.0907165863807868 0.134354675319417 0.104710183966413 0.0838510522791053 0.0582509272217406 0.405295501215011 -0.0226706043420905 -0.0397125568986646 -0.251659328561089 -0.147432166054163 0.0452719813657477 0.102021406253867 0.0602959639424773
-9999 -9999 -9999 -9999 -9999 -9999 -9999 -9999 -9999 -9999 -9999 -9999 -0.259191614068957 -0.232193848101196 -0.340981433573331 -0.401972397004976 -0.47600111181903 -0.444902601347092 -0.337960354489183 -0.334303189204098 -0.29264410102961 0.101206701268113 0.12192126620254 0.136622370452731 0.195025298260042 0.206316567529092 0.201669955551693 0.179553617250908 0.147388181361281 0.212462812866433 0.141024531507407 0.0742456898071688 0.0266690483569841 0.0166440316357381 0.0710380332782274 0.05969515645173 0.108478391737715 -9999 0.0958380811032477 0.0734648895710959 -0.0248446928853323 -0.0685519692218446 -0.0822044784139618 -0.12844862061862 -0.171383053020214 -0.160198168722172 -0.146283115080964 -9999 -9999
-9999 -9999 -9999 -9999 -9999 -9999 -9999 -9999 -9999 -9999 -9999 -9999 -0.0938532278254227 -0.294678854307016 -0.371957162815239 -0.410350417621338 -0.490920247908909 -0.442523997544215 -0.393726307593223 -0.360730517616672 -0.330733559882156 -0.0430990015741255 0.0286473069708249 0.0612640028826214 0.134266840065831 0.203761063204497 0.166679824313797 0.0941983607471855 -0.00314593373642677 0.255751915021401 0.233392879826222 -0.0264039858749117 -0.0320778357595659 -0.0496360907395494 -0.0120875000521411 0.0946724247653036 0.1519797734081 0.256383684409525 0.0938157364705731 0.0474533520374068 -0.00612268944366769 -0.12529372262937 -0.154166815917765 -0.246501371687676 -0.183262907158017 -0.154388716874243 -0.0623274349415705 -9999 -0.0249075978329387
-9999 -9999 -9999 -9999 -9999 -9999 -9999 -9999 -9999 -9999 -9999 -9999 -0.419415140350973 -0.408573007292559 -0.432269562493371 -0.43811744744606 -0.474068181338158 -0.450920634276552 -0.458262849220379 -0.409699175581167 -0.294470697296392 -0.16532846827494 0.00745951373124991 0.024734168298571 0.0981221374920836 0.0609480456384181 0.0277371573714723 -0.0482311024685538 -0.0303985780027702 0.0406906477973029 0.0569632689645553 -0.00998302822408624 -0.0798278604022108 -0.0842182459726612 -0.0440098542652709 -0.0506431532797574 -0.0811206680371795 -0.186565909846541 -0.11779697701492 -0.104018054762675 0.0663115043662169 -0.187615124938581 -0.223537304964152 -0.25208349343185 -0.222819577097542 -0.173717210861747 -0.159737042740539 -0.166579979319895 -0.0942503406370361
-9999 -9999 -9999 -9999 -9999 -9999 -9999 -9999 -9999 -9999 -9999 -9999 -9999 -0.364205700939396 -0.400457201432557 -0.398043484710552 -0.495404907398344 -0.415598318662469 -0.375370778076481 -0.410258121925404 -0.33159609412142 -0.308744593706347 -0.00976557033537032 -9999 0.0960238822337434 0.0299355297353539 -0.0442866068978463 -0.058023420504392 0.0113377632521768 -9999 0.016011090414008 -0.0763168662504512 0.0618031415358785 -0.0445767880147926 -0.023801119716838 -0.0553782223587904 -0.103533848000161 -0.1452781689484 -9999 0.0197374847618103 0.0668672085179754 -0.0936953412374946 -0.208949200663393 -0.289582853687943 -0.304933872460306 -0.241560716728803 -0.183535298018916 -0.125788058578149 -0.116728766077246
-9999 -9999 -9999 -9999 -9999 -9999 -9999 -9999 -9999 -9999 -9999 -9999 -9999 -0.398469495057697 -0.350231327648954 -0.38656007441882 -0.408371219037727 -0.334160797369556 -0.300694805325157 -0.272747547781122 -0.175944770240096 -0.0824169162759703 -0.0524461630939749 -9999 0.113363837199026 0.0475819991740135 0.0730061045896717 0.0761724509645813 0.126795632196231 0.141427344219428 0.0389288347602603 -0.0145908221006897 -0.103731460878258 -0.0914563120279658 -0.0313653183490421 -0.00564320995611098 -0.00449474452877438 0.0577864688338952 0.0619099471903656 0.0599956208069162 -0.050832502790474 -0.0844414368824118 -0.12243694892467 -0.256668029711246 -0.320977144429438 -0.269891460068418 -0.196852673749655 -0.159850443856974 -0.131575221971768
-9999 -9999 -9999 -9999 -9999 -9999 -9999 -9999 -9999 -9999 -9999 -9999 -9999 -0.105178099979925 -0.284069901839936 -0.322993133101231 -0.281117777983675 -0.287458147936041 -0.306500808019257 -0.241568248707204 -0.139088636858399 0.0912742018972133 0.193688136036479 0.332321242493397 0.12083040216536 0.110190160956501 0.0894062314514957 0.1051920225676 0.0941854855668558 0.105423103530439 0.118679231303266 0.00122317622091927 -0.086583515319614 -0.0551074067845317 0.0170036200744628 0.00558999107192315 0.0190822633136979 0.0386224783092525 0.0962701632327216 0.0540305666616528 -0.0413157393176736 -0.0397412790346607 -0.0610803397428308 -0.126692300230902 -0.175233901927007 -0.11157486605623 -0.0813074887206178 -0.085391397839029 -0.145048478234017
-9999 -9999 -9999 -9999 -9999 -9999 -9999 -9999 -9999 -9999 -9999 -9999 -9999 -9999 -0.280310634528698 -0.226082415634355 -0.21861068006686 0.0147074152591138 -0.275247966419237 -0.255203616380782 -0.204403021597772 -0.123693578479775 0.182197881421391 0.24532754213992 0.0983087687540578 0.0806780827040409 0.114907901094494 0.128300961575501 0.0848589510373641 0.102072537691052 0.165408408661101 0.149134778963104 0.00555431917324774 0.0736906607981549 0.131107662771771 0.0646564369686518 0.0493065842472518 0.0899954896794199 0.0194998437390838 0.0479079192103066 0.0273918791554078 0.0249974603249827 -0.0348015862400445 -0.0531002266558365 -0.0621676346657599 -0.116325959085595 -0.00573267155055394 -0.0347870778364751 0.0614574188277225
-9999 -9999 -9999 -9999 -9999 -9999 -9999 -9999 -9999 -9999 -9999 -9999 -9999 -9999 -0.215330000177079 -0.250419322999924 -0.0622246550947859 0.0785868008062956 0.540987705983419 -9999 -0.124896719408421 0.02513044516936 0.138831709059205 0.440481353280847 0.36346265557606 0.347011906571591 0.245538483416178 0.253447075341123 0.338850646825127 0.429165897672076 0.321512044758885 0.18358593615727 0.0471115750762902 0.0781337914636641 0.105998963883149 0.172390849168295 0.0979849132038473 0.0308454617462355 0.0502361009488934 0.0307680466102696 0.0350439394931167 0.0810164419925208 0.0425533164670446 0.0186954982122508 -0.120928893152019 -0.128133447843743 0.0342710313360418 -0.0406947631017365 0.133759352827108
