data/rasters/s5.05.07.li.5_xyz_08_.asc
NCOLS 100 
NROWS 100 
XLLCORNER -4 
YLLCORNER -4 
CELLSIZE 0.08 
NODATA_value -9999 
[rows 42 to 62 of 100, columns 48 to 95 of 100]
-0.0694861457296504 0.0948036749065583 0.0702232776307745 0.0778428153710016 0.147986278070247 -0.00993668083169653 -0.0518582932306754 -0.0948353207866857 -0.130658829769499 -0.116899561039115 -0.0637757498965672 -0.0677040288713199 0.0717561096764965 0.108510092379472 0.018781688465595 0.162263661913005 -9999 -0.00484030635527032 -0.0332093835622487 -0.0424084078975642 -0.0753456069624473 -0.0824865524251921 -0.125239606521065 -0.11998290611174 -0.101310490666881 -0.0573747988467472 -0.0753003748162162 -0.023318819692154 0.0567219976957217 0.0545362314255043 0.0285963766052439 0.0294429034443207 -0.150568277604374 -0.179598200495618 0.00767420767434846 -0.111977365953178 -0.0765503091397038 0.0309172301360474 -0.194160194022242 -0.220138442512626 -9999 -9999 -9999 -9999 -9999 -9999 -9999 -9999
0.0324201911798765 0.00094393085205452 -0.0882962118371239 0.0311003930589292 0.0905995407197875 0.0509479493277947 0.0351578247293114 0.00614787926914411 -0.180407373456107 -0.0948088963066702 -0.0447819753306129 -0.0969622290865869 -0.10868758164943 -0.117252887245062 -0.131656520496678 -0.0778228544629496 -0.0671484178902888 -0.0186896972896581 -0.00567016009831209 -0.0998919329073234 -0.0773014165428917 -0.105246689689566 -0.0901887886121101 -0.0810359179901318 -0.104362584100404 -0.0915188010727232 0.042218834660319 0.0972692859041072 0.108459864552885 0.0617674862157696 0.103407620849855 0.10964965699771 0.101904664450475 -0.175312901735701 -0.0362328903958066 -0.224790413945716 -0.10868672970572 0.0248752682374608 -0.199966083987146 -0.210560610352906 -9999 -9999 -9999 -9999 -9999 -9999 -9999 -9999
-0.0550341950768728 -0.0155457392835411 0.0242941992409738 0.080435626519096 0.0435233857722061 -0.0263108173169537 -0.00522483558240765 0.00784258357689544 -0.00909939083213163 -0.0454506217209816 -0.0405379424194962 -0.14097150502619 -0.110565245503111 -0.0882752775100364 -0.150806934080518 -0.0288417395580277 -0.0697552682583493 -0.0743449436791469 -0.0316304620305657 0.00695496137308605 -0.0331779799313768 -0.0784211817741823 -0.0369360795594569 -0.0580194905966359 -0.0200667443086624 -0.103808228017352 -0.0401298413395363 0.1259628173069 0.0581234796507663 0.0847223962673302 -0.00319291876334467 0.0335373342495957 0.133836986841003 -0.185261291750912 -0.146066599090362 -0.234647962854324 -0.206602815670046 -0.0125566975058839 -0.181257518768684 -0.177654311367257 -0.330284672470195 -9999 -9999 -9999 -9999 -9999 -9999 -9999
-0.135613271866413 -0.10436108164714 -0.0906909126419311 -0.048421599840369 -0.00749166377054337 -0.0205817559096537 -0.0250479895992812 0.0149957889217933 0.0171091415698209 0.0105322015968543 -0.094215004230927 -0.169939902400945 -0.144916497449493 -0.115876621786512 -0.113130196034033 -0.0810964701097207 -0.0635193266481951 -0.0258101559018404 -0.0462903907999088 0.0647077232026164 -0.0678433099238537 0.00381537674738092 0.0392511699174669 -0.0102912240141681 -0.051513805174359 -0.074995578724401 0.0458027020621903 0.13010576899006 0.0416478947505425 -0.0537556280191562 -0.0553396329736126 -0.129745573447478 -0.216584880178352 -0.164878244798669 -0.218525045801334 -0.203671606346925 -0.214953220398948 -0.171733845914197 -0.197444681913808 -0.341763725721506 -0.305302697289408 -9999 -9999 -9999 -9999 -9999 -9999 -9999
-0.115097788380566 -0.135396512295277 -0.13503439494981 -0.0312238449272261 -0.0135501167970522 -0.0408646915126026 0.0407761764891864 0.00980243561201643 -0.0285458794216994 -0.0311915882887869 -0.084305699560168 -0.168203043972532 -0.153755195914409 -0.149785305274004 -0.156978884108654 -0.114956447073949 -0.11663504811679 -0.0508178273698869 -0.024189836061151 -0.0247870633440223 0.0765274085070767 0.0238240136550267 0.115517996464626 -0.0122475760265334 -0.0443047918641023 0.0265760231897964 0.1652353276453 0.175372669661434 0.123607430391443 -0.0220466762865476 -0.009885068101369 -0.125796851191909 -0.150578110117044 -0.215907184508465 -0.241487420926648 -0.226872623662831 -0.245154877138921 -0.216601536625457 -0.285790086207113 -0.300003729738919 -0.245790997961635 -9999 -9999 -9999 -9999 -9999 -9999 -9999
-0.173523898993622 -0.16416471883015 -0.113123361247902 -0.0740524146499982 -0.105009544111411 -0.001673347858442 -0.0693485199114226 -0.0875877730738428 -0.085554378296326 -0.111198241330257 -0.122259285517849 -0.113349871532576 -0.125294299928635 -0.174094791900219 -0.170633632517643 -0.106201179073222 -0.0667177326952558 -0.0588983252216623 0.0856845663615323 0.115281426666787 0.11764693102285 0.1071135278115 0.17139208102848 0.00910217138088183 -0.00979615503112329 0.0144046149298461 0.190795485942543 0.22556048147006 0.0537236016122924 0.0273846087827555 -0.02463631367519 -0.0939670412078927 -0.138502023056938 -0.174737160436192 -0.230961008262827 -0.219658522712834 -0.231113144866065 -0.233966768510619 -0.206254050889564 -0.315277138747143 -0.24354049908857 -9999 -9999 -9999 -9999 -9999 -9999 -9999
-0.179809633749104 -0.163670074564871 -0.161707304039093 -0.155013110728231 -0.182806204483213 -0.125086946748463 -0.144253661604469 0.0206600553023128 -0.00518721946941302 -0.0872886339337314 0.0183591621800016 0.0461397733348697 -0.110679593819099 -0.167621280144388 -0.147908205336649 -0.144137511968741 -0.0930665650873566 -0.0357440309668343 0.0109946961071755 0.0922843155025945 0.150582149726665 0.145160157988493 0.132866454785329 0.06713173621452 0.0175777434792624 0.176939117244928 0.110151318787558 0.168620977006701 0.102154911689832 0.0441860776285653 -0.0237141292307557 -0.0297671204100611 -0.102195582533357 -0.164608043278755 -0.230710920836691 -0.210067183365478 -0.201131866582944 -0.265900313033449 -0.289921299738915 -0.208171314768456 -0.292179589165926 -9999 -9999 -9999 -9999 -9999 -9999 -9999
-0.168190034434986 -0.181441638048672 -0.17498310959876 -0.207205605224736 -0.138643609867918 -0.112025005494604 -0.0544099022373636 0.0641605741409568 0.112957859334353 0.123245558296112 0.104153992869683 0.0203466287030245 -0.103308603038215 -0.102967070520888 -0.10473110385824 -0.0988723664914208 -0.106961131317665 0.0216628662141463 0.0580234698736289 0.0900857941292994 0.159342656883911 0.15047437377374 0.158363438185646 0.0599280142648686 0.0453188841572095 0.0243250644555035 0.00849882712498178 0.0716186022047664 0.100575053611467 0.0531955633345253 -0.0449855157523381 0.0395644838264906 -0.0914834147106631 -0.169470186655926 -0.182008603280388 -0.160487439108007 -0.212674804914408 -0.257545905641603 -0.066337129637781 -0.228309800353671 -0.294312760927123 -9999 -9999 -9999 -9999 -9999 -9999 -9999
-0.133259044834176 -0.203344610498405 -0.166455397173863 -0.141607486507893 -0.134470800858407 0.091462656422224 -0.010234236946962 0.0795244483945091 0.0992700209957846 0.00869431865541064 -0.040811200713784 -0.193153840840747 -0.169581409378914 -0.110765460114886 -0.031411483823475 0.0715949538500495 -0.114152649779688 -0.0386363440465611 0.0209293444329411 0.0500145296268932 -9999 0.139132460202157 0.1337409352582 0.040970473848176 0.000918696685426732 -0.0161983115987402 0.00258077119005253 0.0113602830252518 0.0298950156484305 0.0112124672940617 -0.0482267634859473 -0.0631844282558707 -0.0917511104854747 -0.136860488782757 -0.186744274992632 -0.165749280198194 -0.142407453423416 -0.198856980020285 -0.170214190487766 -0.242059614259288 -0.260680468746939 -9999 -9999 -9999 -9999 -9999 -9999 -9999
-0.143918789469243 -0.0604654349366083 -0.112422982052858 -0.0626626676819977 -0.0115444097429461 -0.0701015766266555 -0.0331665992756998 0.00201623717111136 0.0550777980155401 -0.0183963665127261 -0.0291425427390274 0.0658261943452989 -0.0822377678791859 -0.0443523131032456 0.0762453087064809 0.0256301007922098 -0.174317239339208 0.0017826516332374 0.0267821724270959 0.0033742213772966 0.00653380840832007 0.0214411706605606 0.0278751486594319 0.00984133798550765 -0.0389158688936079 -0.0390647567855946 -0.0304626999451892 0.00758114433600737 0.0181214348010313 -0.0195616571826838 0.0546451006747335 -0.0366892174692034 -0.0684197145368854 -0.201935461470553 -0.0781190026702799 -0.108005213945045 -0.00900709169456483 -0.122139644657762 -0.0109717570595706 -0.172942936017138 -0.183465706740996 -9999 -9999 -9999 -9999 -9999 -9999 -9999
-0.0216615304629825 -0.000692050662835743 -0.164402762977862 -0.0882391861228367 -0.12347075101533 -0.113989364660286 -0.0234964478968303 -0.00119665081240926 -0.00766104589158788 0.0429398768582634 0.0857959988985829 0.029116473490894 -0.0929898467946989 -0.0744084886030388 0.0983995888805433 0.119880782413235 0.057832723355926 -0.0112484086781808 -0.0281820416411746 0.0423953483464305 0.0105643306237067 0.0290071658955227 0.0711528606793382 0.00478123904638508 -0.0277340974553619 -0.0467986073269712 -0.0980010016737315 -0.066186076064637 -0.0246713893990972 -0.0493029519719904 -0.104070129061214 -0.00264646577291309 -0.018556531801713 -0.0948315050708977 -0.0840815088834896 -0.0839708828867133 0.133637089873275 0.0250940570162409 -0.0383547761206774 -0.0992908064699315 -0.116160113168578 -9999 -9999 -9999 -9999 -9999 -9999 -9999
0.0164246555787365 -0.127533283045044 -0.120021959432159 -0.0333024862486303 -0.0871638083523762 -0.0730245712140744 -0.0592982005392316 0.0144537461859942 -9999 0.06996318976122 0.0820100213305558 0.0563116399008036 -0.075619052029973 0.121481009132268 0.119125343933861 0.155161068549115 0.0537648905324474 0.00843062507334882 0.0521670870805978 0.11973757594878 0.108315094383377 0.0286703303710612 0.0537408352693183 0.0113964940784413 -0.0222333090406328 -0.0925578517406946 -0.0585851465777102 -0.0702514580459517 -0.070944746555647 -0.0827458527180673 -0.0969902839440603 -0.0128990538379109 -0.0647390968317316 -0.022320178737574 0.0366680885275887 -0.066862339952919 0.101487655353052 -0.0172339750570564 0.00858127241430085 -0.0773906659290732 -0.130482110900801 -9999 -9999 -9999 -9999 -9999 -9999 -9999
0.023135766613021 -0.0764328867897233 -0.121812484995831 -0.0149491766702995 -0.0451323138760293 -0.0185428532733523 -0.00853507085981205 0.0999599185889894 -0.00161833314498474 0.0152659047324828 0.0285701146173742 0.0853531890016502 0.0708274117068293 0.0408814642410721 0.0765363238037278 0.0744116091985664 0.0583849827642932 0.0297403828188041 -9999 -0.0145275388696115 0.0282329789756874 0.0304161741121924 0.0342257369298627 0.070199744182597 0.035248865841307 -0.0490545537090273 -0.0970047895946869 -0.120945554744357 -0.147158463713683 -0.00411146461935168 -9999 0.0490236388394826 0.0297224695391795 -0.0524363329020895 -0.00708581444448186 0.11795314918369 -0.0155777288529996 -0.0243868184077791 -0.0369293945845122 -0.110849684541519 -0.109343321919404 -9999 -9999 -9999 -9999 -9999 -9999 -9999
0.0881973581861292 0.0784843511394492 -0.0358516961991958 -0.0273956250545899 0.00867865085006395 -0.0578770122547764 0.0291955455965304 0.0462683951235939 0.0139089503507633 0.00342256067827058 -0.0238102633046875 0.0222205535264686 0.0152982430472302 0.0171844226813963 0.0949402028691929 -0.0624726683563438 -0.0166969209098096 -0.205569937908742 -0.0566220770596447 0.0480536238264953 0.0919918921665241 -0.015313753845854 -0.00152044402841012 -0.0598432373127086 -0.115495036470723 -0.0534431750902358 -0.044943309619298 -0.108153633263462 0.108957526812705 -0.0146431831616255 -0.0896566701080523 -0.0533820931402362 0.0249277926133751 0.0626577799525979 -0.0122403195002298 -0.0160470228530595 -0.0326908920340168 -0.078330346562362 -0.0857184304517949 -0.128016586972071 -0.149170302699107 -9999 -9999 -9999 -9999 -9999 -9999 -9999
0.135001801287762 0.118226204023367 0.0245406488435719 -0.0228905356469743 0.0364480726503205 0.0139279780938513 -0.0587028523804078 0.0114512106003285 0.0294818626997301 0.0611204162187603 -0.000326012455392664 0.0033693450028916 -0.0658471512561444 -0.0177153244867875 -0.053973746657691 -0.157625719121362 -0.0360283581758608 -0.183568260818385 -0.121009097041614 0.0254350617840955 0.0650315790656747 -0.116989093767736 -0.111631303546755 -0.0349941786253023 -0.032433110533421 -9999 -0.0681465315566052 -0.122109235342516 -9999 -9999 -0.116331861196429 -0.0964932153957719 -9999 0.0814220499797623 0.149256000109291 0.00975253715389909 -0.0287614227369015 -0.0834849331090926 -0.063912921449451 -0.119539851586282 -9999 -9999 -9999 -9999 -9999 -9999 -9999 -9999
0.156779121236441 0.153129880078247 0.00397528881829981 -0.0313693189440634 0.0730064050934838 0.00272551284685911 -0.0815606756157734 -0.0931357520667144 0.0139125539654826 0.0284211275164295 0.0244099263802465 0.0137484317431979 -0.0991527716869546 -0.0918582168463653 -0.115228321377561 -0.193052328193535 -0.192846141419383 -0.115948009201454 -0.144905511172324 -0.129655864830533 -0.144009116968596 -0.118752371616191 -0.0555626947275928 -0.0118516752481427 -0.0781808962390735 -0.108000811415864 -0.0821287372482591 -0.0665912061617976 0.182718968229617 0.287591622420941 0.340089387253686 0.224415358486165 0.28423790172476 0.12793066192076 0.118792049584228 -0.0127113802214382 -0.0893759858458485 -0.0922005123719672 -0.132721173136001 -0.161835250945259 -9999 -9999 -9999 -9999 -9999 -9999 -9999 -9999
0.113710919506331 0.0701943597094447 0.0576335531079382 -0.0315391694386274 -0.0367607378337911 -0.00764533571769905 0.00993732127517863 0.032302506037843 0.0346900673556226 -9999 0.0299015417175771 0.0745558928049374 -0.0733046620448554 -0.100419702129123 -0.157365473159371 -0.185994852876918 -0.202176692573553 -0.134845111032129 -0.116713423315425 -0.123961607197393 -0.0890163379810362 -0.066627223337321 -0.067357459770125 -0.106297900898999 -0.115632471006907 -0.0844881540815745 0.101566282455855 0.0978974276160218 0.221699842172643 0.310477761822681 0.348756341396859 0.24949346840605 0.140673896816002 0.108529107656269 0.0981310117244526 -0.0974626797259635 -0.141653696632925 -0.12836597289287 -0.100694935222117 -0.0883252687265453 -9999 -9999 -9999 -9999 -9999 -9999 -9999 -9999
0.0885654524161836 0.0808936894406538 0.0163056953585741 -0.0147349774095996 -0.0406467684173784 -0.046972541985599 -0.0290763999475028 0.142993867417177 -9999 -9999 -9999 -0.0758088147280573 -0.0695040173858051 -0.133335157676706 -0.163125860275705 -0.164138515159277 -0.194989945657519 -0.144287826120405 -0.125713728233389 -0.140221357786555 -0.0625252717586736 -0.119851502034578 -0.0920630726167577 0.0271990198224709 0.0221675134827437 -0.0726115611635907 0.0492424751571326 0.0900160077308964 0.190831925230954 0.324611155241693 0.417291042526257 -9999 -0.0992814975686779 -0.0816807601798357 -0.0599260046041049 -0.167051719108069 -0.168361987435995 -0.16254031015432 -0.142022540478469 -0.11323422667791 -9999 -9999 -9999 -9999 -9999 -9999 -9999 -9999
0.106034785892946 0.0894607403013302 0.0936772921540999 0.00517313410363515 0.0165279101147459 0.0108209146628076 0.0492561568267735 0.108496140490384 -9999 -9999 -9999 -0.0378010507970519 -0.0771799215499068 -0.104943280573331 -0.154479175057282 -0.18365017166465 -0.175676566707761 -0.166911368782173 -0.126883605372322 -0.095451493295482 -0.0915573661570724 -0.150210325548138 -0.103552985712877 0.0403349042582989 0.206251203727539 0.0153501723993539 -0.00284049060042435 0.182723336559718 0.106888199829497 0.131285414298936 0.229482186312958 -9999 -0.123333094210951 -0.0975359527379703 -0.10513210585782 -0.25604738086944 -0.145361699231777 -0.25348361577346 -0.123839347455733 -9999 -9999 -9999 -9999 -9999 -9999 -9999 -9999 -9999
0.218399148290475 0.218772987396789 0.197102699632882 0.0675643239965862 0.00301342547364925 0.0933799482181269 0.0288345955367917 0.0881300863330641 0.187446307612264 0.138519936879068 0.0846296226991967 -0.0167905044098291 -0.0613403448088988 -0.105791040787133 -0.142933749885715 -0.157699976832049 -0.214341286482593 -0.15803128140502 -0.119792151464652 -0.0960161650076644 -0.0885225085857487 -0.0816333055771278 -0.106449446690952 -0.0370303585081172 0.148505334438368 -0.104692802005573 -0.0398960372606247 0.218655452402731 0.166432299033168 0.243684527068985 0.309896814457469 -9999 0.0201713019596537 -0.252391861156975 -0.273281218042587 -0.273448404497279 -0.288624535069911 -0.255982618785702 -0.0905958534685488 -9999 -9999 -9999 -9999 -9999 -9999 -9999 -9999 -9999
0.248970283456475 0.256215413568019 0.150927941363974 -9.84463609054907e-05 0.0150833962417331 0.186411240712258 0.184428379185301 0.147002377938833 0.0732238567370836 0.116538578261144 0.0425178131220889 -0.0774900418988054 -0.110305132970834 -0.156586588426365 -0.112101240925074 -0.247024259737054 -0.16664500602098 -0.112767143195406 -0.0650009878087137 -0.0751764487563581 -0.0595990668762236 -0.0238756209259446 -0.0350347561506123 0.000892836621399127 0.019456157988896 -0.00135056304009185 -9999 0.201075593029566 0.151975302149453 0.133669162183925 0.221292985819266 -0.0171302168698338 -0.144710085985381 -0.214281257038082 -0.278725353917767 -0.224380314159907 -0.270139885624367 -0.177641302542589 0.0131772240485178 -9999 -9999 -9999 -9999 -9999 -9999 -9999 -9999 -9999
