data/rasters/s5.05.07.cu.2_xyz_08_.asc
NCOLS 100 
NROWS 100 
XLLCORNER -4 
YLLCORNER -4 
CELLSIZE 0.08 
NODATA_value -9999 
[rows 22 to 43 of 100, columns 49 to 97 of 100]
0.378539527187387 0.339232949233243 0.36384453689574 0.335062298902242 0.312336738129247 0.436269208641637 0.501341812512441 0.543596709125656 0.599387675197513 0.682749221756453 0.735030428243469 0.770816189274908 0.764901924294666 0.726929912576889 0.73874048347057 0.761861327918572 0.679136604732919 0.669981086043265 0.700638956130508 0.649935107420075 0.532414859336078 0.288472137100161 0.150752806697684 0.148867372731279 0.0989002820604108 0.0560904976106926 -0.064916648710381 -0.0580841497620041 0.0371500309421013 -9999 -9999 -9999 -9999 -9999 -9999 -9999 -9999 -9999 -9999 -9999 -9999 -9999 -9999 -9999 -9999 -9999 -9999 -9999 -9999
0.260888609474731 0.25089604357987 0.29287297007326 0.243824507922343 0.281105221538554 0.35327854195708 0.405129544822198 0.468458151588765 0.544010266394993 0.617742169159525 0.707420780201336 0.706369297036034 0.689279599821223 0.720128109885966 0.796050556183873 -9999 0.689567354455339 -9999 0.745326787237949 0.692770638530433 0.601102583334329 0.0980380302330228 0.156692068985474 0.170400947027722 0.149943760403316 -0.0239995709776139 -0.042652459216083 -0.0871430752768303 -0.110011935859673 -0.106411854411025 -9999 -9999 -9999 -9999 -9999 -9999 -9999 -9999 -9999 -9999 -9999 -9999 -9999 -9999 -9999 -9999 -9999 -9999 -9999
0.155561951618811 0.172844016411358 0.216864160180229 0.248363753747423 0.250993280318618 0.205528543558977 0.262107579978381 0.313680714224845 0.36556472183334 0.378779005395811 0.55178817814602 0.623466470839266 0.640289063729322 0.728699182421405 0.772995556196713 0.744672843562982 0.878289418170824 0.953806093935199 0.980296073051306 -9999 0.705070914132134 0.531217086102173 0.296571670152644 0.395915259398184 0.231175080994207 0.0673361649300208 0.00936611767174936 0.0153771970444989 -0.00362260930788829 0.0867354327500984 -9999 -9999 -9999 -9999 -9999 -9999 -9999 -9999 -9999 -9999 -9999 -9999 -9999 -9999 -9999 -9999 -9999 -9999 -9999
-9999 0.174489618923987 0.224031452732732 0.214726393811027 0.208089887103495 0.192525768292368 0.0912800640322171 0.183183658936537 0.22269132568556 0.385986004984433 0.463995789252604 0.500055049790351 0.555096230941358 0.695110546570641 0.685139220438459 0.704667718870689 0.875084036205731 0.779043271107303 0.939269315344129 0.993740350705663 0.682127361015236 0.727067351461775 0.542827135203397 0.37757782696495 0.286781035077514 0.0888459107315507 0.023872801501162 0.0620385268159113 0.0419601938519098 -0.00389820590506994 -9999 -9999 -9999 -9999 -9999 -9999 -9999 -9999 -9999 -9999 -9999 -9999 -9999 -9999 -9999 -9999 -9999 -9999 -9999
0.0926502631496812 0.163981406509228 0.242618119283641 0.0798062661190738 0.134690455398554 0.14132732716063 0.0516518899528495 0.0142776679658695 0.107354218203445 0.314927222279083 0.392775470626747 0.413822084970025 0.563512559576586 0.641400919822984 0.665568014887997 0.661693842646532 -9999 0.714775784241552 0.922566282761349 0.680762902824675 0.724191228163698 0.739905041701143 0.585889124077552 0.366950365694115 0.192666725760652 0.0405722147895548 0.0248669065130051 -0.00474192987501437 -0.0733462023540251 -0.029708818305248 -0.139979708028358 -0.0815555569411832 0.0011166855088253 -9999 -9999 -9999 -9999 -9999 -9999 -9999 -9999 -9999 -9999 -9999 -9999 -9999 -9999 -9999 -9999
0.177099407726689 0.115400930652955 0.120329126190085 0.100132191898276 0.0369849892491409 0.0887414535892248 -0.035919794133279 -0.15192844943235 0.101282862793698 0.116983226587286 0.239139000405011 0.382749576974993 0.42369422576729 0.574622410344088 0.569704082595493 0.597780737123832 0.621193977226368 0.726086619469065 0.725261944005497 0.609174307350966 0.730321965756896 0.67843963140413 0.632975308124996 0.302815015189751 0.146217188605307 0.0698876606589771 -0.0953008136826371 -0.122153696740149 -0.0810824753733407 -0.0703615230135356 -0.043836659956187 -0.0362542898868359 -0.0222587468168026 -9999 -9999 -9999 -9999 -9999 -9999 -9999 -9999 -9999 -9999 -9999 -9999 -9999 -9999 -9999 -9999
0.177064244072899 0.0473908474277329 0.0544294494183947 0.208692701978135 -0.179846560426381 -0.0274887102046924 -0.0681726818614087 -0.114595813922124 -0.0540292683818162 0.122269353479063 0.180419243611423 0.297932040086133 0.418885585638581 0.47969411464362 0.419767892584489 0.487736986843883 -9999 0.715890068096121 0.776231707720284 0.884611386822846 0.262615074606219 0.474952299685221 0.522045420305402 0.26112042646394 0.162717375041365 -0.105642248601341 -0.23339328279872 -0.224678313605777 -0.231705886662561 -0.153644008618998 -0.129940244375984 -0.252153228759025 -0.11650013311178 -9999 -9999 -9999 -9999 -9999 -9999 -9999 -9999 -9999 -9999 -9999 -9999 -9999 -9999 -9999 -9999
0.245319758339701 0.0374233100676942 0.0581727144965854 0.0483720832876304 -0.0896892617706844 -0.125894924946291 -0.0775655454815571 -0.0292863947026898 -0.107392303127348 0.159451478728419 0.163193158574884 0.237258190359568 0.318491540995457 0.445600233482726 0.367824225686551 0.329948405161166 0.485071189237862 0.57321147198973 0.577356516089765 0.581572355818114 0.448654989065491 0.398159584289398 0.494307075079254 0.378060033909915 0.279662585788774 -0.0449676540021009 -0.204831656602653 -0.286619992463316 -0.289737233026543 -0.178910543929082 -0.243722436507136 -0.327296868908069 -9999 -9999 -9999 -9999 -9999 -9999 -9999 -9999 -9999 -9999 -9999 -9999 -9999 -9999 -9999 -9999 -9999
0.31284119595465 0.20028263997746 0.203035247433344 -0.0021625722938203 -0.0607017264265723 -0.121039846841761 0.024877977375452 -0.116820668961802 0.1211574412127 0.188422820194006 0.35738508647657 0.285960426645482 0.142413802077386 0.234270816556696 0.268652900274073 0.370155438680962 0.517023375609478 0.315309854584226 0.320789429965993 0.416495981177636 0.246311534368308 0.37713246681613 0.470134226168127 -0.0541150344584287 -0.160738766026068 -0.171021627903033 -0.268130399877957 -0.32490072285799 -0.348568283517844 -0.246484418648626 -0.236293523287936 -0.275948767309452 -0.282698896082604 -9999 -9999 -9999 -9999 -9999 -9999 -9999 -9999 -9999 -9999 -9999 -9999 -9999 -9999 -9999 -9999
0.252427705914045 0.162094163952644 0.0851883611971067 0.0220763514613733 -0.075701475392928 0.127486815264015 0.0118517684297453 -0.130462132726073 0.0147433417789515 0.102484406484629 0.318476332381779 0.17328467989095 0.140748446666921 0.192645990451993 0.216573693189926 0.349095885454446 0.345039333602338 0.310355071734264 0.313222907269622 0.324068754949427 0.289389410914818 0.129831057166889 0.262931851558071 0.283873171071819 -0.0449000907369455 -0.17253317471663 -0.196940275627739 -0.388991232436194 -0.351468909567841 -0.274666598947791 -0.196719548854614 -0.113534554889412 -0.261589367242732 -0.207092679340761 -9999 -9999 -9999 -9999 -9999 -9999 -9999 -9999 -9999 -9999 -9999 -9999 -9999 -9999 -9999
0.208038338587125 0.170181807036054 0.134363684351903 -0.0134481381448176 -0.0799750289747595 -0.0176418403870335 -0.0851930948109651 -0.0575583528974218 0.0159841514895881 -9999 -9999 0.262427942765434 0.209361140027419 0.157117705446756 0.153662937122716 0.195244425127429 0.19370001159717 0.2580526629511 0.53469832029561 -9999 -9999 0.166231377663781 0.113256560277764 0.0546370586678176 -0.0327795444349831 -0.0264676757106118 -0.238149418279352 -0.340607373292543 -0.320584614879736 -0.247368804123631 -0.230772884181945 -0.226042446271258 -0.212754161252317 -0.252531921051338 -0.18413307976616 -0.169410490669339 -9999 -9999 -9999 -9999 -9999 -9999 -9999 -9999 -9999 -9999 -9999 -9999 -9999
-9999 0.171362676122903 0.0716925752161653 0.0283148476320468 0.085232543895532 -0.024359737361285 0.131476835621892 0.186466557819079 0.113258252426627 0.307801159409156 0.251613353374178 0.227716827539717 0.202817899997576 0.120603515554304 0.0719995579494647 0.190926351452527 -9999 -9999 0.404740685963802 0.515593743457249 0.575080754620844 0.538138775585388 -9999 -0.014310878438758 -0.028781215540454 -0.035729467619949 -0.210194674198514 -0.273542890206034 -0.268535374728507 -0.258222712704079 -0.25564353681113 -0.256081435188307 -0.279964056115947 -0.165647024026872 -0.107977804687098 -0.13342879900024 -0.360080651730627 -9999 -9999 -9999 -9999 -9999 -9999 -9999 -9999 -9999 -9999 -9999 -9999
-9999 0.174325648186789 0.0646270513866394 0.0527398799810984 0.163932573993597 0.165152161638986 0.107837822896931 0.0829668309859621 0.201946146152312 -9999 0.164373506257102 0.221910548232686 0.114697448285058 0.0672929442054824 0.431909857831221 0.209962912280162 0.350424014569342 -9999 0.533088690130915 0.472860588935232 0.446261773950415 0.488886749630499 0.485503714344602 0.204867349202264 -0.148075691187576 -0.109631413398186 -0.0973726829189783 -0.175465249241538 -0.169405172940958 -0.260424691239116 -0.260387098118637 -0.178331984997105 -0.17263509145915 -0.160272573929117 -0.145958752794995 -0.169226609638704 -0.194998692275239 -9999 -9999 -9999 -9999 -9999 -9999 -9999 -9999 -9999 -9999 -9999 -9999
-9999 0.191271375546574 0.112364114620571 0.141663174681774 -9999 0.411383162090342 0.343035921758166 0.263903538754306 0.26022139651421 0.270260670520117 0.143375462534935 0.157465312603334 0.172057975770086 0.0628852957061829 0.10153964700808 0.533218847451618 0.396968155129339 0.347616656674683 0.386440455753598 0.498830502292911 0.499952590458227 0.445468318907545 0.460606016614657 -9999 -9999 -0.0773640336598346 -0.00431183845570859 -0.0429466676652412 -0.0316077264861572 -0.183381533590557 -0.155240669233914 -0.117102304586642 -0.227037427379944 -0.21336050210725 -0.157861719207372 -0.114484882227415 -0.167749642965228 -9999 -9999 -9999 -9999 -9999 -9999 -9999 -9999 -9999 -9999 -9999 -9999
-9999 -0.049155139557581 0.0431051332909005 0.157533024115146 0.125670992411227 0.14833084982887 0.189485001221351 0.100330600758045 0.27445050393432 0.234505830953144 0.102466848345453 0.172439278040526 0.209729408403473 0.144643866505399 0.189549322844488 0.207231395796282 0.395731942152581 0.436456081482113 0.491328223219027 0.444381291008872 0.557432787316389 0.491299414850621 -9999 -9999 -9999 -9999 -9999 0.024954053368716 -0.0163458888904843 -0.0987905577535347 -0.138966584192059 -0.192020657075851 -0.237259997782665 -0.224980571562527 -0.242530293508195 -0.160050523890089 -0.0677539871755231 -9999 -9999 -9999 -9999 -9999 -9999 -9999 -9999 -9999 -9999 -9999 -9999
-0.327961000564766 -0.0979205702438707 0.0597546327406041 0.0298461601006642 -0.0106250540202708 -0.10032591486792 -0.00529581225281355 -0.143429475245924 -9999 0.907840858306537 0.794763910957297 0.616049382657348 0.312570788077239 0.288384024664732 0.174340985196114 0.182136010486566 -9999 0.404665341669553 0.479641347105106 0.38098770253313 0.32790122252769 0.205976127898911 0.250000458187187 0.033123959433288 0.10164402280129 0.199370399192726 0.0441131863545171 0.0201595197817396 0.0976610711771907 0.126435290371004 0.102848691448114 -0.0908397298950597 -0.173561091358066 -0.141018600442792 -0.154045914563979 -0.0897711967148044 -9999 0.0853282830861854 -9999 -9999 -9999 -9999 -9999 -9999 -9999 -9999 -9999 -9999 -9999
-0.265977076126122 -0.16570194219806 -0.138043444609724 -0.126887872981162 -0.152930311353742 -0.277606827319745 0.091521012396577 0.447803196496338 0.477801881970301 -9999 0.811839545255883 0.761674949920328 0.722427008871485 0.322468291942681 0.237849133691528 0.157237202627207 -9999 0.407889907320596 0.432067254558569 0.374674351609001 0.248692207873101 0.11153834678897 0.00760841381835011 0.0885558627959916 -0.00680869925196931 -0.0955507852774697 -0.0106510226091201 -0.0343675777453854 0.0152585477562248 0.0652053143935866 0.0941161422308257 -0.0577358590172859 -0.103120880811658 -0.0891487076789359 -9999 -9999 -9999 -9999 -9999 -9999 -9999 -9999 -9999 -9999 -9999 -9999 -9999 -9999 -9999
-0.303705436149958 -0.193067354127415 -0.20618544854096 -0.273887781414972 -0.134425911382281 -0.00755447121892027 -0.163996736045929 0.118325450829371 0.56141224376917 0.599593871729733 0.592121954432356 -9999 0.645536638388358 0.637700730355198 -9999 0.609112256664477 0.52398202613129 0.431124914251903 0.429038838021345 0.381115694211726 0.253359004319215 0.0667457030259071 -0.0124461989973302 0.00757014215402689 0.00159256351790343 -0.198491773608641 -0.175044948260152 -0.175197701369523 -0.166539742663305 0.0757969318524771 0.103446764523199 0.0338805197538849 0.00720696233251268 -0.0326126901255426 -0.0563507622838462 -9999 -9999 -0.0915579896806309 0.106708005021825 -9999 -9999 -9999 -9999 -9999 -9999 -9999 -9999 -9999 -9999
-0.241472085766831 -0.327639453757078 -0.232740383130343 -0.253456026314385 -0.204688895911391 -0.161003562516192 0.00521742172461657 0.131960040838742 0.0846099644169087 0.154791810953716 0.51657697166861 0.217444763223807 0.640248719697306 0.617403501821941 -9999 0.533089499003753 0.497340258887017 0.462537958062168 0.413823034359504 0.35629923959326 0.252192577857642 0.14960577415004 -0.0569448503692048 -0.119950583919724 -0.20208382617449 -0.323033530185513 -0.0626030162224931 -0.223877845812101 -0.195421603491486 -0.20917741974981 0.0704848741162273 0.0126154633582497 0.0674359172179222 0.0121196022246392 0.0123408464097032 0.146156435056072 0.153721673502089 0.197941564386563 0.194487848511091 -9999 -9999 -9999 -9999 -9999 -9999 -9999 -9999 -9999 -9999
-0.357296607618266 -0.315481693342634 -0.267378046589732 -0.190031908692915 -0.198666997568338 -0.0694421698211086 -0.0653433506574716 -0.0593042386867694 0.00244399367154532 0.0415226890222887 0.140293618628717 0.401277433523947 0.500413951350324 0.52120803847701 0.46292784182315 0.417957312124974 0.531026164512237 0.528880395205611 0.555219154331954 0.508457197552891 0.377072839926433 0.348542906804913 0.0148353525473527 -0.152037830527445 -0.192168973599109 -0.239709475831616 -0.240767550729976 -0.202029312384006 -0.216701825566846 -0.266484765490621 -0.144016492258543 -0.0765887308507422 0.0094718597533312 0.0809124171711025 0.174713518476061 0.0231081985750381 0.0104887148543115 0.0960265572781367 -0.054461263251924 -9999 -9999 -9999 -9999 -9999 -9999 -9999 -9999 -9999 -9999
-0.282437977414958 -0.342316268717815 -0.365143313695331 -0.388574981656963 -0.314630467314735 -0.339785416635261 -0.167362613118019 -0.128863294806171 -0.0642676097272189 -0.0187892572204548 -0.0362347502179745 0.149863930204295 0.242866836828884 0.34547536138338 0.417260763294526 0.325341913555526 0.388904118439596 0.461654370482701 0.561148580415501 0.690407476855245 0.240128143152875 0.420162417022045 0.379639271159757 -0.125470257779701 -0.182074667388735 -0.244267608157152 -0.298391631409318 -0.261627360599672 -0.229792997980931 -0.264204723461319 0.00561970549462135 -0.0561650215034417 0.0404483113120428 0.162211360782874 0.151501554546664 -0.0393484964448394 -0.152570314449825 -0.141443827910402 -0.0958186111246193 -9999 -9999 -9999 -9999 -9999 -9999 -9999 -9999 -9999 -9999
-0.344240530439277 -0.392627942213466 -0.412391310936332 -0.380741949736782 -0.316701710541996 -0.316057801281158 -0.117442242643055 -0.167955365509849 -0.147073887916242 -0.119670141536708 -0.0647462778765735 -0.0842878814294059 -0.0625165011668226 0.264222050499928 0.413072785344335 0.387313520294737 0.304623421765737 0.255241002673676 0.278901698172565 0.410540462985657 0.167110737847949 0.252925740624172 0.124804823454899 -0.0693629991823215 -0.163604172007519 -0.261586883995363 -0.274054626567157 -0.322827520538256 -0.235732642469659 -0.119442954341045 -0.0177277146267344 -0.0356441259903354 -0.00424082477127927 0.0662448779289335 -0.0164041746710387 -0.129777795766741 -0.200694794393219 -0.210238990306737 -0.218166276088859 -0.314599852553664 -9999 -9999 -9999 -9999 -9999 -9999 -9999 -9999 -9999
