data/rasters/s5.05.07.cu.5_xyz_08_.asc
NCOLS 100 
NROWS 100 
XLLCORNER -4 
YLLCORNER -4 
CELLSIZE 0.08 
NODATA_value -9999 
[rows 42 to 62 of 100, columns 0 to 47 of 100]
-9999 -9999 -9999 -9999 -9999 -9999 -9999 -9999 -9999 -9999 -9999 -9999 0.00686327613428284 0.000946525749894065 0.0741155023813974 0.125031353775134 0.155062677363786 0.202868568159732 0.210829285033361 0.251293120695961 0.269931247222772 0.246669239421275 0.136300751636316 -0.0482983927656969 -0.139372721735479 -0.284609710915895 -0.255502535645728 0.13345040098772 0.0814284859513177 0.0732543663078394 0.063793816186555 0.192082738963861 0.0995761636840811 0.172902787721883 0.145197191629292 0.0807816736698356 0.0860279503600741 -9999 -9999 0.166424268792603 0.172463349734525 0.264097297505729 0.254721527978435 -9999 0.487634510864367 0.367834478810365 0.433530071141075 0.409044562358137
-9999 -9999 -9999 -9999 -9999 -9999 -9999 -9999 -9999 -9999 -9999 -0.0431657816240059 0.0241881013074784 0.0320154401861303 0.0185592794183218 0.0653828188416381 0.075400772839285 0.0520033069041561 0.0823224636011995 0.0948761366112983 0.221053594825041 0.0645586939015061 0.0152267525044958 -0.108137042152393 -0.176110054726576 -0.250471654310853 -0.323933332886035 -0.343571803082112 -0.165591236963744 -0.13247983339535 -0.0852719870058182 0.0351118664474828 0.0170300129043971 0.115756649785579 0.141401036759532 -9999 -9999 -9999 0.0145122686247613 0.151023154399268 0.142293008831826 0.234239420753039 0.356473684878259 0.35858815929794 0.465082192363139 0.390098248572978 0.552703444595571 0.398171056214426
-9999 -9999 -9999 -9999 -9999 -9999 -9999 -9999 -9999 -9999 -9999 0.00464137500217185 0.065970932762748 0.0364691110124869 0.0192431399307733 -0.00273480587371997 0.0145993503930431 -0.0378461314138641 0.0352496124180595 0.0321745141297672 0.107674606817218 0.0302137342665917 -0.0741203678470112 -0.171816195281656 -0.227094211478732 -0.298630484384698 -0.365621025466835 -0.333683169440361 -0.318725057726931 -0.235625407806492 -0.112875610437472 -0.121775961491592 -0.0352446685957852 0.126435340291638 0.0622413912284682 -0.056532783514348 -0.0452026840082138 0.0271107043930805 0.012481422220409 0.127256462450816 0.246410331463648 0.298537711520582 0.297070414835502 0.338843757021413 0.416685847390108 0.47573867803542 0.528072335238188 0.46344329595434
-9999 -9999 -9999 -9999 -9999 -9999 -9999 -9999 -9999 -9999 -9999 0.104279562592956 0.0998373153488718 0.0375087115839514 0.0200123770266975 0.00348500186510554 -0.0279866746575843 -0.0305099331195916 0.00183927172094994 0.0524566032857632 0.12703856780276 -0.0922274238056073 -0.190949478405543 -0.265597794638403 -0.328749864507848 -0.327184034411542 -0.404709927880675 -0.37195802794321 -0.330519062935289 -0.282101215952435 -0.11429661357014 -0.166984964271815 -0.110977507857372 0.0770418127270594 0.0565736326016084 0.00183182965562875 -0.0293725570705769 0.00844948036438116 0.0391119527195433 0.0637150315423919 0.178792227660621 0.249634181375889 0.308545075116831 0.424872151461813 0.566874211785307 0.546123650762326 0.465842949585815 0.501681377639056
-9999 -9999 -9999 -9999 -9999 -9999 -9999 -9999 -9999 -9999 -9999 0.139829938367531 0.0558309956919596 0.00670781831838585 -0.0210005404711899 0.00460524047838676 -0.0137359619622205 -0.0180120936468516 0.00863384875217138 0.0951469286987821 0.0629947547260511 -0.108421391148008 -0.227192020218359 -0.278611253823177 -0.37158794393897 -0.430499961610062 -0.391133528790797 -0.402300337156552 -0.358611123897573 -0.343972846635168 -0.296474863089373 -0.159619254486778 -0.0758174412839577 -9999 -9999 -0.0187988531049853 -0.00911199794059893 -0.00534025473121965 0.0657732598894831 0.11250785319121 0.201606996722773 0.365330521672333 0.380977008067109 0.514506913405589 0.585844524395347 0.595663495799229 0.579307028756921 0.544264654549757
-9999 -9999 -9999 -9999 -9999 -9999 -9999 -9999 -9999 -9999 -9999 0.120688022436416 0.0618912689763376 -0.00539347496266896 -0.0548220808199592 -0.0282633798332414 -0.0157017486913409 -0.0397743441374608 0.054546207763574 0.0414041441917628 -0.0515859511203685 -0.130919302675177 -0.29178808452286 -0.347647024333031 -0.363176751318485 -0.40264631927333 -0.435923169517429 -0.436687055826078 -0.333788597547869 -0.284243936219833 -0.24195268818998 -0.0794703527976869 -0.0336428008326688 0.0489929656003188 -9999 0.0101135354606652 0.0170815814869207 0.0208276890303267 0.0785180440444983 0.141197280204448 0.24324837839499 0.263989279355828 -9999 0.740163211311936 0.735596256686619 -9999 0.551487835229355 -9999
-9999 -9999 -9999 -9999 -9999 -9999 -9999 -9999 -9999 -9999 -9999 0.0998444094582479 0.0816986190650514 0.0196690005582749 -0.0224861905412945 -0.0469699279744101 -0.0132811155579034 -0.0674752648825593 0.0152521589965566 0.0317499370730472 -0.0386368471654253 -0.123034419343919 -0.265892272614745 -0.255451254605697 -0.352324950200853 -0.341452130262135 -0.369865228026665 -0.427980958052247 -0.380344334040668 -0.282577695182841 -0.217584638507747 -0.15325645528192 -0.0451867637993409 0.0796799546756107 0.0538031309652128 0.0384385251007208 0.0624566464642285 0.0870518519301392 0.0948897242093728 0.373210051482497 0.297240331167179 0.294916831130798 0.470314100815705 0.438481703956373 0.445157313992352 -9999 -9999 -9999
-9999 -9999 -9999 -9999 -9999 -9999 -9999 -9999 -9999 -9999 -9999 0.0192742463528364 0.118717933712522 -0.0199942429559862 -0.0576528081256116 -0.0263395325223316 -0.016154410249173 -0.0324967399385557 0.0271577149907854 -0.00439762236690224 0.00476391999298264 -0.0529924800170552 -0.236278776820677 -0.188127597583518 -0.297378044015147 -0.350885247320238 -0.358371385803835 -0.383139571726766 -0.372601579250428 -0.267758379098477 -0.250088813193691 -0.116638553544584 -0.044221531207819 0.0604606691244896 0.0983652847027366 0.120191209587027 0.165068210648103 0.103537507443347 0.122638134889146 0.270969506619328 -9999 0.537471937379832 0.446020990706433 0.451249989448934 0.457088362857314 -9999 -9999 -9999
-9999 -9999 -9999 -9999 -9999 -9999 -9999 -9999 -9999 -9999 -9999 -0.0289477628696247 -0.0031198016180775 -0.0641972296472481 -0.0353382978603937 -0.0518125171178969 -0.040044599199699 -0.0221730985055862 -0.00506231620412499 0.0233970955731541 -0.0791778290011425 -0.0668344672419801 -0.0579973078357446 -0.163864757697261 -0.233251260616323 -0.294585974766915 -0.282217968019219 -0.287801635268874 -0.327005616894856 -0.308039165124148 -0.182405697083008 0.0142136052789942 -0.0350118195334973 0.0955472705502278 0.166190969842803 0.127893109617528 0.126527907228102 -0.0128455223872497 0.0846449651370307 0.0304657753099332 -0.0668824034525287 -0.0549882706438665 0.0265707990982629 0.084048914410595 0.104985448359651 0.131158458028692 -9999 -9999
-9999 -9999 -9999 -9999 -9999 -9999 -9999 -9999 -9999 -9999 -9999 -0.212761871007597 -0.225616503702541 0.0149637148450603 -0.0515145566881768 -0.0569933949181516 -0.0496613231273226 -0.0665946694588067 -0.0904343399456611 -0.020077693866119 -0.0439433613931979 -0.000656382574782843 0.00145938102079304 -0.0109749705068916 -0.110162914098137 -0.202675965496875 -0.163325928885466 -0.164357337450174 -0.226187001936769 -0.0641699515321471 -0.0231432376020175 0.00967248652205248 0.0399316838956799 0.113694077631703 0.170848894240321 0.130270199007571 0.0705039019343228 -0.0419449179707636 -0.0893700864721802 -0.111034790540022 -0.214540312602799 -0.157230502785946 -0.107301632104336 -0.0969104134078294 0.0598634603390576 -0.105861223045178 -9999 -9999
-9999 -9999 -9999 -9999 -9999 -9999 -9999 -9999 -9999 -9999 -9999 -0.239893275171804 -0.250844951790386 0.00277247833755452 -0.192897028328104 -0.14353025831268 -0.126073615268316 -0.114247511270926 -0.153017630334224 -0.174514249031824 -0.107871009365377 -0.131262864656825 0.0492825991721027 0.13585551629367 -0.0944646577531883 0.0688068406971831 0.00557544384461357 -0.00552492827798931 0.0366550110797704 0.105108917421518 0.184956274683483 0.109474162081192 0.135378840396546 0.139976555119167 -9999 0.09778520194817 0.0173165047001471 -0.131316250948772 -0.175962907494813 -0.265207873687599 -0.29741403328854 -0.180135588860945 -0.22139536529103 -0.166326362357176 -0.0563410813669255 -0.0592120429069299 -0.0471387276982531 0.0455147564369788
-9999 -9999 -9999 -9999 -9999 -9999 -9999 -9999 -9999 -9999 -9999 -0.311505714463823 -0.239213215270486 -0.242932313770493 -0.154787248877558 -0.132467908964321 -0.135003152021224 -0.156743472584981 -0.202557284295037 -0.210168080694711 -0.157817461136095 -0.0469339694320597 0.0398684967395081 0.0800005763013392 0.168784117135298 0.184311549454629 0.199892183949465 0.274464823951874 0.313932241764855 0.331285652996899 0.271464801582439 0.134882251984059 0.185202082446471 0.222131674951538 0.21048921466567 0.0443194836084403 -0.0176935318096397 -0.20764499076787 -0.342988687579527 -0.350255310566182 -0.418192741208333 -0.280629425428006 -0.212140736040228 -0.27363258810787 -0.276429166718018 -0.234469008866568 -0.141622654178136 0.0462206039887681
-9999 -9999 -9999 -9999 -9999 -9999 -9999 -9999 -9999 -9999 -9999 -0.320297271001061 -0.316755576875934 -0.265557789095852 -0.049847363084724 -0.127105936684038 -0.111959943272155 -0.192309052383569 -0.0818450049877866 -0.144981708559459 -0.188795616350111 -0.0923002217798439 -0.0318547678139745 0.0970939431354174 0.182671219442748 0.257383797012401 0.336584590118689 0.438961983944532 0.502685859694612 0.396573682029507 0.27901871943319 0.112397559518111 0.12430122796019 0.15669986053162 0.149656522904956 -0.0712801032986742 -0.166648770232578 -0.362352049442605 -0.360843428342412 -0.389073845911006 -0.156983108258261 -0.41181220102997 -0.352297236681049 -0.123363912696962 -0.381721225126788 -0.265089570008497 -0.156662196772382 0.0694774075332022
-9999 -9999 -9999 -9999 -9999 -9999 -9999 -9999 -9999 -9999 -9999 -0.255477309312463 -0.248533081556861 -0.267341105566377 -0.215269303973315 -0.176209222552753 -0.209670790521767 -0.303525523174223 -0.163277092120497 -9999 -0.189397323938381 -0.148632346873307 -0.0130650274305996 -0.0198005325682861 0.117945993092594 0.226075673861787 0.32249612261373 0.405291351303527 0.451862000410566 0.371712291164407 0.112679864696842 0.0845262274485028 0.0582204031453116 0.0927632277500657 0.0290156357571587 -0.144077730493416 -0.246790481792556 -0.256431854693284 -0.0884438762917682 -0.429406082032494 -0.363056943573073 -0.509676352834666 -0.513992848726154 -0.228696043969927 -0.313558681868385 -0.244793941652596 -0.0973124616808303 0.109902173181335
-9999 -9999 -9999 -9999 -9999 -9999 -9999 -9999 -9999 -9999 -9999 -0.264111185849613 -0.239516919053141 -0.300630074103682 -0.292229069081235 -0.335730714952557 -0.364214955997385 -0.391466352427947 -0.486994427173644 -0.399557997282148 -0.298334454470547 -0.157395102018742 0.0333717652898954 0.0612734142652264 0.0970099510849804 0.186991483649787 0.302043547475629 0.329922664503443 0.419362448198674 0.205395685443075 0.208230897584765 0.0899533922190397 0.0540505103231505 0.126866848455047 0.0498419440787258 -0.230989133062997 -0.306518729781804 -0.383989386453899 -0.443449340055218 -0.505713435250987 -0.514031917226083 -0.5591351461055 -0.590852426484462 -0.541566920902298 -0.425940386041656 -0.281163041756591 -0.0818383530495862 0.0296314884619165
-9999 -9999 -9999 -9999 -9999 -9999 -9999 -9999 -9999 -9999 -9999 -9999 -0.336361980372377 -0.426470167530061 -0.418658883307224 -0.389981006491936 -0.477054218448082 -0.63922558102565 -0.504571441302248 -0.426701595377961 -0.321789578391926 -0.200664588218307 0.020779485539392 0.0987040883973137 0.098937297291137 0.158948780301324 0.230819520006673 0.306012458575505 0.38883781863042 0.216570516725092 0.0884203983366772 0.0516295553493598 0.0264990527724494 0.146578320998053 0.0576145887104791 -0.11325689725672 -0.237422336216216 -0.376375603070694 -0.527230321157631 -0.518304408523801 -0.542605970567704 -0.573788547540229 -0.579151364822665 -0.50427661603877 -0.447316510468998 -0.428069773585427 -0.104206865464066 0.145363673895755
-9999 -9999 -9999 -9999 -9999 -9999 -9999 -9999 -9999 -9999 -9999 -9999 -0.412443036732302 -0.540479777279084 -0.532118658796747 -0.494406673205523 -0.499035847637722 -0.660744740622232 -0.592861717170585 -0.462135876792445 -0.369337484054878 -0.287093048627491 -0.0860096150598713 0.114910678453946 0.131167991215636 0.165616352176138 0.195910636770335 0.286319041679061 0.368100193985949 0.169747123071482 0.107776872562347 0.0328356324485056 0.0765698833270791 0.094148566651682 0.104285829671311 0.0527562521250092 -0.246808961401734 -0.239152207806809 -0.404750952965861 -0.469308269440965 -0.4980206464532 -0.513686633583269 -0.517327656259358 -0.512833606939868 -0.431445000817773 -0.307357739517823 -0.183731322625593 0.317432365495299
-9999 -9999 -9999 -9999 -9999 -9999 -9999 -9999 -9999 -9999 -9999 -9999 -0.465540250480763 -0.563756638951376 -0.628726857524217 -0.588316947520372 -0.600981063189994 -0.672324157552995 -0.563062530039261 -0.521201553107437 -0.420626489691756 -0.290052121803732 -0.140596397108325 0.0848456972733941 0.101606729754858 0.0599671504294035 0.108266750996889 0.146626222853413 0.124875884880047 0.171162933438565 0.115045793405854 0.137757916012708 0.174568362618168 0.187287440938697 0.163065475858636 -0.0352379664180806 -0.237201401448463 -0.333467789975832 -0.390959990246034 -0.396906416951563 -0.498501195896567 -0.427054935981729 -0.423922745873135 -0.414169887396433 -0.330566379914532 -0.30642775476921 -0.20819739705664 0.162479851214563
-9999 -9999 -9999 -9999 -9999 -9999 -9999 -9999 -9999 -9999 -9999 -9999 -0.560223816150426 -0.588215487866916 -0.658398032301245 -0.738404518368828 -0.748755273532975 -0.63834598671656 -0.44051222759184 -0.550875909190382 -0.542574797941435 -0.502210165446975 -0.196371451935714 0.0683967221366933 0.0815318617995236 0.0239179656404752 0.0284245856303963 0.0345680529265527 0.0783781259276518 0.0888683902633295 0.13552716506741 0.16624426490532 0.201251025108213 0.213849995661042 0.204628035152346 0.070577686736229 -0.0991333262602265 -0.237764648393899 -0.323170806789089 -0.411004416253517 -0.442659408541595 -0.435044575146767 -0.385364201599815 -0.345158424042912 -0.330965995784024 -0.285700134195618 -0.192473119499177 0.0351311988565711
-9999 -9999 -9999 -9999 -9999 -9999 -9999 -9999 -9999 -9999 -9999 -9999 -9999 -0.626968085954451 -0.696914008900698 -0.715591363482824 -0.756092178484244 -9999 -9999 -0.588056224886805 -0.514103864753631 -0.463048360827659 -0.331265274412299 -0.0464852756371883 -0.134525208950053 -0.102512860852764 -0.0472864370918754 0.0133442431677571 -0.0596610681307956 0.0214678850030497 0.0607656815787832 0.16546191595016 0.187190780812403 0.228439082045979 0.270564532434769 0.231380374330409 0.118370893521111 0.0341072130272167 -0.180627219254208 -0.309091028972791 -0.373307673523913 -0.372174735144516 -0.385391223072431 -0.29684057630172 -0.206455800870508 -0.150551148617341 -0.0601667847403012 -0.122137395363279
-9999 -9999 -9999 -9999 -9999 -9999 -9999 -9999 -9999 -9999 -9999 -9999 -9999 -0.635142155912343 -0.667276609876131 -0.693732420886857 -0.720846713312113 -0.71160206628482 -0.557674656895642 -0.526477242174192 -0.450664444242703 -0.375410953867601 -0.366673427745694 -0.215517041799667 -0.231784449806696 -0.17190172109125 -0.154666219893857 -0.148495098694148 -0.0803853012433924 0.00637777049216139 0.0628434476698519 0.225039202185449 0.246892375599976 0.254209615989844 0.300734543549893 0.337059244150948 0.243398758409872 0.061297647318023 -0.0796635336054359 -0.189928511940167 -0.289614007573713 -0.255831351868212 -0.317053702948463 -0.165038422571954 0.0892721082785872 0.0152474899834452 -0.0862327855929871 0.1232934849477
