data/rasters/s5.05.07.li.2_xyz_08_.asc
NCOLS 100 
NROWS 100 
XLLCORNER -4 
YLLCORNER -4 
CELLSIZE 0.08 
NODATA_value -9999 
[rows 21 to 41 of 100, columns 0 to 47 of 100]
-9999 -9999 -9999 -9999 -9999 -9999 -9999 -9999 -9999 -9999 -9999 -9999 -9999 -9999 -9999 -9999 -9999 -9999 -9999 -9999 -9999 -9999 -9999 -9999 -0.156843931472815 -0.218054168422964 0.109353470114937 0.103600749666977 0.0987052527077217 0.200284787749756 0.132205008539227 0.1198464771812 0.0053399349546807 0.0759742240633875 0.107004684629936 0.150014332045783 -0.0660204712064375 -0.0183347970851941 -0.0757857950533865 -0.106505710317201 -0.113452095961751 -0.0556490018861735 -0.0737460540560167 -0.138178389778201 -0.252738266569418 -0.195562566429745 -0.183905847247956 -0.190745190273432
-9999 -9999 -9999 -9999 -9999 -9999 -9999 -9999 -9999 -9999 -9999 -9999 -9999 -9999 -9999 -9999 -9999 -9999 -9999 -9999 -9999 -9999 -0.186340210307379 -0.17403279823146 -0.0439045851721335 -0.0921602853580449 -0.0474907044716303 0.00176911226203631 0.125918045840943 0.17560654425123 0.132079771267458 0.0982087038673903 0.123250482487896 0.116293425097398 0.0911535450758157 -0.0339702614774999 0.0252200067001813 0.0326340563284566 0.00298299021796233 -0.118666355271287 -0.0952958857686691 -0.100740336848139 -0.170506945991374 -0.333727720788978 -0.284577867231674 -0.263459270956663 -0.231005932299484 -0.266374736750946
-9999 -9999 -9999 -9999 -9999 -9999 -9999 -9999 -9999 -9999 -9999 -9999 -9999 -9999 -9999 -9999 -9999 -9999 -9999 -9999 -9999 -0.2031061571342 -0.0988424036440229 -0.139698389382564 -0.102313510744845 -0.0667182231267555 -0.0478332369019767 0.0421485338597816 0.179576323413722 0.165988797693915 0.184903839942559 0.192832887750749 0.158137926731516 0.125186700059395 -9999 0.0772525069907713 0.0829955831146631 -0.0879674156698997 -0.110474827191604 -0.14991469422642 -0.102135080951988 -0.109802447784569 -0.0966743796087019 -0.163169857385323 -0.147131384020565 -0.300159820632467 -0.220871898321172 -0.23417339532567
-9999 -9999 -9999 -9999 -9999 -9999 -9999 -9999 -9999 -9999 -9999 -9999 -9999 -9999 -9999 -9999 -9999 -9999 -9999 -9999 -0.161631018108787 -0.059932440589445 -0.0116517174665993 -0.0493367244122953 -0.119171665670744 0.0308060527913166 0.0231596744150705 0.151042430660533 0.208973590134735 0.170310325223318 0.183053730969638 0.139399840828149 0.145862603849569 -9999 -9999 -0.06648986837301 -0.0133531055528265 0.0578124120699312 0.148698368408205 -0.11941702827911 -0.160461509703128 -0.125659359582992 -0.0999910914030384 -0.161719705724172 -0.182237652267747 -0.218605718129423 -0.210992714208504 -0.251661150727528
-9999 -9999 -9999 -9999 -9999 -9999 -9999 -9999 -9999 -9999 -9999 -9999 -9999 -9999 -9999 -9999 -9999 -9999 -9999 -0.129770790463885 -0.103506695965598 -0.014090550624972 0.0203713723322119 0.0546016270719759 0.088719928142665 0.267014329202607 0.0615696102891869 0.0555872483626345 0.163578118278266 0.182577898862446 0.165543651056638 0.0921511666980607 0.165627338715986 -9999 -0.0819923675195965 -0.00912284311705363 -0.0280594643134723 -0.0675192201073844 -0.0238269231465649 -0.112741745147252 -0.0666887526811393 -0.0638709674202116 -0.0857879679450726 -0.247303165944962 -0.1758139087794 -0.34466614664506 -0.200012640935791 -0.215350981819716
-9999 -9999 -9999 -9999 -9999 -9999 -9999 -9999 -9999 -9999 -9999 -9999 -9999 -9999 -9999 -9999 -9999 -9999 -9999 -0.0846049094430029 -0.0284263776147372 0.063338423823593 0.050408205787392 0.0473370453360094 0.0935327298262753 0.123376948438318 0.1408332555809 0.0987862894787989 0.129020982720179 0.168708231238633 0.220106968098815 0.194425133477786 0.161905096850874 0.17998893090084 -0.0537046973792347 0.0095665655693908 -0.122198056048307 -0.212216157424365 -0.146760547282528 -0.197104925797553 -0.186478915158839 -0.267601908786526 -0.178021570610066 -0.218801995789547 -0.28158947171484 -0.322094580203404 -0.293989548963623 -0.41839836001683
-9999 -9999 -9999 -9999 -9999 -9999 -9999 -9999 -9999 -9999 -9999 -9999 -9999 -9999 -9999 -9999 -9999 -9999 -0.0775091178940095 0.00338006042078218 0.0507599943913799 -0.012755219780227 -0.0671277997219459 0.0374162395689435 0.0671873029192316 0.106077579927444 0.147872698413396 0.163699396101314 0.153102244380554 0.188762626450339 0.265567234027869 0.227681323682369 0.149248725248553 0.0983213263301019 0.0129636650861566 0.028537992829681 -0.0567930823311183 -0.0955524432087783 -0.171174975019441 -0.167653641810966 -0.132191126975311 -0.108249524486751 -0.220633498943307 -0.273356560638649 -0.248176335142392 -0.28688268481914 -0.376412366824637 -0.377346896167493
-9999 -9999 -9999 -9999 -9999 -9999 -9999 -9999 -9999 -9999 -9999 -9999 -9999 -9999 -9999 -9999 -9999 -0.0223244687705539 -0.0729818491082629 0.0487737390205445 0.0330683427255813 0.0149254670703761 0.00401394592323691 0.0395154760538251 0.0671755432516672 0.0844842824802828 0.172065070301748 0.218005935561502 0.188707609812717 0.187607874994225 0.218878639365142 0.207733263383363 0.22283545172565 0.18184479529978 0.150388348496189 0.0256514860761645 0.0400764368986121 -0.00495736761581304 -0.163015342125977 -0.106620362076744 -0.140650546281392 -0.120312563108983 -9999 -0.265953394565315 -0.234365288504683 -0.433122113560113 -0.322025628917118 -0.328628029464428
-9999 -9999 -9999 -9999 -9999 -9999 -9999 -9999 -9999 -9999 -9999 -9999 -9999 -9999 -9999 -9999 -9999 -0.0410073012613238 0.0171730143267908 0.023340609780979 0.0348772327527396 0.0645372661843883 0.0905362699652634 0.093474927268925 0.205315161961365 0.159392547551692 0.239457680451411 0.145420454108139 0.239192738171476 0.186355233878648 0.241413502151889 0.293618493322965 0.250414949737181 0.0276556837502642 0.230022928656403 0.073467727967617 -9999 -0.0910148041551817 -0.0869218128799107 -0.0781769454872784 -0.122324490855148 -0.133250552854108 -0.149911598731133 -0.238493655881015 -0.19603613082949 -0.401556944551171 -0.233295049453623 -0.225876434841948
-9999 -9999 -9999 -9999 -9999 -9999 -9999 -9999 -9999 -9999 -9999 -9999 -9999 -9999 -9999 -9999 0.0459947133584537 0.0242492494122758 0.00232429423856358 0.0703812171415915 0.0468261499484936 0.0883768360818359 0.0987374337451128 0.0680414224949393 0.146831393218081 0.180075070702609 0.204194313347659 0.204783980884147 0.184037581742513 0.178887233568974 0.196724191562533 0.182915146946313 0.238521373693878 0.0722259208650924 0.163964479068129 0.0487971814989541 -9999 -0.0810998986527698 -0.0295100787943744 -0.0586317517498843 -0.0969746063052275 -0.179937801774992 -0.142560409662968 -0.230423279737494 -0.436436471733823 -0.322137072879845 -0.372099535135117 -0.238392643465473
-9999 -9999 -9999 -9999 -9999 -9999 -9999 -9999 -9999 -9999 -9999 -9999 -9999 -9999 -9999 -9999 0.0193969354503283 0.0136258607002516 0.148891401069485 0.0683749863868653 0.0217327971933823 0.158896274706722 0.210782968649932 0.160167988784088 0.217852357027723 0.152481887258655 0.143557954405499 0.208642216308042 0.189363375782986 0.184530997353061 0.0765507603634286 0.055057148471752 0.0858419911135547 0.133466722389084 0.0396693468936925 0.0265042024150549 -0.113807282014368 -0.0745774568149641 -0.155923637697296 -0.114762127376146 -0.0728154438110076 -0.24728872227536 -0.17206728603107 -0.0802765748981869 -0.11526229106248 -0.13140834715294 -0.380088694820697 -0.488612027470796
-9999 -9999 -9999 -9999 -9999 -9999 -9999 -9999 -9999 -9999 -9999 -9999 -9999 -9999 -9999 -0.0711758392979479 -0.0825203241468821 0.105938467132322 0.186522929556567 0.217360505039855 0.148775586654185 0.163851559109066 0.133944578264735 0.178447472037628 0.188495431753013 0.0778888485766954 0.0555953196221003 0.0236960447638777 0.130279942729199 0.0145448693856798 0.0814559563640386 0.112877074373845 0.0824161699920093 0.0743161543319013 0.0570213395393337 0.0193595677432723 -0.0738641748952728 -0.172154291041345 -0.231863310348383 -0.167357964593276 -0.0909102781085857 -0.0541317144002359 -0.142149490726292 -0.0783018068273392 -0.106712867739877 -0.0960947209274287 -0.130398211854803 -0.186415604670373
-9999 -9999 -9999 -9999 -9999 -9999 -9999 -9999 -9999 -9999 -9999 -9999 -9999 -9999 -0.0214950701342954 -0.111828472898856 -0.0215337814699808 0.0738135543109788 0.201356778132214 0.187601126037974 0.152931878715018 -9999 0.241893616485749 0.213982058562521 0.208787943009058 0.080487252429477 0.0668208116538325 0.000781145438558814 0.191515024252763 -0.00138478013309766 0.169470563397065 0.162768871891275 0.139731189531197 0.0627029141283234 0.00722931080319354 -0.00427898827354845 -0.200952078938954 -0.20079553856161 -0.223464334386859 -0.208234089898693 -0.147548151733329 -0.0676265177159167 0.0051089686649991 -0.084483134938951 -0.0457583373244471 -0.153288224645971 -0.154178529354929 -0.160944290992439
-9999 -9999 -9999 -9999 -9999 -9999 -9999 -9999 -9999 -9999 -9999 -9999 -9999 -9999 0.0234477936048624 0.0432879282782082 0.0437888435133209 0.0538955459010776 0.133022049178641 0.097053632972483 -0.0114518164010576 0.226374026974838 0.323420417288759 0.280543564390519 0.211208581653928 0.102289425016624 0.0400829137499816 -0.0144623731527042 -0.096687525851491 0.0522418586616039 0.107274471890747 0.169366478507683 0.142508915809657 0.166140686063849 0.0870150961692927 0.0756661583604886 -0.121167447397415 -0.085324728321353 0.0246344265686315 -9999 -0.035713800369915 -0.0145759525072933 -0.0718904208236773 0.0134173380849782 -0.192544754364415 -0.267673330676314 -0.241031532724668 -0.21755019663236
-9999 -9999 -9999 -9999 -9999 -9999 -9999 -9999 -9999 -9999 -9999 -9999 -9999 -9999 0.215264633311061 0.20044986848854 0.139157530129665 0.135960380708867 0.197227430005154 0.139254852426639 0.197749781866424 0.158101662168923 0.212600804918165 0.190393957839025 0.13946518083201 0.0999577098715498 0.0910737161715114 -0.0614854855791893 -0.0771039009684778 -0.0137368465201263 0.114038714602183 0.181891618982186 0.227042782710738 0.0759218718256989 0.0472355958433234 0.0637583360415682 0.0357961162884796 0.0574323786756752 0.0158264384914619 -0.022651096646789 -0.121982891118725 -0.0896079306817726 -0.140991315915146 -0.0986620064046677 -0.469931341712275 -0.197633027653426 -0.193926024651546 -0.173191011741457
-9999 -9999 -9999 -9999 -9999 -9999 -9999 -9999 -9999 -9999 -9999 -9999 -9999 -9999 0.163967517188879 0.186885343608776 0.1562642773991 0.184944696915626 0.14980724039659 0.19881968463155 0.26264218989592 0.211142374065103 0.223348623566112 0.140184873854684 0.0774761931688832 0.0957577435256363 -0.0436018547981951 -0.0227736413629078 -0.119778673492359 -0.0913136806202885 0.13572711522587 0.153822301937376 0.222335957453285 0.0300601235162025 0.0361642207298649 0.0751251591158161 0.0264799789568692 -0.0118009629898445 -0.0161164914827522 -0.0707770745584381 -0.0865801428310603 -0.138968373549527 -0.159032851649916 -0.0957042876405664 -0.305972468385303 -0.0869890181786906 -0.150258660665132 -0.127005877844449
-9999 -9999 -9999 -9999 -9999 -9999 -9999 -9999 -9999 -9999 -9999 -9999 -9999 0.109968836834641 0.155735985938416 -0.167213782618154 0.161233774451592 0.138180782255775 0.244200099721703 0.23107921477706 0.224582639499537 0.222320002333976 0.207888109179064 0.279492777873198 0.06461562932606 -0.0988417878588391 -0.0334723903838128 0.021150510966101 0.0594170878527834 -0.152812630125267 0.0205146120728441 0.0319694489043475 0.179227900917082 -0.0118990423257196 -0.0211595709858071 -0.0513790505732723 -0.0182399454438054 -0.153147536584183 -0.130991960161789 -0.0141496520823174 -0.117088813979688 -9999 -0.204443119149903 -0.117702953558935 -0.144139582552288 -0.344630342946992 -0.0880383736073802 -0.088992688246056
-9999 -9999 -9999 -9999 -9999 -9999 -9999 -9999 -9999 -9999 -9999 -9999 -9999 0.0916233039678381 -0.04415554461395 -0.0659712674058665 0.112498646793016 0.18423757661129 0.255222122590464 0.260787903832923 0.212679802258877 -9999 -9999 -9999 -9999 -9999 -0.0922186265951165 0.0207097901248298 -0.069750583962337 -0.189364888305512 -9999 -0.0604011393554446 0.152425874585558 -0.0780721818504351 -0.108967701999817 -0.0672587410383635 -0.166627913569605 -0.211650163348381 -0.0336848712597829 -0.079752100489317 -9999 -9999 -0.157959254760576 -0.119167740678284 -0.094198077228295 -0.331030687299692 -9999 0.00601435242061405
-9999 -9999 -9999 -9999 -9999 -9999 -9999 -9999 -9999 -9999 -9999 -9999 0.140814309031155 -0.00758660472033044 0.00157369783219263 0.0144425883842164 0.155540610029604 0.169748386728914 0.0875826353616855 -0.00548369655045189 0.0732354158606619 0.0332736372047339 -0.0641308057354461 0.0348658855620005 0.00303699392889574 -0.00186575929328955 -0.0916337626337891 0.0674146201692214 -0.129529245950442 -0.137131082077898 -0.133637769835071 -0.146443585484847 -0.156043119616105 -0.172800936601722 -0.0841023432279193 -0.0387218118071712 -0.0834823457233748 -0.164440038155452 -9999 -9999 -9999 -0.240247757482144 -9999 -9999 -0.0561504334144856 -0.240723720938661 -0.344504151311623 -9999
-9999 -9999 -9999 -9999 -9999 -9999 -9999 -9999 -9999 -9999 -9999 -9999 -0.00906795940213662 0.0934084409141617 0.0538345082324308 0.175361410574764 0.118719954168491 0.100135975843179 0.0124950916660809 0.00147138193636977 0.18094475952161 0.13855578431728 0.0350296044237676 0.0758878087343363 0.0959141516002388 -0.0148787084016993 -0.0310078529713311 0.0457800097676238 -0.10261152728573 -0.107997857912666 -0.0182191204415331 -0.0458478693227428 -0.0853909249423876 -0.0804129271987007 -0.193209202048108 -0.0751422376641516 -0.0519456900405139 -9999 -9999 -0.113076730462469 -0.113099137962882 -0.158669577912975 -0.321749944803433 -0.393451245918244 -0.471630697150666 -0.258790891641367 -0.266089918554696 -0.275414538762503
-9999 -9999 -9999 -9999 -9999 -9999 -9999 -9999 -9999 -9999 -9999 -9999 0.131418263542317 0.106251352515136 0.0327143313373487 0.0859384053363526 0.0853669623827318 0.0414913607607323 0.0652262566780089 0.0950961490657734 0.14424542639638 0.172859458109285 0.10767290894977 0.056389955191104 0.0881429129917162 0.0652603089674176 0.0678152243098664 0.0772030471207412 0.0249989317851409 0.0236694717330611 -0.0366171926731768 0.0169758862423009 -0.0521978482187436 -0.0687820887935036 -0.302912398341308 -0.0502381078126101 -0.0341541351072516 0.0236365777662808 -0.15696955043535 -0.0985937589624085 -0.0216428352955471 -0.187213412360342 -0.362386680303014 -0.42039139287813 -9999 -0.251068476484517 -0.22030938959539 -0.199987754043485
