data/rasters/s5.05.07.cu.1_xyz_08_.asc
NCOLS 100 
NROWS 100 
XLLCORNER -4 
YLLCORNER -4 
CELLSIZE 0.08 
NODATA_value -9999 
[rows 21 to 41 of 100, columns 0 to 47 of 100]
-9999 -9999 -9999 -9999 -9999 -9999 -9999 -9999 -9999 -9999 -9999 -9999 -9999 -9999 -9999 -9999 -9999 -9999 -9999 -9999 -9999 -9999 -9999 -9999 0.39217692535512 0.339501871667504 0.358904222371457 0.203612133049976 0.206592055011674 0.167762948530988 0.0822851109496884 0.0770028303155402 0.107460305594799 0.0805608160111125 0.172630002651641 0.247026385876758 0.211753007205921 0.222208222176278 -9999 -9999 0.23548738771758 0.0601336925074071 0.0032506176071435 -0.076267112618776 -0.186651613605262 -0.16663653142749 -0.2177021324506 -0.193591944177473
-9999 -9999 -9999 -9999 -9999 -9999 -9999 -9999 -9999 -9999 -9999 -9999 -9999 -9999 -9999 -9999 -9999 -9999 -9999 -9999 -9999 -9999 0.294927407593038 0.261984520245325 0.328932608165658 0.389032632751839 0.291645331742625 0.186988728848168 0.15066457408457 0.181622388051145 0.157676414571547 0.201057806820706 0.139736328390866 0.323947132247845 0.212541407075181 0.276065687418424 0.195847214759842 0.166842599223053 -9999 0.226038000309747 0.272350419295106 0.0435652186467127 0.0382317602250493 -0.0514340498826618 0.0361380687773146 -0.173720319673029 -0.12517825711614 -0.15735545315474
-9999 -9999 -9999 -9999 -9999 -9999 -9999 -9999 -9999 -9999 -9999 -9999 -9999 -9999 -9999 -9999 -9999 -9999 -9999 -9999 -9999 0.280290100231592 0.292398473320086 0.299686491960497 0.29988649493061 0.323365232800374 0.271791480420734 0.178206092489157 0.0971987940497532 0.131452633243917 0.179894492451189 0.23550500402834 0.32005218127968 0.320360984062411 0.240189274385978 0.123525265163526 0.148188380538774 0.144440777835578 0.128428408486639 0.174230012246511 0.257977708734572 0.264435487733225 0.214472264366923 0.058480589186153 0.00435800637025776 -0.0720005485714364 -0.162048321696914 -0.0840812221890883
-9999 -9999 -9999 -9999 -9999 -9999 -9999 -9999 -9999 -9999 -9999 -9999 -9999 -9999 -9999 -9999 -9999 -9999 -9999 -9999 0.376444455191833 0.305852600069531 0.361352441408305 0.315865367141036 0.27230256824529 0.33411884897125 0.145751763174556 0.221288170761873 0.114160865086504 0.109898152319925 0.156374959606625 0.28767661411595 0.20855774116232 0.192936797173816 0.195007211913604 0.147465508651107 0.110200395063121 0.132878455670462 0.155575044205562 0.171446816764681 0.192198425694664 0.233186919117081 0.234783143219282 0.21323095285402 0.160762732911844 0.13149274831733 -0.0726148190659522 -0.112385893527336
-9999 -9999 -9999 -9999 -9999 -9999 -9999 -9999 -9999 -9999 -9999 -9999 -9999 -9999 -9999 -9999 -9999 -9999 -9999 0.2634551580975 0.321137632104417 0.324737652786778 0.3851879853027 0.317621007759456 0.258809454401551 0.123247164207141 0.0903770029311525 0.0885807566397024 0.0126898189579214 0.0891954340226712 0.181137834654905 0.129005817761634 0.134458527320644 0.122270504846503 0.117490945581864 0.173927291939813 0.207976542409589 0.217449809485943 0.202433417305189 0.233877680446976 0.205987591665425 0.279975668227343 0.266923658980995 0.171131245379338 0.0927851652185205 0.0959877169006637 0.136710126784814 0.171201756371819
-9999 -9999 -9999 -9999 -9999 -9999 -9999 -9999 -9999 -9999 -9999 -9999 -9999 -9999 -9999 -9999 -9999 -9999 -9999 0.329627537847865 0.352924821448517 0.37387511175767 0.410700667012043 0.222282679334301 0.245852763642954 0.0941187019773937 0.0376466156576798 -0.0270612975426054 0.0351499765815175 0.110480202351048 0.137351632596019 0.12724966761436 0.113917882615724 0.10071679024937 0.111075678180745 0.183847535770465 0.242003270519252 0.285530279490142 0.266143364054175 0.243112066791961 0.255793810614027 0.280379253500817 0.204704472941933 0.0983232913502717 0.0824124255813331 0.0240345358410987 -0.000439719208326125 -0.00823673759116395
-9999 -9999 -9999 -9999 -9999 -9999 -9999 -9999 -9999 -9999 -9999 -9999 -9999 -9999 -9999 -9999 -9999 -9999 0.266580910173009 0.31120234386838 0.408985096828706 0.284063566989295 0.234417841781485 0.125583028408746 0.121408043029707 0.00571482944192297 -0.0335996219212011 -0.0217445953815076 0.0202263447069432 0.0652243654325601 0.092087135494506 0.0752765032133802 -0.00309792802518467 0.160011239703427 0.152876996839678 0.171614771223101 0.274599644451807 0.279352900550744 0.216396378127013 0.214928165717053 0.290282196069157 -9999 0.183519364118434 0.118580327775537 0.103134475255566 0.0165678845906729 0.0385993094453583 0.0373432949651301
-9999 -9999 -9999 -9999 -9999 -9999 -9999 -9999 -9999 -9999 -9999 -9999 -9999 -9999 -9999 -9999 -9999 0.248209383889318 0.244948490303037 0.261843066665631 0.340814963300505 0.143426423926156 0.114850237465276 0.0268965064585635 -0.0381490779232146 -0.0558710218476722 -0.051689725931229 -0.0673676677194052 -0.012573492701621 0.0162622925602891 0.0981623666999867 0.0672944973413574 0.0913516954137683 0.157574489232561 0.186806340498114 0.216410276565064 0.250028884704305 0.248045953938597 0.192279012199417 0.223474805866529 0.267393204666542 0.164364210825215 0.237068190512054 0.155913381729202 0.084483753157108 0.0536675623004248 -0.00808144310099571 0.00564199171621434
-9999 -9999 -9999 -9999 -9999 -9999 -9999 -9999 -9999 -9999 -9999 -9999 -9999 -9999 -9999 -9999 -9999 0.210417680487954 0.24499747121235 0.275566755488687 0.326612314575501 0.120809158862125 0.0694147781977607 0.0644155706677525 -0.00952941251960654 -0.0552179092044069 -0.0334668814657045 -0.0185163055672122 0.0225840477424363 0.043754981234688 0.134753721909804 0.167399997449301 0.201220531164844 0.22113094561613 0.271285486343 0.245175651442658 0.170802121271092 0.153339666505833 0.173269114364862 0.172355724809278 0.0989534249634523 0.181083847785001 0.224096080793974 0.197343166361038 0.129454064946173 0.0725112055874722 -0.00432970744098952 -0.0384114588942961
-9999 -9999 -9999 -9999 -9999 -9999 -9999 -9999 -9999 -9999 -9999 -9999 -9999 -9999 -9999 -9999 0.111606011423724 0.222008353930134 0.246519292999399 0.149190484663465 0.274519179941582 0.235916126971777 0.14561197181988 0.186450165146515 0.11172445734897 0.0147285454751428 0.00835750279382688 0.00364556177554047 0.0572576672117285 0.0999138560018333 0.199158709586124 0.216935611076835 0.276518937760473 0.340985593052314 0.145434765566147 0.107934807234747 0.0976390234502047 0.0700849721933423 0.100239480358632 0.1292688515486 0.0862338391245812 0.14121466789351 0.239547328794311 0.184157141213876 0.104865960707969 0.148469340930487 0.077635590908588 -0.0326480193279112
-9999 -9999 -9999 -9999 -9999 -9999 -9999 -9999 -9999 -9999 -9999 -9999 -9999 -9999 -9999 -9999 0.124721746919863 0.157983863915739 0.12764554736035 0.0877530037430091 0.191703005189877 0.141559899752697 0.217895016338939 0.152741083087354 0.0839164151258038 -0.0500584513797216 0.00805941734141533 0.0542499550816584 0.0816577558370871 0.248117133458565 0.251705413730332 0.234770698054996 0.297055413184846 0.336757836954382 0.311604311977278 0.138475727105337 0.122544682025283 0.0560641123006446 0.0528948434283885 0.0788652764752528 0.100257563530375 0.138452903967791 0.211249169134105 0.0819865149511634 0.0964092103877513 0.181670342833189 0.146801229403287 -0.0660404886708237
-9999 -9999 -9999 -9999 -9999 -9999 -9999 -9999 -9999 -9999 -9999 -9999 -9999 -9999 -9999 0.0956899348879004 0.0579389542059201 0.142968139069536 0.0623714999953711 0.132101317698136 0.160050789101742 0.138024073288169 0.170839488299984 0.174530602266807 0.116042460516294 0.0955539149365018 0.149545399391168 0.196330617136652 0.167416073270777 0.160577329135219 0.226096780137814 0.208541383058942 0.250633362149918 0.309785170732605 0.122305568074702 0.106933861543468 0.0590570702018705 0.0536395838412872 0.0417707862794476 0.0807387152903932 0.074865787019464 0.138184199487434 0.141519574621193 0.072265130889731 0.0786243608887662 -9999 -9999 0.224914099503768
-9999 -9999 -9999 -9999 -9999 -9999 -9999 -9999 -9999 -9999 -9999 -9999 -9999 -9999 0.00942218919463518 0.0376288141693121 0.0484053038309399 0.0716537731942581 0.0901765473014018 0.0280525117928175 0.0713689486509461 0.0160251255642793 0.0992636093018834 0.115150298581996 0.127559775513584 0.0915787773444799 0.30929528940096 0.248851618459287 0.232426638913937 0.197998452598787 0.171365423779818 0.111707470820002 0.134112399122864 0.189576442061091 0.141137544181613 0.11413502111185 0.118761829914008 0.1238272402624 0.119857153730137 0.161863344695211 0.130734028676901 0.0838201278241028 0.151429126479176 0.00896873735717101 -0.0234961604547804 0.0940118885481024 0.130564314961 0.158299214820765
-9999 -9999 -9999 -9999 -9999 -9999 -9999 -9999 -9999 -9999 -9999 -9999 -9999 -9999 0.0280717326021844 0.0622028298995793 0.0672386373638252 0.0343932544661039 0.0653211939789376 0.0768287849382971 0.0102535278047626 0.00512304079251271 0.0453799011233893 0.142846473491257 0.138006601970201 0.152094251700135 0.286290942220871 0.293724356347749 0.316874359099968 0.223379811745207 0.217867541822946 0.109792648989814 0.0667169366741187 0.113832977640288 0.219709374321722 0.238739092130654 0.160574593260795 0.152541010612798 0.151061572224771 0.188178322143108 0.175108556564275 0.086840609311891 0.0275728688500158 -0.00442095534010817 -0.0315585741175862 0.042995794898378 0.057940907500536 0.142223037454577
-9999 -9999 -9999 -9999 -9999 -9999 -9999 -9999 -9999 -9999 -9999 -9999 -9999 -9999 0.0443432711631151 0.0719911225079858 0.0722890045521373 0.068008577574736 0.0827475018478713 0.0527778382403851 0.0216514815445313 0.0456537815245895 0.0778350710032569 0.164872030464905 0.280187513425124 0.236201772035374 0.275335195967224 0.268336920485988 0.273484642604059 0.155872109314972 0.127176249506083 0.142546364384082 0.137216707789609 0.130006783519234 0.203536213898111 0.24739779855043 0.203504769709128 0.227892344240262 0.215380714188625 0.15110324960254 0.0702585503630394 0.0695460881408729 0.0178672122312344 -0.00996168976914453 -0.00789565279819782 0.0325049726171346 0.0290570187374666 0.184210241382361
-9999 -9999 -9999 -9999 -9999 -9999 -9999 -9999 -9999 -9999 -9999 -9999 -9999 0.0246690797369335 0.0516746403169173 0.0926939399648152 0.0874622161540337 0.0860262467588182 0.103200448680675 0.121358260872252 0.112613244871065 0.0882565249474621 0.128967566626384 0.259840128762373 0.292012725642489 0.213179213091403 0.23440367998516 0.203205522035864 0.212801736271808 0.137411000465148 0.120272383197807 0.0612835985876745 0.0897253941956844 0.14757579283289 0.21782520008908 0.153218975437958 0.213550174540288 0.242129889971627 0.23849157276396 0.189197584134683 0.125600055738629 0.0762641392633081 0.0176064576897504 -0.017135998214947 0.0328273712589004 0.0831673433896045 0.107380115114642 0.156591556852354
-9999 -9999 -9999 -9999 -9999 -9999 -9999 -9999 -9999 -9999 -9999 -9999 -9999 0.0651634377686242 0.0706204530442549 0.0800408138982952 0.0748842446947768 0.0655013732621128 0.109796840205051 0.108990607957229 0.164639844322668 0.165450282177774 0.155091419760786 0.191056822584125 0.264947035031055 0.21199900622377 0.214563828394397 0.176447971455916 0.155219164649039 0.101901451515219 0.0779617317954254 0.0813400010969978 0.0970893776862226 0.105990389884236 0.150182784879013 0.166935922491133 0.17339410450789 0.176224902295857 0.279050740688637 0.2192386047099 0.196433530980255 0.134788825953795 0.07668458721494 0.0356714687392114 0.0445284288134077 0.0781569911405705 0.168839751898405 0.187491108638604
-9999 -9999 -9999 -9999 -9999 -9999 -9999 -9999 -9999 -9999 -9999 -9999 -9999 0.0769711857939312 0.0806284999327676 0.0635033741755099 0.112637342900782 0.10792702597792 0.173700745347817 0.167271522568366 0.20151593488371 0.162375899375841 0.154890883212998 0.271713322746092 0.235854211935741 0.219032007512739 0.19030503264207 0.225933717691772 0.175617391047364 0.12691102832837 0.0466379256231261 0.073351510786307 0.0661114480557631 0.114709819242954 0.119848937564331 0.0822319092750728 0.0774242317861877 0.113591626427288 0.234550122288108 0.273932722742421 0.352718181071843 0.234351491412115 0.156537054506455 0.147062340986847 0.120488593178443 0.149640020242984 -9999 0.227246041192292
-9999 -9999 -9999 -9999 -9999 -9999 -9999 -9999 -9999 -9999 -9999 -9999 0.111621374422895 0.0372061233401902 0.0810753909544315 0.0459078099363488 0.078510338304288 0.137273242916155 0.177810874226401 0.257409273352326 0.247195979795797 0.12844159917468 0.179930576493508 0.195342411192225 0.157023171778986 0.148787741367483 0.0933356669339302 0.12781028962342 0.110337416559318 0.130312176023731 0.0928279340744689 0.0950492903089681 0.0720924951551085 0.124357259863028 0.0452303700057463 0.0344963544009213 0.096220669693347 0.157130234573603 0.195180256478846 0.258746091907247 0.323622948981737 0.320083148580689 0.243662110646486 0.258067871726788 0.174103271301625 0.187858212260013 0.127495330874881 0.179372447588622
-9999 -9999 -9999 -9999 -9999 -9999 -9999 -9999 -9999 -9999 -9999 -9999 -0.0612721268818842 -0.0600648056533986 0.0245886818709906 -0.0400814360853826 0.115895179575677 0.11438292868127 0.148569085681004 0.246227193468891 0.250271566379892 0.0875020206426232 0.123597646076244 0.119937713770833 0.0727616983089849 0.106704241931188 0.0687054393414468 0.0686460543727276 0.121906531039955 0.115313662922835 0.135909953808043 0.0910717964201294 0.0570092818956244 0.0555408262731236 0.00225225115755958 0.0708547436635181 0.112057264956143 0.170397120449195 0.236302251258229 0.291176075940434 0.312941615863835 0.131287369746614 0.233343647514684 0.204128717702159 0.177271428967856 0.15041339085854 0.124411532725905 0.199304717196101
-9999 -9999 -9999 -9999 -9999 -9999 -9999 -9999 -9999 -9999 -9999 -9999 -0.0917012261385001 -0.0573332280864416 -0.057266947533265 -9999 -9999 0.0861055016623559 0.153705178395912 0.252144457105176 0.265817702575702 0.131353526486332 0.175543886449262 0.0801208444459785 0.0395737061224648 0.119948516487972 0.140128296297421 0.143449555377921 0.176744154460391 0.181869045571356 0.179360920128752 0.154807052969932 0.0984440684826738 0.0420957574568306 0.0481187207131913 0.0651253337135732 0.1265767259774 0.180845461173419 0.192172427960571 0.152924500095923 0.146340902467156 0.0800994589065099 0.127731990530022 0.192757367970268 0.147784572223888 0.0808557520203009 0.0525472083198847 0.0524513916443694
