data/rasters/s5.05.07.li.1_xyz_08_.asc
NCOLS 100 
NROWS 100 
XLLCORNER -4 
YLLCORNER -4 
CELLSIZE 0.08 
NODATA_value -9999 
[rows 22 to 43 of 100, columns 0 to 48 of 100]
-9999 -9999 -9999 -9999 -9999 -9999 -9999 -9999 -9999 -9999 -9999 -9999 -9999 -9999 -9999 -9999 -9999 -9999 -9999 -9999 -9999 -9999 -9999 -9999 -9999 -0.0834721031631906 -0.0879338422385061 -9999 -9999 -9999 -0.00657214138083066 -0.0175991854934327 -0.00952605957824576 -9999 -9999 -9999 -9999 -9999 -9999 -9999 -0.000596434490513461 -0.0538245240542671 -0.155217893936468 -0.0836782632977904 -0.093920424223854 -0.0614180169197976 0.169541235330606 0.0963260479563699 0.0421631243435232
-9999 -9999 -9999 -9999 -9999 -9999 -9999 -9999 -9999 -9999 -9999 -9999 -9999 -9999 -9999 -9999 -9999 -9999 -9999 -9999 -9999 -9999 -9999 -0.0116260263983083 -0.0452788305222148 -0.122330851947553 -0.0998063927427244 -9999 0.140835386841345 -9999 -9999 -0.0865632540806207 -9999 -9999 -9999 -9999 -9999 -9999 -0.0382252342754775 -0.0341383687290145 -0.00250692238000323 -0.0876238104667789 -0.0908515093282218 -0.15681032280079 -0.123139401096854 0.272239991434645 0.281436622273601 0.127190161413015 0.133950351825748
-9999 -9999 -9999 -9999 -9999 -9999 -9999 -9999 -9999 -9999 -9999 -9999 -9999 -9999 -9999 -9999 -9999 -9999 -9999 -9999 -9999 -0.107614647726413 -0.114901543216256 -0.218310692713969 0.11402626459363 -0.0619086996012085 -0.0192159948230332 0.105568141820171 0.0429649109197906 -9999 -9999 0.031913552107588 0.0931937989814462 -9999 -9999 -9999 -9999 -9999 -9999 -9999 -9999 -0.0393816555307397 -0.0109942176342983 0.0415149192347783 0.0247788723364685 0.103631478677248 0.114094092458466 0.182163701469866 0.155605844493395
-9999 -9999 -9999 -9999 -9999 -9999 -9999 -9999 -9999 -9999 -9999 -9999 -9999 -9999 -9999 -9999 -9999 -9999 -9999 -9999 -0.178721030862671 -0.159681823774077 -0.200095527633826 0.0290101307349805 0.0704836488508267 0.108444939384633 0.192284857400849 0.226764386026642 0.143991187330959 0.0637806858370079 0.0493101963977539 0.0505712806594438 0.0583562729975794 -9999 -9999 -9999 -9999 -9999 -9999 -9999 -9999 0.0751389477967784 0.0436044954443624 0.0960671995787378 0.0682157646359041 0.0869994085419586 0.0926176013207123 -9999 0.276009290469234
-9999 -9999 -9999 -9999 -9999 -9999 -9999 -9999 -9999 -9999 -9999 -9999 -9999 -9999 -9999 -9999 -9999 -9999 -9999 -9999 -0.116510400238921 -0.104125578126333 -0.170964922986903 -0.0114030623303275 0.0498300638429632 0.13080663490879 0.188040813628326 0.166300501613616 0.156657583816057 0.0897642674824409 0.0757909054491215 0.0623015864223298 0.153183925144189 -9999 -9999 -9999 -9999 -9999 -9999 -9999 -9999 0.036300293709403 0.0501763275834291 0.0177468518009591 -9999 -9999 -9999 -9999 0.208366272608234
-9999 -9999 -9999 -9999 -9999 -9999 -9999 -9999 -9999 -9999 -9999 -9999 -9999 -9999 -9999 -9999 -9999 -9999 -9999 -9999 -0.104951807001641 -0.140525094949332 0.00556574701286184 0.223643077614734 0.119719367156516 -0.00910841066635882 0.0545285344751165 0.166206101063043 0.122764458842415 0.0816122555330515 0.0580925535213226 0.0359776005153128 0.0958348835584709 -9999 0.0903133781560558 0.100691774213843 -0.0463437302797914 -0.0513571858071341 -0.0159659257354685 -0.0739879610718543 0.0115550798930806 -0.0138762026898725 0.0101020644359604 0.0643848960004525 -9999 -9999 -9999 -9999 0.213586906236963
-9999 -9999 -9999 -9999 -9999 -9999 -9999 -9999 -9999 -9999 -9999 -9999 -9999 -9999 -9999 -9999 -9999 -9999 -0.157415655687124 -0.170893734772224 -9999 -9999 0.173106589036455 0.186411271490721 0.0527819667292316 -0.00667933614785104 0.0534407036807072 0.207563849561263 0.0329088254714889 0.0492955195874269 0.0344559748694741 0.04672946533537 0.04938416564718 0.112066753333163 0.0720651532746797 0.109632767261899 -0.0116501240867317 -0.0104714141821896 0.193641991882175 -0.0146470921145596 -0.00282241796076197 -0.0290607854923264 0.0345745878150555 0.102781362403293 -9999 -9999 -9999 -9999 0.295069690707072
-9999 -9999 -9999 -9999 -9999 -9999 -9999 -9999 -9999 -9999 -9999 -9999 -9999 -9999 -9999 -9999 -9999 -0.189615747774324 -0.195263025035316 -0.169919080978242 -9999 -9999 -9999 0.128601291300194 0.0469260516399909 0.0812386294727884 0.0210790295995057 0.0931632741569263 0.0552616231430775 0.25848368174893 0.0507232291106014 0.0705023681603878 0.0682031299751067 0.0514201216276557 0.101608229162545 0.0580328733329392 0.0858806316231817 0.0923561121921959 -0.0136619536907432 0.0886422421171321 0.0813393032198217 0.0710754475441783 0.0917308794899628 0.0846782371193832 0.139112573449335 -9999 -9999 -9999 0.0190383761413985
-9999 -9999 -9999 -9999 -9999 -9999 -9999 -9999 -9999 -9999 -9999 -9999 -9999 -9999 -9999 -9999 -9999 -0.101613418909005 -0.186536338781643 -9999 -9999 -9999 -0.0826080065475183 0.10398790789584 0.103867015359536 0.00256326548386909 0.0310497524902496 0.080184465295582 0.145383439109843 0.133353084463566 -0.0182058980379993 -0.0116947327104614 0.0260274993758772 0.037192588629424 0.0437683774372739 0.114163854340915 0.0937000247885441 0.0734821675722974 0.0897357994695518 0.0263003721917578 0.0277436757957215 0.104874627744457 0.16010500596159 0.0819274976197445 0.128314197679303 0.0938550837793648 -9999 -9999 0.100387798180425
-9999 -9999 -9999 -9999 -9999 -9999 -9999 -9999 -9999 -9999 -9999 -9999 -9999 -9999 -9999 -9999 0.0577652876481365 -0.159703077511842 -0.139854131300746 -9999 -9999 -9999 -0.133749341443692 -0.199944200429406 0.0837112744356808 0.021286895245914 -0.0298433298795976 0.0662597971307715 0.0895435324914998 0.0448294735394115 0.0292445736538302 -0.0112904964746473 0.0403835020446571 0.108224690380973 0.00325488698331001 0.119988166296259 0.000290411744103266 -0.0195434046422745 0.0692349268536381 0.015512615910556 0.115733014254936 0.0711071262920992 0.169345064728589 -9999 -9999 0.128970040842703 0.0783772085901356 0.0403365467535952 0.0213491902861745
-9999 -9999 -9999 -9999 -9999 -9999 -9999 -9999 -9999 -9999 -9999 -9999 -9999 -9999 -9999 -0.0895768000161255 -0.0961813953328405 0.0103863076371283 -0.142625147467707 0.0289084947293681 0.0620907671168158 0.0741931651825647 -0.0674912242723803 -9999 0.0234243023415855 0.0297305148866223 0.0200378267388194 0.071275379513727 0.131681520773033 0.102491889884792 0.0354523158769695 0.0434827613567058 0.0628185982013292 0.0928768139732064 -9999 -9999 0.370706854482305 0.356198703808329 0.314159838576721 0.241802110287533 0.166581326217947 0.0620173240695042 0.0704276509986246 0.320550060915237 0.362549244736326 0.192973318890295 0.168220603264312 -9999 -9999
-9999 -9999 -9999 -9999 -9999 -9999 -9999 -9999 -9999 -9999 -9999 -9999 -9999 -9999 -9999 -0.0271987625127267 -0.093686538062005 -0.0514100229251198 -0.10758496689685 -0.02651665737331 -0.0263333033587325 -0.00586462443170165 -0.0531344888744149 -0.0124169138585009 -0.0705389881962904 -0.0260204797428608 0.361689304185147 0.0378956913586203 0.091896366878121 0.135738106873236 -9999 0.0477426241596779 -0.0442582893889343 -0.0367478236978909 -9999 -9999 0.430306061554102 0.366578850819533 0.349259023085777 0.344283294716947 0.270370110775674 -9999 0.214683023866451 0.239245542595784 0.328420324486338 -9999 -9999 -9999 0.0382161912847844
-9999 -9999 -9999 -9999 -9999 -9999 -9999 -9999 -9999 -9999 -9999 -9999 -9999 -9999 0.0228823824557178 0.0272603716329476 -0.0513751144482952 -0.0725001088606856 -0.0432712089956138 -0.0706555504240522 -0.0492627643773561 0.0145478280627509 -0.02489501626603 0.121884839715297 -0.00815584649562711 0.0906948964574866 0.3510221767816 -9999 0.0258299290268686 -9999 -0.0259913860180016 -0.0556767569265864 -0.0229764568742708 0.0415479901732366 -0.0144501321447622 -9999 -0.038065414830117 0.0551512426438103 0.094177420183701 0.0776457784008944 0.0703311968710979 -9999 0.235711827508568 0.215305682344114 -9999 -9999 -9999 -9999 -9999
-9999 -9999 -9999 -9999 -9999 -9999 -9999 -9999 -9999 -9999 -9999 -9999 -9999 -9999 -0.0368957583535227 -0.0335029142337242 -9999 -0.104842083472075 0.00918952778754187 -0.0614798704226874 -0.0737226175825341 -0.0755100630467964 0.0188714975353784 0.126070897581636 0.0641256371368022 0.0608154117015674 0.170312643103127 0.230126429918746 -9999 -9999 0.041801383559269 -0.00856524976221067 0.0101505892019993 -0.00327408344321966 -0.0335398095442192 -9999 -0.00823619702516039 0.0382862496241892 0.0200172901902402 0.0133558512351121 0.0712913163732085 0.196043482276192 -9999 0.292290028416342 -9999 -9999 -9999 -9999 -9999
-9999 -9999 -9999 -9999 -9999 -9999 -9999 -9999 -9999 -9999 -9999 -9999 -9999 -0.207204612137376 -0.0738331500049502 -0.0277479187674007 -0.156709395511769 -0.0655280286609614 -0.0348982387780163 -0.0661140516020595 0.231595413586542 0.243490756639622 -0.0119811237408243 -0.0288504720164675 0.0147428621420053 0.0709232312822371 0.156938266780836 0.133016932458839 -9999 -0.0946250923706283 0.020695558344675 0.0299690064372679 -0.0162807133781116 -0.0335890435124869 -0.0464746685742046 -0.129312414437305 -0.0598488258570791 0.0177719702811891 -0.0201669076608939 0.0699125621076191 0.0127190517514239 0.153055100286543 0.0274079002883486 -0.0381434988941421 -0.0635074321743875 -0.0676185254613971 -0.0332265296794225 -9999 -9999
-9999 -9999 -9999 -9999 -9999 -9999 -9999 -9999 -9999 -9999 -9999 -9999 -9999 -0.177602949094988 -0.143709339124285 -0.0504597809113588 -0.141988471358362 0.00533805318099636 0.116584757490677 0.0602134090984899 0.156271542585498 0.359717952802837 0.0292845294650486 -0.0315647510934887 0.0386893858593878 0.13916889819537 0.142015144030427 0.118902564828056 0.158706106546643 -0.0847782498031404 -0.0596408115708676 -0.0284417584219718 0.00940450568220942 -0.112391913729502 -0.0824992941997913 -0.0235305987642174 0.00427387571722581 0.00922345126787971 0.0232182294141006 0.0809494962294666 0.0357626538303931 0.0597855234683327 0.0235252902334623 -0.035296765974279 -0.0843120184828647 -0.0832285738917064 -0.0783990084018376 -9999 0.0039208776843352
-9999 -9999 -9999 -9999 -9999 -9999 -9999 -9999 -9999 -9999 -9999 -9999 -9999 -0.060773720026017 -0.0615107103680716 -0.0555993875329555 -0.0799621262541566 0.101634373994404 0.0518428358946241 0.00744058209432939 0.00123233442162737 0.0533412657544775 0.0373873887324383 0.00817580262070902 0.0622428794655254 0.125871356257535 -9999 0.156194111753084 0.177454243696203 0.00144067199523015 0.0485852811022435 -9999 0.126898425705927 0.0928951785145834 0.13337985463051 -0.0233859331068561 -0.0088193172152514 0.044889399898531 0.0632643771454264 -9999 -9999 -9999 0.0279232104571812 0.0430690938646175 -0.0392979283123234 -0.0661565859499198 -0.0640544508002476 -0.0813341312361172 -0.0683412501507584
-9999 -9999 -9999 -9999 -9999 -9999 -9999 -9999 -9999 -9999 -9999 -9999 0.0383127252716979 0.179186711875677 0.177345832778345 0.0448102357965281 0.10923518219685 0.106981639034337 0.0806629201354167 -0.0106774844905764 0.0209547327372382 0.0409062154505416 0.0514043683642562 0.000976974179487997 0.138064900535972 0.094448653331757 0.113099772925215 -9999 -9999 0.282690172596999 0.128187178142581 0.0989233760069086 -0.0050388620976365 0.182278156522855 -0.0213272592318764 -0.0323300860012039 -0.00517879234416815 0.0968098346903911 0.150455839648335 0.0378517025020971 -9999 -9999 -0.0505886107859434 -0.10363484258113 -0.110438546359883 -0.114638921576208 -0.0584129020907909 -0.076108828811215 -0.100742385610675
-9999 -9999 -9999 -9999 -9999 -9999 -9999 -9999 -9999 -9999 -9999 -9999 0.0183014275295021 -0.0169007082540077 0.0691667969898937 -0.0854262412282022 0.0468775847434753 -0.0132008529112342 0.120301326393303 0.0832070185637125 0.0521626573897253 0.0505284485064653 0.0102299778463598 0.0243692691185644 0.0444219505177885 0.106111854506194 0.070830664474373 -9999 0.221804868802198 0.188073147491819 0.19449337992526 -0.0485209118080804 -0.0770002793394154 0.186279023084043 0.104320891009422 -9999 -9999 0.0253215866421927 0.0691778439503617 -0.0384116387669576 -0.149822399425412 -9999 -0.0204244262800041 0.0175072190567331 -0.0333542777869513 -0.163232250538087 -0.066744927438752 -0.112630390892489 -0.103979699965019
-9999 -9999 -9999 -9999 -9999 -9999 -9999 -9999 -9999 -9999 -9999 -9999 0.0732802273139822 -0.0340885843399757 -0.0934648121639734 -0.144351738390596 0.0606788699432518 -0.00391792284513885 0.0861889616888171 0.119950351800341 0.144697795763689 0.166973120597294 0.123181228910842 0.103460572535807 0.0569022414700083 0.107240628375406 0.0514575986785178 0.0394261836714538 0.0931316944345425 0.263538525453167 0.254285417861795 -9999 -9999 0.0401884405562321 0.125251000983943 -9999 -9999 0.199847323167547 0.0151961590043828 0.0803975205045965 -0.0307161530256718 -0.0421177050500101 -0.0499830936069745 0.026778743543572 -0.0311697147925469 -0.107624373829116 -0.124561993173837 -0.113638084815009 -0.00411317316250058
-9999 -9999 -9999 -9999 -9999 -9999 -9999 -9999 -9999 -9999 -9999 -9999 -0.00129837864801065 -0.0439354945338487 -0.0329032795460142 -0.0860309736266374 0.00670435331651737 -9999 0.0964012185086581 0.0877343345097368 0.122399096592305 0.14818276482856 -0.0265665808235138 -0.00973594609009198 0.100202908027111 0.0669840672018454 0.104515098240911 0.0790305512603038 0.139295474029844 0.221877570265845 0.203523161106609 -9999 -9999 -9999 0.101663188810727 -9999 0.0464025907193476 0.00917546495021166 0.261318181270844 0.0451158326297588 0.0251064285382517 -0.00916061188504339 -0.0460685548256388 -9999 -0.0688612661081936 -0.00401942692752161 -0.111981803624054 -0.105203298291518 -0.133493962077415
-9999 -9999 -9999 -9999 -9999 -9999 -9999 -9999 -9999 -9999 -9999 -0.100059567216519 -0.0260620115647009 -0.0153402376840853 -0.0831053775161748 -0.1357821106831 -0.129176245416646 0.00197085949967628 0.118373101154239 0.0678326397142519 0.0322561218154979 0.0347461351548104 -0.00654090374433178 -0.0272191093003453 0.127557002509641 0.0241289653907157 -0.00567139691642854 0.202074754665865 0.124334132486375 0.204935667407489 0.0876750651691825 -9999 -9999 0.0627792602085252 0.0773329337895686 0.140342309761382 0.236484309498322 -0.000428798824350741 0.0201178762271846 0.0373997045675945 -9999 -9999 -9999 0.113843232779227 -0.107033274110619 -0.0464438515056338 -0.0790426213869998 -0.0792671612205053 -0.126510849553211
