data/rasters/s5.05.07.cu.4_xyz_08_.asc
NCOLS 100 
NROWS 100 
XLLCORNER -4 
YLLCORNER -4 
CELLSIZE 0.08 
NODATA_value -9999 
[rows 42 to 62 of 100, columns 48 to 95 of 100]
0.123888738872723 0.128736761518544 0.177432247997356 0.220638091804603 0.209453367750017 0.213153674564657 0.0645156694467057 0.0569055214823652 0.00230586507775734 0.210351288156188 0.0471520925694698 -0.0525599285656209 -0.095122259811728 -0.124699912458197 -0.127076446343579 -0.158690722896778 -0.192786546247395 -0.162402224828383 -0.138450397916986 -0.107819046682636 -0.0999318985985771 -0.0653844090564851 -0.205803061675359 -0.238163733407937 -0.288256772573902 -0.214691732353988 -9999 0.0632562432207106 0.0434466808159473 0.0553156923309117 0.0354852133816908 0.011275459271377 0.0279295049076467 0.0729471767107117 0.125937788885022 0.289482652751133 0.366455126530389 0.462567837734472 -9999 0.0598215453734812 -9999 -9999 -9999 -9999 -9999 -9999 -9999 -9999
0.175609413557411 0.14765716109273 0.155942610170129 0.209006808495121 0.22436633918951 0.27156971685314 0.150608591770237 0.151544276460176 0.269351339493709 0.306193483187034 0.124656048702992 0.0596388919359003 0.0317986164540726 0.0333810653279651 0.0327374821220874 -0.14142873389301 -0.23969974690915 -0.188895347738413 -0.161673897774274 -0.0486687066155342 -0.0805774256204303 -0.161498922469267 -0.262581331752357 -0.270890126389731 -0.322715464128007 -0.290161376912031 -0.151852420460705 0.0750148014845836 0.0533066286612735 0.00916266606774061 0.00544937696190578 0.0134114773578285 0.0162515930441932 0.0612860481447372 0.195432262091089 0.272034127031753 0.283906984563161 -9999 0.416674511186056 0.376708293938229 0.240703667747738 -9999 -9999 -9999 -9999 -9999 -9999 -9999
0.125967734536087 0.13069815831624 0.123529215609092 0.134324876164799 0.175077966545134 0.239575259405164 0.334147462842994 0.362020835198442 0.267196109609543 0.235638216589306 0.140185544796236 0.154048976423514 0.175815279274279 0.213794709115359 0.00569556568221022 -0.0513657789611368 -0.167661343291201 -0.120683686202187 -0.0833178790396368 -0.0564639038784545 -0.21611536786872 -0.258898810462689 -0.267335275644077 -0.331285404087039 -0.335875674454425 -0.322446286220957 -0.137735959792346 -0.139203820457994 -0.0240156138660425 -0.0459987342244266 -0.0189293182679777 -0.045851682050905 0.0723223265484097 0.141723997508946 0.213623397641329 0.272294262921095 0.279882040141483 0.28158221685775 0.302530300298326 0.148559775360684 0.0409525077505774 -9999 -9999 -9999 -9999 -9999 -9999 -9999
0.0953099317044811 0.0755752164031055 0.0959555860525434 0.0545225559769802 0.0878833038151363 0.176959201359331 0.219503736159039 0.234107604849268 0.215718247308503 0.205784669053438 0.177142488324173 0.146289678902168 0.153224561036757 0.208656681198553 0.0409362953782174 -0.0068712258904767 -0.0725980130806784 -0.0747254792307578 -0.0543438237066918 -0.141933840216232 -0.222601922690653 -0.26522260640307 -0.291892831312141 -0.365626445788861 -0.346507379068354 -0.331818462805209 -0.162406682897605 -0.0772501241744928 -0.132194618416645 -0.0432989264425777 -0.0496486924431883 -0.0253528277846459 0.0917615963905709 0.205452717045511 0.23468904095726 0.252433119446499 0.298038688153889 0.258597265010304 0.341131923610853 0.0168715035374755 -0.0207606654719989 -9999 -9999 -9999 -9999 -9999 -9999 -9999
0.0925757023786851 -0.0346194162867971 0.0233896967090988 -0.0386977403107674 0.0239680847658999 0.0246562249287077 0.0233585984215028 0.165005557064451 0.262967594821589 0.219248389495548 0.163448549445279 0.168313391024207 0.163815480820207 0.185190552019382 0.0783920496530863 0.00517861687877827 0.00874949662928526 -0.0121192305302552 -0.0909075070837552 -0.171136296953805 -0.196447894867073 -0.206906958176785 -0.249969488277729 -0.307881224088782 -0.255234211094979 -0.2324606048293 -0.167585754633648 -0.108783114542856 -0.082093211014224 -0.0261120827734153 -0.0407467213683919 -0.00109564047772162 0.103323961679907 0.196317930321079 0.258579580077283 0.248592709978347 0.176458931377218 0.163463015495446 0.210795016788169 0.166338152683233 0.0298254410909701 -9999 -9999 -9999 -9999 -9999 -9999 -9999
-0.0255525902184636 -0.100156925937074 -0.114797479676235 -0.075740500684026 -0.020670789493576 -0.0215961100225636 0.0581172706698034 0.199828191944576 0.254507862187974 0.268594457156633 0.173184954754666 0.201268974948805 0.228312409261946 0.221435082866243 0.190294494429982 0.0644295353630665 0.0201834415617796 0.0149819887631957 -0.0109204962587213 0.0166384761504275 -0.0944850469844427 -0.117054830115461 -0.258756672227614 -0.242388914496791 -0.194617637502293 -0.119605886366562 -0.0853210554434292 -0.0511690447875626 -0.0670258662832569 -0.0539594524358869 -0.0788358764124421 -0.0890461679996822 -0.00673197212931738 0.281159745241767 0.257482946235896 0.171121733369928 0.179941996188896 0.100591593480273 0.0950534280154787 0.059132638497625 0.00529796910201508 -9999 -9999 -9999 -9999 -9999 -9999 -9999
-0.0689220056466598 -0.142988449293334 -0.158905789818153 -0.137798403645381 -0.132501014096963 -0.116257008684837 -0.101447339018455 0.203557948679545 0.212741818207002 0.158740591749263 0.176681866573177 0.191710901493421 0.176871926928924 0.187230526255848 0.137544269800552 0.043006051717975 -0.0184847351082821 0.00448689866579975 0.0280402022341653 0.113807819736748 -0.132209264563954 -0.0867868391509707 -0.241238593878465 -0.173041732890271 -0.130600066635295 -0.107350744093923 -0.0684415039424079 -0.0844008676053997 -0.165238127415349 -0.155718803020922 -0.103734751866155 -0.0956135564338151 -0.0490101241130534 0.0324273307310851 0.145579100188788 0.142994386126437 0.0948781232747014 0.066953309000887 0.0857343587403275 0.0423656021422841 0.0242895523692607 -9999 -9999 -9999 -9999 -9999 -9999 -9999
-0.13482059630158 -0.171247560504258 -0.161363907253042 -0.134565619988143 -0.147394186012493 -0.141101821817384 -0.0340139796149301 -0.0614505715834526 -0.0987560584594828 -9999 -9999 0.271322403842083 0.184497611217217 0.0855049970681879 0.100934300845462 -0.0340612069835609 -0.0823689830143987 -0.000459614955336574 0.0341266291538011 0.0471239992970905 0.0822906298588438 -0.10343880667937 -0.174019482849973 -0.0840242050790355 -0.0339870436989101 -0.101817966336187 -0.0947155504475819 -0.111043037740293 -0.21516176196424 -0.146073970754344 -0.14218602465139 -0.0850258150752147 -0.0786569507920819 0.0305970296697006 0.190856262531285 0.171486448755065 0.139935387468084 0.0745038303007261 0.05806565937883 0.0452185018308712 -0.0673588506350419 -9999 -9999 -9999 -9999 -9999 -9999 -9999
-0.147840075648383 -0.150257823886088 -0.123548831926595 -0.0199485143006631 -0.084299900892053 -0.0790603519091684 -0.0858431900836926 -0.129884279316289 -0.166839739889828 0.206052534073475 0.191971382209308 0.188292681928848 0.118203895043844 0.0277053242787778 -0.0193351900480529 -0.112124845398425 -0.020653826160896 0.0328103853170168 0.0500543777860829 0.0536214246946233 0.0910294482105693 -0.00304226747690045 -0.173735181067273 -0.0458424998499502 0.0083564752174249 -0.0151291526000018 -0.0605860037669293 -0.0726256870979207 -0.173706546818029 -0.18504308373703 -0.160076175715793 -0.112402179354628 -0.0806585428110264 -0.0182951878776698 0.177792656914307 0.172920548856653 0.134412321753269 0.102224051303323 0.0970237867622887 0.0646106995998137 -0.0597904955426873 -9999 -9999 -9999 -9999 -9999 -9999 -9999
-0.153327864340728 -0.0942504888366474 -0.104994624567029 -0.0539471682769342 -0.0778627587566039 -0.0607693051413019 -0.0642922669763542 -0.125022297967106 -0.106776684034765 -8.00437756883425e-05 0.109802019966611 0.0517375373558015 -0.0371686496406029 -0.0912774390051656 -0.049939365247124 -0.0774978009748082 -0.0341119286545289 0.0323017728990589 0.0628298742260388 0.0936064713082981 0.124855837065424 0.0495464428447133 -0.00304213589405137 -0.00702109286840128 -0.00101372448222686 -0.0463860124931853 -0.0238470623441297 -0.0560281386864531 -0.118938413300636 -0.248681768031326 -0.227409619502316 -0.205316860577366 -0.180556692211464 0.124905835351454 0.148318485986417 0.0736656055898127 0.0978784470363553 0.088113122573559 0.0577610355573796 0.0744333483606248 -0.0622019453755396 -9999 -9999 -9999 -9999 -9999 -9999 -9999
-0.162187046272408 -0.0622409825147237 -0.0687821335144225 -0.115601349463876 -0.10425159148648 -0.078643361428002 -0.0929439781946355 -0.146890694904875 -0.147463348064442 -0.157101476469828 -0.0429089934752742 -0.0629156578896624 -0.0741348446422949 -0.133501418108458 0.0209628966159883 -0.0904414667171564 0.0267996068541426 0.0761141766655395 0.0491559686734224 0.107719697858403 0.147370519975959 0.121974832180429 0.0563163710508552 -0.0312674289670133 -0.0721624014767671 -0.0593571468147259 -0.0849135419834058 -0.116832537965902 -0.118993061887289 -0.236759206375041 -0.251806877025483 -0.210871015164772 -0.149909959003013 -0.127940497384079 -0.0043242386674495 0.0629893591346947 0.0945188662316709 0.0816692815434196 -0.0204196716377752 -0.0860621000433367 -0.0112690382421551 -9999 -9999 -9999 -9999 -9999 -9999 -9999
-0.184801551583282 0.053116182604098 -0.0176625193209947 -0.0885914475251904 -0.0950906943353765 -0.10830214868661 -0.131404496906612 -0.193669675933487 -0.240385078432174 -0.228860678264768 -0.149054375956556 -0.160385605961099 -0.117317999101348 -0.0943648111153347 0.0828221708561601 0.0215987018565361 0.121107976801891 0.0638643418804409 0.0398056972200861 0.0214474942744758 -9999 0.133349901079131 0.0325302411034873 -0.0586443938440356 -0.0864682183285107 -0.110917801934747 -0.207446791212469 -0.145876301122679 -0.194900447162066 -0.244266807011365 -0.228319239180792 -0.165416288807521 -0.0800235470598571 0.0146138249609985 0.0157136157273847 0.030687820578425 0.184089927150018 0.0631309518983086 0.0451910283276495 -0.0392737916075335 0.306383006999913 -9999 -9999 -9999 -9999 -9999 -9999 -9999
0.00197146168395253 -0.00316383484902156 -0.00016270491475788 -0.0736776750375167 -0.108683657715761 -0.136415770304427 -0.134084488983485 -0.206117026437079 -0.231356183289685 -0.245440381688569 -0.339097371328801 -0.303639768504161 -0.224476421908465 -0.106415215231119 -0.0189835832349905 0.0846375181018007 0.152213558512359 0.0656836570847981 0.0893870593180619 0.193242720618996 -9999 0.118966466417102 0.0071186015779521 -0.053732719656192 -0.0776801567321529 -0.0972701109440369 -0.154039584124956 -0.150056400228263 -0.149350137585015 -0.196696696531593 -0.173418575366487 -0.124266447517195 -0.0917497987838422 -0.0300982615933894 0.0442095778035501 0.119040186668486 0.217853830429795 0.111926948742939 0.163188800294134 -0.0302527857208355 0.334224976763293 -9999 -9999 -9999 -9999 -9999 -9999 -9999
0.0267636323399512 -0.00840343660419386 -0.0148040053901456 -0.0663810945348549 -0.135784594841389 -0.173480847364731 -0.181179955330044 -0.196470070777777 -0.228360612921808 -0.290813195461523 -0.322388394396339 -0.282758081223302 -0.258673262537107 -0.189879696783929 0.0303517887009545 0.064812623339891 0.166743082131918 0.123468293645941 0.112163658537081 0.155856152688384 0.176696557184677 0.140664096851714 0.0490261791144259 -0.0243711527972942 -0.0683651929982337 -0.0919406789789972 -0.0432941008012617 -0.019716578951901 -0.0584387958543359 -0.0181463510773912 -0.0377776812354921 -0.0475846421147886 0.0124058298194183 0.0699700243859727 0.177275079641477 0.273077433840537 -9999 0.00697517247216469 0.0613817672292333 -0.0134806769506482 0.35097541904234 -9999 -9999 -9999 -9999 -9999 -9999 -9999
-0.0359682053838514 -0.0170655141485695 -0.00400719629037653 -0.0700990685726375 -0.110193809669508 -0.173212467212424 -0.194907486575878 -0.182684567197288 -0.249810618904076 -0.249094222388502 -0.303124455719574 -0.308007105066872 -0.257759713995534 -0.221913471567799 -0.0374836932259741 0.0259529371548011 0.187431276043504 0.17005317933803 0.199098417919167 0.156031647882642 0.157783891995449 0.12082717653809 0.136712851565375 0.013865075585922 -0.00416521214769142 -0.00365398841084942 0.00655515591218921 0.0462410515592974 0.0174367389234882 0.0510246062015462 0.0153941082021103 0.0432725868419025 0.0859230387357836 0.209433638997765 0.0204030191766467 0.0333301250647574 0.113086679318217 0.11030096561054 -0.0103181915776752 -0.00985243620111671 -9999 -9999 -9999 -9999 -9999 -9999 -9999 -9999
-0.00307065093958348 -9999 -0.00597346361003022 0.0304789057182105 -0.0829336074475455 -0.171705931279752 -0.226011486860126 -0.273807991724045 -0.323345244585699 -0.363564405231006 -0.28447171435885 -0.229497058623843 -0.200246160918393 -0.0475150002288886 0.073549610814277 0.028904602889429 0.158806863481997 0.143405796344155 0.156530779581617 0.16338429070391 0.187957633209462 0.0980940414166696 0.0894043170668428 0.0476461775838374 0.0249390954937069 -0.0153341209293112 -0.0279382789487128 -0.0207431947707612 0.0468502576034926 0.073547102153361 0.0356699608618771 0.039079630062719 0.0902172267115216 0.0719544289234267 -0.0483031554479524 -0.0374749144496329 0.0621899613885339 0.142748371498213 -0.0456294505141041 0.147897958485312 -9999 -9999 -9999 -9999 -9999 -9999 -9999 -9999
0.0228952453233148 0.0595524654358133 0.0528591870873338 0.0743381828180409 -0.0145773329422575 -0.147723280631455 -0.184714852880146 -0.258584144235835 -0.318384962562736 -0.336951930304649 -0.231368148344064 -0.156854528767405 -0.134812842996987 -0.0289914963313319 0.0353199042217088 0.0914579417548641 0.136526094437525 0.134413152775544 0.136844891721135 0.1719588084046 0.148602136653594 0.072394660940918 0.0515139505141704 0.0489280009805799 0.0571898067562922 0.017316542762126 -0.0109054710552765 -0.010802854586673 0.0571462081938999 0.118308441843623 0.040821166910593 0.0781342690189291 0.0354959327268239 0.0584230664750549 0.0466423214275193 0.128823404311324 0.0992997144786012 0.0874625095153825 -0.102438830329154 -9999 -9999 -9999 -9999 -9999 -9999 -9999 -9999 -9999
0.0161951809473341 -0.0239371013289126 0.0312711176527733 -0.00962468738665234 -0.068469075498517 -0.161929678111275 -0.195872168809951 -0.175984228239062 -0.218432204012306 -0.234168618245084 -0.114815651205988 -0.113946247382622 -0.0371545702310618 0.0140099684354928 0.0560588456173318 0.0441893556673019 0.0521223404919526 0.108925726616018 0.114618454286203 0.148373006668189 0.10394724470283 0.0948399003930107 0.0491356373414816 0.0659585148405489 0.0869678759082216 0.00220108286060537 -0.00540968333147317 0.00695588791666315 0.0770061769881267 0.133255113347378 0.0689063815789804 -0.00228921011861188 -0.0291535599557006 0.0241467399724601 0.0719594237541767 0.0859841979959762 0.0876355598390148 -0.0970740267860323 -0.208172744993438 -9999 -9999 -9999 -9999 -9999 -9999 -9999 -9999 -9999
-0.0204117284977181 -0.030074386777481 -0.0552779889134104 -0.100180316437297 -0.15576817236914 -0.208590230614237 -0.174141955319118 -0.108808596459292 -0.168235482195201 -0.216253007420769 -0.0720070304438417 0.0325406399450853 -0.00864167879629675 0.027408726410584 0.0264130935367889 -0.0301186987715866 -0.0355856040116942 0.000165189250067515 0.000195726383795958 0.0144160195298118 0.00435500530102553 -0.0207190779628292 0.0043732304804566 0.00684949775129159 0.0200883239519535 0.0220881699337383 0.00768479092260096 0.0415934258409276 0.0603614635119278 0.0458664651549202 0.0327466864869072 -0.0330374705834458 -0.0379115567561618 3.40851067702597e-05 0.021033976717029 0.0332715495177026 -0.00167227404836345 -0.15063206858301 -9999 -9999 -9999 -9999 -9999 -9999 -9999 -9999 -9999 -9999
-0.0389632990249155 -0.0559451898832613 -0.113794177161089 -0.131061900881485 -0.155280430121684 -0.148038487292239 -0.150787193741031 -0.0935531483554696 -0.0593048145182329 -0.159360992492957 -0.0886877181606728 0.0058795569673473 0.017618722338694 0.0676230088534002 -0.0427646360039038 -0.108184944332977 -0.108203354196565 -0.0857826043288627 -0.110506217610377 -0.0476281802273085 -0.0650257631177682 -0.268324529359803 -0.0614729360503424 -0.0737861628323689 -0.0386204493539534 -0.00224130393190747 0.0120630098425297 0.00486019454330093 0.0279880725615522 0.0404674921330772 0.0498964103762606 0.0132093509997546 -0.0297023385763171 -0.0166581712404378 -0.0190871326728455 0.0269501654602305 -0.0564308878891568 -0.158896650541335 0.00843075826390904 -9999 -9999 -9999 -9999 -9999 -9999 -9999 -9999 -9999
-0.0755533463983168 -0.086139266083916 -0.0856252734651947 -0.0884120861768858 -0.137823902720565 -0.115365655650406 -0.157783395309602 -0.0913404027593782 -0.0157205556547338 0.00383785555008184 -0.00473366257432944 0.00313152722915675 0.0186941580679682 0.0187606967167672 -0.0885794245408031 -0.161880009728713 -0.178526168933063 -0.236935224956305 -0.254176067030772 -0.252398615992161 -0.218196907922298 -0.286039063777148 -0.170391476813825 -0.121768135256017 -0.12271306288723 -0.0124806789647339 -0.0320125478153053 -0.0464274542717139 -0.00386529687761677 0.0307689905076991 0.0557412430966132 0.0777441905192561 0.0462080701228258 0.0277337643722187 0.0239778821654848 0.0236658184592518 -0.0113232927343967 -0.00664023111064417 0.0424332342113172 -9999 -9999 -9999 -9999 -9999 -9999 -9999 -9999 -9999
