data/rasters/s5.05.07.cu.3_xyz_08_.asc
NCOLS 100 
NROWS 100 
XLLCORNER -4 
YLLCORNER -4 
CELLSIZE 0.08 
NODATA_value -9999 
[rows 22 to 43 of 100, columns 0 to 48 of 100]
-9999 -9999 -9999 -9999 -9999 -9999 -9999 -9999 -9999 -9999 -9999 -9999 -9999 -9999 -9999 -9999 -9999 -9999 -9999 -9999 -9999 -9999 0.104895401054037 0.141570808388165 0.191582871743899 0.26191650001541 0.131664169415282 0.000530576363993696 -0.101001638058642 -0.0538853745474903 -0.0575858120695458 -0.0611966642788591 -0.0917115737235412 -0.122468921146042 -0.0381184227344908 0.0292123019947504 0.0755022901297704 0.101278840145758 0.155717103468867 0.113659398066034 0.0820961357568747 0.0142890718096131 -0.0164943212867944 -0.0425308724274977 -0.161888972041318 -0.214155838224863 -0.235403000427777 -0.251137635061549 -0.260559114604858
-9999 -9999 -9999 -9999 -9999 -9999 -9999 -9999 -9999 -9999 -9999 -9999 -9999 -9999 -9999 -9999 -9999 -9999 -9999 -9999 -9999 0.0682244744135172 0.0226322973260029 0.073736226837453 0.252566709957231 0.251627513948891 0.098773986185642 -0.0316342003551033 -0.0484414864920982 -0.0756113763933132 -0.0167183626176918 -0.040286312235374 -0.0025766231785575 -0.0475398929107865 -0.0622145093841143 0.04001430830594 0.0283948727281647 0.076004640446774 0.0986353557974515 0.0877040419209593 0.0622689526919703 0.0398358188193567 -0.00678271352243864 -0.255302788910079 -0.231999335426939 -0.245399428069797 -0.271816760093379 -0.304490185350829 -0.226604664688693
-9999 -9999 -9999 -9999 -9999 -9999 -9999 -9999 -9999 -9999 -9999 -9999 -9999 -9999 -9999 -9999 -9999 -9999 -9999 -9999 0.0942775691010343 0.0848972129067161 -0.0062453950256295 0.0847513980504956 0.0796406125156246 0.177176685432433 0.0495767152722227 -0.0490467574531992 -0.0600783484495855 -0.0820244530068362 0.0213695177315807 -0.00784163685482587 0.00674163256696376 0.177060720639299 0.118333712067745 0.00472406123820453 0.00122899235255095 0.013481207455648 0.0610728297003797 0.0562780030438233 0.0340729300797712 0.00227607929717984 -0.0192391641360316 -0.237350717473663 -0.111494275714303 -0.204817317213831 -0.249721991262773 -0.306727419799748 -0.246032140938367
-9999 -9999 -9999 -9999 -9999 -9999 -9999 -9999 -9999 -9999 -9999 -9999 -9999 -9999 -9999 -9999 -9999 -9999 -9999 -9999 0.0721243986029015 0.0438962638883668 -0.118400376365516 -0.267541767750732 0.0346049614575633 0.0632796668776493 -0.0920631282414059 -0.137758673975161 -0.0550489097260505 0.0436244874783017 0.105506027690229 0.00664647224466957 0.0168000990633914 0.159379165991918 0.131974786924129 0.0280885717109937 -0.0351708489596169 0.00174813732322204 0.0982125515854497 -9999 0.0675255482574526 0.028346592550514 0.00805654621140524 -0.0258375563006358 -0.0689112042073593 0.045272404971025 -0.127656949850953 -0.158458771687438 -0.237684931210827
-9999 -9999 -9999 -9999 -9999 -9999 -9999 -9999 -9999 -9999 -9999 -9999 -9999 -9999 -9999 -9999 -9999 -9999 -9999 0.130529586087437 0.118999795854018 -0.0619988160101221 -0.220932379704482 -0.213301158462854 -0.243158623813156 -0.232632487331284 -0.12000945581447 -0.039970491903716 -0.00816514968286731 0.0322345967707739 0.0946564451723826 0.0760507049660603 0.090520902898337 0.0514609035931475 -0.0342275983772514 -0.0606162369559737 -0.0446020168816838 -0.0636139960676568 0.126232341754256 0.026940283415758 0.013585063214671 0.0334634613797827 0.0451703663211538 0.0411894049629284 -0.155470061691344 0.0889655410980491 -0.0876268351898692 -0.106916572336857 -0.0384741081323695
-9999 -9999 -9999 -9999 -9999 -9999 -9999 -9999 -9999 -9999 -9999 -9999 -9999 -9999 -9999 -9999 -9999 -9999 -0.170698731968943 -0.0252316573709937 -0.0199985212919533 -9999 -0.212782205817672 -0.175362957418244 -0.244898975739119 -0.239761995779322 -0.195548449717503 -0.106275038704703 -0.218585573742669 0.0373412894675762 0.0763687725310585 0.0340251573263588 0.0932521156413433 0.163565208974129 -0.0290962907187425 -0.1175768613099 -0.159041465802649 -0.203087868951348 -0.201767122071549 -0.0936346965303227 -0.0540185001089513 0.0324110601899904 0.0536245635563685 0.146149100393092 0.10858666716492 0.136335937046215 0.0598069973837679 -0.0174411537276562 -0.101640515877976
-9999 -9999 -9999 -9999 -9999 -9999 -9999 -9999 -9999 -9999 -9999 -9999 -9999 -9999 -9999 -9999 -9999 0.0793579255290829 -0.251152952072215 -0.200488583856829 -0.149232038464253 -0.15115173509075 -0.161654457199978 -0.175016465069539 -0.180268390623324 -0.222955286268704 -0.192021112637668 -0.188937126825037 -0.185918125457194 -9999 0.0132121599727865 0.0323473546046319 0.0911614918979247 0.0214873920690493 -0.0815926019213808 -0.167139050219783 -0.216384599642375 -0.231339762974058 -0.154895462978242 -0.0714301099276801 -0.0431181247995297 0.0917595113006632 0.134841059398724 0.316228774683682 0.18490114616953 0.195509691647737 0.15493525360066 0.00019952942002117 0.0198778109801402
-9999 -9999 -9999 -9999 -9999 -9999 -9999 -9999 -9999 -9999 -9999 -9999 -9999 -9999 -9999 -9999 -9999 0.0882505938668293 -0.151687622326384 -0.127636022380907 -0.181278697250334 -0.18594131264382 -0.258122644319615 -0.204515394366177 -0.209944306700363 -0.265537726314765 -0.224751892995033 -0.134773818057775 -0.101163888600025 -9999 -0.00527964324724577 0.0478914292758202 -0.0830476526240621 -0.0523385894838511 -0.184872474135202 -0.200626538820211 -0.190179795960861 -0.205462436203662 -0.110918827902825 0.0338185445162063 0.028488642269054 0.0976266800195531 0.253316042855782 0.347876126482619 0.306820901851593 0.266858782144312 0.156551103754274 0.0330480488388357 0.0508037617243274
-9999 -9999 -9999 -9999 -9999 -9999 -9999 -9999 -9999 -9999 -9999 -9999 -9999 -9999 -9999 -9999 0.158653504575609 0.114583447667514 -0.122256811050618 -0.0904543015066851 -0.0327566174346204 -0.150894557861141 -0.200296702465715 -0.226598192810897 -0.274451693196124 -0.249325187439251 -0.222698589693422 -0.175960602919725 -0.0412663064064065 -0.022997688533937 0.0571411421066674 -0.0263322898916332 -0.0506387165646476 -0.14011826425394 -0.226803962045706 -0.275889027154635 -0.27692356078843 -0.221948621916559 -0.119461679844246 0.0419558266014016 -9999 0.159776268443071 0.283085352430641 0.26401299977048 0.339140881823146 -9999 0.184928931783866 0.159411979662563 0.0996421303734717
-9999 -9999 -9999 -9999 -9999 -9999 -9999 -9999 -9999 -9999 -9999 -9999 -9999 -9999 -9999 -9999 0.116678668124349 0.0788915848339335 -0.0170910826407309 -0.0105375923592246 0.00212743382743249 0.0816323202026709 -0.177445154465304 -0.136637250299901 -0.162120132985842 -0.148730139628916 -0.0749133521408755 -0.0734530411912589 -0.0100607869977415 0.0602959889666988 0.0410488056691863 -0.0887858425043841 -0.101063923004072 -0.0615276828819594 -0.14421447615353 -0.240018967344742 -0.25590111686246 -0.205636386665877 -0.194507042248872 0.382917659418451 0.387324008298599 -9999 -9999 -9999 -9999 0.223098605887196 0.170912305042115 0.11766764589399 0.0814523135706034
-9999 -9999 -9999 -9999 -9999 -9999 -9999 -9999 -9999 -9999 -9999 -9999 -9999 -9999 -9999 0.14608221365562 0.127556042503244 0.0925186560423142 0.0457012600081727 0.0488020449551951 0.1040418658356 0.0514089214405296 0.021036914736207 -0.0558804696837397 -0.085087066598753 -0.0955119017594321 -0.068882929150347 0.0686184609870147 -0.0251921765361204 0.0156805452168695 0.0931902809850027 0.114462527279421 -0.0471660203147935 -0.0577169611419872 -0.114097505805612 -0.119590728781606 -0.138233374335282 -0.143935351819258 -0.0817278182783704 0.0823685168363488 0.0387138770084147 0.176849709685932 -9999 -9999 0.413104686926832 0.289791642521933 0.182081653755554 0.119999428461009 0.0609010564073251
-9999 -9999 -9999 -9999 -9999 -9999 -9999 -9999 -9999 -9999 -9999 -9999 -9999 -9999 -9999 0.129457324448864 0.105562125019103 0.0696141992172257 0.0785914626234269 0.187734680280441 0.224197842600943 0.0560559490121485 -0.0630647903670695 -0.047562428632034 -0.093366447302354 -0.0238952567677642 0.0857629385470432 0.0833278613427859 0.0232986310749478 -0.0635360960587799 0.199262929200134 0.136407935233653 0.0882786867000273 0.0369178688518371 -0.148060635400538 -0.0367184565167469 -0.0102531487386914 -0.0164058744829376 -0.0563627059556087 -0.099523218307159 -0.00418554416034507 0.205060182979689 0.403647256430892 0.392254610132465 0.426313340792148 0.349862703166986 0.242558739360449 0.164709908462947 -0.0654492903181508
-9999 -9999 -9999 -9999 -9999 -9999 -9999 -9999 -9999 -9999 -9999 -9999 -9999 -9999 0.218321852607933 0.180995215720838 -9999 0.0663045004911813 -9999 0.347834851861218 0.166387602363234 0.00951989695046537 -0.00927649122867955 0.0467056588895175 -0.0105222615958042 0.0921143810972365 0.123912468710718 0.273167860452564 0.00497478901650862 -0.0713069313205993 0.226368783691291 0.15607517569243 0.0929028294533637 0.00235541954053246 0.000999345766155384 0.0133029721445065 0.00047428923912295 0.0587789248851898 0.326618472273866 0.169782412582476 0.131598233212271 0.333898824593555 0.367942592123994 0.368449155636768 0.337928795565246 0.273941487149 0.191350950585337 0.0679905711812737 -0.00196680775356059
-9999 -9999 -9999 -9999 -9999 -9999 -9999 -9999 -9999 -9999 -9999 -9999 -9999 -9999 -9999 -9999 -9999 -9999 -0.121933636891153 0.209535807452002 0.165399320469636 0.0957665490571352 0.118478695135885 0.134844732481876 0.266000772370271 0.0242581777076228 0.160924417073748 0.383874223944569 0.357036886490506 0.305597990940831 0.212753968403274 0.1314693220013 0.0669167534815749 0.0500219452786955 0.0855193358398544 0.0579434045826365 0.127733726309379 0.175142269090694 0.207142854789357 0.251432996540227 0.295946413901017 0.407463882443431 0.425049632665971 0.367091556985814 0.281659374556933 0.184946726679534 0.107690320397881 0.0956641923725499 -0.0143252856470857
-9999 -9999 -9999 -9999 -9999 -9999 -9999 -9999 -9999 -9999 -9999 -9999 -9999 -9999 -9999 -9999 -9999 -0.0543772339075145 -0.0564678416057971 0.16700178978 0.216684626014126 0.146745418318159 0.158882922729247 0.261675386595541 0.313543927245607 0.359804907102166 0.393652589859882 0.444676990096001 0.269752900076323 0.251393524239636 0.172560288014316 0.108298659612964 0.0684219246562639 0.0855846111729631 0.126964942133852 0.129309671695713 0.200877558475007 0.201611507237182 0.209545610686378 0.281921919253625 0.319171057213917 0.379069530356795 0.391468166019672 0.315400833261978 0.216265097584812 0.126654825450574 0.0523193481502393 0.0115239414122235 -0.0707496348479872
-9999 -9999 -9999 -9999 -9999 -9999 -9999 -9999 -9999 -9999 -9999 -9999 -9999 -9999 -9999 -9999 -0.0623781284430919 -0.0305906372072437 -0.000991765635531484 0.163279879512305 -9999 0.258495917837822 0.203914307733473 -9999 0.39554420476091 0.36865078316497 -9999 -9999 -9999 -9999 0.0693127590639069 -0.0820773859152974 -0.0531181960614444 -9999 -0.0177337216578224 -0.031005094899644 0.0906415858185359 0.176421043045028 0.258766475396701 0.304039738075261 0.337429282218586 0.364968388060064 0.461616448576201 0.377155723594339 0.224741465561365 0.104770014001195 0.0471892698807636 0.0283752802634448 -0.161202308415726
-9999 -9999 -9999 -9999 -9999 -9999 -9999 -9999 -9999 -9999 -9999 -9999 -9999 -9999 -9999 -0.0485652229341869 -0.0279924947031064 -0.00659530276221564 0.224652642100992 0.0682053971868679 0.225141554841153 0.14370669102034 0.079837092757303 -9999 0.332643531117004 -9999 0.322776294117013 0.273687320480844 0.291912098234558 -9999 -0.00595846336335453 -0.115507113467088 -0.0590661759913493 -0.016083570598007 -0.00354058100899649 -0.0201415761152366 0.11358154177402 0.16577227126096 0.303281845328639 0.350780296828525 0.358281768085936 0.379569195506918 0.296638872761766 0.298097612984335 0.24631127196094 0.122698856604541 0.0305271983052711 -0.0886049747875322 -0.167856737465257
-9999 -9999 -9999 -9999 -9999 -9999 -9999 -9999 -9999 -9999 -9999 -9999 -9999 -9999 -9999 0.093807769767382 -0.0296906747746515 0.0275176831445112 -0.0119697308827216 0.0478710912312049 0.165224972805291 0.0045129749637391 0.00958631926120224 0.0295896311865516 -0.134705760072712 -9999 0.284855077705237 0.254197365279118 0.283843680227733 0.13428469528601 -0.0308167901477172 -0.096358687985141 0.0389936478978668 -0.0580623473799223 -0.0450682810754601 0.021360157136088 0.16736688736017 0.240466649046854 0.290062524767707 0.295833761136604 0.318673831283842 0.385649728675141 0.438228555160509 0.367492012943484 0.320468930690129 0.129127368654492 0.0276382921560634 -0.142193124958403 -0.275239565511303
-9999 -9999 -9999 -9999 -9999 -9999 -9999 -9999 -9999 -9999 -9999 -9999 -9999 0.165165143775743 0.176154091399135 0.0593350917861977 -0.0260436543668651 -9999 0.0093155536007633 0.0125673963374405 -0.043174723243314 -0.0533967887890362 -0.0762275743784534 -0.0610926686179607 -0.182120213503446 -9999 0.245366919766932 0.291892920282025 0.209849070549551 0.0811172698508271 -0.0782975230087502 -0.135017205287524 0.0255652227181674 -0.0789735799027997 -0.00232759199714047 0.163887635399501 0.264374333659661 0.253832065979038 0.267195836613179 0.342927301591767 0.394682808616015 0.399241095653342 0.408375813316634 0.295170155520823 0.304060706242719 0.203808694164902 0.056141668802306 -0.185917582627543 -0.26026642557719
-9999 -9999 -9999 -9999 -9999 -9999 -9999 -9999 -9999 -9999 -9999 -9999 0.266431458473409 0.134931134431895 0.252954748021257 -0.0213301331653679 -0.0274300024264395 -0.0132627403996418 0.0756869350880173 0.031222714150827 -0.0340341977091231 -0.0265536758581286 -0.0842721663266037 -0.154462411968391 -0.112410648016671 0.180226420364251 0.255703365880005 0.208025784022005 0.152986753378264 0.0733212767162426 -0.0526335135099891 -0.0709025428336072 -0.0801889122448681 -0.0435437322730191 0.0810475479881428 0.236388013789014 0.207973922167173 0.388872996825477 0.334687770574782 0.428184116001123 0.488685953958423 0.461673117487214 0.450878421283616 0.444118680200649 0.358128184579597 0.173954516457904 0.00814411980098305 -0.106464469980102 -0.207192334380056
-9999 -9999 -9999 -9999 -9999 -9999 -9999 -9999 -9999 -9999 -9999 -9999 0.172551482259023 0.147027239899123 0.125693520332693 -0.0133471377560906 -0.00868943253426498 -0.0132397472268619 0.0133571472675886 0.118276089646691 0.117410942312933 -0.0199147574124279 -0.0512113651881369 -0.0303770811518666 0.174019693393096 0.122942774804661 0.2343186263302 0.197686892114492 0.125876250049546 0.0387638347308505 -0.0323865520077749 -0.0347668013187816 -0.0269959581208865 0.0844659686416445 0.176237145961754 0.172579057342883 -9999 -9999 0.295141955507014 0.43598027874544 0.465398002830036 0.505727858350935 0.488877549399035 0.468003072495848 0.381940377104735 0.265471791607425 0.152318737997863 0.00691410100800735 -0.138416883415773
-9999 -9999 -9999 -9999 -9999 -9999 -9999 -9999 -9999 -9999 -9999 0.0551624802657011 0.0278155001974316 -9999 -9999 0.0668148018550584 0.0953672826440079 0.0563134089810023 0.0429873801511305 0.128682765616308 0.202810374449793 0.0302214658718819 0.0779449609255452 0.423288886377853 0.250972188747143 0.333456500198076 0.235874279062924 0.21557888031932 0.0724295062035679 0.0266774547300813 -0.0306287257249519 -0.0902806752811141 -0.0513278509074953 0.0920279189541034 0.24962800344968 -9999 -9999 -9999 -9999 -9999 0.561242437516329 0.519659563733887 0.527623036075012 0.532319967132512 0.524748507120024 0.399894018355759 0.284236380331422 0.139665498519799 0.0348601353549756
