data/rasters/s5.05.07.cu.1_xyz_08_.asc
NCOLS 100 
NROWS 100 
XLLCORNER -4 
YLLCORNER -4 
CELLSIZE 0.08 
NODATA_value -9999 
[rows 63 to 83 of 100, columns 0 to 47 of 100]
-9999 -9999 -9999 -9999 -9999 -9999 -9999 -9999 -9999 -9999 -9999 -9999 -9999 -0.301701479843769 -0.294933379605242 -0.267284644724144 -0.230967667771044 -0.174887218014183 -0.183820022063466 -0.271103459632804 -0.274886089051573 -0.287747031482302 -0.296330948016994 -0.228178106478969 -0.124313245417761 0.0234078006308546 -0.026058972041991 -0.0173185161233681 -0.028531677587018 -0.099390046181114 0.0334177629014223 -0.111550156758884 -0.150632691790941 -0.128483751067191 -0.0352837559168669 -0.0904874622884945 0.0127067997482544 0.0947349990891195 0.108843281055822 0.225662343427076 0.159351875510675 0.126733930612227 0.0950011779417565 0.0486093703585517 0.069145974130697 0.163339578797593 0.121830163509425 0.0916573007337858
-9999 -9999 -9999 -9999 -9999 -9999 -9999 -9999 -9999 -9999 -9999 -9999 -9999 -9999 -0.321460503617234 -0.25462852862844 -0.172142592273544 -0.0805226127623854 -0.171803784513013 -0.245437046442339 -0.301444011839034 -0.304493262470333 -0.300328334594203 -0.235567921719947 -0.119106863788964 -0.0234481355947499 -0.029413428620865 -0.0296572411539023 -0.0797380002252032 -0.0743998490252809 -0.130088010526 -0.056038318760208 -0.0329606056327825 -0.0868403065931122 -0.112024456393776 -0.111482104705172 -0.0452360085567203 -0.0276274989284115 0.0505978456363142 0.111929158254093 0.11566085774144 0.0254790018703352 0.048110751678439 0.0208051653111037 -9999 0.158191900685103 0.208072858075261 0.132737665425989
-9999 -9999 -9999 -9999 -9999 -9999 -9999 -9999 -9999 -9999 -9999 -9999 -9999 -9999 -0.318744819419871 -0.0893797713722115 -0.124016556801162 -0.164914126548076 -0.155261400908901 -0.212650708091477 -0.263011721525001 -0.269692802178515 -0.240495289584018 -0.231020266065346 -0.0974348594444314 -0.0355910309922386 -0.0459754876847641 -0.0730502679767662 -0.025958782092387 0.0245134330275404 -0.0137452608236746 -0.0467522193344631 0.0699627198612283 0.022888581562214 -0.0625696161217646 -0.0951237991011906 -0.0889200885502954 -0.092844794142417 -0.010213419990853 0.0236819277517413 -0.0227697877697499 -0.0378182324438837 0.0512039291108983 0.0219454938863922 0.122131839044509 0.0945839116888561 0.147468338729494 0.105793803407644
-9999 -9999 -9999 -9999 -9999 -9999 -9999 -9999 -9999 -9999 -9999 -9999 -9999 -9999 -9999 -0.182057006945271 -0.0957863637141092 -0.228117403411719 -0.0626981257325696 -0.132717445170109 -0.197045857050413 -0.204145946522528 -0.167750140579717 -0.113013274206816 -0.169372855200881 -0.0896728428451531 -0.0606371256633212 -0.0581225517245074 -0.0302528215169531 0.00882316196252435 0.0767024796021834 0.0961611998986794 0.132397693658097 0.0570993780155294 0.0676630726583897 -0.0554655035555859 -0.0670130202791912 0.0456323818372912 0.0694293322087557 0.0327287211200743 -0.0222734613743129 0.00361069555854274 0.0149101476973848 -0.0109943737644968 0.0252821713327621 0.124134582742481 0.0873914990580071 0.0647316054309756
-9999 -9999 -9999 -9999 -9999 -9999 -9999 -9999 -9999 -9999 -9999 -9999 -9999 -9999 -9999 -0.0782911267921652 -0.0813572730831376 0.0141996440129887 -0.0447124353881447 -0.0948137905177781 -0.137452691179729 -0.117131009753296 -0.0726263947731515 -0.0778981797382725 -0.00580085837956033 -0.0385618099037507 -0.056335324968758 -0.0402891393391915 -0.00606782164904475 0.00952581698047478 0.0465292974391474 0.0589873234171154 0.097244525912405 -0.00728021538951769 0.0164595951496953 -0.0325786977205763 0.0162078969920886 0.10844489795716 0.062001512049929 -0.00633854976319076 0.049042287340866 0.125054731256424 0.0196900327678421 -0.0103651582694438 -0.0258859734873446 0.00457372971101632 0.0602350614713282 0.0424734337585015
-9999 -9999 -9999 -9999 -9999 -9999 -9999 -9999 -9999 -9999 -9999 -9999 -9999 -9999 -9999 -0.0636168649948909 -0.0221896855813674 0.0503112250156347 -0.0531558345855763 -0.118308646953619 -0.153530285170373 -0.124638175558058 -0.0452950399719038 -0.0257543516238759 -0.00524687915147038 -0.0543030876470067 -0.0711350825819203 -0.0281383095187885 -0.0025227604575329 -0.00861432901306109 0.0649778020873586 0.0269299545335827 0.0473409267673215 0.0153772723365792 0.0881835831713431 0.000886895840005289 0.0517137006889503 0.0911500337408046 0.143595183645452 0.104926157439159 0.0997299724101301 0.00618649216916722 0.024340881179386 0.0204306230841593 -0.0269693488997224 -0.0319522731876923 0.00362151110192359 0.0379141361684278
-9999 -9999 -9999 -9999 -9999 -9999 -9999 -9999 -9999 -9999 -9999 -9999 -9999 -9999 -9999 -9999 -0.051523895515611 -0.0307901203541961 -0.103714616598036 -0.135356225112037 -0.130448699837104 -0.126657469307164 -0.0872408672850555 0.0232374212219828 -0.0186561499507168 -0.0784825481441643 -0.104197583265004 -0.0958289684958316 -0.067334942231394 -0.0463959113840689 -0.0157052461320385 2.84286357689195e-06 0.0335001633919402 -0.0109449739999821 0.0448142930901726 -0.0622215881676167 0.0394822000771938 0.0652459868190824 0.091847330935476 0.0809806056903268 -0.0520315925944228 -0.00652778304520088 0.0197869683659503 0.000670620931634984 -0.0203227787079567 -0.0539155732661456 -0.0523027249177885 0.0104213638878541
-9999 -9999 -9999 -9999 -9999 -9999 -9999 -9999 -9999 -9999 -9999 -9999 -9999 -9999 -9999 -9999 -9999 -0.0727144443503967 -0.0742149158643431 -0.116024094647685 -0.118430470960806 -0.107560090692657 -0.0475722503165764 0.0101818057535064 -0.0281647895722166 -0.06556293825391 -0.116957062487836 -0.074141680153598 -0.0956964572503271 -0.0693530139453766 -0.0392801739853668 0.00820039372678103 0.0752528403484072 -0.021335787777734 -0.0221038029725224 0.0148313928586034 -0.0179772568896867 -9999 0.0700606270113909 0.0259106404615529 -0.0619465699627856 -0.04703408794397 0.0117257751925223 -0.0200882588523436 -0.0222117706502568 -0.0560737950766303 -0.0158434417754307 0.0348696316424614
-9999 -9999 -9999 -9999 -9999 -9999 -9999 -9999 -9999 -9999 -9999 -9999 -9999 -9999 -9999 -9999 -9999 -0.0513194222107467 -0.086454662318569 -0.0871754649184706 -0.104318838674225 -0.0710131399838659 -0.00423717477482807 0.0300627481776106 -0.0836327938822816 -0.048548498257227 -0.0851455185380432 -0.073361703312541 -0.0456560245027006 -0.067364224265722 -0.0638106735905351 -0.0153264436855818 -0.0615796825374744 -0.0705584970632908 -0.0144308997348116 -0.0285005574656882 0.023707101832941 0.0220188250501953 0.00266212245364319 -0.0624321033646057 -0.0610281801682116 -0.0450288726932361 -0.034435205256035 -0.0408661843605994 -0.0241905476593476 -1.45898963454982e-05 -0.00266880010069751 -0.00471334548009689
-9999 -9999 -9999 -9999 -9999 -9999 -9999 -9999 -9999 -9999 -9999 -9999 -9999 -9999 -9999 -9999 -9999 -9999 -0.120790308814306 -0.122134531154237 -0.11989122253264 -0.049159761318111 -0.0385072599713523 0.023971900078963 -0.0621689101291439 -0.110426707823189 -0.116109920894549 -0.13268853896542 -0.276465561002368 -0.15748621264112 -0.102636945642978 -0.0651272351540929 -0.0761445753471914 -0.037704409245662 0.0116872469385765 -0.00300916198224941 0.0521432806345961 -0.103241455021374 -0.118854712284875 -0.0510620368774935 -0.0750728919386472 0.0235738347797425 -9999 -0.00309715193318412 0.0453473131268246 0.103836221076665 0.0385116750152094 0.0854555035628642
-9999 -9999 -9999 -9999 -9999 -9999 -9999 -9999 -9999 -9999 -9999 -9999 -9999 -9999 -9999 -9999 -9999 -9999 -9999 -0.0911871045047197 -0.0845441007984784 -0.0529960611847936 0.0263709183738124 0.0398547181873866 0.0151782283232707 -0.0850238449085095 -0.118078279191836 -0.116823546392249 -0.26681471794893 -0.217092855208731 -0.126228097153342 -0.115738443547833 -0.110141359716439 -0.108495613043053 -9999 -0.0982455941433551 -0.0759314770458866 -0.0997718273738949 -0.123638584819299 -0.00325010951906506 0.000501998612673461 0.03312476187229 -0.12943723215456 -0.0660207528341381 -0.0230383721603522 -0.0165832472677757 0.12218136160896 0.0618343555183673
-9999 -9999 -9999 -9999 -9999 -9999 -9999 -9999 -9999 -9999 -9999 -9999 -9999 -9999 -9999 -9999 -9999 -9999 -9999 -0.0963729553265834 -0.0165887379481068 -0.0370401626907997 0.014786710729301 0.040710254751262 -0.0308890399266979 -0.106747760179195 -0.138797749329514 -0.122208236176768 -0.173214170054354 -0.205288382522013 -0.168307593782214 -0.125842433080425 -0.149111958133035 -0.112615416476111 -0.131899280144036 -0.115031734784987 -0.0970714537354892 -0.233099623514128 -0.160498070694297 -0.203744196180211 -9999 -9999 -0.237639705273257 -0.242679851149815 -0.135589106875518 -0.0650820703532624 -0.105136445955118 -0.17074269477121
-9999 -9999 -9999 -9999 -9999 -9999 -9999 -9999 -9999 -9999 -9999 -9999 -9999 -9999 -9999 -9999 -9999 -9999 -9999 -9999 -0.0561378821507954 -0.0340036808915399 -0.0612093232616224 -0.0963677138357844 -0.106287060520073 -0.142836289197815 -0.192827036415295 -0.143714350811686 -0.173633274601647 -0.1847215638718 -0.120422594052424 -0.0143847900068656 -0.175376952503164 -0.164609227327001 -0.227522977653437 -0.275908979573045 -0.28295204927901 -0.250753192283765 -0.289452134075115 -0.256565948508139 -0.239696778036355 -0.255915732018379 -0.230403214959712 -0.213827488726301 -0.190182039444697 -0.102909667340901 -0.138128619677192 -0.129478673682739
-9999 -9999 -9999 -9999 -9999 -9999 -9999 -9999 -9999 -9999 -9999 -9999 -9999 -9999 -9999 -9999 -9999 -9999 -9999 -9999 -9999 -9999 -0.0821927552521712 -0.12436117860099 -0.153147035281264 -0.170288041061524 -0.163148061235247 -0.13690364418878 -0.126104740060874 -0.124154926397006 -0.153631809015205 -0.213577231582933 -0.254833325125021 -0.232720189931264 -0.188175272301992 -0.185652073776456 -0.125585800318575 -0.243055871187209 -0.302482939570473 -0.335605317896008 -0.266360858800981 -0.287190638161507 -0.335570712738251 -0.318929965808701 -0.237062547025084 -0.208271087762719 -0.22568367818128 -0.199593337745806
-9999 -9999 -9999 -9999 -9999 -9999 -9999 -9999 -9999 -9999 -9999 -9999 -9999 -9999 -9999 -9999 -9999 -9999 -9999 -9999 -9999 -9999 -0.149666189347525 -0.0911129208911169 -0.10007048440955 -0.133752221578091 -0.164435238799809 -0.13322727708421 -0.121943129744672 -0.186300537856312 -0.208348074961081 -0.27442591978872 -0.235148187140439 -0.263120614715929 -0.189707440172477 -0.132943120263853 -0.19287963282702 -0.181113763280257 -0.368568928199234 -0.374598448287288 -0.264050975693034 -0.260722522377837 -0.297775691249768 -0.270270394138346 -0.22344765876593 -0.252279541429717 -0.261118500948129 -0.204832011593211
-9999 -9999 -9999 -9999 -9999 -9999 -9999 -9999 -9999 -9999 -9999 -9999 -9999 -9999 -9999 -9999 -9999 -9999 -9999 -9999 -9999 -9999 -9999 -0.0532135563335105 -0.138859165114158 -0.0868654156321523 -0.0729081826858596 -0.111038292826028 -0.00802353280215276 -0.245200781356226 -0.218798682566494 -0.208896913360808 -0.246402354026276 -0.229254894203686 -0.150521277656303 -0.137635992170026 -0.218528664456217 -0.228074864601403 -0.285365643271057 -0.209583354098115 -0.19039886726323 -0.226149539062136 -0.123403284863031 -0.354053854716963 -0.307435208308245 -0.289192779781273 -0.24258830383834 -0.176071859387335
-9999 -9999 -9999 -9999 -9999 -9999 -9999 -9999 -9999 -9999 -9999 -9999 -9999 -9999 -9999 -9999 -9999 -9999 -9999 -9999 -9999 -9999 -9999 -9999 0.0691661946341134 -0.045089898301914 -0.025095617551944 -0.0836957660742233 -0.144300307340525 -0.105949958641546 -0.210743836395942 -0.252265305923553 -0.266858696800422 -0.259857117476057 -0.221018393354531 -0.170638798039635 -0.157141633189737 -0.147902134224512 -0.184224328264646 -0.161882413177929 -0.165260540148979 -0.228914379133533 -0.0988545398585243 -0.334545678404557 -0.303346352427771 -0.265805010382124 -0.216105415227779 -0.280689978420826
-9999 -9999 -9999 -9999 -9999 -9999 -9999 -9999 -9999 -9999 -9999 -9999 -9999 -9999 -9999 -9999 -9999 -9999 -9999 -9999 -9999 -9999 -9999 -9999 -9999 -0.0366880377386944 -0.106793005552626 -0.123893432460757 -0.100089128454757 -0.117946891469991 -0.184104789636217 -0.261403869794267 -0.277596719592832 -0.227557029382647 -0.185117286350874 -0.14185484160552 -0.109986694273108 -0.127898684373959 -0.125994945409396 -0.139684962923525 -0.196856159976361 -0.0926710088201091 -0.30455966545757 -0.212122984964242 -0.287826324666327 -0.327356716981967 -0.262313039769839 -0.25628614673757
-9999 -9999 -9999 -9999 -9999 -9999 -9999 -9999 -9999 -9999 -9999 -9999 -9999 -9999 -9999 -9999 -9999 -9999 -9999 -9999 -9999 -9999 -9999 -9999 -9999 -9999 -9999 -0.102951909449869 -0.0926372416711687 -0.128117954574982 -0.182778629811582 -0.226573247624777 -0.270742842237976 -0.247069949343174 -0.15909712577863 -0.0805785149367298 -0.0841416941266625 -0.0963345664140338 -0.0979328758938541 -0.151708136346808 -0.119408387350265 -0.125743022885832 -0.172232413369504 -0.245187894733271 -0.24429140871311 -0.266077732359188 -0.274464314959784 -0.201248018218312
-9999 -9999 -9999 -9999 -9999 -9999 -9999 -9999 -9999 -9999 -9999 -9999 -9999 -9999 -9999 -9999 -9999 -9999 -9999 -9999 -9999 -9999 -9999 -9999 -9999 -9999 -9999 -9999 -0.175614285910473 -0.16725716124075 -0.153114569811649 -0.230764315738644 -0.251278228014348 -0.253746178938139 -0.157364348470744 -0.0541982830292428 -0.0379117300634734 -0.0561813831002614 -0.0403134986887188 -0.0377889372710595 -0.173567775138788 -0.1603553583342 -0.22672438754146 -0.199661417625643 -0.284833586130497 -0.243502814518387 -0.280366304814908 -0.229243971466225
-9999 -9999 -9999 -9999 -9999 -9999 -9999 -9999 -9999 -9999 -9999 -9999 -9999 -9999 -9999 -9999 -9999 -9999 -9999 -9999 -9999 -9999 -9999 -9999 -9999 -9999 -9999 -9999 -9999 -9999 -0.177645815494873 -0.237859815359813 -0.239052685894945 -0.20877069689184 -0.170541720238137 -0.179719091137352 -0.0885122988393274 -0.0394689289397074 -0.0937859829403378 -0.0788410376678768 -0.120705306763564 -0.158960226735981 -0.165583652279546 -0.162520963014713 -0.25205973438498 -0.206984493639024 -0.244305680719992 -0.240890337906228
