data/rasters/s5.05.07.li.4_xyz_08_.asc
NCOLS 100 
NROWS 100 
XLLCORNER -4 
YLLCORNER -4 
CELLSIZE 0.08 
NODATA_value -9999 
[rows 42 to 62 of 100, columns 0 to 48 of 100]
-9999 -9999 -9999 -9999 -9999 -9999 -9999 -9999 -9999 -9999 -9999 -9999 0.106097198777753 0.0137037752177056 -0.0251684916390536 0.0868665489014981 0.214552535214616 0.248040500958906 0.16497403385047 0.119863548991019 0.037064700610329 0.0659545052116132 0.015365751534017 0.0530734159260919 0.101457426209278 0.01963266987912 0.0176036195883897 0.0387248706271032 0.0595985161477414 0.0389648023406896 0.0820637994466413 0.159267518242612 0.204216768164907 0.394916721338356 0.363868921776878 0.372369579296751 0.335257455736849 0.416193555846979 0.228683706583913 0.177638919289257 0.277487685194447 0.271638227308077 -9999 0.0906294961146583 0.133168359159491 0.218396418482144 0.219023114848747 -9999 0.235228046826689
-9999 -9999 -9999 -9999 -9999 -9999 -9999 -9999 -9999 -9999 -9999 0.00331518678189919 0.0871351461606425 0.0586915966862178 -0.0265407818428149 0.105782367775999 0.184789182839252 0.190557586977544 0.0781630512217284 0.121083836895678 0.0865873161063134 0.0450910663144749 0.0195709609632162 -0.00957045981468065 0.00165393736933668 0.0257480849487981 0.0229333784587958 0.0392255757062958 0.0834424268144097 0.0405466593924206 0.107437603423032 0.199781270539433 0.207745459688814 0.287532541889012 0.345074704420742 0.287334262649679 0.258756920733596 0.290590571529182 0.161699498910831 0.199888512240342 0.255079018815164 0.275673767453554 -9999 0.081656211104138 0.121797208286588 0.176828908528249 -9999 -9999 0.209539663024845
-9999 -9999 -9999 -9999 -9999 -9999 -9999 -9999 -9999 -9999 -9999 -0.0728883752066877 -0.00415014641468 0.00564280588508241 0.00973308446831401 0.127368842144774 0.143042020388713 0.131444115062838 0.103770759420411 0.119468526642781 0.177882072404324 0.142229875724668 0.0970238089363141 0.0714589855144343 0.0136298271204518 -0.0113729051507946 -0.000212836924312336 0.00455857115519415 0.0381011101837041 0.0831997325544673 0.164562290535894 0.205386776531648 0.220999437923236 0.198711640217563 -9999 0.401551914887143 0.218469211403386 0.328632152413377 0.207444143574086 0.16748599905831 0.256121031876335 0.112671549038458 0.13421484646713 0.111034587099017 0.170405058941595 0.144116758661989 -9999 0.15838207296174 -9999
-9999 -9999 -9999 -9999 -9999 -9999 -9999 -9999 -9999 -9999 -9999 -0.185351114238533 -0.14826480227443 -0.0268472233898877 0.00838215149808209 0.128281295239552 0.173134027342745 0.132662579905132 0.135405808367968 0.110759575655438 0.217265070301484 0.216795809929699 0.145683439724033 0.113253001168767 0.0251994045095307 0.00336850518390719 -0.00244942860360425 -0.00226312879853795 0.0178419755696672 0.0851213546100704 0.142721302177346 0.205332455801433 0.171780918493223 0.151999489722952 0.523505438023814 0.298249024749374 0.095025444685631 0.201197037653499 0.106416260037948 0.0779623205320265 0.100972324535029 0.0948291322209431 0.137028926099948 0.183584517465345 0.182878382050787 0.361538063757189 0.225595942562716 0.153434910878663 -9999
-9999 -9999 -9999 -9999 -9999 -9999 -9999 -9999 -9999 -9999 -9999 -0.174113354596255 -0.165369080383481 -0.07097617697568 0.0283180509756637 0.0560058924197472 0.103252897343329 0.0873480671714565 0.12488966079817 0.150191753084821 0.167656970982614 0.12290851414314 -9999 0.0222011303478282 0.017118453575762 -0.00392988837696095 0.000121278999655484 0.0128769343537969 0.0187729994488442 0.150612029705314 0.187479054507233 0.129361093551385 0.333730491013154 0.567574169397914 0.396192490137838 0.375825674138842 0.193275704605514 0.155840835415097 0.128975118604648 0.0816125310524932 0.0834666292961476 0.15133705181647 0.209382708545576 0.171954173719172 0.347702257153748 0.296834989833069 0.0447266960557006 0.0327769288480679 -0.0859383309980345
-9999 -9999 -9999 -9999 -9999 -9999 -9999 -9999 -9999 -9999 -9999 -9999 -0.126811864706351 -0.134662373017539 0.183268389685235 0.170519907286578 -0.0214998060235895 0.0795910422700233 0.100279117790309 0.17448297572392 -9999 -9999 -9999 0.107234220998357 0.0620669068047695 0.00773150058440048 0.0640847216417922 0.0738195857249439 0.131595613504203 0.07467345181575 0.250095717640176 0.176145980444992 0.15782315321564 0.433545661834154 0.275853390116681 0.396015348111992 0.358520004109747 0.242947343110916 0.115853922281394 0.118226839929045 0.10753440954854 0.0948668458274825 0.116899738756898 0.129583861733608 -9999 0.0851901861177309 0.134426965192749 0.0680586588815227 -0.0558638019626857
-9999 -9999 -9999 -9999 -9999 -9999 -9999 -9999 -9999 -9999 -9999 -9999 -0.130710252427318 -0.163896289132611 -0.18762939574126 0.0527399877665736 -0.0913357552560567 0.0122222766980552 -0.0081501385842978 0.0337230814019245 0.0340013096281503 0.348811369448688 0.132908207771656 0.0903693530165443 0.030190027901224 0.0840313422913232 0.209756045089709 0.118702780365343 0.108581238602094 0.0799349587565076 0.178613431698453 0.19205298057581 0.346740269185735 0.364955396789404 0.41921194776092 0.337540275284892 0.359203511782915 0.157872473570284 0.134450978848957 0.180925223871472 0.10629040000882 0.142897928790409 0.111081974112548 0.086784027408485 0.0922737297109782 0.119314253742775 0.126519137203263 -9999 0.0362835668528493
-9999 -9999 -9999 -9999 -9999 -9999 -9999 -9999 -9999 -9999 -9999 -9999 -0.135414833792889 -0.158693731700136 -0.0927308054591939 -0.152202927680091 0.0312627058601471 -0.0413950566871895 -0.0178950318029703 0.0227665064722189 0.332607347983068 0.324628694859694 0.210405129791856 0.0663945119903644 0.125333812207585 0.0499316044487106 0.165498279175884 0.14435470230689 0.141508809982305 0.0910912747950346 0.101775130678563 0.151795195510886 0.178889482735445 0.308659207931775 0.302577507501513 0.192871910903877 0.0969955784718993 0.0968131855534536 0.0875741178186234 0.17915433186113 0.180764769872103 0.169540273128723 0.118735813285138 0.0875536806931008 0.0711605899956971 0.158170245459653 0.0842801305342701 -0.00291294420236008 0.0168149467896065
-9999 -9999 -9999 -9999 -9999 -9999 -9999 -9999 -9999 -9999 -9999 -0.149390718136583 -0.139337359147679 -0.18653061055912 -0.219502314697583 -0.210839923903096 -0.0841392684772537 -0.0612536485319548 0.0644763876355593 0.104432647808829 0.457187381349006 0.39214056052619 0.276114572468972 0.0857550107235885 0.0422935310442355 0.149172029160511 0.0841987500394877 0.24102652975717 0.207153045729016 0.138053357914736 0.150836365101976 0.182130971197321 0.230325871943043 0.355157296062224 0.489248458109903 -9999 0.0870483862315841 0.129322557584881 0.167824103317629 0.257043503554292 0.326963229497287 0.249338813097211 0.118651402607614 0.0567642278977191 0.0918827900779005 0.117836741910238 0.0821849313664523 0.16827525371364 0.112297947676192
-9999 -9999 -9999 -9999 -9999 -9999 -9999 -9999 -9999 -9999 -9999 -0.172024874985263 -0.137323122360958 -0.167710540561688 -0.167989719314609 -0.1645712524538 -0.15152664537186 -0.0401987704148301 -0.0375339147789103 0.176651561825634 0.365875995019775 0.393500619378637 -9999 0.276368734999099 0.165108163124807 0.169631900094703 0.117749472991727 0.119103400067712 0.135187938038457 0.133079144256715 0.14057058594084 0.167611806008505 0.120277002248047 0.30460382290769 0.193709604908331 0.23463009574226 0.121061151234361 0.152152485022787 0.199509663417708 0.284357277812897 -9999 0.255760777509515 0.183520432950637 0.0576753296583217 0.0800015319692397 0.0762101602686604 0.0501038513007453 0.203042906452173 0.192118111720742
-9999 -9999 -9999 -9999 -9999 -9999 -9999 -9999 -9999 -9999 -9999 -0.175044019116797 -0.15975847349393 -0.194522920036492 -0.110560218869323 -0.0978208610221962 -0.0895447598272535 -0.0923250647261314 0.297310863373625 0.24883782324211 0.297980416551216 0.311068308591709 -0.0398985648804706 0.215150700886303 0.115899390212735 0.0559368843273955 0.0717905194186642 0.0603998248736728 0.0407021097862206 0.0625469845590202 0.159222946394323 0.136313915195045 0.241308025814923 0.326595354944228 0.140249625197148 0.170314918828846 0.148401438596305 0.149369350578291 0.201387886738809 0.317915271188515 0.306788547625297 -9999 0.195209215474033 0.109483344110592 0.0435243705321012 0.0443218445185909 0.13450338096182 0.161618060712627 0.109044587720347
-9999 -9999 -9999 -9999 -9999 -9999 -9999 -9999 -9999 -9999 -9999 -0.101125160332597 -0.109422836782962 -0.122437506968293 -0.0262785670967949 -0.150584941973885 -0.041415653020585 -0.0634992846545271 0.0566413112403088 0.188699335194608 0.272815912986457 0.0801984442020919 0.214171863698855 0.256037742474476 0.248017649351081 0.124563481164585 0.100043611739678 0.0511214206876803 0.0161565643606171 0.045516183963554 0.0719426668085161 0.136579436823104 0.183412016366983 0.387418411424774 -9999 0.207689910023899 -9999 0.190326596924206 0.195326647954853 0.244201262530388 -9999 -9999 0.274282812391516 0.168696386795599 0.118576347349104 0.020073145279276 0.069937068866824 0.103201054669699 0.0436796044396949
-9999 -9999 -9999 -9999 -9999 -9999 -9999 -9999 -9999 -9999 -9999 -0.0488198211625561 -0.111891849675975 -0.138312103119193 0.0326521488648446 -0.0862661240734202 -0.155063671739307 -0.105991507981742 0.0582511316342949 0.145581622603925 0.141472967382221 0.123204692253982 0.259096380715352 0.188283069866483 0.215925575893191 0.182005952504271 0.0815772288247545 0.052225766504835 -0.000904543660165049 0.0551015891298075 0.135196509610416 0.149523468931999 0.259510786414459 -9999 -9999 0.224119008033673 0.292129864931182 0.261968663527487 0.27326902241691 0.318690808749741 -9999 0.14787264179245 0.23574302920915 0.00308189981185138 0.0431674539578899 0.0597164599577996 0.0439746135050829 0.0210525083328388 0.0721605406605675
-9999 -9999 -9999 -9999 -9999 -9999 -9999 -9999 -9999 -9999 -9999 -0.0820442187216729 -0.146319629181794 -0.0842669755929741 0.0292334751881712 -0.094309301758109 -0.148869518983509 0.0848228602166256 0.105701520712471 0.116775573471084 0.205779820674496 0.256605910347651 0.231749518590468 0.195053171370156 0.216531787706539 0.0861091419007987 0.108920467151912 0.0785713721322885 0.0259230997464173 0.0439866447816697 0.132724798255434 0.146397380382302 -9999 -9999 0.303641428859465 0.207808076416909 0.188859170081234 0.220729575177812 0.168985611487036 0.154444106636165 0.131633289305544 0.102755712564919 0.125150426634863 0.0922980939287891 0.0569812048240903 0.0297990108190223 0.0233635097290968 0.039729760637286 0.0680815398791248
-9999 -9999 -9999 -9999 -9999 -9999 -9999 -9999 -9999 -9999 -9999 -0.14367412602261 -0.153765340301342 -0.150487301362703 0.161391234012958 0.149659919583059 -0.0799777187028132 0.242346701528959 0.26816425722005 0.0548438972203655 -9999 0.245452911769587 0.281081339647156 0.235978192473394 0.183695332799373 0.144813491259335 0.206449353242726 0.188196267011446 0.0465517241899622 0.035684264672887 0.131992857048575 0.0998113352493636 0.151739430467984 0.14963609094257 0.138975431447103 0.216413639465154 0.21093776544896 0.15032046678235 0.115589216248418 0.16581112374019 0.124890893504905 0.0613341183864445 0.0399174420934787 0.112427380894791 0.122633045424776 0.0284450462681423 0.0219200855512341 0.0479786448696287 0.174129184503982
-9999 -9999 -9999 -9999 -9999 -9999 -9999 -9999 -9999 -9999 -9999 -9999 -0.14755336512841 -0.099634563225149 0.149126559341999 0.168103411694129 0.0605208201923365 0.109441166280006 0.292215034162732 -9999 0.228645575805671 0.219419080044327 0.255955779320924 0.224594130188471 0.152611300326251 0.23577223283694 0.378668030724103 0.142880500268076 0.0948880016350145 0.0876617646130317 0.198001220064027 0.10223512617803 0.118302349782636 -9999 -9999 0.0619551402418016 -0.0573183898799714 0.0898776366413555 0.0924331870248215 0.139020823762889 0.14936554032409 0.047063564756422 0.02386306467931 0.0525574934930234 0.0126927917398692 0.0552721418536203 0.0694381258053298 0.0657981116823016 0.0222280684661224
-9999 -9999 -9999 -9999 -9999 -9999 -9999 -9999 -9999 -9999 -9999 -9999 -0.154142541268546 -9999 0.113843053552481 0.0961222778950036 0.106667226435499 0.0982764757378178 -9999 -9999 0.221021606897942 0.232096392827498 0.255206377387663 0.24828414144605 0.223542319042034 0.320855096926693 0.478820450762641 0.118197608455063 0.079076169873452 0.0479629207991163 0.115921784889406 -9999 -9999 0.199592908189484 0.172845607318102 0.179927577631606 -0.269477446665369 -0.415777187719078 0.0772967323552474 0.145827558055722 0.16070325072759 0.143264040392342 0.154179903391213 -9999 -9999 0.0740807775066276 0.0959750205558619 0.141323654978443 0.0526656655568766
-9999 -9999 -9999 -9999 -9999 -9999 -9999 -9999 -9999 -9999 -9999 -9999 0.000286595492712333 0.0756868547362833 0.101586967096838 -9999 0.140006097627104 0.121422790907976 -9999 0.247857410025885 0.233719056260271 0.18120652113826 0.16680161311577 0.246960379220697 0.273704210098034 0.265357009269072 0.290524797700475 0.147150791058646 0.203533481821648 0.150019700748648 0.167747692160104 0.230360254613186 0.242854608216063 0.23387094465681 0.139998902443267 0.057738698784154 -0.277410852831975 -0.231702786737983 -0.105387491905192 -9999 0.0911317728147275 0.10491846965123 0.0389607178544593 -9999 -9999 0.12772383220161 0.118599840206199 0.0503158730196586 0.0498218793190393
-9999 -9999 -9999 -9999 -9999 -9999 -9999 -9999 -9999 -9999 -9999 -9999 0.0254338526011287 0.0578192824324065 0.0823641575519225 0.0587852559453278 0.061697760041861 -9999 0.247249049473274 0.212920344403451 0.170430516319543 0.161767794126749 0.194670919315921 0.278373565522247 0.267249849537482 0.269052663143479 0.328690505683027 0.181107203858705 0.22702359905358 0.180283214701084 0.125551859119995 0.254958160267935 0.303648092323931 0.271921428972298 0.160503409105632 0.036512124939129 0.0520426328466055 -0.00392919468888425 0.0241840122822566 0.0677845599023201 0.0674882863688328 -0.0363541997783979 -0.0024101374473031 -9999 0.184542515313602 0.153824581518153 0.0771116552653859 0.0579240745126122 0.106617427311583
-9999 -9999 -9999 -9999 -9999 -9999 -9999 -9999 -9999 -9999 -9999 -9999 -9999 0.0314300693616662 0.0569292080279905 0.0802860780424605 0.0393598583547778 -9999 0.186707379512781 0.179848939488739 0.172248063209895 0.176174048739428 0.221382300784462 0.258253145324144 0.279119613444863 0.269071024246113 0.282884446779221 0.281981940632757 0.494302139527804 0.178228577849026 0.193714469764903 0.26330468516475 0.21895786556118 0.245235495981819 0.134785474738741 0.112651895472141 0.163569269665305 -0.0815344113792034 -0.0113182250128963 -0.00848118220259713 0.0336037585650981 0.00254459690455611 -0.00363928209155231 0.00449201697475078 0.202562582119911 0.177708282297933 -9999 0.153189107510078 0.132414125047177
-9999 -9999 -9999 -9999 -9999 -9999 -9999 -9999 -9999 -9999 -9999 -9999 -9999 -0.0179778455622618 0.0280429032811315 0.0463594833791927 0.0676862844590904 0.071158061075546 0.132801124804469 0.119923700951749 0.103558111192526 0.190960794598218 0.201125658225811 0.193607216448621 0.241586963375274 0.260182598320991 0.282386725596356 0.312718733310873 0.34533165285162 0.319305898806251 0.223139190668213 0.122054940248261 0.0988909868052758 0.127822785700582 0.103795029792284 0.108780838342154 0.131896713696212 0.0399587736388259 0.0373062215690297 0.0716684586184214 -0.0334372741376593 -0.024882059151208 -0.039537484930586 -0.0745538618235869 0.0256803840882397 -0.00498310608689511 -9999 -9999 0.186116670326629
