data/rasters/s5.05.07.cu.1_xyz_08_.asc
NCOLS 100 
NROWS 100 
XLLCORNER -4 
YLLCORNER -4 
CELLSIZE 0.08 
NODATA_value -9999 
[rows 42 to 62 of 100, columns 0 to 47 of 100]
-9999 -9999 -9999 -9999 -9999 -9999 -9999 -9999 -9999 -9999 -9999 -9999 -0.00908517399291955 -0.0269251855135398 -0.105048195657566 -9999 -9999 -9999 -0.110100274233677 0.216712418236114 0.234415963632024 -9999 0.193982176103958 0.0615548885535104 0.0230934245973773 0.0936729421659718 0.149040872045977 0.196406669634324 0.230734587671981 0.188712706614506 0.174919271348999 0.178816025157602 0.135027953552637 0.104792416318584 0.112486037555256 0.0913453656197884 0.126682160029927 0.168378820739113 0.200091090958859 0.117817741419766 0.0838442365783495 -0.029855360241568 0.0952066561691479 0.158155800097665 0.117692994080283 0.12814353562812 0.106419411357015 0.0664035255508949
-9999 -9999 -9999 -9999 -9999 -9999 -9999 -9999 -9999 -9999 -9999 -0.156030417440606 -0.0176368330512699 -0.045184896946425 -0.118188044820946 -0.152470824742698 -0.196075083470698 -0.230310245396043 -0.204109113326607 0.194949722452803 0.23391188639381 0.256407214563716 0.168249360732513 0.0548091770592292 0.0272078409036731 0.120629599961076 0.170658690374303 0.251880396700552 0.242456710657995 0.238058662506236 0.206319545792399 0.180996963453669 0.156352235600505 0.151438409227163 0.149823290129115 0.16143149620736 0.150484403633267 0.164706119989498 0.152394723256974 0.202567024776012 0.0114602623358277 -0.0515774292644842 0.0776889119253107 0.10461937215653 0.193569396331872 0.169824618599886 0.166822597429581 0.109476569576402
-9999 -9999 -9999 -9999 -9999 -9999 -9999 -9999 -9999 -9999 -9999 -0.222718609658543 -0.275930022477623 -0.122756947209783 -0.134264482574372 -0.135874837788328 -0.124335287691567 -0.259518010613252 -0.255826522026322 -0.133145101921803 0.0893389795400559 0.154365794029233 0.107461198866419 0.0354906198060917 -0.029396442153581 0.0554438454024765 0.212082835969852 0.218246955469241 0.204990102686117 0.265423035512806 0.232122634732204 0.183774318971352 0.18828968412457 0.1943090553742 0.0405562345344253 0.136384970953582 0.0867365238458098 0.105969227343004 0.0888766526919587 0.0798659938585938 0.0394516101255349 0.0383021344024703 0.0952805685065153 0.0696788273374754 0.0301405230099713 0.13816448242036 0.154097499511915 0.0663436136906559
-9999 -9999 -9999 -9999 -9999 -9999 -9999 -9999 -9999 -9999 -9999 -0.261093333901656 -0.246786237123274 -0.162234122589886 -0.0891224988665042 -0.0495559566630394 -0.0854918783342602 -0.258024029055317 -0.207115386405002 -0.155227624240376 0.0355458078970556 0.101961242402325 0.0527711899101884 0.0219308905082757 0.0171889778707684 0.1209795694262 0.146653016573923 0.0967909794128869 0.145397374239973 0.380068470885551 0.31926938112057 0.093555792154406 0.117617593660577 0.119261212688701 0.0238848874043886 0.0170088408774079 0.148442988658791 0.0867243873078686 0.0921009861079325 0.0882226535217966 0.12189608363761 0.101704085326187 0.0983264056380204 0.06183251750452 0.0797858287800703 0.109748600809999 0.167555991460489 0.117428489995491
-9999 -9999 -9999 -9999 -9999 -9999 -9999 -9999 -9999 -9999 -9999 -0.212812082479391 -0.19631344868924 -0.11779996628611 -0.0806314975040616 -0.0376546804338398 -0.0698854853714213 -0.125898708818214 -0.179979042502174 -0.0905159821654339 -0.0570412146579632 -0.0598443458742121 0.0778553096637584 0.066974733457774 0.0475166309827391 0.0695734607865288 -0.0589135222145563 0.0193411169464458 0.0599589285703173 -9999 0.317685693671695 0.0124987698906645 0.0514612852538268 0.0668218904632874 0.0117709615182145 0.0104125339959918 0.00603562832966559 0.0741292394039237 0.0985781057957158 0.0879103040840325 0.04210841510293 0.0871046287719907 0.0532956435953957 0.00769610689678479 0.0407719318995226 0.0941371484156807 0.0915334967699206 0.118477586113375
-9999 -9999 -9999 -9999 -9999 -9999 -9999 -9999 -9999 -9999 -9999 -0.132498822914718 -0.141344543971695 -0.0969261526353333 -0.0612042929429595 -0.103241159586467 -0.121531220919409 -0.122373142839528 -0.13441891755476 -0.126224929358844 -0.192934221928282 -0.193843461838578 0.0263051029173278 0.0585898481551966 0.143133476342731 -9999 -0.0897913401597246 -0.0866729117495359 -0.100585232821197 -9999 0.0988802258863152 0.00912691127712487 0.0489686979186861 0.0438872087066155 -0.00238329009207864 -0.0514657933048964 -0.0206912618866958 0.0758223648928024 0.0879324745449008 0.078338007247344 0.0183618030816668 0.057277215164099 -0.0346599365511615 0.0499654020546359 -0.0446586313987351 0.134826513557151 -0.0298785741162015 0.181234809723917
-9999 -9999 -9999 -9999 -9999 -9999 -9999 -9999 -9999 -9999 -9999 -0.129244882961347 -0.148563214077849 -0.157461902382642 -0.146659759506356 -0.031940183198135 -0.0674160922670013 -0.0753945075848621 -0.115273349235248 -0.0830852679403834 -0.114982381074779 -0.200911086651148 -0.175699864686486 -0.0292714935317146 0.0234493643829623 -0.0834154339823658 -0.0799064346026454 -0.104079820178321 -0.0648250934339207 0.0277924483983235 0.0835636259479765 0.067238456329154 0.0491711105003848 0.0890525391204477 0.0703993404748058 -0.0138539970030237 -0.00185649056475 0.128653242604563 0.121138232873096 0.0788588787443574 0.0877044026190036 -0.130894358473357 0.0238784434937624 0.00214971996640979 -0.144677664735941 -0.056680896957389 0.0514142339374734 0.183029209123517
-9999 -9999 -9999 -9999 -9999 -9999 -9999 -9999 -9999 -9999 -9999 -0.100457179642494 -0.127295262548049 -0.132473817438447 -0.101413906781214 -0.00901651070713124 0.00447266488610676 0.0209559524550139 -0.0728364090968597 -0.0802872889974843 -0.0349504952870646 -0.000842930754436799 -0.0211144291394516 -0.0549759317150861 -0.108625103207073 -0.0746294622688512 -0.0612779010342992 -0.0721799014287274 -0.0261466812333611 0.0611149529733645 0.136463714236268 0.126877073234621 0.105430339787818 0.0581743152084503 0.0204013701747049 0.0234030978837406 0.0625584139019627 0.0511860903826143 0.0737589040919434 0.202494295654876 -0.0745547941331996 -0.103597834981354 -0.0542201599675731 -0.177288317665094 -0.142660154175861 -9999 0.0262847826953449 0.0720081123529687
-9999 -9999 -9999 -9999 -9999 -9999 -9999 -9999 -9999 -9999 -9999 -0.119683833522451 -0.0937463723224134 -0.0810855459880349 -0.0632266684240638 -0.0831535318915846 -0.00862469485456119 0.0368491417873943 0.0795781099871302 -0.025484952329201 -0.0389990235521421 0.0347476254888909 0.00987753787211801 -0.000185398899309127 -0.0796054319536076 -0.0879090444455884 -0.0455753455809357 -0.057634186080257 0.0127659734577623 0.0613683831284268 0.109520324255258 0.0746884979110184 0.0447335465315747 0.0290991253101939 0.00299814478816257 0.0328501054204644 0.0869951715518418 0.0543153853297632 0.00177373229174983 -0.0751101096672429 -0.0718433336775131 -0.115924412837031 -0.156705802326137 -0.20575150261008 -0.0995729950724242 0.0437680213796817 -0.0294858084966782 0.0116415329549445
-9999 -9999 -9999 -9999 -9999 -9999 -9999 -9999 -9999 -9999 -9999 -0.0724913112363505 -0.113190836452302 -0.0711594453473869 -0.0267498693354404 0.039913251144744 0.0222669423026942 0.0352441214775548 0.102103137671838 0.0550087556651842 0.0965930543583775 0.0519892639468381 -0.00773369585297722 0.0685702821940144 0.0870033139760387 0.0216908073933397 -0.00837228036206553 0.0600658424920522 0.0211404095326989 0.0625065818013416 0.153111051383769 0.0765674321813509 -0.0133035014914145 -0.0101131092087147 0.058678821411087 0.081903419899919 0.0756590803594561 0.0761450326281278 0.0269433582518252 -0.0102628718535093 -0.054091201048335 -0.133195663963521 -0.159302333691724 -0.226339009677587 -0.179422740924556 -0.123401658217905 0.0198476560729458 0.0185285407892609
-9999 -9999 -9999 -9999 -9999 -9999 -9999 -9999 -9999 -9999 -9999 -0.155030851717368 -0.11236072192782 -0.0581267714043646 -0.0338645285590842 -0.0362967759397639 -0.00246158531448541 -0.00240125218336702 0.00975478807590073 0.0531697712212441 0.163648862796718 0.125274736685326 0.0401771439129376 0.0559105161691278 0.0978260081671673 0.146817472193707 0.0186768896345932 0.0551750113912036 0.0538723345385544 -9999 0.161514654386749 0.082395194160628 0.0357251624612939 0.068526601295673 0.0902136089105479 0.0981639379389217 -0.00699873296608008 0.0910451549516525 0.0362157426565452 -0.00573926901819292 0.0479014198116413 -0.0553577278482486 -0.0819595031436386 -0.169812773756057 -0.123361643166054 -0.0442615420092194 0.0157670069361059 0.0418942750676779
-9999 -9999 -9999 -9999 -9999 -9999 -9999 -9999 -9999 -9999 -9999 -0.0787966535648119 -0.126796767988364 -0.0913487432249852 -0.0563236685066832 -0.0431800445141654 -0.0761945875344224 -0.000115078559355375 -0.00741358067025585 0.106221532386185 0.20306754277224 0.149588359358192 0.0888180370304724 0.134870982747077 0.193563383638946 0.217551840663635 0.145784422620331 0.0955482261184954 0.136368133985315 0.11153151346944 0.159688709367433 0.103662910268797 0.00196274594456419 0.000479574515869529 -0.0260318264385133 0.0269157222986393 0.0028007333923289 0.0568645230515596 0.036922769752448 0.0225704712603453 0.0996804840021968 -0.00412033051344675 0.0120486470044556 0.0361626459701442 -0.0023028856405725 -0.0164918016975335 0.0300741467977209 0.0524636012779417
-9999 -9999 -9999 -9999 -9999 -9999 -9999 -9999 -9999 -9999 -9999 -0.0159300643901044 -0.0189636047087882 -0.0876094852098744 -0.0843677504762604 -0.0721968893852523 -0.0703904616590841 -0.0213733505720327 -0.00229150277813131 0.0741086868352931 0.097098809668967 0.0676032431657789 0.0517904031370491 0.179554581243019 0.258056605188132 0.160379496889528 0.0930636378037008 0.136194749816101 0.12605594191978 0.125727964876695 -0.0226455753767694 0.010689553866327 0.0520569188993249 0.0158513836249301 0.000679631384065709 -0.0293780111475392 0.0544291449396089 0.0504643396198658 0.0742585625972719 0.116217761705114 0.130964217309211 0.14690672183402 0.0701598067006996 0.0474362364169833 -0.0228101102156037 -0.0433639287856496 0.167943689652911 0.11724462306443
-9999 -9999 -9999 -9999 -9999 -9999 -9999 -9999 -9999 -9999 -9999 -0.059042466351771 -0.0256448520408465 -0.0847326077862898 -0.178831207907614 -0.0787569040689876 -0.0555856931377126 -0.0833219110656932 0.013191244674538 0.042864349774812 0.0385849905402031 -0.0561078544382429 -0.0542210979340184 0.04230151919554 0.167239550670948 0.04108769991082 0.0106491946666921 0.0343331341634249 0.0832872376846261 0.0779174116484958 0.052078711996501 0.0367534763160326 0.0333934410948385 -0.0103663132650154 -0.0083044007777358 -0.0124636561928436 0.0370891682445429 0.126913061191658 0.15484703801313 0.165972675229451 0.160807909833569 0.185528373540922 0.105689021453966 0.107203797102875 0.12270198134118 0.1294872511894 0.184584349545926 0.190321725390586
-9999 -9999 -9999 -9999 -9999 -9999 -9999 -9999 -9999 -9999 -9999 -0.0880911675514492 -0.0935478855492913 -0.137454151613568 -0.200569721944253 -0.293214799948791 -0.229674035622064 -0.135840646761784 -0.0471460844198115 -9999 0.0265142965708067 -0.0977702798908586 -0.154819800160487 -0.00969416252036029 0.0934580903683021 0.055111575281029 -0.00372088471499642 -0.00261025929457748 0.0236254917533171 0.0599404417411632 0.0985495991907157 0.0903264366404421 0.0436833360560687 0.0248251673547526 0.0638910131618906 0.0675818648833949 0.106710669984813 0.147966027862956 0.217230561100427 0.201667711522646 0.1769880441675 0.181206783587048 0.193867086785767 0.1798552184394 0.215468225620171 0.229557300832898 0.257653931034189 0.22797464428766
-9999 -9999 -9999 -9999 -9999 -9999 -9999 -9999 -9999 -9999 -9999 -9999 -0.20499531391591 -0.145066889055903 -0.34923929241294 -0.261162300162404 -0.225666836989504 -0.239897863759514 -0.18423629998417 -0.236887336185071 -0.266959235454242 -0.268478709652572 -0.152895883024697 -0.0165030292897401 0.0183848701903167 0.00897107577581307 0.0244519757886274 0.0209243047598036 0.0536052438067392 0.0534540180528867 0.0566088521721504 0.000667069166902829 0.00882933198464636 0.049960304056494 0.112925404945064 0.102490242691068 0.111422908750183 0.169578438560201 0.283627914056448 0.25020179676778 0.162591426298648 0.166948216104073 0.223630667623599 0.232737662949966 0.273872062448446 0.238449117838521 0.233133278911905 0.1646546619728
-9999 -9999 -9999 -9999 -9999 -9999 -9999 -9999 -9999 -9999 -9999 -9999 -0.275690219720913 -0.440462749877706 -0.370875127123711 -0.337303424400589 -0.317881510547592 -0.234941625001825 -0.244559370447101 -0.201810862271242 -0.253556057598368 -0.236226432905594 -0.218228376857621 -0.194965081271755 -0.0319261558629791 -0.00634540760193293 -0.00710295649908048 0.013798772969312 0.047969859055185 0.0542981612792314 0.03909606603187 0.0253018844562779 0.106148161983478 0.0525824700575801 0.157696122429085 -9999 0.227990390886456 0.212356461477968 0.239144000905191 0.253622296838532 0.195682037653622 0.160881473120698 0.229268761014037 0.221762593635376 0.240340434147308 0.223648172734279 0.203566661510593 0.170310003710642
-9999 -9999 -9999 -9999 -9999 -9999 -9999 -9999 -9999 -9999 -9999 -9999 -0.393851034582111 -0.410879583095483 -0.392589359448404 -0.39009641005918 -0.308701439194984 -0.237081330053515 -0.250694194799324 -0.18068746717557 -0.206642316055499 -0.228023319177915 -0.230782480611684 -0.0378721850469392 -0.0413236062372489 0.0116699787891265 -0.00596582426013404 -0.0018670216835421 0.0560105404286898 0.0563376090183607 -0.0160739142215207 -0.010225769552121 0.0049067214221394 0.0669817192799184 0.0908994005714999 0.130462143478512 0.163113552391553 0.223968059172874 0.196531551551854 0.217219329871785 0.224635510104821 0.19858719815303 0.227779275315798 0.204901226210674 0.223780011320539 0.242918152857554 0.225549247548257 0.213852071171667
-9999 -9999 -9999 -9999 -9999 -9999 -9999 -9999 -9999 -9999 -9999 -9999 -0.373866089837607 -0.381465971411156 -0.286514028403334 -0.314523300451034 -0.267014361823954 -0.291565740922166 -0.290561059805705 -0.258676424838197 -0.20482366620017 -0.234215895555929 -0.245554316057915 -0.120560160227934 -0.0455409369934224 -0.0212934085176843 -0.0265391886625399 0.0349786189089915 0.0778470903574849 0.0231522528976692 -0.0361344450120156 0.0201965754888161 0.0114895812106607 -0.0364935065202086 0.000193294643397261 0.0876617588927998 0.158215638466411 0.0912397030402767 0.166900769323242 0.160825241027987 0.11712871403714 0.173341622140178 0.236738530247926 0.215755218581998 0.175889030787071 0.280718017525799 -9999 0.160589787356047
-9999 -9999 -9999 -9999 -9999 -9999 -9999 -9999 -9999 -9999 -9999 -9999 -9999 -0.348359434591913 -0.360106079707605 -0.303420666536922 -0.219369531787714 -0.214875523758635 -0.210449502162834 -0.173149614835708 -0.183204869250942 -0.279796585357446 -0.338000970062263 -0.17236959080023 -0.131918183308863 -0.0325629045584508 -0.0181543692401225 -0.00655901328050916 -0.0112459230206108 0.0346504936251069 0.0551392591427007 -0.0501052441071208 -0.0808994563287194 -0.0894481016340715 -0.091386699585178 -9999 -0.0132483498146871 0.0450010665101247 0.0927914669239915 0.105759280950949 0.128151401092835 0.135945468664957 0.233822812552238 0.1235626915878 0.109987267398582 0.118406509635919 0.112822384667087 0.166740258063364
-9999 -9999 -9999 -9999 -9999 -9999 -9999 -9999 -9999 -9999 -9999 -9999 -9999 -0.309683917090925 -0.286919887809917 -0.256892016714656 -0.229250093884882 -0.226499244204141 -0.191487800129096 -0.202583890972214 -0.252597225107637 -0.277854097093249 -0.280669060498472 -0.190491874394308 -0.133377651998771 -0.0776606719261114 -0.0161857324054747 -0.047531233755972 -0.00853525483979426 -0.107562043649737 0.0228590983215209 -0.00809956842302238 -0.108215231941969 -0.093541486048143 -0.110256413418397 -0.080082780391601 -0.0433724201832119 0.0924100318173912 0.118908545057082 0.144301175804279 0.129005844498031 0.130887734797569 0.17038823506815 0.126221373477303 0.11267369760263 0.107155897499195 0.0904803115717574 0.0384450372505732
