data/rasters/s5.05.07.li.5_xyz_08_.asc
NCOLS 100 
NROWS 100 
XLLCORNER -4 
YLLCORNER -4 
CELLSIZE 0.08 
NODATA_value -9999 
[rows 42 to 62 of 100, columns 0 to 47 of 100]
-9999 -9999 -9999 -9999 -9999 -9999 -9999 -9999 -9999 -9999 -9999 -9999 -0.0593267847339353 -0.104138349046754 -0.0811807627559645 -0.0618584571576332 -0.231052630382511 -0.256597654827742 -0.203898218283518 -0.24495038516951 -0.231733158936202 -0.224157005910433 -0.207238424605401 -0.0651854210810624 0.107063985218438 -0.0635624258205653 -0.157624504805672 -0.0991040310945041 -0.11591210593452 -0.0388259778712049 -0.0738403702221 -0.0755029854758541 -0.0916270873497436 -0.069587425558654 -0.055114084461843 0.0583371580302113 0.0745981346747986 0.0526266105457798 -0.0237024519367189 -0.0866764533806645 -0.0392953634863031 -0.0829466021215652 -0.0513252155599866 -0.0850083558197443 -0.100714464841189 -0.136015407207181 -0.0682416260298676 -0.0411823341168039
-9999 -9999 -9999 -9999 -9999 -9999 -9999 -9999 -9999 -9999 -9999 -0.159173568918469 -0.0234843182901304 -9999 -0.0711493078544089 -0.11155498430476 -0.12882848582582 -0.19535478016802 -0.243616331659164 -0.221494456149876 -0.222182225035672 -0.240578751123002 -0.173703184773841 -0.14540851265638 -0.122754691600814 -0.130270948459852 -0.14614216210718 -0.0654962032731797 -0.135857998102743 -0.11876899705117 -0.0826833914798452 -0.0442003798962979 -0.0423938192728972 -0.0609478157229664 -0.114351033601208 -0.115777274659078 0.149085035974696 -0.0141878092435564 -0.054480250129815 -0.0493011866940584 -0.068654260403131 -0.0454597258354249 -0.0573225204871633 -0.0436699580822211 -0.0786750965714861 -0.114858581224126 0.0480880992230185 -0.162027162142595
-9999 -9999 -9999 -9999 -9999 -9999 -9999 -9999 -9999 -9999 -9999 -0.118430749651132 -0.0228373177577106 -0.0315243221206196 -0.178152776264338 -0.129395495286002 -0.129981027590224 -0.180789604047895 -0.173441480303443 -0.192455797813051 -0.215657739929617 -0.14690872770606 -0.170657109058426 -0.174356300391004 -0.134662783806625 -0.100910101522995 -0.124451863451495 -0.180440580186054 -0.189876675419625 -0.16049121113045 -0.0775563406388499 0.00790655389394131 -0.0222823778080165 -0.0435547270738722 -0.101992527406152 -0.11887860028363 -0.0705715775797055 -0.0412126406109545 -0.0472100686325079 -0.100441425129702 -0.0810127169498985 -0.0416139146641206 -0.0311737915583559 -0.0187620117312629 -0.108034268905375 -0.0967369722296452 -0.0439923077094514 -0.05881832656455
-9999 -9999 -9999 -9999 -9999 -9999 -9999 -9999 -9999 -9999 -9999 -0.0777854940194791 -0.138707907363945 -0.0932636435846654 0.0458865570216366 0.06416916151041 -9999 -0.107776402169162 -0.133528811291313 -0.134364297076058 -0.200550038528337 -0.174103160746127 -0.0987779173513761 -0.0639414482451364 -0.0644751151767986 -0.0715705546697057 -0.111518658377594 -0.14384352471414 -0.156291149819434 -0.138389608745657 -0.147556029011776 -0.0119234073102169 -0.0645916642036018 -0.140994278104545 -0.156401471246708 -0.0933204445871219 -0.0573084010019809 -0.0974120359162783 -0.0977614083035912 -0.131454275243146 -0.099595760632077 -0.0375422143411354 -0.0235866324425791 -0.0563145453191826 -0.082294892217882 -0.126156609540302 -0.122742659782765 -0.136271404079218
-9999 -9999 -9999 -9999 -9999 -9999 -9999 -9999 -9999 -9999 -9999 -0.0812661424215492 -0.0864913694010928 -0.0945769707879145 -0.115404777099843 0.0228334955514477 -0.17588507679956 -0.0729756614456151 -0.0250924693535321 -0.114129715393405 -0.192364371146148 -0.0386953069316293 -0.0541561098039968 -0.0683755022858366 0.00248895798290814 -0.0595908085873636 -0.128452385031487 -0.113403386693189 -0.166945939672408 -0.135980543682007 -0.0416876608693199 -0.0850332922339566 -0.154574644433272 -0.176005682811187 -0.183977079427474 -0.139152663908999 -0.126575053429974 -0.106220373012502 -0.114675807680727 -0.105967653977585 -0.0795686804426828 -0.0485896666629137 -0.0197590488948246 -0.0910574454353532 -0.137590781650188 -0.124034085957518 -0.161141126565551 -0.141861201580011
-9999 -9999 -9999 -9999 -9999 -9999 -9999 -9999 -9999 -9999 -9999 -0.00798440163483402 -0.0502136220224856 -0.119090307621348 -0.0973911016062951 -0.090220077179002 0.0254753153421405 -0.0358333242803218 -0.125766288834034 -0.129001557320055 0.0167834751457054 0.0335367563870583 0.0374258314013538 -0.0160194036954901 0.00555142910369765 -0.0431445307476415 -0.150492863709019 -0.139172104100034 -0.185245090146323 -0.0642397368796511 -0.109560308154551 -0.123580784206038 -0.153581268826193 -0.0721415003029055 -0.0613350383180047 -0.00738429787534113 -0.0946599238756181 -0.0723985836481156 -0.0892986819087554 -0.101954192931077 -0.0964467338780653 -0.0997514371780418 -0.0558639185562807 -0.10541844354507 -0.110571054948961 -0.14588489552666 -0.138713691570038 -0.136802881458666
-9999 -9999 -9999 -9999 -9999 -9999 -9999 -9999 -9999 -9999 -9999 0.0171152752807324 -0.00530046307786504 -0.0562527113979512 -0.0445168573689255 -0.0635350715422339 -9999 0.0565729479199005 0.0459993086547888 -0.0585302901960843 0.025217989982949 0.0655263344525825 -0.0545639164424735 -0.0483392023108356 -0.0883043786426167 -0.0610293151140163 -0.0909498737608884 -0.0882992704715294 -0.114921523923457 -0.133526395853626 -0.097115153490257 -0.130449682478766 -0.115375414619864 0.0101370080842088 -0.0463190055171237 -0.0690374154405066 -0.0691602646555312 -0.0702823604727967 -0.0843499230942223 -0.0770767228579416 -0.0471023262790871 -0.0676571820395692 -0.0769277420968473 -0.0889873143798517 -0.143361859245195 -0.163757101534527 -0.0943587276601039 -0.13928717764738
-9999 -9999 -9999 -9999 -9999 -9999 -9999 -9999 -9999 -9999 -9999 -0.0219156309800076 -0.146386657740728 -0.0777916413389966 -0.109857707210858 -0.0442177834264759 0.0546511011076714 0.110896271741159 0.0790103914178671 0.0213629295510119 -0.0558232744899145 0.0218604317350405 -0.0863848577422226 -0.0563006075624452 -0.00611907598981501 0.0357177076306194 0.00271902596976924 -0.0208175128269936 -0.0744445648186472 -0.0941609111071775 -0.117417366992787 -0.10460737946625 -0.0686950588400412 -0.0846458275701576 0.0396071682622739 0.00974343356064228 0.00480258847572691 0.0520093391775154 0.0231200387749195 -0.0796662357870602 -0.121738783585057 -0.168398295785415 -0.0996583257734085 -0.140621815672554 -0.138870831355569 -0.169750152826637 -0.126361689738245 -0.136794585439547
-9999 -9999 -9999 -9999 -9999 -9999 -9999 -9999 -9999 -9999 -9999 -0.13630448134352 -0.151031944254761 -0.102264622226745 -0.11443833645816 -0.0330622875761856 -0.0358751449636799 0.0457260894291555 0.0239648294096512 0.0748970141670295 -0.0364048605539896 -0.0148683139650231 -0.026325444932186 -0.0363781768186265 -0.00504844423132478 -0.0336894720107889 -0.0330697028616681 -0.0922454998539075 -0.070851466674601 -0.0789406255676988 -0.110688609537791 -0.0746901493986732 -0.0383824066913065 -0.0315348036550861 0.0482504574399574 0.0471433325231537 0.0453595644977877 0.0507411017107629 -0.0171657357709117 -0.0816194808145147 -0.108750669810614 -0.0870803714700498 -0.0200249349013025 -0.155275392703106 -0.0324953960681631 -0.135182609799671 -0.13639185022147 -0.14744820499095
-9999 -9999 -9999 -9999 -9999 -9999 -9999 -9999 -9999 -9999 -9999 -0.103025664934918 -0.13954536873696 -0.114831711942821 -0.0453372629169436 -0.0693662664353906 -0.0300489686434616 0.00649502451686308 0.0462967430870699 0.101804013478388 0.0707521315557479 -0.0259012455444115 -0.0348686357877671 -0.0744156147300335 -0.0544643365562821 -0.0263217256340894 -0.0236417754436483 0.119827212985019 -0.00241405363250913 0.007562150428181 -0.0249338821626595 -0.0417555393793178 0.0411507476812685 -0.0447657130713817 -0.0366746245806498 -0.049567072634039 -0.0143375289015355 -0.018210206136745 -0.127111337656845 -0.0430119823566485 0.0365147912345788 0.0129681839613318 0.0718715578267822 0.0734984199279276 0.0926600701194384 0.0624765813524778 -0.078987760548735 -0.0779797984526699
-9999 -9999 -9999 -9999 -9999 -9999 -9999 -9999 -9999 -9999 -9999 -0.04276048683608 -0.0954338675523037 -0.108347468725973 -0.121088568055319 -0.0481844937242496 0.0103188902673085 0.0322051365412239 0.12921637660314 0.143329353025739 0.130186980582734 0.0854698663102862 0.0434131124270723 -0.0257706252569095 0.0622942448756212 -0.0134409355502525 -0.0531695024888992 0.0648228848913728 0.149992696328072 0.0630646837582812 0.00393738617040967 -0.000329489853840433 0.10683081222133 0.0250474952801324 0.0457917001766261 -0.0238204385665914 -0.0488315615353339 -0.159506861619262 -0.142660441337882 0.0333179212927158 0.0687506221200851 0.0428538040500843 0.105387704783564 0.103769671027792 0.0960649234613703 -0.00379965014132687 -0.165800798813519 -0.0741380369837222
-9999 -9999 -9999 -9999 -9999 -9999 -9999 -9999 -9999 -9999 -9999 -0.081231150894487 -0.0691225998478729 -0.070514363435913 -0.0566124516284542 -0.0195112265635401 0.0272355190493833 0.0128175594766407 0.139988984047636 0.172479386269315 0.117530855163958 0.154447413727637 0.0127768183392236 0.0676173795759546 0.0960697995010152 0.0873284145464823 0.210292130953272 0.256950406766956 0.180134517036196 0.0275832106432629 -0.00429021413304497 0.0435672201189802 0.116662366360767 0.138009697215072 0.0271317632317185 0.0692526914863977 -0.0351947532063067 -0.0389088768938014 -0.00362680432752601 0.0131090617598069 0.122740453158894 0.107682302519594 0.0786931864205805 0.0803118971741035 0.0526203539453378 -0.0818628665497064 -0.116805876712424 0.0753662708091897
-9999 -9999 -9999 -9999 -9999 -9999 -9999 -9999 -9999 -9999 -9999 -0.0452279974573671 -0.0978449607951963 -9999 -0.0735216011678047 0.0461574752399968 0.0319164940561142 0.0549810942803509 0.130674275340188 0.188486716614993 0.116717730533519 0.207893229714666 -9999 0.0522721446433611 0.0586518247727901 0.128364871099814 0.172673214962541 0.332668002524299 0.214060533109988 0.238836521957648 0.107327034416685 0.105499798202154 0.188444306316418 0.164572443109587 0.114915415793482 0.0461723741651859 -0.00129870811075594 -0.000542260816491357 -0.0236215263862683 0.0687569049023147 0.0833670044843043 0.0754375453756076 0.0654492302855623 0.076720623747479 0.0384498647101387 -0.0714285924182937 -0.0297341333035625 0.0710483828710728
-9999 -9999 -9999 -9999 -9999 -9999 -9999 -9999 -9999 -9999 -9999 -0.0293813072285291 -0.051447276117724 -0.0322438585871002 0.103600001030951 0.0444745985319818 0.134635117011142 0.125131849499099 0.118636255882208 0.0952581892763008 0.164216892644645 0.133519770972725 -9999 0.0515670933891542 0.0709051252361733 0.193575879251831 0.277090470860919 0.295331721832683 0.168586186164659 0.255901727953462 0.00846903168864903 0.0834347239593637 0.192383087386429 0.182876138123287 0.0595865564542255 0.0585611774584805 0.00416413519571215 -0.0249482255398376 -0.00960386143929572 0.0777644149568513 0.0709648546477253 0.0580142601444255 0.0434321256749628 -0.0446760380099428 -0.0350178709905863 -0.0420790164758399 0.052275667109743 0.0699599693590255
-9999 -9999 -9999 -9999 -9999 -9999 -9999 -9999 -9999 -9999 -9999 0.0162941001753771 -0.0203730283393809 -0.014913101276205 0.0522596562770693 0.0981407709553985 0.154070141528707 0.104745521434665 -0.00245184340303516 0.0852038430843868 0.140134912139847 0.0928698460481225 0.246287093909862 0.0978082437818364 0.166063649645725 0.176859855243708 0.247654483027521 0.247305490010157 0.22950417092397 0.339226526437774 -9999 -9999 0.204870003480203 0.103532960073712 -0.0105694241765998 -0.0101807837781425 -0.0439895856705999 0.00706957836210973 0.000328436651854905 0.0345845373866645 0.0279468391677578 0.0142971656926856 -0.0415960722578902 -0.0621932243257687 0.0478589024100998 -0.0246667853856878 -0.0328532612302836 0.0558137938123008
-9999 -9999 -9999 -9999 -9999 -9999 -9999 -9999 -9999 -9999 -9999 -9999 -0.0170007522500388 0.0456591242795844 0.0462865961262495 0.0650219257720844 0.0707063442023312 0.10916683555777 0.04463530944341 0.0500447015219925 0.129491190225815 0.0339897566161052 0.0270600281903659 -0.00302340620220537 0.0310997791718069 0.173520392004401 0.244308408542145 0.259384267991877 0.336433451656381 0.282485698375075 0.204648589140804 0.185122062254743 0.0579518841673203 -0.00667720419317724 -0.0127615493171571 -0.0588438803795014 -0.0618309298664559 -0.00108396851011768 -0.0508034352357387 -0.0444745423337197 0.00310581190319389 -0.0829765319821816 -0.0206820830224561 0.0301743421859412 0.0520867002409396 -0.0241118141507882 -0.0327948606731239 0.0365824504302296
-9999 -9999 -9999 -9999 -9999 -9999 -9999 -9999 -9999 -9999 -9999 -9999 -0.0353734867520203 0.115745384505117 0.0944816804709279 0.045035802365446 0.0992175279930151 0.1733985994107 0.130521356599392 0.0580912927464811 0.0992414735583374 0.0646962150179376 0.107694932223601 0.0574446716869278 0.0850737992864359 0.188679456465349 0.364247904744296 0.358587458288267 0.334654076424984 0.200227840554347 0.153102774174677 0.116943141481991 0.103007850940869 0.0172509794626456 -0.0427025265981634 -0.0807740141570942 -0.103027293141052 -0.128723726052409 -0.144646331441918 -0.0233025024724026 -0.0288586826766321 -0.077964052295151 -0.0748111396193954 0.09546464205047 0.101370140046823 0.116828784964968 0.116323018501339 0.124110862895192
-9999 -9999 -9999 -9999 -9999 -9999 -9999 -9999 -9999 -9999 -9999 -9999 0.0620670305017553 0.0994117601573647 0.115796317263393 -9999 -9999 0.203806770057557 0.0950797956298707 0.0923227823194548 0.0671363478852213 0.0374945078397518 0.0236802059422254 0.0399301908092081 0.068553241108818 0.0713043604131121 0.206974422639684 0.259638828512553 0.329010794382553 0.251421759963474 0.154077510752709 0.137108089779882 0.0694070026419376 0.0671559112208834 -0.0176492140571775 -0.101031969960731 -0.0981681348743095 -0.140416369732012 -0.172852109437538 -0.0881894274720489 0.00347071399011884 -0.00415572890158855 -0.0693478385850375 -9999 0.0611945641096379 0.13882323889506 0.16663113633059 0.110193470313241
-9999 -9999 -9999 -9999 -9999 -9999 -9999 -9999 -9999 -9999 -9999 -9999 0.0427874739158099 0.054666473811078 0.142543128441989 0.185207035608991 0.0158692328401376 0.156521685191818 0.0767657016792693 0.0907238173356395 0.0875555715879439 0.0353114029995405 -0.0148795108158857 0.0291803413663166 0.0337751743566881 0.156518815167179 0.0695149272736406 0.195080381833068 0.253444397703985 0.192506606437996 0.166925798695696 0.125654705614083 0.0372028808143191 0.0231390727896834 0.0317849786167235 -0.0668571502637617 -0.0961923711072275 -0.110528338915283 -0.0855637145277584 -0.155378922744118 -0.170242675231961 -0.0109876476822718 0.10393834404391 0.129361165178969 -9999 0.283241520709101 0.27382297370103 0.254830044122827
-9999 -9999 -9999 -9999 -9999 -9999 -9999 -9999 -9999 -9999 -9999 -9999 -9999 0.0414232671331719 0.130078029328741 0.053120042444903 0.0780120920487423 0.0887529466767632 0.0401290715718824 0.065755847247313 0.0837341244274277 0.0614355363069038 0.0582850747811908 0.0356770608546949 0.0471337830526112 0.0589350933634296 0.055495169499245 0.0941525040240258 0.190548768582352 0.205637495930193 0.246990550101278 0.0956180324291734 0.0527129434210338 0.0602733340122226 0.0597374953656529 -0.0222602382839541 -0.0412863754214149 -0.128543379251185 -0.0936709309430274 -0.0928233766827024 -0.0760986503244153 -0.0472116517076031 0.0498657284390403 0.108339341040937 0.149437478928731 0.2590444662215 0.20467302161759 0.232469954840074
-9999 -9999 -9999 -9999 -9999 -9999 -9999 -9999 -9999 -9999 -9999 -9999 -9999 0.120480437881837 0.0979447613506498 0.0318821081752284 0.0754407871767938 0.0607734981531688 0.0804842834386633 0.121669325563441 0.120903112135774 0.071816123499521 0.0753925137864171 0.0882105673704625 0.0484883892991773 0.0404794914480728 0.140208281575636 0.210013326775025 0.241371986872853 0.274284102991958 0.303988739127516 0.2260189779056 0.0551810282056057 0.0647257125123549 0.065696318831038 0.0019359625076583 -0.0441426517917413 -0.0229184369772427 -0.104222479572256 -0.0748078135441058 -0.102176913647539 -0.0887318706757923 -0.0309606159899367 0.00742306667058159 0.0853915489588426 0.136194721884784 0.161139082928666 0.218821535927851
