data/rasters/s5.05.07.cu.2_xyz_08_.asc
NCOLS 100 
NROWS 100 
XLLCORNER -4 
YLLCORNER -4 
CELLSIZE 0.08 
NODATA_value -9999 
[rows 66 to 87 of 100, columns 49 to 97 of 100]
0.0773189099410492 0.0475102378915014 0.0668874592138752 0.131425000733092 -9999 0.238085282887657 0.195365664798347 0.146784970708243 0.0863966019583923 0.0536299060860996 -0.148603973138658 -0.24552021172197 -0.215177317228069 -0.107277691340491 -0.101421709033788 -0.151836467258745 -0.110786901754674 -0.00911226783477084 0.173707707371691 0.24117523136189 0.308663672262178 0.309640489891327 -9999 0.0655299638200568 0.124654677568149 0.104370062081331 -0.0580889227136875 -0.0742865291007667 -0.0157706202635145 0.0457097786172214 -0.00865723549310669 0.00095234479121927 -0.24803877694462 -0.125293401770395 -0.101917095105062 -0.000799303469876012 -0.452207450276562 -9999 -9999 -9999 -9999 -9999 -9999 -9999 -9999 -9999 -9999 -9999 -9999
-0.0126820910937505 0.0633021821699532 0.0411207196684842 0.100232654576863 0.290152066034707 -9999 0.213701106217555 0.176043539549042 0.108628828384557 0.105072062014353 -0.0344641245778155 -0.141867929795291 -0.177674750957845 -0.0163536181089677 0.000633271822766395 -0.101428807597909 -0.126751807096059 -0.0343458317765126 0.17291202327817 0.225564495017276 0.358448514308695 0.425459802850497 0.455252797231349 0.374388453694179 0.245744948026191 0.16233868065056 0.0172614215009952 -0.0762215352296834 0.160766122609721 0.0268740352647311 0.0209160819225471 0.0175305912744642 -0.222475061801754 -9999 0.141944767795247 0.164423438204795 -9999 -9999 -9999 -9999 -9999 -9999 -9999 -9999 -9999 -9999 -9999 -9999 -9999
-0.154064169227117 -0.0295667059375475 0.074307762484324 0.316555779799901 0.240447372335467 0.160301182888352 -9999 0.13849118164668 0.121658120698858 0.0154491170712312 -0.000234929028043091 -0.0457108795988343 -0.0181303085284568 -0.10482934291766 0.127430524855143 0.0181051615431751 -0.00754710330565721 0.0680047899686392 0.235402308270731 0.276250203062178 -9999 -9999 -9999 0.505240705354369 0.382223157393049 0.34994759930478 0.28886018742324 0.326113014659376 0.281992250621056 -9999 0.0404657948870073 0.0177267370908143 -9999 0.420419740727922 0.453300685138688 -9999 -9999 -9999 -9999 -9999 -9999 -9999 -9999 -9999 -9999 -9999 -9999 -9999 -9999
-0.0689326609560657 -0.0981931315266421 -0.0251494577618974 0.143718204218142 0.16684706029179 0.122580262549041 -9999 0.0778728666680318 0.0460550181962177 0.197610302461189 0.0743669135496552 0.0790627929717902 0.1575415015912 0.132559584449133 -9999 -9999 0.0798110694536794 0.160870463754032 0.349371786304388 0.204489932492554 0.190488246319533 -9999 0.644090140119684 0.482433264761752 0.588224824876206 0.479380736680064 0.498873289639013 0.526700069174381 -9999 -9999 -9999 -9999 -9999 0.396688217098803 0.400151102624383 -9999 -9999 -9999 -9999 -9999 -9999 -9999 -9999 -9999 -9999 -9999 -9999 -9999 -9999
-0.0482382210263997 -0.0947605213797854 -0.0927499460764224 0.00208636611040672 0.155365822066149 0.158091511213533 0.0782901597798524 0.0940332304622125 0.107009519382208 0.20028256737695 0.270226542536338 0.18555981544874 0.0725404059065665 0.137946733320466 0.299721510330725 0.241908793080029 0.217632294423656 0.261669277637773 0.32897113259447 0.250810071445488 0.319986051115662 0.313787455513025 0.42450152373239 0.452218327971059 0.503645113298248 0.525064624168843 -9999 0.576718382545996 0.444993300814826 0.3744985658506 0.445575057011008 0.575886483100778 0.437545043295847 0.446732255065579 -9999 -9999 -9999 -9999 -9999 -9999 -9999 -9999 -9999 -9999 -9999 -9999 -9999 -9999 -9999
-0.0462407374821489 -0.0482532394941601 -0.04522337093786 -0.0169095119819527 -9999 -9999 -9999 0.119919110207904 -0.0383402405283821 -0.109724422443568 0.102602447341839 0.0969343551543806 -0.0182539908863937 0.1739091489792 0.286043916340773 0.167451556717243 0.204223206328167 0.187859321182243 0.231672545766676 0.368010278710732 0.343860339256235 0.257512728839676 0.324795517349274 0.27779668751388 -9999 -9999 -9999 0.514732456272755 0.458595949888401 0.394454964151082 0.404017209625274 0.467725448054734 0.440656196790956 0.469959098640047 -9999 -9999 -9999 -9999 -9999 -9999 -9999 -9999 -9999 -9999 -9999 -9999 -9999 -9999 -9999
-0.00592507552448501 -0.0828089478639115 0.00441282975320226 0.0358986420722508 0.0864091303893839 -0.0665225280420343 0.0601150342359508 -0.114071910227424 -0.12718290033462 -0.0494940572729666 -0.0461030257808562 0.00886503277204017 -0.00305231506972636 -0.019046069860052 0.0400188195562317 0.0335601475437532 0.0815983732471462 0.134474870258438 0.0456226923493738 0.172808756339773 0.210630934968415 0.260080585710127 0.258004678848597 0.252280075685384 0.295650012520695 0.372030656581058 -9999 0.395571162390144 0.268431426767545 0.255723405561299 0.391089210974883 0.389613836792592 -9999 -9999 -9999 -9999 -9999 -9999 -9999 -9999 -9999 -9999 -9999 -9999 -9999 -9999 -9999 -9999 -9999
0.0745329558122361 0.058944782739319 0.126130827101569 0.151485484217842 0.176226040239256 0.09029530214533 -0.00766550747074583 -0.0636532542562258 -0.210941646742498 -0.113868394617245 -0.0522827357191619 -0.040023240696192 -0.0509895434249125 -0.01383455100675 -0.00142487527488279 0.00318734842762164 -0.0478536919904532 -0.0148915404267073 0.0170940081494864 -0.0530762807910571 0.145858312166963 0.171306220855429 0.334967685941847 0.153235121918469 0.169992213352879 0.447634725633202 -9999 0.122974865017654 0.19143009180413 0.375844107232488 0.430206900065572 0.307069622614695 -9999 -9999 -9999 -9999 -9999 -9999 -9999 -9999 -9999 -9999 -9999 -9999 -9999 -9999 -9999 -9999 -9999
0.263591305991093 0.15061187896807 0.201270442606061 -9999 -0.139935302911568 7.5017116745388e-05 -0.0681134710863038 -0.110052809789317 -0.190642958460492 -0.178893465086905 -0.152875451298551 -0.168999016130357 -0.194586232167733 0.00781492653709078 0.0980026130840244 0.0768972242228031 0.0372614499533944 -0.10333646294623 -0.0167864580180902 -0.0649749627045103 0.12711270669947 0.154792048466923 0.0688613805308131 0.039648319699353 0.0541252292393366 0.214477894102748 0.0146392729134155 0.136436167134671 0.0672341459925707 0.0345429904546403 -0.0686180065716782 -9999 -9999 -9999 -9999 -9999 -9999 -9999 -9999 -9999 -9999 -9999 -9999 -9999 -9999 -9999 -9999 -9999 -9999
0.0991359308760147 0.159673893361016 0.238269187125029 -9999 0.195066030002482 0.0975889771810524 -0.0502422608269982 -0.0417152079569955 -0.0742141799036503 -0.147668359412302 -0.164930715975973 -0.124090991027259 -0.149080144719827 -0.120505145592238 -9999 -0.0630023641980434 -0.071391809970922 -0.0291684968423873 0.104525871824059 0.133354002844906 0.183718561100085 0.158162413288294 0.0587827397174088 0.0442197001086859 0.0392473916502451 0.0638856408066272 0.208383807030818 0.150947962049417 0.0698510862051041 0.0847244787389041 -0.0584560804076319 -9999 -9999 -9999 -9999 -9999 -9999 -9999 -9999 -9999 -9999 -9999 -9999 -9999 -9999 -9999 -9999 -9999 -9999
0.0647586752106452 0.181291252466388 0.253265657448342 0.245999052101271 0.293058386850391 0.1702534588508 0.0841062263723483 -0.0583098016362502 -0.0545992644729697 -0.0823406014483503 0.0127457144612358 -0.106831953583581 -0.169918193868345 -9999 -0.0150965473073546 -0.0295560964316911 -0.0290635027352485 -0.107546104605114 -9999 -0.0788049570641913 0.0410603580801376 0.0717212165442899 -0.0261909283892193 -0.113738472305213 -0.0442418629916261 -0.19361147377918 -0.0687650503754212 0.282446864101915 -9999 0.128003453056973 -9999 -9999 -9999 -9999 -9999 -9999 -9999 -9999 -9999 -9999 -9999 -9999 -9999 -9999 -9999 -9999 -9999 -9999 -9999
0.0480326743597531 0.129729470374196 0.227568469046646 0.296203080671694 0.267916186650182 0.224293907621632 0.0961739356504418 0.0183418994908406 -0.00241755443760244 0.00341422162929549 -0.0766697620884851 0.0969283508347804 -9999 -9999 -0.0172282955579454 -0.0469933373560964 -0.209632879143419 -0.0652350081338328 -0.0668710745607744 0.057249131861125 -0.0350961726135929 -0.0468384328618277 -0.0630821185545329 -0.116753078456279 -0.17256153743989 -0.195951034189223 -0.171040687254447 -9999 -9999 -9999 -9999 -9999 -9999 -9999 -9999 -9999 -9999 -9999 -9999 -9999 -9999 -9999 -9999 -9999 -9999 -9999 -9999 -9999 -9999
-9999 0.447386734749418 0.39419794249496 0.477249728315222 0.206005206896059 0.164511671367386 0.170180086089632 0.137826583610577 0.0523815278794015 0.100581276572813 0.0565837755921481 0.0867004516696879 -0.0439855567305911 -0.0189679706031786 0.0345447707501266 0.0459408617937282 -0.0336395284155879 0.0370243890449223 -0.0182324037753567 0.000153459005748214 0.138646505258128 0.115159084238072 0.000396055833608463 -0.0608470818843539 -0.179111231326188 -0.0736993921672829 -0.235391798620404 -0.158401324656134 -9999 -9999 -9999 -9999 -9999 -9999 -9999 -9999 -9999 -9999 -9999 -9999 -9999 -9999 -9999 -9999 -9999 -9999 -9999 -9999 -9999
0.227035943348522 0.506059420955236 0.524151198455054 -9999 0.219372527378233 0.232015832205195 0.221729999037389 0.120729561396234 0.106949477438765 0.162118330553895 0.178603700094797 0.134365982779482 0.131512720819373 0.243805787502027 -0.0321262699874609 -0.0377797702215652 -0.0217881836687641 -0.05830699108789 -9999 -0.0637323867332425 0.0147129355154775 0.110589406640065 -0.0437700199871117 -0.137691496553027 -0.251521068681498 -0.284894800674195 -0.261236527277011 -9999 -9999 -9999 -9999 -9999 -9999 -9999 -9999 -9999 -9999 -9999 -9999 -9999 -9999 -9999 -9999 -9999 -9999 -9999 -9999 -9999 -9999
0.256358518107761 0.194886199914406 0.208258609565207 -9999 -9999 -9999 -9999 0.318074451056979 0.335908101904128 0.260928372889442 0.199040992997058 0.135016890994571 0.0718168338339722 -0.00130001656858733 0.0541703258398085 0.0828610746675796 -0.0359284404621924 -0.0100055485679027 -0.0296800459818987 0.0253567202038811 -0.0280078991242326 -0.0563993121947906 -0.147671490001493 -0.153489159379233 -0.210741150275396 -0.215549756567789 -9999 -9999 -9999 -9999 -9999 -9999 -9999 -9999 -9999 -9999 -9999 -9999 -9999 -9999 -9999 -9999 -9999 -9999 -9999 -9999 -9999 -9999 -9999
-0.0356993140637256 0.210639630938034 0.0451422106536465 0.150362723009178 -9999 0.590901003012322 0.547843168324076 0.545249360058268 0.39923230860925 0.400180888065351 0.269363569674615 0.252596886835793 0.274285547447228 0.162810326778184 0.140548291536109 -9999 -9999 -9999 -9999 -0.136501869903865 -0.0431665588844128 0.000350693285780305 -0.107636206622683 -0.155450938528338 -9999 -9999 -9999 -9999 -9999 -9999 -9999 -9999 -9999 -9999 -9999 -9999 -9999 -9999 -9999 -9999 -9999 -9999 -9999 -9999 -9999 -9999 -9999 -9999 -9999
-0.0604370964770393 0.0402324256857099 0.211760329306071 0.330729970863219 -9999 0.500073869579565 0.443720268933437 0.389701084007648 0.345774552482769 0.318390655640372 0.259775605641799 0.346351443347751 0.233075855283202 0.207428030912535 0.196924954106626 0.158908534556224 0.177498483407625 -9999 -9999 -9999 0.200343143086383 0.212761921635188 -9999 -9999 -9999 -9999 -9999 -9999 -9999 -9999 -9999 -9999 -9999 -9999 -9999 -9999 -9999 -9999 -9999 -9999 -9999 -9999 -9999 -9999 -9999 -9999 -9999 -9999 -9999
-0.0220430748758425 -0.00211267876058298 0.181539236337887 0.386564851554238 0.424480057389717 0.493873997952539 0.472409890656877 0.298990843771482 0.395033231538034 0.307484114471003 0.326866044286132 0.481336224054482 0.188433894036036 0.118880328109891 0.137956454629207 0.182676214518734 0.159365565208866 0.154170483078186 0.146544073885937 -9999 0.122110192722601 -9999 -9999 -9999 -9999 -9999 -9999 -9999 -9999 -9999 -9999 -9999 -9999 -9999 -9999 -9999 -9999 -9999 -9999 -9999 -9999 -9999 -9999 -9999 -9999 -9999 -9999 -9999 -9999
0.0496241412642914 0.148285351719605 0.236508367080004 0.316988523506555 0.295940159465174 0.411409680622632 0.440966528329669 0.404973105719102 0.362789392040553 0.445025304051791 0.158678104845488 0.213222968932848 0.175302771980445 -0.0143011130106766 0.0824142307684062 0.062671119313431 0.0811616783485496 0.166835825209904 0.172435267292822 -9999 -9999 -9999 -9999 -9999 -9999 -9999 -9999 -9999 -9999 -9999 -9999 -9999 -9999 -9999 -9999 -9999 -9999 -9999 -9999 -9999 -9999 -9999 -9999 -9999 -9999 -9999 -9999 -9999 -9999
-9999 0.141460572231517 0.2949159435396 -9999 0.365150282893813 0.406875944378949 0.370445368122047 0.322979412789919 0.282119226291103 0.351996587981826 0.159407452326865 0.174731994668387 0.176759016358453 0.0057245660654913 0.0463457867071027 0.0222363255704197 0.166243842911109 0.198731823754728 -9999 -9999 -9999 -9999 -9999 -9999 -9999 -9999 -9999 -9999 -9999 -9999 -9999 -9999 -9999 -9999 -9999 -9999 -9999 -9999 -9999 -9999 -9999 -9999 -9999 -9999 -9999 -9999 -9999 -9999 -9999
-9999 -9999 0.570004261894152 0.592345654619332 0.420219565921675 0.51356983443603 0.339598174591167 0.264875654432771 0.25910831805023 0.360464253257503 0.0340637725762077 0.0549110225349547 0.270594857991555 -0.0583999118496118 0.0144798001957074 -9999 -9999 -9999 -9999 -9999 -9999 -9999 -9999 -9999 -9999 -9999 -9999 -9999 -9999 -9999 -9999 -9999 -9999 -9999 -9999 -9999 -9999 -9999 -9999 -9999 -9999 -9999 -9999 -9999 -9999 -9999 -9999 -9999 -9999
-9999 0.426750755177855 0.47330543214064 0.488901652293441 0.438878519980392 0.331691099795729 0.311095684771907 -9999 0.335380749334554 -9999 0.0786364365339877 0.205432870621297 -9999 -9999 -9999 -9999 -9999 -9999 -9999 -9999 -9999 -9999 -9999 -9999 -9999 -9999 -9999 -9999 -9999 -9999 -9999 -9999 -9999 -9999 -9999 -9999 -9999 -9999 -9999 -9999 -9999 -9999 -9999 -9999 -9999 -9999 -9999 -9999 -9999
