data/rasters/s5.05.07.cu.4_xyz_08_.asc
NCOLS 100 
NROWS 100 
XLLCORNER -4 
YLLCORNER -4 
CELLSIZE 0.08 
NODATA_value -9999 
[rows 21 to 41 of 100, columns 0 to 47 of 100]
-9999 -9999 -9999 -9999 -9999 -9999 -9999 -9999 -9999 -9999 -9999 -9999 -9999 -9999 -9999 -9999 -9999 -9999 -9999 -9999 -9999 -9999 -9999 -0.234023643681489 -0.08446265006526 -0.074749039137107 -0.0260183804844104 0.0374966520230929 -0.0515882610264775 -0.0507566460700809 -0.0213244340946302 -0.0553736341430837 -0.0753863550813457 -0.0660549712709527 -0.0936596090763096 -0.0955175740845877 -0.050787621961348 0.0845811710327606 0.124015121465403 0.202589103155365 0.170624697216066 0.153694863984108 0.0958191764749263 0.0244576649741891 0.0102944141317667 -0.011432786215578 -0.00132686432944797 -0.0589473641548071
-9999 -9999 -9999 -9999 -9999 -9999 -9999 -9999 -9999 -9999 -9999 -9999 -9999 -9999 -9999 -9999 -9999 -9999 -9999 -9999 -9999 -9999 -0.287691340663287 -0.249291305143837 -0.166349723526857 -0.131042897329985 0.0656411296461524 -0.165245346013469 -0.112707867898946 -0.130909672197011 -0.0427183678634121 -0.0668197770929875 -0.0477464692849596 -0.0735611016053084 -0.0809257826952984 -0.0248890062093394 0.0247852258579383 0.113795959981205 0.135182297866952 0.221432131675056 0.213620246582559 0.155687645351797 0.078034899569363 0.0380992148604988 0.0552758637283344 0.0057686714484169 -0.0416503150815767 -0.118473215389936
-9999 -9999 -9999 -9999 -9999 -9999 -9999 -9999 -9999 -9999 -9999 -9999 -9999 -9999 -9999 -9999 -9999 -9999 -9999 -9999 -9999 -0.256893482058087 -0.240416661652262 -0.205685950038508 -0.268232422324015 -0.331562156833156 -0.288009475807452 -0.287869301147688 -0.335543352312801 -0.144663227223273 -0.108283641084343 -0.0735032862264159 -0.0350287264819268 -0.110231116667721 -0.103000889225927 -0.0596784975166879 0.0192273688603255 0.104334208298309 0.118751838479148 0.144096422990827 0.184258050489776 0.0816989182677914 0.0259507746741996 -0.0291171390786082 -0.0219549475969628 0.0419142322600784 0.0138827743183733 -0.0599485636231676
-9999 -9999 -9999 -9999 -9999 -9999 -9999 -9999 -9999 -9999 -9999 -9999 -9999 -9999 -9999 -9999 -9999 -9999 -9999 -9999 -0.121755108865111 -0.212409244092388 -0.238978261957742 -0.208347737595599 -0.304668072454793 -0.359041472013668 -0.413257851010219 -0.300843218776677 -0.438560732171368 -0.287558187330357 -0.205512058879255 -0.184973923278869 -0.162188085415375 -0.130500805482884 -0.11319171988811 -0.0402443357250402 0.0116141948099996 -9999 0.106667308011913 0.112541760774367 0.115086846871221 0.0310236457315335 -0.031849486782091 -0.0274459520439362 -0.0558339508191543 -0.0350618412927131 -0.0298566415948876 -0.0156312351382679
-9999 -9999 -9999 -9999 -9999 -9999 -9999 -9999 -9999 -9999 -9999 -9999 -9999 -9999 -9999 -9999 -9999 -9999 -9999 -0.130330300538378 -0.106001196890043 -0.174341433585489 -0.196837285644606 -0.170075085125788 -0.230355974992462 -0.290343069409803 -0.434904591706295 -0.482553340819 -0.458403672088464 -0.30811460748054 -0.231174420081181 -0.221424915031665 -0.133519908604819 -0.0912240683317982 -0.120638751210767 0.00301646713032827 0.0120433939837788 0.0362624457667125 -9999 0.105369216740803 0.0872247379429153 0.0211309217698381 -0.00474654504370497 -0.00924689478860859 -0.00803581667288486 -0.0356197330545234 -0.0432743043577164 0.0417988285704267
-9999 -9999 -9999 -9999 -9999 -9999 -9999 -9999 -9999 -9999 -9999 -9999 -9999 -9999 -9999 -9999 -9999 -9999 -9999 -0.0816226855446872 -0.15841019888458 -0.169245475960189 -0.146100661880689 -0.157042109571227 -0.252016669496368 -0.346135884948374 -0.418782572612105 -0.393814540641728 -0.427443252349665 -0.361221068179071 -0.218401262580503 -0.186040446867907 -0.132256390171372 -0.00184446562270952 -0.0570414916151119 0.0263893966488894 -0.000229983486135957 0.0296235444338134 0.0167207119641869 0.0684225957172831 -9999 0.0178850387787835 -0.0575191598901239 -0.0490313155120372 -0.0386951238136406 -9999 -0.045889249018894 -0.00246461596261487
-9999 -9999 -9999 -9999 -9999 -9999 -9999 -9999 -9999 -9999 -9999 -9999 -9999 -9999 -9999 -9999 -9999 -9999 -0.209313961034863 -0.187457278086817 -0.155681204247776 -0.190609622355056 -0.160303289915498 -0.180645297589273 -0.276110632708328 -0.376047396183901 -0.473868255323901 -0.340059888767441 -0.363490763352144 -0.31785764228249 -0.222719247772211 -0.132010347636899 -0.0227978283749699 -0.0113590820787617 -0.0126976274898618 0.0218818674126611 -0.0199662701207459 -0.00494034523894127 -0.0111585562140092 0.00546856469953647 0.0377531045494124 0.0337833796129404 -0.0518074610651175 -0.086388449346518 -9999 -9999 -9999 0.0252248554941348
-9999 -9999 -9999 -9999 -9999 -9999 -9999 -9999 -9999 -9999 -9999 -9999 -9999 -9999 -9999 -9999 -9999 -0.241336061350674 -0.23569522300446 -0.257894058042433 -0.274331387093484 -0.224691247477158 -0.222511398548713 -0.295243962806465 -0.381577685405672 -0.432284424574202 -0.396410767570844 -0.295805214012134 -0.293253815561736 -0.294246460871501 -0.315468111089613 -0.166341446859846 -0.0637629420658077 -0.00955248892341393 -0.00264752216387673 -0.0368771425530156 -0.0519762699411146 -0.054068223772285 -0.0364498046738085 -0.0310904477987694 -0.0175530001292884 -0.0457160969458786 -0.0732424773800792 -0.0411651025987572 0.00211946226172336 0.0100304926585363 0.00336393867291877 0.0641371286473713
-9999 -9999 -9999 -9999 -9999 -9999 -9999 -9999 -9999 -9999 -9999 -9999 -9999 -9999 -9999 -9999 -9999 -0.340828507723734 -0.224308654825279 -0.265602243298873 -0.280328297501974 -0.273450059175288 -0.284748379095603 -0.291299810522038 -0.397375315122029 -0.390897264540347 -0.386272361702631 -0.288747464294076 -0.258341332186475 -0.290496316001011 -0.244587117887782 -0.14696090074086 -0.093674448072867 -0.00520712540437451 -0.0866780539532032 -0.039479119788396 -0.107560531304044 -0.100289928514295 -0.0649440139015441 -0.0619646785388072 -0.0886771754897533 -0.17003766766752 -0.0721003917437564 -0.00728016216705985 0.0106011003208596 0.0438438107715836 0.0447803572757305 0.0532766660680142
-9999 -9999 -9999 -9999 -9999 -9999 -9999 -9999 -9999 -9999 -9999 -9999 -9999 -9999 -9999 -9999 -0.368698227718532 -0.409068327191703 -0.254175071622604 -0.266565176401309 -0.290247243662712 -0.309822692555513 -0.332648498478375 -0.361800081845283 -0.381295679497887 -0.392176533168354 -0.356506308587905 -0.25107602022207 -0.184816575485613 -0.195340477760059 -0.20715879802018 -0.125308150868798 -0.0116395621825119 -0.00118946066075755 -0.0253652570361654 -0.0540839279326605 -0.0589307319430898 -0.0568044215439889 -0.141670971212174 -0.130385061582836 -0.143465607840473 -0.162593798578429 -0.115443706562871 -0.0141906712170536 0.0321769927699201 0.0296882531291211 0.0570516743700492 0.106103926159359
-9999 -9999 -9999 -9999 -9999 -9999 -9999 -9999 -9999 -9999 -9999 -9999 -9999 -9999 -9999 -0.455387556751005 -0.440437153488716 -9999 -0.346768128806531 -0.402959124169324 -0.311589803993066 -0.359149765074928 -0.391767908891986 -0.446897010667067 -0.405729061657241 -0.378452042271709 -0.345742328206376 -0.254595249120009 -0.157589482971926 -0.186892749281702 -0.204057150511533 -0.175167220087743 -9999 -9999 -0.0158844083817687 -0.0356531382667919 -0.0189192835747241 -0.0776451073419638 -0.130774136609655 -0.149986461309526 -0.1535981492738 -0.113000467869877 -0.080951035442537 -0.020589791775936 -0.00967954524889775 0.00533164016927536 0.0815595883765352 -0.0141989566192305
-9999 -9999 -9999 -9999 -9999 -9999 -9999 -9999 -9999 -9999 -9999 -9999 -9999 -9999 -9999 -0.411331903420195 -0.413660200820604 -9999 -0.435326159989107 -0.282629275610854 -0.280038217736003 -0.293363326750375 -0.29943826291652 -0.298805137981757 -0.330881536169691 -0.311932435796446 -0.305752890137349 -0.251337145627557 -0.140316095277756 -0.127645357605004 -0.171988477145214 -0.22437170625207 -0.254071138009025 -0.218376010016554 -0.0708196945928199 -0.0882783903391934 -0.0631105400541027 -0.070975610428134 -0.0990777922233221 -0.134753864332864 -0.106479454110393 -0.0668499083218066 -0.0188367195459845 0.0347240665218189 0.0216355719725401 0.0273297712911898 0.00216612164322901 -0.0539293618410229
-9999 -9999 -9999 -9999 -9999 -9999 -9999 -9999 -9999 -9999 -9999 -9999 -9999 -9999 -9999 -0.388819522328127 -0.386292229704273 -9999 -9999 -0.193464524591338 -0.266107085065196 -0.318318753105901 -0.326966482321197 -0.341904181293841 -0.307574207596667 -0.206431516684946 -0.215456729957988 -0.203889111867995 -0.210121471162003 -0.23118650651256 -0.204377301243537 -0.231841908273288 -0.231162925560866 -0.211967007683175 -0.150737121473069 -0.142569549361983 -0.136234691382182 -0.125968154069702 -0.0844703447968245 -0.103374116570516 -0.0539744345818012 -0.0670452550272526 -0.0202083070285702 0.00489477818013529 0.0500108280751473 0.0409683375473098 0.0292627112868794 0.00716117570070207
-9999 -9999 -9999 -9999 -9999 -9999 -9999 -9999 -9999 -9999 -9999 -9999 -9999 -9999 -0.342539709845354 -0.32338307709289 -9999 -0.31011658273289 -0.294367819875057 -0.260821293462433 -0.277821684245805 -0.332547787520061 -0.303781176978437 -0.338658109766182 -0.336200713730432 -0.259548183014999 -0.217074941895841 -0.215205530906106 -0.220675873598528 -0.201526275642209 -0.210616998367842 -9999 -0.229978719109445 -0.186177390995495 -0.191615222408935 -0.187845538801138 -0.160920105657745 -0.0927251423081092 -0.0715305783969443 -0.0943737167922167 -0.0501474910477282 -0.0306436910403101 -0.00185386213988335 0.0270708801451416 0.0498478758413093 0.000333301196114608 0.0263668463388928 0.0164023473195734
-9999 -9999 -9999 -9999 -9999 -9999 -9999 -9999 -9999 -9999 -9999 -9999 -9999 -9999 -0.189844297960396 -0.226447530571518 -0.256149047180797 -0.245402383366195 -0.277282431597101 -0.301223630528323 -0.316170589021012 -0.31431943786064 -0.35552879480487 -0.357422339231967 -0.362168880735497 -0.320828237844938 -0.251193917624116 -0.242171537675149 -0.235904570964514 -0.253224318517608 -0.296225401428998 -0.254844160971803 -0.233066774870509 -0.213749333576572 -0.229948545207083 -0.255579345876854 -0.204099915028916 -0.268893812885231 -0.15586483580788 -0.181793758527482 -0.0718213358695911 -0.170611638414337 -9999 -0.0816035645115314 -9999 0.0196999281679054 0.026832663548802 -0.0508192720816918
-9999 -9999 -9999 -9999 -9999 -9999 -9999 -9999 -9999 -9999 -9999 -9999 -9999 -0.203287895992236 -0.227634585627869 -0.212035980230322 -0.180367327339336 -0.215915950010182 -0.269938481606281 -0.319681572089438 -0.337658571223484 -0.366384196200472 -0.38102120540734 -0.337794876990518 -0.322802293788292 -0.293502184719699 -0.239360573227052 -0.255327738495959 -0.285341762211781 -0.272370981534798 -0.249663313505201 -0.227920490238617 -0.228916545890801 -0.227468400247267 -0.234945526699576 -0.251492995236482 -0.262941806647669 -0.245652135490743 -0.2448062259576 -0.247217413659272 -0.259383464170477 -0.218801661046591 -0.127933656292538 -9999 -9999 -0.038428591792095 -0.0209903467504615 -0.0627865077369961
-9999 -9999 -9999 -9999 -9999 -9999 -9999 -9999 -9999 -9999 -9999 -9999 -9999 -0.136726399632376 -0.174313444144857 -0.12463163408826 -0.11178567183155 -0.12528415025789 -0.183667789041041 -0.265013953738108 -0.3488815812563 -0.387956061046925 -0.413530479754932 -0.403855838885926 -0.337759474272481 -0.341237053049225 -0.336878160525604 -0.268010998207345 -0.278741155085056 -0.302413611341687 -0.246313561048411 -0.195257323253085 -0.222297116993278 -0.227952920333409 -0.262150864684311 -0.296623008724695 -0.268597386268548 -0.232195149539927 -0.261557357836398 -0.291625956227585 -0.292593970126907 -0.121935338486435 -0.16468967653394 -0.216429717775089 0.107171503586573 0.173305150956901 -0.0553011078448446 -0.11936748453685
-9999 -9999 -9999 -9999 -9999 -9999 -9999 -9999 -9999 -9999 -9999 -9999 -0.1790836958382 -0.163185939064535 -0.128739029686882 -0.133745190127052 -0.137881377062233 -0.168164814132482 -0.204667884802449 -0.315381033167569 -0.365880451442043 -0.362025780640629 -0.390144276910541 -0.394811252606341 -0.375313317556086 -0.340829201354022 -0.349579809015957 -0.358710460060948 -9999 -9999 -9999 -0.215625480525783 -0.178790363902351 -0.126420469136781 -0.209464533924671 -0.160963738253733 -0.233072402079677 -0.281903528321663 -0.302487277704559 -0.327962542492096 -0.308703036040301 -0.290757199503352 -0.229975480103918 -0.216966152536928 0.142419028400518 0.130958989376217 -0.0163878926542554 -0.0543296657015622
-9999 -9999 -9999 -9999 -9999 -9999 -9999 -9999 -9999 -9999 -9999 -9999 -0.145147803004303 -0.187538336490397 -0.157866790738107 -0.150803914731837 -0.118466143105234 -0.157765098055451 -0.315288055661088 -0.318406238826904 -0.344347834606511 -0.430056199617892 -0.39010650401984 -0.352244298372874 -0.363630107212019 -0.366161316649559 -0.421377957276504 -0.428735650906615 -0.297386578338787 -0.296629208092662 -9999 -0.191335910591476 -0.214855379971252 -0.196435360273793 -0.179241210574162 -0.154969177532952 -0.235921720352351 -0.244119431058568 -0.253832389643004 -0.271073742710647 -0.251015607165962 -0.214781531015329 -9999 0.37294615365429 0.251080406907341 0.182584754942773 0.172813230966803 0.0576945789681707
-9999 -9999 -9999 -9999 -9999 -9999 -9999 -9999 -9999 -9999 -9999 -9999 -0.288120456715941 -0.344046632229605 -0.309852700273584 -0.263308679602759 -0.230573989026115 -0.367699275069596 -0.405615614960132 -0.377242530612069 -0.370611682216358 -0.381064832260686 -0.359503795112159 -0.368163016271412 -0.353225603441403 -0.344740060439234 -0.411681146174209 -0.408646715488103 -0.388190665691431 -0.34176967004952 -0.273409791471169 -0.28497736826785 -0.328203293101878 -0.282300111030584 -0.19852633863374 -0.148898568764805 -0.353562800256813 -0.281912549433986 -0.261528217889927 -0.21634490483114 -0.12410861423826 -0.0876783285448653 0.155316529850103 0.0436160331091016 0.286231837390656 0.255017931330027 0.265888872507851 0.164223323339484
-9999 -9999 -9999 -9999 -9999 -9999 -9999 -9999 -9999 -9999 -9999 -9999 -0.277402085986082 -0.23585218006549 -0.30650317057253 -0.277671437319752 -0.258059263587163 -0.377109493301643 -0.325323325248325 -0.266244442720769 -0.314997211092007 -0.312133769871768 -0.311582693599309 -0.352638652368726 -0.356840190619182 -0.400482113768881 -0.363487071025824 -0.365055483574303 -0.35094434948921 -0.353855795460498 -0.399459671928663 -0.387344632583625 -0.266195732493774 -0.271532812342153 -0.25856554541906 -0.1514326177135 -0.141845609371973 -0.193159017585807 -0.185401745344671 -0.0811115212955588 -0.0543271126873682 -0.0397953108779102 0.115237746572161 0.160312151019515 0.281799987310536 0.224213126053092 0.191722254858135 0.140237491238308
