data/rasters/s6.03.08.li.1_xyz_08_.asc
NCOLS 100 
NROWS 100 
XLLCORNER -4 
YLLCORNER -4 
CELLSIZE 0.08 
NODATA_value -9999 
[rows 22 to 43 of 100, columns 0 to 48 of 100]
-9999 -9999 -9999 -9999 -9999 -9999 -9999 -9999 -9999 -9999 -9999 -9999 -9999 -9999 -9999 -9999 -9999 -9999 -9999 -9999 -9999 -9999 -0.206675141153343 -0.0834664430789826 -0.098065328137708 -0.0920523161052233 -0.0716811115855373 0.0432845169513864 -0.0131078212452416 -0.051002666773056 -0.0598306934913883 -0.0122075257306973 -0.0303266025532981 -0.0374537608893162 0.128477046736988 0.0910727917547602 0.0376904135683032 0.0258010710782637 0.0609393500139598 0.018389261338104 -9999 -9999 -9999 -0.0183409325379134 -0.00503754662007886 0.0723204027566157 0.181174337180917 0.201240071362733 -0.12532465591824
-9999 -9999 -9999 -9999 -9999 -9999 -9999 -9999 -9999 -9999 -9999 -9999 -9999 -9999 -9999 -9999 -9999 -9999 -9999 -9999 -9999 -0.218676230464529 -0.161434507099835 -0.147718598299683 -0.100978874564146 -0.117704573963646 -0.122578930571797 -0.22483556374826 -0.132116782439065 0.00335082191429873 -0.00888003286840411 -0.0483484618924466 -0.0102811754360323 0.0606446261032395 0.0289891104029262 0.0537369374306857 0.0667742065451035 0.175798514193777 0.0202346519269923 -9999 0.117331991072529 0.137513374020307 -9999 0.0642323831469473 0.0807116638153006 0.0940475689402034 0.0789196980162533 0.0990255276402379 -0.0366310291144968
-9999 -9999 -9999 -9999 -9999 -9999 -9999 -9999 -9999 -9999 -9999 -9999 -9999 -9999 -9999 -9999 -9999 -9999 -9999 -9999 -0.355401129820723 -0.170925630394396 -0.123842032615328 -9999 -0.0310202712300393 -0.0897650504147584 -0.0392888430221791 -0.157958901493057 -0.132033944834155 -0.22516833380451 -0.106467961904097 -0.0487952552610285 0.0340979212603152 0.0444609263960725 0.0527499276221332 0.126676684687183 0.159455084213848 0.173351409425516 -0.0440296708536127 -0.019572541271261 0.081103807721538 -9999 -9999 -9999 -9999 0.0947297913363578 0.120220034349668 0.0294628797678121 -0.133794810182745
-9999 -9999 -9999 -9999 -9999 -9999 -9999 -9999 -9999 -9999 -9999 -9999 -9999 -9999 -9999 -9999 -9999 -9999 -9999 -9999 -0.00379814837058818 -9999 -9999 -0.0510804327740809 -0.166440068919866 -0.151364785665904 -0.134710312584314 -0.197460437011339 -0.157751248553506 -0.186515899759293 -0.131036120321337 -0.0830691771350166 -0.0164336601286922 0.175309046432329 0.119283608664605 -9999 0.132295257858703 0.145707000157787 0.132472939012019 0.00554186501484154 -9999 -9999 0.225858714848494 0.129370860502482 -9999 -0.0127364216048884 0.0227514450380873 -0.176588335555987 -0.18018652332305
-9999 -9999 -9999 -9999 -9999 -9999 -9999 -9999 -9999 -9999 -9999 -9999 -9999 -9999 -9999 -9999 -9999 -9999 -9999 -0.178379327845426 -0.272893635782366 -9999 -0.139529790271896 -0.141640770205043 -0.223521438503682 -0.216110007915505 -0.22287768911005 -0.210438069323855 -0.172479936678519 -0.123615971483427 -0.139548088925295 -0.131745735927946 -0.0556360607183041 -0.114788935864617 0.146033121276203 -9999 0.126058869249473 0.106616905008732 0.0617471561738853 0.0215823822358296 -9999 -9999 0.158770599260152 0.10662795319974 0.0779071899629013 -0.00421218186824367 0.0916805862231967 0.152924315196678 -9999
-9999 -9999 -9999 -9999 -9999 -9999 -9999 -9999 -9999 -9999 -9999 -9999 -9999 -9999 -9999 -9999 -9999 -9999 -0.282583068958647 -0.190754704083433 -0.0453440537858103 -9999 -0.162986724346298 -0.183473460557044 -0.0916882556220412 -0.222845587397284 -0.202384321297072 -0.218543291565553 -0.165647317356175 -0.201889667873184 -0.187244875752558 -0.110018492621762 -0.0750073230635762 0.0947268526083126 0.168279887300342 -9999 0.0912984619257685 0.0967598555121792 0.0707247591040282 0.126375166536647 0.148627902319393 0.107799831753607 -0.0140594887350654 0.0956596939397315 -0.030163018981005 0.0116025039897181 0.0885508384707401 0.0344034203410683 0.00637558759721421
-9999 -9999 -9999 -9999 -9999 -9999 -9999 -9999 -9999 -9999 -9999 -9999 -9999 -9999 -9999 -9999 -9999 -0.00771414445185285 -0.154093213670939 -0.0558795970507572 0.111474398281158 0.0287845876772605 -0.0435392622998484 -0.144183783279627 -0.168207582298105 -0.212059653079718 -0.14246223324875 -0.236622864069001 -0.120139432390026 -0.136422780361073 -0.194645571053519 -0.169932480566624 0.0470371114279214 -0.0970310683687339 -0.187946055640938 0.0292847999432105 -0.0036719807992038 -0.0703414646982763 -0.0483929484232683 0.10134498405575 0.0940794069919947 0.186137363381401 0.130586460925163 0.00887694434476396 -0.00306319808094429 -0.051127526395284 0.0995709854982115 0.0226114653829145 -0.0770491037417281
-9999 -9999 -9999 -9999 -9999 -9999 -9999 -9999 -9999 -9999 -9999 -9999 -9999 -9999 -9999 -9999 -9999 -0.127699215912553 -0.0633627215642359 -0.122241556648461 0.104632325697319 -0.0770761982318639 -0.112818263352689 -0.184550366697708 -0.183786435072794 -0.187222651580236 -0.207550657146419 -0.170711147683565 -0.221592077081974 -0.178526909358961 -0.214137770689699 -0.162601852828753 -0.1982671939189 -0.185053544577951 -0.244248322506311 -0.157111015886638 -0.161034479345983 -0.053831498186606 -0.00705671948139455 0.0768741156316199 0.0381739733189207 0.0868026720561626 0.097344931380995 0.0278923389627589 0.108097831365403 0.102063600541118 0.0824015996920678 -0.0451692572489681 -0.0601636314076797
-9999 -9999 -9999 -9999 -9999 -9999 -9999 -9999 -9999 -9999 -9999 -9999 -9999 -9999 -9999 -9999 -0.307316030705227 -0.354072321629249 -0.0207907966374928 -0.0948259144647044 0.0284752212483247 0.0862781519237382 0.11876055261372 -9999 -0.239339242927177 -0.168866525572423 -0.211241098734055 -0.217970752767428 -9999 -0.219983820200978 -0.30132614130653 -0.198978689283722 -0.174543242606859 -0.244573283458675 -0.245275102555294 -0.270706211121841 -0.22193403044473 -0.0228451826613706 -0.00878217157315172 -0.0373560780994793 0.0133757752543918 0.0709637440453796 -0.0558200818497683 0.032820898519143 -0.0102968210272374 -0.0318441915267002 0.011927085254973 -0.0352950055788751 -0.048582270453791
-9999 -9999 -9999 -9999 -9999 -9999 -9999 -9999 -9999 -9999 -9999 -9999 -9999 -9999 -9999 -9999 -0.330802685728072 -9999 -0.0702515448437636 -0.0569739696718929 0.0167227050201766 -0.156867714008455 -0.271942987526922 -0.221324711164728 -0.277925282588976 -0.3315617218476 -0.25646526309519 -0.219968118541031 -9999 -0.189944123194425 -0.163785792989852 -0.221526657400892 -0.168728801986057 -0.231225801990497 -0.159440743066776 -0.180841659742696 -0.143000356877808 -0.152658479608897 -0.0269956329675063 -0.052357007558064 0.0137680505551596 0.0802809393911427 0.106394923469173 0.0232172978134094 -0.029712168309065 0.0052552927814058 -0.0349920144066341 0.0353135160964026 -0.00417228105418518
-9999 -9999 -9999 -9999 -9999 -9999 -9999 -9999 -9999 -9999 -9999 -9999 -9999 -9999 -9999 -0.303643883493797 -0.266137840178162 -0.0377437623599962 -0.198585163660309 -0.158452674345391 -0.1247858885279 -0.23937297660316 -0.295333360833264 -0.243522154171355 -0.0243320287108638 -0.324925380113674 -0.312392903670801 -0.213435747998215 -0.173337551723193 -0.295655567607568 -0.275189218385136 -0.219396587826398 -0.295494056388873 -0.233750692171754 -0.261319981547018 -0.199407302784798 -0.150783629867314 -0.106725873745327 -0.0906789301664568 -0.215733866330844 0.159218200476031 0.0984267874971128 0.0111941405012684 0.0216679214406877 -0.0028011952846022 0.0483421116511057 0.00473645792197813 0.101326082733178 -9999
-9999 -9999 -9999 -9999 -9999 -9999 -9999 -9999 -9999 -9999 -9999 -9999 -9999 -9999 -0.00119850737699301 -0.286990535713842 -0.0315623243041998 -0.103113695593235 -0.152213582444937 -0.239105603158095 -0.199668107095684 -0.224265315258784 -0.263833985337646 -0.176887781028409 -0.299918037425988 -0.337262772877416 -0.242247763394083 -0.216892024679555 -0.247572192177947 -0.253465702411763 -0.236199946473878 -9999 -0.325349687993736 -0.287168807673541 -0.207951733640871 -0.20331187588319 -0.0998699842961156 -0.0678365368218623 0.0453239132352092 0.18773064437202 0.095306930778414 0.0898409622827491 0.0734772112310049 0.0593556005464854 0.0645659304095407 0.0344836741870363 0.0185870321000893 0.004463143714671 0.181954785645633
-9999 -9999 -9999 -9999 -9999 -9999 -9999 -9999 -9999 -9999 -9999 -9999 -9999 -9999 -0.323386792448791 -0.299740550736065 -0.277646676730481 -0.166334211065777 -0.236242699496127 -0.233595713572689 -0.158881412625424 -0.218146804384715 -0.309863197586467 -0.364339242561737 -0.351903967774099 -0.325503005342896 -0.255765760731127 -0.193789108313031 -0.147616921494051 -0.243077849814185 -0.245861701727143 -0.269972467629294 -9999 -9999 -9999 -0.251566009804234 -0.0533312146324893 -0.0625879649852433 -0.00356402549357766 0.0401509768211444 0.145310655056857 0.105630476111456 0.0881988748391222 0.125963340072019 0.148655429547968 0.0751322207991752 0.0409895751369022 -0.0117411581971863 0.0450916520538603
-9999 -9999 -9999 -9999 -9999 -9999 -9999 -9999 -9999 -9999 -9999 -9999 -9999 -9999 -9999 -9999 -9999 -0.161935881700882 -0.31861931459252 -0.323348697836458 -0.1863882533723 -0.245192702025931 -0.303749867082434 -0.429123143689059 -0.376346260176594 -0.369318353014733 -0.315305133098241 -0.215371773850773 -0.226104524982629 -0.234490950448358 -0.223352271306135 -0.224680584860997 -0.224138547883274 -9999 -9999 -0.0363851816990537 -0.124340874126587 -0.0452728761896511 -0.123567424687372 -0.104603636916857 0.110893860781535 0.15837480782822 0.0268597547716397 0.0894745782733098 0.166062020082054 0.0923131038609818 -9999 -0.0153999512450255 0.0805626040430986
-9999 -9999 -9999 -9999 -9999 -9999 -9999 -9999 -9999 -9999 -9999 -9999 -9999 -0.376278375689902 -0.252126263961543 -9999 -9999 -0.106739318810577 -0.0354786686628549 -0.300323560272205 -0.282171860691854 -0.306351406788064 -0.391668286220576 -0.442520365863724 -0.440847839549922 -0.366277315417938 -0.282793841317075 -0.355708710109842 -0.278728681178298 -0.358279208643769 -0.191057853634649 -0.222681584471108 -0.266366774286553 -0.208567203355081 -0.0243975471265307 0.0922339552923576 -0.174308182564756 0.0457900352902843 0.0779935349748586 -0.0386141303210253 0.160350120607665 0.0644131652483638 0.0340076267394148 0.0376459405390225 0.101356307448189 0.0219141340425196 0.072645425502914 0.164345728997834 0.180894328365179
-9999 -9999 -9999 -9999 -9999 -9999 -9999 -9999 -9999 -9999 -9999 -9999 -9999 -0.124619190800111 -0.158668526739977 -0.0121043881489097 0.0851396950254883 -0.156106447658355 -0.173574465775812 -0.236986372074662 -0.33837742391897 -0.39688076519646 -9999 -0.349030049033171 -0.432096931861183 -0.433584867333256 -0.0430171940286548 -0.23204983927076 -0.287568977987838 -0.158980868117424 -0.199011334506156 -0.0603590624530913 -0.258897785516262 -0.153946134104979 -0.154965434488071 -0.0567371735704743 -0.147790978905082 -0.0871731490227526 -0.0283308839152368 -0.0332207123633638 -9999 -0.0451661305603009 -0.103006615280643 0.0147646411667284 0.00957258755309677 0.0568894938797585 0.23048418463546 0.18096875158794 0.187978868484089
-9999 -9999 -9999 -9999 -9999 -9999 -9999 -9999 -9999 -9999 -9999 -9999 -9999 -0.142976498411368 -0.163510948399157 -0.0115340298688393 0.184186250420876 -0.0291558072876024 -0.247900655485916 -0.305596974860116 -0.359074343933052 -0.388861352773887 -0.361880409831609 -9999 -9999 -0.356432081463664 -0.279732798517642 -0.34983414167798 -0.274135286902099 -0.1771925731064 -0.0946831833127082 -0.116360217673257 -0.145520046680199 -0.231349438568574 -0.0188944723408891 0.0224485700423287 -0.121576691613025 -0.0978778474526852 -0.06787521461414 -0.0875554511157761 -9999 -0.118666294154897 -0.0341722139025789 0.103342139894203 0.139344404183379 0.116529893576256 0.252440380232974 0.217341337620493 0.308105401089959
-9999 -9999 -9999 -9999 -9999 -9999 -9999 -9999 -9999 -9999 -9999 -9999 -0.343846800751174 -0.230972664879908 -0.163188947801747 -0.0919097824311393 -0.0368353743393391 -0.0597646123667656 -0.215129832571054 -0.206842183543176 -0.40834066431872 -0.421237434608264 -0.379828527024796 -0.343610279733468 -0.313055600970193 -0.309590689811368 -0.308485961246425 -0.309347900419291 -0.112353338764212 -0.264168739746862 -0.146845137194207 -0.222339287867438 -0.196810908072172 -0.229754122280633 0.0922479409182884 0.0578012315771464 -0.0372312131269707 -0.133166244215642 -9999 -9999 0.0904557875230004 0.124832611389821 -0.0509106861543928 -0.0429004278431591 -0.0435745612996746 0.215413655424552 0.210214587866894 0.207605955284021 -9999
-9999 -9999 -9999 -9999 -9999 -9999 -9999 -9999 -9999 -9999 -9999 -9999 -0.348360043153444 -9999 -0.159340617130445 -0.0532988635822768 -0.0587950738090027 -0.148962587705696 -0.231063777760543 -0.3727837611778 -0.232420365637377 -0.210015080759447 -0.322587131763147 -0.360577645308926 -0.363107046689867 -0.361927603392198 -0.271658358553544 -0.381010137600877 -0.327226050004788 -0.360017679186057 -0.209143327842969 -0.205197234109914 -0.158459514184106 -0.145619915153744 -0.190059180982101 0.0173081691694218 0.0394844033591063 0.0445545134617995 -0.0409664306589068 0.00635507561139953 0.050379057014666 -0.00199955146021042 0.123512558808037 0.00486055113720341 -9999 0.143676388533517 0.116164804246961 0.020733414323084 0.100725977271061
-9999 -9999 -9999 -9999 -9999 -9999 -9999 -9999 -9999 -9999 -9999 -9999 -0.266598846790377 -0.100234788817444 -0.0881096431968414 0.0148837178895642 -0.0477596219598869 -0.21777769957099 -0.194444281318585 -0.368653118770835 -0.248509228995734 -0.294850322963195 -0.33418255484343 -0.247408100886535 -0.239785261178747 -0.307764347248038 -0.250341930462222 -0.198870549395632 -0.261735277212177 -0.228050783554268 -0.240798941590032 -0.275975393760579 -0.154839478193153 -0.164611876920672 -0.291825274076412 -9999 -9999 -9999 -9999 0.160803795813687 -0.0416591713050338 -0.117945551679855 -0.060751262792106 0.0306760417048327 -0.0644383361770062 0.0724335012090539 0.0752454512258303 0.0679854460648188 0.148560847937501
-9999 -9999 -9999 -9999 -9999 -9999 -9999 -9999 -9999 -9999 -9999 -9999 -0.320145966563483 -0.100696392244016 -0.0812860655059652 -0.115792543694047 -0.197491004174019 -0.131142679925049 -0.121084452043519 -0.143635664200476 -0.267246271897616 -0.00973488009281444 -0.297527820152669 -0.116706430869224 -0.140169602452694 -0.211210730013995 -0.19593089598741 -9999 -0.213847838746753 -0.147168659989416 -0.240607027637742 -0.198512631358486 -0.100976248094516 -0.154974611741567 -0.18774450244657 -0.00394006797284428 0.00517284556047217 0.0737716494676035 0.0751103224305237 0.00360815832017337 -0.0282866430572976 -0.0367679009793134 -0.0329714550333775 -0.0372025471219162 -0.0646302126465083 0.0061346646868667 0.0803605872934585 -9999 0.20610193983099
-9999 -9999 -9999 -9999 -9999 -9999 -9999 -9999 -9999 -9999 -9999 -0.00915238068401618 -0.055703634186115 -0.0611393144569283 -0.0993943941645778 -0.0431219158572528 -9999 -0.116266679847021 -0.0886152024483376 -0.0485507866453653 -0.0178450454085577 -0.030798591826402 -0.0127610661147699 0.0411242079055947 -0.00790160994508934 0.047900013412043 -0.216275385319164 -0.168457023871619 -0.204187460673861 -0.183031392335244 -0.191027600079509 -0.186027955946465 -0.228247460231299 -0.186729379400417 -0.182620203142541 -0.0341744063062643 0.0448938785787091 0.0965907573545998 0.194619642996447 0.0308145557481838 0.044516578092403 -0.019806681990329 -9999 -0.0220697177942236 -0.079940304991926 -0.0352554410310661 0.0467754473412331 0.176503814083155 0.196798794000276
