data/rasters/s6.03.08.li.3_xyz_08_.asc
NCOLS 100 
NROWS 100 
XLLCORNER -4 
YLLCORNER -4 
CELLSIZE 0.08 
NODATA_value -9999 
[rows 63 to 83 of 100, columns 48 to 95 of 100]
-0.0330971198467075 -0.129667709656637 -0.102177411248841 -0.0999438365052009 -0.0371601262293809 0.02582784988347 0.0373172987214825 0.0280515762561668 0.0524762121380542 0.0438935077121986 0.0847104017784716 0.0852080423127259 0.0749421433733267 0.104804991844753 0.0784746213239946 0.130072921929708 0.0229674655067231 0.0022838619277339 -0.0520722717778569 -0.106525854948773 -0.524463728021095 -0.0562879258831009 -0.00884418070763085 0.0751765570716549 0.179249277591569 0.144023898477454 0.0380600592746545 0.166206836636559 0.118652613897344 0.166709314810961 0.151630662416709 0.205590265439381 0.0488479906252914 -0.0597728970893709 -0.0587784726408776 0.0129796947003516 0.248206380671585 0.303742088846079 0.0681503081777633 -9999 -9999 -9999 -9999 -9999 -9999 -9999 -9999 -9999
-0.0700840052016592 -0.123441691226498 -0.111054843718282 -0.100772296113396 -0.0729897577768814 -0.0191691237301871 -0.162761580577468 -0.0778735278777999 0.0100866987792838 0.0146110424258011 0.0132086280311366 0.00620406063293181 0.152209680290382 0.0739583031096441 0.0599199007156455 0.0360440854423324 -0.00144984943393483 -0.0786785573061793 0.0111449625373991 -0.11590439532604 -0.29257689073694 -0.387054277601143 -0.0376184062477784 0.0667884430761818 0.153811563689413 0.0495293256557031 0.0533555284572921 -0.00592281378810939 0.0121497395890837 -9999 0.160356962138204 0.218109270735515 0.199096301059438 0.0776981530521602 0.1333171330848 0.200627041811174 0.231781311045012 0.116343259696073 -9999 -9999 -9999 -9999 -9999 -9999 -9999 -9999 -9999 -9999
-0.0596844791665337 -0.102804965370331 -0.10562736342999 -0.136767693675937 -0.164599993888849 -0.0656880716554403 -0.0300708090358041 -0.0967658043859611 -0.0822620444609129 -0.0249384843403251 0.0250668380377547 0.0338032934130779 0.128318829389431 0.0849076920764194 0.0874536083088668 0.0778663465189275 -0.0347091344631932 -0.0496596045669085 -0.0576016578072983 -0.0560607631790164 -0.189243422281462 -0.167533620966223 -0.00763858741140813 0.125105380098646 0.0828663984650621 0.115830283387584 -0.0505099251350441 -0.0295441465426072 0.0586109520513157 0.192205593693897 0.21815497947081 0.23322346936166 0.192369255073658 0.0786477586573957 0.127194277700912 0.0922666831439156 0.225128154884806 -0.0174537567697188 -9999 -9999 -9999 -9999 -9999 -9999 -9999 -9999 -9999 -9999
-0.112141132509063 -0.124821997041119 -0.0777148776143194 -0.144917532271893 -0.181667229922482 -0.12868779712809 -0.0469052596438203 -0.0778566460674275 -0.0929294441017804 -0.0989442691620312 -0.0310664013829918 -0.022319035025954 -0.00816999541341218 0.0424447668252869 0.0209632354216733 0.0662155483944424 0.0179952662180772 -0.0319964405751298 -0.0605037674719076 -0.0247179455964992 -0.06352829761831 -0.115742324639782 -0.0963974755179104 0.19369315249533 0.101539782168976 0.0104419922043734 -0.0345143741750755 -0.10263256999279 0.214897152068315 0.155652126741878 0.147738358042342 0.20557468673398 0.136338563346349 0.10154857987574 0.0691522530754911 0.060939015450634 0.097485882166239 -0.00994420552829604 -9999 -9999 -9999 -9999 -9999 -9999 -9999 -9999 -9999 -9999
0.048234699138661 -0.109116342747612 -0.164441227829927 -0.163828463079729 -0.198481741475985 -0.246929538035513 -0.207146640054423 -0.226240549480383 -0.0695480071748343 -0.0476319233606857 -0.00273780409212289 -0.098011550406246 -0.094934511367829 -0.0586371082982805 -0.0988416513943165 0.0882693273851054 0.0663271522378176 -0.0559509348542293 -0.0752034428996909 -0.0500464651925397 -0.0338254489782058 -0.101840868123622 -0.130229660473072 -0.301939635265657 0.0038448127044045 -0.000797507597224078 -0.000941265307446633 -0.0331086340193795 0.112380352583674 0.132674490327354 0.128175194670268 0.194096786097471 0.192556101340895 0.148869122769305 0.0803325713679043 -9999 -0.0960447274363136 -9999 -9999 -9999 -9999 -9999 -9999 -9999 -9999 -9999 -9999 -9999
0.104984694717201 -0.109198886113589 -0.18194687904896 -0.148868811993063 -0.191805620339648 -0.195582397489307 -0.254622091264726 -0.275748210549696 -0.107304130179935 0.0473750202507642 -0.0081111240776488 -0.0782453189230366 -0.0645073541746987 0.00480922975874607 -0.0962189788866134 -0.0854301425582858 -0.0390244001820864 -0.0450200031599782 -0.121858952748129 -0.0846699487990047 -0.039142759197308 -0.0804466522196192 -0.131425419987359 -9999 0.0274511160156621 -0.00829475468175737 0.106197408103512 0.0583966323232499 0.0790201812270691 0.0873346548083329 -0.0732574149399741 -0.0506690154249128 -0.0110439475730325 0.117347075482986 0.127879658734101 -9999 -9999 -9999 -9999 -9999 -9999 -9999 -9999 -9999 -9999 -9999 -9999 -9999
0.168592559568865 0.092299706408518 0.122809077640415 0.0163852058376847 -0.144507490373805 -0.218702170438776 -0.183936203497987 -9999 -0.0490277980173646 0.0231062243987842 -0.0359073052912917 -0.0411445003073214 -0.0782862506205695 -0.00148220235001317 -0.0460074277198571 -0.0916532630631083 -0.0246218079990283 -0.0489374813038886 -0.13421368047809 -0.114741471157834 -0.0749386369702763 -0.121826876829358 -0.160356415900767 -0.114245157963104 -0.0537619599248206 -0.012440394443096 0.120400990437344 0.0861987860180417 0.101761226587705 0.0357133206409116 0.0223808018078385 -0.0182980093788176 0.00465532082521725 0.0414198185065799 0.0735786004227766 -9999 -9999 -9999 -9999 -9999 -9999 -9999 -9999 -9999 -9999 -9999 -9999 -9999
0.0956589138323644 0.048910347377776 0.161123419471735 0.019084029341659 -0.158518017727016 -0.0779225156269392 -9999 -0.185842023658425 -0.0789863847029149 -0.0661464909053142 -0.0949182689498946 -0.111516154272736 -0.10216488776905 -0.131889279689327 -0.0298294862032036 -0.0816650093586031 -0.0833131310896991 -0.0957875546924484 -0.125393358347519 -0.105303034043052 -0.0954265539905752 -0.0697119414854062 -0.0861529085523786 -0.0991485494051887 -0.0439189329055765 -0.0351570927509241 0.0579224764251703 0.00500184141265763 0.130268989151193 0.0470626374534211 0.0352957674640101 -0.00355759834454498 -0.109701826385514 -0.0214641106991288 -0.036864030820041 -9999 -9999 -9999 -9999 -9999 -9999 -9999 -9999 -9999 -9999 -9999 -9999 -9999
0.0561636155077052 0.0872127041123352 0.211684620970872 0.00248607232853382 -0.153018076067807 -0.193109016908963 -0.248071300107327 -0.231780346465621 -0.0692242054802057 -0.086034357054621 -0.0969200328154087 -0.189755832319772 -0.0845059598546543 0.000574332309268604 -0.00219679219945684 -0.0466014076529846 -0.127696485166513 -0.115465716439543 -0.123937197692525 -0.0917985795736745 -0.0970824383666613 -0.0435328139285456 -0.0838132243082914 -0.0929723540368185 -0.0670295283391251 -0.0787775089889054 -0.064972108066581 0.0323785843448534 0.0983513916102045 0.0306890141691731 0.0256550589837142 -0.106160507619344 -0.0504513363334242 -0.0187259007397123 0.0144727731963203 -9999 -9999 -9999 -9999 -9999 -9999 -9999 -9999 -9999 -9999 -9999 -9999 -9999
0.209956033088257 0.234315335593711 0.152768169668749 0.131466282704712 -0.187296179518862 -0.258240903937477 -0.203517689174605 -9999 -9999 -9999 -0.189046575935916 -0.112097737590369 -0.0808912909127642 -0.208313842782611 -0.131873823717912 -0.0923215311562186 -0.129004298224474 -0.195074614734885 -0.185089448227309 -0.0489146831311296 -0.0665648352165 -0.112141858994082 -0.0880072948256903 -0.126347989251695 0.0218185704843012 -0.0242158557125715 -0.0339199997343645 -0.0150475201850242 0.0314365155282427 -0.130238502357994 -0.126517512431398 0.03138674924503 -0.112559648973592 -0.00066505602895311 -9999 -9999 -9999 -9999 -9999 -9999 -9999 -9999 -9999 -9999 -9999 -9999 -9999 -9999
0.181008315773638 0.257977655170329 0.171059010576858 0.14130634280555 0.130374672415626 -0.0398761742933759 -0.110987082432928 -0.25727875243558 -0.252436049123857 -0.186324598032151 -0.159416732275722 -0.103377793372693 -0.133423083943497 -0.19121516987846 -0.194976529069914 -0.124302340337672 -0.109572649384445 -0.161113521093942 -0.15380519066624 -0.148191703801922 -0.0655518650972324 -0.140473062286546 -0.119633714250213 -0.18517099735354 -0.0620708798635834 -0.0308028113292621 -0.132764307631093 -0.0553446917469007 -0.0156706888852208 -0.134635511253326 -0.0926291872190166 -0.120098340168147 -0.240658111680325 -9999 -9999 -9999 -9999 -9999 -9999 -9999 -9999 -9999 -9999 -9999 -9999 -9999 -9999 -9999
0.1629882337978 0.205762955842291 0.170281725587012 0.182942332583778 0.0963261049385531 0.0189079132968836 -0.233625441907236 -0.213668785857203 -0.22602484999178 -0.267876566622631 -0.307410513828808 -0.18883877678374 -0.105270883068645 -0.235471036811929 -0.173662426981549 -0.0841763823392706 -0.0554758957186397 -0.0661750735302907 -0.0676694777976684 -0.0865357345634119 -0.0592976938022684 -0.127871307084458 -0.179406831647785 -0.189026917550066 -0.156679566429148 -0.133962011707252 -0.134313440116445 -0.134814228368083 -0.0147331909887508 0.0302705712977359 -0.0516590914859274 -0.0860333727245592 -9999 -9999 -9999 -9999 -9999 -9999 -9999 -9999 -9999 -9999 -9999 -9999 -9999 -9999 -9999 -9999
0.352108715314235 0.282675490595131 0.348528834231688 0.18358484424937 0.142425687941888 -0.103161938797388 -0.18416206404181 -0.124306536200621 -0.230041476567185 -0.308933976447074 -0.276613706636101 -0.27274234528585 -0.251456480018297 -0.275643242534195 -0.194491946425086 -0.0485114403668414 -0.0711156125580487 -0.012437064914375 -0.0897347075164431 -0.0999210852411217 -0.13829818370637 -0.206059629713452 -9999 -9999 -9999 -0.174181218857264 -0.0601467896419759 -0.141815192255714 -0.044572817299926 -9999 -0.0707057726923762 -0.0967323440400875 -9999 -9999 -9999 -9999 -9999 -9999 -9999 -9999 -9999 -9999 -9999 -9999 -9999 -9999 -9999 -9999
-0.152623443778764 0.277241143668989 0.31472077878882 0.182192987290913 0.23343910246799 -0.0862043963220257 -0.0893644175981745 -0.153703153633341 -0.259608422388833 -0.308908277856858 -0.320775756439391 -0.374536521487222 -9999 -0.287335919669085 -0.169442253347196 -0.137666286535345 -0.189244022353993 -0.186504025865951 -0.0549442928972183 -0.152460265610964 -0.227011314790633 -0.313000004482814 -9999 -0.328815251000148 -9999 -9999 -0.0243419313952495 -0.0924267928610624 -0.014775382717558 -0.102480855113791 -9999 -9999 -9999 -9999 -9999 -9999 -9999 -9999 -9999 -9999 -9999 -9999 -9999 -9999 -9999 -9999 -9999 -9999
0.124331946739562 0.170162019427294 0.160240985869358 0.145109761969578 0.207894569460643 0.0915977673968126 -0.0790097955720137 -0.15114162561274 -0.237193748538325 -0.2007360724978 -0.267926192697292 -0.316199651166312 -0.112662403295223 -0.0216756382723543 -0.0538998556242209 -0.176944266220565 -0.227361297190522 -0.296289879798146 -0.140962431392283 -0.134603297149527 -0.142478699826547 -0.29769013886331 -0.362672125209578 0.0112454258365344 -0.137009375535436 -9999 -0.0951235807834983 -0.177059335799349 -0.19549812103372 -9999 -9999 -9999 -9999 -9999 -9999 -9999 -9999 -9999 -9999 -9999 -9999 -9999 -9999 -9999 -9999 -9999 -9999 -9999
0.242628528263842 0.146072349850446 0.146801624239836 0.149202534737269 0.163414346103826 0.0744204297512081 -0.0303429686217191 -0.0445249636149997 -0.0859792515645505 -0.116760227621162 -0.13956841746932 -0.178547290814056 -0.126987900169786 0.0364362984622244 0.0327366326390431 -0.0999099303909698 -0.0146709579556931 0.00280115271217678 -0.0994835955095798 -0.0797842436099358 -0.105869857262752 -0.177802830172151 -0.364481919534559 -0.108942958920254 -0.167651754216366 -0.196573133447156 -0.121577800585049 -0.136319314045984 -0.204639879492411 -9999 -9999 -9999 -9999 -9999 -9999 -9999 -9999 -9999 -9999 -9999 -9999 -9999 -9999 -9999 -9999 -9999 -9999 -9999
0.29310207477583 -9999 0.0906623845340444 -0.0658272371859255 -0.0173014620675763 -0.0778494213582134 -0.0919187475148181 -0.0557016463986051 -0.0606120571676654 -0.0229673819611558 -0.0341704941248599 -0.206877907123158 -0.00728608589083174 -0.0265057865810952 0.000859085217757567 -0.0703682505288607 0.0121829148702397 -0.0587159897375408 -0.0815908143444501 -0.175024387652097 -0.399335716843202 -0.163551236328726 -0.26381719810093 -0.200300983710474 -0.269204383338835 -0.260754915911855 -0.108136275237252 -0.1483536817133 -9999 -9999 -9999 -9999 -9999 -9999 -9999 -9999 -9999 -9999 -9999 -9999 -9999 -9999 -9999 -9999 -9999 -9999 -9999 -9999
0.163460187204196 0.217525421332315 0.185182863118876 0.038073426112354 -0.053032677111571 -0.0769476937235439 -0.108968250593872 -0.144434931315219 -0.0849436132021298 -0.0392053444583493 -0.101300075167677 -0.131629667735743 -0.0554524230451546 -0.152344652080328 -0.0409689030596972 -0.113036946776006 -0.061740684130354 -0.137297412181223 -0.00169613530681488 -0.242390404837828 -0.295656109529729 -0.159128193071829 -0.151050879838007 -9999 -0.35232699874515 -0.315297236893741 -0.048823910987081 -9999 -9999 -9999 -9999 -9999 -9999 -9999 -9999 -9999 -9999 -9999 -9999 -9999 -9999 -9999 -9999 -9999 -9999 -9999 -9999 -9999
0.170525957148213 0.230925877013928 0.22059175580456 0.145545585019625 -0.00386139300668101 -0.0336222925338707 -9999 -0.0896040899972131 -0.0203562912906825 0.00664774934401304 -0.132478701473736 -0.0865672095836016 -0.0528990380117138 -0.0356113737705075 0.00812503258856102 -0.0547196542017036 -0.129778337544244 -0.0420977432092426 -0.0343044638663678 -0.112250951203105 -0.236192326024831 -0.164131215216226 -0.109185548544939 -0.0605543003467796 -9999 -9999 -9999 -9999 -9999 -9999 -9999 -9999 -9999 -9999 -9999 -9999 -9999 -9999 -9999 -9999 -9999 -9999 -9999 -9999 -9999 -9999 -9999 -9999
0.167711538523297 0.0417544245956221 0.208697298683285 0.13016232872583 0.0716025806077927 0.00325189895079995 -9999 -0.121708251881174 -0.101224979571282 0.0364726274390015 0.00696979547832881 -0.0397258188743122 -0.0278227321226835 -0.098691915702986 -0.0440699517510401 -0.131857521184039 -0.0609018631462201 -0.0305280564363946 -0.105871433468769 -0.209462087090366 -9999 -0.273834697166853 -0.130872185882055 -0.119432157895853 -9999 -9999 -9999 -9999 -9999 -9999 -9999 -9999 -9999 -9999 -9999 -9999 -9999 -9999 -9999 -9999 -9999 -9999 -9999 -9999 -9999 -9999 -9999 -9999
0.0596018719232069 0.0208760828043707 0.230245063942805 0.076416059613811 0.073102209444164 -0.0515361151661156 0.0132137607704707 0.0777626026762964 -0.0871676767657058 0.0067099473365648 0.0142176290933803 -0.0870847303846544 0.018174702309121 -0.045573460504791 -0.105653123078716 -0.113720852215723 -0.0430774773386865 -0.0779927970778922 -0.128984888037738 -0.257559600217654 -0.284795364258845 -0.33294411876582 -0.269912899247789 -9999 -9999 -9999 -9999 -9999 -9999 -9999 -9999 -9999 -9999 -9999 -9999 -9999 -9999 -9999 -9999 -9999 -9999 -9999 -9999 -9999 -9999 -9999 -9999 -9999
