data/rasters/s6.03.08.cu.3_xyz_08_.asc
NCOLS 100 
NROWS 100 
XLLCORNER -4 
YLLCORNER -4 
CELLSIZE 0.08 
NODATA_value -9999 
[rows 44 to 65 of 100, columns 0 to 49 of 100]
-9999 -9999 -9999 -9999 -9999 -9999 -9999 -9999 -9999 -9999 -9999 0.0663111887343094 0.0202808586745203 0.10871484889087 0.113945419999716 -9999 0.0473290142107056 0.0320909717711476 -0.084603350628725 -0.145221906969977 -0.12231611297289 -0.271618319904696 -0.312295638859307 -0.337803335911968 -0.128913179215281 -9999 -0.0856814547169702 -0.173772786994462 -9999 -9999 -9999 -0.0211470635919229 -0.0799926949014712 -0.0602845709968839 -9999 -9999 -0.303484387674708 -0.332492495855466 -0.234495897389834 -0.290675119346424 -0.353163191857231 -0.320141439352971 -0.269588588339794 -0.283538549716604 -0.295099429052747 -9999 -9999 -9999 -9999 -0.836280995137127
-9999 -9999 -9999 -9999 -9999 -9999 -9999 -9999 -9999 -9999 -9999 0.103965483184988 0.0438382465178527 0.0441130052768435 0.033588981782242 -0.0171617297008852 0.0313503259605149 -0.142110437556634 -0.0876314431201906 -0.193189858403264 -0.205400232963525 -9999 -9999 -0.273072373548182 -0.162536840844335 -0.318005767448541 -0.23368457599696 -0.161874131488426 -0.134508399776416 -9999 -0.0964036137157079 -0.0959958060145486 -0.088666208319948 -0.121293910628916 -9999 -9999 -0.233543714247753 -0.367550254717456 -0.311292647510125 -0.408255334715759 -0.374395874670432 -0.355423909873532 -0.338025013353397 -0.29030845355032 -0.290489475838257 -9999 -9999 -9999 -9999 -9999
-9999 -9999 -9999 -9999 -9999 -9999 -9999 -9999 -9999 -9999 -9999 0.121269914642809 0.0682209601250873 0.0658032861789649 0.0422991035200047 -0.002338022354955 0.0119772110130713 -0.152039384382335 -0.0968976315714738 -0.224871760743277 -0.174504782213093 -0.13348693142568 0.000388655942620594 -0.238387220479783 -0.234518303398803 -0.241246591766644 -0.250520189544709 -9999 -0.148772255650621 -0.130907029402207 0.0433099540579744 -0.0517285244059821 -0.0809179723935535 -9999 -0.0292298236343843 -0.105649738364311 -9999 -9999 -9999 -9999 -0.34888828546237 -0.357854434106948 -0.394866815495464 -0.382483201372492 -9999 -9999 -9999 -9999 -9999 -0.252366185430356
-9999 -9999 -9999 -9999 -9999 -9999 -9999 -9999 -9999 -9999 -9999 0.0809916557094479 0.130696495296887 0.0645461711709518 -0.0276296561243664 0.0184370853707908 -0.0836570986841277 -0.170216049802482 -0.160352102883735 -0.235713001606388 -0.221126653664124 -0.149987774745297 -0.194993708301624 -0.196365364908662 -0.19717317721845 -0.140587653751187 0.185608945467309 0.135176113306844 0.0256625186488484 0.0541652257275556 -0.0274674380696133 -0.010111275367008 -0.0411987335244519 -9999 0.00271764494530594 -0.0789258869304675 -0.141103669155052 -0.285519102277399 -0.297771065612006 -0.363663324818905 0.165873124894211 0.0238691571121775 -0.397115265874316 -0.360078992114586 -0.348017774913067 -9999 -9999 -0.217543335250117 -0.0593589160128129 -9999
-9999 -9999 -9999 -9999 -9999 -9999 -9999 -9999 -9999 -9999 -9999 0.1244497842429 0.229268692763538 0.0689146832936181 -9999 -9999 -0.113108652053468 -0.172393924461788 -0.205686155047112 -0.236950960138825 -0.186104578322356 -0.141384550922773 -0.171596759285469 -0.197230891373268 -0.165588324806043 -0.0776964656366863 0.00814165551137708 0.0789474930641759 -0.0273907989032715 -0.0358784130764437 -0.048452842147077 -0.0371775602745207 -0.0403325690556528 -9999 -0.0346277332976749 -0.0729494304870335 -0.158843975361381 0.0282806442918611 -0.311791628460361 -0.388169817776758 0.145159154817139 -0.0981063374648607 -0.330692294476239 -0.329858352057946 -0.297223463894072 -0.149959059444207 -0.186709340158207 -0.176518897328899 -0.0555883834247904 -9999
-9999 -9999 -9999 -9999 -9999 -9999 -9999 -9999 -9999 -9999 -9999 0.152026759102978 0.255185028166617 0.218081584144031 0.128235364649393 -0.0412085186572807 -0.101319822567803 -0.137395884089658 -0.172198369690154 -0.220993288827918 -0.246544004578348 -0.253481572494107 -0.222530950745084 -0.198049995662594 -0.124737280838316 -0.0259279413475197 -0.0232647746932224 -0.0120138678421566 0.000318242774686111 -0.0254234539922066 -0.04075771972635 -0.0750417661465374 -0.0611316484253247 0.17588794179362 -0.00666138602833643 -0.0778276829014299 -0.135020947286449 -0.151769524660551 -0.0891358692385599 -0.384234046618206 -9999 -9999 -0.225206567138802 -0.235401329123435 -0.239634584089741 -0.225520404920066 -0.147307203560928 -0.107271354815663 -0.10902080449252 -0.205339238676569
-9999 -9999 -9999 -9999 -9999 -9999 -9999 -9999 -9999 -9999 -9999 -9999 -9999 -9999 0.0265184013170568 0.0818689892104678 -0.0430021687051279 -0.0761220120326612 -0.147806547507981 -0.209175175729119 -0.25711325258005 -0.206303408567387 -0.218892820714555 -0.21399105022885 -0.150968138401473 -0.0589405959952845 -0.0298074372230463 -0.0104964404839977 -0.0267620710921968 -0.122464163182722 -0.0247442679827178 -0.0313620689789796 -9999 0.154448778496459 -0.0162276446692321 -0.0475400429053809 -0.0983090329470915 -9999 -9999 -9999 -9999 -0.256380218617099 -0.308967065752782 -0.209994984783364 -0.236219820508308 -0.242846880394575 -0.17700606751861 -0.101054336135476 -0.109621593318468 -0.0963209336922963
-9999 -9999 -9999 -9999 -9999 -9999 -9999 -9999 -9999 -9999 -9999 0.36132483464512 0.280886091107928 -9999 -9999 0.0635616230604644 0.000545330711198818 -0.0622029793570099 -0.115558105884629 -0.201968198714745 -0.189500373696669 -0.228293956262769 -0.183574460635945 -0.119847640626642 -0.0604481248985969 0.0560427100659472 -0.021085715939674 0.0247410616968976 0.0115474659611349 -0.0753816208449295 -0.0780220821136782 -0.0547269780426263 -0.053463994852909 -9999 -0.0163606327140825 -0.00323119377625521 -0.00941281402710648 0.0659124950318785 -9999 -9999 -9999 -0.189889468161302 -0.223161801464109 -9999 -0.235498744616742 -0.237862777785746 -0.192033373913439 -0.151027325752367 -0.12221146537438 -0.0934759717584794
-9999 -9999 -9999 -9999 -9999 -9999 -9999 -9999 -9999 -9999 -9999 0.395788300232728 0.31319446340976 0.312653552736067 0.21863427603813 0.174426210480838 0.0739067750678396 -0.0593795512538303 -0.0550913162797361 -0.0412435730468232 -0.0386055179399874 -0.11684084575141 -0.106391936996543 -0.0438878542747565 0.0382031768995317 0.0910982778928693 0.0726735756484301 0.0135035375171763 0.012729164218798 -0.0298473573710525 -0.0563982851861362 0.0175071774977788 0.02049133663139 -9999 0.054453178337092 0.0251974016128969 0.007814719752199 0.0739630924191897 -9999 -9999 -9999 -9999 -0.166695839324571 -0.159261287765355 -0.189525560835943 -0.212912264024193 -0.248242883371758 -0.175468433300539 -0.15982000826658 -0.086513730717598
-9999 -9999 -9999 -9999 -9999 -9999 -9999 -9999 -9999 -9999 -9999 -9999 0.18121091941736 0.338929016658504 0.208847423784306 0.194241027485935 0.113786942299623 0.0310293190119572 -0.013508344094018 -0.01379299158871 0.0208482770146394 -0.0765421680614984 -0.018178010393578 -0.0510321303792839 0.0684302614293445 0.174133377154106 0.160366567530292 0.21540775917682 0.0215330380752855 -0.0539936111546973 -0.0236073961802768 0.0883893602619422 -9999 -9999 0.127744820849058 0.107240535990531 0.0321589176365945 0.00668344168953496 -0.0134133363731758 0.000226645061740053 -0.105399937338477 -0.131073318089578 -0.126545207485394 -0.164182743270322 -0.260812509865076 -0.240245812863232 -0.226457505198093 -0.221104867340032 -0.312762035911548 -9999
-9999 -9999 -9999 -9999 -9999 -9999 -9999 -9999 -9999 -9999 -9999 0.253558847424493 0.266760348437411 0.225647010023572 0.163694346089387 0.0783239354179331 0.109876638414955 -9999 0.0497527089829966 0.0262573070817409 0.000603786296948133 -0.0275453805210919 -0.076388920371008 0.00222922586562994 0.0891704073829155 0.352896314833433 0.213124087603713 0.34290843039469 0.211657663687507 0.125877640050416 0.0662748499053099 0.0505890403633873 0.245892961617174 0.263491234728679 -9999 0.100255597930388 0.0306801450426333 -0.0189035836748744 0.00445261386747222 -9999 -0.0830020362855144 -0.133998541799975 -9999 -0.133192844825633 -0.246993730975136 -0.206826671063298 -0.147634207209149 -0.180039836634751 -9999 -9999
-9999 -9999 -9999 -9999 -9999 -9999 -9999 -9999 -9999 -9999 -9999 0.267824270875836 0.241776836639552 0.22870813899128 0.0971293952378712 0.030355750350822 0.0073427330858381 0.0937643051365719 0.113786457392121 0.0342024982337962 0.000935842954874531 -0.0464454494689385 0.0281827738430318 0.0740363636601905 0.213018937068667 0.316788862493978 0.247735721709931 0.203662275835137 0.30320829178379 0.172416941836588 0.0936518332054418 0.0742789933930901 0.146874695916736 0.234356521027554 0.191558439841508 0.117817307041058 0.0278458309899705 -0.00417335330792883 -0.0672616519018115 0.0131505699918516 0.0758653262425557 -9999 -9999 -9999 -9999 -0.205543386573107 -0.159524381801601 -0.179575718775017 -0.131948614462199 -0.133781730269222
-9999 -9999 -9999 -9999 -9999 -9999 -9999 -9999 -9999 -9999 -9999 0.353581169361384 0.330891836366627 0.230057848698878 0.173477954556642 0.0355865969928424 0.0266142769103493 0.022862597543268 0.0781950938075078 0.0628447381432692 0.0282105895519077 0.0349536288433948 0.0971782800656381 0.115202591554743 0.198795344140135 0.288797848835992 0.376467005887086 -9999 -9999 -9999 0.264612781618672 0.200525278281924 0.144504160462666 0.295658589491381 0.316894972342929 0.282039712195525 0.164251676203459 0.0030418064813043 -0.10016951013573 -0.0731739682035747 -0.00651858030214045 -9999 -9999 -0.0312584372408399 -0.0633790611946394 -9999 -9999 -0.136162485126672 -0.11337331129662 -0.0612661580728265
-9999 -9999 -9999 -9999 -9999 -9999 -9999 -9999 -9999 -9999 -9999 -9999 0.324946331391535 0.256697599141405 0.219347146042289 0.128472216527414 0.105861475190338 0.141398944899531 0.107996467860778 0.0703840308501764 0.118717828452169 0.120165359492272 0.142341111433413 0.213803015661031 0.142046897832433 0.388099740220798 0.330939645008741 0.344907308031225 -9999 -9999 0.315113510677626 0.367785895580741 -9999 0.415562717831343 0.310680269705483 0.308041139371104 0.258377981590565 0.154852372066226 0.0504973761651728 0.00349790216126437 -0.0216598239097557 -9999 -9999 -0.0809794719916079 -0.102352830077525 -0.128461903390077 -9999 -9999 -0.094282186276231 -0.11484790156625
-9999 -9999 -9999 -9999 -9999 -9999 -9999 -9999 -9999 -9999 -9999 -9999 0.343867538530091 0.258077886772959 0.242066909473683 0.200589441555192 0.194629051822845 0.169535497868867 0.187855788225161 0.103991910446884 0.0789452354290836 0.0901004480598804 0.196464750800242 0.250524275167012 0.351848397375065 0.408745526527872 0.351799446426738 0.269757523009185 0.257731521904818 0.211900563229435 -9999 -9999 0.311440333742155 -9999 -9999 -9999 -9999 0.209042402817054 0.181817024496572 0.21046657437981 -9999 -9999 -9999 -9999 -0.0783862515121018 -0.00388833543587066 -9999 0.0300887994146912 -0.0193161595858746 -9999
-9999 -9999 -9999 -9999 -9999 -9999 -9999 -9999 -9999 -9999 -9999 -9999 -9999 0.271075245341749 0.260591926097502 0.210505917466679 0.218108830947413 0.180063301940395 0.207386374930647 0.133103790156258 0.0922975314156586 0.08837928744617 0.10913932529333 0.230644762846708 0.255499541466919 0.32802947144131 0.389968488843809 0.328679922394339 0.258631171248197 0.242560512447793 0.253294548889963 0.285819760039615 0.23998290424967 0.12287439644014 0.132978692251629 -0.0338492827126817 0.235571755293036 -9999 0.21913408568565 0.0742036595181503 0.283091173331277 -9999 -9999 -9999 -9999 -9999 -9999 -9999 -0.031560056224309 -0.0174383063866837
-9999 -9999 -9999 -9999 -9999 -9999 -9999 -9999 -9999 -9999 -9999 -9999 0.329249007412266 0.330036234525252 0.229341582169754 0.203140482797095 0.168859616240366 0.0939418663519949 0.0552665215847959 0.0969734225743239 0.0670275823431926 0.0507038960388331 0.0420522931369596 0.161434610843994 0.229599957482526 0.193270053543041 0.119553066433769 0.11205575365879 0.0954846220402734 0.148916722906029 0.215142794308542 0.192238984650064 0.147864323172111 0.0754321849308723 -0.00847492715302859 0.12783315393279 0.185215383541826 0.144688792938667 -0.0723242908917713 0.0782655500503724 -0.0300388469398794 -0.0305529824251084 -0.0184967320014516 -9999 -9999 -9999 -9999 -0.147660063850525 -0.0502957276619772 -0.00556057608451232
-9999 -9999 -9999 -9999 -9999 -9999 -9999 -9999 -9999 -9999 -9999 -9999 -9999 0.388303507496217 0.220333692575266 0.226951860475614 0.207499411084097 0.140683348344087 0.103065160726029 0.0596798871535612 0.0493385427566464 0.1908429889783 0.276633489766588 -9999 0.156288140901343 0.16049913142153 0.130187923296113 0.0554544124973061 0.0547133196909063 0.0695087268064029 0.0942573531378938 0.0750085200465736 0.117295390480096 0.236757092037485 0.0136868600802167 0.0642833037596435 0.0913680780085455 0.105306482732842 -9999 -9999 -0.0305707654108564 -0.00671204607779979 -0.0625426562361973 -9999 -9999 0.0115858163471974 -0.0616733040282897 -0.0623952423004417 -0.0025094441139847 0.0635222940574314
-9999 -9999 -9999 -9999 -9999 -9999 -9999 -9999 -9999 -9999 -9999 -9999 -9999 0.253109532145775 0.205058275219805 0.219978202040816 0.184237393184517 0.146481512788563 0.107847080312928 0.0641406374691754 0.0674589865274027 0.177329507009858 0.0739703605290687 0.0400901446110311 0.130395324551264 0.164074632982641 0.0569895323802139 0.0690854429380157 0.0871923486829365 0.0893664461347191 0.0698096201835452 0.0281325137245791 0.0521047730280204 -0.11159461188135 -0.122499375780159 -0.0485881730561856 0.0453889681204209 -9999 -9999 -9999 -9999 0.0680508712920811 0.0843047047321121 0.0726737188486725 0.131450704155766 0.118205340666957 0.0253238467753921 -0.00389015173345585 -9999 -0.0161966908795228
-9999 -9999 -9999 -9999 -9999 -9999 -9999 -9999 -9999 -9999 -9999 -9999 -9999 0.150778318939392 0.201593312319337 0.192226908683019 0.0995229797333264 0.131177193934291 0.133159133337761 0.0717946852162582 0.024820167667865 0.0374213013084604 0.0123727380131837 0.05736240346833 0.102483802754836 0.0342727414790719 -0.100492224265807 -9999 -9999 0.159049287043526 0.00704209983381819 -0.0450485896781377 -0.165192496269368 -0.191850789063501 -0.166407894576604 -0.0993567782077337 -0.0376400733411152 0.0246082344117996 0.0195711402378052 0.017892305470893 -9999 0.143926173949864 0.0747893467527262 0.0322467962213408 0.0644151219133976 0.127827673319279 0.0821990211965531 0.119191517612735 -0.0260333680493006 0.00301970585900233
-9999 -9999 -9999 -9999 -9999 -9999 -9999 -9999 -9999 -9999 -9999 -9999 -9999 -9999 0.0246907165714998 0.14343517475367 0.0254517129011313 0.115982342162262 0.0952087118727397 0.0684541509434696 0.0870305966358832 0.0791060859775727 -9999 0.27463746158089 0.0524382522251043 0.0371212312645814 -0.0339437626266419 -9999 -9999 0.106095790663947 -0.0420150114661328 0.00221317768501136 -0.0711620379616301 -0.230186380043039 -0.232656731918294 -0.158499819939771 -0.128734971145121 -0.0603084828073546 -0.115567985878522 -0.0989217813287917 -0.0122165458837492 0.0652226315359912 0.0344430694881356 -0.0196511192389288 -9999 0.00924561545662801 0.0503480035553621 0.170989381570542 0.002655962237033 -0.0187923839027141
-9999 -9999 -9999 -9999 -9999 -9999 -9999 -9999 -9999 -9999 -9999 -9999 -9999 -9999 -0.0105770203891599 0.00896293312004107 -0.0393685144882988 0.108635558753913 0.154001657731612 0.15212684985918 0.218399250274438 0.188718512592805 0.342711444098586 0.389931255537584 0.114815110608855 0.031637399090263 -0.00505509549682759 -9999 -9999 0.121391084564151 -0.0601577324131239 -0.00500068996019695 -0.0377657630735038 -9999 -9999 -0.178380843912005 -0.141244270326334 -0.0460899894910145 -0.136739171923974 -9.70095553091491e-05 0.0242196021114614 0.10714012005672 0.0319220042082715 -0.0121116621409999 -9999 0.00658321123728848 0.00645059251436851 0.0858901071886655 0.02337110294604 0.0379636679102656
