data/rasters/s6.03.08.li.2_xyz_08_.asc
NCOLS 100 
NROWS 100 
XLLCORNER -4 
YLLCORNER -4 
CELLSIZE 0.08 
NODATA_value -9999 
[rows 21 to 41 of 100, columns 0 to 47 of 100]
-9999 -9999 -9999 -9999 -9999 -9999 -9999 -9999 -9999 -9999 -9999 -9999 -9999 -9999 -9999 -9999 -9999 -9999 -9999 -9999 -9999 -9999 -9999 -0.116756942959294 -0.206288462108118 -0.253959529969803 -0.242833494634393 -0.233902147719752 -0.0529716465160593 -0.0787691548824013 0.00224848364362502 0.0600999092795831 0.0307380080277434 0.0447245031303159 0.0105772735529419 0.0283958384044201 -0.00773059911012941 0.00637735803352606 -0.0132372635700462 -0.105804777664822 -0.0310832192971902 -0.144662908162964 -0.103611140089193 -0.0791264168129302 0.0596521940540407 0.0615094736318873 0.0337399632429766 0.0214422529300105
-9999 -9999 -9999 -9999 -9999 -9999 -9999 -9999 -9999 -9999 -9999 -9999 -9999 -9999 -9999 -9999 -9999 -9999 -9999 -9999 -9999 -9999 -0.228556410612009 -0.179465658037887 -0.179232927106482 -0.234685654968372 -0.242814864958879 -9999 -0.126286257878614 0.037849248992496 0.0872899472788624 0.0750590003871726 0.06149838990171 0.07198452185894 0.0672459633498957 -0.0126426433787688 -0.0376445531445826 -0.0345145197623758 -0.0367861066943976 -0.0968086934452336 -0.104853736510877 -0.0632668556736487 -0.0981189551576858 0.0625382412445169 0.0670289119708502 0.194930156514289 0.196275784542882 0.105335963447057
-9999 -9999 -9999 -9999 -9999 -9999 -9999 -9999 -9999 -9999 -9999 -9999 -9999 -9999 -9999 -9999 -9999 -9999 -9999 -9999 -9999 -0.188569731144422 -0.264274462437106 -0.26736818837979 -0.259352492269375 -0.258777302237554 -0.21505247531592 -0.325794897771851 -0.0789145049577376 -0.0528413249541417 0.113327581082751 0.0907526641273031 0.0799933440811618 0.0961135753233321 0.0963140262708472 0.0376347505159784 -0.0643348920309923 -0.0154910235105483 -0.0133665519856248 -0.0853099979174713 -0.0892969652752426 0.0516684282778008 0.102040722431381 0.109576237413778 0.115499102475364 0.147407074758202 0.114275179391727 0.0696121692351663
-9999 -9999 -9999 -9999 -9999 -9999 -9999 -9999 -9999 -9999 -9999 -9999 -9999 -9999 -9999 -9999 -9999 -9999 -9999 -9999 -0.191595135502575 -0.170465261740619 -0.280654357642426 -0.267225781150943 -0.308814212644468 -0.307989846121084 -0.307908969307227 -0.274699348324885 -0.10839548016215 -0.00330476356192055 0.0643822199742896 0.101124968055238 0.149970119572083 0.113420488172408 0.0612455204958798 0.0514388762816397 0.0434619629290686 0.00532086347390672 0.0194003089650882 -0.0342623482301296 -0.048548027753584 0.0959493108133432 0.0779723565874366 0.0904837493308475 0.119789870729825 0.0865857017456085 0.038287500202274 0.110324638555821
-9999 -9999 -9999 -9999 -9999 -9999 -9999 -9999 -9999 -9999 -9999 -9999 -9999 -9999 -9999 -9999 -9999 -9999 -9999 -0.141173039246751 -0.215301648072929 -0.217504317238391 -0.237871463422996 -0.28167590034993 -0.293531795587218 -0.284154107395362 -0.285194939489719 -0.199118416620236 0.0138661436179992 0.0219627393525628 0.0559397014450576 0.0936418081444811 0.0934198425503406 0.125488249357238 0.0842334645349608 0.081901313751792 0.101580089575146 0.0576026273126396 0.0330215445203399 0.0585566804668382 -0.0286712576994496 0.0478685897788366 0.0684871911814668 0.0923010175472957 0.0971144439324324 0.122265398028905 0.153821475445476 0.167700837288452
-9999 -9999 -9999 -9999 -9999 -9999 -9999 -9999 -9999 -9999 -9999 -9999 -9999 -9999 -9999 -9999 -9999 -9999 -9999 -0.262172897598781 -0.283767406052177 -0.249489463533584 -0.212700112356233 -0.265399361995444 -0.318009029212672 -0.349494917649844 -0.228482427835232 -0.185076701367996 -0.0607443305318348 -0.0356313859964178 0.08465447343584 0.100556530852756 0.0837959827088633 0.109498870426852 0.164718972720113 0.0793559304190113 0.0310491414073381 0.0115577987020462 0.0719875019761017 0.0309205378225448 -0.00678727471592289 -0.00136657759579962 0.0512444292475803 0.0806525732190699 0.10069159291443 0.174393515364093 0.177314684531821 0.165952786350585
-9999 -9999 -9999 -9999 -9999 -9999 -9999 -9999 -9999 -9999 -9999 -9999 -9999 -9999 -9999 -9999 -9999 -9999 -0.356670488411671 -0.292600332769474 -0.331420188950733 -0.344918588220594 -0.273711162925258 -0.277814444112111 -0.332075091578546 -0.325324175323712 -0.169363533279603 -0.156453548103599 -0.127700251824855 -0.073956579449878 0.0642932894200106 0.0456513358134464 0.0581167236410756 -0.0393038099220648 0.0849309389904878 0.0815510581558711 0.069699935545638 0.0603484465480326 0.0740324434675067 0.0625463486212279 0.0548422072066916 -0.00135785202053603 0.0278173728167698 0.0505513130667244 0.0477163141072632 0.0856967694987565 0.141948131190562 0.157721137535149
-9999 -9999 -9999 -9999 -9999 -9999 -9999 -9999 -9999 -9999 -9999 -9999 -9999 -9999 -9999 -9999 -9999 -0.365561704772989 -0.357733059681305 -0.339798670533995 -0.244264640696714 -0.29133664207556 -0.311726159816226 -0.342222425755848 -0.237670203540951 -0.28641439989645 -0.0398855115604223 -0.0961637420747734 -0.154955492662204 -0.0954959377125619 -0.0162583943346327 0.0114497472288305 0.011928396172432 -0.0574357778263129 -0.0503083623494092 -0.00293097291495124 0.0164463086147787 0.0377258756060525 0.0557592176963025 0.0583230088120565 -0.00135705397515308 0.00535580564404857 -0.0254978734847051 0.0257801816453376 0.0531625711775406 0.017856265217164 0.133793936402395 0.0883772813778288
-9999 -9999 -9999 -9999 -9999 -9999 -9999 -9999 -9999 -9999 -9999 -9999 -9999 -9999 -9999 -9999 -9999 -0.370425148545249 -0.370650220880858 -0.374195240791724 -0.32505003808745 -0.291232340441925 -0.298004933234234 -0.27455188982978 -0.281101070990265 -0.128677944580107 0.0459808690655876 0.111783754136128 -9999 -0.0121578970619427 -0.0207150007143956 0.000301026193970094 -0.0846844226846421 -0.0728269128654871 -0.127832844401319 -0.0947823625155948 0.0341980204895213 -0.015950042809666 0.0509226214710745 0.0131500834537325 0.0770479719192364 0.0774758237427936 0.0515506257493102 0.0728555323266988 0.0308338879641711 0.00486192992044523 -0.00455666330025771 0.0481754594166708
-9999 -9999 -9999 -9999 -9999 -9999 -9999 -9999 -9999 -9999 -9999 -9999 -9999 -9999 -9999 -9999 -0.275209106152989 -0.290565391635732 -0.308902494369809 -0.324013050802552 -0.309148812277417 -0.294325323064033 -0.296337035272833 -0.307382763721375 -0.25614849139014 -0.108611990264609 -0.0108767762388255 -0.033137002716171 0.0538219974862432 0.0785194958494765 -0.0149789930483182 0.0716651021553303 -0.000978777388708304 -0.022928913043092 -0.0441851704641268 -0.136146078880871 -0.13299075209573 -0.0946215699347786 -0.00526574932462044 0.0433684063018312 0.0110786618406476 0.0424655832499237 0.0730297244347124 0.0447221042771044 0.0635862596197927 0.0682067193101547 0.0568899727845167 -0.00549290394142251
-9999 -9999 -9999 -9999 -9999 -9999 -9999 -9999 -9999 -9999 -9999 -9999 -9999 -9999 -9999 -0.186090744997695 -0.236857365435095 -0.249280470878996 -0.273471444800083 -0.276792937854654 -0.302491096736545 -0.289492519242698 -0.254744456220242 -0.275593316375368 -0.246271101975708 -0.161499137812786 -0.137763624396972 -0.0367703392375839 0.114980202497777 0.0887737073935103 0.0875791875899452 0.117761489997071 0.0404400191602686 -0.0859821462919188 -0.0693029801514902 -0.165985145204207 -0.123839043605268 -0.0087678510284267 0.0468936125441945 0.0378188184765711 0.0287081287754884 0.0772902332012239 -0.0918978468105019 -0.197643764675393 -0.166878039864274 0.0228539533098684 -0.164165984293959 -0.0961621012360559
-9999 -9999 -9999 -9999 -9999 -9999 -9999 -9999 -9999 -9999 -9999 -9999 -9999 -9999 -9999 -0.17899176294599 -0.212194488083909 -0.148386186079492 -0.20863078388392 -0.224988872340712 -0.252992375882258 -0.279915041479517 -0.259023743707304 -0.304838437515385 -0.269971158017101 -0.146532331774014 -0.0285347340578913 0.0414211691215311 0.0973489259407904 0.030659573996157 0.0820420117263592 0.0783301702481814 0.0542802732737526 -0.0217077361410466 -0.110609488209718 -0.189049547169377 -0.0342857914782257 -0.00452305428095815 0.0596070915709909 0.0577146107777841 0.0330992430864791 0.129848555572344 -0.117997583121897 -0.200949079960291 -0.296993086818222 -0.21582264425387 -0.260866458896154 0.0376016544979363
-9999 -9999 -9999 -9999 -9999 -9999 -9999 -9999 -9999 -9999 -9999 -9999 -9999 -9999 -0.15446466306472 -0.172930880020677 -0.185007231279322 -0.193352692743386 -0.259756904523149 -0.26235735492098 -0.319335096586375 -0.265874936726856 -0.197245821487042 -0.215272595557731 -0.27498948937632 -9999 0.0428467901076106 0.123405365296902 0.0696445146660569 0.0985934089293441 0.118100488795194 0.0519428739267192 0.00312978064705675 -0.0178284687782501 -0.08911299660236 -0.177168473420273 0.0227347262624945 -0.110390853865661 -0.0323953027070171 0.029128492785862 0.0869502028125869 0.145286746504531 0.0918978840679983 -0.126957657945964 -0.220683273530841 -0.188191487433932 -0.148863704526879 0.0714397251224967
-9999 -9999 -9999 -9999 -9999 -9999 -9999 -9999 -9999 -9999 -9999 -9999 -9999 -9999 -0.153226538573615 -0.173520494809466 -0.166911069078183 -0.200431202205557 -0.18002730872155 -0.257491256176855 -0.279269392186596 -0.296579014549194 -0.197490945875742 -0.25060881540826 -0.176090600502269 -0.087051074596905 0.0539635639339368 0.0572802849418393 0.0831115353857133 0.034918615557984 0.112296587767053 0.0652020802287767 -0.0127109110602881 -0.0680973864698178 -0.117872255656442 -0.106576080785821 -0.0843429079813808 -0.0730223440110591 0.0441565404514722 0.120725907744838 0.0842960921183068 0.138138538325756 0.072513532024411 0.0226447175242535 0.0165021918215142 -0.0142914218674138 -0.258249680850097 -0.123937762339567
-9999 -9999 -9999 -9999 -9999 -9999 -9999 -9999 -9999 -9999 -9999 -9999 -9999 -9999 -0.12623495046958 -0.182970776372592 -0.254499526865366 -0.24032714644416 -0.182083576680913 -0.189860486942262 -0.204953684001969 -0.188859355174994 -0.186981264656366 -0.171886870079436 -0.12137406839599 -0.0973655224680108 -0.033349878425146 -0.0134128423750695 0.0237601441865091 0.00181596891930867 0.0607115461127064 -0.111876974721065 -0.217526901359702 -0.221012369854351 -0.249681707995191 -0.199755697407872 -0.194020035271487 -0.0625930300697836 0.110367243511579 0.137564041666858 0.15673622608768 0.131863605767007 0.127434890139995 0.183454253739796 0.146981562843801 -0.0821753033593114 -0.133162161515451 -0.0488047476715722
-9999 -9999 -9999 -9999 -9999 -9999 -9999 -9999 -9999 -9999 -9999 -9999 -9999 -0.151337575208496 -0.201096725347109 -0.275690946506206 -0.276429976693154 -0.245910804737221 -0.237313699307457 -0.241809539867069 -0.187304964998222 -0.164625884231873 -0.1291764605721 -0.124146706971275 -0.17430417785077 -0.0996696431831688 -0.138945303003329 -0.0346967732805809 -0.0823545894048825 -0.0652474765987171 -0.0985509442978074 -0.107195460205436 -0.22720146362657 -0.285862299257478 -0.331717471948317 -0.257737272347389 -0.104466252352944 -0.0141602561775863 0.0559916370748152 0.115767180235327 0.14881906225813 0.099920891604603 0.109535098098158 0.0999591093199027 0.0550444479023935 0.032362099720098 -0.0005300055245455 0.0732142687808019
-9999 -9999 -9999 -9999 -9999 -9999 -9999 -9999 -9999 -9999 -9999 -9999 -9999 -0.157460830872984 -0.221176843885743 -0.247768293214724 -0.257721577196951 -0.200672142658673 -0.239945731965528 -0.263988918898209 -0.143346596467405 -0.16695992100236 -0.181397611835606 -0.148635154655133 -0.167716101200902 -0.24039601277508 -0.287697097229364 -0.28327289483634 -0.205532798147467 -0.0686590840981785 -0.150262047686462 -0.170599113112604 -0.301963800866762 -0.333350346768084 -0.405870935335469 -0.401486944452811 -0.0201320656476999 -0.0450987615306445 -0.0056559698836317 0.0273445826269521 0.0160175766877475 0.0603998148764141 0.097450611345098 0.0907413753719733 0.0692310849118686 -0.0760392570099778 -0.0695219257901095 0.0207834712631658
-9999 -9999 -9999 -9999 -9999 -9999 -9999 -9999 -9999 -9999 -9999 -9999 -9999 -0.332484417148117 -0.242397888829672 -0.248385632117854 -0.2930894087666 -0.217219860935745 -0.203348276427592 -0.191647490980932 -0.162979748789766 -0.182726352783872 -0.190306606903619 -0.247904838552523 -0.252704576165722 -0.272289017653183 -0.36020598130677 -0.247038564488461 -0.230886535621727 -0.166840336676201 -0.284708908181979 -0.345314541676801 -0.293865181285362 -0.393043462666543 -0.475412989184702 -0.424452645723957 -0.249098228532477 -0.0800564009620105 0.0077996645181948 0.0401838747010436 0.00906178209288762 0.024490945901855 0.0580605654329684 0.0491546879548533 -0.00129472030708231 0.0275077656746917 0.141422935533648 0.0339727002446191
-9999 -9999 -9999 -9999 -9999 -9999 -9999 -9999 -9999 -9999 -9999 -9999 -0.244676265087496 -0.278506458790237 -0.322996656173392 -0.342367840356978 -0.359113319243584 -0.286923629227686 -0.247175396282897 -0.216159172354886 -0.150818983833722 -0.170831592555272 -0.146072810120267 -0.228939230463314 -0.269937709495443 -0.256546135501674 -0.255035135769964 -0.249012290859341 -0.230320201633928 -0.198924968587173 -0.316717139830956 -0.379378081415669 -0.284042370777394 -0.430116348948301 -0.472648954344172 -0.268945719520381 -0.199944132233276 0.0105111460867906 0.0402680610212467 -0.0188982242027251 -0.0576016645931043 -0.0563274714437731 -0.141517374612817 -9999 0.0749296896160308 0.108437782511669 0.118447823455098 0.0531419301473838
-9999 -9999 -9999 -9999 -9999 -9999 -9999 -9999 -9999 -9999 -9999 -9999 -0.276403354250169 -0.266725675689271 -0.276197388313451 -0.324065298652749 -0.361211336480454 -0.349995877512844 -0.240244864040765 -0.226527927419928 -0.233506216019557 -0.177107689254206 -0.172851176033993 -0.179488182988375 -0.217266721771741 -0.185194944013187 -0.140184073566839 -0.15789546707629 -0.171738055709009 -0.198929816145465 -0.334442384605103 -0.32632291536619 -0.336207311164433 -0.394953068015715 -0.363328929289845 -0.37479891124295 -0.472952233288961 0.0124466750011266 -0.0351852659831429 -0.018323127396204 -0.0570940489167739 -0.10159700656641 0.0454768047148507 0.13164949364954 0.121140843880741 0.195254754978892 0.135632592684638 0.113285133229637
-9999 -9999 -9999 -9999 -9999 -9999 -9999 -9999 -9999 -9999 -9999 -9999 -0.285850315755549 -0.30466768488979 -0.246853826258757 -0.303420325364702 -0.280688681514882 -0.177699945951505 -0.137749428061645 -0.125545713699212 -0.173098731756188 -0.164660718845625 -0.191384413577363 -0.245928191167151 -0.195957858659333 -0.197152801674259 -0.139477773698074 -0.122617602899619 -0.189869549375244 -0.224057776423115 -9999 -0.395102951879834 -9999 -0.579600307731848 -0.504934423349003 -0.469800197485947 -0.398860743096167 -0.35255891720967 -0.0276134074291811 -0.23120822068092 -0.26174804402641 -0.650247895810381 0.140794538459168 0.110832442667021 0.119164741326314 0.211757487862699 0.233152130346176 0.192508147172452
