data/rasters/s6.03.08.li.3_xyz_08_.asc
NCOLS 100 
NROWS 100 
XLLCORNER -4 
YLLCORNER -4 
CELLSIZE 0.08 
NODATA_value -9999 
[rows 63 to 83 of 100, columns 0 to 47 of 100]
-9999 -9999 -9999 -9999 -9999 -9999 -9999 -9999 -9999 -9999 -9999 -9999 -9999 0.0373145237509142 -0.0119384899224401 -0.0594213289638762 -0.104621991904458 -0.0372131620456963 -0.0766681239959877 -0.145793363159559 -0.182948943217422 -0.0433172452458945 -0.263979984522973 -0.141126817807961 -0.213065083319496 -0.114642706723099 -0.20502289665509 -0.155377700284007 -0.0284456217581674 -0.0611309051173634 -0.186935121584731 -0.209475651373678 -0.255980557512344 -0.0507545547975403 -0.0619229289632637 -0.0137856261032945 0.0964376850364978 -9999 -0.219250384296974 -9999 -0.0509057162858251 -9999 -0.213715323578788 -0.260338130687811 -0.142641623487507 -0.100226195791785 -0.174086718316061 -0.120847054460488
-9999 -9999 -9999 -9999 -9999 -9999 -9999 -9999 -9999 -9999 -9999 -9999 -9999 -9999 -0.0812223542025103 -0.153870504019467 -0.231220617730695 -0.0796129750335906 -0.158137993943921 -0.264359651278042 -0.340131408008838 -0.255002005977077 -0.261203251412219 -0.198490345947977 -0.182174347704622 -0.225083683987524 -0.185266566264655 -0.280143208777607 -0.0656520965021652 -0.0893729637822997 -0.120254892672265 -0.0967622772629666 -0.0428459262362394 0.0907371157659356 -0.058908914406612 0.105463417944855 0.000537311404796434 -0.0981944012543449 0.0281000953292165 0.00558967615701125 -0.0418643293803655 -0.130802170097642 -0.212854508729336 -0.256742170877649 -0.209626271378643 -0.202848354494218 -0.158481058250382 -9999
-9999 -9999 -9999 -9999 -9999 -9999 -9999 -9999 -9999 -9999 -9999 -9999 -9999 -9999 -0.157228244668494 -0.152031326926151 -0.224426452096326 -0.0288782777606624 -0.147494699887106 -0.300961493550902 -0.381403329283862 -0.553150060550995 -0.200109923476893 -0.205783802316967 -0.165844538237644 -0.165933813324928 -0.106596230017419 -0.129759848056032 -0.138533499251023 -0.139238187223192 -0.167882670055875 -0.00248666388045614 -0.0781628027165898 0.0283347514459386 -0.000368493119739977 -0.0595791390119258 0.0754027645170393 -0.00745357819109681 0.0522741725125544 -0.0868704910436414 -0.0857296378034074 -0.168834897495369 -0.230202123878542 -0.216107551521513 -0.206976665283061 -0.243168066170024 -0.170289636407655 -0.284102932750611
-9999 -9999 -9999 -9999 -9999 -9999 -9999 -9999 -9999 -9999 -9999 -9999 -9999 -9999 -0.124166688102166 -0.103005605553298 -0.161646368786603 0.000299025022076665 -0.158811235070823 -0.246611535595887 -0.273860024133361 -9999 -9999 -0.182782693015146 -0.0779423314596267 -0.151083350312961 -0.062702071435941 -0.118661893564562 -0.0751120631548435 0.0460025322829948 -9999 -0.0917347496242076 0.00650828385042512 0.0287587719291621 -0.0319263617137033 -0.0764054659417905 0.074712977044449 0.00950432703363637 -0.0102806005119971 -0.0181808296873451 -0.101261052524612 -0.0457572791722975 -0.0919997949027051 -0.130956938847316 -0.172469157759853 -0.146533896538728 -0.230451959877685 -0.173762598670887
-9999 -9999 -9999 -9999 -9999 -9999 -9999 -9999 -9999 -9999 -9999 -9999 -9999 -9999 -9999 -0.0947641753981309 -0.159561752271282 -0.127534061025806 -0.118002891546927 -0.221556335468517 -0.165684299237457 -0.258188779903733 -0.140397770090558 -0.00974753205313069 0.0258633306587282 -0.0541757603813817 -0.149785265513959 -0.063530889948629 -0.145513597918631 -0.0419409472307242 0.0146138371882904 0.0132253464850038 -0.00583735315843908 -0.0564894732676678 0.0224375289306791 0.0230526750763366 0.0378859902714348 0.0590305547348538 0.0538532502813102 0.00896324532407174 0.0353191500120115 -0.0332994290397283 -0.0587534573340494 -0.125187635747082 -0.194332577946365 -0.168048309180287 -0.121183589373431 -0.0788431245494298
-9999 -9999 -9999 -9999 -9999 -9999 -9999 -9999 -9999 -9999 -9999 -9999 -9999 -9999 -9999 -9999 -0.109758452196141 -0.13438052751126 -0.113403509918444 -0.178432595035686 -0.273572921062145 -0.252693337233609 -0.138499413683132 -0.0143104528536205 0.113335904018746 0.0532903648218728 -0.172605823763343 -0.06176437593821 -0.112806737157701 -9999 -0.0393988890931147 0.0370026688941844 0.006633353595741 0.00092843242871757 -0.190575122337383 0.0188255514026388 0.0342400791201117 0.0760280204904105 0.0197870742974839 -0.0299307222155906 0.116176342933485 0.0187097004176561 -0.132265250148466 -0.132294563889175 -0.148094400446939 -0.12791462043998 0.0322334039391214 0.117725085100405
-9999 -9999 -9999 -9999 -9999 -9999 -9999 -9999 -9999 -9999 -9999 -9999 -9999 -9999 -9999 -9999 -0.175166428136618 -0.260165287650108 -0.10869530768033 -0.144524374774499 -0.180564577443525 0.0483503678812076 -0.00757532361376941 -0.0426910283640963 0.093673978249626 0.0964907209269924 -0.0111229194086367 -0.0991880487969062 -0.0582223147070627 -0.0761314590291585 -0.0191718337744866 0.0194035693906746 -0.0319351660446615 0.0633201024319646 0.07081631989446 0.0333918538187284 0.0626818916810593 0.0249604275048278 0.054587070618323 -0.0763049575798174 -0.113748889046361 0.130290327609064 0.0588082055973809 0.0314460615031502 0.0931905588352982 -0.0954397580193207 0.0242890529424572 0.101898720256444
-9999 -9999 -9999 -9999 -9999 -9999 -9999 -9999 -9999 -9999 -9999 -9999 -9999 -9999 -9999 -9999 -9999 -0.24747007825832 -0.151206693534386 -0.105683663256818 -0.201757767249889 -9999 0.0439505511995142 -0.00929897513496533 0.0536857148069258 0.0342847063691999 0.0101648299249386 -0.0592867204483105 0.0169924859344388 0.0615156747785402 -0.00450171645589336 0.0179841836183846 -0.0375034484206137 0.0655049088722977 -9999 -9999 0.147523688461611 -0.000796053149823423 0.0561746515750861 0.0436816005880526 0.0986116631370059 0.137430167558762 0.0628661797472054 0.0636937145425725 0.203240599913745 0.187997281609038 0.0852441917642408 0.154019597270673
-9999 -9999 -9999 -9999 -9999 -9999 -9999 -9999 -9999 -9999 -9999 -9999 -9999 -9999 -9999 -9999 -9999 -0.24300227250511 -0.156000431990833 -0.153600164451379 -0.17904052524379 -0.213376146748556 -9999 0.190720145916617 0.0356626944113913 0.0713337986860045 -0.0168394483082161 -0.00827694075075839 0.0161719283023886 0.0706424185039992 -0.0416646864238977 -0.0599908373012338 0.0996161512807431 -0.0910061787152495 -9999 -9999 0.0459533383474579 -0.0145941175094169 0.0833403603361368 0.0575073381012925 0.243178528967793 0.225741192604171 0.159080377040057 0.112768933804766 0.169713720333795 0.155389981753956 0.134288452415923 0.196627251116343
-9999 -9999 -9999 -9999 -9999 -9999 -9999 -9999 -9999 -9999 -9999 -9999 -9999 -9999 -9999 -9999 -9999 -9999 -0.139421193778103 -0.163349972561098 -0.140450124148702 -0.0887416120298919 0.0110791607920977 -0.0231865251521613 0.0071331144649296 0.0278864668820297 -9999 -9999 0.148254703385913 0.0835098834914233 -0.0105987292383401 0.0130911607622069 -0.00828868055417751 0.0328990634958899 -9999 -9999 -9999 0.0285456226032417 -0.155391201079686 -9999 -9999 0.249493892726121 0.289441896111832 0.321035499088408 0.282677766884129 0.247827196378482 0.307281598804172 0.125677467658663
-9999 -9999 -9999 -9999 -9999 -9999 -9999 -9999 -9999 -9999 -9999 -9999 -9999 -9999 -9999 -9999 -9999 -9999 -9999 -0.0609915957818057 0.0153161128301936 0.020240801973574 0.0323014183675111 0.0845017490416543 0.11159932393117 0.0631380443410109 0.0871370178411792 0.106499104572909 0.0633251922266905 0.0249875468230605 0.00729466356315805 0.000462595561550032 0.0281873091092509 -9999 -9999 -9999 -9999 0.0305324865708922 0.0643701202934931 -9999 -9999 0.217334297310521 0.155335464157079 -9999 -9999 -9999 -9999 -9999
-9999 -9999 -9999 -9999 -9999 -9999 -9999 -9999 -9999 -9999 -9999 -9999 -9999 -9999 -9999 -9999 -9999 -9999 -9999 0.0615026483661206 0.122491552861501 0.0702864854661157 0.07455489664482 0.113828251710966 0.146181996065973 0.0792118460705166 0.0911267727816714 0.029229957177793 0.0270114791202115 -0.0060941245423766 -0.075753303120851 -0.0875770250949305 -0.0279737008301611 -9999 -9999 -9999 -9999 -9999 -9999 0.321684576508335 0.279183638688361 0.252590176327178 0.148178545443044 -9999 -9999 -9999 -9999 -9999
-9999 -9999 -9999 -9999 -9999 -9999 -9999 -9999 -9999 -9999 -9999 -9999 -9999 -9999 -9999 -9999 -9999 -9999 -9999 -9999 0.16318056136803 0.139786732440355 0.144217915918134 0.089894290741717 0.148303176017926 0.0687961878219359 0.0168058947239443 0.0721762926705794 0.0796300230845422 -0.0475372076540637 -0.42457432689286 -0.143763110166114 -0.0687107831970784 -0.153180820750912 -0.163284888835026 -9999 -9999 -9999 0.318291243438525 0.207515169390346 0.270781377247218 0.203977289536147 0.203907156262628 0.264666947854216 0.287620855878323 0.305000417543702 -9999 -9999
-9999 -9999 -9999 -9999 -9999 -9999 -9999 -9999 -9999 -9999 -9999 -9999 -9999 -9999 -9999 -9999 -9999 -9999 -9999 -9999 -9999 0.16310119488905 0.144830805599238 0.173298630163527 0.115781931074548 0.130039207250233 0.0253713375109471 0.0417876493852644 0.0645104535754471 0.0525952548462782 0.0288770745152925 -0.084399193433912 -0.0290829315231889 -0.118502491473559 -0.135949862679149 -0.103132877806492 -9999 -9999 0.315165560341538 0.214006574663368 0.281512979772079 0.199795520621809 0.237499026128465 0.356818776567125 0.283236424811515 0.295225091766082 0.331700359576709 0.194268688295641
-9999 -9999 -9999 -9999 -9999 -9999 -9999 -9999 -9999 -9999 -9999 -9999 -9999 -9999 -9999 -9999 -9999 -9999 -9999 -9999 -9999 -9999 0.0499314770658054 0.0708227939044403 -0.00143030517619448 0.095529767244361 0.0895362477051473 0.0257653120249388 0.0220586459549539 0.118248941343374 0.105897682724993 0.0146049842241653 0.0087298371506286 -0.0214156110629671 -0.0579443204438875 -0.107488354809587 -0.180995725058598 -9999 -9999 0.297455936879345 0.205854575767465 0.150197825494973 0.175570041877439 0.232137862689153 0.31958135905385 0.266809555058676 0.284309993466131 0.29513109692635
-9999 -9999 -9999 -9999 -9999 -9999 -9999 -9999 -9999 -9999 -9999 -9999 -9999 -9999 -9999 -9999 -9999 -9999 -9999 -9999 -9999 -9999 -9999 0.0636601056328518 0.112036731349776 0.0757706779029756 0.119327712671382 0.0588533676270106 -0.0036749850356802 -9999 -0.0276258420283471 -0.0327726304263975 -0.0558184379192606 -0.0515912872522621 -0.0698164983357388 -0.135933084456394 -0.265504351458519 -9999 -9999 -9999 0.286924846460006 0.242177613394202 0.277136358792824 0.282972604709165 0.304273576160092 0.386634413536522 0.327567672820577 0.413365949094503
-9999 -9999 -9999 -9999 -9999 -9999 -9999 -9999 -9999 -9999 -9999 -9999 -9999 -9999 -9999 -9999 -9999 -9999 -9999 -9999 -9999 -9999 -9999 -9999 0.0913322854368133 0.0900104022929849 0.114307329022437 0.0618639408288037 0.00451810766821733 -0.0270127766989844 -0.0278916660930527 0.0125952216880357 -0.0547276417534707 -0.0673310001113199 -0.0333584161764257 -0.0392620861033254 -0.0575346409682733 -0.00701890910003701 -9999 0.315887523574095 0.331361734215829 0.349948985214549 0.301627639560042 0.243271931451037 0.333723228936328 0.465409776233736 0.380931675987471 0.274070237260662
-9999 -9999 -9999 -9999 -9999 -9999 -9999 -9999 -9999 -9999 -9999 -9999 -9999 -9999 -9999 -9999 -9999 -9999 -9999 -9999 -9999 -9999 -9999 -9999 -9999 0.0610484496224996 0.100884883040198 -0.0166187703139264 -0.0289462592183119 -0.118128075189773 -0.0715822823849159 -0.021662125985375 -0.141361200470671 -0.0555297435362225 -0.0111590750142464 0.00637687451186647 -0.0260452508780952 0.0201062475109011 0.301900387756654 0.309386604878068 0.314976952076068 0.275881749874599 0.330656508380225 0.17358533652912 0.134052707387046 0.311324383690569 0.377030066771378 0.450322220657038
-9999 -9999 -9999 -9999 -9999 -9999 -9999 -9999 -9999 -9999 -9999 -9999 -9999 -9999 -9999 -9999 -9999 -9999 -9999 -9999 -9999 -9999 -9999 -9999 -9999 -9999 -9999 0.0336412005796051 0.00563703884216221 -0.0699163420410687 -9999 -0.0169677815108556 -0.0876337195632878 -0.151482117593501 0.0434183361665727 0.00248593135858274 -0.0204997369974938 -0.0475713911850907 0.304324938350313 0.379383737148449 0.335843975912538 0.319962346305371 0.306688351772206 0.173444972313815 0.182262157008281 0.285097005247788 0.19825343095536 0.217200174066454
-9999 -9999 -9999 -9999 -9999 -9999 -9999 -9999 -9999 -9999 -9999 -9999 -9999 -9999 -9999 -9999 -9999 -9999 -9999 -9999 -9999 -9999 -9999 -9999 -9999 -9999 -9999 -9999 -9999 -9999 -9999 0.00480378132686746 -0.0550036774767887 -0.261252279427515 0.174526652273435 0.0604146450033352 0.242833114834467 0.158958491321771 0.19566989736505 0.234780627686421 0.29665723554315 0.339854045673176 0.2851661733045 0.174007340276044 -9999 0.139113099667796 0.157197050562757 0.171010922967205
-9999 -9999 -9999 -9999 -9999 -9999 -9999 -9999 -9999 -9999 -9999 -9999 -9999 -9999 -9999 -9999 -9999 -9999 -9999 -9999 -9999 -9999 -9999 -9999 -9999 -9999 -9999 -9999 -9999 -9999 -9999 -0.00660622628218413 -0.0379140226011972 0.0312706693205339 0.0060763380419245 0.0266408920073368 0.360612582597488 0.36719993055478 0.354634101840835 0.263007892057337 0.275137097965547 0.31914558568035 0.323712798078357 -9999 -9999 -9999 0.16939356877364 0.148560675041971
