data/rasters/s6.03.08.li.2_xyz_08_.asc
NCOLS 100 
NROWS 100 
XLLCORNER -4 
YLLCORNER -4 
CELLSIZE 0.08 
NODATA_value -9999 
[rows 42 to 62 of 100, columns 48 to 95 of 100]
0.0987475413541905 0.0754312404722412 0.0134863111498048 -9999 -0.282897496774996 -0.0765406007218879 -0.0488085720482397 0.0513905514888916 0.0827017452800088 0.0587689438878743 0.0210149955447565 0.0170194169059554 -0.122294947383147 -0.131931224660524 0.031327508545779 0.0858394895906145 0.1247449581758 0.108369690157557 0.142225042902977 0.2010756417942 0.200545792200961 0.195891330514145 0.211338313085579 0.20863359848179 0.269483557332903 0.217392455011134 0.179400869262809 0.134911904318762 0.157548764968599 0.154260729123879 0.0999199305248389 0.0982670488517974 0.18675565358824 0.224136371492264 0.199094377997939 0.1840047480182 0.191533468210001 0.112437802350219 0.00143924172806117 -0.0187468719984065 -9999 -9999 -9999 -9999 -9999 -9999 -9999 -9999
0.190996045319878 0.104362998456147 -0.0661448489189323 -0.228135197555274 -0.190223494029841 -0.119136808855821 0.0130830258474358 0.0990092896656222 0.0620594925258795 0.00542493061971409 0.087329952863584 -0.0148859390574318 -0.0951720318537092 -9999 0.0306110570800117 -0.0190841929893583 0.0270931390623512 0.127006899839078 0.202542337259813 0.147748128095423 0.0917629802931591 0.155546985567777 0.21853257887424 0.176846107693978 0.189478700728957 0.18923469708659 0.146545406807152 0.101286034057635 0.147979446590993 -0.0045645807152218 0.130529175655111 0.154822544092381 0.176033918754654 0.167426927747697 0.180608198037511 0.198825504327177 0.167257836814978 0.072385959620868 -0.0038964685736792 -0.0333720034969942 -9999 -9999 -9999 -9999 -9999 -9999 -9999 -9999
0.0562861525522019 -0.0201822109943867 -0.188174306922941 -0.26687207093575 -0.23690439002375 -0.116601174502424 -0.0104470071447519 0.0544297787927809 0.047998335716705 0.127310115190213 0.106486285978133 0.00494263501655878 -0.043054933159023 -0.025041665330884 0.0203561966970683 -0.0307355664954557 0.184615906573585 0.068371765377011 0.149218692626965 0.200362857043546 0.140625085685561 0.109445236926977 0.122631670602769 0.103013397317695 0.140843195298935 0.245153852314043 0.190675306833078 0.119705108670493 0.120284842167175 0.061017484817706 0.0688486788208559 0.119136343638248 0.155918703966155 0.160887319665007 0.157556727926217 0.156277692893946 0.166318570788333 0.155344809905562 0.0129697066622128 -0.017414822828718 -0.0283249101856283 -9999 -9999 -9999 -9999 -9999 -9999 -9999
0.0259352844105384 0.0323249099635741 -0.0751017309868168 -0.125689330210479 -0.275915855316169 -0.101578883622174 -0.0120346865687688 0.0218459358566124 0.00803158498333686 0.0395485960707007 0.0149396650570421 -0.0299942345094091 0.00213571765805663 0.0214308287133753 0.160669811007184 0.191880495837084 0.180483486984898 0.183683211433773 0.228030206333088 0.175928084320512 0.188504858259059 0.163829797023453 0.0899949743012999 0.119291406135731 0.155534375735003 0.142439132019826 0.199916254317029 0.0721978299484791 -0.109737282536002 -0.092918458836782 0.157624098378424 0.116119292583013 0.0654788422064145 0.196148173212279 0.179275947134172 0.191526329308898 0.178849399115936 0.117304304251861 0.054493731331123 0.0161812085524596 0.0482253289076834 -9999 -9999 -9999 -9999 -9999 -9999 -9999
0.0903324479954738 0.0343379880426923 0.0485873157730591 -0.0832472704897698 -0.10380632272644 -0.0675104597782694 -0.0363146505237429 -0.0173917835056057 -0.000413324379356945 -0.0319528991790359 -0.224989090604303 -0.222698688685873 -0.121694595415769 -9999 0.156501323146773 0.146564647887644 -0.0949762611588622 0.283028736654731 0.221221030573666 0.239935836733899 0.201366290584582 0.208135584125917 0.16732923592646 0.129990429703921 0.038315168841936 -0.0877252181628285 -0.163461790837826 -0.0492065267687495 -0.32022384864352 -0.2425360675617 0.102026483800771 -0.00721546533619999 -0.0425341224015036 0.135843482226033 0.157679577503453 0.116776189085005 0.126881256776316 0.102811716664208 -0.00764954537847887 -0.123442048177851 -0.080328240730034 -9999 -9999 -9999 -9999 -9999 -9999 -9999
0.0560904173859656 0.0311591827347123 0.0336702463339416 -0.0187758032696364 -0.0281239128913145 0.0901167838906366 0.131885739132355 0.0148758766532263 -0.00232062858674596 0.0181930499119718 0.0578396154339813 -0.1327387622746 -0.094652334730929 -0.218071914070126 -0.0825330974504767 0.201283366076314 0.170776050455909 0.199520187221987 0.236553060209498 0.249776298907959 0.211395116310137 0.240877362865733 0.165269411237437 0.0194441364543578 -0.0423444813283282 -0.177142553117387 -0.139924681032691 -0.172524366050485 -0.297036178856639 -0.306403591852338 -0.304317851838431 -0.300381131816608 -0.184889251138027 0.0382256586003362 0.0664665037912697 0.11864945952409 0.126176135415964 -9999 -0.119305468985609 -0.223688696756573 -0.175432149263331 -9999 -9999 -9999 -9999 -9999 -9999 -9999
0.0310129128374769 -0.043544354698071 -0.0589698973625536 -0.0738633757695016 -0.0505800854513175 0.0939944023604536 0.0969358056832154 0.0681602215905744 -0.0155201544512533 0.0179509654656625 -0.0561089492676598 -0.10306892384405 -0.256997565677583 -0.25354048602551 -0.117599724640326 0.010588626122467 0.117714331050039 0.174829748095732 0.255829524388507 0.240930735924038 0.229908315365924 0.147817032737619 0.118283137759381 0.0456433521362216 0.0530791256607509 -0.10494140352516 -0.174543844639568 -0.150319340117626 -0.307677898457308 -0.273290813928523 -0.306176320829332 -0.316695856923256 -0.223533444439542 -0.149290064412584 -0.0903101859316607 0.0227889527615404 0.100868543702253 -0.336196817290684 -0.288423003573372 -0.21257865482202 -0.218320344009094 -9999 -9999 -9999 -9999 -9999 -9999 -9999
0.0360699842626823 -0.0801490681526089 -9999 0.00470456122105094 0.0601920257285625 0.0671072818353449 0.0835659687188946 0.08868338938764 0.0496508547818056 0.0107408927231216 -0.0841191268153714 -0.204268357594204 -0.245563576568298 -0.219545973000047 -0.190734174186098 -0.0987705220527647 0.0914630256818742 0.156188884070508 0.235406229011322 0.215271876901762 0.168157349678424 0.15167849295931 0.172170719174231 0.10775911961428 -0.0334898407895077 -0.0434800395584091 -0.0918402815504262 -0.137110976536999 -0.305512155538687 -0.135664088846612 -0.216106692387334 -0.362275718528914 -9999 -0.130459896892718 -0.132589086685628 -0.170111444364327 -0.19228159949743 -0.245302079952838 -0.223216951492706 -0.200733236345602 -0.134220556994499 -9999 -9999 -9999 -9999 -9999 -9999 -9999
0.0820962257099598 0.0595187840761462 -0.0195412055354356 0.0296420670123055 0.0545273295321948 0.0603625041553616 0.0638973007403923 0.0831345371709471 0.0691220337765663 -9999 -9999 -0.145828246351814 -0.143762001652979 -0.160666093628213 -0.198154182407365 -0.138702222822485 -0.0101542223126543 0.0472791403625783 0.150018658328062 0.192099072044854 0.164444482118554 0.188679837263893 0.161158791538496 0.00805110010023473 -0.118496303302805 -0.167786041097766 -0.155262752060093 -0.107536564026288 -0.0910718821159625 -0.141647440884021 -0.116234138470265 -0.182583277500813 -0.136472812853264 -0.0873356559747025 -0.113264821459323 -0.176063981002249 -0.182980584860245 -0.26198274894753 -0.158435330756805 -0.161303864204789 -0.0997481470892225 -9999 -9999 -9999 -9999 -9999 -9999 -9999
0.122783932102883 0.0989994735062326 0.00549489259621997 0.0219988992477309 -0.0575227977267885 0.0182217225460281 0.0491843115569487 0.0695192127716484 0.0198793183411656 0.00669536580296185 -0.0321507486414235 -0.0429981317070347 -0.039143801644719 -0.116650358166915 -0.174231827198813 -0.0809330313764158 -0.0442522901094791 0.103900916676004 0.108990688887611 0.124003579721106 0.0787647117249337 0.124653224907477 0.152725584099009 -0.0989490805621858 0.026454669821202 -0.133209866320998 -0.122490460837442 -0.0830604237117412 -0.209333406697027 -0.208501416249459 -0.165710853923881 -0.174528787225876 -0.154436012980812 -0.11930018740211 -0.12082499882564 -0.0949248806511567 -0.159255202373317 -0.235185114660775 -0.279834356839207 -0.229163412208583 -0.296944890454196 -9999 -9999 -9999 -9999 -9999 -9999 -9999
0.177952179132158 0.129781225244968 0.0566598716399755 -0.0631140284450448 0.0136947542930941 0.0454778770502344 0.0358687761496612 0.0241880296119804 -0.00100077328514226 -0.0379990485648196 -0.0441114811741344 -0.10828455599528 -0.103360270360707 -0.191648993298911 -0.129196476767791 -0.0774792039667946 -0.0188296681163007 -0.0417280488143254 0.0924372946417436 -0.0502733497706616 -0.0761433722659011 -0.0119568489609819 -0.205665295219203 -0.271992616162474 -0.152089810744847 -0.124052826974245 -0.0672655509527777 -0.155934881009168 -0.138773589162718 -0.190134581882869 -0.143597101668409 -0.116115234855747 -0.128449964378635 -0.0886644999840619 -0.0889964788211112 -0.126632985690795 -0.110794759873362 -0.168871237052208 -0.293098019642671 -9999 -0.235235184703455 -9999 -9999 -9999 -9999 -9999 -9999 -9999
0.135666259475257 0.0814576374728302 0.00960592812543395 -0.0518317151801542 0.051065166462482 -0.0214925406879062 0.0179167648723518 0.0019736924953809 -0.0507047678729199 -0.0967204412301319 -0.247166168289525 -0.204716609692801 -0.147362458716553 -0.165005916525227 -0.164033140443481 -0.14371487961397 -0.249064762411616 -0.102030945655948 0.0255473147524637 -0.137699150405451 -0.234752496297841 -0.227365419206801 -0.318733939276694 -0.375449833143592 -0.24033541590184 -0.216649120034652 -0.172412111345356 -0.208833284189924 -0.221355303384206 -0.216195075882121 -0.22273300684148 -0.202032628383302 -0.186191657559136 -0.0749336661407995 -0.0535599867510491 -0.138549937737857 -0.119663381536836 -0.132896684236322 -0.266747962517883 -0.309838088693357 -0.30249902408804 -9999 -9999 -9999 -9999 -9999 -9999 -9999
0.0200761554573586 0.0568184194598696 0.0135925321847656 -0.0525923190600853 -0.0843609308590791 -0.0361701950831141 0.0153289751874991 0.0100308039548946 -0.0468301446774068 -0.088912559040981 -0.188076788553648 -0.232864150920185 -0.290047555435892 -0.229177552865449 -0.265142208601228 -0.270937736915147 -0.300269983298439 -0.288207841864065 -0.131736107779558 -0.0725304617052397 -0.267674745076088 -0.177862761521948 -0.298589752434806 -0.286703086280466 -0.316719618471392 -0.235426095322514 -0.216844912198522 -0.198496410096028 -0.214023646426675 -0.229065932440508 -0.231032861183234 -0.182408023846468 -0.142516358363324 -0.0974870256709767 -0.094173419132272 -0.0741360112184379 -0.0520295269455834 -0.226741679840845 -0.244885468936668 -0.17909466316787 -0.156530274450403 -9999 -9999 -9999 -9999 -9999 -9999 -9999
-0.0129931384640184 0.0570675109465516 0.0713284419610897 0.0190564793822608 0.0270005070679058 -0.0220714176511977 -0.050639447089723 -0.0371041677637263 -0.0628300175232334 -0.104985609460665 -0.209799249807913 -0.230604789915215 -0.289934002912302 -0.296002002301373 -0.358126806596289 -0.38122912838249 -0.423553927661151 -0.376300910950719 -0.524694905900545 -0.427209632504628 -0.300499436477907 -0.305706426767086 -0.326339134335481 -0.398281697058384 -0.364931245835036 -0.194828351556976 -0.218017449621451 -0.188788859890102 -0.216175324163148 -0.216746832132154 -0.144727893564709 -0.133300974880077 -0.122944250380904 -0.188677315726449 -0.0842358739428624 -0.120301189938612 -0.122383933985712 -0.188876058237718 -0.220051595239468 -0.184034563587944 -0.234408447404683 -9999 -9999 -9999 -9999 -9999 -9999 -9999
-0.0532458368479526 -0.0719314237811896 -0.0692649495550719 -0.113766279473303 -0.156889894987117 -0.138430263208321 -0.000211217606635861 -0.145490845848736 -0.0724341443665522 -0.212161533015072 -0.180928871814788 -0.304586401114493 -0.322829919837119 -0.388472542398069 -0.483850055594478 -0.531764305408916 -0.56846505212704 -0.545114516645924 -0.535295019216833 -0.41467266225581 -0.350506821419165 -0.278548343473262 -0.14958625024186 -0.153563323075744 -0.213619465246855 -0.0809110071240689 -0.114928832958221 -0.124212354836871 -0.252956850328106 -0.200875230484441 -0.246315184219875 -0.0953582539154516 -0.150169726715889 -0.219731130837841 -0.111590987464066 -0.192245185925785 -0.204024098353022 -0.162509295643614 -0.192330837209219 -0.174815679808062 -0.213140241564278 -9999 -9999 -9999 -9999 -9999 -9999 -9999
-0.30509567407534 -0.0995746278163194 -0.0813423575966144 -0.138938167253171 -0.0960556517622602 -0.0537571313305767 -0.0286378906295015 -0.00310118102055128 -0.0752607094517362 -0.0579430986407579 -0.0560664957348669 -0.189745180113036 -0.251878617363632 -0.382303131172477 -0.437965784842956 -0.367686092355054 -0.317347259535944 -0.297515070514048 -0.270417759580719 -0.142826913532445 -0.384521894792739 -0.270194455257917 -0.151765814809513 -0.0888982594216242 -0.0300077510429716 0.0167839232739229 0.0168806077056034 -0.0251163691058615 -0.0831784200100311 -0.291067518912043 -0.201627915664918 -0.15672902853965 -0.131485380754903 -0.157648717220166 -0.140099108798607 -0.169824515392323 -0.209498861993685 -0.150355798758014 -0.193273964479528 -0.165173437673139 -9999 -9999 -9999 -9999 -9999 -9999 -9999 -9999
-0.217419269545119 -0.239312585789042 0.00653383299122792 0.0534376544600417 0.0108480093123861 0.00234176463932875 0.00273749073981961 0.0180661837015792 -0.0140291253916804 -0.0336373136286598 -0.0785201847697713 -0.127582349505994 -0.0808901041699238 -0.195780748981616 -0.293419441287595 -0.262727169966967 -0.198691884172651 -0.168096421084601 -0.100346968840705 0.013402986807226 -0.431647380934721 -0.299958945003566 -0.0876384541206013 -0.0537655103000895 0.0477642334199811 0.0513816989004462 0.0093441685651294 -0.128356346064078 -0.368686856761201 -0.196739377153148 -0.139527016855236 -0.0501650557920038 -0.105938616665769 -0.0686449930750684 -0.0977099798225607 -0.0868656245659046 -0.163413893237655 -0.141782167360441 -0.18338931740961 -0.169465691800149 -9999 -9999 -9999 -9999 -9999 -9999 -9999 -9999
-0.254221391714151 -0.00550593721582173 0.0332544957662128 -0.0226668364671632 -0.0456026666385188 -0.00553110958223071 -0.0636431595994612 -0.0533570359556431 -0.0850302696342504 -0.0315259398276911 -0.0650532535327227 -0.149348145886496 -0.118876189358182 -0.131279209303482 -0.19973515423721 -0.218426021342973 -0.173998561164853 -0.19788325334683 -0.17564877621239 -0.34443842431248 -0.378216504882076 -0.274368879798368 -0.108817258056294 -0.0921082411522105 0.0251100518616654 0.0289108023025319 0.0300844187484358 -0.103121126824493 -0.214095196643002 -0.0689896017641738 -0.0829858654891299 -0.0556310420147414 -0.084123922658141 -0.053633169176322 -0.0622311517488859 -0.0361097384423705 -0.0937802307303575 -0.186032687834184 -0.174342796082263 -0.131827917407884 -9999 -9999 -9999 -9999 -9999 -9999 -9999 -9999
0.160016597820195 0.136199963661639 0.105532875042127 0.0580090290061715 -0.00499040054886664 -0.0323881663640977 -0.0331852863727525 -0.0739649259352727 -0.0722427700935048 -0.0792757534209962 -0.167749941867407 -0.160399717041715 -0.146691773568363 -0.0538032689320589 -0.0738260273612001 -0.0927007247548032 -0.090697200816682 -0.131433785049711 -0.257583251607307 -0.320707486048601 -0.336282516760479 -0.184098704926608 -0.057511504402808 0.0355019699964324 0.0781157385889188 0.0694235776654247 0.012804917672545 -0.025478287738374 -0.0575268488535677 -0.105274739315046 -0.111889810734362 -0.153216737614595 -0.0435643478748889 -0.0145562353110325 -0.0546396132441755 -0.0517347794067177 -0.0779432850302371 -0.125027639011734 -0.184484107404972 -9999 -9999 -9999 -9999 -9999 -9999 -9999 -9999 -9999
0.214698243827715 0.17263422075325 0.0539791934606784 0.160355344250345 -0.0298821371372183 -0.0464333929055802 -0.0350517159993654 -0.036343882318408 -0.0707982347914442 -0.126055778883348 -0.142781859805461 -0.154619136341908 -0.0917967228626093 -0.0891306800773844 -0.0603333049523765 -0.0709920653741655 -0.106009569114799 -0.170482555980482 -0.188006014766274 -0.268374304052645 -0.354639887368027 -0.0810714243928055 0.0815201190739462 0.0969402968348028 0.0554848950669499 0.059629141329151 0.0339968068177267 -0.0111419072938858 -0.0337713789764115 -0.0379472047963395 -0.0536460640282546 -0.19953307824676 -0.0216823835335078 0.00567948581311234 -0.0342285731833326 -0.110216314490965 -0.0568439030100718 -0.0387252794016206 -0.290405134861855 -9999 -9999 -9999 -9999 -9999 -9999 -9999 -9999 -9999
0.311786780102403 0.230129866500964 -0.0426529294462142 -0.0320341785628854 0.0257129645738912 0.00025264107560616 -0.0143997009680468 -0.0593178572221846 -0.0824490998728505 -0.102964251412389 -0.135349811654594 -0.155679878075533 -0.106523540188349 -0.103927437989627 -0.105260272686733 -0.0763455014703757 -0.028314921810531 -0.358806657643196 -0.444052706939675 -0.284838145972763 -0.283399410175629 -0.182071065796899 -0.127181192525484 -0.028192786753782 0.0864231113151883 0.0613779064423935 0.0133617315071734 0.027610096727934 -0.0844775338928292 -0.175821618633393 -0.245630614465337 -0.180640333320425 -0.164690264349371 -0.0909454666551317 -0.0830400369263647 -0.0595404944707646 -0.0375655336151347 -0.054423141500084 -9999 -9999 -9999 -9999 -9999 -9999 -9999 -9999 -9999 -9999
