data/rasters/s6.03.08.li.2_xyz_08_.asc
NCOLS 100 
NROWS 100 
XLLCORNER -4 
YLLCORNER -4 
CELLSIZE 0.08 
NODATA_value -9999 
[rows 63 to 83 of 100, columns 48 to 95 of 100]
0.315584336068504 0.226971526624997 0.183526103645689 0.0361849635740124 0.0696706813347285 -0.0324273531098162 -0.0770704044657188 -0.148137235690521 -0.0945042925201647 -0.0797270017379115 -0.126949501670622 -0.180823850284133 -0.121356720729097 -0.122001809284567 -0.0828570720940006 -0.082811562587786 -0.0758314492452683 -0.235704383633994 -0.355769171510527 -0.411892906159043 -0.30202591608498 -0.371948462880527 -0.245195323847784 -0.0706271508135499 0.0633723036831207 -0.0030840719312729 -0.181037375914368 -0.135441828894493 0.0628915940492041 -0.401037205649148 -0.161432309176799 -0.122698618561017 -0.130103455284691 -0.121842060579679 0.0808939196741237 0.0875169246209767 0.0785982926889096 -0.237087102404208 -0.205087124321143 -9999 -9999 -9999 -9999 -9999 -9999 -9999 -9999 -9999
0.292695481880393 0.265062786578858 0.165835790332484 0.0414403280506234 -0.186041415695023 -0.197575710217891 -0.229120820784398 -0.109944791934793 -0.0249822416693844 0.0398883253493342 -0.150663686663128 -0.111771951608734 -0.151449116259228 -0.191575832264001 -0.125240772528835 -0.147129036564263 -0.118454390224639 -0.201674328330214 -0.283682927423043 -0.347066553939042 -0.273383788864749 -0.263908179335779 -0.259253253428268 -0.303604419076306 -9999 -0.105909772095754 -0.267128598339924 -0.329417200092026 -0.407723300743376 -9999 -0.263732677534854 -0.158255329198014 -0.0709710732024515 -0.0165408282859528 0.164828288518381 0.130617024036536 0.0886040640719239 -9999 -9999 -9999 -9999 -9999 -9999 -9999 -9999 -9999 -9999 -9999
0.267610459029423 0.198093343478446 0.186109683668613 0.0404993560461843 -0.135795851821568 -0.333581442835105 -0.298704808013663 -0.114282144446648 -0.0466008811013055 -0.00331756085518148 -0.126837978731864 -0.168129823288968 -0.123239231389029 -0.168478268336925 -0.164120524752581 -0.150713896195801 -0.130557254445259 -0.246110270424448 -0.225757651582014 -0.20256055069502 -0.171006770153799 -0.134217360308501 -0.281160226222456 -0.137138699451861 -0.240025982385236 -0.166131843708812 -0.295817880838529 -0.311025462948382 -0.268072354554835 -0.280093281659826 -0.191419596852673 -0.164905744091419 0.102393954328786 0.0970168157285582 0.150731267262726 0.156160272517595 0.104698612360417 0.1408363215036 -9999 -9999 -9999 -9999 -9999 -9999 -9999 -9999 -9999 -9999
0.210937782560885 0.107463317123434 0.0418576047491668 -0.0827484070418577 -0.192201638019432 -0.255103956760992 -0.150974862900746 -0.134983124451175 -0.0188818085866929 0.0874317682522576 -0.0178182547959252 -0.0448831520319034 -0.0384899669312503 0.0328156888162205 -9999 -0.120260844938178 -0.118624884074017 -0.184317062913967 -0.16641403787458 -0.158983353282644 -0.120943703597688 -0.152516662189444 -0.217387352192565 -0.204592997230759 -0.157772433140845 -0.35509627856827 -0.354062499710962 -0.237961479180469 -0.236063524110146 -0.220966124770206 -0.125145182690949 0.0300143478917867 0.0888041817256229 0.158598264934923 0.159164772690003 0.209373820297867 0.191444341919417 0.214358073118365 -9999 -9999 -9999 -9999 -9999 -9999 -9999 -9999 -9999 -9999
0.131266964164918 0.0724887580008755 0.0141637404234612 -0.10069287222078 -0.233182315866634 -0.181445508710797 -0.086416626720686 0.00514134612215398 0.0951780300625317 0.116641357464554 0.0761299115912539 0.0593443229963274 0.105883266870851 0.0622034111316295 -0.134152509981776 -0.198246244416208 -0.123154081571524 -0.136349983346206 -0.100375079270071 -0.102086829493066 -0.139785041888158 -0.21502494801901 -0.207941386485104 -0.153156765541715 -0.2022899608121 -0.254012444364976 -0.170961388290288 -0.13603431679956 -0.126816817132057 -0.130817815147095 -0.0517661694702188 0.0302860025678673 0.0969554245127112 0.160863047248711 0.132544078205049 0.204451741150401 0.154490303923775 -9999 -9999 -9999 -9999 -9999 -9999 -9999 -9999 -9999 -9999 -9999
0.108047439893204 0.0307115014383943 -0.0479349106567483 -0.228965396078924 -0.179299546157991 -6.61130484797831e-05 0.0291844752414003 0.0200751571933463 0.0745070604122552 0.0496385052124584 0.0882103368682192 0.0536708586535427 0.0488084189764713 -0.0154306968808041 -0.173214343961367 -0.157555610325064 -0.113507300866625 -0.112260104619848 -0.0828044358274678 -0.0987018273404167 -0.154086044438192 -0.164680798837151 -0.176771901922328 -0.11371198172456 -9999 -0.175112343559687 -0.126400436749998 -0.134586783580151 -0.104743280248987 -0.153040947014216 -0.116442818241474 -0.000156038000276893 0.11531694269635 0.115734933862701 0.191511802897282 0.259767062943245 -9999 -9999 -9999 -9999 -9999 -9999 -9999 -9999 -9999 -9999 -9999 -9999
-0.0936627048437421 -0.085093252406445 -0.0936355366465095 -0.188778005775722 -0.0646619210220107 0.0624413357682429 0.0352823555730042 0.0820123247319046 0.12023944261175 0.109578044908075 0.13229728288709 0.112748612646167 0.0783602420437252 -0.0394273535109901 -0.0584464602388217 -0.1520689923614 -0.147767388622488 -0.149581864628601 -0.0845673694655623 -0.0909447360083651 -0.0695743120415281 -0.109367233226577 -0.134309400779169 -0.106364310021289 -0.299723024739987 -0.251549897256809 -0.28436934059281 -0.137826805667799 -0.127166870379053 -0.173946373089946 -0.0817529845543172 -0.0928721091992165 0.163030676656979 0.132791114106908 0.156172896653257 0.239519607248436 -9999 -9999 -9999 -9999 -9999 -9999 -9999 -9999 -9999 -9999 -9999 -9999
-0.125899398439223 -0.158243842225065 -0.195793042751494 -0.165920881387405 -0.173170290398234 -0.127597891440547 -0.0394554775190093 0.038424808040958 0.0571019811708976 0.0876925006131838 0.084920787794568 0.0803137185686622 -0.0742987023414362 -0.108082549331538 -0.0427454852919588 -0.20920530242569 -0.107275276963641 -0.12022155325746 -0.0843718527253973 -0.117657748783932 -0.153592231300524 -0.154833410057379 -0.228614576474159 -0.248847632654935 -0.170900650301093 -0.112066074996732 -0.117675287649031 -0.118534825281494 -0.126834674318298 -0.104252718026599 -0.174924976849209 -0.090005437604088 0.156306491940475 0.0591574969807546 0.12824695249291 -9999 -9999 -9999 -9999 -9999 -9999 -9999 -9999 -9999 -9999 -9999 -9999 -9999
-0.0688547428571095 -0.154183956602208 -0.190168438793244 -0.171621161637587 -0.238614455508787 -0.233219507751354 -0.176067377682933 0.0259166466910486 0.0445492787270042 0.0475225347408926 0.0718026421061482 0.102833098558174 -0.0929297465255344 -0.275997828769497 -0.346946884934431 -0.185712165248169 -0.19292895369287 -0.212293075635101 -0.126454306943295 -0.244024183113093 -0.0777332291433744 -0.0575902131664496 -0.216847323847147 -0.167288740518707 -0.130238810648741 -0.144855982439256 -0.144440656834238 -0.135952758926227 -0.119728208335124 -0.153113712287236 -0.203456249884351 -0.180903656884468 -0.172982119877361 -0.0252059578908476 0.0376269662100474 -9999 -9999 -9999 -9999 -9999 -9999 -9999 -9999 -9999 -9999 -9999 -9999 -9999
-0.133087127095732 -0.170343888715557 -0.185122947207593 -0.162590555927236 -0.201021731230173 -0.279807049949886 -0.146853016450644 -0.0475327646563782 0.0230013576418888 0.0475011684433564 0.0567874748467274 0.00214390288324906 -0.0428298722795845 -0.210458440836094 -0.324444645563119 -9999 -0.286307185537141 -0.181696051472406 -0.148426320648412 -0.074701103320787 -0.0142409580632538 -0.219288445131935 -0.161505150116941 -0.145480868609135 -0.204427577661913 -9999 -0.181747581728505 -0.164524213169514 -0.16848095683132 -0.168374224946506 -0.211288719532519 -0.1579929127153 -0.162472227360914 -0.149796603135488 -9999 -9999 -9999 -9999 -9999 -9999 -9999 -9999 -9999 -9999 -9999 -9999 -9999 -9999
-0.000569137543061679 -0.033634117656109 -0.0447922725093398 -0.156068285692045 -0.163381590692856 -0.216588663273714 -0.10732456415084 -0.0397240139259924 0.0366314122571938 0.104711007742785 -0.123362213626644 -0.0990430209811977 -0.214138013088902 -0.230662546935586 -0.301686975685029 -0.191899241962206 -0.188383277396221 -0.12048879391643 -0.0738866224105467 -0.018255546507373 0.006060917457462 -0.0298108965893139 -0.0562924124291781 -0.109820901416948 -0.139681190759355 -0.114766870971345 -0.301938300192484 -0.24780841300872 -0.166185631143101 -0.152264179163353 -0.0999814744662728 -0.0711434072718015 -0.138792412542851 -9999 -9999 -9999 -9999 -9999 -9999 -9999 -9999 -9999 -9999 -9999 -9999 -9999 -9999 -9999
0.00841789825166883 -0.0261084070641528 -0.167829428337332 -0.194628683104638 -0.191440444368958 -0.18993632892215 -0.0832047492471327 -0.118453128930481 -0.0859108221432041 -0.113847571873933 -0.179825328458007 -0.17892069627549 -0.240307972928027 -0.271420570353923 -0.170399680791111 -0.178538555846318 -0.132576962879106 -0.0178371776692889 0.0483694016504116 0.0212477629366843 0.0237991948195743 0.0203907971827603 -0.0201283922291146 -0.0845693318557001 -0.128537934785069 -0.10693376801609 -0.141548485635153 -0.187412302358514 -0.14204122764185 -0.0354584988836971 -0.0187252972595809 0.0155258938228467 -0.0675220607465662 -9999 -9999 -9999 -9999 -9999 -9999 -9999 -9999 -9999 -9999 -9999 -9999 -9999 -9999 -9999
-0.00739202568561002 -0.0770889571125585 -0.111917354689732 -0.207634361041429 -0.191693060548548 -0.148535640988581 -0.128638529073412 -0.124456014084828 -0.0508690836018907 -0.0559139740530443 0.0714547963748374 -0.0846254643873186 -0.253727048270691 -0.114353134601949 -0.22511623541759 -0.147243559297114 -0.0281032294134044 -0.0570608668561178 0.00632119122536862 0.00686042775012194 0.0415069615797573 0.010421251285841 -0.0863505851964073 -0.163762102677862 -0.182580388772795 -0.180054606405416 -0.211421233320906 -0.183651649323889 -0.162829358270554 0.027173955675888 0.0433327748210768 -0.00327358492487517 -9999 -9999 -9999 -9999 -9999 -9999 -9999 -9999 -9999 -9999 -9999 -9999 -9999 -9999 -9999 -9999
-0.0353101407619339 -0.0854184053035939 -0.116934570934073 -0.22887004882696 -0.208844257576565 -0.178629510241929 -0.280515533250073 -0.262912162505 0.102453335172095 0.109614147893893 0.0811198773620088 -0.00716833849313539 -0.0474033797968071 -0.178451917101545 -0.291259044899408 -0.253939428470898 -0.0854636569116998 -0.0646307232384154 0.250325861976455 0.229747082631226 0.162124104610777 0.0260335276701361 -0.0522927726400118 -0.061845422036926 -0.190520480818551 -0.149028176668378 -0.17714733646764 -0.167276221026138 -0.0975632563579213 -0.0469083594348183 -0.0424244158591258 -9999 -9999 -9999 -9999 -9999 -9999 -9999 -9999 -9999 -9999 -9999 -9999 -9999 -9999 -9999 -9999 -9999
-0.156345979550265 -0.171854272545135 -0.229661304631721 -0.263869834942518 -0.29981083478172 -0.240169962440504 -0.000510835817759456 -0.00666588927717179 0.0612795205331889 0.0744234841955739 0.063205983942333 0.090292074623787 -0.0639707366230894 -0.185314042521023 -0.182664227258043 -0.125550567754659 -0.168358163387729 -0.0855253318682721 -0.0363918438759941 -0.00708563391291049 0.0597512305907431 0.0527048952693332 0.258873816288359 -0.146302060010432 0.0014362366878338 -0.0285834895062553 -0.0850582739491213 -0.132874645496847 -0.106648830396538 -0.201058100405263 -9999 -9999 -9999 -9999 -9999 -9999 -9999 -9999 -9999 -9999 -9999 -9999 -9999 -9999 -9999 -9999 -9999 -9999
-0.18936780121319 -0.191693370726192 -0.24817600028328 -0.293787556942416 -0.273784975361703 -0.00739205884456377 0.0102894570798452 0.0789069248959246 0.0539444234775811 0.177864900004624 0.131570742359546 0.118592583581606 0.0793363555571652 0.0101085556886011 -0.089314684217235 -0.141731921517306 -0.179696600260567 -0.178775200533362 -0.323546119776612 -0.174397370751441 -0.062348118760917 -0.00590106037591395 0.154763375451129 0.0776366033834425 -0.0303781541919062 -0.0380032512188308 -0.109472667018102 -0.0657497852352788 -0.0574805559754291 -9999 -9999 -9999 -9999 -9999 -9999 -9999 -9999 -9999 -9999 -9999 -9999 -9999 -9999 -9999 -9999 -9999 -9999 -9999
-0.18218845252947 -0.234529428224657 -0.229750740534382 -0.451255353267149 -0.0591348969326227 0.0840353851584528 0.131648779292012 0.0850457938163546 0.0930667930906891 0.0826626954953648 0.134274437344142 0.113694011230799 0.0767601010537862 -0.00715055763998766 -0.19818820156465 -0.196102531603799 -0.261065404931999 -0.254106560494093 -0.258112642201528 -0.172062443919581 -0.0688282373079822 0.103602450868345 0.366594740269514 0.335700248293298 0.190063757383424 -0.109415976885532 -0.0108274484914538 -0.0380732698168843 -9999 -9999 -9999 -9999 -9999 -9999 -9999 -9999 -9999 -9999 -9999 -9999 -9999 -9999 -9999 -9999 -9999 -9999 -9999 -9999
-0.268183717364332 -0.298610553554062 -9999 -0.61796535397679 0.0736831820936303 0.0624431881583239 0.0788326602389468 0.115553272925349 0.0868435020407017 0.133832146969597 0.153447724452818 0.123549878580367 0.0915342184243608 -0.0236134473364473 -0.297122605770082 -9999 -0.403170946314062 -0.450719813705631 -0.218651190159203 -0.183884823790301 -0.163985300925374 -9999 -9999 0.290759048510414 0.0752546886637183 -0.047853628679976 0.0244055162598611 -9999 -9999 -9999 -9999 -9999 -9999 -9999 -9999 -9999 -9999 -9999 -9999 -9999 -9999 -9999 -9999 -9999 -9999 -9999 -9999 -9999
-9999 -0.295551891465253 -0.290581894606117 -0.293084433144533 -0.190130194456365 -0.0827767522965457 0.0578264335470335 0.119200753358756 0.13330840845238 0.137212422773709 0.127824615750425 0.130834490263524 0.0651800332773106 0.0608678247766855 -9999 -0.313227346035281 -0.176527398881837 -0.195733714585821 -0.242620486323597 -0.243031143254014 -0.349872530917397 -0.440933324503307 -0.129603218675606 -0.324935179038764 -0.0416968843929151 -0.0394984118706057 -9999 -9999 -9999 -9999 -9999 -9999 -9999 -9999 -9999 -9999 -9999 -9999 -9999 -9999 -9999 -9999 -9999 -9999 -9999 -9999 -9999 -9999
-0.39789315319656 -0.211651374863617 -0.259106991840177 -0.272432573541129 -0.247005161049326 -0.184595195072871 -0.139179545118562 0.0126136399683996 0.104098741707589 0.0750349720069379 0.137868835739351 0.111628475141589 0.0679127039167016 -0.0629503954142998 -0.254128789595386 -0.295641178137919 -0.24862207493751 -0.259370709429104 -0.243517157263793 -0.367337894333282 -0.414795158136014 -0.409028558940115 -0.176566154241051 -0.29765830752526 -9999 -9999 -9999 -9999 -9999 -9999 -9999 -9999 -9999 -9999 -9999 -9999 -9999 -9999 -9999 -9999 -9999 -9999 -9999 -9999 -9999 -9999 -9999 -9999
-0.210017767764856 -0.201066632860428 -0.215724088705126 -0.252313645722316 -0.219317320063852 -0.208209109530846 -0.136678646632307 -0.0474186782767234 0.0405725257531968 0.0139781805766997 -0.00685775043318714 -0.0262940967903922 -0.0436446517663612 -0.124341079212382 -0.233956484934209 -0.23157788998533 -0.166830730792244 -0.192969016000769 -0.27488548372552 -0.274199517990331 -0.300597217524908 -0.342484725076038 -9999 -9999 -9999 -9999 -9999 -9999 -9999 -9999 -9999 -9999 -9999 -9999 -9999 -9999 -9999 -9999 -9999 -9999 -9999 -9999 -9999 -9999 -9999 -9999 -9999 -9999
