data/rasters/s6.03.08.cu.2_xyz_08_.asc
NCOLS 100 
NROWS 100 
XLLCORNER -4 
YLLCORNER -4 
CELLSIZE 0.08 
NODATA_value -9999 
[rows 22 to 43 of 100, columns 49 to 97 of 100]
0.118606107845307 0.125321928378526 0.213596793221018 0.169856056553371 0.147551583969188 -9999 0.237996851302111 0.177497023788647 0.196473114746505 0.278053770681744 -9999 0.307310746605473 0.253664750295265 0.24996748482313 0.274939924087572 0.167584291860608 -0.0885936598093521 -0.291626909194201 -0.398618495768455 -0.489063756652069 -0.502535810722917 -0.56915038708774 -0.545214762835113 -0.581425466370609 -0.720004532947956 -0.738961369024118 -0.836496618306041 -0.838075683859565 -0.877262147329034 -9999 -9999 -9999 -9999 -9999 -9999 -9999 -9999 -9999 -9999 -9999 -9999 -9999 -9999 -9999 -9999 -9999 -9999 -9999 -9999
0.0574434986493852 0.140953968494137 0.189084967586624 0.209973096731625 0.247063733097346 0.203060542700048 0.30638793804727 0.388978278580419 0.386735320723435 0.0662914959743622 -9999 0.21337348778991 0.0984355976095791 -0.0833436825205822 -0.0239139540083225 -0.0415915869109364 -0.009806861650516 -0.226230297358926 -0.406359463354837 -0.537472692486841 -0.586420114671648 -0.609775449244154 -0.64192566276819 -0.589802393632487 -0.702323775833823 -0.646551900183941 -0.816227828883279 -0.840335366009647 -0.49592202626161 -0.499787592764791 -9999 -9999 -9999 -9999 -9999 -9999 -9999 -9999 -9999 -9999 -9999 -9999 -9999 -9999 -9999 -9999 -9999 -9999 -9999
-0.0190280358299986 0.177313955444395 0.201759775453681 0.171665262918406 -9999 -9999 0.336942883722211 0.37795788727617 0.333147086026712 -9999 -9999 0.0488151437094889 0.0967046771584998 -0.0800582473081898 -0.136814224399682 -0.159898754097838 -0.265801522597413 -0.40003286142691 -9999 -0.532879123363404 -0.622143796991255 -0.467965628967811 -0.479380191484862 -0.531621445399174 -0.703614440263301 -0.746317233467182 -9999 -0.439381792477531 -0.432880942511559 -0.453591592192695 -0.459285489555114 -9999 -9999 -9999 -9999 -9999 -9999 -9999 -9999 -9999 -9999 -9999 -9999 -9999 -9999 -9999 -9999 -9999 -9999
0.134569549164348 0.188971078626672 0.225121002958795 0.177766053830467 -9999 -9999 0.301909074669721 0.289160618747545 -9999 0.171170959476714 0.0582491210030847 -9999 -9999 -9999 -0.286920900624267 -0.474802969913641 -0.429487389224263 -0.380627287202994 -9999 -9999 -0.626906917949589 -9999 -0.448341525441702 -0.508091436085307 -0.571519701873901 -0.611560740108178 -0.570289800437134 -0.69890886656398 -0.434963783813972 -0.419659486113602 -0.427416841998174 -0.501103499385665 -9999 -9999 -9999 -9999 -9999 -9999 -9999 -9999 -9999 -9999 -9999 -9999 -9999 -9999 -9999 -9999 -9999
0.0148546586620748 0.148267759614301 0.10141586008983 0.0618374271123243 -9999 0.287186313905795 0.294650663072911 0.293198792979284 -9999 0.245214016008745 0.193872367073941 0.143315254502868 -9999 -9999 -0.245310336707107 -0.264747940282853 -0.414985318347846 -9999 -9999 -9999 -0.501515587540131 -0.510248403442904 -9999 -0.501334376232795 -0.524228781808556 -0.576420888481402 -0.603894808517324 -0.631858077988218 -0.536064309266243 -0.525481139253947 -0.417220753886247 -0.526840344812562 -9999 -9999 -9999 -9999 -9999 -9999 -9999 -9999 -9999 -9999 -9999 -9999 -9999 -9999 -9999 -9999 -9999
0.00153635496477483 -0.0775045980407988 -0.0435296656122545 -0.115612869337424 0.40678624657162 0.38373329286925 0.273331833772072 0.256536817308216 0.308294847149096 0.271952524497757 0.264552387069237 0.21107153782838 0.14237248563781 -9999 -9999 -0.297719993360445 -9999 -0.422153434766064 -0.374292710282117 -0.4295726834564 -0.509999995599221 -0.595100236003613 -0.660224797042528 -0.51039100133497 -0.570174503542351 -0.644858140792075 -0.523087132527856 -0.524566924372331 -0.501535009255058 -0.627009347558933 -0.42139639624227 -0.454106123155119 -0.431495496255177 -9999 -9999 -9999 -9999 -9999 -9999 -9999 -9999 -9999 -9999 -9999 -9999 -9999 -9999 -9999 -9999
-0.00704350354412753 0.0921262439329305 -0.0737256451306167 -0.0888950757414568 0.308790257033185 0.238890448962556 0.296022767390929 0.303901050474426 0.328628261425848 0.260675356735261 0.189170116617098 0.185939504039721 -0.139974014523133 -9999 -9999 -0.283259619943011 -9999 -0.320782371793944 -0.338535667849121 -0.438096629389271 -0.507356955891838 -0.610041421673338 -0.56217062005532 -0.578490074077548 -0.508976667507332 -0.533780744591038 -0.670926660065192 -0.650183140431384 -9999 -0.588868195453405 -0.553693965999177 -0.51885938592176 -0.433878327238871 -0.33047435224146 -9999 -9999 -9999 -9999 -9999 -9999 -9999 -9999 -9999 -9999 -9999 -9999 -9999 -9999 -9999
0.0309315618285228 0.0123256408398765 -0.0610630219784643 -0.202271490509927 0.337325440601503 0.325848193071585 0.270348327458221 0.318450369198416 0.323524400957241 -9999 0.207261994664745 0.150737843891921 -0.0225716691404071 -0.0241603076445718 -0.141259303126305 -0.272553247655777 -0.351495117361881 -0.281010100166938 -0.241111939474201 -9999 -9999 -9999 -0.515369875950128 -0.587117311151089 -0.562495360782554 -0.647171454670329 -0.622025526929401 -0.580030656921417 -0.638244237441913 -0.599969352625101 -0.626953197165968 -0.497666799310793 -0.365630026350613 -0.304446762931521 -9999 -9999 -9999 -9999 -9999 -9999 -9999 -9999 -9999 -9999 -9999 -9999 -9999 -9999 -9999
-0.0703496182158517 -0.0586231955655976 0.0228547309325734 0.0203941209282217 0.225538150733764 0.247396401357676 0.260876357940637 0.264054184124048 0.273935543909477 0.202429750304479 0.109583602633033 -0.0571817227583984 -0.0858615875195211 -0.0453316735503724 -0.166949185848094 -0.178377837187987 -0.259449239027024 -0.228704366790012 -0.276836486775809 -0.586929628400513 -0.552290263608263 -0.765890785131628 -0.514759218099123 -0.566557673429755 -0.522618009036174 -0.569836667004034 -0.513355135783777 -0.514970379575013 -0.535815512162881 -0.601981605249799 -0.567212778239714 -0.595351940970057 -9999 -9999 -9999 -9999 -9999 -9999 -9999 -9999 -9999 -9999 -9999 -9999 -9999 -9999 -9999 -9999 -9999
-0.204673835278603 -0.190923865229576 0.000826551779464692 -0.0025051989717071 0.0900782149535297 -9999 0.283827028573302 0.255034687561421 0.24973055871708 0.184203851392539 0.132565306627424 -0.0482754553298683 -0.0702106500540416 -0.0751168105374206 -0.108016793798065 -0.171526155235667 -0.23201535458535 -0.289330443441487 -0.26133250674386 -0.432810222016716 -0.508394752193508 -0.565411177018273 -0.702610103355272 -0.589594659767151 -0.611877731977814 -0.770888879558972 -0.729259274202169 -0.641074919372384 -0.60945464826275 -0.590214355667863 -0.616415425934407 -0.326443673030938 -0.259594811830947 -9999 -9999 -9999 -9999 -9999 -9999 -9999 -9999 -9999 -9999 -9999 -9999 -9999 -9999 -9999 -9999
-0.212301736713168 -0.131999187780827 -0.00146033948230195 0.0924452565620504 0.0983413421900403 0.121049808508884 0.0853606360393178 -9999 -9999 0.190600966039145 -9999 -0.0624301980377936 -0.0814427391414483 -0.0437242073686258 -0.0736239509469823 -0.135071646144869 -0.208657452828803 -0.286549571645798 -0.321219794922382 -0.573031390590992 -0.579734200655375 -0.663814618412188 -0.693691098712859 -9999 -0.688372108062872 -0.746046164345204 -0.866553063974504 -0.59879302697354 -0.614932685538581 -0.539269666826335 -0.432202908239664 -0.373201491867098 -0.149770412464095 -0.218049951480193 -9999 -9999 -9999 -9999 -9999 -9999 -9999 -9999 -9999 -9999 -9999 -9999 -9999 -9999 -9999
-0.207840743637287 -0.143688769279878 -0.127673385934117 -0.038435163304495 0.0785825405309427 0.0691888807410752 0.0125935234930543 0.0571161938233187 -9999 -0.390029669983583 -0.303420660686323 -0.103570528543117 -0.0871362574367689 -0.0366323823914305 -0.0473092162432899 -0.0408567160597212 -0.0780529060217458 -0.189639176172062 -0.313294421850269 -0.547648192459871 -0.602468133803392 -0.75142723557823 -0.710525944101164 -9999 -0.616625900998939 -0.622703055143621 -0.70508078811078 -0.622317426791527 -0.643552619563135 -0.452779030533089 -0.374434345961807 -0.142323303030278 -0.160053051155527 -0.168810334414855 -0.0678407684849837 -0.107256044745945 -0.0886880278478995 -9999 -9999 -9999 -9999 -9999 -9999 -9999 -9999 -9999 -9999 -9999 -9999
-0.128238529706222 -0.0344602479569797 -0.0875937301290168 -0.264214278957974 0.106624933569958 0.0503636039712076 0.0558664900630553 -9999 -9999 -0.430018356642343 -0.188020429816065 -0.19162368159905 -0.146359388103636 -0.249148389982891 -0.0831444787057685 -0.0613304893782242 -0.379459980708824 -0.146235142868351 -0.146046516009515 -0.416419559027379 -0.716187061541218 -9999 -0.592160691115498 -0.689138141782708 -0.711724374205879 -0.502232638433615 -0.586156323134492 -0.477194456534823 -0.517593134187033 -0.420298809554087 -0.457213605199772 -0.277622201934399 -0.184424851751255 -0.119688356395576 -0.0410313192573797 -0.0718046714102255 -0.0734562848488159 -9999 -9999 -9999 -9999 -9999 -9999 -9999 -9999 -9999 -9999 -9999 -9999
-0.149435074004107 -0.0273347520096656 0.0376519401597838 -0.124295331582762 0.096912262252167 0.0774278950853191 -0.317967070969919 -0.368791601175245 -0.249129366505573 -0.225398186080109 -0.356950208653913 -0.224896297093762 -0.169323613443282 -0.0824672468979895 -0.0665818645166412 -0.097982521946949 -0.167864088826381 -0.154143057037214 -0.233823327585946 -0.508292256324044 -0.401820858288297 -0.52135088851731 -0.560687682718018 -0.534158784542244 -0.545388766089329 -0.563355415012755 -0.496299339693347 -0.421100769398919 -0.453866555949886 -0.422046080037453 -0.369680700406618 -0.27826928927218 -0.17804650178866 -0.0872272937822257 -0.0799623669332147 -0.361867889925049 -0.117508184473856 -9999 -9999 -9999 -9999 -9999 -9999 -9999 -9999 -9999 -9999 -9999 -9999
-0.0370313001598346 -0.0358253530855206 0.0527389111820286 0.0866668513505253 0.137723316767593 0.114239653458038 -9999 -0.0934449462827688 -0.0760135677512736 -0.150628934225727 -0.13591424055356 -0.340149711938585 -0.263550318839671 -0.139361686460494 -0.100765761445169 -0.179691732621724 -0.226483226138546 -9999 -0.427327122841176 -0.396108782858722 -0.463794933220413 -0.53888090398312 -9999 -0.49157357633012 -0.425310016938592 -0.463659080765311 -0.416664503943934 -0.35575257622035 -0.440893342581137 -0.544767498969142 -0.49415110690279 -0.209963622820287 -9999 -0.0739697704251489 -0.0664082703296164 -9999 -0.157491685060126 -0.419753352965832 -9999 -9999 -9999 -9999 -9999 -9999 -9999 -9999 -9999 -9999 -9999
-0.142168297473471 0.00190446648192496 0.0608399722526568 -9999 0.163724889669408 0.130893170161025 0.0885238654506716 0.105967252910942 0.0392857662991773 -0.0938564158891511 -0.116448713392827 -9999 -9999 -9999 -0.0224528136389652 -9999 -9999 -0.581791436343615 -0.539790024073608 -0.439175257727917 -0.325119096033463 -0.391021691214745 -0.34295962382146 -0.377197966436918 -0.458716941867998 -0.471126693828445 -0.294072261788248 -0.364511583476131 -0.395199014325118 -0.464170027174207 -9999 -9999 -9999 -9999 -9999 -0.318523830141789 -0.585985251074603 -0.473860567666461 -9999 -9999 -9999 -9999 -9999 -9999 -9999 -9999 -9999 -9999 -9999
-9999 0.0629411480734706 0.15110382595303 0.149744547302733 0.144538989249835 0.172716137959861 0.177292930219183 0.146607530756319 -0.0711663450847617 -0.129397049312195 -0.162355738880143 -0.234311839978073 -9999 -9999 -0.363130651366796 -0.372355169891324 -0.438937320269041 -0.439698982524735 -0.434732080985205 -0.37669907929812 -9999 -0.284410428857948 -0.284302357580105 -0.448358849078513 -0.196709341508492 -0.196037250554715 -0.191157788690603 -0.371922971281074 -0.416126391647124 -0.506959343239828 -9999 -0.109495862500796 -9999 -0.334747311390391 -0.304691189574676 -0.321364234346246 -0.393046158631384 -0.431982971873831 -9999 -9999 -9999 -9999 -9999 -9999 -9999 -9999 -9999 -9999 -9999
-9999 0.147174111189312 0.148511855429411 0.190132776740361 0.178977766893252 0.210094703363204 0.194153291863714 0.13225432430456 -0.177481080265819 -0.0314800459148109 -0.17740576834683 -0.219740579823422 -0.197584630949438 -0.168975399946402 -0.119700158474938 -0.305912541607325 -0.253506811946585 -0.285575465516677 -0.380774223735033 -0.432888409424045 -9999 -0.280880375824467 -0.274659977741832 -0.196517849570491 -0.113959557756343 -0.18066984837492 -0.137588588114034 -0.18889117757512 -0.157491034963496 -0.101097347928719 -0.0977673204148524 -0.0735273616158307 -0.101439902206955 -9999 -9999 -9999 -0.517148781763869 -0.522279605449068 -9999 -9999 -9999 -9999 -9999 -9999 -9999 -9999 -9999 -9999 -9999
-9999 0.0809358747016471 0.165566282396146 0.182923568081041 -9999 0.190491461825658 0.182581500976043 0.159653066673442 -0.18095247471906 -0.106642247389155 -0.141982631757595 -0.227138580218637 -0.15503542219458 -0.0961732835750882 0.012010993576631 -0.0300245785164405 0.126700382668945 -0.043308461991953 -0.189038202666581 -0.364103617203109 -0.290991895614323 -0.2246670603182 -0.224810198457907 -0.171646296223081 -0.0898616458776985 -0.0995633799700358 -0.068706017288277 -0.0222566494884651 0.0186196114368995 0.0569857711893227 0.0111928458879952 -0.0235455424270778 -0.169877070492254 -0.184525953455638 -0.267033665780927 -9999 -0.416163258881813 -0.432052145503435 -0.494448479952727 -9999 -9999 -9999 -9999 -9999 -9999 -9999 -9999 -9999 -9999
-9999 0.109385562948668 0.0210997017748907 -0.00781617256344439 0.164911321646525 0.16862626631319 0.0922037925186328 0.116225043741579 -0.309527074441028 -0.29194228543947 -0.256158013346043 -0.198110987941829 -0.0492411623635744 0.032949134781495 0.0627378214791417 0.102985097049247 0.175856644690365 0.125966406347443 0.0470841125516139 -0.19443792229746 -0.169491170745916 -0.125865912682583 -0.0860958408171762 -0.0415957180613403 -0.0853662045403573 -0.0891042388505065 -0.0346244975064164 0.0426686625449007 0.0404519555671491 0.123178740412813 0.0531088834893452 0.0412912725801795 -0.00377673605423204 -0.151662678397832 -0.143990459073874 -0.208840616847805 -9999 -0.291864966520999 -0.294977130907868 -9999 -9999 -9999 -9999 -9999 -9999 -9999 -9999 -9999 -9999
-0.226122095433459 0.130932907018976 0.11562878595685 0.0720638938631937 -0.00376664472960842 0.0715369029163181 -0.0603982342176792 -0.125681937890329 -0.274174287931791 -0.280717458140919 -0.260172927840526 -0.117182377908035 0.0238203283513786 0.0990128495438882 0.11812552877857 0.0362150419758177 0.155592838568774 0.174408743629453 0.155306924206604 0.0582444871874176 0.0132916051491 -0.0551640607792285 -0.0707031813583316 -0.0701779978633698 -0.129928816141498 -0.0169005815304091 -0.256530771621973 -0.354843942886 -9999 0.32883767280297 0.332806606033482 0.185147026872773 0.0610416305226048 -0.0974531731238035 -0.0852728426902313 -0.140775070555562 -9999 -0.370345338683896 -0.360536949794214 -9999 -9999 -9999 -9999 -9999 -9999 -9999 -9999 -9999 -9999
-0.0429732361685424 0.162241966269132 0.133872700223353 0.0990295374759236 0.0557341859224002 0.095683702700766 -0.028690150266054 -0.167520533535818 -0.27616698702465 -0.306042326799546 -0.260111075739551 -0.0576506604813087 0.0629201878867206 0.166809184661464 0.177269004071696 0.328797769539547 0.321590702324483 0.0428076243035595 0.275760301091353 0.247072859780993 0.0801050084243908 0.0146023457403405 -0.0186540288998653 -0.0641184448057554 0.142163528037296 0.249451543367441 -0.00576852740201946 0.293259498615582 0.354345128434519 0.381629444340039 0.358302253329497 0.249346120713879 0.246686931051736 0.141936661954498 0.0507240802950173 -0.0263618910559864 -9999 -0.237222614468803 -9999 -9999 -9999 -9999 -9999 -9999 -9999 -9999 -9999 -9999 -9999
