data/rasters/s6.03.08.cu.2_xyz_08_.asc
NCOLS 100 
NROWS 100 
XLLCORNER -4 
YLLCORNER -4 
CELLSIZE 0.08 
NODATA_value -9999 
[rows 22 to 43 of 100, columns 0 to 48 of 100]
-9999 -9999 -9999 -9999 -9999 -9999 -9999 -9999 -9999 -9999 -9999 -9999 -9999 -9999 -9999 -9999 -9999 -9999 -9999 -9999 -9999 -9999 -9999 -0.347896513723465 -0.403531208909869 -0.32235875047321 -0.0341262410171393 0.0348404723525621 0.15463354566188 0.192817872026269 0.197994139250815 0.159733847161708 0.131236965811553 0.148771509826919 0.0757463017121297 0.00344933208312019 -9999 0.0299074062112179 0.0598651359769911 -9999 -9999 0.0563779987164501 0.0107784778811796 -0.196425557564697 -0.192740192606477 -0.101159222072899 -0.0161691297002077 -0.0563297325427027 -0.0275124200527438
-9999 -9999 -9999 -9999 -9999 -9999 -9999 -9999 -9999 -9999 -9999 -9999 -9999 -9999 -9999 -9999 -9999 -9999 -9999 -9999 -9999 -0.345096128439382 -0.376955179386187 -0.371103526181254 -0.327957829926222 -0.410366478396501 -0.150395877502992 -0.0377930094645687 0.114474334281626 0.223007327628232 0.215923552716902 0.176827017342417 0.173278379447629 0.132865871863905 0.090590301057113 0.0446995248056996 0.0418205846643957 0.0731766512419201 0.0718140432970871 -9999 0.0549132143537805 0.0539514277112983 -0.0679755206904623 -0.107123510936831 -0.193483217438052 -0.141296019614749 -0.0726134769730126 -0.0139834160040149 0.0563246831686036
-9999 -9999 -9999 -9999 -9999 -9999 -9999 -9999 -9999 -9999 -9999 -9999 -9999 -9999 -9999 -9999 -9999 -9999 -9999 -9999 -9999 -0.34434432047363 -9999 -0.453712841447655 -0.344896865949459 -0.404932081645886 -0.518074629163582 -0.0372283843925654 0.0976915008935343 0.14008604649415 0.101725603162611 0.11156553201106 0.104589773610271 0.0532928103115515 0.0471749079334938 -9999 0.0669164049976744 -9999 -9999 0.0919126331799748 0.066023712727725 -0.0244355498736348 -0.323763218082155 -0.355406764098611 -0.0809779643103268 -0.195168029426269 -0.128002815761251 -1.52527063361999e-05 0.0641861898398701
-9999 -9999 -9999 -9999 -9999 -9999 -9999 -9999 -9999 -9999 -9999 -9999 -9999 -9999 -9999 -9999 -9999 -9999 -9999 -0.554977658012431 -0.578584137641846 -9999 -9999 -0.385244404313147 -0.380929760366893 -0.323462193558169 -0.351154914918004 -0.289162959212922 -0.262343256294113 -0.0839746882422614 -0.0500234651057547 -0.0450855264039489 -0.150362081832389 -0.149047790602559 -0.150388085771723 -9999 -9999 -9999 0.0938736694852995 0.110522634254056 0.0840060074432931 -9999 -0.283240419462709 -0.112829668766535 -0.146702763078918 -0.244894089451458 -0.133005101091321 0.00163749700383546 0.0248181612020383
-9999 -9999 -9999 -9999 -9999 -9999 -9999 -9999 -9999 -9999 -9999 -9999 -9999 -9999 -9999 -9999 -9999 -9999 -9999 -0.497144223544195 -0.53479274752749 -9999 -9999 -9999 -0.496422996517418 -0.34696949537575 -0.303078172315994 -0.334261450106542 -0.284171810114362 -9999 -0.159330583590117 -0.111617452596257 -0.25336717843523 -0.216790904565273 -0.164889641671152 -0.133506677605444 -0.151042574163804 -0.151112661363638 -0.116544803737342 -9999 -0.0432239272448379 -0.10942114592418 -0.0847490930744478 -0.17696248125067 -0.248218738754905 -0.162662988242912 -0.171026028275988 -0.133672350471193 -0.0254441157655035
-9999 -9999 -9999 -9999 -9999 -9999 -9999 -9999 -9999 -9999 -9999 -9999 -9999 -9999 -9999 -9999 -9999 -9999 -0.0738642771338195 -0.147023521294915 -0.434665600962332 -0.447307638716258 -0.571193857540816 -0.519620989689559 -0.526678577709309 -0.388256493761869 -0.406158208973118 -0.319783554537527 -0.210139252222855 -0.214554274125326 -0.158796911852134 -0.216166339133919 -0.232969692812508 -0.226667903673675 -0.286341089996643 -0.179247181063595 -0.126615786494389 -0.159376399839792 -0.153305250576236 -0.163213632280507 -0.155502914337609 -0.0966306082212519 -0.089682142524322 -9999 -9999 -9999 -9999 -0.145030401045206 -0.0665527122667938
-9999 -9999 -9999 -9999 -9999 -9999 -9999 -9999 -9999 -9999 -9999 -9999 -9999 -9999 -9999 -9999 -9999 -0.0366120213764255 -0.0824090700494977 -0.0897108336920165 -0.308971725900968 -0.288015132405343 -0.420492291132124 -0.36996960687661 -0.45227280680452 -0.430937575529736 -0.336671750106631 -0.374389437379851 -0.29307434569964 -0.286114348353327 -0.239318141708176 -0.274101084400752 -0.4223892815104 -9999 -0.246850431324616 -0.159187167821892 -0.15630539641209 -0.138868011192347 -0.145735154396105 -0.223856686318303 -0.188895450056456 -0.162476160067033 -9999 -9999 -9999 -9999 -0.104506012027848 -0.124883332825319 -0.0886487928335753
-9999 -9999 -9999 -9999 -9999 -9999 -9999 -9999 -9999 -9999 -9999 -9999 -9999 -9999 -9999 -9999 -9999 -0.0265907765609079 -0.0518476277820621 -0.0545098225128799 -0.052970368787645 -0.162740586398787 -0.33529370771632 -0.34841739579673 -0.37784673913761 -0.364940337335909 -0.303342539220299 -0.196476938333181 -0.309189888038662 -0.389915867831432 -0.264088392485377 -0.27339013718583 -0.371333842682595 -9999 -0.186469430286791 -0.174219299054699 0.0325719675332983 -0.0743101382217648 -0.129701405957278 -0.20099665121581 -0.246760861833155 -0.339850071530238 -0.0961146861582266 -0.153751820385584 -0.226326053888858 -0.21975755684354 -0.20657124629381 -0.300846126298573 -0.173332287001158
-9999 -9999 -9999 -9999 -9999 -9999 -9999 -9999 -9999 -9999 -9999 -9999 -9999 -9999 -9999 -9999 0.151079154319949 0.0769493924880481 0.0256810103908721 -9999 -0.177623801184383 -0.311508361198259 -0.231217863848654 -0.260573957827193 -0.250723902499513 -0.339244819349599 -0.357601631765932 -0.338882563074138 -0.358387579948065 -0.301260611470102 -0.248343638114456 -0.279196603179864 -0.278652197721973 -0.292212319435951 -0.228548105692795 -0.170664090197473 -0.184360354049621 -0.0692724681232005 -0.0570784696071635 -0.137432450758321 -0.200158359144311 -9999 -0.0151825639769634 -0.0444361458530629 -0.0850348736281751 -0.0682548827941101 -0.1763714659077 -0.296195006979345 -0.294351543340252
-9999 -9999 -9999 -9999 -9999 -9999 -9999 -9999 -9999 -9999 -9999 -9999 -9999 -9999 -9999 0.188684201499623 0.165054269783288 0.0170284739333863 0.108225239444212 -9999 -9999 -9999 -0.20388364477298 -0.226966969951162 -0.239226068290361 -0.29053440910671 -0.350976037922242 -0.292753244429743 -0.352569842735806 -0.340937356056229 -0.299506463994099 -0.207659740557745 -0.239557378713827 -0.24174928441045 -0.18451567403961 -0.11240116370579 -0.0240703041158621 -0.015785492823402 -0.0267139859124075 -0.192919872570562 -0.259298532073159 0.174954937796194 0.00838667308106555 0.021101349848174 0.0548727871511693 0.0235434189673355 -0.309708714770522 -0.29775203554447 -0.334959863918847
-9999 -9999 -9999 -9999 -9999 -9999 -9999 -9999 -9999 -9999 -9999 -9999 -9999 -9999 -9999 0.163140455887474 0.0017135945430145 0.0175229863399782 0.0706348877869298 -9999 -9999 -9999 -0.183397320652973 -0.27017037001596 -0.259235935845668 -0.211620534488412 -0.194581929656532 -0.454986118369859 -0.230900552932289 -0.379021087389249 -0.353147341531333 -0.220397160764811 -0.202032113579898 -0.257068761201685 -0.126151243451652 -0.105714464272301 -0.0669340605875887 -0.0031243675436259 0.0280885019348739 0.242213040886869 0.216516538143858 0.152277251304117 0.107147959707031 -9999 0.0607774855526374 0.00538496595838546 -0.298266534805674 -0.288160059199453 -0.275146679641234
-9999 -9999 -9999 -9999 -9999 -9999 -9999 -9999 -9999 -9999 -9999 -9999 -9999 -9999 -9999 0.111484075996134 0.114187961683582 0.0838259136500399 -0.0270319874089174 -0.0754340472174502 -9999 -9999 -0.287249404695145 -0.338543666932077 -0.294936011420791 -0.154285242342791 -0.126802443042525 -0.141195095840751 -0.207936780417288 -0.300753609026566 -9999 -0.268412990928623 -0.266686686639221 -0.281538109937873 -0.226228917128226 -0.0984910856624801 -0.0469473591298057 0.0103585996164961 0.222617978267313 0.275303491462094 0.271697602269108 0.222833796160468 0.125765145100902 0.0066731994706124 0.175459517206536 -0.167274558528909 -0.338465304281671 -0.301544326036738 -0.248204051483425
-9999 -9999 -9999 -9999 -9999 -9999 -9999 -9999 -9999 -9999 -9999 -9999 -9999 -9999 0.0323514135898313 0.00203030843497223 0.0690751827828193 0.00614257793899545 -0.0256314759028944 -0.0152278963236571 -9999 -0.0902127761315697 -0.249439624865089 -0.244180841203998 -0.304926824743727 -0.170654150858971 -0.148004745736164 -0.145989833666668 -0.220102920331573 -9999 -0.259081456665399 -0.294445899235879 -0.372272653151751 -0.292415783690742 -0.272836007729343 -0.0244610174616232 0.00839054262733596 0.15660522120783 0.271464710425976 0.341352029969222 0.293780281635638 0.237197997603174 0.12714094131003 -9999 -9999 -9999 -9999 -9999 -0.270645907322132
-9999 -9999 -9999 -9999 -9999 -9999 -9999 -9999 -9999 -9999 -9999 -9999 -9999 -9999 -0.0264677985689297 0.00366625890662067 0.0283965192690703 0.0321111415831951 0.0386761790994328 0.030504704713767 0.0800422201677822 0.0650726575554363 -0.00925742699140164 -0.106446194455448 -9999 -9999 -0.141982606588088 -0.16986982191112 -0.251739970879201 -0.301476266756104 -0.279408715410714 -0.212152231756194 -0.181944396912982 -0.121481309751964 -0.147119983624781 -0.0824243137262354 -0.0294763094345179 0.0415573152927884 0.336516367337207 0.308264630104845 0.261285233935629 0.18899640185865 0.0722487956479998 -9999 0.101324562808238 -9999 -9999 -9999 -9999
-9999 -9999 -9999 -9999 -9999 -9999 -9999 -9999 -9999 -9999 -9999 -9999 -9999 -0.00545466195898768 -0.0241138124989672 -0.0332201528348137 -0.0824630842621946 0.0429005131601115 0.012145502505218 0.0963391945371208 0.14573840905718 0.209319626802579 0.0717124670448627 -0.0283602249698743 -0.14827219848705 -0.262987956444122 -0.193239885272422 -0.146539858510128 -0.213469600962986 -0.17405780986584 -0.148546823417026 -0.144435540760955 -0.286109740793719 -0.233655900907124 -0.31308099162161 -0.216845859621934 -0.157961191014842 0.087840349347007 -0.0572844296971833 0.243773617151935 0.165131795449065 0.0616066116931645 0.144418729587877 0.0852007396058495 0.223337711692826 -9999 -9999 -9999 0.0425530693375087
-9999 -9999 -9999 -9999 -9999 -9999 -9999 -9999 -9999 -9999 -9999 -9999 -9999 -0.00781853482295314 -0.0262217672282807 0.0143518278882899 -0.0202080115716255 0.0590674438528623 0.0741950287035926 0.160845552582427 0.173549963187254 0.134573913114053 0.076244030285565 -0.000703873946971677 0.014958866887967 -0.217535039509547 -0.252295512738044 -0.270405765378404 -0.221458006902936 -0.250400106447862 -0.147366704486049 -0.128766359960539 -0.092893083587667 -0.106475860009855 -0.174329126938315 -0.261381855135576 -0.328017866196279 -0.28308648857064 0.0890996786239664 0.183031364660315 0.0563627924558839 0.0676570756018079 0.101912123612986 0.0898402818523931 -9999 -9999 -0.179930228795013 -0.125076336733138 -0.144685821011212
-9999 -9999 -9999 -9999 -9999 -9999 -9999 -9999 -9999 -9999 -9999 -9999 -9999 -0.0406915799048713 -0.0232545632830329 0.0389430937403045 0.100298179370312 0.0965307138246378 -9999 0.187941805894462 0.201489327532269 0.118623841418995 0.0620538393625859 0.0271331540143165 -0.0156273993659997 -0.132141251500612 -0.413960520108203 -9999 -9999 -0.22437417634585 -0.159952165483536 -0.0960690315382976 -0.0609524045373659 -0.0738555943515428 -9999 -0.122155666330462 -0.168012454886978 -0.219831761658558 -0.136950509656154 0.237126881237699 0.227768570760468 -0.057316171919077 0.0133913189734432 -9999 -9999 0.0181443565824386 -0.0285271633080504 -0.118100358681039 -0.100961481385142
-9999 -9999 -9999 -9999 -9999 -9999 -9999 -9999 -9999 -9999 -9999 -9999 -9999 -0.00702877332752154 0.0433835967582713 0.0998128355912409 0.0992144434454234 -9999 -9999 0.40431447003571 0.239196590085588 0.111131957373527 0.0440936836242485 -0.0277069812857722 -0.057600909579006 -0.226738930618514 -0.343398613467739 -9999 -0.310231820760141 -0.182924927488829 -0.212722674402493 -0.074906399840198 -0.11527301644606 -9999 -9999 -9999 -9999 -0.214563861290092 -0.0465288488077572 -9999 -9999 -0.053051415206252 -0.223702852229146 -0.0716576166236432 -0.0710822245010064 -0.089917009695059 -0.063576441675571 -0.0508577557436052 -0.113603740913412
-9999 -9999 -9999 -9999 -9999 -9999 -9999 -9999 -9999 -9999 -9999 -9999 -9999 0.0610952345763803 0.203721075185519 0.0893050501409727 0.00770255852501005 -9999 0.308825103886169 0.397630423159828 0.41259022783685 0.0939527196816825 0.0317604383859597 -0.016449388420814 -0.0616885059755387 -0.225379452412451 -0.360029836090129 -0.409960313629881 -0.360367530675779 -0.320403090536663 -0.216154425264671 -0.279818476306842 -0.322702143412588 -0.403084521164956 -0.511112651250131 -9999 -9999 -0.176515279542811 -0.154912282350447 -0.152325435931937 -0.0779293066996284 -0.0612497988055677 -0.109832920437198 -0.0976863390427688 -0.0801134636362832 -0.0739819563859128 -0.126725769625092 -0.206022825285603 -0.115191384252477
-9999 -9999 -9999 -9999 -9999 -9999 -9999 -9999 -9999 -9999 -9999 -9999 -9999 0.252996146559239 0.298747385101599 0.285304051412237 0.315146802236186 0.270328101355054 -9999 0.373358919284239 0.200569491019266 0.0535137305615172 0.0230674667303116 -0.00684964316753449 -0.0843569568821113 -0.242766940547114 -0.434618667944752 -0.422927550600338 -0.446499249654467 -0.359157476502538 -0.302373955170665 -0.389440378877183 -0.248983234504102 -9999 -9999 -9999 -9999 -9999 -0.114579248744805 -0.120466691396064 -0.0758961927275878 -0.114620817571203 -0.137851376144644 -0.0870539722369152 -0.114610665660998 -0.170059545237582 -0.187432489774389 -0.229176169833128 -9999
-9999 -9999 -9999 -9999 -9999 -9999 -9999 -9999 -9999 -9999 -9999 -9999 -9999 0.303801900245613 0.366298098755102 0.373544508202435 0.382222209993096 0.29480805059114 0.262122569988908 0.278809329901506 0.128826005937714 0.0103905092869061 0.00533356570997246 -0.0698911185282197 -0.196603288437172 -0.230050880640474 -0.391113036171093 -0.412237057858335 -0.465398726807424 -9999 -0.396773778500037 -0.403164475789646 -0.210330929285587 -0.171775168373229 -0.179010330950738 -0.400572557141431 -0.306235413160415 -0.304961633562694 -0.154315190612225 -0.161273513234284 -0.270683752544179 -9999 -9999 -9999 -0.157683272109925 -0.18266797944535 -0.235891478400737 -0.334192952609274 -9999
-9999 -9999 -9999 -9999 -9999 -9999 -9999 -9999 -9999 -9999 -9999 -9999 -0.0410242907844283 0.301292866207834 0.387073894655266 0.365790055424692 0.338987669105717 0.300586556589973 0.276924928985568 0.244759321379562 0.235577233237166 0.0679779529912138 0.0505777333645319 -0.0678004354286705 -0.196566583360361 -0.360247410488771 -0.232224128543726 -0.264063571792228 -0.348126660547093 -9999 -0.0278009434803401 -0.172107818969254 -0.0820083010440317 -0.0958868314489196 -9999 -0.29761933766748 -0.23565937714237 -0.269870247684739 -0.198931864379079 -0.075794245653331 -0.0179715152644286 -9999 -9999 -9999 -9999 -0.173416299102018 -0.156230475761322 -0.184997989725681 0.0367592035681671
