data/rasters/s6.03.08.cu.1_xyz_08_.asc
NCOLS 100 
NROWS 100 
XLLCORNER -4 
YLLCORNER -4 
CELLSIZE 0.08 
NODATA_value -9999 
[rows 22 to 43 of 100, columns 48 to 95 of 100]
-0.0149289633808703 0.0112130491227069 0.0373692667169103 0.0442126540008486 0.0797706853875231 -0.132754164973944 -0.00256100201722512 -0.0896532507214703 0.00439454783458917 -0.0131596313398233 -0.0341218175190935 -0.0166779745497365 0.013944023203341 -0.0123959935752852 -0.0325182004093864 -0.0990184296523527 -0.0881180177309038 -0.1771391038825 -9999 -0.077361166330089 0.0292559257229825 0.0169848877086721 0.051405842084909 0.0360836425263753 0.032697115486487 -0.0501098606557694 -0.113064362368309 -0.0281919260070252 -0.143937275112355 -9999 -9999 -9999 -9999 -9999 -9999 -9999 -9999 -9999 -9999 -9999 -9999 -9999 -9999 -9999 -9999 -9999 -9999 -9999
0.000205049319934304 0.0221036171390645 0.0727195625993586 0.0459342771676061 0.0280670867721468 -0.047067928983346 -0.0495513999179077 -0.126301117011236 0.119712515624475 0.107490125825066 0.0829860629345896 0.0624770932798206 0.00676902664832079 0.0706175667989418 0.0357995055449661 -0.00990787397694578 0.0472962188629629 0.0159160412896406 -9999 -9999 0.0842558022605851 0.0376448489791366 0.0221418527005935 -0.00674535521423172 -0.074526695871759 -0.152052193181554 -0.204408709075321 -0.0773510240810647 -0.0677667934980382 0.0587516268832834 0.0998358912385138 -9999 -9999 -9999 -9999 -9999 -9999 -9999 -9999 -9999 -9999 -9999 -9999 -9999 -9999 -9999 -9999 -9999
0.052088197921981 0.094282214664495 0.0203883162932487 0.029456454532888 0.0409337240499584 -0.0230118212247334 -0.0509078610306815 0.0131043439142258 0.102585102434788 0.194395578394658 0.176130067374108 0.113317428056034 0.117023281819428 0.0511337357408446 -0.0967351548492449 0.0546503759479053 0.0553079744976644 -0.0101446281823619 -0.0195976559295274 0.00914378664660633 0.0521332998664795 0.00575762151596146 0.00501449117045482 -0.142727815038922 -0.0838298005517263 -0.131599722370971 -9999 -0.155796761247015 -0.0848142355242087 0.00276761526744793 0.124044294497762 0.192202228869708 -9999 -9999 -9999 -9999 -9999 -9999 -9999 -9999 -9999 -9999 -9999 -9999 -9999 -9999 -9999 -9999
-0.00131552600890344 0.0463109522449453 0.0988428212453421 0.0706671783634998 0.0557458805025835 -0.0354871035708281 -0.0415785634996361 -0.0332216155047504 -0.00129073758301877 0.0453320263413347 0.0914781349646957 0.155504232741777 0.165136180609924 0.117840240800665 0.10900277240344 0.0303320817786406 0.0248347090503166 -0.0352614707205384 -0.0355476751762875 0.0540056703241854 -0.00152366264520215 -0.0156814681283676 0.00693534634573674 -0.105795295589217 -0.212694512249231 -0.229503105280597 -0.154294724444546 -0.129634069074122 -0.0730508742022808 0.0698695707630888 -9999 0.249247690700236 0.251729403737467 -9999 -9999 -9999 -9999 -9999 -9999 -9999 -9999 -9999 -9999 -9999 -9999 -9999 -9999 -9999
-2.8821205396167e-05 -0.0390302198801518 0.0781053565950067 0.124412146648658 0.0808487483454667 -0.00832414013884963 -0.02307758708426 -0.0306822024515699 0.0756102868758352 0.257122073048761 0.0587570354464837 0.228907131191394 0.203525246817209 0.116562548133516 0.115252512778231 0.128067766247837 0.137472066730471 -0.0136401148112147 -0.0643912493011334 -0.123400950771545 -0.0747391339854818 -0.150187368806421 -0.206742193834822 -0.266270398403391 -0.30894503388182 -0.204161176226027 -0.0970547207754515 -0.0755459221450597 -0.0111034252004816 0.0659744742629668 0.176364232353581 0.251259851287026 0.28818928649074 -9999 -9999 -9999 -9999 -9999 -9999 -9999 -9999 -9999 -9999 -9999 -9999 -9999 -9999 -9999
-0.0110699434275526 -0.0573806011932574 -0.038575761688174 0.108564326166095 -0.0482689414377811 -0.0331816984601551 -0.0108076936961481 0.0230308222470298 0.121665466215677 0.227333839407469 0.224483359187669 0.257993015972237 0.238031215043287 0.154646596295738 0.155030005181564 0.113496821306983 -0.00115191634030526 -0.0801539915233141 -0.143419315523845 -0.164747840552932 -0.115726689332577 -0.188737075982097 -0.118651269961214 -9999 -0.181639259654485 -0.16298062000166 -0.0858321899524289 -0.0464058874159374 0.0323405920483316 0.0811297500020427 0.195863565790052 0.156249179708053 0.24194605397982 0.236630454074212 -9999 -9999 -9999 -9999 -9999 -9999 -9999 -9999 -9999 -9999 -9999 -9999 -9999 -9999
-0.0632018750359614 -0.135576267488197 -0.263856082545498 -0.172206215373232 -0.207079544631581 -0.156210064139201 0.0198563626075955 0.0319320332172065 0.0209877594883409 0.135502745211266 0.176632387016385 0.157060373067744 0.194962366851292 0.117160543073317 0.2071647193752 0.153311369675993 -0.0773184242283694 -0.181767713931281 -0.101986117910413 -0.315887460713463 -0.451310460448125 -0.192285953988823 -0.0800030428021035 -0.0456288672555422 -0.135843453103739 -0.134767396956262 -0.108031480341793 -9999 -0.0322635696333324 0.107178065123522 0.126674203055422 0.186237723784663 0.130664488491966 0.137361082286332 0.143730508646317 -9999 -9999 -9999 -9999 -9999 -9999 -9999 -9999 -9999 -9999 -9999 -9999 -9999
-0.15656621751053 -0.249609699586648 -0.632717539241332 -0.55621164618069 -0.418436429190703 -0.298214631605018 -0.250614398052123 -0.0537326422541158 0.00578339607689223 -0.0567122399213555 -0.0324213728969718 0.0765633813632234 0.0966361841799169 0.048052631293935 -0.0121189498975872 -0.0301116205310149 -0.0990879293373818 -0.210597035071741 -0.266100361481518 -0.409722491653114 -0.375401012401551 -0.233502447393224 -0.0976084890506368 -0.0326767534632522 -0.00136455616569395 0.0820800576998068 0.0120236947035099 0.0742826233584051 0.0115085536304029 0.0575056487421255 0.133580494640669 0.0691283192289401 0.137019198152461 0.13482216331423 0.0858498397565301 -9999 -9999 -9999 -9999 -9999 -9999 -9999 -9999 -9999 -9999 -9999 -9999 -9999
-0.169543867986114 -0.305284399449088 -0.425292583297774 -0.44475027968594 -0.424236893310249 -0.364366483769361 -0.321378485263767 -0.234285814271847 -0.0933157442700651 -0.192207871460546 -0.170809188278862 0.0199054959135788 0.0886724592802183 0.00699940940121035 -0.0538524006801479 -0.117050170196391 -0.184698487568384 -0.235314988825043 -0.340059556175424 -0.446688038732957 -0.397997080282353 -0.219018117157416 -0.127175602878208 -0.0113491828768486 0.0331164603804885 0.0700562565510567 0.125502243383785 0.0607456514956078 0.0837381904043326 0.0850698129611972 0.0448542041673521 0.0964483558150634 0.11573528766481 0.0756576214654508 0.0447791221800924 -0.0096002327603078 -9999 -9999 -9999 -9999 -9999 -9999 -9999 -9999 -9999 -9999 -9999 -9999
-0.166831824515459 -0.231703243166431 -0.403760517655404 -0.439131289966097 -0.356945298043993 -0.406992530396088 -0.424565158302434 -0.354578198385049 -0.335152597147646 -0.26456189611305 -0.142920523847906 -0.0266589097099572 0.0583829018063866 -0.018466290159618 -0.0983953624869352 -0.161740037566577 -0.214417016296185 -0.264621431455613 -0.338578262277874 -0.465811196731106 -0.436421255925245 -0.297112700510375 -0.0314279999726853 0.064391572940298 0.107471129241876 0.132608963743335 0.171370328534614 0.165478386615554 0.12564640178179 0.0658552117621861 0.0494948335118719 0.0284402040714561 0.0576578575765296 0.0519739025418084 -9999 -0.042598717777577 -9999 -9999 -9999 -9999 -9999 -9999 -9999 -9999 -9999 -9999 -9999 -9999
-0.143439177882939 -0.186761719648771 -0.249461712883022 -0.364072838400319 -0.472405188954733 -9999 -0.418079914214698 -0.381946119136846 -0.4221166499555 -0.266450494978461 -9999 -0.0180210061801538 -0.0487254536060989 -0.0498037868627242 -0.205860165859554 -0.255399602289887 -0.254968140645714 -0.340696972872386 -0.40959448764598 -0.493395874547368 -0.419768688001425 -0.263694790621014 -0.0217207837817121 0.196967675682691 0.164423245303441 0.10092432656806 0.239029223963546 0.276326399226251 0.15792555865934 0.0352592752663412 0.000443991158054188 -0.0231399545255282 0.00699391082485625 -0.00166404995870814 -0.111944249634239 -0.089883315286158 -0.159118813213308 -9999 -9999 -9999 -9999 -9999 -9999 -9999 -9999 -9999 -9999 -9999
-0.0776856695973576 -0.134412450058149 -0.198886093500503 -0.230339534870241 -0.438859656076121 -0.402989592179821 -0.524265936230986 -0.385801021359387 -0.458112399829704 -0.247103561381855 -9999 -0.133575610688678 -0.342314173760358 -0.048265518339816 -0.298098930073189 -0.287453789723719 -0.309449404946589 -0.344638846534202 -9999 -0.468845575663546 -0.535955461113656 -0.181457165665073 0.0218601279544713 0.104362875606477 0.139398130950272 0.198105194519998 0.234123983100542 0.31256568817469 0.172060654929293 0.112344628251925 0.0238334281057077 -0.0151906214251246 -0.0718884266616276 -0.037577061162236 -0.0436924851227462 -0.100470458449662 -0.121954205652578 -0.121282103719394 -9999 -9999 -9999 -9999 -9999 -9999 -9999 -9999 -9999 -9999
-9999 0.00723851514351984 -0.0794821718423017 -0.1336894515566 -0.390040202930073 -0.445356769041013 -0.440544588688263 -0.451859684723329 -0.478683503512303 -9999 -0.338079512557913 -0.284578344935005 -0.262073712212791 -0.116568781592712 -9999 -0.301683433216704 -0.324645289047448 -0.398804342420464 -0.566857375009441 -0.389785303450734 -0.429136061689354 -0.247789515134139 -0.0786156229537631 0.0350303238275596 0.125416021773002 0.17924796200473 0.171325938809321 0.170121049250743 0.128883676910393 0.0170977738084872 -0.155511185828197 -0.171498303463347 -0.130704718010053 -0.0129306982575979 0.0116194508251146 -0.0196015587355343 -0.0705535316340509 -0.0533014228191065 -9999 -9999 -9999 -9999 -9999 -9999 -9999 -9999 -9999 -9999
0.0829661538299317 0.0137965731852442 -0.0627642139267978 -0.22714452661858 -0.516123206621362 -0.472237429934331 -0.49902537472126 -0.346948109301672 -9999 -9999 -0.426425551347737 -0.140201204905811 -0.158109702806064 -0.0723784042639645 -0.0319491099331033 0.00184968101734125 -0.0816270967806747 -0.385941800429675 -0.301546433586318 -0.262328421542796 -0.275033717234694 -0.152874461885949 -0.129334644859083 -0.0404342977578626 0.0894750948030548 0.104197129442434 -0.298173231542625 -0.0924032968218689 -0.0666824362737423 -0.125158977516199 -0.281573005824072 -0.191726112465659 -0.0639716070916031 -0.0240544253272387 0.0148326155787533 0.0158312713648294 0.00299795382731826 0.0295557311168372 -9999 -9999 -9999 -9999 -9999 -9999 -9999 -9999 -9999 -9999
-9999 -0.0934333597271875 -0.104414667760748 -0.339346143182111 -0.411617398059219 -0.392036090330491 -0.664149279678216 -0.381094160313123 -0.281916226221008 -9999 -0.0939912812414891 0.00470958885853502 0.1105713770455 0.0514700442731581 0.106519970925027 0.153601814946247 0.0887424434304534 0.0630127455831181 0.0110787308778561 0.00707718185281121 -0.0370959803517807 -0.0644105349667178 -0.124998447180372 -0.128357862847186 -0.0565421744060789 0.0506649722042358 -0.0683651757338181 -0.0835269656190404 0.0509576747202965 -0.134687211348858 -0.211291822054254 -0.220625569387847 -0.134514637373514 -0.0412709228888226 0.00911510178996124 -0.00246838965462231 -0.00111336300324658 0.0440466449085169 0.0373816062956661 -9999 -9999 -9999 -9999 -9999 -9999 -9999 -9999 -9999
-9999 -0.116933532433878 -0.104721994115768 -0.207912221898247 -0.294997883180231 -0.340079175659144 -0.343565691488016 -0.431404209044743 -0.417057634572521 -0.0459884123913693 -0.0141493022743029 0.10990791514444 0.188139529763437 0.280121218186017 0.296594978624434 0.245877242498742 0.227472194615412 0.146772270937474 0.0845598228904514 0.104386615099606 0.0450038726933175 -0.0673060305011862 -0.0812122666648305 -0.130398905988366 -0.164609003081908 -0.129388519512603 -0.169293446184158 -0.0992253429313305 -0.0216143868501084 -0.0721730143414573 -0.133151732792735 -0.00280710639736928 -0.0335325506561567 -0.0492471725574815 -0.0432448453232934 -0.0403885099395056 -0.0107487539286031 0.0390434254356662 0.12023319762107 -9999 -9999 -9999 -9999 -9999 -9999 -9999 -9999 -9999
-9999 -9999 -0.00853809098867776 -0.153996240638245 -0.297948031650984 -0.157606504068665 -0.15628464394344 -0.240349593078957 -0.256189692948064 -0.156987136337085 0.0748021150994213 0.14997816227631 0.319650712847782 0.343431842095807 0.352418878481423 0.380607945284338 0.353423572118733 0.28195745425116 0.268082407893841 0.122746915593889 0.0120734840267011 -0.0538600568754502 -0.134110372453654 -0.160060755554558 -0.145175125921292 -0.151828468248012 -0.163932452314976 -0.0735735652267454 0.0145706280146576 0.0569652649531062 -9999 -0.00779016370405072 -0.00744541194971453 -0.0286896070020968 -0.00580034656421755 -0.00713395452450051 -0.0181605918836899 0.0313617737894873 0.0211895809191013 -0.0653917393711557 -9999 -9999 -9999 -9999 -9999 -9999 -9999 -9999
0.079504853333654 0.161208762945017 0.0672190369603712 0.0619554961267596 -0.0136719559470528 0.00823504431231919 0.0360940699195176 -0.0373884795702488 -0.0728775705364521 0.0205054298594804 0.0426460980974686 0.255254261845342 0.307597085058323 0.281715120940932 0.388417153848981 0.382844400706874 0.431853116465327 0.418917780693596 0.262037667576211 0.161098021347165 0.00136241302746162 -0.117756205416653 -0.160104353179323 -0.182167805318562 -0.155495938588146 -0.14582563924964 -0.159234697465143 -0.0232352882222569 0.0564551349167448 0.149452770234957 0.0708349722287781 0.10332186725032 0.0511013962667432 0.0267443263093653 0.00728129375573737 0.00263473979282181 0.0173805052149898 0.055170756915518 -0.00807844858765719 -0.00987131334188167 -9999 -9999 -9999 -9999 -9999 -9999 -9999 -9999
0.100027786305393 0.180782257333563 0.137461419929756 -0.0490494741710879 0.025037364380812 0.0697388114741912 0.0888851774834671 0.00350325147477907 0.025272222275213 0.107916121916555 0.227270731722817 0.313153661015935 0.396676313180533 0.450149286751473 0.438872637142339 0.353342445295483 0.382589045694964 0.32725225943105 0.321614535090888 -0.085372921214699 -0.0286986371586824 -0.179853719152393 -0.157155172272342 -0.162558819348382 -0.143622122836117 -0.104957433683801 -0.0783211887798351 0.0854368532968595 0.151097721722629 0.214845277761095 0.161981456315739 0.122103645144997 0.0595920036722721 0.0291016024570365 0.0326260568624737 0.0185165041512919 0.0533579637922374 0.104524457543284 0.0629780840622467 0.11355255984829 -9999 -9999 -9999 -9999 -9999 -9999 -9999 -9999
0.172477514056826 0.214725660485154 0.264551177299476 -9999 0.120790960372257 0.116765091159384 0.115971986887956 -9999 0.0804754801111575 0.105359539938434 0.322569529176459 0.351215162607424 0.415514555237395 0.484328038803074 0.419617968862715 0.389845862715847 0.30205292562665 0.246648708359822 0.329038864647723 -0.0265659341043995 -0.030602288296166 -0.130993508610342 -0.1648893270067 -9999 -0.202699621007533 -0.101508761867346 -0.0544633909517586 0.0733083467121048 0.172165657999453 0.196175277648962 0.211243143145915 0.128293239233841 0.0212251422469467 0.0284676989166771 0.0333478336855911 0.00574690500698488 0.0435025352472829 0.106265382464703 0.115619995415033 0.0813761256700497 -9999 -9999 -9999 -9999 -9999 -9999 -9999 -9999
0.17932640607022 0.258837510791449 0.279344789346203 0.282938285484866 0.20953733147431 0.146770029521867 0.1601438502528 0.0978180275693933 0.0894115977701801 0.227081769248197 0.311533196096023 0.272628109485319 0.276601471697534 0.333029820129219 0.295344653457397 0.377830179711154 0.357678074142405 0.246946890368118 0.233643285131075 0.0539083868456517 -0.0259075124784492 -0.104139592104328 -0.214225715544878 -0.343826185222184 -0.277215057424211 -0.172932831603397 -0.0726784830566416 0.00100579473892721 0.0458965436100596 0.0997169023338364 0.123583829761161 0.157488832777704 0.0311618279693643 0.0294171221645936 0.0393104068511322 0.00469706856901948 0.00176977803334984 0.0771488760778327 0.179242918266357 0.0950312544462835 -9999 -9999 -9999 -9999 -9999 -9999 -9999 -9999
0.213925744527611 0.221367621930673 0.210166648745248 0.284726154532241 0.153751607114798 0.174181865683505 0.124456273836482 0.103902346677677 0.0555100364680195 0.193831132792928 0.318484198885321 0.289018413183229 0.22141639368612 0.285916053618429 0.208879089924358 0.283878490389821 0.325218250777028 0.203396753806836 0.22722273305732 0.140133409085159 0.0753916645937382 -0.0075060651358279 -0.138163450674154 -0.307694911438546 -0.3383145027266 -0.126096475918784 -0.186042614126359 -0.0221910347473806 -0.0115549484945388 0.0432409273555952 0.00126416201317833 -0.00303184111715525 0.0171816786162728 0.0337950046924871 0.0201452596981287 0.00593880236197945 0.0787483331741372 0.111383091471929 0.134264889230398 0.139216156385457 0.162257529031777 -9999 -9999 -9999 -9999 -9999 -9999 -9999
