data/rasters/s6.03.08.li.3_xyz_08_.asc
NCOLS 100 
NROWS 100 
XLLCORNER -4 
YLLCORNER -4 
CELLSIZE 0.08 
NODATA_value -9999 
[rows 21 to 41 of 100, columns 48 to 95 of 100]
-0.307000440174767 -0.250517110685631 -0.299090819668328 -0.320151486015385 -9999 -0.0224162493458569 -0.0369917149934075 -0.0332136152037103 -0.0160625834608752 -0.0385169702640924 0.118934495178617 0.0597708853690052 -0.0431125248879694 0.00562227231732604 0.0149622323592181 0.0212364113248812 0.0178178745382661 -0.0186793989419554 -0.0841891796300299 -0.0317077284296388 0.0761023669592164 -0.0423929430584967 -0.117343710636785 -0.110506797133995 -0.207993710497635 -0.137896665879367 -0.24367733035698 -0.234735670974125 -0.23124276675068 -9999 -9999 -9999 -9999 -9999 -9999 -9999 -9999 -9999 -9999 -9999 -9999 -9999 -9999 -9999 -9999 -9999 -9999 -9999
-0.254880333037373 -0.274051182206298 -0.188671996445057 -0.236767140938911 -0.129056268459827 -0.120442195219142 -0.0339024705510841 -9999 -9999 -0.0172284261327997 0.0893155675512251 0.0126401077951075 0.0719803914490564 0.0730236867184728 0.0932840197155043 0.0145284548068619 -0.108462685740758 0.000624302748953502 -0.0788480142531253 -0.00711772658251579 0.134860590806883 0.03919948856807 0.0368837194861647 -0.0952530394872083 -0.119774581381047 -0.128965955531815 -0.24107867883419 -0.179974850600205 -0.172962028378773 -0.287586412597471 -9999 -9999 -9999 -9999 -9999 -9999 -9999 -9999 -9999 -9999 -9999 -9999 -9999 -9999 -9999 -9999 -9999 -9999
-0.218629812172397 -0.325063996466183 -0.214684381487902 -0.165858882818724 -0.240866065912759 -0.138391135842454 0.0148519738593904 -9999 0.0563590742261831 0.118477983009068 0.0384915155772192 -0.0173871931643712 -0.0224527189170852 0.114433054594119 0.0801198279391255 0.00555974398465849 0.184354426975428 0.077192718343427 -0.0278217100387584 -0.0292137609949924 0.0581603201403195 0.0535616290043885 0.0516730410081905 -0.0752341972852207 -0.00476114424817358 -9999 -0.0913351558359608 -0.142312994619066 -0.165383451224728 -0.433333150191076 -9999 -9999 -9999 -9999 -9999 -9999 -9999 -9999 -9999 -9999 -9999 -9999 -9999 -9999 -9999 -9999 -9999 -9999
-0.249449090814866 -0.0149197466135226 0.0962133425764502 -0.0455644753515797 -0.062083270837828 0.0964906942052775 0.108458846369565 0.15153665663948 -0.0387553772886793 0.0911923842308834 0.0282834047172729 -0.00215214910018546 -0.00409328663423792 0.0110134923743504 0.0243350321299452 0.148707984878499 0.126279572060015 0.132836530696713 0.065281683913876 0.00825523770348581 0.10506738894742 0.110759475081012 -9999 -0.0183797870726346 0.0429843075479249 -9999 -9999 -0.0794181453680869 -0.128450879737615 -9999 -0.0619689721593702 -0.113773065779475 -9999 -9999 -9999 -9999 -9999 -9999 -9999 -9999 -9999 -9999 -9999 -9999 -9999 -9999 -9999 -9999
-0.0277723310952606 -0.0159667252363033 0.101739153883847 0.051328104297881 -0.0139772038217056 0.139156866198362 0.0682858820303328 0.0556706578487844 -0.0534131231406842 0.113702383967955 0.050141315728613 0.0410112314047576 0.0827862017894464 0.0738264248132128 0.126181189209038 0.0932660490428857 -0.0836102391067116 0.0923413219404194 0.0600088613297676 0.0550226539714922 0.0700409040960174 0.0515159302057654 0.00461862045203403 -0.0601293879757896 -0.0781438581719895 -0.151980603931579 -9999 -0.132264458270106 -9999 -9999 -0.11762181758415 -0.0179045691256125 -9999 -9999 -9999 -9999 -9999 -9999 -9999 -9999 -9999 -9999 -9999 -9999 -9999 -9999 -9999 -9999
0.0088459362373198 0.0695720686265738 0.0699990652621884 0.0411760002627266 0.0886337067680208 0.0453333031654677 0.100629394892094 0.155229671921763 0.0834428401810332 0.0775096982527475 0.137860629698615 0.135627886295823 0.0175279939518655 0.135636915032646 0.0407162061286193 0.185059444410994 0.148389687821168 0.0995718125637464 0.128609498671961 0.0937582129974406 0.0713880871609254 0.0791263250546435 0.0301492464003043 0.0120542560365031 -0.0705241350840981 0.0027059821883488 0.0161328474309401 -0.104381090852073 -0.130237020415063 0.0395723714767526 -0.0322517556118186 -0.0348723879424334 -0.0173931428179598 -9999 -9999 -9999 -9999 -9999 -9999 -9999 -9999 -9999 -9999 -9999 -9999 -9999 -9999 -9999
-0.0317702924905362 -0.0498418717578444 -0.0087463421285716 0.030560049929317 0.0875028657996907 0.0675081493973356 0.0906027835565683 0.129620592767642 0.0732718165225756 0.050343682549152 -0.000360081584394048 0.11477192407755 0.0764207438119651 0.0896398163315858 0.0553010209319209 0.180655356357948 0.143018437046514 0.0426222287021216 0.12295468699646 -9999 0.0713156180204569 0.107855806774754 0.0385534600200913 -0.00512799889141467 0.0180262308191254 0.106872497389847 0.0997694054800687 -0.0802813955630911 -0.137464388830357 -0.0905912852941735 -0.098780235597207 -0.0276974143852603 -0.012644392220227 -0.0436478275988915 -9999 -9999 -9999 -9999 -9999 -9999 -9999 -9999 -9999 -9999 -9999 -9999 -9999 -9999
0.0695393136467525 0.0295412203944469 -0.0340519777980311 -0.0174120115278431 -0.0113533488636713 -0.0103058602969648 0.0604736045879071 0.0606462782891897 0.0953755190286405 0.108542324738884 0.00196254171980762 0.0752576583519118 0.134272887479102 0.106931132547605 0.0749979216375739 0.0659249609656321 0.0959648783246262 0.0756243747808326 0.123639919731705 0.0747045159243423 0.0830725383010826 0.0884621541328574 0.121931421483111 0.106375919151138 0.0291728480684006 0.107796030527898 0.0980332158893988 -0.0796463139515592 -0.156087204749837 -0.212343233070073 -0.0254855991765424 0.0445967081070994 0.0557400569010502 0.111281243265555 -0.0623639022342318 -9999 -9999 -9999 -9999 -9999 -9999 -9999 -9999 -9999 -9999 -9999 -9999 -9999
0.0127710649479543 0.0459934871258536 -0.0725604125877739 0.0942433485531576 0.0581810624980901 0.0204037882865264 0.0487407552288533 0.0961883549937663 0.0712730081687759 0.123277447921971 0.0823231313376363 0.0903641295498864 0.0998627766203566 0.0673130764362495 0.0575424724293581 0.0531647344616629 0.0560209373747559 0.0665004609155811 -9999 0.07443657354367 0.0407982726293249 0.115916334658782 0.138589632876987 0.172203749730939 0.151196473642455 0.0989823106377268 0.0795056265264037 -0.0717805131275121 -0.0925891758388444 -0.0595449449404309 0.0120754402791371 0.0493596188198952 -0.00598603492793997 0.132920238363446 0.038682883113643 -9999 -9999 -9999 -9999 -9999 -9999 -9999 -9999 -9999 -9999 -9999 -9999 -9999
-0.106522379208981 -0.0709828266090446 -0.21551097150917 -0.0271980125266659 -0.00191955682696921 -0.0198380804340728 0.0192453644903824 0.0362925835305977 0.0434973250045601 0.0768122642812348 0.0801968374931714 0.134988615650844 0.132763971378608 0.0926506873057467 0.0805465024348958 0.0787218750137067 0.075478998097639 0.10899440572251 0.0922907118826173 -9999 0.200417400565153 0.125234103450313 0.128146548509109 0.224719014766903 0.155086840021476 0.0764349981470891 0.0239228639005687 -0.000857735740010349 0.0178699967816035 -0.0165847595445289 -0.0953860114747641 0.0864936055122458 -0.0114891899431959 0.0843732815405542 0.202763141980253 0.25833305742995 -9999 -9999 -9999 -9999 -9999 -9999 -9999 -9999 -9999 -9999 -9999 -9999
-0.179217343119126 -0.145146732425611 -0.0794602985947155 -0.00857024586529599 0.00363584335335363 0.00282253700033305 0.0309184960836916 0.0155997609486621 0.00344219176535389 -0.0908888325661162 0.0406347247608078 0.156719716012448 0.14089827368228 0.096273511319066 0.0693868412761721 0.0875438765876477 0.12525778252359 0.16280270864841 0.118591407602126 0.13775629456877 0.1799995107443 0.239288726401077 0.211451439926416 0.115973773906175 0.177337663888012 0.0882535257239381 0.0466921886725043 0.069365458701919 0.106789071636113 0.135084422007826 0.126120314623079 0.0685137343540678 0.153583515929612 0.15214747808548 0.161777094923582 0.256750679781297 0.224337164770549 -9999 -9999 -9999 -9999 -9999 -9999 -9999 -9999 -9999 -9999 -9999
-0.191757175075341 -0.0419595321094194 -0.0879794800296304 -0.000584372576016051 -0.0516729231927388 -0.0650654932023457 0.00904226791785137 -0.0205105472865355 0.0136206220819358 0.0404441408334629 0.12498726606006 0.210795809845317 0.135121475667641 0.0604425411905064 0.0654795605560171 0.0412025665017096 0.133318911916962 0.190431264652945 0.143407463219371 0.109083336638466 0.175404031516812 0.143465030501796 0.129784895065403 0.125268817162886 0.159155614828556 0.140960440830822 0.136627744842434 0.142362762554489 0.242694648480723 0.148866180980391 0.0975212080180799 0.121977476832107 0.19525375611869 0.201602685466973 0.042185390494979 0.217033172420792 0.226866637061079 -9999 -9999 -9999 -9999 -9999 -9999 -9999 -9999 -9999 -9999 -9999
-9999 0.0210789095874899 0.0107350309390199 -0.0013411763447074 -0.0241310226288825 0.0036849483106913 -0.049948407209753 -0.0208839496432171 0.00266853560808382 0.060256492245437 0.157258444868567 0.175087288246298 0.143594641901848 0.0169982211892764 0.0263301030781813 0.0555522524054904 0.123983806272569 0.114738903966895 0.114094542854143 0.11654770406147 0.17585261039174 0.118095226270924 0.105330831543258 0.171667220318992 0.170223099977268 0.145037181578304 0.178302147543015 0.13319254489432 0.182845595540377 0.110821183455241 0.118422682823137 0.191351037383725 0.188668507746752 0.180935494151713 0.297012936077558 0.250786438806864 0.28928924347727 0.213618391021911 -9999 -9999 -9999 -9999 -9999 -9999 -9999 -9999 -9999 -9999
-9999 0.0281099536739829 0.0274196266252443 -0.0396450592422735 -0.066253153282971 0.111400294066398 0.0563897935455173 -0.00901059682998285 0.0453209950603866 0.0790316792414092 0.0382996244144491 -0.0359636053479695 0.0780220512045632 -0.0016069926491635 -0.0111887432067368 0.0516585860447159 0.0872411310394291 0.113783156516239 0.165688343990741 0.191474503068545 0.163417225908551 0.158392232088276 0.117050341525494 0.183125291504383 0.188903781442527 0.153760905881277 0.218370839234399 0.258961042212069 0.178460094492874 0.100795049755866 0.0878714532391082 0.212021105333653 0.182426842692742 0.214606311769636 0.249820723774455 0.23945519178571 0.294553481246285 0.290623526960464 -9999 -9999 -9999 -9999 -9999 -9999 -9999 -9999 -9999 -9999
0.00654652971307485 -9999 -9999 -0.118475875732204 -0.129771034374659 0.174045578084653 0.00616861989897957 -0.0445238258905987 0.182591542397628 0.0880044230530598 0.0330437618844685 0.0997274788014228 0.093254086380777 0.0191430526346036 -0.0425001920464322 0.0808269299240786 0.165308196040826 0.183998863096237 0.20551714973844 0.2423421667561 0.180573174120668 0.147971753730734 0.215327515659417 0.172366425681579 0.145432631115872 0.134176841820339 0.173042516640695 0.298610170428151 0.231170582151189 0.143914983277728 0.0746323322967134 0.221946290929978 0.263910639148935 0.197401366925671 0.264484088863514 0.276867077250239 0.296271061103067 0.210163970952052 -9999 -9999 -9999 -9999 -9999 -9999 -9999 -9999 -9999 -9999
0.032260049906566 -0.318440702522409 -9999 -9999 -0.252064887171046 -0.172069748164639 -9999 -0.0248413759819755 -0.0254871183716194 0.126022977549917 0.0430885408674037 0.071184325657575 0.126133704663066 0.0299363610705237 -0.0204884517682204 -0.00965172235511191 0.108737789540619 0.0385707816834993 0.0875419014246501 0.0896948077631194 0.141031622600607 0.13601361458566 0.170813722518751 0.212284474234275 0.151656475366768 0.117564927828764 0.124137003065402 0.202727204920986 0.182418062311437 0.170182150168604 0.154871191590164 0.167690877388299 0.233935635230672 0.178265364659419 0.116636672786229 0.238795053454256 0.297034126501452 0.232829748999022 0.293560335332149 -9999 -9999 -9999 -9999 -9999 -9999 -9999 -9999 -9999
-0.0263019791366147 -0.0465005680170136 -0.043824614432003 -0.143620545712181 -0.20437200468718 -0.186085669369961 -9999 -0.0648571789642711 -0.0376120158707231 0.0191330811181956 0.0634585884125015 9.41547127707583e-05 0.0598515141998878 0.0910910237491747 -0.0270527711881448 -0.0769800469897161 0.0169702039846891 0.0279759108656389 -0.0288013514243033 0.0609897985197923 0.080812121453963 0.120668748993448 0.202343841049333 0.19960912462295 0.111170232920756 0.0853137688092167 0.101922714578007 0.170957027533903 0.164086177365109 0.0975591042596561 0.207107818461521 0.172698021692526 0.183043140383931 0.178799916208801 0.193290248146811 0.120673737061083 0.165226788849036 0.256523322230562 0.2585356965548 -9999 -9999 -9999 -9999 -9999 -9999 -9999 -9999 -9999
-0.00403373008523591 -0.0131780232550045 0.00220112084880019 -0.13715363846369 -0.103802555692058 -0.146526334293983 -9999 -9999 0.0129434745509209 0.0281023525766434 -0.000356473050398816 0.0211069988863474 -0.0489903110597424 0.148816460950066 0.0332608946887778 -0.00593206171923384 -0.0862119540710529 0.0349080033189296 0.0100504666089351 0.11757249010651 0.100482386150924 0.0824054598892138 0.142196851592043 0.153706576909802 0.179362269956187 0.0811686750301664 0.0265510748834693 0.181303878591141 0.176087724117333 0.132623515947266 0.142662151711827 0.195886805136133 0.174601144745047 0.147553527672318 0.190319438485105 0.0974044886567105 0.0818798096647456 0.237321234442942 0.283960418891282 -9999 -9999 -9999 -9999 -9999 -9999 -9999 -9999 -9999
0.0411990297189989 0.010665069923344 -0.0879550658734835 -0.0318689114872205 -0.00469617328964087 -0.0643305041581863 -0.00594278218535713 0.0703780533446257 0.10077409686517 0.0682425872378385 0.0466172514217817 0.100693202425052 0.107015562697298 0.00142861845590703 0.0177793817009838 0.0214069658066422 -9999 0.0857305451801965 0.0818216913850289 0.17234630659379 0.128298538823994 0.13022318319275 0.116336091906171 0.0864199305565928 0.150443569629648 0.126611801424134 0.050404716002048 0.117186821006281 0.108901168491628 0.139386080072216 0.117472556751626 0.183418083488812 0.189935210801471 0.147786066867987 0.113144262790632 0.0471488061344015 0.0318600655037461 0.088382852033144 0.2100562106 0.304720683186338 -9999 -9999 -9999 -9999 -9999 -9999 -9999 -9999
-0.0677647832964343 0.0181267781573256 -0.0443726599052656 -0.0133772972442431 -0.0217689880703757 -0.0696008523856755 0.0296917956595743 0.0997785430340926 -0.0952768004434532 -0.119414771337602 0.0297126123565561 0.00327744741900364 0.050714063856983 -0.00314978483452122 -0.0234143327589818 0.0714449802165054 0.0107054462265377 0.0137682532803627 -9999 -0.0336921158373968 -0.0684399451659907 0.20671433508019 0.121862108513045 0.0696366407447368 0.101882499780037 0.121283759465107 0.131876183669519 0.0974508998763297 0.0830172269212038 0.126591780002139 0.123536572251875 0.160992301309485 0.131251996697327 0.140304880248123 0.233152532590517 0.0500226421885361 0.000608063578126475 -0.00142252272246422 0.0998387941101709 0.209760902402114 -9999 -9999 -9999 -9999 -9999 -9999 -9999 -9999
-0.122256420277613 -0.0782353321980077 -0.0699081900754101 -0.0766670967117887 -0.11297917669081 -0.0812304577734152 -0.291920511079655 -0.0249025955127474 -0.213216031948966 0.0144480857911322 -0.138342912182855 0.0254242652200781 0.0318090161881254 0.0339482614977137 -0.000861694410767825 0.0773717946217058 0.0589562037249757 -0.00627872510076473 -0.317893826407069 -0.0630103634947459 -0.03218176192913 -9999 -9999 0.0218587896986241 0.138696133281759 0.156023569194172 0.068820235967025 0.0191588300257628 -0.00162147587225973 0.20196709984518 0.149253269364977 0.171513179301172 0.140618878247181 0.0533210164291395 0.0745237560015525 0.0835605311041151 0.0934557439822195 0.0190003012850598 0.00684426688581825 -0.0196148364395047 -9999 -9999 -9999 -9999 -9999 -9999 -9999 -9999
