data/rasters/s6.03.08.cu.2_xyz_08_.asc
NCOLS 100 
NROWS 100 
XLLCORNER -4 
YLLCORNER -4 
CELLSIZE 0.08 
NODATA_value -9999 
[rows 44 to 65 of 100, columns 49 to 97 of 100]
-0.0877577231807733 0.18546684795114 0.164982356218885 0.105946898781767 0.00752874450264553 0.19363240889289 0.16320620049156 -0.203853783405148 -0.251913395633844 -0.312440384416412 -0.154758662955511 0.00407615626880582 0.181067390830457 0.220046012722 0.357618244649635 0.430617607806649 0.366974033353763 0.337702766394161 -9999 0.245602981493794 0.154246227027453 0.0526287339525343 -0.0605311872588333 -0.171098415416314 0.0825686867521383 0.197470822537408 0.222177489375631 0.0120722496111789 0.385255917962106 0.388273676818347 -9999 0.334125443843399 0.26586815306496 0.237423123852256 0.187242978715954 -0.0409456005129562 -0.103705106119797 -0.387254477840869 -0.165399621551215 -9999 -9999 -9999 -9999 -9999 -9999 -9999 -9999 -9999 -9999
-0.00601082710235806 0.0901263633857875 0.140991142307889 0.0312094118388336 0.146905251219677 0.118229603390199 -9999 -9999 -0.348232751064578 -0.34431036071825 -0.138298393401495 0.0865757463251396 0.247796592209589 0.360240130573314 0.388013076594491 0.440018902141024 0.408197621003122 0.380689486479426 0.409872745571865 0.281700500368263 0.241511061619986 0.0732006413580594 -0.066002322449387 -0.156562451338161 -0.246844539217019 0.0534636990191304 0.164122561688638 0.232575494116318 0.228360282778843 0.310860362649247 0.252224389712859 -9999 0.107456792180488 0.180759654070473 0.135739749736038 -0.072899745080666 -0.161597959975263 -0.398248253702203 -0.175581007019761 -0.130869805216783 -9999 -9999 -9999 -9999 -9999 -9999 -9999 -9999 -9999
0.101541096202455 0.100562837348186 0.0294099161302405 0.0337297092303256 0.0639894457297288 0.0796559352562646 -0.173684979272481 -0.146531947109158 -0.1881521793243 -0.278507594418679 -0.041791731068239 0.146905990370079 0.0271506969942551 0.0751382982594378 0.42376422384933 0.434146863874676 0.410167228040571 0.426772570731912 0.409476212184341 0.334363509118822 0.299912239931295 0.185785120078702 0.13622202783553 -0.0292220310000766 -9999 0.0526061792493778 0.102546816080344 0.129013904469197 0.167287485555414 0.315830180396954 0.288675608593715 -9999 0.253036026307902 0.152662796486934 0.0257774928210376 -0.146408529338275 -0.208289071259339 -0.222954356885004 -0.160834277305677 -0.122615092767288 -9999 -9999 -9999 -9999 -9999 -9999 -9999 -9999 -9999
-0.0654277540855123 0.00577684790920002 0.0116378740829064 0.0233715028307422 0.0174737357008978 -0.0863697393882722 -0.102195187706021 -0.0543744082814556 -0.115548453730726 -0.155470572644816 0.0524429000727711 0.0959015709319716 0.00170593397522844 -0.330664413176364 -9999 0.462154251795826 0.464082294812047 0.43423231783066 0.245448916558404 0.367247615323335 0.357230270862508 0.0768724031772951 0.1694026400131 0.0879588848219321 -0.0498732803341338 0.062179092348524 0.13785112412731 0.253765737670635 0.306876318004795 0.324143177251508 0.331999989323775 0.231515310504226 -9999 0.158947183286553 0.157659653841717 -0.143720112985948 -0.223716281149933 -0.259209771212039 -0.208921498244329 -0.224137409420889 -9999 -9999 -9999 -9999 -9999 -9999 -9999 -9999 -9999
0.0236639291732102 -0.0215668556805373 -0.0158028662127043 -0.0201701269093582 -0.0280303923699316 -0.0066030148537081 0.0140934889094585 -0.0248933245218312 -0.0558919605216517 0.021856078037101 0.0274320408671375 -0.067714572897842 -0.0146455802586694 0.0678491637235905 0.426310302985208 0.24262368409919 0.428699201478203 0.440840195808243 0.394279706326262 0.30385990155648 0.408728996252229 0.156180440773032 0.0536139608272683 -0.198125866212777 -0.230881532666181 -0.253589249033221 0.152405721595407 0.241765291370336 0.295276529248032 0.230435191987151 0.242915528839023 0.234273787560927 0.242048551170807 0.184371513566042 0.154906406071089 0.0159888148207069 -0.0840254506725005 -0.0908583638620379 -0.0775855732049114 -0.0727930997473489 -9999 -9999 -9999 -9999 -9999 -9999 -9999 -9999 -9999
0.1180294755545 0.0372538748520516 -0.00692623956942727 -0.0968186814412813 -0.0408652715429103 0.00453746691357102 -0.0189873595725124 -0.0522675460296527 0.0208663734231549 -0.0136913633306346 -0.120493157886818 -0.0470925611019123 0.0716675503200681 0.0560507248981062 -9999 0.286288689975983 0.374694340033009 0.406033895933533 0.270858796383477 0.202398140135279 0.0946063232409314 0.114880739213198 -0.0624608087187161 -0.154111878788354 -9999 -9999 0.0358966989059641 0.09092196670712 0.268820402914407 0.398397934884593 0.336868010929142 0.366509525984193 0.392208015111551 0.258357420303808 0.231969751695412 0.113113525287102 -0.0321280878868149 -0.0769462673641235 -9999 -9999 -9999 -9999 -9999 -9999 -9999 -9999 -9999 -9999 -9999
0.0550164150766407 0.0540266801986826 0.0395557586723299 0.00654114715785587 -0.0573742527018539 -0.0469289725488023 -0.0627789069691201 -0.116472391192681 -0.0954752098794574 -0.0403048858417981 -0.143012547608246 -0.102818784361109 -0.187965321078557 -9999 -0.305692225276007 0.160887794175772 0.212246255645228 0.19982448397286 0.131027025354373 0.174365018885188 0.112478262544598 -0.0347882539875203 -0.0879596716506961 -0.0481974495073593 -0.0230033916928573 -9999 0.089964843828511 0.0436542340397634 0.0529057027408666 0.422947109370691 0.449412043582315 0.434724439730748 0.406186187438619 0.308348936643703 0.238243036225089 -9999 0.109361063494916 -0.0386434081331443 -0.0368379740560993 -0.0240338979443455 -9999 -9999 -9999 -9999 -9999 -9999 -9999 -9999 -9999
0.089331878391427 0.081495428396978 0.135832878990616 0.142655041941919 -0.0161334821103495 -0.00388698764529206 -0.020427557756266 -0.0584821905552205 0.0513127967145162 0.0185865709758711 0.129902695975186 -0.0273577380554251 -0.0351808843063853 -0.00975409065584415 -0.0338154370453728 -0.197141916772926 0.224885591400195 0.227106047606706 -9999 0.330072174752813 0.0787878085694425 -0.0486826987991776 -0.0702149699317572 -0.054680071248913 -0.000611418251399681 -0.0789109571093597 -0.0477090756007947 0.0757742887960107 0.391954450943625 0.482554552924532 0.320173203719396 0.57715757736923 0.588862900465017 0.572149604608177 0.49355893202988 0.430325576546878 0.181251423838079 0.118249406035007 -0.108009060237789 -0.0924149131200341 -9999 -9999 -9999 -9999 -9999 -9999 -9999 -9999 -9999
0.167272496149847 0.153922396161021 0.179731085372984 0.155452421627823 0.0188905120875661 0.0388810890261492 0.0329793050541784 -0.0124940308933196 -0.10314630581147 0.140322353287137 0.157292608133118 -0.0272582481447639 0.0304559571170931 0.0148604009590915 0.0716456335723931 0.115977521169813 0.253150066173598 0.215879630391716 0.166414107894072 -9999 0.0813443415977963 0.00161647258963293 -9999 -0.0717437010931009 -0.0777047296557375 -0.0666276891734591 0.00907070066739459 0.245477865541728 0.30005385568175 0.476340253550617 0.432922242079845 0.591134888842351 0.590174593237448 0.535570493673318 0.522943400036608 0.384602514619732 0.295486831522766 0.256153357511953 0.148552941398786 -0.208084188070833 -9999 -9999 -9999 -9999 -9999 -9999 -9999 -9999 -9999
0.179885341502453 0.253529386539321 0.237155106808961 0.26874872348392 -9999 0.0583136498069252 0.0791167019266441 -0.0279792693719779 0.106864356046383 0.203298695037673 0.188529792463041 0.125867159253166 0.080028375288028 0.167386101725912 0.0759042019160489 0.137715518843125 0.21970334487601 0.200078303325621 0.116614651209029 0.129370315139115 0.121447201414924 0.0422357025556845 -0.0740798167679318 -0.186774581442114 -0.0708157820499145 -0.101365849028588 0.0676785511689731 0.197429753355254 0.290227607707691 0.37151586019942 0.394230143226286 0.487206416017487 0.542061191519696 0.562525259066303 0.482593081893791 0.409642212529985 0.3960204351866 0.259177176125041 0.181140616503607 -0.156060713692623 -9999 -9999 -9999 -9999 -9999 -9999 -9999 -9999 -9999
0.21558168486136 0.298181632305951 0.255025977912229 0.135498224627371 -9999 -0.189558162928641 -0.144774813238448 -0.00673279548553044 0.0555081438338738 0.131982963724999 0.152491891388941 0.186305357140499 0.173457765180809 -0.0273204540067817 0.136842678694017 0.0779688362976113 0.144551463121183 0.198597707727708 0.212016786167386 0.181810626195744 -9999 0.0136853739533734 0.0338736045351082 0.0698761476934013 0.0834177342812777 -0.00985039833466783 0.106656651597842 0.226369303434445 0.322901665432223 0.317685527240523 0.413575689090369 0.46105141209322 0.491210045136972 0.514782989707132 0.407254289402922 0.396754559885049 0.292307696471195 0.244032409109269 0.190386860704968 -9999 -9999 -9999 -9999 -9999 -9999 -9999 -9999 -9999 -9999
0.191918453752298 0.22654570851406 0.157390895245156 0.0112566871839454 -9999 -0.17028408299263 -0.100118498306947 0.102458679002067 0.17307913227226 0.227485505237124 0.185584160014832 -9999 0.310310885996882 -9999 -9999 0.145463399500349 0.151623413422805 0.137025933336027 0.185024756205963 0.227759171619627 0.219472361885485 0.0304574887617916 0.0505786856207697 0.042694013589647 0.100408564941359 0.0462613922990489 0.0717512658874651 0.174221360553219 0.254052472355719 0.375248594995268 0.437592038291018 0.469147585779655 0.488589391843858 0.495675727412961 0.359520353277402 0.32850095711527 0.215013005708341 0.240396293234148 0.215748871838875 -9999 -9999 -9999 -9999 -9999 -9999 -9999 -9999 -9999 -9999
0.143414990248901 0.166832950451837 0.102515764284333 -0.0130690007501761 -9999 -9999 -9999 0.0723731412979308 0.0871418578703303 0.26769662127068 0.206546729369619 0.264024115596819 0.337115452443793 -9999 -9999 -9999 -9999 0.156702330095957 0.0812477483990137 0.054429909758934 0.0629710771250762 0.0696916430703053 0.0855146155780563 0.130332654902653 0.143699196948019 0.128801628114971 -9999 0.169928763643404 0.229912921192658 0.342006251009029 0.380121208461562 0.398046832043157 0.373707774379621 0.376014569244598 0.415529433988923 0.329982121539725 0.209118347125387 0.214774027648197 0.116785119707381 0.0150725854534248 -9999 -9999 -9999 -9999 -9999 -9999 -9999 -9999 -9999
0.0787359898582809 0.0705540695431537 -9999 -9999 -0.0549339211370896 -0.0199049911135903 0.0736177320067001 0.0277518721328525 0.0943863678974193 0.202915879119303 0.287597265575316 0.312803107272161 0.239473208868072 -9999 -9999 -9999 0.149204094881498 0.174361801766463 0.127740942390374 0.0609068095587484 0.0925041668950755 0.14952705721483 0.201855732081091 0.209723082065846 0.173355745766176 0.102255062009923 -9999 0.166138236818418 0.171154073041731 0.259199821189337 0.317799438733773 -9999 0.336728696389514 0.284102318051786 0.291566203397441 0.275119031399824 0.225396948214405 0.197436574307678 0.0692918221779254 -9999 -9999 -9999 -9999 -9999 -9999 -9999 -9999 -9999 -9999
0.229448269739553 0.00177259812664076 -0.025770874380675 -0.105708051994823 0.253684066987482 0.0959262069192434 -0.0318054378979684 0.0122628288348362 0.133968484467048 0.102183180571776 0.141325932913055 -0.0317663510510792 -0.0351669833714594 -9999 -9999 -9999 0.252692208767611 0.241407549541344 0.19451802645998 0.152122467660422 0.164227158696593 0.21378242288669 0.258347192466607 0.214414196251287 0.0499484014281758 0.102992844373218 0.0225218469755715 0.130719825357087 0.276491777494776 0.268331225515095 -9999 -9999 0.257985974325117 0.211374012236003 0.242645995377631 0.210334485713787 0.201463065740288 0.162529095264259 0.107763894920399 -9999 -9999 -9999 -9999 -9999 -9999 -9999 -9999 -9999 -9999
0.248872445149959 0.0592196811427094 0.0396627818595245 -0.0289425782021753 0.239465187725787 0.233962306561508 0.272319806056691 0.113426024119526 0.100973385541692 0.113698831865767 0.288183623781325 0.303938341856213 -9999 -9999 -9999 -9999 0.322722560061584 0.296364117473337 0.222732709978116 0.0522583448305371 0.234864995504592 0.217978843746991 0.207724626224712 0.190465860603087 0.100053480940331 0.162851810037791 0.0248974184092818 0.235398898464678 0.316240570212191 0.241497578117678 0.445380246434056 -9999 0.267069292639042 0.242301687652517 0.194810311433681 0.161086105863431 0.143340592642849 0.114965696690415 0.0976561925098965 -9999 -9999 -9999 -9999 -9999 -9999 -9999 -9999 -9999 -9999
0.187075672838376 0.159767931093723 0.1536371026254 0.0368482295684046 -0.0556580778093108 -0.219403714802173 0.263872958190981 0.206582571567239 0.154433862514083 0.174945663061961 0.119834437744593 0.154239196488424 0.104953836389937 -0.0368634976832467 -9999 -9999 0.381321253457203 0.379176542043789 0.30773141322963 0.0620155826308412 0.0883357609369159 0.152671470285015 0.184232050025775 0.112426179688572 0.256484568817586 0.209167906546002 0.291175973618049 0.39688694877664 0.446989075485806 0.551594936743 0.497078028266027 0.455311589304872 0.381511897558124 0.293522944680272 0.250460803910019 0.122271695238781 0.0567636279732119 0.112299366817318 0.124830807192279 -9999 -9999 -9999 -9999 -9999 -9999 -9999 -9999 -9999 -9999
0.212773080470617 0.188114858892242 0.261303248869096 -9999 0.178232177305753 0.0553987142223201 0.222111954935932 0.509156456349207 0.495154853758637 0.227360578932948 0.178361736190401 0.169110289293945 0.203989870380058 0.204982374364368 0.508207322978673 0.46726902761429 0.500005637477292 0.395116160961857 -9999 -9999 0.0799873280952326 -9999 0.207786539984316 -9999 0.198186329122951 0.204242853988988 0.381284145735891 0.451834094261061 0.483564025174187 0.520928711493389 -9999 0.448552332003222 0.459998932683246 0.242110999314291 0.141034029954121 0.059370223815792 0.0438090320746869 0.0987467892740152 -9999 -9999 -9999 -9999 -9999 -9999 -9999 -9999 -9999 -9999 -9999
0.13691232636492 0.216788709940938 0.169246364613316 0.119524279473631 0.321973613353426 0.317521075285342 0.224785181664281 0.442170432905949 0.27204717510987 0.211536080386402 0.145319713240617 0.178147046018597 0.294630333397599 0.469559351264057 0.447892727135968 0.487189972689612 0.486552479197219 0.459224538726292 -9999 0.234192670293584 0.19242772978097 0.182499839867045 0.255172373884157 0.247402949124908 -9999 0.30948751125609 0.370813746894663 0.383995147383372 0.445963061299489 -9999 0.344516849746254 0.482544092947224 0.425065564916166 0.371513850439549 0.135775200550831 0.0197417943540773 0.0897249844163798 0.117495764788219 -9999 -9999 -9999 -9999 -9999 -9999 -9999 -9999 -9999 -9999 -9999
0.0344819665570812 0.136897069472615 0.268716274428548 0.228082183374775 0.365755833805424 0.458905823911078 0.450231115535016 0.32909516071829 0.298243417132768 0.177211469928851 0.177398689508952 0.152503891174409 0.317655364033602 0.436163217514565 0.42410742175063 0.411480666955074 0.435518023975189 -9999 -9999 0.344515201240915 0.383070509570264 0.383933284181074 0.365188357694508 0.334300493103517 0.354990979651463 0.342349612341639 -9999 0.3017545791327 0.175947362695018 0.125259908084801 0.33182361115573 0.250829198510435 0.361588717819085 0.220460928884838 0.136172707500163 0.0250921459943852 0.0706019111734393 0.0654812188582606 -9999 -9999 -9999 -9999 -9999 -9999 -9999 -9999 -9999 -9999 -9999
-0.0826623309468986 0.0923267928464696 0.268013213634287 0.439853166427099 0.450308376564001 0.439238848585086 0.357737698484918 0.12971717473466 0.290036430851385 0.168178391765948 0.111917772152491 0.153547980832905 0.238918400144475 0.285815565222104 0.328694581627361 0.410013868195682 -9999 0.172509932256255 0.215614364282934 0.34300213789282 0.465956046995729 0.473239573903529 0.477586676447142 0.491416288433944 0.33432828171735 0.420894725219084 0.183654381076199 -9999 -9999 -9999 0.464931366913829 0.406291297629115 0.226172170077214 0.167370253934098 0.125683055728321 0.0917480180759336 -9999 -9999 -9999 -9999 -9999 -9999 -9999 -9999 -9999 -9999 -9999 -9999 -9999
-0.0133270367178013 0.0966551769639214 0.115581921228715 0.414330476586149 0.463342911185344 0.435244827149471 0.381671264664809 0.234844514352317 0.283601334209533 0.126540656938554 0.103415197865456 0.0881364209477984 0.1767995858554 0.196183538162107 0.0657424413559634 -9999 0.109358284740757 0.138742156299855 0.269119265596481 0.332916173001454 0.168009174643791 0.464672025153769 0.569683948847384 0.49097812635295 0.429753012037347 0.216792913474994 0.20426192184652 -9999 -0.0497398545809926 0.0576280468513898 0.111938280800115 0.164507936745342 -0.0909308893804592 0.191414712580805 0.144297596644188 -9999 -9999 -9999 -9999 -9999 -9999 -9999 -9999 -9999 -9999 -9999 -9999 -9999 -9999
