data/rasters/s6.03.08.cu.1_xyz_08_.asc
NCOLS 100 
NROWS 100 
XLLCORNER -4 
YLLCORNER -4 
CELLSIZE 0.08 
NODATA_value -9999 
[rows 66 to 87 of 100, columns 48 to 95 of 100]
0.0227496425762372 0.0507331288864297 0.0123543668507722 0.0336389406818349 -0.063214617113869 0.188392298098826 0.310450152868427 0.483824755693054 0.123708918110131 0.0884376224968261 -9999 -9999 -0.0970962874054539 -0.038531829132719 -0.0463278032258964 -0.0986812573847071 -0.122060957435935 -0.111887885983071 -0.0382013939498892 0.0525509453745675 0.0640327003481207 0.141743209002846 0.170658073548563 0.237050900745979 0.264301255886414 0.160610196111806 0.165395166164768 0.163838590220045 0.0446335514041881 0.0082981373502219 -0.0318189044499135 -0.176026761992098 -0.150871426642467 -0.238051360778128 -0.279881935785426 -9999 -0.442630221594877 -9999 -9999 -9999 -9999 -9999 -9999 -9999 -9999 -9999 -9999 -9999
0.0120857529990359 0.0345884803021964 0.343424344788131 -9999 0.395485594529773 0.242464840590734 0.399256505357885 -9999 0.171130154800126 0.122335019391565 -0.110584523542246 -0.0951350257280971 -0.0796167715863071 -0.0889358801060772 -0.142717156284409 -0.240381274474542 -0.149084675380765 -0.149925300353604 -0.166342466244264 -0.11442532457538 -0.0591485986664808 0.0350093758874139 0.112413550932396 0.153754936166509 0.157839197363585 0.173279352176087 0.143180661669355 0.0346634145022761 -0.00249130582504649 -0.0943196534774491 -0.209382962838929 -0.11578588533549 -0.0658956044205154 -0.157998612203084 -0.234477450688524 -0.348459669378175 -0.369994986086092 -9999 -9999 -9999 -9999 -9999 -9999 -9999 -9999 -9999 -9999 -9999
0.0922910818778546 0.129210060139198 0.271006069334436 0.410239916184068 0.40725200672459 0.414949487491623 0.428575299676409 -9999 0.143031317383256 0.155870894892079 0.0947666802227784 -0.0178866721428931 -0.0883987874757659 -0.139815875554811 -0.176999218521253 -0.272626467367536 -0.247445046064995 -0.234985842892526 -0.251368046583441 -0.216933175275264 -0.127875325848195 -0.0446119564265217 0.105962285801318 0.105276884502758 0.104162481432881 0.0868727412304519 0.0815929836384806 -0.0680325457230313 -9999 -0.180669944535409 -0.211505362230038 -0.0919789080355774 -0.0678590759340353 -0.127627887827835 -0.243686859953439 -0.331683254948417 -9999 -9999 -9999 -9999 -9999 -9999 -9999 -9999 -9999 -9999 -9999 -9999
0.135299871943174 0.211558900256719 0.230499570433481 0.3672347543079 0.394517327428202 0.438112001537699 0.460668163660747 -9999 -9999 0.126641288521248 0.166681615857583 0.0198691373839477 -0.10115644844483 -0.16103524360674 -0.231452316867828 -0.339613705322532 -0.32790401458265 -0.288054194642579 -0.217064423370948 -0.1582639468408 -0.125827504616838 0.0269422908168844 0.0405956639735906 0.0739670781043229 0.0505667474441826 0.0266105922503498 -0.0409185603412095 -0.227594988301842 -0.170436559443984 -0.145789245387367 -0.125647106788668 -0.108163108226111 -0.0218717693525333 0.0206236211474815 -0.00630193545671031 -9999 -9999 -9999 -9999 -9999 -9999 -9999 -9999 -9999 -9999 -9999 -9999 -9999
0.107723883356514 0.192980951013967 0.244386883697317 0.332570216088878 0.432349129583731 0.453254158153487 0.489415184128875 0.42881673799301 0.398525396568514 0.206687199865638 0.158937727442281 0.0359195753974897 -0.0550313728723495 -0.162654513045293 -0.298037226701237 -0.397113188809882 -0.334821239466206 -0.294346516320048 -0.268423489158051 -0.191516334410707 -0.154397622334791 -0.082990111482359 -0.0135269366204849 0.0303703891299036 0.0180123548907954 -0.0268797570877507 -0.192859438133753 -0.225916238991444 -0.208099417187255 -9999 -0.0878840983287813 -0.0151898438606672 0.00481331838306084 0.0585168145792286 0.0533179503543784 -9999 -9999 -9999 -9999 -9999 -9999 -9999 -9999 -9999 -9999 -9999 -9999 -9999
0.132015797049668 0.2124778281434 0.270902117276769 0.410534850703684 0.417412300862119 0.410537385364734 0.413785691015646 -9999 0.261273020367992 0.263960202286095 0.200564798056834 0.0763839475364056 -0.0453199197464396 -0.200547846474686 -0.283309382413235 -0.316016636960861 -0.323559813422516 -0.339801865575739 -0.408660292200858 -0.303207274305527 -0.193964286132315 -0.113944025657841 -0.109104734650223 -0.0624407164282483 -0.118096875651398 -0.100362517927439 -0.163719153617651 -0.303640207829351 -0.164921888497733 -0.112790963925788 -0.0143565207984775 0.0232771711179618 0.106233186258794 0.0312366264406804 -9999 -9999 -9999 -9999 -9999 -9999 -9999 -9999 -9999 -9999 -9999 -9999 -9999 -9999
0.107236016444423 0.249432828841029 0.264579563770198 0.372015504105992 0.365044532022086 0.301843966702185 0.418214041336527 0.260497084730365 0.294610662953725 0.262523960269315 0.211143206136969 0.0809214837498455 -0.0804315533916072 -0.131445307637466 -0.138645158028194 -0.228916158039034 -0.283019506300064 -0.463258008530114 -0.475461082812623 -0.383712216067184 -0.26534188872258 -0.122140037530381 -0.193441387437355 -0.107205400267258 -0.184269972694181 -0.193469164671381 -0.214383254097325 -0.271841828973427 -0.081904435522774 -0.0901930514905354 -0.0352864320281194 0.00186981931535547 0.0448780074942952 0.00116972167737283 -9999 -9999 -9999 -9999 -9999 -9999 -9999 -9999 -9999 -9999 -9999 -9999 -9999 -9999
-0.0755684132188076 0.22291451643573 0.200594527846783 0.219344680579292 0.260428006935014 0.260303848088702 0.307005445178006 0.257613314889933 0.274272274280437 0.193091311868177 0.122050270382066 -0.0117703669175323 -0.104585273253526 -0.0302016551507314 -0.0193723029794322 -0.118007965238751 -0.132054065187048 -0.458258365073419 -0.506889857574764 -0.341815089432714 -9999 -0.205825532338363 -0.182968925621523 -0.149785737730008 -0.17875284165019 -0.249624456070389 -0.255236628255464 -0.283055028191548 -0.188721159760937 -0.216143424989707 -0.0904510747755027 -0.0491700503208824 0.0245375494034264 -9999 -9999 -9999 -9999 -9999 -9999 -9999 -9999 -9999 -9999 -9999 -9999 -9999 -9999 -9999
-0.040795923644907 0.00964453698222753 0.079419422850617 0.0940666871757748 0.1208402852597 0.186230662715362 0.314364729860723 0.26457247461737 0.0334649431200994 0.135613936560684 0.226670620651036 0.183443588106545 0.0733843695861764 0.0598919182364995 0.236821227052588 -0.0780264504830383 -0.189299468388758 -0.298360051977208 -0.363352626986255 -0.38049197880321 -0.208174550718164 -0.18365840986493 -0.139657233018723 -0.176675385235387 -0.155104077143702 -0.321991082602835 -0.226814733044706 -0.192971169426516 -0.230304895174741 -0.200276561714906 -0.0945070406413839 -0.0346408314933453 0.0298877860934615 -9999 -9999 -9999 -9999 -9999 -9999 -9999 -9999 -9999 -9999 -9999 -9999 -9999 -9999 -9999
0.0505815736727563 -0.115080549166468 0.0440575086714138 0.0179011770347569 0.0351206454000025 0.0807354113944975 0.198455487920506 0.235404317477367 -9999 0.188239458837186 0.217987709286251 0.26353020875585 0.322378689476157 0.23011944405329 0.174871091004564 0.0809465859820734 -0.0152609225860729 -0.191298295533991 -0.281160696045633 -0.242060889069332 -0.204587374649189 -0.1578886046313 -0.177816768344808 -0.293346016484229 -0.284821047778395 -0.188663092464276 -0.159368811346959 -0.195000106426634 -0.173252166475853 -0.16933309894942 -0.0592072122409949 -0.0978470964446766 -9999 -9999 -9999 -9999 -9999 -9999 -9999 -9999 -9999 -9999 -9999 -9999 -9999 -9999 -9999 -9999
-0.00783270755907528 -0.0528164047966265 -0.042106285488038 -9999 0.0321030526669199 0.0639278360479362 0.152669633919077 0.200240854417945 0.247923311280847 0.249409611412929 0.387252263813138 0.397942939666976 0.387882077231104 0.287770944910676 0.152566009548728 0.0761826733476115 -0.0632297959126619 -0.186760015194884 -0.299946929643319 -0.238393885591984 -0.19571567445709 -0.189933099319428 -9999 -0.338431151646411 -0.282337705965894 -0.165700458727113 -0.101211885889228 -9999 -0.176450166138625 -0.263823962829553 -0.0869170747076543 -9999 -9999 -9999 -9999 -9999 -9999 -9999 -9999 -9999 -9999 -9999 -9999 -9999 -9999 -9999 -9999 -9999
-0.0742857662908226 -0.0619873939175558 0.0268136971279711 0.0386877585515505 -0.0767048668984303 0.05921118151381 0.0844616474654961 0.157808420481968 0.200431024651305 0.310612417817424 0.426436304677261 0.42836159015071 0.416501001244682 0.416653867724656 0.286609724587743 -0.00353962833435878 -0.0791672685631848 -0.218805027756595 -0.280615314127864 -0.246964020140315 -0.21756008316396 -0.21961854598715 -0.206459020879099 -9999 -9999 -0.212521231669501 -0.123865818753375 -0.124010257963451 -0.191785882885176 -0.254193483974662 -9999 -9999 -9999 -9999 -9999 -9999 -9999 -9999 -9999 -9999 -9999 -9999 -9999 -9999 -9999 -9999 -9999 -9999
-0.116307948754396 -0.0371516168492922 0.0380689682933535 -0.0139374836634758 -0.00893496356466143 0.0720688336734434 0.10695691732199 0.158896749132777 0.165500030166311 0.324012046001701 0.37979251890546 0.413753829464301 0.390817302998043 0.379758038743628 -9999 0.173416488511733 -0.135422838991079 -0.196992805684378 -0.272415945105753 -0.29071126679812 -0.225803196828069 -0.205155500880059 -9999 -0.18592947553305 -0.21599817097392 -0.381084450253231 -0.155695127871051 -0.198978170129785 -0.181215313429533 -9999 -9999 -9999 -9999 -9999 -9999 -9999 -9999 -9999 -9999 -9999 -9999 -9999 -9999 -9999 -9999 -9999 -9999 -9999
-0.161990725744926 -0.0556756246704624 -0.0784056436694788 -0.116135059497671 -0.0165645809361292 0.0343380804223632 0.0962016003082475 0.149211913695823 0.215752987671547 0.2812039337316 0.287971050151056 0.318292229271487 0.330297469704206 0.320367856506839 0.190654407114244 0.242575238761544 0.0998710640031448 -0.112170601420891 -0.191020994567615 -0.229821756813096 -0.356558556791709 -0.408261926409729 -0.257457813038817 -0.209495686199805 -0.210562337993256 -0.465241625636489 -0.268725101749564 -0.258740656832446 -9999 -9999 -9999 -9999 -9999 -9999 -9999 -9999 -9999 -9999 -9999 -9999 -9999 -9999 -9999 -9999 -9999 -9999 -9999 -9999
-0.19453935738541 -0.102441094250439 -0.0650605550956506 -0.0373550282543092 -0.0121111410381623 0.042472280621802 0.0587337747189065 0.0861520008454417 0.176977801106185 0.22136923047244 0.224552831553588 0.261374188768388 0.258217683727504 0.234372365693222 0.156967908099434 0.114107181538787 -0.00680356177938181 -0.0701652625586702 -0.168497408872268 -0.181462540312745 -0.289922973228861 -0.277921726982408 -0.290223319788042 -0.235806128401856 -0.251115090259145 -0.286963166676921 -0.298843422529403 -9999 -9999 -9999 -9999 -9999 -9999 -9999 -9999 -9999 -9999 -9999 -9999 -9999 -9999 -9999 -9999 -9999 -9999 -9999 -9999 -9999
-0.23313774430294 -0.155020838866235 -0.0703106316433688 -0.0216427922879379 -0.00428682875779522 -0.00431839621895833 0.0240601217611241 0.07957626106605 0.133379400895969 0.154131555133724 0.174510896297899 0.193191381101258 0.191498984872885 0.183524927730188 0.139367335432715 0.0765032594166016 -0.0124697119538404 -0.0772820241630567 -0.0952235612039934 -0.194632620319488 -0.191246640454874 -0.27089233962319 -9999 -9999 -0.28616445482875 -9999 -9999 -9999 -9999 -9999 -9999 -9999 -9999 -9999 -9999 -9999 -9999 -9999 -9999 -9999 -9999 -9999 -9999 -9999 -9999 -9999 -9999 -9999
-0.251180064068997 -0.165283194302296 -0.098582936183034 -0.0622588047734522 -0.0675911122837262 -0.00370960707554093 0.0338833600319791 0.0602109315712796 0.0614665671941168 0.060705772647009 0.147867649823466 0.151692523099268 0.123204529013158 0.112543818111641 0.0938426299457114 0.0283771414285134 -0.0276774174863539 -0.0742658828048801 -0.0526057953566218 -0.0215205344935032 -0.156190911002938 -9999 -9999 -9999 -9999 -9999 -9999 -9999 -9999 -9999 -9999 -9999 -9999 -9999 -9999 -9999 -9999 -9999 -9999 -9999 -9999 -9999 -9999 -9999 -9999 -9999 -9999 -9999
-0.321581531461258 -0.230347656613831 -0.14436619486703 -0.0750440200588664 -0.11823638619557 -0.00261961646541357 -0.00420083645444145 0.0234551208639728 0.0138660827806616 0.029588485598162 0.0879487888832564 0.0842201999908851 0.074430664746206 0.0948700918699522 0.0370004655685924 0.00296162770300366 -0.0571594250961035 -0.0577343304823171 -0.0760757287916785 -9999 -9999 -9999 -9999 -9999 -9999 -9999 -9999 -9999 -9999 -9999 -9999 -9999 -9999 -9999 -9999 -9999 -9999 -9999 -9999 -9999 -9999 -9999 -9999 -9999 -9999 -9999 -9999 -9999
-0.447182785861246 -0.324944483946399 -0.267312496793849 -0.145694061646153 -0.132541563373656 -0.121081285881471 -9999 -9999 -0.0577419496675826 -0.0276679595260085 0.0226138159813128 0.0213766367624446 -0.00778820440340874 0.0161623973345822 -0.0157032634734901 -0.0591242648121875 -0.0217791970986402 -0.0654216084670489 -0.0891427341443507 -0.0923247461295882 -9999 -9999 -9999 -9999 -9999 -9999 -9999 -9999 -9999 -9999 -9999 -9999 -9999 -9999 -9999 -9999 -9999 -9999 -9999 -9999 -9999 -9999 -9999 -9999 -9999 -9999 -9999 -9999
-0.397586248010608 -0.367142052894498 -0.291370433369591 -0.217604587761748 -9999 -0.307286412972502 -0.238092037425526 -0.264702409504309 -0.0716898489271623 -0.0336760041880642 -0.0779812016175541 -0.0865101235808358 -0.0771370823309172 -0.0324032330860022 -0.0371990889107134 -0.0873182885759717 -0.101873908275385 -0.101923395544942 -0.0822526435210799 -9999 -9999 -9999 -9999 -9999 -9999 -9999 -9999 -9999 -9999 -9999 -9999 -9999 -9999 -9999 -9999 -9999 -9999 -9999 -9999 -9999 -9999 -9999 -9999 -9999 -9999 -9999 -9999 -9999
-0.331153541882313 -0.37234392040948 -0.201800661679041 -0.15336433575867 -0.336214353900942 -0.22008588154241 -0.190446734011996 -0.123477624075469 -0.0838783699462672 -0.0675731011117283 -9999 -0.168568899579531 -0.198325577573799 -0.253918836212754 -0.19366348310406 -0.156771694429665 -9999 -9999 -9999 -9999 -9999 -9999 -9999 -9999 -9999 -9999 -9999 -9999 -9999 -9999 -9999 -9999 -9999 -9999 -9999 -9999 -9999 -9999 -9999 -9999 -9999 -9999 -9999 -9999 -9999 -9999 -9999 -9999
-0.362303887173299 -0.37438384997922 -0.306658910638057 -0.276001853505782 -0.255541489477814 -0.27357103408461 -0.146756469925859 -0.0858156118802269 -9999 -9999 -9999 -9999 -0.180629479120197 -9999 -9999 -9999 -9999 -9999 -9999 -9999 -9999 -9999 -9999 -9999 -9999 -9999 -9999 -9999 -9999 -9999 -9999 -9999 -9999 -9999 -9999 -9999 -9999 -9999 -9999 -9999 -9999 -9999 -9999 -9999 -9999 -9999 -9999 -9999
