data/rasters/s6.03.08.li.1_xyz_08_.asc
NCOLS 100 
NROWS 100 
XLLCORNER -4 
YLLCORNER -4 
CELLSIZE 0.08 
NODATA_value -9999 
[rows 44 to 65 of 100, columns 0 to 48 of 100]
-9999 -9999 -9999 -9999 -9999 -9999 -9999 -9999 -9999 -9999 -9999 -0.170150112693961 -0.408081650865599 0.016989169902411 0.0433492739926252 0.00207067252076652 0.00290883155268481 0.0146948466570544 -0.0552622910043186 -0.0474717424142217 -0.0766310163249935 -0.0142949223204339 0.0648983912966454 0.101311820425248 0.0380642787412855 -9999 -0.0839329919194696 -0.1460895804802 -0.229313375710873 -0.162540390229048 -0.0991847009821755 -0.104491216795371 -0.253867996583618 -0.152593271781259 -0.0955954175745754 -0.137037426068907 -0.0301559430799094 0.0401917763722612 -0.00543087773917516 0.0344888317170682 0.00103118379147409 0.00816551266892723 0.0169061942360019 -9999 0.0992332916492789 0.0255652794942945 -0.00905995165498988 0.198004536354735 0.159361627822526
-9999 -9999 -9999 -9999 -9999 -9999 -9999 -9999 -9999 -9999 -9999 0.11608044115222 -0.122434577141294 0.0222839063665627 -0.00635493903663986 -0.00162471393830251 0.0349570793513984 0.080775892215563 0.0272952281848206 -0.0319393423196478 -0.022598402976587 -0.0504172332682195 -0.0425204928588445 -0.0571194335235458 -0.125613322442628 -0.0954483488689257 -0.139946301034039 -9999 -0.0267694891050676 -0.0984657179760761 -0.107111126548989 -0.119604827807875 -0.105726899312907 -0.118296074756132 -0.0878942115246169 -0.0659977768899773 -0.0725758943462605 -0.0383545990536028 -0.0424769305594947 0.0195712427978686 8.70449923050273e-05 -0.0127957056296168 0.0135970201212276 0.0233002461772836 -0.0211460068104537 -0.0380691360333682 -0.0136822349236905 0.167653109132358 0.158016743016826
-9999 -9999 -9999 -9999 -9999 -9999 -9999 -9999 -9999 -9999 -9999 0.155782986043913 0.0705965203436268 0.0813352672414986 0.251594092810788 0.0794603900458712 0.072367083259452 0.0634684896763188 0.0806124431250625 -0.0480526611450258 -0.0579876436584852 -0.127595737904121 -0.0912649085593811 -0.0799708446283617 -0.0944326932004313 -0.0804155716455149 -0.0821489019254469 -0.0281682548116281 -0.080962584839666 -0.0497317519360717 -0.12781626961885 -0.160178039052512 -0.15584354971794 -0.0986469746686222 -0.109944434021363 -0.117465375759569 -0.0655748597563096 -0.140462433304726 -0.063403130976873 -0.118272268999893 -0.0825897409795493 -0.0785866943865147 -0.0209304390963741 0.00709091178918053 -0.00553421789691401 -0.0238930138912753 -0.00893809822319718 0.198437197600032 0.138806170023307
-9999 -9999 -9999 -9999 -9999 -9999 -9999 -9999 -9999 -9999 -9999 0.268850943005635 0.424506137192302 0.547772643102338 0.318865208296824 0.22240150067335 0.13380900239418 0.0417614059684607 -0.0538812319832219 -0.0083640742308192 -0.0556370660824602 -0.152986947638071 -0.167716027376747 -0.0816314894365635 -0.116361484846949 -0.0843288532614724 -0.124254130056148 -0.0652387158498383 -0.0876750148206579 -9999 -0.0495555451373909 -0.177991824492291 -0.122605994848841 -0.115446887923597 -0.112126873472077 -0.107681172816392 -0.0800213579097738 -0.184603814341616 -0.0445817784609457 -0.0850864265125319 -0.170547793027506 -0.113849476034252 -0.0595483264898686 -0.0334102095656454 -0.0758901433046396 -0.0535164537268269 -0.0207309517444096 0.209320772382043 0.169353204728908
-9999 -9999 -9999 -9999 -9999 -9999 -9999 -9999 -9999 -9999 -9999 0.301996255842278 0.365665562662947 0.58502458132652 0.257892779178956 0.28976774754705 0.255873727460923 0.144367971314706 -0.14930571316386 -0.139395046459624 -0.144852450211909 -0.185593217812004 -0.191311578262839 -0.187670738499409 -0.195648439073515 -0.0847605655616054 -0.0709304907780523 -0.106143016435885 -0.148634434658179 -0.0433015391976035 -0.0465088467528666 -0.117792019697429 -0.118840139882148 -0.178803221596591 -0.194714513745216 -0.208443025894346 -0.143496673878864 -0.103074054735135 -0.0679985909178005 -0.0668220761095017 -0.0931137111113506 -0.0678067082338826 -0.0292988244517939 -0.0863660556422816 -0.0406459904849357 -0.0141324545944302 0.140733508600875 0.0936682402445637 0.171324842169162
-9999 -9999 -9999 -9999 -9999 -9999 -9999 -9999 -9999 -9999 -9999 -0.160589293070052 0.780389581903623 0.585643574078766 0.419040813507974 0.148503432137572 0.220030327215401 0.0846221693495373 -0.300348428432777 -0.20306080213393 -0.0812687910210003 -0.204206541571967 -0.195263743075396 -0.20007682016075 -0.179879323974108 -0.10003138064919 -0.103387801140859 -0.13127658120623 -9999 -0.0807693132829651 -0.0594218455546967 -0.168897052122096 -0.144751553992354 -0.153827099804399 -0.182588176751105 -0.159397250105665 -0.110531354106508 -0.0572528630061849 -0.0972788858310271 -0.0713833443679323 -0.0519300279339493 -0.0988223735730401 -9999 0.0400981222758478 -0.0206675753980874 0.0907585001270568 0.117207895943727 0.160938802710896 -9999
-9999 -9999 -9999 -9999 -9999 -9999 -9999 -9999 -9999 -9999 -9999 0.51065047600582 0.702260220431323 0.555747327515754 0.401545524429606 0.289997821998127 0.238373059861139 0.158396159549882 -0.0631114367838612 -0.136242292294066 -0.190159469090562 -0.197523191416093 -0.158325187322605 -0.172804909769685 -0.138416503791122 -0.117951667301371 -0.122402627867477 -0.109054454005253 -0.0989385815244909 -0.122120845011184 -0.109405366087418 -0.202457949070285 -0.137738116104776 -0.117078113148087 -0.184785781398914 -0.14065945226457 -0.116155383558134 -0.118939793734144 -0.149575786749283 -0.0612553581688383 -0.0758051014701745 -0.0326205518297884 0.0340318089727368 -0.0211930613772311 -0.0510971192134817 -0.0408121448126978 0.0341159613950617 0.188745819722367 0.161130408152777
-9999 -9999 -9999 -9999 -9999 -9999 -9999 -9999 -9999 -9999 -9999 0.216128764673234 0.599033495240322 0.586808432397475 0.528891053885198 0.130189670172514 0.235993281120347 0.163529836546646 -0.0120598547854307 -0.103982435918336 -0.141880611425558 -0.114976430734651 -0.12856645044807 -0.159107081099761 -0.125416304477829 -0.134804933972843 -0.0812335497093832 -0.0331883229937388 -0.124283295616658 -0.0716480848188333 -0.0674908586421439 -0.0919804167808454 -9999 -0.0929466135779478 -0.0913096904630343 -0.0787358396985225 -0.0443636757254961 -9999 0.00273877514480872 -0.0169644155227675 -0.052248267005549 -0.0293553365756669 -0.0958846367495611 -0.0190120554322723 -0.0471152858176804 -0.00909087755855074 0.136757529467851 -9999 -9999
-9999 -9999 -9999 -9999 -9999 -9999 -9999 -9999 -9999 -9999 -9999 0.573683800771738 0.55058394823867 0.556227882769577 0.478028054772357 0.23473568114416 0.232637554300475 0.0415198381725945 -0.0479007258844688 -0.0190327500314933 0.00313713539485988 -0.0838415729997328 -0.176529972829711 -0.124148167996476 -0.0693568239259516 -0.0973329971911755 -0.00352155210577923 -0.00418916893062846 0.00173521628354191 -0.00642247137735216 -0.00638894593127861 -0.031398940939609 -9999 -0.0522931433684159 -0.0126048313828519 -0.0168620149471507 0.0213530470621719 -9999 -0.0546206926383751 0.0115142353092393 0.112150908656241 0.121959138595886 -0.0369458436257603 0.0483949768309174 0.0380275461558052 0.126812596738676 0.131459073371287 0.118730707235986 0.0528204008874831
-9999 -9999 -9999 -9999 -9999 -9999 -9999 -9999 -9999 -9999 -9999 -9999 -9999 -9999 0.417320729485463 0.36226737010124 0.244781301442645 0.349081873508127 0.227778837289265 0.162970901561812 0.0495335971633064 -0.0506904559291273 -0.0846788397043238 -0.100064793248474 -0.0922923675040363 0.035140013340018 0.00488302686619767 0.0668638376430968 0.162318867377206 0.13593543384989 0.0395290480360439 -9999 -9999 0.0794091836109977 0.00577980859425897 -0.0436450036359989 0.0567006962498069 -9999 -0.0111822323447558 0.0550396436012099 0.0325655039734958 -0.0560772019293095 -0.0468472294918852 0.0145889963816605 0.0411567238996736 0.0379710240278094 0.0675491963686732 0.19607358882203 0.157674565859193
-9999 -9999 -9999 -9999 -9999 -9999 -9999 -9999 -9999 -9999 -9999 -9999 0.455467818101483 -9999 0.426641475822561 0.379098466758705 0.320906657686874 0.438772839833055 0.352999804898781 0.284672541959082 0.0672142384806725 0.00253119437900036 -0.0791231241900756 0.0243583498897212 -0.072381646510917 0.0594704648289099 0.0695526335955016 0.0609510825781162 0.0262563466378165 0.0889869045641122 0.0630097818288557 0.0582267214022205 0.0999102066280746 0.0403012766757685 0.0713379730232356 -0.0117148286131908 0.206451753251994 -9999 0.0629491959067921 -0.00919754153513984 -0.0433958820856961 -0.00571435667144515 -0.000394632712391183 0.0131053080495096 0.0596041900993598 0.0799555578870443 0.262116124167425 0.083846260623158 0.0989589477437792
-9999 -9999 -9999 -9999 -9999 -9999 -9999 -9999 -9999 -9999 -9999 0.402438051278991 0.366367031670016 0.354272207918404 -9999 0.550229285037466 0.557805310264312 0.501260163916824 0.450892470244455 0.360652761647449 0.313407258834993 0.0225502766730129 -0.0626137183988959 -9999 0.0595695892096895 0.0870808021007278 0.118772904672892 0.069347506200825 0.0382030464020064 0.124121102011 0.041554874174099 0.147312052607562 0.04591710564695 0.00994548844153429 0.072578830181737 0.120023356379872 0.062928133516106 0.0342222982180159 0.054726809648347 -0.00364708654516859 0.0114355050381727 0.0494157316789033 0.0272977326704971 0.0170131261781426 0.0648140873551415 0.059804059796377 0.153008391943463 0.163960405739981 0.118491366638456
-9999 -9999 -9999 -9999 -9999 -9999 -9999 -9999 -9999 -9999 -9999 0.333455900686143 0.404446421090507 -9999 -9999 -9999 0.354769314455961 0.312982884451964 0.432551787863167 0.281797259842353 0.272560130423517 0.0654256435685084 -9999 -9999 0.300851627508728 0.0732627713604797 0.056282787113062 0.0523250180612173 -0.0108757985185807 -9999 0.0563017837582932 0.200468448261566 0.0909322535065147 0.0717842279221293 -9999 0.0931766751583815 0.0198486966512838 0.0191555224811892 0.0209691378703322 0.166821099644816 0.0561040504909522 0.0470205734471637 0.00152595739165659 -0.0459605808846724 0.00395876113367505 -9999 -9999 0.0494373725563033 0.0788401709358157
-9999 -9999 -9999 -9999 -9999 -9999 -9999 -9999 -9999 -9999 -9999 -9999 0.406552768444291 0.137194353103093 -9999 0.323525302701285 0.309848464159896 0.289055748366969 0.27807633559384 0.213103991655683 0.147520373239786 0.0832621228369916 0.197660384423418 -9999 -9999 0.116270330461117 0.0593644882360562 -0.0564913841404212 -0.05359905204191 0.0221306366276556 0.0329826864092188 -9999 -9999 0.0873767195094828 -9999 -0.0356574061877609 -0.0868829728316687 -0.0596487360038689 -0.0212691958200349 -0.054134260228159 0.0307783805763021 -0.0565709507427665 -0.0193557306321718 -0.0587104006888916 -0.045472459519606 -9999 0.0624207253475474 0.0888869289114409 0.0817574558344414
-9999 -9999 -9999 -9999 -9999 -9999 -9999 -9999 -9999 -9999 -9999 -9999 0.258386561935665 0.279390302140216 0.276869609403466 0.29987975338494 0.304479873382512 0.36023472954956 0.206135533128586 0.181430817753789 0.161726939011035 0.0838342476219761 0.167648164566008 0.16797852023304 0.16334783476115 -0.0363982653144317 0.0169195695485558 -9999 -9999 0.0273497452798492 0.0213873458807083 -9999 -9999 -9999 -0.196537977583096 -0.119900822171662 -0.0708478566587633 -0.0847787845874285 0.00463863577721708 -0.022267018794785 -0.0238192967851368 -9999 -0.00369240909093741 -0.0351740757266685 -0.0218984964294595 -0.0215985887704217 0.0349460480305464 0.0982105375517097 0.0981985612982417
-9999 -9999 -9999 -9999 -9999 -9999 -9999 -9999 -9999 -9999 -9999 -9999 0.255513467110971 0.169062014040936 0.281912663391649 0.172343759130694 0.241347524133229 0.258425172319847 0.215716833148992 0.228537621534116 0.180986407206739 0.182666718414479 0.088192404042689 0.118601528645034 0.0275383237314875 0.0885605836991082 -0.0117492093575233 0.0692608010596647 0.0524635631712143 -0.00229034620987376 -0.0772203315763296 -0.0543744772312263 0.0703209854531738 -0.0955214544808057 0.0642009792816172 -9999 0.225256200367914 0.0871334492994907 0.042190443728925 0.00104902937912699 -9999 -9999 0.0559208719934886 -0.0391977254164432 0.00144405598854007 -0.071931481979247 0.0279713069776205 -0.00657502120662471 -0.132745232996968
-9999 -9999 -9999 -9999 -9999 -9999 -9999 -9999 -9999 -9999 -9999 -9999 0.241075724176958 0.302613101818189 0.263059688980766 0.1905951115222 0.261136246965458 0.194793058055784 0.221941621901395 0.225592820671143 0.131408408779911 0.228239175811669 -9999 0.109480180538246 0.0340920701057081 0.0863924400377613 0.065664616578224 0.0688811050731491 0.124283301155944 0.0773204882412237 0.0879096556907646 -0.00171573024202875 -0.0185986458846199 -0.0893454523110492 -0.0863580030917672 -0.109778908308275 0.267958481761092 0.0355111899117142 0.0217905892608404 -0.0283367715613709 -9999 -0.0199271151510921 -0.057829934756836 0.0266951436818336 -0.00682108778420657 -0.0394633387870277 -0.0680520339865658 -0.0234499540790697 -0.0734818048116811
-9999 -9999 -9999 -9999 -9999 -9999 -9999 -9999 -9999 -9999 -9999 -9999 -9999 0.315723260668796 0.325373540478512 0.30036549896479 0.279633223905269 0.237363301639526 0.237763153412626 0.22805555825641 0.205588883312016 0.258106420159074 -9999 0.094393571837673 0.110772755080683 0.256265587138055 0.1609304403319 0.087785349395733 0.0924413065844335 0.178349820209488 0.13363491694435 -0.0490367197553848 -0.083332794338356 -0.0931732864044694 -0.161559854474069 -0.067928231175449 -0.0908048558087715 -0.154400923927796 -0.170641211424633 -0.0577498339392401 0.0382385890453447 0.0155222176655875 0.012239185371629 0.000160850009227745 -0.015505062497322 -0.0604309644644774 -9999 0.0167696107456395 -0.0791585385134528
-9999 -9999 -9999 -9999 -9999 -9999 -9999 -9999 -9999 -9999 -9999 -9999 -9999 0.25507978818721 0.483325826946483 0.415953668490495 0.313831011455558 0.346276677902702 0.303753838075822 0.341045445488382 -9999 0.414614959068293 0.261336142442712 0.19480334715485 0.187945781848499 0.0391131583366658 0.0935481480425625 0.043938546212176 0.0670236408675951 0.123362938661652 0.0835045796129113 0.00544380887977591 -0.0671766649373278 -0.136189898570441 -0.127401365219428 -0.111545236081627 -0.128438721891987 -0.184052799004974 -0.137424340129301 -0.0267575557881017 -0.0316319720429575 -0.00378861357809799 -0.000405329523211936 0.000977701857787747 0.0145181143252851 -0.0316056691192415 0.0883117308982227 0.177050506923309 -0.0803049652518439
-9999 -9999 -9999 -9999 -9999 -9999 -9999 -9999 -9999 -9999 -9999 -9999 -9999 0.591504202148019 0.550328549879501 0.388308584996543 0.44121175384232 0.464999927025025 0.203814679981824 0.131911432747245 0.207427190381045 -9999 0.292718786337182 0.21483320507795 0.175932387183435 0.0866780083867827 0.128483661605239 0.048986060488428 0.02964803149198 0.000929556867779864 0.0155937856894039 0.0536949277342923 -0.0248586240282547 -0.0946009827369515 -0.0827226572699651 -0.12325213110369 -0.150577781739834 -0.0797839123477279 -0.0664854812990075 0.0174959654245152 0.0792113534270051 0.062587931425314 0.0238604458588724 0.0287307822183924 0.0149129455855528 0.0263984760918775 0.0647957073815549 -0.120106362687747 -0.073166266842916
-9999 -9999 -9999 -9999 -9999 -9999 -9999 -9999 -9999 -9999 -9999 -9999 -9999 -9999 0.429377615090887 0.426825512336102 0.427704452946518 0.48563905458385 -9999 0.161944033130066 0.158643128878345 0.260243559247635 0.202566697831908 0.206041235539619 0.0928311026691797 0.0902941044076925 0.128230482421875 0.0825212932046793 0.0513455175904868 0.0120150152789186 -0.0422851986015981 -0.0638368923902369 -0.0430696403409751 -0.0965250266125442 -0.159881651721905 -0.0830742349548868 -0.115076550056596 -0.130510250757343 -0.109647471632959 -0.0735502117788088 -0.0392906624603366 -0.00277907149941295 -0.00997338849456401 -0.0239344054608942 -0.0269893849543634 -0.0961369067987034 -0.0607830402731991 -0.0835515462161785 -0.0857963265899562
-9999 -9999 -9999 -9999 -9999 -9999 -9999 -9999 -9999 -9999 -9999 -9999 -9999 -9999 0.378875792756549 0.389978224944538 0.486735910323529 0.449032197539072 -9999 0.143885798318272 0.173302037543452 0.322971794439807 0.24319655056738 0.199620303024424 0.12367378485708 0.105483250948259 0.0750853968285089 0.0426797842824772 0.151569402357998 0.116171497702274 -0.0255248265476766 0.0903581404188064 0.0377121025874491 -0.0457595561700517 -0.111599558986527 0.101054432684933 -0.0725124197314223 -0.0954293579388148 0.0240507375152985 -0.0258411732697692 -0.00481477242292483 0.010350664779725 0.00832818911982542 0.00739259508506741 0.00373634481355355 -9999 -9999 -0.193980556601648 -0.181361460818016
