data/rasters/s6.03.08.cu.3_xyz_08_.asc
NCOLS 100 
NROWS 100 
XLLCORNER -4 
YLLCORNER -4 
CELLSIZE 0.08 
NODATA_value -9999 
[rows 22 to 43 of 100, columns 0 to 49 of 100]
-9999 -9999 -9999 -9999 -9999 -9999 -9999 -9999 -9999 -9999 -9999 -9999 -9999 -9999 -9999 -9999 -9999 -9999 -9999 -9999 -9999 -9999 0.419389678050694 0.244541134762715 0.13568506071148 -0.00281385040433441 -0.138857203724244 -0.0976418902881035 -0.16958109148957 -0.100005985612357 -0.14427207025532 0.0662395199915667 0.0204471110631574 -0.00936036300761099 0.18234500629196 0.256016739491805 0.28646616120211 0.330092011480632 0.314632758130423 0.236022802639992 0.282361820966564 0.263986070371171 0.0567812072309321 -0.0908719233185565 -0.0305422239779058 -0.0732285010273961 -0.0721189812033736 0.00145790392146957 -0.00812737078401922 0.103465241894393
-9999 -9999 -9999 -9999 -9999 -9999 -9999 -9999 -9999 -9999 -9999 -9999 -9999 -9999 -9999 -9999 -9999 -9999 -9999 -9999 -9999 -9999 0.390818028105227 0.334764343365832 0.182658013600848 -0.0579835109596156 0.0617901559247815 -0.179623774556886 -9999 -0.299495579897246 -0.270145105186723 -0.261966121221546 0.0257618009867449 -0.0266836833243227 -0.0500389267337607 0.0749183942183453 0.0310522551882373 0.182059721901427 0.162026057390782 0.171013135363202 0.0514771458957561 0.0987002600690841 0.205523099600561 -0.0940121977934887 -0.0952270786371195 -0.226856131493755 -0.197077980614441 -0.105029370427037 0.0694870548256351 -9999
-9999 -9999 -9999 -9999 -9999 -9999 -9999 -9999 -9999 -9999 -9999 -9999 -9999 -9999 -9999 -9999 -9999 -9999 -9999 -9999 0.465406174332049 0.394010919784587 0.417620590396132 0.258507435889474 0.173100674028794 -0.105557423838338 -0.233431945051556 -9999 -9999 -0.292489232594811 -0.32069611679974 -0.296582322512172 -0.247662956757309 -0.122278365462047 -0.0663285068200424 -0.0219164398549105 0.020855647685724 0.0646705556421172 0.0388213880204914 0.0319351143227289 0.141092587720599 0.110890675483809 -0.0466729424043914 -0.0865690767403755 -0.326258854024789 -0.342796249680766 -0.172397739665204 -0.0881482364306167 0.0411564139012165 0.108238303380666
-9999 -9999 -9999 -9999 -9999 -9999 -9999 -9999 -9999 -9999 -9999 -9999 -9999 -9999 -9999 -9999 -9999 -9999 -9999 0.376646454347814 0.393200217183038 0.398634356823107 0.372323331691305 -9999 0.117102037802967 8.08553991987549e-05 -0.124318824282668 -9999 -9999 -0.30911443730496 -0.272588631195686 -0.362074662619117 -0.249635488736411 -0.156293961671132 0.0300842482555349 -0.0606259916944815 -9999 -0.045806356696006 -0.0748579536385195 -0.0227071778778708 0.0178089113380274 0.0732461840536201 -9999 -0.321696563079416 -0.276276173006502 -0.0182907218504645 -0.305072248544148 -0.197845541181696 -0.112585105465018 -0.0187298236794026
-9999 -9999 -9999 -9999 -9999 -9999 -9999 -9999 -9999 -9999 -9999 -9999 -9999 -9999 -9999 -9999 -9999 -9999 -9999 -9999 -9999 -9999 -9999 -9999 0.0180750245495762 -0.0131251383374866 0.0948294444204724 -0.242367849038375 -0.267314111977503 -0.124226861374362 -0.322825061231232 -0.0958104154033501 -0.311127806218692 -0.263998266357926 -0.20877020709386 -9999 -9999 -0.115565423125658 -0.104590088387847 -0.132906033367337 -0.184626676539913 -0.256169966945559 -0.275941825430424 -0.367917634757869 -0.380819666252416 -0.400306012259733 -0.349964506035274 -0.23455089267648 -0.104628304069044 -0.0584535765643858
-9999 -9999 -9999 -9999 -9999 -9999 -9999 -9999 -9999 -9999 -9999 -9999 -9999 -9999 -9999 -9999 -9999 -9999 -9999 -9999 -9999 0.260947974995123 0.272791221338214 0.108339323832083 -0.0231416969057586 -0.0580278442207345 -0.380844474582385 -0.273082060316421 -0.325720131330157 -0.336502787938271 -0.373343082163433 -9999 -0.36068559329429 -0.320298913255037 -0.21514695612254 -9999 0.228445064762418 -9999 -9999 -9999 -9999 -9999 -0.31596214681114 -0.335195979429472 -0.3314201175636 -0.379312043175385 -0.327239100812746 -0.241316834869615 -0.144597199000593 -0.136595731089387
-9999 -9999 -9999 -9999 -9999 -9999 -9999 -9999 -9999 -9999 -9999 -9999 -9999 -9999 -9999 -9999 -9999 0.0960566437371322 0.0769841718893411 -9999 -9999 0.243243911225615 0.259028175126071 0.0665166756288281 -9999 -9999 -9999 -9999 -0.307786609017847 -9999 -9999 -9999 -0.273837398225398 -0.204652577162036 -0.223935424126406 -9999 0.145420974349081 0.0172379026922791 -0.0451501082774062 -9999 -9999 -0.354727759842948 -0.364904196470773 -0.417396557916664 -0.483630749685428 -0.527921230831378 -0.383912243363534 -0.247119567376944 -0.191572698110741 -0.232548927445646
-9999 -9999 -9999 -9999 -9999 -9999 -9999 -9999 -9999 -9999 -9999 -9999 -9999 -9999 -9999 -9999 -9999 -0.0604222523137082 0.0679803796124789 0.0431681996343855 -9999 0.161579613087298 0.0473839086560102 -0.0359399965385463 -0.0948585093377677 -9999 -9999 -9999 -9999 -9999 -9999 -9999 -9999 -0.176030797909034 0.0560189402244981 0.014147642505977 8.96771077699449e-05 -0.00770739536919026 0.0667637589495743 0.0333696274966288 0.135728025292 -9999 -0.372761643493606 -0.380520343481896 -0.484320727867243 -0.33326530442658 -0.484031167152824 -0.414276646054424 -0.426615106680609 -0.254287277493593
-9999 -9999 -9999 -9999 -9999 -9999 -9999 -9999 -9999 -9999 -9999 -9999 -9999 -9999 -9999 -9999 -9999 -0.145378688957893 0.092543384492984 -0.0310360391426889 -9999 0.150147107766259 0.0879883268583319 -0.0571646507488608 -0.0656531873111832 -9999 -9999 -9999 -9999 -9999 -9999 -9999 -0.216246037752745 -0.192933853029607 -0.110095761330134 0.0317684549792 -9999 -9999 0.0553958669396092 0.0433343142046016 -0.0662189822791815 -9999 -0.385144087243481 -0.488472833947838 -0.262382450104005 -9999 -9999 -9999 -0.220179939536824 -0.215847496979696
-9999 -9999 -9999 -9999 -9999 -9999 -9999 -9999 -9999 -9999 -9999 -9999 -9999 -9999 -9999 -9999 -9999 -9999 -0.154949112382873 -0.152649926224827 -9999 -0.0352481138459407 -0.0394346432684692 -0.0486361263520716 -0.0254539201396231 -0.0753742462059856 -9999 -9999 -9999 -9999 -9999 -9999 -9999 -0.207574194444306 -0.0985393517715872 0.0289498620312291 -9999 -9999 0.090768309588508 0.114656699124304 0.0800495826939853 -9999 -0.306596966262521 -0.422985470964845 -9999 -9999 -9999 -0.183909221627575 -0.0921224323090447 -0.22379042106923
-9999 -9999 -9999 -9999 -9999 -9999 -9999 -9999 -9999 -9999 -9999 -9999 -9999 -9999 -9999 -0.204061523265878 -0.110522572157413 -0.135583622189582 -0.137415449867948 -0.0826650602246173 -9999 -0.0597997677507882 -0.0885620297726349 -0.178210427339539 -0.175233760414582 -9999 -9999 -9999 -9999 -0.218243029236721 -0.168116591264241 -0.21020118972634 -0.215263515659667 -0.178182526066343 -0.145087972188747 0.0118175914774466 -0.064357418264152 -9999 -9999 -0.00738694701539448 0.00278330518807015 -0.203304597477836 -0.396498146912774 -0.419551652153676 -9999 -0.49782998738634 -0.424876453850308 -0.356126883547809 -0.34904640278302 -0.104784887902615
-9999 -9999 -9999 -9999 -9999 -9999 -9999 -9999 -9999 -9999 -9999 -9999 -9999 -9999 -9999 -0.28359657260909 -0.298070308917378 -0.270006625802992 -0.173471955167394 -0.125665922564986 -9999 -0.127496170112623 -0.153654753030563 -0.221634718562055 -0.195489441075383 -0.22533012814176 -0.218142810392761 -9999 -9999 -0.242079403054663 -0.097792882088637 -0.283531796828161 -0.245167932933727 0.0975990840694223 -0.10710145728205 -9999 -9999 -0.0590908772422222 -0.0331746747614319 -9999 -0.194808963430775 -0.231393851106388 -0.220047612753028 -9999 -9999 -9999 -0.395812428686422 -0.265021157838538 -0.251215821249725 0.0227544366519881
-9999 -9999 -9999 -9999 -9999 -9999 -9999 -9999 -9999 -9999 -9999 -9999 -9999 -9999 -9999 -0.282978402446474 -0.327364098626196 -0.305608501254449 -0.229547463935886 -0.219707097905939 -9999 -0.187002909235247 -0.219661173676534 -0.324921236197934 -0.124567792305139 -0.256594233879311 -0.188816996119834 -0.171364204407531 -0.248090382369542 -0.169882060470935 -9999 -9999 0.232898605013835 -0.286269723015315 -0.264904686457338 -9999 -0.0225049739399881 -0.0171523795112153 -0.0259050263860827 -0.157117304456696 -0.104897329524799 -0.133762853977949 -0.230599114343181 -0.2619319660898 -9999 -9999 -9999 -0.150715846431406 -0.138569107029285 -0.187303485961362
-9999 -9999 -9999 -9999 -9999 -9999 -9999 -9999 -9999 -9999 -9999 -9999 -9999 -9999 -0.295909652583951 -0.342657692184174 -0.347753297394103 -0.332346840547859 -0.248384254296003 -0.207329690245474 -0.260191691032595 -0.2645668829151 -0.249859647125788 -0.171910082844035 -0.236959757830458 -0.170631513977275 -0.150673458651921 -9999 -0.178523480373281 -0.0994881857355919 -0.244974418876843 -0.266862738270881 0.0440429209528162 -9999 -0.216100254880813 -0.0967880666762364 -0.0898372213411297 -0.160037207612321 0.164541081469279 -9999 -0.0796799118211793 -9999 -0.180441646700333 -0.212340994107492 -0.274343715882497 -0.301160591318739 -0.336135075608329 -0.0708626777993068 -0.355040815872184 -0.429466452443182
-9999 -9999 -9999 -9999 -9999 -9999 -9999 -9999 -9999 -9999 -9999 -9999 -9999 -9999 -0.319310497184502 -0.319701050794054 -0.232080201761453 -0.179724681050937 -0.196149087343249 -0.195211989258711 -0.144124168722562 -0.21002795504122 -0.246167515573479 -0.23561713920192 -0.217900534385539 -0.222625852730278 -0.179303448270517 -0.0651368015284456 -0.191663809021163 -0.206133506872872 -0.194513111416849 -0.280012216568064 -0.3058293877508 -9999 -0.229457586842129 -0.230381705398081 -0.154143682432676 -0.150190036536555 -0.0681886549330826 -9999 -9999 -9999 -0.238205953428722 -0.182879574899443 -0.155883503667542 -0.522496386076046 -0.507179369622814 -0.527028440850603 -0.329506771207889 -0.452370467260354
-9999 -9999 -9999 -9999 -9999 -9999 -9999 -9999 -9999 -9999 -9999 -9999 -9999 -0.126847558285254 -0.122495400704125 -0.198793418288956 -0.198228781167843 -0.232884475222475 -0.175325226593711 -0.142848223688485 -0.113354662593293 -0.0984316460440125 -0.201595219976771 -0.221715798654352 -0.0884285501414567 -0.240500747124727 -0.205729061050302 -0.112142324828471 -0.108917097500102 -0.187507669273109 -0.213716785096254 -0.248589842215924 -0.263897241071166 -0.272911515826048 -0.201417866762518 -0.237351651186393 -9999 -9999 -0.0479972826649042 -0.0193705661937079 -0.0191008842764685 -9999 -0.125484730613492 -0.155883854646288 -0.0586686367497567 -0.53128521611671 -0.581706475971635 -0.519378172019729 -0.332888139726792 -9999
-9999 -9999 -9999 -9999 -9999 -9999 -9999 -9999 -9999 -9999 -9999 -9999 -9999 -0.135114854670152 -0.104240357314969 -0.187487989367357 -0.160713736119524 -0.235944469997801 -0.21565017713535 -0.0865991519214693 -0.14008757818682 -0.134832762531228 -0.0520695164179781 -9999 -0.0465551024273618 -0.212825593584496 -0.231267371550954 -9999 -0.117840266409103 -0.17131492637044 -0.163060011062099 -0.196262041645801 -0.293201716978215 -0.254935109656675 -0.244799262984435 -9999 -0.0719950068924818 -0.110461675043785 -0.0928292489587449 -0.0409246476736278 -0.0471074910449943 -0.0842097035610417 -0.0705804860140216 -0.0989452626790161 -0.33650574622761 -0.380135410811 -0.415359194705714 -0.454259999740459 -0.461112087726409 -0.636437678991325
-9999 -9999 -9999 -9999 -9999 -9999 -9999 -9999 -9999 -9999 -9999 -9999 -0.0475628582182374 -0.0483744306764968 -0.112132727222609 -0.165823374952451 -0.164790638641571 0.032403539730791 -9999 -0.194392363000948 -0.141345193214885 -9999 -9999 -9999 -0.135081979739074 -0.253794571790544 -0.301093242880239 -9999 -9999 -0.158112364771778 -0.164156529282595 -0.159953995304989 -9999 -0.351813832236683 -0.28455815846152 -9999 -9999 -9999 0.062276033697728 -9999 -0.104543970314635 -0.203931578500889 -0.213813089896821 -0.0492267857216776 -0.282900938547237 -0.433144665512615 -0.448071333049897 -0.448370145774911 -0.484935482548745 -0.557734475885763
-9999 -9999 -9999 -9999 -9999 -9999 -9999 -9999 -9999 -9999 -9999 -9999 -0.0455659995680412 -0.0496607347521556 -0.0424087350990107 -9999 0.0165132344763718 -0.00517574755663665 -0.0658384524060288 -0.176451278106017 -0.11803032185002 -9999 -0.224857422590739 -0.275509726241009 -0.332754890208095 -0.252912490329459 -0.299280229248921 -0.281215542414713 -9999 -0.0885393229689405 -0.0821736798835893 -0.0805131948569259 -9999 -9999 -9999 -9999 -9999 -9999 -9999 -0.12151279306772 -0.130352200264638 -0.234607607425674 -0.252655957859584 -0.254292348369686 -9999 -9999 -0.505284638380609 -0.485961078458262 -0.457316866717297 -0.514043652122506
-9999 -9999 -9999 -9999 -9999 -9999 -9999 -9999 -9999 -9999 -9999 -9999 0.0631158924295027 -9999 -0.0667008870379799 -9999 -9999 0.00364404470241493 -0.0561874182315673 -0.165414075182465 -0.211428329443542 -0.294763006265449 -0.238716561097428 -0.297514371186148 -0.315115783774928 -0.258643974024543 -0.250451857834696 -0.228507786071959 -0.212788764901816 -0.0575690473304286 -0.0694158398856428 -0.0230436939663459 -0.037129813692365 -0.0683325363438624 -9999 -9999 -9999 -9999 -9999 -9999 -0.228699415048055 -0.192651672783155 -9999 -0.20152389990858 -0.240736511128911 -9999 -0.517771543356174 -0.497714485832063 -0.187843626799175 -0.472283855920346
-9999 -9999 -9999 -9999 -9999 -9999 -9999 -9999 -9999 -9999 -9999 -9999 0.0225195902516591 -9999 0.0781045134895405 0.0216085840189186 0.0284052493901894 -9999 0.0052284436553522 -0.0534841553719054 -0.16927538080679 -0.230819038046731 -0.304051865458969 -0.360320200808003 -0.0539723833700524 -0.429692754483907 -0.271994408872931 -0.156618246807665 -9999 -9999 -0.0885122843627561 -0.170990968248803 -0.104997965042191 -0.103226442187504 -0.0979038513248562 -0.127403477003441 -9999 -9999 -9999 -0.270906456520971 -0.274926221479292 -0.119476872319186 -0.261517601124221 -0.14352851956738 -0.324412466033616 -0.343869992057518 -9999 -9999 -0.371529872259364 -0.278591765479713
-9999 -9999 -9999 -9999 -9999 -9999 -9999 -9999 -9999 -9999 -9999 -0.000862020984121272 0.0254304988675634 -9999 0.0697732610209508 0.0563172593988957 0.0291024215490429 0.0638944765943501 -0.00120029431853742 -0.10271520828812 -0.1901200841599 -0.302772282051367 -0.400131604804489 -0.334348602738706 -0.362546097770187 -0.413392561730533 -0.11170922936857 -0.119006811987742 -9999 -9999 -0.188570413323737 -9999 0.00148022772847113 -0.130926806119512 -0.174161329093541 -9999 -9999 -9999 -0.17008256128062 -0.247246982604875 -0.35542203332451 -0.186816539274461 -0.184471059884445 -0.257380569825542 -0.240574895269638 -0.181644321200442 -0.152679331439945 -9999 -0.407099131601768 -0.514927515831632
