data/rasters/s6.03.08.cu.3_xyz_08_.asc
NCOLS 100 
NROWS 100 
XLLCORNER -4 
YLLCORNER -4 
CELLSIZE 0.08 
NODATA_value -9999 
[rows 22 to 43 of 100, columns 50 to 99 of 100]
0.183314021284185 0.229981183275887 -9999 -9999 -9999 0.0117944115858022 -0.00929396471490398 0.0368998050979588 0.158930688399864 0.125528358059655 0.194208252365679 0.131245858574362 0.439253049693755 0.34522506809112 -9999 -9999 0.282287325764317 0.251790910779018 -9999 -9999 -9999 0.0944237068573201 0.0745443768240706 0.0688643426893931 0.157778580398372 -9999 0.161516439917212 0.151218074574467 -9999 -9999 -9999 -9999 -9999 -9999 -9999 -9999 -9999 -9999 -9999 -9999 -9999 -9999 -9999 -9999 -9999 -9999 -9999 -9999 -9999 -9999
0.158375441620174 -9999 -9999 -9999 -9999 0.0439119818361089 -0.0018815677202034 0.0263794798515632 0.177989047055024 0.126597698827574 0.149240966685654 0.150183744070335 0.212713166143335 0.26036298837549 -9999 0.340004178217547 0.232331193407047 0.29476005701232 0.307216495545056 -9999 -9999 0.120912135886861 0.0800759953933552 0.140851548039226 0.180243858137887 0.190168242309306 0.169395242185422 0.0772109515421198 0.176092209143966 -9999 -9999 -9999 -9999 -9999 -9999 -9999 -9999 -9999 -9999 -9999 -9999 -9999 -9999 -9999 -9999 -9999 -9999 -9999 -9999 -9999
0.0579015381002501 0.133857412725315 -9999 -9999 -9999 0.265415877529634 0.0635757033502054 0.139622692968494 0.0783197834777535 0.0815502309459137 0.128296518490575 0.164690004316672 0.318286573352582 0.278175606115757 -9999 0.25208549608139 0.28064465606111 -9999 0.296580875042024 -9999 0.238963204654229 0.13683469133557 0.104936312106146 0.241500259170088 0.185530602410547 0.0669634533386377 -9999 0.0169336594844498 0.0854190306508152 -0.0352112798703356 -9999 -9999 -9999 -9999 -9999 -9999 -9999 -9999 -9999 -9999 -9999 -9999 -9999 -9999 -9999 -9999 -9999 -9999 -9999 -9999
0.0209243724042215 0.091941034914647 0.10103879915316 0.11458133779615 0.192476508284045 0.158674403447003 0.0922260090568967 0.0692916848217378 0.0955139953096214 0.189818237571456 0.210091627980361 0.238205493747707 0.221017417868632 -9999 -9999 -9999 0.297985891521345 0.273325551406198 0.258006559267672 0.249646511974945 0.256343123075986 0.173179351451928 0.0938482691057047 -9999 0.0768587215162456 0.0397494048657881 -0.0167684993524488 0.0237378776833649 -0.0419299152976531 -0.0349146737860746 -0.0693256620850715 -9999 -9999 -9999 -9999 -9999 -9999 -9999 -9999 -9999 -9999 -9999 -9999 -9999 -9999 -9999 -9999 -9999 -9999 -9999
-0.0597479534155861 -0.0755606155709425 -9999 -9999 -9999 0.17759130675518 0.0582217519518447 0.0506851774362806 0.141340627803918 0.223665741886554 0.264789059323115 0.399581257627578 -9999 -9999 -9999 -9999 0.293707791053809 0.26816361799115 0.303129604740237 0.28538725258273 0.28409043181294 0.198303632377337 0.108082222201968 0.0876593756969829 0.0587159870858786 0.0549068368708148 0.00904725134659812 -0.031671763704308 -0.121838916451031 -0.0372797719607741 -0.0876660735525466 -9999 -9999 -9999 -9999 -9999 -9999 -9999 -9999 -9999 -9999 -9999 -9999 -9999 -9999 -9999 -9999 -9999 -9999 -9999
-0.115533265953058 -0.0663829816558601 -9999 -9999 0.228440914889474 0.192541458391183 0.17544887191577 0.120918784815681 0.209366115896939 0.244024432084677 0.29055139910944 -9999 -9999 -9999 0.343626015725459 0.304681007801846 0.253988683904797 0.248815910248515 0.200373787290405 -9999 0.262173487689186 0.23545938119245 0.0878689894346434 0.119864141934524 0.0659040755935821 -0.00934568969106298 -9999 -9999 -9999 -0.0868493150219186 -0.164496370490732 -0.186109280207959 -9999 -9999 -9999 -9999 -9999 -9999 -9999 -9999 -9999 -9999 -9999 -9999 -9999 -9999 -9999 -9999 -9999 -9999
-0.150615235148118 -0.128258079111694 -9999 -9999 0.159768594872734 0.154906420592386 0.139469984332816 0.174748923757522 0.191623945290215 0.252024314611654 0.542574024902434 -9999 0.564019192771137 0.476770045664228 0.458918156772922 0.305781785381596 0.363505850946568 0.302453619179086 0.224772629557343 0.176092995208114 0.200695342426738 0.173844754663995 0.143800107669454 0.0395506297015599 -0.0134904225031074 -0.0602721988064145 -0.0403902473235206 -0.0948450937397993 -0.305318980199638 -0.178310214852173 -0.231060458706627 -0.213118667265308 -0.19364811394934 -9999 -9999 -9999 -9999 -9999 -9999 -9999 -9999 -9999 -9999 -9999 -9999 -9999 -9999 -9999 -9999 -9999
-0.0945215332971601 0.0405780690998281 0.232382978590284 0.208553411358961 0.187653007721545 0.167777170120318 0.157462996030825 0.223175939194154 0.259870694536043 0.288091137414468 0.438783010187293 -9999 -9999 0.526943462183077 0.449964722969704 0.286386725165066 0.175566470491133 0.432247371707474 0.278326057520837 0.179193556944115 0.175869306358102 0.127344024249401 0.197161380308586 0.154580200180855 0.00227591469417917 -0.102234709309643 -0.0523244490588621 -0.267022862377346 -0.324321519184356 -0.317342507191747 -9999 -0.277244959412594 -0.177161311787467 -9999 -9999 -9999 -9999 -9999 -9999 -9999 -9999 -9999 -9999 -9999 -9999 -9999 -9999 -9999 -9999 -9999
-0.122834589289039 0.0332477713234225 0.130172333456808 0.167723410232277 0.0847943370026207 0.115799044401059 0.164500489402209 0.296363713448922 0.278260232833952 0.27352344028963 0.32408250725815 0.444320773309578 0.442596005531638 0.541177324820641 0.533819147940778 0.130941295156178 0.117972750900225 0.146854436377412 0.0842911242509256 0.0704584982822013 0.0727101754182009 0.301534203531083 -9999 -9999 -0.000477151856174648 -0.130871498950526 -0.156141269909589 -0.218341809298482 -0.28799054849518 -0.272617644833233 -0.242045853561324 -0.0906483005070995 -0.0985350285514102 -9999 -9999 -9999 -9999 -9999 -9999 -9999 -9999 -9999 -9999 -9999 -9999 -9999 -9999 -9999 -9999 -9999
-0.0747224327913819 0.000329465721973032 0.156146705417012 0.190581931913852 0.142227720958001 0.0977412706363342 0.174939294890893 0.343100603799005 0.340310727795764 0.426997780262407 0.462070148237277 0.50959348192567 0.535858765172536 0.523987755711255 0.561166244481444 -9999 0.118972008017037 0.147083337326678 0.012372374337149 0.0920648652766124 -0.00312777045138734 0.0375533746405106 0.0467565113379805 -9999 -0.0957553463838401 -0.060869441368318 -0.129928267755247 -0.171085601199388 -0.259687384846301 -0.248965022556441 -0.201134115852972 -0.135920583415181 -0.145586000143431 -0.156047513699763 -9999 -9999 -9999 -9999 -9999 -9999 -9999 -9999 -9999 -9999 -9999 -9999 -9999 -9999 -9999 -9999
-0.0573528617525601 0.190786853404654 0.145529754345148 0.199211315397616 0.183046229908283 0.196573417145499 0.2898051224714 0.358303616489575 0.392257093958584 0.419016539564675 0.450781841584574 0.497501703358472 0.363668641713226 0.353013407600524 0.369658007026779 0.326124065652797 -9999 0.0420280661516713 -0.0158538248917782 -0.0529313261598087 -0.0181130135209626 0.092477388187805 0.037360484044499 -0.00485034196405304 -0.0664496483050993 -0.0275787521247328 -0.0962515379302756 -0.169483557662918 -0.188514418679342 -0.222899912527484 -0.139262505837042 -0.122763801274757 -0.144864860045688 -0.0810039416588776 -9999 -9999 -9999 -9999 -9999 -9999 -9999 -9999 -9999 -9999 -9999 -9999 -9999 -9999 -9999 -9999
0.0594519402511567 0.132173707838596 0.124483814765471 0.164034213744461 0.181325394163808 0.2564459407342 0.210373486485955 0.281192883918002 0.31193973847967 0.33594652650563 0.463570309871422 0.489783621523688 0.396851714472426 0.437263928003793 -9999 -9999 0.0578483195787067 0.078418861794935 0.0745201504790222 0.0568492993659583 0.0841332047824149 0.113995599515352 0.0712250143799603 0.0643441652802381 0.134356177250273 0.0173405200835417 -0.0842818656820346 0.096463279053953 -0.09220968325043 -0.258051685420719 -0.199180716918574 -0.074974887380219 0.0211150167002972 0.126809063463953 -9999 -9999 -9999 -9999 -9999 -9999 -9999 -9999 -9999 -9999 -9999 -9999 -9999 -9999 -9999 -9999
-0.0621845311338808 -0.0149590149451683 0.0736022350095682 -9999 0.0988279514026387 0.172123517926817 0.169334934412266 0.230660892922891 -9999 0.359421127576307 0.433896196057735 0.267318979233739 0.336468083378781 0.409501700043189 0.167159376112105 0.164033015396155 0.132096001644287 0.18172504970023 0.121671099106252 0.101266474063064 0.180284661228839 0.154375311797457 0.116311889772973 0.149649741464056 0.157667952916819 0.025055894764357 0.0199744599852299 -0.0103029572795221 0.0942700377170399 -9999 -9999 0.0639712438911878 0.0747928381450844 0.0604157091474907 0.0969408626230442 0.127538681107241 -9999 -9999 -9999 -9999 -9999 -9999 -9999 -9999 -9999 -9999 -9999 -9999 -9999 -9999
-0.269610406693159 -0.233176904815454 0.0650727935740602 0.0116570249907969 0.0566978294191916 0.130403310983538 0.149690056442141 0.175906505390892 -9999 -9999 -9999 0.236540992993924 0.24108286402132 -9999 0.0473897961130103 0.055669386408697 0.14327256168402 0.166717192296894 0.0987418666633453 0.116761743344153 0.189332469240914 0.207753738575896 0.245738856133743 0.294856219208069 0.378779725306576 0.212190502782343 0.133233169356042 -0.0423711029757059 -0.0153666075323851 -9999 -9999 -9999 0.0762808673039548 0.0309255177775243 0.0338275769796909 0.0602763201775963 -9999 -9999 -9999 -9999 -9999 -9999 -9999 -9999 -9999 -9999 -9999 -9999 -9999 -9999
-0.516573007185655 -0.255226957551592 -0.145573941027004 0.00145574321947526 -0.0157999227773453 0.0979520323157342 0.154598149926663 0.210738411445735 0.277691096675336 0.16034394782008 0.0700386720062795 0.159613753581033 0.132655858836238 0.200594179809269 0.235599642331098 -9999 0.135737881293245 0.0628596848187468 0.486320460154077 0.260715750038837 0.256240865866897 0.202409385476666 0.240588969447028 -9999 0.30418315929163 0.343824644666398 0.219520447958608 0.183638816054057 -9999 -9999 0.180064121196623 0.0979155779290575 0.0433153485459997 -0.0239947514363892 -0.0181135125402477 0.0262734474750995 -9999 -9999 -9999 -9999 -9999 -9999 -9999 -9999 -9999 -9999 -9999 -9999 -9999 -9999
-0.37577364807162 -0.25179457470133 -0.187264003782045 0.0288533851773608 0.0674073307239468 0.100883668569181 0.284656934631971 0.345169131090592 0.321002217180074 0.17796500012582 0.164285604152112 0.121857482423126 0.169208616642434 0.165244705175419 0.138181451449282 -9999 -9999 0.304948805080756 0.538112477950732 0.46363729318141 0.334601222743801 0.348862727225874 0.666421139482958 0.627180001047168 -9999 0.334899685312635 0.344340922601075 -9999 -9999 -9999 0.191484094116683 0.141664377185931 0.0294718895934052 -0.0637945237131767 -0.0195124853847127 0.00951759392436448 0.0239817855729648 -9999 -9999 -9999 -9999 -9999 -9999 -9999 -9999 -9999 -9999 -9999 -9999 -9999
-0.552443655201822 -0.361907303352661 -0.204365556623372 -0.0463252249494724 0.013072805254297 0.0513040339138799 0.249757092070033 0.350364071893979 0.310634091860875 0.314158326387729 0.278814468221516 0.250012138495744 0.198474476776118 0.178657414561368 0.128147076487503 0.0966166116970084 -9999 0.235330830291232 0.267820072161013 0.377401839622729 -9999 -9999 0.708644923535218 0.690029196804532 0.423168836969299 0.366023242507079 -9999 0.223154019259984 0.193750843895821 0.184109728055891 -9999 0.104971915728795 0.208682215108989 -9999 0.0299451194595653 0.0573243907164962 -0.0159845036206826 -9999 -9999 -9999 -9999 -9999 -9999 -9999 -9999 -9999 -9999 -9999 -9999 -9999
-0.489662038002179 -0.211254228862822 -0.221931036179232 -0.0767207933001735 -0.026419161303503 0.193307549761337 0.266037253315644 0.538238950089662 0.378643002367315 0.285549557061652 0.189741509375779 0.17879672295202 0.176369873215423 0.189296766047692 0.134029647352049 0.120487373350097 0.133773989037032 0.16548520105633 0.236055410137707 0.323456142149429 -9999 -9999 0.645038788463809 0.66213561105202 0.389336711184809 0.529093650698084 0.628885468803529 0.216974190982602 0.212018633313247 0.182148074747883 0.306725211783282 0.02733310168022 0.165747370754944 -9999 0.0767435942730067 0.0784827576550068 0.155375621727547 0.175769732036611 -9999 -9999 -9999 -9999 -9999 -9999 -9999 -9999 -9999 -9999 -9999 -9999
-0.2622159050429 -0.23976092284135 -0.131560240964383 -0.102875893188262 -0.0271116346236593 0.0863091479142904 0.28467646971788 0.525634620890236 0.43870124986576 0.401667571272908 0.341913472024603 0.253428455873496 0.277864359145418 0.254738755399538 0.269478841591796 0.190132156933 0.217144555542734 0.192702415231279 0.275083209638709 0.297083754740234 -9999 -9999 -9999 0.363412368820219 0.356714212075499 0.521844928696281 0.196625272562931 0.0838937933928337 -9999 -9999 0.0849929339414627 0.0506649967215284 0.063486217871275 0.0399463413839065 -9999 0.0493378320947735 0.216278624834177 0.288062885070028 -9999 -9999 -9999 -9999 -9999 -9999 -9999 -9999 -9999 -9999 -9999 -9999
-0.339339854020273 -0.278017075466381 -0.161596693775865 -0.141836166849753 -0.0250964261923386 0.127953409593823 0.299420059194013 0.485517641072817 0.477444701179331 0.482690491640803 0.481565066278194 -9999 0.322181980630953 0.24761752456338 0.365959729678344 0.320584857498355 0.339373023209571 0.279282312526677 0.449223509152297 0.407198603069239 -9999 -9999 -9999 0.421023336775259 0.389924146353344 0.149791355843284 -9999 -9999 -9999 0.100052586280208 0.0495923163542453 0.0837696749315038 0.0990846340070183 -9999 -9999 0.180970280708746 0.265257994521472 0.292254754449679 -9999 -9999 -9999 -9999 -9999 -9999 -9999 -9999 -9999 -9999 -9999 -9999
-0.433430083357685 -0.330291908724595 -0.179634911721716 -0.240906646206779 0.01967554500094 0.113198355598319 0.203343910610556 0.390166828147702 0.516600707944851 0.488961654553765 -9999 -9999 -9999 -9999 0.43982592136212 0.425708602512556 0.413169492972406 0.360400279087379 0.389115133398906 0.635179794462171 0.585814569262657 0.552532387730214 0.523096856661921 0.572798007418691 0.351485890241026 0.389900547316109 -9999 -9999 -9999 0.143102239151174 0.130024421639964 0.0952474732428656 0.130586353226235 0.200499234593816 0.323622981144995 -9999 0.118113921649857 0.285383814287769 -9999 -9999 -9999 -9999 -9999 -9999 -9999 -9999 -9999 -9999 -9999 -9999
-0.543505785713864 -0.307212509208537 -0.27277801308004 -0.238764079583763 -0.19378669169286 0.0693235336102348 0.196426163200483 0.0944838389951624 0.475946481572201 -9999 -9999 -9999 -9999 -9999 -9999 0.458193792789711 0.473723427814028 0.429872327620495 0.340621963260755 0.387018489396079 0.433341509791636 0.421619049557517 0.487508540216203 0.461361435464624 0.478466708814976 0.45446129516871 0.233135905970599 -9999 -9999 0.184437815314242 0.122763058211755 0.112418109435031 0.116189620538536 0.113066615964167 0.116876387685809 -9999 -9999 0.154436491825072 0.257666488921132 -9999 -9999 -9999 -9999 -9999 -9999 -9999 -9999 -9999 -9999 -9999
