data/rasters/s6.03.08.li.1_xyz_08_.asc
NCOLS 100 
NROWS 100 
XLLCORNER -4 
YLLCORNER -4 
CELLSIZE 0.08 
NODATA_value -9999 
[rows 22 to 43 of 100, columns 49 to 97 of 100]
-0.109909850146469 -0.0408863359660083 -0.0921170799450144 -0.0570299821232193 -0.0205421230448461 0.00843644100885559 0.0294842412495184 0.0668084726967862 0.0412196085225381 0.0648316575536175 -9999 0.0708544266188251 -0.0308757202461688 -0.0755052529802833 -0.116344421795934 -0.11273216363899 -0.103916210154964 -0.0614781779515169 0.0245293938341842 -0.146027471550765 -0.230904207444325 -0.155821415520314 -0.116961485073233 -0.13843829688008 -0.209790063669561 -0.201661419592515 -0.106750059722073 -0.0658820458166057 -0.109362100433812 -9999 -9999 -9999 -9999 -9999 -9999 -9999 -9999 -9999 -9999 -9999 -9999 -9999 -9999 -9999 -9999 -9999 -9999 -9999 -9999
-0.160434931444039 -0.123381876645288 -0.118653853935315 -0.0551893337108727 -0.0438347922380303 -0.114719390413952 0.0525735348637567 0.00806554906671052 0.00820590633095427 -9999 0.00534256752186318 -0.0556604220623448 -0.0825597684193206 -0.0626543686526619 -0.118553966589312 -9999 -0.113013754991645 -0.112765356652283 -0.103791328290423 -0.151863613055877 -0.218259667363324 -0.142751958713631 -0.0759143275946162 -9999 -0.201924767003811 -0.137211373057678 0.00574210856461657 0.0421767726509045 -0.00185933478460103 0.027701562541357 -9999 -9999 -9999 -9999 -9999 -9999 -9999 -9999 -9999 -9999 -9999 -9999 -9999 -9999 -9999 -9999 -9999 -9999 -9999
-0.151787520015341 -0.153669274085251 -0.163736049433814 -0.138589115919001 -0.0779728646916972 -0.198218222401101 -0.0498230627915605 -0.109413226590048 -0.0825604695727864 0.04283482414883 -0.00104467518150384 -0.0872421728000306 -0.0978531757200125 -0.0412636099412584 -0.0592168859573337 -0.00991261196026346 -0.0627492691750858 -0.0783129465486986 -0.13195910378247 -0.142137823442384 -0.087164756301356 -0.1161411130578 -0.0835319074344121 -0.078431112899755 -9999 -9999 -0.048337109975056 0.0288310710757908 0.222579589981907 0.0651637111217321 0.0631357016269541 -9999 -9999 -9999 -9999 -9999 -9999 -9999 -9999 -9999 -9999 -9999 -9999 -9999 -9999 -9999 -9999 -9999 -9999
-0.187278417144816 -0.156734512125289 -0.150394637613242 -0.091418864344592 -0.0880614127264492 -0.111874215588808 -0.0879014671847581 -0.0224470771259145 -0.0318025265723381 -0.0473828495319599 -0.105753480663805 -0.0586615043363209 -0.0502673840400332 -0.0783298915180783 -0.0955584001645689 -0.0936072428667351 -0.0695750652191974 -0.0671809633380638 -0.0768606199112274 -0.0820429044250553 -0.104219278496271 -0.17018068377391 -9999 -0.105261223795037 -0.0377121170170316 -0.291487143999992 -0.143477817451176 0.100169621382429 0.0650733596716679 0.0483655731871822 0.0189430902196178 0.191253563512848 -9999 -9999 -9999 -9999 -9999 -9999 -9999 -9999 -9999 -9999 -9999 -9999 -9999 -9999 -9999 -9999 -9999
0.051464558077474 -9999 -0.100484545187008 -0.0290121023611471 -0.040111390787204 -0.0669351844555246 0.0160317511010671 -0.0134556537834206 0.0175738470780623 -0.0862694923876904 -9999 -0.0957050914677997 -0.056975619824592 -0.109927206697146 -0.0871998034529077 -0.0788092357520298 -0.0495495921006426 -0.138838728796047 -0.0813958171991608 0.0254977028516151 -0.116081922290448 -0.0788537231894246 -0.111504095076347 -0.101187114720862 -0.0616431707953439 -0.0788431017863455 -0.00927902998739874 0.0475782600759142 0.0563317001894529 -9999 0.0388329214478572 0.240482253775221 -9999 -9999 -9999 -9999 -9999 -9999 -9999 -9999 -9999 -9999 -9999 -9999 -9999 -9999 -9999 -9999 -9999
-0.0337064288071646 -0.0863714390173904 -0.0622779018319173 -0.0251931054909024 0.0319957787412784 -0.00875459528321347 0.129001013954805 0.0569437726592146 0.0401710239469902 -9999 -9999 -9999 -0.16304550825479 -0.0693540122788449 -0.0469824398661464 -0.0268274660943343 -0.0371496175747281 -0.0563490170405532 -0.0440880374882554 0.018110873920563 -0.0977065153404572 -0.154616241241672 0.00108252475026419 -0.0518159180067139 -0.0272053597308932 -0.0355532410966654 -0.0149184308728048 -0.0373935835445425 -0.0237068009362517 0.0990847225830273 0.0762675214790415 0.173758117969438 0.181047049271536 -9999 -9999 -9999 -9999 -9999 -9999 -9999 -9999 -9999 -9999 -9999 -9999 -9999 -9999 -9999 -9999
-0.0976187613591528 -0.103505501353962 -9999 0.162522934760716 0.085402456831542 -0.0418174524798031 0.174587258831502 0.0734622195226695 0.002062791546917 -0.0961860220873224 -0.00759347469612337 -0.0793084425577723 -9999 -9999 -0.0731313906753728 -0.0485278820035779 -9999 0.0554392019826301 -9999 -0.0544232724630013 -0.00515511553232042 -0.0847231799613752 0.0404537334801982 0.00667556345456323 -0.0471551147249117 -0.0104060476504981 0.10694212582414 -0.0379773778584035 0.0318544312846825 0.0310502809739293 0.0316713901385683 0.0794038330206925 0.145340701379837 0.269837298642061 -9999 -9999 -9999 -9999 -9999 -9999 -9999 -9999 -9999 -9999 -9999 -9999 -9999 -9999 -9999
-0.219360191270043 -0.191506238257454 0.00794129467080072 -0.0132511804072585 -0.0312670428566269 -0.0845348239983513 0.00485865009963298 0.0084565083380504 -0.0207991583789775 -0.0246791482787935 -0.024632039359544 -9999 -9999 0.117411142670341 -9999 -9999 0.16497604590163 0.0217007220150414 0.0674303598027138 0.0435879967763433 0.0146915557775506 0.113925426044596 0.0516927194294253 0.064056343361941 -0.0638020536996699 0.00969116109416358 -0.0932821225068521 -0.0802364107892586 -0.0111866009034917 0.0273830702731692 0.0313023648347436 -0.00465973405915088 0.117940316188114 0.198495111401208 -9999 -9999 -9999 -9999 -9999 -9999 -9999 -9999 -9999 -9999 -9999 -9999 -9999 -9999 -9999
-0.0143508765244486 0.0587608215031638 -0.136595918640901 -0.0813133154536235 -0.161403419865799 -0.09768160298832 -0.0404486716679436 0.0302505773457548 0.0154370980255625 0.0418285461045461 0.00535162004315627 -9999 -0.0313667206295924 0.0812428709661909 0.080159029558817 0.209613663360273 0.192374212641788 0.0091371821384264 0.0183460328315396 0.0635685274747478 0.219014369856142 -9999 0.00916502558726845 -0.00396813588992341 -0.0440786991981482 -0.0485508466354448 -0.00668423925504113 -0.0210905750888008 -0.0269080460731949 -0.0387499976751391 -0.206334173807235 -0.0929413990081647 0.128972982922072 0.115390161592112 0.141192877078583 -9999 -9999 -9999 -9999 -9999 -9999 -9999 -9999 -9999 -9999 -9999 -9999 -9999 -9999
-0.0629148621080096 -0.0361339325489851 -0.128963754334246 -0.199151249051573 -0.209410143464431 -0.145633325142413 -0.147148341916754 -0.286283279664087 0.0629994636298885 0.114354819141498 0.102796002211992 -9999 -0.0582614835124123 0.0434487318171828 0.070653251622806 0.161669545636047 0.190272505229639 0.0553203988019279 0.0679504331687673 0.113160641318731 0.0903924560447742 0.0575944881984497 0.185716430725139 0.0160660914131581 0.00618215564437174 0.0191601140579416 -0.0457491699954126 -0.069537399121488 -0.108952443896912 -0.0440213768191287 0.0324989051810584 0.00223858940553339 0.175660254564552 0.115074902253623 0.181948077247768 0.169776120960147 -9999 -9999 -9999 -9999 -9999 -9999 -9999 -9999 -9999 -9999 -9999 -9999 -9999
0.0188070064762431 -0.0332924782521008 -0.169513781568637 -0.123085685937039 -0.165485718294587 -0.140950054410539 -0.327660436303519 0.105052085709412 -0.000577611036681514 0.026428893730513 0.0280101075764001 0.0693568698040819 -9999 0.0489541794371822 0.0236087498283854 0.146423320061066 0.181012420095449 0.069099777586814 0.051359841505735 -0.00606234461921893 0.016070721647173 0.0440971966255778 0.0916718432050207 0.0500295478450069 0.0255321800961926 -0.000759655263016259 -0.0395392576286014 -0.125255776506038 -9999 -9999 0.0462792908560225 0.00623502700270375 -9999 0.155379078316333 0.215971104758388 0.0995371568812735 -9999 -9999 -9999 -9999 -9999 -9999 -9999 -9999 -9999 -9999 -9999 -9999 -9999
-0.0768565930172497 -0.0948481308573254 -0.106602583559893 -0.0742659580923115 -0.116493224452782 -0.129656074282204 -9999 -0.0522322076183768 -0.0200949551438362 -0.0695899247767505 -0.0294691429355815 0.0448090488113263 0.0988007957272325 0.0742401889387737 0.110687887224141 0.0330805849230042 0.108807470199507 0.128281558660075 0.0188932238082093 -0.0246003493006317 0.016324883166868 0.0259080544187232 0.0503974820073205 -0.0103138264635771 0.0352598487500881 0.0635920714629722 0.0120991965139725 0.0305608509310161 0.0655158284080961 0.0386033382305627 0.0334586265322025 0.0221105079264512 0.0195942252383991 0.0916249661642181 0.208437927994836 0.0788573677247857 -9999 -9999 -9999 -9999 -9999 -9999 -9999 -9999 -9999 -9999 -9999 -9999 -9999
-0.00498246731912599 -0.0647901407187494 -0.17067609283053 -0.181638903536054 -0.11019942154895 0.0658314064092313 0.0191452978792856 -0.0183956108826054 0.0288621376624943 0.00373878843054748 0.00184120434757683 0.00206858336357023 0.050654649278935 0.0514752436586901 0.0887972473688685 0.129799116404054 0.059878191022923 0.0235703608415061 0.0534327291942992 0.0487088827067002 0.113398274362068 0.115096079032496 0.0782022726269153 0.110950001974609 0.0241475098187429 0.0401579961851451 -0.0350889146313502 -0.00164793564372084 -0.046903404612973 0.026773564733843 0.123312198506639 0.0611567160279361 0.0537585310982585 0.128379011994502 0.219340070662159 0.217485429264904 -9999 -9999 -9999 -9999 -9999 -9999 -9999 -9999 -9999 -9999 -9999 -9999 -9999
-0.0200211964454193 -0.0655430181591213 -0.14730329621738 -0.104206570164571 -0.0556793168695858 -0.0373893063714884 -0.100677310818441 -0.0423986870379632 -9999 0.0525877120913739 0.0589185556145845 0.0435111645154336 0.0325784736151805 0.155541693807904 0.0823255018183993 0.0971787272122057 0.0808605183145688 0.0881136581042077 0.109201756548534 0.126233332050767 0.0606904511824383 0.0574685583388696 0.093334577222312 0.0515149352389656 -0.00199615024749686 0.0446548003814859 0.0184511908879826 0.0120709353534675 0.00802832862081422 0.154017950627617 0.224387192038304 0.0366176198870034 -0.0423855576322166 0.166552765979377 0.215813733287469 -9999 -9999 -9999 -9999 -9999 -9999 -9999 -9999 -9999 -9999 -9999 -9999 -9999 -9999
0.308521115879306 -9999 -9999 -0.059089013516524 -0.085117766964094 -0.0648066819437751 -0.145076099476982 -9999 -9999 0.0617269476423268 0.0357199142066744 0.0610360116022668 0.0790530928525918 0.08882725286754 0.0788039004294746 0.160150606335441 0.162270713992827 0.171704600423639 0.207063985743064 0.209824572664399 0.165055986449235 -0.0383206884322241 -0.0855158035901878 0.11119339372682 -0.050341833293169 -0.0155109788789515 0.101030319521411 0.0589729816245385 0.0652547671162331 0.104981436473396 0.195424380351463 0.318762828315244 -0.108943849096273 -0.0513100296330122 -9999 -9999 -9999 -9999 -9999 -9999 -9999 -9999 -9999 -9999 -9999 -9999 -9999 -9999 -9999
0.234623157265021 -9999 -9999 0.0890055851124906 0.0281333533418977 0.0432647058961084 0.0474973021709971 0.0141958257616644 0.0268079266739838 0.098835388165719 0.126562976936608 -9999 0.120230182285282 0.086626801853564 0.118821015629854 0.110101390248877 0.140142254801519 0.139379659539147 0.18315190624538 0.0723864426442698 0.0374847973770092 -0.0683686272511266 -0.0554286552587658 0.209126410185034 0.0202147355524739 0.134182923961099 0.121687116888559 0.0853979028119978 -0.00905364886059803 0.211036499148287 0.223952171683394 0.22734790470105 0.126223578578103 -0.0100844757248842 0.0488879770794951 0.0638719530062592 0.0744934133866235 -9999 -9999 -9999 -9999 -9999 -9999 -9999 -9999 -9999 -9999 -9999 -9999
-9999 0.263856376796979 0.177346130898654 0.134271353017448 0.0279813347021396 -0.00668064776756709 -0.0422761970746849 -0.068314954796578 0.0334296034019177 0.0824823025027201 0.117884785885751 0.168428971923348 0.12786758390939 0.186377977146573 0.174649833583488 0.131337806395265 0.122217835842297 0.125729832915376 0.145844296399015 -9999 -9999 0.253650589325109 0.30791212177157 -9999 0.0181548551951438 0.169222523775757 0.0353315224631646 0.0955441689650327 0.336276064091527 0.223048737136999 0.198709430380629 0.157379618680993 0.0741357625219667 -0.129376925002198 -0.121761313456831 0.024249804823818 -0.0282256905368643 0.0109143219502877 -9999 -9999 -9999 -9999 -9999 -9999 -9999 -9999 -9999 -9999 -9999
-9999 0.247060937951676 0.159193958305505 0.0450822064479477 -0.00165618382784075 0.0249580100021695 0.0186690574335074 0.0588524933789605 0.000451533134700871 -9999 -9999 0.123088217138261 0.124030614845216 0.14283075321236 -9999 0.254570167982611 0.0786729429138231 0.173138031619656 -9999 -9999 0.110515873196446 0.0410642741787325 0.0522381133476728 0.158213795597133 0.0910848836015228 0.123478874362026 0.16117218605252 0.138860470726471 0.231914063090101 0.210611408405702 0.280612840853261 0.0867937166247709 0.103632777329661 -0.129129111946002 -0.141456709586541 0.0237855154125712 -0.128302821620493 -9999 0.132678328336034 -9999 -9999 -9999 -9999 -9999 -9999 -9999 -9999 -9999 -9999
0.103438612024518 0.104409490846908 0.0224515382460259 0.0714980393137118 0.0394312273007502 0.0486408468647409 0.105241307941965 0.144539352336513 0.222937994289501 0.297454420268858 -9999 0.0829046904674937 0.116987913308457 -9999 0.218844045000762 0.223238146954283 0.117986752995952 0.244307686528304 -9999 0.10562417524031 0.0834736972417027 0.0171948554166261 0.0614711530296141 0.0301471270997234 0.144379206310311 0.16694444575274 0.144039526977078 0.240229717822267 0.275739139620984 0.22332361991513 0.154588068612859 -0.0386298786153432 0.0654058669784725 0.0130969083100692 0.030045857219588 0.0311883846253023 -9999 0.114076677522592 0.0266470125885739 -9999 -9999 -9999 -9999 -9999 -9999 -9999 -9999 -9999 -9999
0.093768870798703 0.0994575961887396 0.122744552543951 0.0636791115402309 0.194730959098332 0.0474840433630616 0.112977608965336 0.0972432444315743 0.0854342500091599 0.254753394902981 0.250478122025529 -9999 0.284730777109681 0.226452004527632 0.197195385902186 0.181261385531286 0.17821733314141 0.235266308932163 0.135526925332609 0.10436544984581 0.0878125431929323 0.169729983232146 0.101739096096061 0.125521897437452 0.0628640074538364 0.114846535865262 0.268280938787766 -9999 0.259836487984263 0.198297185524231 0.102138246295788 0.0334831651489002 -0.00172958524883098 0.0153316340335434 0.0322237364936424 0.0220598209119429 0.111684558579227 0.0491271583099218 0.0677670008620152 -9999 -9999 -9999 -9999 -9999 -9999 -9999 -9999 -9999 -9999
0.141210166027341 0.126262426481128 0.0853885389483986 0.0602607517255799 0.0948636974032216 0.155870004556388 0.221115598859366 0.315579745309062 0.237161070228457 0.178617643026871 0.218446244790213 0.174432066299035 0.206176188108039 0.138636284683577 0.096014974997989 0.120948448773256 0.193167255302941 0.134923911910464 0.118971771719539 0.0596752869477865 0.0753055959338929 0.024557244188115 0.043069854043275 0.110341852250406 -9999 0.0787926150491882 0.0913805487896477 0.065754791203033 -9999 -9999 0.15464561249333 0.175538615007982 0.0447311936043386 0.0626371039072194 0.0415926271910235 -0.00907822968909906 0.0760943517582371 0.0701312594999632 0.0889020270310844 -9999 -9999 -9999 -9999 -9999 -9999 -9999 -9999 -9999 -9999
0.165596065367207 0.131855905999892 0.254516025619492 0.0455299655684788 0.0520192320712442 0.16181092118996 0.353821405463576 0.128813110746333 0.139661243927185 0.085679612739726 0.176456238400493 0.13214429846719 0.12385087666443 0.0958760234872492 0.107790018221456 -9999 -9999 -9999 -9999 0.118390222340469 0.0876555944519766 0.037204637890557 0.0100591629275884 0.058433166082509 0.0555996228459817 0.0599752857949363 0.0240796533059002 0.085760425168269 0.158520708876795 0.220214174657234 0.235810053041728 0.116365569874243 0.0415168044875843 -0.00865730822038664 -0.000955187826991779 0.0473513552726655 0.0337443022711914 0.131702710306074 0.199111171763761 0.174285017837321 -9999 -9999 -9999 -9999 -9999 -9999 -9999 -9999 -9999
