data/rasters/s6.03.08.cu.3_xyz_08_.asc
NCOLS 100 
NROWS 100 
XLLCORNER -4 
YLLCORNER -4 
CELLSIZE 0.08 
NODATA_value -9999 
[rows 44 to 65 of 100, columns 50 to 99 of 100]
-0.785458244086573 -0.205211366824611 -0.29312141815219 -0.318600427233699 -0.246486713645892 -0.0958413763288608 -0.0867994619746687 0.0481726685839909 0.545556928845056 0.400223404962458 -9999 -9999 -9999 -9999 -9999 0.491212074096099 0.458444475345546 0.457216387307295 0.371378180915832 0.353842670838949 0.393770955931896 0.341228818440332 0.329753340974148 0.407167805430065 0.320268162635109 0.26921292151254 0.288635538211808 0.384411617132499 0.189955520382034 0.192616815896373 0.121651607338537 0.0950654675423815 0.144300441070395 0.0912711084711026 0.146198952843191 0.180237795500636 -9999 0.115399022086068 0.222043591225047 -9999 -9999 -9999 -9999 -9999 -9999 -9999 -9999 -9999 -9999 -9999
-0.838307265111649 -0.197730248197134 -0.231230336111994 -0.278874627778703 -0.238232281019223 -0.192303618876022 -0.0747639600266075 0.0324287879848315 0.451033079376133 0.373961415442749 -9999 -9999 -9999 0.377395993959939 0.378240356225286 -9999 -9999 0.279169931140785 0.264669522466067 0.256404868730885 -9999 -9999 -9999 -9999 0.188150055855987 0.224744869809338 0.220961349353772 -9999 0.257054161116192 0.224200967800267 0.0862792110247871 -0.0286547363820768 -0.100918294971564 0.013740938144274 0.108449540046454 0.144414815243429 0.131358065735299 -9999 -9999 -9999 -9999 -9999 -9999 -9999 -9999 -9999 -9999 -9999 -9999 -9999
-0.258004108656495 -0.252184825886837 -0.219963977072625 -0.179187145668932 -0.183729583190403 -0.152086755427649 -0.0433661475628816 0.0465763262070828 0.272898927246113 0.297562090010008 0.276801906604935 0.443793000711153 0.432463493260701 0.408391146501309 0.404455289089278 0.42709762196881 0.496645687145745 0.30814374824052 0.279911343159987 0.278362799470328 0.34247367148163 0.151846622845585 -9999 -9999 0.175652877129641 0.195571344479531 0.211766645448389 0.207172630563437 0.114684509505377 0.333625239417829 -0.0315146867422663 -0.122019798171503 -0.0206075148614146 -0.0395351584635414 -0.0810230254571723 0.0152377933841183 0.0794585949176977 0.0994002256431667 -9999 -9999 -9999 -9999 -9999 -9999 -9999 -9999 -9999 -9999 -9999 -9999
-0.255539977290464 -0.269835023712525 -0.14552377343738 -0.117652496515187 -0.00171249834844039 -0.11546889810587 -0.00184994726568896 0.0273210127300792 0.139444994986784 0.47952330648223 0.264921725850194 0.362086773828028 0.36467217712584 0.462061496189513 0.434096121364319 -9999 0.519539043201551 0.554983270716063 0.326032378411666 0.269955588204173 0.429531906413284 0.1615790918642 0.0218724186098555 0.0328472396050216 0.102943388200676 0.0852391349764329 0.11016766361622 0.198284724865028 0.132476777395729 0.206319790640437 0.00737386702060882 0.0515800554120105 0.0112477036121193 -0.045315039492087 -0.0564112407953677 -0.0811818922126248 -0.0280084309856875 -0.0101674042992454 0.00140474598577838 -9999 -9999 -9999 -9999 -9999 -9999 -9999 -9999 -9999 -9999 -9999
-9999 -9999 -0.101949750647674 -0.214433227543493 -0.189769513673739 -0.0734025562510468 -0.0158434081670935 0.0221117424885367 0.144974125639984 0.342266592323676 0.339239897520791 0.311060986003196 -9999 -9999 -9999 -9999 0.456463137953492 0.520957424454866 0.291756465091719 0.332162026787258 -0.0626442340317823 -0.0200025040456027 0.0247518844017514 0.0598435793835211 0.0390228356136678 0.045017560813081 0.19291031705414 0.27010233816756 0.224902753074677 0.277647915581805 0.0479148306920864 0.0509103656898841 0.0770213463318339 0.267248933399689 -0.104441672281833 -0.134675309896912 -0.0936434513926394 -0.0428979808102222 0.072184438818422 -9999 -9999 -9999 -9999 -9999 -9999 -9999 -9999 -9999 -9999 -9999
-0.207141493884815 -0.147133073899826 -0.324385416452238 -0.269022869339754 -0.210581426381789 -9999 -9999 0.302163859153528 0.157536107874557 0.13717553545647 0.52161489325064 0.611492843030528 -9999 -9999 -9999 -9999 0.340143799011006 0.406079634368229 0.361685490076147 0.350040016025381 -0.116100261365332 -0.0633464045596065 -0.0986173706862365 0.00280323282216774 0.0338651189185632 0.0528143407568203 0.175607937869089 0.212904309664423 0.156574418771763 0.143725667919557 -0.0433679608306754 -0.0626484520531896 -0.0109822025164533 -0.0145948833022241 -0.106725737629545 -0.178388333621276 -0.16429794452061 -0.114701807747852 -0.00707949062200187 -9999 -9999 -9999 -9999 -9999 -9999 -9999 -9999 -9999 -9999 -9999
-0.105462382127055 -0.187900828549983 -0.241824980908536 -0.299619206369329 -0.233470814323224 -9999 -9999 0.0269105362558161 0.186166270546463 0.312322127819097 0.544148586622404 0.483143329851445 0.496009014541702 -9999 -9999 -9999 -9999 -9999 -9999 -0.117180627740032 -0.0804263107669455 -9999 -0.108125628326739 -0.00579761980670092 0.0364629024031534 0.129552789279836 0.292313823353269 0.27401336030055 0.110888986288379 0.0734821849848356 -0.0696479898108122 -0.0912590320473884 -0.129227391139561 -0.0824358174856357 -0.0930212654902103 -0.185832596298337 -0.128666225370252 -0.11974946719953 -0.0509959362064241 -9999 -9999 -9999 -9999 -9999 -9999 -9999 -9999 -9999 -9999 -9999
-0.00525175503817856 -0.191075407498482 -0.298043740576009 -0.338569467180896 -0.383858541418751 -0.347229001481239 -0.347783002950941 0.328672615060415 0.450950363769503 0.487053461925466 0.506129759164435 0.566630515047565 -9999 -9999 0.20960178354898 0.1905222100529 0.156714769371724 0.228465510257368 0.125991081382886 0.0873668483961182 -0.0270382821645036 -0.0386613602819107 -0.0965108708939712 -0.0841000617496156 -0.0120339710016854 0.116776705811389 0.14836149428373 0.13879676354187 0.147672783958776 0.0811254800710259 -0.105773914746615 -0.178985450275445 -0.193243711955429 -9999 -0.0913517457948749 -0.185501905611815 -0.151541796010901 -0.0910445202759127 -0.0624057957765277 -9999 -9999 -9999 -9999 -9999 -9999 -9999 -9999 -9999 -9999 -9999
-0.00197601020476584 -0.294182265931789 -0.323097356697365 -0.366645222066454 -0.376928787174668 -0.375206513773092 -0.333091456139883 0.131708804644674 0.174763583488827 0.417755637742462 0.455017700630648 0.545856351804212 -9999 -9999 -9999 0.196784729940333 0.137959218773481 0.164707110546919 0.090679755016273 0.138711574462423 -0.0210942195839625 0.00967420044227736 -0.0674533765415244 -0.0985369684057261 -0.00127177932055157 -9999 0.260926395114334 0.108427632972907 -9999 -0.0176409745650488 -0.185984490380461 -0.19415768143858 -0.163832080377016 -9999 -9999 -0.19710322475661 -0.187062257253504 -0.131940891637266 -0.108087803830197 -9999 -9999 -9999 -9999 -9999 -9999 -9999 -9999 -9999 -9999 -9999
-0.259347904984348 -0.257760188105268 -0.296146779319556 -0.343044247277632 -0.393356900238154 -0.331154078218922 -9999 0.115035912577391 0.205226390342439 0.13379758064672 0.363601208290223 0.364180197135801 -9999 -9999 -9999 -9999 0.223163229245532 0.137709513010803 0.0721425993620356 0.0152767391979938 0.0215389178953324 -0.0139669853918988 0.00368681148303803 -0.00700929624825713 -9999 -9999 0.208915334147494 0.246678827649107 0.0873025539401108 -0.0633097138268757 -0.186073227078376 -0.191460655756439 -0.128733942793913 -0.116762911280546 -9999 -0.273637128214655 -0.240349003856845 -0.230867501065024 -0.183824014018198 -9999 -9999 -9999 -9999 -9999 -9999 -9999 -9999 -9999 -9999 -9999
-0.211261826291339 -0.281378119507739 -0.305991047941534 -0.323727735914162 -0.389175797800421 -0.371007901528486 0.192018362962131 -0.16689069823175 -0.0569879747059321 0.0844402898565191 0.314139494533872 0.42037464574367 0.508343128416351 -9999 -9999 0.751444076658914 0.825937671474352 0.840383155841809 -9999 0.0652539053450572 0.0571698994680608 0.0677918963006264 -0.0276195179870615 -0.0124320504613472 -9999 -9999 -9999 0.210933505841708 0.138221027462804 -0.0213903531597685 -0.172945568394239 -0.18781147969232 -0.152377202177873 -0.211868754981364 -0.181356121019663 -0.242494553160715 -0.273382954241527 -0.235943857425133 -0.199583278715702 -9999 -9999 -9999 -9999 -9999 -9999 -9999 -9999 -9999 -9999 -9999
-0.124241824353182 -0.287535600054133 -0.289288569680163 -0.25345050096285 -0.391223687067071 -0.358145229146106 -0.19336941899489 -0.169237625251216 -0.0776451709974466 0.101443946678817 0.290770908135928 0.475426133724483 0.554890670590042 -9999 -9999 0.721502309033285 0.686760619757231 0.6434780323523 0.501806744430252 0.0472775948088742 0.0511065049857813 0.0559269891164495 0.0892768821642461 0.0797814563325415 0.201910025816499 0.226656508944632 -9999 0.275176614891335 0.190026674753437 0.00208300321745598 -0.181682072872706 -0.255111885088055 -0.234773082614023 -0.185492610708413 -0.137670569308054 -0.229245658637043 -0.254505961292127 -0.248210954069733 -0.247422071771513 -9999 -9999 -9999 -9999 -9999 -9999 -9999 -9999 -9999 -9999 -9999
-0.128788294279923 -0.114481352479505 -0.138974395824123 -0.215071383895182 -0.0956879820624417 -0.244677316766297 -0.266759473576979 -0.181801913913401 -0.0606953468975119 0.143133548503381 0.334670756056381 0.474197489165283 0.593861673598379 -9999 -9999 -9999 0.722474558623095 0.602541855683052 0.297051614329456 0.268944214052538 0.268338464443427 0.272260295404456 0.220988035941943 0.18869896878563 0.186051825001069 0.233235174669478 -9999 -9999 0.141833575770833 0.0296601377954548 -0.188621893717594 -0.264974090528207 -0.239519552502337 -0.155812253302843 -0.381732765851144 -0.376207965646747 -0.316521836236374 -0.270796435833849 -0.209633690891528 -9999 -9999 -9999 -9999 -9999 -9999 -9999 -9999 -9999 -9999 -9999
-0.0785951274240793 -0.0918764765943944 -0.117864758733464 -0.132594443808405 -0.0472458051609132 -0.197960320826597 -0.270275482597754 -0.138883792871032 -0.0110069655304817 0.140543906015683 0.332526886442295 0.432345337680899 0.47393202207598 0.46850754459929 -9999 -9999 -9999 0.644027819297678 0.614102471450114 0.605697208494371 0.42179484028368 0.358855297985129 0.27093167522424 0.237443791328066 0.369120840790219 -9999 -9999 0.413320155014053 0.0716097580968816 0.0690020363093163 -0.00836943331862755 -0.163022418205571 -0.0833119803469783 -0.157587791535058 -0.376830495782335 -0.398395023583701 -0.34904709834905 -0.321070646630716 -9999 -9999 -9999 -9999 -9999 -9999 -9999 -9999 -9999 -9999 -9999 -9999
0.0273172977909117 0.000873793502558701 -0.100435471155282 -0.0605129436712641 -0.0353168275771482 -0.0030715546917859 -0.168130073335645 -0.0570529384991212 0.0577340307009501 0.189318947234346 0.335051248798962 0.450778155679651 0.390585108301606 0.409602438294819 0.580220842024838 0.526831490540138 0.516903308965884 0.537719081668416 0.544936011572493 0.713164113338308 0.49485733732344 0.461969101172218 0.295743199807962 -9999 0.322667571969904 0.321568679195229 0.397781127487662 0.414019016514918 0.184674566291734 0.0683735445695835 0.000523263418517215 -0.109103357597138 -0.14876230068091 -0.345941438152824 -0.368832889553385 -0.295383290381378 -0.342690620440728 -0.412248552587849 -9999 -9999 -9999 -9999 -9999 -9999 -9999 -9999 -9999 -9999 -9999 -9999
-9999 0.0115367419454506 -9999 0.0388804649178183 0.0106316455293486 0.0432070057448124 0.0156556847315473 0.0448577707910934 0.086330211880325 0.101313857823984 0.203976648798316 0.325268616818512 0.380977396337936 0.433700467417711 0.479217101610185 0.470635206258677 0.438086731566649 0.509262650462661 0.417099677813994 0.42010707279914 0.520128192930735 0.474656445283421 0.476312658604824 0.0880295666812704 0.126432164033635 0.0734961787839481 0.105883525716714 0.269296233331956 0.201152925005298 -0.0890699777082421 -0.103500295750582 -0.1278956092364 -0.242236535909308 -0.330661013590888 -0.358262031497769 -0.327489203710911 -0.32150014014257 -0.355035697131397 -9999 -9999 -9999 -9999 -9999 -9999 -9999 -9999 -9999 -9999 -9999 -9999
-9999 -0.126860729569436 -0.00662266638694923 -0.091092669926488 -0.117746162654192 0.0306645735515523 0.0554194802166501 0.123469563400239 0.140962243598771 0.121661704766584 0.0969644569292598 0.195071510945378 0.169146341666988 0.292647162575112 0.367825614647617 0.350068552462029 0.412187530067876 0.358395507623504 0.464825445394717 0.41472947902272 0.422528444415407 0.492844268042522 0.385244543012275 0.0944115807224644 -0.0233233910824639 -0.0436067562861048 -0.00708459654661391 0.0842044056019659 -0.0920053211228649 -0.00640413422127806 0.0635015498922104 -0.150377527693305 -0.201991712509346 -0.303513041723252 -0.199775776353421 -0.304653767694827 -0.306660543989904 -0.191573365661559 -9999 -9999 -9999 -9999 -9999 -9999 -9999 -9999 -9999 -9999 -9999 -9999
0.00395084864986158 -0.13011449744556 -0.0889330595967298 -0.1447593433492 -0.219296501712668 -0.169134253865162 0.0826633965584814 -9999 -9999 0.227887648651823 0.128691617153706 0.180616030221065 0.174484220798509 0.202704477456599 0.312763090054425 0.316018513794016 0.515663821097487 0.466119507278611 0.429458981769328 0.414931083018168 0.382773082625975 -9999 0.13136679065321 0.0636199975572381 -0.0680086916767187 -0.0548611193189849 -9999 -0.173329899347043 -0.210056072129246 -0.139699445498613 -0.239429994381875 -0.205714826887202 -0.186778866489726 -0.224946913565749 -0.0769468585679384 -0.255259713517891 -0.291678872712438 -9999 -9999 -9999 -9999 -9999 -9999 -9999 -9999 -9999 -9999 -9999 -9999 -9999
0.0374535064094566 -0.0756101704893426 -0.121982971154963 -0.161657021940629 -0.164486785659595 -0.200736355440032 -0.155637108844162 -9999 0.106394856570042 -0.0101226808265889 0.180153585576089 0.13727920385614 0.278178986569739 0.362439527785783 -9999 -9999 0.290719853929424 0.250623422159903 0.321089374101824 0.354284653457704 0.430649258962218 0.491742098592692 0.276580749304565 0.224330083430085 -0.0452546962146164 -0.0679960218200695 -0.131575499089204 -0.232659782254171 -0.256839802438971 -0.216445678155506 -0.285044822283273 -0.253540998021777 -0.233493560904931 -0.212895828333937 -0.138015627203742 -0.101465342370874 0.0234213494010715 -9999 -9999 -9999 -9999 -9999 -9999 -9999 -9999 -9999 -9999 -9999 -9999 -9999
-0.0830340172136758 -0.087612923291274 -0.0625754547203312 0.0910984385346393 0.133271674419411 -0.0688495986943286 -0.128590007056311 -0.0745567907421838 -0.0173157457572114 0.0405175854469024 0.169482656167237 0.336805864879245 0.276018790884019 -9999 -9999 0.29756991917804 0.37515618717917 0.377927194948934 0.336593407215041 0.37157257096216 0.322597473792515 0.175034699419783 0.0538725989224683 -0.0282391651909549 0.0122981853946332 -0.21716095071394 -0.278595172304897 -0.237104430330353 -0.305605055027703 -0.331366455540818 -0.327087984837277 -0.279291548958089 -0.263410286488943 -0.230069006938392 -0.176901000094212 -0.0729845277987938 0.0267167949031628 -9999 -9999 -9999 -9999 -9999 -9999 -9999 -9999 -9999 -9999 -9999 -9999 -9999
-0.0484240895661182 0.0908189642175118 -0.204970446288318 -0.195962589694834 -0.268075442784951 -0.178548970530893 -0.120522188357235 -0.090118422767821 -0.0133335048856852 -0.0787174954880929 -0.0605619044223995 0.278122705473774 0.263812737749486 0.214817998003364 0.276069098315248 0.280333164084531 0.419853901410995 0.329055879714354 0.260431254521379 0.294097462526368 0.306747042599138 0.24742016212944 0.10038350589864 0.0203625440896982 -0.195118749001061 -0.203540815861351 -0.222242948541924 -0.0453744010497479 -0.342947552646448 -0.358721975854349 -0.333332603935472 -0.289673063851201 -0.249814349787228 -0.202715105311146 -0.153976640322093 -0.0885347528601266 -9999 -9999 -9999 -9999 -9999 -9999 -9999 -9999 -9999 -9999 -9999 -9999 -9999 -9999
0.197992504722904 -0.232001468893379 -0.266296725935265 -0.242865229949274 -0.23242177528068 -9999 -0.237958241713621 -0.216348122511437 -0.0533159233896991 -0.0936664749297778 -0.0392269772625132 0.0485595943667931 0.160247922416637 -9999 0.333027624766045 0.335683309672686 0.462311260260246 0.413516152051543 0.228521891121096 0.239350935073281 0.25028269208347 0.110616248844542 0.0137469980297867 -0.1549388492115 -0.230090037658855 -0.274814390859958 -0.365069972853527 -0.356096205847512 -0.341313209864653 -0.340449268921907 -0.298172623641048 -9999 -9999 -0.163810738151579 -0.0998201035425129 -0.020556081036191 -9999 -9999 -9999 -9999 -9999 -9999 -9999 -9999 -9999 -9999 -9999 -9999 -9999 -9999
