data/rasters/s6.03.08.cu.2_xyz_08_.asc
NCOLS 100 
NROWS 100 
XLLCORNER -4 
YLLCORNER -4 
CELLSIZE 0.08 
NODATA_value -9999 
[rows 44 to 65 of 100, columns 0 to 48 of 100]
-9999 -9999 -9999 -9999 -9999 -9999 -9999 -9999 -9999 -9999 -9999 -0.0591543021257528 -0.0434368581156982 0.157734704988581 0.347721460300829 0.377767525680087 0.313012849643053 0.340130131918218 0.0925171522301897 -0.0931342218374329 0.241086740827531 0.157358351587076 0.11072401722938 0.0424680826322939 -0.148243744326588 -0.389574780508778 -0.258495309414017 -0.140276559084183 -0.0880956464861378 -9999 -9999 -0.00473410061599455 0.0528116758937554 -0.034436048277545 -9999 -0.187958739549752 -0.262508832830356 -0.265122344996233 -0.213525523619166 -0.0686406776408846 0.0383112963663994 -0.1942045115372 -0.0368290192281041 -0.0898177639420532 -9999 -0.115384122761476 -0.143930638193497 -0.105879315208675 0.0293958190847299
-9999 -9999 -9999 -9999 -9999 -9999 -9999 -9999 -9999 -9999 -9999 -0.120091371467986 -0.105914579783787 -0.061892811148414 -9999 0.392933691596191 0.302636055076426 0.344013260161426 0.129050669181189 0.0935630710675843 0.0470028197609406 0.0339923912763208 0.0246079668860086 -0.0410752641784232 -0.138371001452925 -0.263893056330163 -0.254801386971511 -0.14682682982785 -0.0853912094123695 0.0384802642342597 0.119141044232709 0.0888279204165989 0.131232623087229 0.0384229384411634 -9999 -0.187329009042875 -0.262698544444703 -0.282490390996945 -0.300597327089556 -0.133517391459235 -0.136501805868592 -0.195417333596658 -0.221661814391233 -0.162430946981273 -0.107461726263471 -0.102405177395505 -0.0771514793271251 -0.0248752482601129 0.0698097665716989
-9999 -9999 -9999 -9999 -9999 -9999 -9999 -9999 -9999 -9999 -9999 -9999 -0.00324624112012117 0.0148343454558997 -9999 -9999 0.245329527215929 -9999 0.219950638059979 0.0612875733809151 -0.0818279965731374 -0.261072791777576 -0.0923149801421139 -0.110616647112619 -0.194737673329273 -0.24063988378333 -0.190223743387301 -0.150081330445599 -0.03264162676691 -9999 0.294552883065342 0.206129396545891 0.168803454639169 0.147669192478721 0.0775837623973619 -0.0619654259222597 -0.214039640886759 -0.33097708387688 -0.254923806585993 -0.266281101317042 -0.244795844196002 -0.209591232087906 -0.167846799076631 -0.143444545807806 -0.0882357297798658 -0.0709003493523957 0.0408539947253822 0.0246704383184217 0.0810125769370234
-9999 -9999 -9999 -9999 -9999 -9999 -9999 -9999 -9999 -9999 -9999 -9999 0.0243264520971387 0.0450594058974003 0.0462431454839133 0.173794044837759 0.18076216840821 0.196079670909083 0.195858698285783 0.0961894778408396 -0.053278610409827 -0.189585802473694 -0.148686455522647 -9999 -9999 -9999 -0.0283023036658183 0.00785574498294091 0.0683768943729992 0.0889055627800309 0.172228368380087 0.259715354737127 0.207442400565557 0.141805822014984 0.0442006245223692 -0.0867615295376633 -0.161130226555781 -0.207999871695061 -0.319688746100724 -0.345081505207149 -0.326822164955521 -0.148309146473019 -9999 -0.00393494286252138 -0.0355364724114923 0.0379360535452852 0.0545558949525761 0.0354050368615874 0.117748412469973
-9999 -9999 -9999 -9999 -9999 -9999 -9999 -9999 -9999 -9999 -9999 -9999 -9999 -9999 0.00443478988213602 0.0116409546533011 0.0930623984288254 0.166660776374804 0.00780378518164454 -0.0239630993461078 -0.0429233547676375 -9999 -9999 -9999 -9999 -0.135728309789511 -0.055109613693168 0.0517944355357865 0.105899205588088 0.140849855473887 0.14409699133959 0.253465270824004 0.230387292202251 0.242366091390367 0.337725140093371 -0.0106138630520942 -0.133212940456683 -0.0997380252445857 -0.143049402932834 -0.290250673641341 -0.297302259017641 -9999 -9999 0.0477213353651961 0.0749889788738367 0.0991048641142373 0.0925503795863227 0.0791535483047861 0.140296256992066
-9999 -9999 -9999 -9999 -9999 -9999 -9999 -9999 -9999 -9999 -9999 -9999 -9999 -9999 -9999 -0.0220618181689884 0.0870370295794826 0.152487107120745 0.185504475922495 0.0876523462960068 -9999 0.0717279502127936 0.0226663808089381 -9999 -9999 -0.176314204042915 -0.12649198977113 0.00623531546395373 0.0833178914689192 0.10367510437905 0.256853619197947 0.393572676719962 0.239309129738226 0.258494286075687 0.177471134443429 -0.0237143266916196 -0.05656112311269 0.0790256011967611 0.305707245375612 -9999 -9999 -9999 -9999 0.0201366904340652 0.0793271987167534 0.134197832848857 0.143524395947808 0.133446781024141 0.162874429354817
-9999 -9999 -9999 -9999 -9999 -9999 -9999 -9999 -9999 -9999 -9999 -9999 -9999 -9999 -9999 -0.0324261898483244 0.165152753857924 0.218317878782502 0.22963356984089 0.192953677997502 0.151593800775573 0.165015439662799 0.124863891478269 -0.243439644682189 -0.291926315141526 -0.187275022102076 -0.080323379953791 -0.00305813992455135 0.0428756307890432 0.119062221067301 0.370183333931473 0.378316675441182 -9999 0.259907468612692 0.256471375766379 0.169622096671365 0.00483087342862938 -0.0889215334608328 -0.221918096420498 -9999 -0.225961715840969 -0.343752542137506 -0.128410834046279 -0.00163554635382132 0.115460093116338 0.162157894577858 0.176012683911057 0.150056673286924 0.103054371987403
-9999 -9999 -9999 -9999 -9999 -9999 -9999 -9999 -9999 -9999 -9999 -9999 0.195551515908979 0.175248364377226 -9999 0.128925186612883 0.213975030588577 0.092369754987251 0.283656385304747 0.232849016878136 0.177947201239477 0.246845852670099 0.123274202657069 0.0338721945960649 -0.134705113872315 -0.1570613518012 -0.037925672005041 0.135070030501291 0.143101116230394 0.333583782532991 0.245799302681024 0.391311034097776 0.363781963529549 0.23688386318637 0.310667532996784 0.1974230952269 0.0219029555036102 -0.076193439612534 -0.097250279823595 -0.123915388375084 -0.162969178095996 -0.169924431008601 -0.153459622553125 0.00839155569086415 0.0705031475121887 0.171048550714623 0.161282136154181 0.15718769415441 0.0271670862084186
-9999 -9999 -9999 -9999 -9999 -9999 -9999 -9999 -9999 -9999 -9999 0.285557101965283 0.213207043788294 0.181944568485639 -9999 -9999 0.241403797217351 0.126988802865341 0.520830542580483 0.414140561259065 0.397430300957823 0.298278080904687 0.29421980003561 0.116332153678645 -0.0355549068505223 -0.104126476101219 -0.0403087625149782 0.0627003671481817 0.0182109472297493 0.298770279837123 0.27931696800235 0.378949794533055 0.325353759474797 0.197821565921327 0.25014900392299 0.0308964219109445 0.129055402595915 -0.0654260631235122 -0.0313337252358691 -0.080708617925582 -0.113324616912804 -0.137199570215834 -0.115656679560501 -0.0444095987212294 -0.0454979051432327 0.0946651029072166 0.143069774501827 0.115128578225719 0.179574574335698
-9999 -9999 -9999 -9999 -9999 -9999 -9999 -9999 -9999 -9999 -9999 0.300696760859065 0.243636422223269 0.210823845802658 0.16451928617931 0.128460931939344 0.503782830795387 0.258047828340919 0.524177356146337 0.471565550337302 0.392334434025504 0.41674053412928 0.325131832845366 0.16491168347674 0.0399405914695591 -0.0815099917492203 -0.0832127145171976 -0.0782067708198065 0.030455088883372 -9999 0.382917798654131 0.24235602423929 0.27872344008101 0.298722231771289 0.170406551376353 -0.0215659532373505 0.0904357088615994 -9999 -0.0650464770344002 -0.0951367600168524 -0.134194958680917 -0.143326093922 -0.251580802207313 -0.242980573337593 0.0109872788355695 0.0490273902304163 0.0826642117692709 0.126833293193917 0.146485967064018
-9999 -9999 -9999 -9999 -9999 -9999 -9999 -9999 -9999 -9999 -9999 0.270664406299739 0.254185601899229 0.245383208293586 0.285456130384196 0.331591569645189 0.379267089430187 0.530104336744747 0.584424681124084 0.526654233865234 0.235349205542661 0.413093513238199 0.35937572311735 0.255771018028893 0.119948903008604 0.00104980619781319 -0.117061584058011 0.034768442367991 -0.0450613711169647 -0.179250363690407 0.217066109418484 0.243160669037328 0.158875766626898 0.163985630697222 -0.0238572810987942 -0.00892012281942887 -9999 -9999 -0.0927942641946928 -0.126759293094835 -0.122374661634539 -0.0982087719289862 -0.0977682228779288 -0.105955894746251 -0.073353846587008 -0.0271257313050624 -0.0227677408955711 0.10616112727221 0.153132685834484
-9999 -9999 -9999 -9999 -9999 -9999 -9999 -9999 -9999 -9999 -9999 -9999 0.0518621794113944 0.274126141396509 0.428844757268799 0.398159639297439 0.436322747155925 0.54695768645084 0.564916715386254 0.497726568284291 -9999 0.435714838250332 0.444964591764997 0.143869274133059 -0.013460668869347 -0.0521488561371318 -0.0680495130841459 0.0593163994623938 -9999 -9999 0.245997698807248 0.197614988253701 0.0583339745840702 0.0729588709802536 -0.121354017419831 -0.14778142405938 -0.482921942738858 -0.326833837339423 0.0010306509487696 -0.109613675046278 -0.182157858599403 0.00402552335225367 0.148915044594191 0.0300721507230625 -0.0987528914823517 -9999 -9999 -9999 0.146745789492983
-9999 -9999 -9999 -9999 -9999 -9999 -9999 -9999 -9999 -9999 -9999 -9999 0.280949240203769 0.283031394804827 0.434890639690373 0.481008244141856 0.502327383459967 0.501948539421953 0.476670651290126 -9999 -9999 0.425789377475101 0.439368234001815 0.226612791322457 0.0192527848158567 -0.0981107445092441 -0.0235503094741119 0.0684859169226786 -0.0474063025642332 0.100329569124762 0.0769183275467086 -9999 0.0167762570499589 -0.118432808912317 -0.210391789143029 -0.252469829554549 -0.287749375080196 -0.214020428412539 0.00201619203450119 -0.0224326756301492 -0.04587453255493 -9999 0.170604101238305 0.109844667357666 0.0683659543997475 0.00721287514811388 -9999 -9999 0.178620512318048
-9999 -9999 -9999 -9999 -9999 -9999 -9999 -9999 -9999 -9999 -9999 -9999 0.310307325813707 0.292593620542267 0.362806058475768 0.395189961996816 0.326514093445915 0.28548713452513 0.513898920131866 -9999 -9999 -9999 0.0459223430079075 0.0262620915651016 -0.150122657902441 -0.106935382435419 0.0510952581023436 0.100191539425009 0.058140885347655 0.119168287805715 0.10399563939176 -0.130016616387548 -0.0857941293806923 -0.0791838292179133 -0.142932669133674 -0.139739434510864 -0.118384836544358 -0.0177032906217381 0.00549166938908123 0.0146792096891648 0.171227740597695 0.214236781357148 0.165784050535061 0.120212900060473 0.0770800268929224 0.0699994168030136 0.0813816147963363 0.120217306899165 0.0845216980491263
-9999 -9999 -9999 -9999 -9999 -9999 -9999 -9999 -9999 -9999 -9999 -9999 0.304490934997076 0.337388495874187 0.365683247455831 0.402345697562062 0.466953037134142 0.431148080938898 0.424603229783484 0.444069044266362 0.186844608579852 0.138114333604137 -9999 -0.0751785293963679 -0.0744950752107083 0.00269410183510515 0.0989873341726715 0.129228105903059 0.0628607545019306 0.0576395659613738 -0.0941482547632132 -0.245388009148209 -0.193332434627513 -0.184350362158823 -0.0916916100590429 -0.111214568149553 -0.0883751323819024 -0.0243824952454272 0.0239742523370105 -0.0692771423455611 0.357400545768473 0.329569767060751 0.215055084102648 0.213071926329071 0.161677017959121 0.102778533486914 0.119910957721602 0.223190289504667 0.237648285956709
-9999 -9999 -9999 -9999 -9999 -9999 -9999 -9999 -9999 -9999 -9999 -9999 0.205874456304116 0.442538793409699 0.463199989785031 0.362323299793455 0.35658260457239 -9999 0.429849332225194 0.474948788546534 0.225307590023948 0.153622932622027 0.0265133794778028 -0.0161087663867582 -0.107691357708129 -0.0188334000232415 -0.00661433031859427 0.105342017824331 0.0553610442498647 -0.0589829163668406 -0.245203551235645 -0.269528966160446 -0.231102703627531 -0.187873563788221 -0.185646400586198 -9999 -9999 0.146805634823914 0.208205239759995 0.124934495407833 0.214413366556021 0.236176783015509 0.268733945180656 0.244101275546377 0.211583799455478 0.149985485882986 0.139403650964888 0.265363830026305 0.256314283957851
-9999 -9999 -9999 -9999 -9999 -9999 -9999 -9999 -9999 -9999 -9999 -9999 -0.0858638983042116 -0.031592473992605 0.0893458679059091 0.147181088885962 0.248987213332821 0.201753875610044 0.38886600723989 0.404971848950561 0.400878633567888 -9999 0.0465619520938261 -0.0303205114831249 -0.143689323451063 -0.201892638500895 -0.0558438345588439 0.0196245188758975 -0.0348477379416404 -0.124904791586626 -0.205982922722396 -0.262421523764633 -0.269913785792346 -0.312187586437868 -0.237136594685116 -9999 -0.0419512333025167 -0.101939206241846 0.145996559606382 0.242152409479023 0.257654649277178 0.339208558998135 0.318212451354323 0.30074545210323 0.22929661145425 -9999 0.196187211405994 0.25801235022939 0.256360901012371
-9999 -9999 -9999 -9999 -9999 -9999 -9999 -9999 -9999 -9999 -9999 -9999 -9999 -0.041746491245035 -0.00906359181729913 0.0567039701062425 0.138399234242165 0.288600025325722 0.161897095567768 0.287993553383495 0.318056268459586 0.0935350670986851 0.050244091023953 -0.0172401763552514 -0.107268492996998 -0.170496976241309 -0.115280618267304 -0.120884986541014 -0.0135253155921027 -0.0575930660214563 -0.179372160605515 -0.178040581645256 -0.203737592936145 -0.177767327228513 -0.173712774613366 -0.248060707995221 -0.0680202603146463 -0.044666366583787 0.0438048865765076 0.219815077624001 0.302224082544531 0.321524853137264 0.1889704340791 0.169180606342267 0.140820953031164 0.234796729984083 0.203676756300375 0.25370615323207 0.323863133642073
-9999 -9999 -9999 -9999 -9999 -9999 -9999 -9999 -9999 -9999 -9999 -9999 -9999 -0.184130981103506 -0.126875666434055 -0.115361315306449 0.121393337309245 0.19408958959699 0.0912040216717266 0.161980766589347 0.259661236008451 0.0820645832975637 -0.00549985392379946 0.000116327945272878 -0.0603420207477877 -0.10145138366725 -0.143532822549497 -9999 -0.130163647751575 -0.07968832546721 -0.0752846761315925 -0.106859982038155 -0.0781841159546987 -0.183002919095556 -0.156882835207191 -9999 -9999 -0.0335704120401197 0.0466567735683275 0.0705329207691638 0.167624614262313 -9999 0.185791514736804 0.101354124792517 0.174810718014326 0.117356269605911 -0.0296300023745876 0.101570456409796 0.0193642477323601
-9999 -9999 -9999 -9999 -9999 -9999 -9999 -9999 -9999 -9999 -9999 -9999 -9999 -0.19290653278459 -0.0805208665293191 -0.223045134159287 -0.0786500893153297 -0.15522393548052 -0.01727896937496 0.0828498205553991 0.104432005854005 0.025353170714131 -0.073653261624168 -0.106874698043649 -0.0557451141988647 0.0291833977706721 -0.0390071348543786 -0.0546704850833584 -9999 -0.0553915571933754 -0.0330388656685879 -0.0642310215290201 -0.10015585272473 -0.0750082374770692 -0.157318191241551 -9999 -0.145110194656961 -0.00445763531521338 0.0161207467691415 0.123446098067619 0.0930170082162131 0.105213056431821 0.164482225769726 0.00452077874824468 0.0551035214802938 -0.0354489728676181 0.044480935350531 -0.0395509120282394 0.0199805147247483
-9999 -9999 -9999 -9999 -9999 -9999 -9999 -9999 -9999 -9999 -9999 -9999 -9999 -9999 -9999 -0.309661325116472 -0.241300823124843 -0.330331223494045 -0.277906271191732 -0.0899311279120239 -0.199278506235316 -0.0181724876193896 -0.0348670263209527 -0.136165901424612 -0.0532491856848385 0.0785527793911336 -9999 -9999 -9999 0.0271795054188932 -0.000780476402007011 0.0239435509996196 0.00170740707529428 -0.109996730258947 -0.148072452157147 -0.116056805571713 -0.0728198548312315 -0.085436325357454 -0.0307030606291929 0.0170618425912999 0.0405162619442219 0.11525247847749 0.107749644966341 0.036746654526427 0.0338937452778486 -0.0506512173962984 -0.0522437911040127 -0.112375058472287 -0.103648040486299
-9999 -9999 -9999 -9999 -9999 -9999 -9999 -9999 -9999 -9999 -9999 -9999 -9999 -9999 -0.289657855079856 -0.32520910184709 -0.36582483235984 -0.465765055989327 -0.338352046679815 -0.322838021529609 -0.13501341335375 -0.177155643736868 -9999 -0.0239779515579488 0.0611076423838148 0.0131204888667651 0.0813321794676441 0.181186867890233 0.129097491574981 0.0108685442420279 -0.090728562707274 -9999 -9999 -9999 -0.103455566082921 -0.118602973356631 -0.169504624577622 -0.145913908301491 -0.0596848133877804 -0.410794669477673 -0.456698260609461 -9999 -9999 0.0764041215865898 0.171537187088802 -0.0389841804637344 -0.0363037874643743 -0.0620425827545511 -0.124529356872016
