data/rasters/s6.03.08.li.3_xyz_08_.asc
NCOLS 100 
NROWS 100 
XLLCORNER -4 
YLLCORNER -4 
CELLSIZE 0.08 
NODATA_value -9999 
[rows 21 to 41 of 100, columns 0 to 47 of 100]
-9999 -9999 -9999 -9999 -9999 -9999 -9999 -9999 -9999 -9999 -9999 -9999 -9999 -9999 -9999 -9999 -9999 -9999 -9999 -9999 -9999 -9999 -9999 -9999 0.188956706173453 0.231172658602694 -0.0413361465678892 0.0433664251621382 0.114830917946931 -9999 -0.034734359250193 -0.0262810883409808 0.0487437393259133 0.0586938575243506 0.0734051012016611 0.0537298884364548 -0.137560103901082 0.00479709945651489 -0.0628964781998804 -0.189083784274107 -0.164545127067613 -0.2331102308372 -0.167501388184147 -0.174421392731621 -0.333419553412244 -0.325877695259267 -0.23679785308327 -0.298143362662951
-9999 -9999 -9999 -9999 -9999 -9999 -9999 -9999 -9999 -9999 -9999 -9999 -9999 -9999 -9999 -9999 -9999 -9999 -9999 -9999 -9999 -9999 0.0949179422650124 0.152183811504365 0.161726149572895 -9999 0.191670009999461 0.116647377126008 0.034129907640751 -9999 -9999 -9999 0.156416500598307 0.164182298402748 0.0831520174528142 -0.0301176355402166 0.0349240919584434 0.0725194893913604 -0.117726202497083 -0.22146894538637 -0.251786374188753 -0.162630615473697 -0.125928642676078 -0.101667831874763 -0.144239235109708 -0.193503142099505 -0.213857021631674 -0.174340663162487
-9999 -9999 -9999 -9999 -9999 -9999 -9999 -9999 -9999 -9999 -9999 -9999 -9999 -9999 -9999 -9999 -9999 -9999 -9999 -9999 -9999 0.0320971030024568 0.0285755364909122 0.0931947482257274 0.0342212737489979 -0.0177240577734805 0.0988396017714276 0.113455158049767 -9999 -9999 -9999 -9999 0.0612982080884073 0.0349955022881176 -0.00356591238224473 -0.00175936112680392 -0.0417212157503493 -0.0570723707826008 -0.136738179380332 -0.206862537883072 -0.236163608853823 -0.185134225298408 -0.116296436350508 -0.0855165544991225 -0.0988526075390921 -0.0610864998195942 -0.188541037138621 -0.119472239509983
-9999 -9999 -9999 -9999 -9999 -9999 -9999 -9999 -9999 -9999 -9999 -9999 -9999 -9999 -9999 -9999 -9999 -9999 -9999 -9999 -9999 0.110889059929895 0.09775959808046 0.120390137848687 0.110164621866138 0.103347670676028 0.100864660767404 0.117632981363885 -0.276291306563826 -0.0442293017098155 -0.113174352205397 -9999 0.0134349154588262 -0.00185015453567918 0.0548778463109407 0.000542377174789815 -9999 0.042790269676189 -0.170910686667646 -0.206241738578333 -0.229916803493015 -0.212741099652161 -0.18522446648543 -0.0500124405056545 -0.122974988103703 -0.0716250995137357 -0.0249630476505464 0.010865635876714
-9999 -9999 -9999 -9999 -9999 -9999 -9999 -9999 -9999 -9999 -9999 -9999 -9999 -9999 -9999 -9999 -9999 -9999 -9999 0.225740382923556 0.224690669377502 0.155679449007056 0.0603184484504838 0.266736053328089 0.0990157154302343 0.140659047507104 -0.021577372519294 -0.110997282671926 -0.0573924084770272 0.00817343446358719 0.0492386816977401 0.0365123587221402 0.00920568765015034 0.00431028434132365 0.0643470658301511 0.0416220995369019 -0.00656528966899168 -0.0427900515663732 -0.039945186044075 -0.117953648788801 -9999 -0.22545341090755 -0.236001629218132 -0.0546628068608568 -0.114265924122889 -0.0328714050856902 0.0904389589738809 0.0828509689554544
-9999 -9999 -9999 -9999 -9999 -9999 -9999 -9999 -9999 -9999 -9999 -9999 -9999 -9999 -9999 -9999 -9999 -9999 -9999 0.268914472355791 0.287320954374905 0.138712545606008 -0.0642544573681845 0.212857247125058 0.143361409613659 0.0481035947567556 0.00111377433820143 -0.0998436882471944 -9999 0.129950103551388 0.0692364893468028 0.031745758988954 0.145128836188772 0.00772592643187153 0.0124675473563592 0.0427311113233596 -0.0637054202987513 -0.106956807319197 -0.0759947552549794 -0.331244734571818 -0.0781910981410736 0.0159899940401891 -0.00408657859294319 -0.232626794834414 -0.149458660714618 -0.0329732901450201 0.029584865694494 0.0162937387231562
-9999 -9999 -9999 -9999 -9999 -9999 -9999 -9999 -9999 -9999 -9999 -9999 -9999 -9999 -9999 -9999 -9999 -9999 0.017889633903347 0.0530071096299531 0.213906132191773 0.00338504932748931 -0.092809165294897 0.217991558707116 0.187362831191689 -0.0820390511999552 -0.0341950723368932 -0.122337100083891 -9999 0.151835392092977 0.109263720491116 0.0436963531993758 -0.00362875614183432 -0.0440778302068931 0.00528300355482801 0.0158116280197517 -0.156611112049219 -0.093616950986843 -0.0648924763620831 -0.0302459630194697 -0.0902329271883896 -0.0186646332385942 -0.0188549409299263 -0.0397114230951422 -9999 -9999 0.011226917960683 -0.0168241316657917
-9999 -9999 -9999 -9999 -9999 -9999 -9999 -9999 -9999 -9999 -9999 -9999 -9999 -9999 -9999 -9999 -9999 0.143835304131792 0.163081587217333 0.116300821331815 0.0864464734048277 0.0660826338104525 -0.0438404815773051 0.0661816000227051 0.0802363012813683 0.000546758598538257 -0.0267170826992202 -0.103380235226265 -9999 0.158721172873521 0.103550557129412 -0.0485615850725331 -0.0578498908061307 0.0569462543081151 0.0598518139488723 0.0886623146395371 -0.0396660387708041 -0.193876573608648 -0.168453821355202 -0.0881141038191997 -0.130307779325404 -0.0903551327336675 -0.0742313036009977 -0.10728215810824 -0.233514972294002 -0.0317543567876843 -0.0120685056146552 0.110980309181503
-9999 -9999 -9999 -9999 -9999 -9999 -9999 -9999 -9999 -9999 -9999 -9999 -9999 -9999 -9999 -9999 -9999 0.191281667680786 0.23219575385961 0.131152591966779 0.041591215038938 -0.0419090239084467 0.0457364392748851 0.0357909007128164 0.284712448405048 0.22715219137773 0.031202852958921 -9999 -9999 -0.0398769222941513 -0.00858086929152165 -0.0961801434978628 -0.0185187018791599 0.0552095645378051 0.0945582629404656 0.0601785274863555 0.0378000147187981 0.0193386701878921 -0.100004240451366 -0.0976151913696012 -0.0259402136392732 -0.0835894316676645 -0.0906881568588265 -0.116750073419479 -0.143310810394893 -0.083320529615277 -0.0788299654490202 -0.0999194906226188
-9999 -9999 -9999 -9999 -9999 -9999 -9999 -9999 -9999 -9999 -9999 -9999 -9999 -9999 -9999 -9999 0.393880038674469 0.316276950208619 0.155918696337951 0.0690340872995914 0.101276817756651 0.0668601172913431 0.0618960204526578 -0.00935691580393501 0.375713961840433 0.348323738926484 0.269704017854069 0.176690865447589 0.112163928405281 -0.0724568411874436 -0.00991829788754016 -0.00476088033958883 -0.00643498514663153 0.15509167822048 0.121049359485105 0.0968227010600325 0.0608269085685327 0.166516133541836 0.0891688615069091 0.0324392006427611 -0.0422663344540226 -0.0611892773887898 -0.119359093823857 -0.153020140576671 -0.154845513869248 -0.108934626609922 -9999 -0.0642923966505337
-9999 -9999 -9999 -9999 -9999 -9999 -9999 -9999 -9999 -9999 -9999 -9999 -9999 -9999 -9999 0.532379664147849 0.358094353737435 0.245742492726866 0.237329334966073 0.190714233044256 0.231962739424314 0.258498921638448 0.159519171097375 0.0918922351867665 0.199382511854452 0.204951173309376 -9999 0.182236595561982 0.153817362346929 0.0109906937447871 -0.0091223606743214 -0.0444374878220196 0.0163918597426681 -0.0967089717341539 0.100507153543413 0.0324511951418237 0.0467992561948233 0.187312217602175 0.218919929518105 0.0664409000296049 -0.0397472083643687 -9999 -0.0993062146820718 -0.135717456904945 -0.112015081976843 -0.163194905066129 -0.226867504846422 -9999
-9999 -9999 -9999 -9999 -9999 -9999 -9999 -9999 -9999 -9999 -9999 -9999 -9999 -9999 -9999 0.468644402702435 0.415277794957134 0.277834845134208 0.200426251696473 0.234397732511542 0.176396864618926 0.27130724807604 0.212653851029922 0.160223879959133 0.180203911184075 0.184069047227144 0.177303978117976 0.108608643055614 0.258257645313272 0.0162757987995412 0.00304950839551696 -0.00636218309968832 0.0218320011138158 -0.0198026477043881 -0.0764173928426395 -9999 -9999 0.177308984236634 0.0377210868486165 0.0931293618876596 0.0140562499539487 -0.0401505679721947 -0.0898749278267515 -0.181738587355855 -0.200236595583148 -0.165665793509019 -9999 -9999
-9999 -9999 -9999 -9999 -9999 -9999 -9999 -9999 -9999 -9999 -9999 -9999 -9999 -9999 -9999 0.402218470766426 0.458648471326621 0.397500161928834 0.287844465987346 0.282488183269974 0.30325085585513 0.239262576298817 0.22359555173279 0.23288181547576 0.198520369515426 0.20562434071142 0.17551261090528 0.0213463066871143 0.00717544241711414 0.0301080187938299 0.0709088420619765 0.042804937461971 -0.0449146971140871 -0.0354663510000728 -9999 0.0343575877691603 0.112038704701371 0.0914879816244013 0.0678178143852833 0.0199079470982695 -0.135596720573254 -0.118824284110374 -0.12394945986639 -0.125458092018976 -0.12702233756039 -0.130783216588132 -0.104173245843198 -0.0459932730511293
-9999 -9999 -9999 -9999 -9999 -9999 -9999 -9999 -9999 -9999 -9999 -9999 -9999 -9999 -9999 0.368160440027492 0.345400062001632 -9999 0.290478671891461 0.288748188726642 0.302228640356863 0.279388404991453 0.252179796990884 0.284846632430832 0.258359079926485 0.198255886756433 0.0554988799222645 -0.056222833437317 -0.0435306874378148 -0.0299158040343022 0.0140253999471272 -0.00971785388882706 -0.107981441046308 -0.142044956977292 -0.179295592114082 0.0689733578251709 0.123229144597846 0.119315226543561 0.0626875712401223 -0.0653938040136141 -0.137181339390251 -0.22771105219529 -0.316015151558301 -0.0559002943902417 -0.0942743140130999 -0.161833331437103 -0.0694222032949452 0.00691489696535557
-9999 -9999 -9999 -9999 -9999 -9999 -9999 -9999 -9999 -9999 -9999 -9999 -9999 -9999 -9999 0.42523340063118 0.33254566007953 -9999 -0.00769349182986984 0.412246780887951 0.351902887691971 0.186884510566578 0.339598792260465 0.245148190747957 0.116221217896177 0.0758761159347903 0.0154788194518734 0.0199310801547687 -0.0143702146325531 -0.0675895699490591 -0.0501501727685173 0.00324293654445168 0.00555369540456907 -0.0848029737441627 -0.113188177201334 -0.130863562454152 -0.025959959578894 0.00426852709354158 -0.0429208579853548 -0.11288313984707 -0.198350095120324 -0.167918763442415 -0.22248335093838 -0.0736719069491702 -0.150387886798148 -0.164808682751765 -0.166003662452175 0.0158795396375616
-9999 -9999 -9999 -9999 -9999 -9999 -9999 -9999 -9999 -9999 -9999 -9999 -9999 0.383572741554139 0.4377027450634 0.422989374070654 0.237481969661725 0.24092998567121 0.361082532707232 0.37860847999491 0.351061339702266 0.240347175699041 0.245635892008879 0.187441096431258 0.138665724376954 0.0410950574991741 0.0274629708375915 0.0620000337014307 0.0158037015449233 -0.051291383523034 -0.0316677512887042 -0.11109628083626 0.00031630267206084 -0.0948106367112029 -0.13891566991587 -0.184460203584345 -0.163859804297785 -0.25192428289446 -0.118793114520155 -0.246895566628973 -0.231267105849124 -0.225877349200807 -0.0199200452310312 -0.0226128815080506 -0.0528836708111283 -0.146686118953695 -0.127011886692536 0.00278415107417798
-9999 -9999 -9999 -9999 -9999 -9999 -9999 -9999 -9999 -9999 -9999 -9999 -9999 0.396752534857299 0.402828398397471 0.43423229857561 0.393467540519308 0.245717855200207 0.480008020169141 0.366984847133912 0.338774268574505 -9999 0.00281126303134979 0.183006133935512 0.25528511727826 0.106322150750534 0.113217233423257 0.0876980773867959 0.018703400758658 -0.0508161454827658 -0.0413344827384115 0.00923535049634595 -0.0492744255800721 -0.212084744530441 -0.0902089201341303 -0.171948170186369 -0.200094634547024 -0.248354703946465 -0.208220486977555 -0.25042520366364 -0.493563674332466 -0.403115438129049 -0.143673837917295 -0.127496161062858 -0.112735207978027 -0.045873301985656 -0.116706765446251 0.0774416996776946
-9999 -9999 -9999 -9999 -9999 -9999 -9999 -9999 -9999 -9999 -9999 -9999 -9999 0.394910804303369 0.381616038855977 0.369327920434706 -9999 -9999 0.420247276715728 0.389415967261689 0.265141480456085 0.236198612102721 0.170585011278356 0.130390552547922 0.164284160056053 0.228559140659135 -0.0672990955930498 0.0579266643566511 0.0765660884937402 0.00169220857519664 -0.0256572403795879 0.0694585003792116 0.00733795801439285 -0.192944051405544 -0.270950934521752 -9999 -0.430453602973561 -0.430663234495258 -0.256606617122134 -0.252125065665996 -0.322916647387358 -0.331222524864715 -0.372580235410943 -0.431936653944033 -0.0314012454060461 -0.080753998614134 -0.098351996876677 -0.0157816345026211
-9999 -9999 -9999 -9999 -9999 -9999 -9999 -9999 -9999 -9999 -9999 -9999 -9999 0.442097488782267 0.447005504311832 0.385457683770501 0.349294969535518 -9999 0.407074505693777 0.355292347279608 0.247466423059519 0.239664582663078 0.239026502737151 0.123460392770204 0.0578512952677271 -9999 -0.044023194444207 -0.113672291869938 -0.0857138111624987 -0.0828314592493302 -0.126628064137904 0.0764726896116104 0.0743299733902487 -0.175032212630618 -0.254741640161856 -0.353537820114363 -0.442133851850278 -0.372456191261735 -0.313042228324229 -0.230199306625556 -0.213597672318989 -0.310827715048744 -0.317655089071178 -0.266086470354738 -0.154876676364626 -0.116185970868444 -0.10521436239021 -0.0292633039367645
-9999 -9999 -9999 -9999 -9999 -9999 -9999 -9999 -9999 -9999 -9999 -9999 0.444608581370586 0.481259315224029 0.439801643802487 0.364438243524549 0.40524096380557 0.339752456265879 0.18275968828871 0.293726823263622 0.172364457844367 0.190075392864397 0.316662865234384 0.188484699121466 0.044316444253037 -0.0376046507061434 -0.0401974937321213 -0.0333532801072323 -0.110083367524516 -0.116383721558243 -0.138184813472664 -0.129609724208256 -0.105939207173305 -0.17801408938866 -0.163872398150614 -0.331885130913917 -0.283903136961817 -0.311134506172567 -0.24872165247204 -0.238913837506529 -0.346025934061012 -0.134920146867752 -0.117230232334718 -0.121610136881119 -0.0552330346112838 -0.0491548726042793 -0.117424980270389 -0.0284639327758347
-9999 -9999 -9999 -9999 -9999 -9999 -9999 -9999 -9999 -9999 -9999 -9999 0.399079179170376 0.348080803500141 0.354511913612308 0.35071464520184 0.219413646135799 0.409664571992642 0.375783529157145 0.416280698877856 0.250442777384741 0.198484648021953 -0.271827344352865 0.0961794799995123 0.0275229977713811 -0.0481558775056964 -0.0104088101017117 -0.0777822906693717 -0.106397272734661 -0.100037190834003 -9999 -0.0732897347334466 -0.162961254761371 -0.0576556899585243 -0.139220493995513 -0.244290190372744 -0.286637075274677 -0.288548646218922 -0.229280183874451 -0.220973523362832 -0.280708114844671 -0.223682866614312 -0.167305818112175 -0.101470480020737 -0.0569705877442051 -0.0154399970214698 -0.118726933388702 -0.0162343758551846
