data/rasters/s6.03.08.cu.1_xyz_08_.asc
NCOLS 100 
NROWS 100 
XLLCORNER -4 
YLLCORNER -4 
CELLSIZE 0.08 
NODATA_value -9999 
[rows 44 to 65 of 100, columns 0 to 47 of 100]
-9999 -9999 -9999 -9999 -9999 -9999 -9999 -9999 -9999 -9999 -9999 -0.117453600744803 -0.0036198060827217 0.0687351970882772 0.0314162045769633 -0.0211527248090687 -0.0813492494749123 -0.0413622367750045 0.0762856829808819 0.0938431400068175 0.153519084132456 0.090334480959449 0.040349631736294 0.0200027489144362 -0.0449498311562833 -0.0284592387224171 -9999 -0.410195532507262 -0.376759791868021 -0.379031053299238 -0.254021665979193 -0.125261555028489 -0.0927685748997698 -0.137948061346636 -0.124098515001572 -0.163271723561784 -0.209178875007373 -9999 -0.263385704186885 -0.110262599323746 -0.0370903951061489 -0.168441217194196 -0.109186236619811 -0.107982390689436 -9999 -0.222140172494864 -0.221657656705415 -0.101134611162557
-9999 -9999 -9999 -9999 -9999 -9999 -9999 -9999 -9999 -9999 -9999 -0.0233744185632943 -0.0115144278217743 0.126227705695569 0.00729315113340925 0.0269743932501004 -9999 -0.0797960918422199 -0.0526150460240479 0.0652094525514566 0.0871464966258165 0.0452089321697195 -0.0292654842073132 -0.198512286390244 -0.254624790249566 -9999 -0.490773822307207 -0.45026477086283 -0.324872678549292 -0.272399864064651 -0.198899911131768 -0.148022777919925 -0.0833454721411294 -0.104845440661597 -0.113375164214673 -0.210015781895066 -0.304563856933959 -0.288569201323247 -0.272159137612692 -0.107724067205574 -0.0106277914737001 -0.00804099288149239 -0.0997343064246071 -0.0772310045688801 -0.204501951251361 -0.352259705441427 -0.392634709744113 -0.088067661872355
-9999 -9999 -9999 -9999 -9999 -9999 -9999 -9999 -9999 -9999 -9999 -0.0447220160060476 0.0997673323119826 -0.171615894342314 0.0166811591236829 0.0181472322235301 -9999 -0.0974784958207879 -0.148208091171734 -0.0358860537501506 -0.00250540807347243 -0.047037286526163 -0.143901307454915 -0.337821239635319 -0.325987567924753 -0.352578133165411 -0.489485118018415 -0.312542682120789 -0.182321280184854 -0.139332137213695 -0.134791794980599 -0.094404137197995 -0.0674834575215851 -0.0720340556133028 -0.123772884378577 -0.23461174594292 -0.329176617759559 -0.305748924470471 -0.197081241660881 -0.0917964158221109 -0.0116679390626192 -0.176466294457209 -0.0283581956254944 -0.0919589442529114 -0.214730771665928 -0.322131804089278 -0.40458180902405 -0.126018616240897
-9999 -9999 -9999 -9999 -9999 -9999 -9999 -9999 -9999 -9999 -9999 0.0739603041824639 0.133724869003193 0.123793515794758 0.12192724271353 0.0625399524859478 -0.0499784453462722 -0.172757948032279 -0.196681344839841 -0.122636612789157 -0.0246632739947196 -0.143504728678148 -0.276721980946758 -0.422067502795773 -0.387983632487959 -0.188767035354192 -0.143982889642012 -0.15593191527915 -0.0850130767211677 -0.047529453347733 -0.0534643481738834 -0.0288872222062836 -0.0477727592918783 -0.124919535317734 -0.176599632984563 -0.313834824609713 -0.343138873260642 -0.301156613155812 -0.220227294381031 -0.0983620712699329 -0.194452416709615 -0.101944080728831 -0.0763058108062211 -0.159513032021145 -0.27454277506328 -0.394794846052219 -0.394631391885187 -0.353310792096277
-9999 -9999 -9999 -9999 -9999 -9999 -9999 -9999 -9999 -9999 -9999 0.14757076170444 0.0417220717332227 0.218240165850392 0.200702297766033 -0.0544515116079027 -0.0380567912053468 -0.191981187231826 -0.305600008616998 -0.260398266533813 -0.195659350230797 -0.32932903955293 -0.313652416172797 -0.346845260672919 -0.376788726493545 -0.276383298968794 -0.178650701854984 0.0288750524297499 -0.0579614291297923 -0.0191673709931578 0.01502670222133 0.0236121477722585 0.00773287340441414 -0.143026220813129 -0.235950429911148 -0.317372200495498 -0.323919452711071 -0.308133912746443 -0.262583705633068 -0.108683137022661 -0.0834014791398485 -0.0903648591637395 -0.154406994999156 -0.195662970164491 -0.186283657207387 -0.326204869401602 -0.396916896685859 -0.410026224253964
-9999 -9999 -9999 -9999 -9999 -9999 -9999 -9999 -9999 -9999 -9999 0.224583780743928 0.227239867203268 0.2347755440848 0.234491147206708 -0.0291564100188019 0.00561351675136622 -0.127392254485186 -0.230553390693344 -0.260014363112449 -0.123083489400771 -0.351198702913722 -0.234488937616821 -0.306389869610014 -0.368996594499521 -0.0542104987622928 -0.07966774144828 0.0970534741529001 0.144412013281793 0.138259354546092 0.165838659015074 0.0880483009939737 0.0264984812207319 -0.120293158179748 -0.180197753119731 -0.150357474438085 -0.164995462746549 -9999 -0.121993244410951 -0.0519476865724325 -0.021433589432312 -0.0429079910301205 -0.0819043675154281 -0.0571996103800868 -0.108039559374972 -0.424412540062918 -0.383169229400646 -0.362598366283545
-9999 -9999 -9999 -9999 -9999 -9999 -9999 -9999 -9999 -9999 -9999 0.243495344743556 0.267827822269248 0.296116009858423 0.347856027622961 0.270244411401712 0.0728737545676349 -0.0190603768544373 -0.149446186565757 -0.275516025745124 -0.0640705586245939 -0.0706461179073392 -0.0920764078945389 -9999 -9999 -0.0749527192770539 -0.0756392921959055 -9999 0.162480988122238 0.129804764484217 0.106787784417038 0.117204296296652 0.0602490899846986 -0.121793290209097 -0.0891682392141831 -0.134631356879544 -0.227354810120409 -0.238249599119941 -0.259085193072186 -0.0150041695142617 0.0212793745522657 0.0427150662412209 0.13693846553799 0.0911510190231767 0.00958941230357894 -0.209215357784423 -0.295007850550156 -0.319394511584614
-9999 -9999 -9999 -9999 -9999 -9999 -9999 -9999 -9999 -9999 -9999 -9999 0.309443403713922 0.2855371262988 0.363952659654255 0.304498242691675 0.117744827508541 0.0480380736216962 -9999 -0.264147518639799 -0.0240902692107728 0.134890237119674 -0.215357166806003 -0.288524337687782 -0.104595098230139 -0.137395242549595 -0.000149984046830268 0.144433964446388 0.192134196210605 0.151781755959447 0.0377566875883293 0.0601894680375656 0.0466438037167086 -0.0030589675548314 -0.06674143136109 -0.139815568787999 -0.261299544318651 -0.163902994179734 -0.208011011105371 -0.014298844935506 0.0983624450530146 0.0243944484904077 0.196739727164399 0.157897892034932 0.00569023952917822 -0.111814789967281 -0.2303732011911 -0.206288055186966
-9999 -9999 -9999 -9999 -9999 -9999 -9999 -9999 -9999 -9999 -9999 0.305038253050312 0.324765631411617 0.290527745921857 0.352901202166936 0.343887661456635 0.338170417958124 -9999 -0.386075222686364 0.119571697230491 0.159531566319585 0.166915594132339 -0.0361810282540228 -0.114263448448502 -9999 -0.107363101097842 -0.0731115952123973 0.135437677647255 0.178361267074071 0.217322658613815 0.137001692137846 0.0872093943312981 -0.244297815628362 -0.0400311553520074 -0.049307671296643 -0.125056383879391 -0.22612021199332 -0.0848486754572138 0.0807345455994641 0.0853432353509753 0.155470524312624 -9999 0.213298367754499 0.192502034646191 0.101583486766922 -0.0235902736839315 -0.0547320707575004 -0.0781050189624712
-9999 -9999 -9999 -9999 -9999 -9999 -9999 -9999 -9999 -9999 -9999 0.413659097663877 0.394102547521891 0.348991809790102 0.316983840637847 0.315127472348703 0.298732826500017 0.239949400218537 0.237345882600531 0.207392781361848 0.233899052801072 0.187381856397556 0.00336347806225428 -0.0415804869671561 -0.148536940231437 -0.190017506911324 -0.119123187814175 -0.0594658552505382 0.10644991944612 -0.00683872452589617 0.134692103905098 0.0762580399703146 -0.115212821250038 -9999 -0.242418107201407 -9999 -0.0402110968957041 0.0775640077291741 0.209218845806 0.167309437559758 -9999 0.214468752848548 0.106740301999036 0.18084289576554 0.171128707262405 0.133623714133791 0.034589010673007 -0.0162170177000753
-9999 -9999 -9999 -9999 -9999 -9999 -9999 -9999 -9999 -9999 -9999 0.413725045287231 0.452874807687059 0.447074825346936 0.134897823249527 0.340744157083024 0.298339646204597 0.294908206789234 0.271943092639259 0.232325518151375 0.281334974558964 0.267087572977653 0.110401851215594 0.0179402794184675 -0.125832476870091 -9999 -0.131913056832428 -0.140438943820021 -0.00597844735987067 0.113858326175474 0.0840820794309707 -0.0936178250694273 -0.0277909715701379 -0.271139745667919 -0.202015603032575 -0.0226115726265506 -0.00430892562455311 0.129238306801904 0.305551728646875 -9999 -9999 -9999 -0.12117822988838 0.181442974742792 0.192866766207491 0.177358501295463 0.158504201625356 0.0772761339580869
-9999 -9999 -9999 -9999 -9999 -9999 -9999 -9999 -9999 -9999 -9999 0.370975381211583 0.420456555020388 0.485434929481077 0.431678175778842 0.351942249615964 0.303952490163142 0.292627644310173 0.27499046266555 0.268306502458801 0.337006692283041 0.343175142462597 0.178477378122491 0.0413744215806676 -0.106083877994542 -0.270277703493171 -9999 -0.220528682311587 -0.114518679258033 -0.137831161051595 -0.0323304843718702 -0.0137229902532922 -0.0292398230793476 -0.105609161605481 -0.200904576769726 -0.210598093505374 0.0203664484484318 0.0718784157368765 0.30364314741631 0.337929579509409 0.319061110634504 -9999 -9999 0.209825843323962 0.118264163147077 0.141354377141372 0.151295332216662 0.0874248402351223
-9999 -9999 -9999 -9999 -9999 -9999 -9999 -9999 -9999 -9999 -9999 0.338541575788526 0.384889521536359 0.415750361252589 0.383330587684362 0.265770475775738 0.106232606843525 0.285475215537771 0.155762090963545 -9999 -9999 0.176266274245235 0.188922201377226 0.114123675371391 -0.118709276908717 -0.163146378491312 -0.298039217607334 -0.230723987020086 -0.170981305230279 -0.116419629997952 -0.0249643436562237 0.0409819640561129 -9999 -0.127968865765272 -0.119996414104855 -0.0611647661691588 0.0670292331143402 0.200947741419442 0.0922840625737784 0.249671881765063 0.259241154811259 0.29872716092003 0.238284135996328 0.198982104186511 -0.140309443027918 0.110187497335023 0.122667458087826 0.0402238864266121
-9999 -9999 -9999 -9999 -9999 -9999 -9999 -9999 -9999 -9999 -9999 -9999 0.340449999117491 0.30625093444412 0.151830077732149 0.311590899101485 0.0766007315226906 0.146548445068125 0.157094153778782 0.193432177382426 0.252606540786745 0.235771239541119 0.144640273599707 0.109590435380066 -0.0464335042166713 -0.18101200297534 -0.18505980168258 -0.202589797861723 -0.157152961689628 -0.0168889851288708 -0.00898380995033937 0.085580608436671 0.0987082850658712 0.0823716843839821 0.0706332451771809 -0.0373407965967978 0.044375395687359 0.202732506437157 0.230969110557073 0.246214662511294 0.220729542881454 0.218152048410976 0.168062279732412 0.19712693869288 0.149884508981047 0.161043692026394 0.0679783548791899 -0.0362727073952871
-9999 -9999 -9999 -9999 -9999 -9999 -9999 -9999 -9999 -9999 -9999 -9999 0.259425290513891 0.171608798572457 0.096553664617247 0.0765935358619736 0.119748330749212 -9999 0.163115707947643 0.210614611754692 0.16694855206693 0.132298194497746 0.0919392164237518 0.111769094334549 0.0893317331605232 -0.123735527830528 -0.085527073759349 -0.00917912805665261 -0.0351683195198968 -0.00423938809796562 0.0899428867390715 0.139426471249916 -9999 0.167370909617453 0.123874463510329 -0.125590225562962 -0.0528671075424499 0.113075788800453 0.189815895548519 0.197955170265764 0.156976335995858 0.234153786991985 0.185174860007499 0.176010565200343 0.124568368613561 0.0905061250160771 -0.00949317480039677 -0.101562225778451
-9999 -9999 -9999 -9999 -9999 -9999 -9999 -9999 -9999 -9999 -9999 -9999 0.187490020983231 0.169755137359335 0.035237071348696 0.027182049309878 0.0762436488328675 0.1728449979819 0.131177214650706 0.121722145731822 0.12731270293201 0.12055455897156 0.0499772093654959 -9999 -9999 0.00189244996888512 0.00797172585422797 -0.0168797733421876 0.0841897304740346 0.0522259736216913 0.111105439652291 0.19361709248307 0.232277650575094 0.19602776729091 0.136058739819834 0.0249796178303532 0.0722393792964507 0.0837428649396498 0.164715534225867 0.216855875158227 0.22488402156406 0.224326706517525 0.21124074906954 0.186428857510071 0.127412855486543 0.0779565345160036 -0.0831814905535968 -0.188179472619934
-9999 -9999 -9999 -9999 -9999 -9999 -9999 -9999 -9999 -9999 -9999 -9999 0.065362771209042 0.0664261194609373 0.0588246105479187 0.186745957538141 0.19276518502277 0.164119760457561 0.168948516147222 0.202496469726456 0.147220299694781 0.106059561984753 0.113871444964622 0.0808798889521093 0.116133320751623 0.0833514662167614 0.0408720901519325 -0.0578356295381549 0.0838447857808956 0.096842361895497 0.179950733091151 0.234443536696578 0.278083546025333 0.261543192893975 0.195713403792511 0.0947687309149958 0.0548706618227394 0.0857973698132786 0.129068354821899 0.146964935887443 0.172172596060759 0.203960957530017 0.173707899422303 0.173535812175437 0.111292152328367 0.0736046570243953 -0.116024823841492 -0.210907267552238
-9999 -9999 -9999 -9999 -9999 -9999 -9999 -9999 -9999 -9999 -9999 -9999 -9999 0.080218980136438 0.207770416240307 0.219265725464946 0.2250398045837 0.155403296858045 0.198075396190722 0.222613479517789 0.142455923886951 0.164355420202316 0.122848932403993 0.0892031916247897 0.0781041437226429 0.0843566713692085 -0.0950783847210194 -0.0319688548478169 0.0481973548309355 0.154712072653304 0.147404429403579 0.198620883701516 0.244131939121449 0.206502815073607 0.161307555362601 0.0812925213469961 0.0163174801934748 0.0838641537220611 0.117839974644667 0.163115888869752 0.219197410207918 0.174918549052661 0.146375271468414 0.167738482318682 0.126865280154954 0.0946252669234023 0.0778573712279712 -0.168429985780275
-9999 -9999 -9999 -9999 -9999 -9999 -9999 -9999 -9999 -9999 -9999 -9999 -9999 0.0570502558996262 0.15455535645376 0.219449218400061 0.141565445453173 0.197988571655185 0.251618761408784 0.297615693889139 0.216333211454835 0.169286827994032 0.139636063171096 0.0992542749656467 0.0487732932642088 0.0576173809661571 0.104230474509477 0.00756387588487357 0.0663458479767821 0.112592201861193 0.114245423988402 0.1581500587345 0.20937836372729 0.137512473571472 0.0359680519183245 -0.00798723586857079 -0.0360866497940784 0.0396385368874105 0.0674768415082033 0.116068258769781 0.139388783466972 0.112038037265772 0.136579369914209 0.139261874129754 0.116780182859452 0.0834793160899932 0.0670306930119013 -0.0443972104730031
-9999 -9999 -9999 -9999 -9999 -9999 -9999 -9999 -9999 -9999 -9999 -9999 -9999 -0.00459366624813183 0.0542955957330083 0.174117546758223 0.277126796432988 0.320498925601398 0.345495170847781 0.285400442902913 0.241478398911485 0.125221237985987 0.105024212391756 0.00975833616282325 -0.0183625811055423 -0.0561309361074678 -0.045734936868995 -0.0754172300483001 0.0122409745126215 -0.0466993283547222 -0.0321481777163006 0.114762981845217 0.184172800540415 0.0949110842709616 -0.0138764060455825 -0.0511946376191015 -0.0516883109938615 -0.167833872732007 -0.00979826884178328 0.0256101251752164 0.0676461464188614 0.098912040057388 0.100128361075573 0.0937590971946078 0.0665074167589181 0.0851666433322368 0.117210474810103 0.0758294663537522
-9999 -9999 -9999 -9999 -9999 -9999 -9999 -9999 -9999 -9999 -9999 -9999 -9999 -9999 -0.0502622952835623 0.155540410238679 0.225365826686985 0.291999410932881 0.356532458099166 0.322182967144658 0.210526268032899 0.104456880601632 0.0519148157602304 -0.0119780351741177 -0.0843983913363321 -0.0728170856145667 -0.0476662456337989 -0.119876583141245 -0.143500894767499 -0.159617900156642 -0.011105751130239 0.104987062878603 0.168143264357423 0.102619070939298 -0.0365475040719351 -0.111896357710066 -0.138825850103347 -0.0965346751066036 -0.0116910329070597 0.0129030091883603 0.0663589470782165 0.106529899056577 0.0913943449493663 0.0710673158669312 0.0497878478447632 0.115146629801388 0.152756381897675 0.158147294036616
-9999 -9999 -9999 -9999 -9999 -9999 -9999 -9999 -9999 -9999 -9999 -9999 -9999 -9999 0.0894796673380863 0.193058149140958 0.256375247576548 0.210705678230323 0.33149814784269 0.305095503383942 0.194321557071975 0.0600557582336183 0.0199558472659161 -0.00564612476461384 -0.0874059661982716 -0.170575520481323 -0.157974029562663 -0.269302030707747 -0.187983787564469 -0.250584828423299 -0.203530956459085 -0.0193572634073624 0.093063333795674 -0.0731040486744907 -0.131625200312849 -0.145958757039741 -0.172924276129208 -0.127759665172983 -0.0635070190006307 -0.00574511251559814 0.0657232410260125 0.100112577598604 0.0739747200291523 0.0509457130152067 0.0114455530638012 0.0902862966444542 0.115483789390117 0.127063241011127
