data/rasters/s6.03.08.cu.1_xyz_08_.asc
NCOLS 100 
NROWS 100 
XLLCORNER -4 
YLLCORNER -4 
CELLSIZE 0.08 
NODATA_value -9999 
[rows 44 to 65 of 100, columns 48 to 95 of 100]
0.186364140799943 0.231232422362924 0.157140826328525 0.25265712869923 0.169612329773146 0.120759845339075 0.0602292677143634 0.0545498856065534 0.105330953068766 0.223271488451793 0.262596962856582 0.277626546233682 0.282172639289973 0.224233697757146 0.199171984765921 0.275605685715111 0.228515321316888 0.228193212971074 0.205886317629775 0.24271799471548 0.0769228034355054 -0.00749850053994582 -0.125900874888985 -0.243798394381714 -0.329456612757467 -0.383955588909365 -0.316461365176976 -0.154322001277094 0.0148622359395262 -0.00723870954735831 -0.0628129364644599 -0.0940869394079309 0.0123943094445402 0.0597311059275794 0.00438685238565457 0.0153453727353447 0.0893820686359614 0.119003847939103 -9999 0.309909750490883 0.267853244175736 -9999 -9999 -9999 -9999 -9999 -9999 -9999
0.155546989349005 0.171043786013606 0.109942825795551 0.208715476677658 0.1138513805073 0.120706936931693 0.0706337950502169 0.0652957833573806 0.14004194242733 0.163199521614767 0.230560832961595 0.243737117214849 0.228989399663186 0.141987754341874 0.169923288377095 0.21848799529654 0.184605115218492 0.1754768451054 0.158655158763279 0.209257887271265 0.0253424697256858 -0.0931731097015298 -0.195921663740869 -0.24319196368529 -0.360266932959313 -0.485835691871138 -0.369585406198252 -0.215403908104154 -0.157290040644167 -0.0842238032667889 -0.127026572235286 -0.134081017794821 -0.0162728292553632 0.0445785296175318 -0.0212478559514276 0.0731049571688626 0.151418459199401 0.158636313865943 -9999 0.251643589580097 0.327704025124193 -9999 -9999 -9999 -9999 -9999 -9999 -9999
-0.0547074947375228 0.0351296623509304 -0.00808209719479602 -0.0780286816245068 0.0713981683510278 0.0386490380382389 -0.0177594511900593 0.0445991509416318 0.164009764568173 0.21554529340028 0.20996548663352 0.212684549136939 0.152892168768958 0.144206943240698 0.165401770988862 0.150408520288097 0.13414053559176 0.113096843941995 0.076018776148234 0.0527539313575831 0.0028629272432558 -0.181579142910628 -0.28977592203276 -0.317213771952359 -0.326478393308296 -0.413361547659277 -0.485545135931164 -0.244259768590372 -0.319384913240686 -0.217459265039843 -0.117928656626516 0.0370880940491679 0.019190086471058 0.0286688198313257 0.0277175543264506 0.149193319399289 0.221397791392254 0.189002696630625 0.258435734706192 0.257611554030515 0.10327174499325 -9999 -9999 -9999 -9999 -9999 -9999 -9999
-0.148459803966364 -0.138812194454019 -0.00819273609727253 0.0199598561253389 -0.0414406641408712 -0.0329615660800356 -0.122803317725882 0.0309049791381909 0.164494331079561 0.223655852187272 0.238361853123749 0.199963435921107 0.127105008302621 0.107661438251187 0.127846655482054 0.0947124058292714 0.0632840149979598 0.0247671965013463 0.0351167864397654 0.0545017897559279 -0.0154425929794451 -0.274871763084536 -0.341959821012091 -0.439886008628442 -0.372036322729058 -0.471182205915882 -0.515738376912978 -9999 -0.529205731447681 -0.245016665582717 -0.137127953934357 0.0124819345223337 0.0568092256461031 0.0689787821107023 0.0494664530190683 0.170475221883164 0.202241240963719 0.285869115331231 0.235624495296443 0.223632314926283 0.232763916873315 -9999 -9999 -9999 -9999 -9999 -9999 -9999
-0.323838666133349 -0.241239509923671 -0.348289428375059 -0.155616707271504 -0.0819775782096635 -0.10083247261456 -0.00704322083218904 0.0448881805338437 0.162717786261137 0.198593227128149 0.23236971715511 0.208400157230094 0.116637373542477 0.0645790365051277 0.0242211428985756 0.0208969286018215 0.00087028014132818 0.00836595293533418 0.0563107652600436 0.0641375553605042 0.00662468020108004 -0.142661448807048 -0.239074931512073 -0.394106709120208 -0.450541983336637 -0.460066334139332 -0.525676026771407 -0.48546196825087 -0.476955813616739 -0.377562442641424 0.045556872197552 0.0500773202998573 0.126472951757238 0.0873828452219 0.107699106497151 0.126368221282053 0.242710949997686 0.266073078993577 0.256209060163293 0.187022828958736 0.172277334791401 -9999 -9999 -9999 -9999 -9999 -9999 -9999
-0.384874470257679 -9999 -0.410738271975257 -0.288189987424805 -0.291708139717996 -0.302319132749914 -0.221281208972932 -0.00673950680995736 0.11966812503086 0.206277288617432 0.242657986919252 0.211551097030297 0.0953680853338129 0.0591506969029397 0.0189399887632836 -0.0138139606933019 0.017750991042458 0.0165395570094817 0.0961609482459919 0.193793305342896 0.055630886909892 -0.123460186529623 -0.180617342440779 -0.256598833453173 -0.466623749405532 -0.480775173929313 -0.456017569266343 -0.417030811463356 -0.422033991953862 -0.36935909407034 -0.120032667970616 -0.0400321740185669 0.0515005460512144 0.123181626069594 0.156566973968462 0.128646043205696 0.207713494804336 0.267308006157875 0.241175637059633 0.179437059701622 0.115217256023859 -9999 -9999 -9999 -9999 -9999 -9999 -9999
-0.372163443493969 -9999 -0.370703213930709 -0.31012264501302 -0.271955282255376 -0.263983022545232 -0.123781482781847 -0.0355042369086751 0.1221459486778 0.198641559402523 0.199708919308854 0.187432517821866 0.101016298080071 0.0587190100408437 0.0294960030684716 -0.00515202041076113 0.0446960928039656 0.0344449367540745 0.108256699443185 0.207424323577808 0.226726053107013 0.255517608660574 0.0861558588151017 -0.0517106736902886 -0.145729719434748 -9999 -0.361112051057582 -0.319406517704404 -0.267073708109072 -0.0739633650061143 -0.0669275210619341 -0.0456118629957209 -0.0360402990837126 0.0796814292877607 0.16149597553835 0.237730822521197 0.249765307583102 0.224692792584308 0.200008184292577 0.199959162885818 0.183157398156756 -9999 -9999 -9999 -9999 -9999 -9999 -9999
-9999 -9999 -0.258142691603102 -0.171689482614328 -0.196864284002522 -0.044374395202419 -0.00403674328926398 0.0186827213216698 0.153475597593979 0.122092104614687 0.00480713103546569 0.156981109857144 0.153854511598154 0.0826100618545781 0.0546043845010622 0.024325833932319 0.0752350139023232 0.166764784129901 0.213270106225818 0.275999377512181 0.256747305085424 0.259452013660732 0.141121746543151 0.023124236783732 -0.0759516538893544 -0.196686725778171 -0.263046843529639 -0.228213474281494 -0.0181180797168773 -0.0139250064478521 -0.0166481919415463 0.0252552728367556 0.0724801505491891 0.144916172124817 0.218239811862112 0.207042545288823 0.268114011751321 0.254753935847142 0.233909870739891 0.142327088641767 0.143434572972845 -9999 -9999 -9999 -9999 -9999 -9999 -9999
-0.140394270151502 -0.125646265834529 -0.105153017720766 -0.117716451209105 -0.0166857388495421 0.0583356597340461 0.118497462581871 0.180944003214873 0.17723500272161 0.205494752288 0.224238770809431 0.18179093841578 0.182138526838172 0.144758043304438 0.118628320381155 0.0835917260101068 0.0455774057755823 0.134145747604512 0.240184375293244 0.311033968841865 0.276442476300257 0.213276321222513 0.0264221373971331 0.0654622010671534 -0.0127334610680227 -0.0973632866852767 -0.0597584174749671 -0.014940423570884 0.011604195303325 -0.0424368132087772 0.00848670785287383 0.0947109324183765 0.0540759303696343 0.0925821849479727 0.188382222132962 0.0861877586382789 0.181290834796758 0.219830583355803 0.203192984370897 0.100571504013653 -0.0319510685493589 -9999 -9999 -9999 -9999 -9999 -9999 -9999
-0.0737194709871153 -0.144220661647423 -0.133432600938373 -0.0638238917354143 0.0520564240218068 0.142238197737482 0.159321564292251 0.158068576198105 0.171643006025624 0.237615881651794 0.2521946252193 0.235736203056054 0.195278327827066 0.192495912353319 0.164061868846243 0.186109467951594 -0.00333074208451108 0.179689984424879 0.220912721108598 0.211690661170365 0.257103275915551 0.149520254713401 0.0472451197131539 0.103359189827237 0.0147041868103959 0.0391226151977633 0.068465002712231 0.130027142773074 0.0069927664989765 0.048670419251786 0.117434662948981 0.11621041671848 0.149520885485384 0.0660802383631597 0.0903123753925302 0.0852924617760649 0.165349590356413 0.143959068069013 0.0999053949267134 0.084148399656037 -0.234384720164587 -9999 -9999 -9999 -9999 -9999 -9999 -9999
-0.00355653483606604 -0.0812257618030988 -0.1375582664567 -0.0721916633849985 0.127381439006247 0.187937927903082 0.299925355843523 0.306246280187312 0.271540144804325 0.254614479763088 0.258605445940886 0.235361136730173 0.246904213203876 0.228180336460205 0.270127681512096 0.149694695767488 0.118547957739659 0.12571366771697 0.14496383589032 0.122392181747692 0.132009474020682 0.067499236901263 -0.00532083641484146 0.00884319409985925 0.0190435134087546 0.0989734564338018 0.192755492691193 0.209882283349486 0.235462938005692 0.162994564557083 0.402353332161786 0.242606773725264 0.310331642631021 0.168827759141645 0.0198636075278631 -0.0108677027964028 0.108178875027057 0.0107053378107805 -0.00193681593080016 -0.0486407437293884 -0.173504656788871 -9999 -9999 -9999 -9999 -9999 -9999 -9999
-0.0467829255378738 -0.123332879030232 -0.185355868863404 -0.0902407473878526 0.119926252013143 0.313226236078147 0.151845471439043 0.3182395779763 0.384884203581102 0.364243856217818 0.375809279867571 0.254656020791288 0.227324343264983 0.245275645490206 0.276217726075391 0.160808448392166 0.0824185752618936 0.0884728086863402 0.0674055166143567 0.109794547956245 0.0737686506946763 -0.0505505700212171 -0.018303912160746 -0.0211235569081633 0.164558348079957 0.217425290120855 0.282130433260583 0.297470490299933 0.377428131797107 0.350202886033444 0.237004148401555 0.280793351394055 0.131459583269693 0.205198859233601 0.00404457684574761 -0.0381296393583506 -0.0274448601242672 -0.0258602365002119 -0.0336573549457004 -0.0801888935802962 -0.142532527818086 -9999 -9999 -9999 -9999 -9999 -9999 -9999
-0.076794836574415 -0.185068575032019 -0.212888094304771 -0.220899684471611 0.0120841433557947 0.235235741957482 0.363311075458498 0.464352043073223 0.415278129286371 0.407755051014558 0.414980281566334 0.405272657000478 -9999 -9999 0.213388504275675 0.144679344189554 0.0299284528106106 -0.0556620912776581 -9999 -0.0498606469440729 -9999 0.0227346300471748 0.0369053615479047 0.0556876791601863 0.241858379770259 0.268421578562576 0.279825057378205 0.327957182523787 0.409204187134465 0.483801707146452 0.395443606259878 0.398478655193807 0.300197555136292 0.201742349691195 0.0524308650415488 -0.023285054540172 -0.0123859939339188 -0.0602489086684253 -0.0953223458200667 -0.0635804794881056 -0.105026686609275 -9999 -9999 -9999 -9999 -9999 -9999 -9999
-0.125017731508908 -0.15960051355848 -0.139182770428499 -0.0369843646643877 0.125803519046965 0.315974364692968 0.426804732038663 0.418300012525146 0.428893082095681 0.375864890143127 0.391947589317763 0.34284600748148 0.295953453850293 0.259718984361242 0.226455992275481 0.169436364023758 0.00984948029861859 -0.0340192350977871 -0.0784381386839071 -0.148036175075812 -0.135587542312913 -0.0702152090097108 0.113989025169043 0.218176827553738 0.26172701765214 0.301491395483096 0.296985767252907 0.357114064606568 0.501192704544568 0.438563241590356 0.45399471693295 0.405062381967782 0.431383915008184 0.450829767300297 0.177261692676231 -0.00643742128255081 0.0340043027540044 -0.0646075632150377 -0.103000839913902 -0.0393703963657619 -9999 -9999 -9999 -9999 -9999 -9999 -9999 -9999
-0.159240054230891 -0.130042951380174 -0.0971421578905794 -0.00756193287059023 -0.043719297595254 0.23219941470152 0.360826155427488 0.36405105922056 0.373200027714424 0.466417615626229 0.426331866902777 0.289134949584996 0.287756855541226 0.280663482145154 0.21992325532083 0.110027720549601 -0.0255746341252664 -0.0180377658274333 -0.0330836967556877 -0.0898594612253239 -0.0925294229086321 -0.0128262047906083 0.112304984172023 0.167053234288863 0.273644012964945 0.345393780944692 0.404920761200338 0.418020777740321 0.511119269451336 0.476116616489377 0.546946968685132 0.464691305593903 0.447157022348385 0.453813993685306 0.104548928989955 0.117670458532875 0.0557266074625716 -0.0302961150569664 -0.0354303040396175 -0.0416858645041114 -9999 -9999 -9999 -9999 -9999 -9999 -9999 -9999
-0.205409836597841 -0.19732643144241 -0.164603301665375 -0.119331724147598 -0.0201785919462455 0.342612422162977 0.374242028273323 0.407336799102692 0.469595595297656 0.497919819220877 0.469753738605641 0.350008586203618 0.21547213617721 0.160352141938137 0.0570187186795591 -0.049315896345357 -0.111197986772281 -0.0036984900981832 0.023813339335819 -0.00819665783074232 -0.0498446526484339 -0.00816404047706348 0.143434948120026 0.23193118102171 0.286296615256397 0.32756526981965 0.346963707085565 0.239496253048107 0.472939161276585 0.534204617301264 0.455023239988508 0.396276614129212 0.384705655734257 0.229825971941575 0.252469575363505 0.131433161969417 0.0578352950240391 -0.0289979802593496 0.0589017967801107 -9999 -9999 -9999 -9999 -9999 -9999 -9999 -9999 -9999
-0.26220872773275 -0.283112926798458 -0.233407987775359 -0.210081348812232 -0.191094688240002 0.187954580639482 0.364192897593204 0.425356732332063 0.29470084562901 0.411151365831058 0.388722116034135 0.152906836248763 0.0968422839852035 -0.0710811219451489 -0.171908161020876 -0.274317351827054 -0.254546720725105 0.0276524044035903 0.034241185171274 0.0104781228235099 -0.00554331735562756 -0.0438274048208976 0.121840551907168 0.179649367816517 0.240531317332098 0.124268439524353 0.183591360715215 0.363250913947518 0.446292669476769 0.458067146316527 0.37012202205339 0.345909175590428 0.404328383209025 0.2944470046417 0.251443185093675 0.13548990894926 -0.0146315207554654 -0.079122940735571 -0.0179229946894161 -9999 -9999 -9999 -9999 -9999 -9999 -9999 -9999 -9999
-0.264168500462038 -0.314244642185281 -0.112037658224914 -0.266672397510292 -0.238501051989525 0.060139112038008 0.307571701516197 0.32004516004824 0.236784427209745 0.254475836100694 0.17918719282235 0.0480214487085656 0.00790695502653839 -0.150685566064973 -0.222877098213432 -0.259079916202235 -0.162195240302055 -0.192294050525775 0.0015645813024545 -0.0287391061467327 -0.0206614187496323 0.0271453724589174 0.078926410287491 0.145523317670341 0.233719518074222 0.137266668042313 0.210368681410194 0.389178055574958 0.389428110542556 0.374528145959193 0.33723412434157 0.299947328229089 -9999 0.150431198168955 0.222572161589381 0.19349037914037 -0.244973319119465 -0.157871988830646 -0.125883086419329 -9999 -9999 -9999 -9999 -9999 -9999 -9999 -9999 -9999
-0.167585658027442 -0.0945630748016286 -0.0573631478835726 -0.333506867287823 -0.285110028716751 -0.145766291672331 0.101084445973328 0.118843977993709 0.168142854308249 0.115799331663624 0.0388484503120488 -0.178807347379447 -0.141597739588566 -0.0684248034027204 -0.0903433949516192 -0.25424195675755 -0.190929042974274 -0.235567417442122 -0.0859271220127117 -0.0744814788098198 -0.0269560220086187 0.0728047074171738 0.225743057003186 0.150036653185574 0.140550239186749 0.128358188291848 0.221817364653749 0.29521249810214 0.376322154621356 0.367349277338717 0.343484383159141 -0.0571998942586746 -9999 0.0204230780393121 -0.23653799271355 -9999 -0.260892422820934 -0.165955186609893 -0.114393351979115 -9999 -9999 -9999 -9999 -9999 -9999 -9999 -9999 -9999
0.0649810526951497 0.0153330814675511 -0.0997871406715942 -0.248650930223518 -0.28141094795743 -0.110923241390678 -0.0150792465006304 0.0812743779444819 0.127686408663576 0.101383783975597 -0.26256788170044 -0.205601486586613 -0.255911733275413 -0.0257661715352547 -0.0767366540930877 -0.12711146557404 -0.212399298306049 -0.268931003230806 -0.125430149308308 -0.0456621082881565 -0.0346102798921286 0.0766861970193652 0.228534923523838 0.217767266301255 0.290891651559999 0.147359561732111 0.222211223662754 0.292559208410257 0.323447735569573 0.317918084064819 0.286142872750058 0.0327290113155316 -9999 -0.344321139990885 -0.358662948879437 -0.641528134996425 -0.648458846766724 -0.101851485956503 -0.119231530072161 -9999 -9999 -9999 -9999 -9999 -9999 -9999 -9999 -9999
0.0765100536329591 0.0353513919699753 -0.121033155272153 -0.110226182316511 -0.0683231872831908 0.0978859261858576 0.105808435763813 0.117802912808509 0.0695905619938789 -0.150422591524317 -0.157379835420167 -0.139855716003192 -0.046886500475895 -0.0129727317213304 -0.0365797646228394 -0.137793184299857 -0.122340616879695 -0.0469819510592596 -0.112263109639808 0.0151271903658112 0.14615248499809 0.210235379424132 0.283192216823538 0.256385582802318 0.281916912744056 0.196902477688552 0.159034732708926 0.190184398541812 0.282189838760099 0.243860227005684 0.108217699943178 0.00568540733882244 -0.439896225365765 -0.382284686834238 -0.423365944237122 -0.519123725356087 -9999 -9999 -9999 -9999 -9999 -9999 -9999 -9999 -9999 -9999 -9999 -9999
0.00476065903282367 0.00727788874713099 -0.0251581767613675 -0.00672808564497248 0.02918575407107 0.104615468607123 0.159337553191231 0.00980627046974313 0.101296731431357 -0.230507059358351 -9999 -0.132286571563724 -0.0350061184780832 -0.00437766360073647 0.0502540316130281 -0.0283868123060128 -0.0923269078032117 -0.0472803036121218 0.000182797224526001 0.0733132775766566 0.145277847897581 0.226512766263925 0.278983205626191 0.318265147448592 0.279029208103917 0.115659285088103 0.16130403101527 0.166756034059118 0.178179226432121 0.178136842126433 0.138888442534896 -0.0764824233931894 -0.318487811829666 -0.27325202179361 -0.420478614630392 -9999 -9999 -9999 -9999 -9999 -9999 -9999 -9999 -9999 -9999 -9999 -9999 -9999
