data/rasters/s6.03.08.li.1_xyz_08_.asc
NCOLS 100 
NROWS 100 
XLLCORNER -4 
YLLCORNER -4 
CELLSIZE 0.08 
NODATA_value -9999 
[rows 44 to 65 of 100, columns 49 to 97 of 100]
0.129158334245887 0.162865879103816 0.294159405308466 0.269769118361882 0.142195714401959 0.20225918212569 0.347806826297078 0.274898288402984 0.0795657197365908 0.0544192807273016 0.119700234587723 -9999 0.142233432329691 0.13978527229872 0.152969542901574 -9999 -9999 0.181347103945532 -9999 -9999 -9999 -9999 -9999 0.0587525434966952 0.0901914310850088 -0.00850357074346665 0.00717375602827516 0.0462648055584281 0.135949751663444 0.307222391892856 0.177941192068815 0.126817738346493 0.0970821688562971 0.0237432135156265 -9999 0.018186280228502 0.0532370506736516 0.0309165602147096 0.072407022823025 -9999 -9999 -9999 -9999 -9999 -9999 -9999 -9999 -9999 -9999
-9999 0.431087095522968 0.197357868448696 0.168531995291124 0.325886029820271 0.193300623796881 0.328863514512224 0.329285307300058 0.335421987517485 0.071495298594202 0.0755664365583081 0.101257609070991 0.111060002239851 0.093697533570162 0.0855796044988365 0.111757289828377 0.11047497087244 0.15901608820908 -9999 -9999 -9999 -9999 0.0124072842007028 0.0304003744467496 0.00344617298424749 0.0817213720191979 0.121640234266713 0.123642667975275 0.00585348706321905 0.187957543676665 0.0928866741249654 0.104051320514429 0.228849478317916 0.0458901102553489 0.0508069080471351 0.0323796229256605 0.0459941897741106 0.17931765300975 0.0412075149352438 -9999 -9999 -9999 -9999 -9999 -9999 -9999 -9999 -9999 -9999
0.212461733578866 0.231772340951097 0.232412270724483 0.175415096117867 0.149507255916052 0.135273320323327 0.285143998593177 0.221234875791624 0.305928094989324 -9999 0.0171949341542571 -9999 0.0417249859606398 0.0596720834698988 0.111758672347805 0.0766299154711387 0.0415612056779704 -9999 -9999 -9999 0.528548319463902 0.0600848668849135 0.0974484669312332 0.0638449421138407 0.0166768827517269 0.0608420323909118 0.0267352530676264 0.105555202475412 0.207215156921595 0.203720286658127 0.321434582625148 0.12873941427489 0.139212676767562 0.060261853912783 0.0543094944132796 0.00584133308325572 0.0551777778586873 0.0875491867934618 0.0522197004449819 0.124740787002824 -9999 -9999 -9999 -9999 -9999 -9999 -9999 -9999 -9999
0.258452162540703 0.252464572723357 0.266043814287343 0.254989513831683 0.178279948135571 0.14943313922827 0.149275372689494 0.125917488021182 0.0498848605914668 0.0111893084150586 -0.0442844805950398 0.0228815712772616 0.0665498399206104 0.0721892274234246 0.0290690235496396 0.0830563909528787 -9999 -9999 0.341233657206356 0.228914128095228 0.392612920132323 0.0238807224398047 0.0290002378474984 0.0430976735574524 0.126175824548485 0.0644852481076725 0.00862441129610476 0.0697055484717242 0.135369930957016 0.204246164246531 -9999 0.118326296494813 0.112830160348696 0.0532331497181739 -0.104089819323422 0.0315414982435133 -0.015390359441829 0.0491497601977835 0.0263860685391037 -0.0214411816109223 -9999 -9999 -9999 -9999 -9999 -9999 -9999 -9999 -9999
0.200339174042886 0.172503519138661 0.113353926409412 0.164976606560344 0.157194316293538 0.0587945925669737 0.0918851948836339 0.102465997156211 0.11465803899162 0.0312986939716842 -0.00376861320054806 0.0703187559153971 0.0742443618141597 0.0454130860583808 -0.00515392391959565 0.111991585165022 0.117760790678505 0.181709176036093 0.209817909726262 0.162508305504885 0.212191358663959 0.214181578388827 0.065289529700309 0.0270250493423692 0.0289166034280714 0.0555436321076164 0.092538080347345 0.107876909718008 0.154929094251801 0.18316430734427 0.216467593441044 0.128521681952037 -9999 -9999 -9999 -9999 -0.0686019098670419 0.0532425470690238 -0.02302584289503 0.014801966037172 -9999 -9999 -9999 -9999 -9999 -9999 -9999 -9999 -9999
0.0715224721037273 0.114163262792898 0.191551651477364 0.0969356429917751 0.123709939072871 0.0820179119208433 0.12777748453213 0.166112502519563 0.150040195539621 0.103678638184126 0.137737498371452 0.158102263130394 0.0628358980713633 0.0249594036795909 -0.0092205705821088 0.0330601877151062 0.0824082497794931 0.144114224675554 0.126887435064322 0.139568050169793 0.14260839274294 0.140732157889294 0.0860178783265427 0.0748884964878928 0.0653464917342487 0.208023851659447 0.233966153178848 0.172530462556784 0.0310998832562184 0.0912338237499762 0.145806506582682 0.0888511419248222 -9999 -9999 -9999 0.172478794980382 -9999 0.0859400868199405 0.0706825330130162 0.0117699400925285 -9999 -9999 -9999 -9999 -9999 -9999 -9999 -9999 -9999
-9999 -9999 0.218198523096275 0.179399033001578 0.219301506200574 0.141515867718345 0.144880921325921 0.158222270732738 -9999 0.131935304724767 0.0850706837574516 -9999 -9999 -9999 0.0402084136874519 0.0759804338163177 0.0782598733750473 0.128093527852928 0.152264537969977 0.139556695689346 0.107208106816738 0.142166454908604 0.235481052765038 0.139996138394002 0.180216963125204 0.205356862012299 0.135868437771062 0.0742121154702289 0.0244322537393154 0.0595456653568811 0.055942989976395 0.0618605275274573 0.0776671970429543 -9999 -9999 0.119972264338732 0.169861835638273 0.0584071290545243 0.118934218010158 0.0591550578817931 -9999 -9999 -9999 -9999 -9999 -9999 -9999 -9999 -9999
-9999 0.172509472254912 0.190095447715026 0.223718803308097 0.129028409414786 0.136172205116661 0.0893515671707369 0.161518858328935 -9999 0.0322364191496412 -9999 -9999 -0.111815767126548 -0.0335375914646452 -0.00166037892897083 0.0259370728110276 -0.140331757105172 -9999 -9999 0.141766089983808 0.104537117310754 0.118937510482502 0.0174469936488262 0.0803584865371117 0.071502977428327 0.143253828116437 0.140237443463959 0.0972528174175385 0.103981140621061 0.0374107359050576 -0.00296476954544054 -9999 -0.0268378273387636 0.0614093225464167 0.110566591082879 0.113322875826618 0.144544530848109 0.0475119592574298 0.103762039247085 0.220977999336695 -9999 -9999 -9999 -9999 -9999 -9999 -9999 -9999 -9999
0.0345238720037161 0.0447180260029946 0.172871742293741 0.102099987552077 0.164084734818114 0.0730422574250203 0.0248932202944925 -0.0420497080736971 -0.0721738619745212 -0.0532783150704648 0.0653346139586913 0.00960853441852096 -0.0423116758316435 -0.0275567826410958 -0.00139510014313033 -0.104247226388408 -9999 -9999 0.259303693895739 0.145007751449239 0.120625188060339 -9999 0.0602550710531834 0.132200929977552 0.114861124825176 0.184549587811133 0.10010223701775 0.229843136708252 0.191240677131567 0.0117014302408255 -0.00681408196898471 0.00231558103878012 -0.0403530037205669 -0.0282589169023514 -0.0164566773166403 -9999 0.186939338768085 0.212610644545104 0.213036625526867 0.204081471392613 -9999 -9999 -9999 -9999 -9999 -9999 -9999 -9999 -9999
0.0381449944216559 0.0817623445595338 -0.0733583524288707 -0.0222771016615312 0.068673714672529 0.104873237808283 0.0342742141242516 0.0321188356110432 -0.0612975208691692 -0.161367396688261 -0.0931961089821133 -0.017812290199993 -0.0253565654131 -0.12011655752295 -0.0969911621999883 0.00200229735710187 0.0819205383199183 -9999 0.239037585206919 0.111399740907467 0.175498308010061 0.278373224786863 0.200819044581383 0.140828584521756 0.138163116968347 0.157140354384444 0.129776636596583 -9999 0.00249144038165564 -0.0941805191392529 -0.159811004416044 -0.0764267811960571 -0.0491436442945635 -0.0355625754325931 -0.045769221290044 -9999 0.294115321470086 0.186322121589741 0.220255811074616 -9999 -9999 -9999 -9999 -9999 -9999 -9999 -9999 -9999 -9999
0.11119859799145 0.0376381827676154 -9999 0.0718369513409741 -0.022037976915168 0.0871660461414948 0.0311483790038232 0.00861488592571513 -0.0722642137617444 -0.0594534401220518 -0.107720869345282 -0.132647194412709 -0.10299863609023 -0.0786539107825505 -0.0471436364595881 -0.1321094683299 -9999 0.0359757451404543 0.0341658215197535 0.0749624588044355 0.186626607435488 0.242943374894459 0.184613883372535 0.171758427202845 0.180293681254195 0.176419658317336 0.160720986813157 -9999 0.124377334794301 -0.0210485877920424 -0.124551288583077 -0.077511939692261 -0.0785410193213741 -0.0655956550964473 0.0664951153889468 0.154844685184358 0.305311937811458 0.171884649995659 0.202665179407347 0.299249465291917 -9999 -9999 -9999 -9999 -9999 -9999 -9999 -9999 -9999
0.0687806189964942 0.0527178511903272 0.0347853465249791 0.037561122130072 0.0138330386377377 -0.0208918857629889 0.030463357000804 -0.0729487442746816 0.00396742569988127 -0.103932012811535 -0.128452301277375 -0.100877893017589 -0.105988234644598 -0.0796309944719067 -0.0852746455919817 -9999 0.0630910163418213 0.0683021062895561 0.0990595685007218 0.140494265444284 0.160519616131615 0.204871225126698 0.104587476048478 0.110126051414362 0.12825002677772 0.102852982957425 0.124378774821207 -9999 0.0979513412550864 -0.00278587936687603 -0.0928385504054103 -0.0594445610426549 -0.100073870794706 0.0297353261841935 0.0693879445262506 0.183385823750609 0.286466245414624 0.275311249422473 0.141848944770821 0.161847675359883 -9999 -9999 -9999 -9999 -9999 -9999 -9999 -9999 -9999
0.0315204269491804 0.102523671356572 0.0600471967212268 0.0252056136516425 0.0145446525480486 -0.0771055332186636 -9999 -9999 -0.0201049277132503 -0.0868719624296554 0.0132117230237448 -0.128453955067167 -0.115476319901863 -0.0964459098319195 -0.108888631299948 -0.0869853169621793 -0.143018609072224 -0.207303698663016 0.130140565726342 0.0539375222662217 0.0429985260526628 0.17637894518493 0.0342156174731001 0.0630641438264919 0.0938343661327729 -9999 -9999 -9999 -9999 -9999 -9999 -0.0478209540111951 -0.104586518483934 -0.0438831900717387 0.0813645815151909 -9999 0.241082590218356 0.203528662002471 0.190839836810508 0.169719356106701 -9999 -9999 -9999 -9999 -9999 -9999 -9999 -9999 -9999
0.00426571319469643 -0.0199234626701212 -0.0308910095054855 -0.0555265562147537 -0.0261517150876048 0.0053392077545916 -0.0102980591588552 0.0217801689587225 -0.0729345571322336 -0.148047155868522 -0.0959262463988646 0.0290152180853065 -0.131945054115875 -0.0427949173595147 -0.0821672252665176 0.0019354189947223 -0.026879805923378 -9999 -9999 -0.117634609654041 -0.0760558962082315 -0.00792556379143376 -0.0352960204787347 -0.000353601735541823 0.00403064762723063 0.0206084231968089 0.124939177361579 0.153549008357286 0.217633317268961 -9999 -9999 -9999 -0.214991140277915 -9999 -9999 -9999 0.110701261475976 0.14514555962337 0.228059449159614 -9999 -9999 -9999 -9999 -9999 -9999 -9999 -9999 -9999 -9999
0.0457914431829964 0.000587518933833906 -0.0721755993605875 -0.107755296539432 -0.0800705134874365 -0.0743243940053101 -0.0689548217588108 -0.0357509809485505 -0.0803589767631793 -0.0412216393025432 0.0469567767287437 -0.0925544780854363 -0.0278658909415599 -0.0782887552568856 -9999 0.0136118849391968 -9999 -9999 -9999 -9999 -0.00309253975002892 0.00964949366039396 0.0399531894967309 0.0675735277948072 0.0457101038735459 0.0937434797763759 0.0725857826577214 0.0691689844749924 -9999 -9999 -9999 -9999 -9999 -9999 -9999 0.128577736046604 0.132186208078271 0.151094889028578 -9999 -9999 -9999 -9999 -9999 -9999 -9999 -9999 -9999 -9999 -9999
-0.0196851623531592 -0.0746323608486297 -0.114504417966516 -0.0781003747675129 -0.0458897333395193 -0.0855743572405831 -0.0930055901161253 -0.0761861043075555 -0.0368553191137106 -0.04935362353082 -0.062056350443997 -0.0351144072037395 -0.0720707369518326 -0.0696616357255085 0.0435278182829349 -0.0296201550666766 0.0867640500704307 0.0560345408298587 -9999 -9999 0.00436044848188927 0.024533170467083 0.020628226410429 0.158762932063086 0.13309795379082 0.0886392700584986 -0.0487455684355571 -0.135823246508145 0.00745861967190291 -9999 -9999 -9999 -9999 -9999 -0.0166591499172704 -0.0296481487273711 0.0387396615445311 0.0129344054486388 0.0100019991947227 -9999 -9999 -9999 -9999 -9999 -9999 -9999 -9999 -9999 -9999
-0.0606700606782338 -0.0699870604568307 -0.0758871146623589 -0.0993065438807788 -0.0908749654951738 -0.104276495943044 -0.0872748769593191 -0.0588941000365258 -0.0689975959177417 -9999 -0.105428826293806 0.0484598838117725 -0.0660748363412554 0.029259174972623 -0.00694524309285768 -0.0375893775211825 -0.0298760237649813 -9999 -9999 -9999 -0.0293835482270413 -9999 0.350971872612031 0.352318253524898 0.10514990904431 0.0561696443844601 -0.0399298835719673 -0.134548018474743 -0.1260164178969 -0.0484193907356891 -0.0157875102381577 -9999 -9999 -0.219892037334538 -0.0585156064725496 -0.0327132414638244 0.0111611546990137 0.0237898456607084 -0.00578662374570922 -9999 -9999 -9999 -9999 -9999 -9999 -9999 -9999 -9999 -9999
-0.137056336733265 -0.061295825009992 -0.100333640299662 -0.0766794618465723 -0.124931318588608 -0.0993905631409343 0.0456857626676698 -0.00206130406147351 0.0142418495059943 -0.0990755370758344 -0.108616120039787 0.0260300870713726 -0.114562275371449 -0.144924883461737 -0.0391494062365577 -0.0231651944755503 -0.0499246355012062 -9999 -9999 -9999 0.00980563121053131 0.0922828632979675 0.126111712005264 0.121174641549258 0.174092443328224 0.0286924842617298 -0.0514770543031961 -0.193797542268876 0.00203115839828216 -0.0357149153342362 -0.037201388107396 -0.126463666771331 -0.160571988489548 -0.163567346781231 0.0830740886491587 0.125651417714523 0.125841210648357 -9999 -9999 -9999 -9999 -9999 -9999 -9999 -9999 -9999 -9999 -9999 -9999
-0.109592097277532 -0.0589668253529929 -0.0865299797299395 -0.098875358571951 -0.0853605424511573 -9999 -0.00642606614284059 -0.00130022879569938 -0.000921508559628612 -0.0522262966010162 -0.0184315411525082 0.0261400093930837 -0.0542099707290808 -9999 -0.141587991004982 -9999 -9999 0.105452964946757 0.234477918808903 0.072104958073462 0.0644030063806727 0.0147611437008665 0.0831321919230619 0.258310050495005 0.152569097453113 0.192798639607981 -9999 -0.201725757813198 -0.143210147403526 -0.100454412685325 -0.244615386770063 -0.0774393887690191 -0.128318813447267 -0.259743636785983 -0.0453658760154609 -0.0576454287336787 0.0663051266419718 0.0933102476546172 -9999 -9999 -9999 -9999 -9999 -9999 -9999 -9999 -9999 -9999 -9999
-0.0775046068913459 -0.156533078027858 -0.164319395999616 -0.125669521300622 -0.0922368726145512 -0.024223413365875 0.0396159197096762 -9999 0.0475989767115124 0.01765830815979 -0.0466677631937358 -0.126498683727207 -9999 -9999 -9999 -0.0461958492588632 -0.107250426826546 -0.0240250293680456 -0.0905601739280513 -0.0374778172318343 -9999 0.0199413810169647 0.0220980558051839 0.184170928953408 0.0768255466287091 -0.11543828224938 -0.118849822893951 -0.221010763319588 -0.189587210181778 -9999 -0.282166381737296 -0.109528507563194 -0.155191091041518 -0.115710048336609 -0.110003130905551 0.0058007841564881 -0.0150422749051425 0.0611282697531676 -9999 -9999 -9999 -9999 -9999 -9999 -9999 -9999 -9999 -9999 -9999
-0.253903461775051 -0.126161846499822 -9999 -0.102195780900558 -0.0891525566290449 -0.0757069248599195 -0.0237920713262771 -0.106598357740514 -0.039211164333106 -0.0319494401876336 -0.0752177538221411 -0.0965275101170515 -9999 -9999 -9999 -0.148068096108438 -0.148186390144052 -0.099128724394149 -0.168528212843297 -9999 -9999 -9999 -9999 -9999 -0.0936494776343799 -0.165287035082204 -0.247053894622103 -0.28664666088465 -0.315509614795877 -0.338946100056756 -9999 -9999 -9999 -9999 0.00537191299700066 0.0740119237875202 -0.0499786560106681 -9999 -9999 -9999 -9999 -9999 -9999 -9999 -9999 -9999 -9999 -9999 -9999
-0.259998411991262 -0.354346960384952 -0.0421915652530068 -0.0774096044883721 -0.0942234786284609 -0.103465937950894 -0.120256649922759 -0.143738851185052 -0.143154029832996 -0.10086178186749 -0.235048511386865 -0.211813001434662 -0.222540899236091 -0.270641614297306 -0.0877311800673024 -0.210006298966138 -0.218783012072519 -0.142953757099759 -9999 -9999 -0.048948182794531 -0.095986154908955 -9999 -9999 -0.126309351453726 -0.208379930684137 -0.103047003682809 -0.236308203692654 -0.282590717540981 -9999 -9999 -9999 -9999 0.0768703458807865 -0.117764951991225 -9999 -0.051536694149791 -9999 -9999 -9999 -9999 -9999 -9999 -9999 -9999 -9999 -9999 -9999 -9999
