data/rasters/s6.03.08.li.2_xyz_08_.asc
NCOLS 100 
NROWS 100 
XLLCORNER -4 
YLLCORNER -4 
CELLSIZE 0.08 
NODATA_value -9999 
[rows 42 to 62 of 100, columns 0 to 47 of 100]
-9999 -9999 -9999 -9999 -9999 -9999 -9999 -9999 -9999 -9999 -9999 -9999 -0.256840831728797 -0.211402624157957 -0.133057129335582 -0.185876166667006 -0.145297177995958 -0.138302012217111 -0.161447422701192 -0.152922386063549 -0.174464067242601 -0.170133914749406 -0.172068482594858 -0.173768854581764 -0.206792134220069 -0.200901952189333 -0.180827911270246 -0.114362902335062 -0.169341148700681 -0.197232548156065 -0.246062404205836 -0.280168162368244 -0.300204426231699 -0.339244602950187 -0.404281450609356 -0.398231398070442 -0.301919676106026 -0.290433080963947 -0.29500838153473 -0.367125332543664 -0.36559444959736 0.00913035393299303 0.0806809246608841 0.0356112559726382 0.113343786843554 0.151258739378835 0.188033914657922 0.118243779397558
-9999 -9999 -9999 -9999 -9999 -9999 -9999 -9999 -9999 -9999 -9999 -0.20149532122031 -0.217876935622779 -0.139554218812413 -0.0895756681000515 -0.115505953025655 -0.134508170047382 -0.200216339403164 -0.178240323024538 -0.072038410373332 -0.118810884088365 -0.153722719473526 -0.190998438460047 -0.215648250876723 -0.187420949652682 -0.208533684469802 -0.161213454751964 -0.181196187454096 -0.125412254392191 -0.197601587474154 -9999 -9999 -9999 -0.219027811895595 -0.302092670343643 -0.298973116144609 -0.301150406236843 -0.422008702882734 -0.39797568449535 -0.386677848693088 -0.166532416030606 -0.0817673275409243 -0.243051021583786 -0.123995490146266 0.114522805271609 0.122300600320595 -9999 0.141210112420619
-9999 -9999 -9999 -9999 -9999 -9999 -9999 -9999 -9999 -9999 -9999 -0.212965969566835 -0.227790555582952 -0.159471701121396 -0.0823992792507956 -0.0790658992055582 -0.122793815080797 -0.204669229940161 -0.123432677704564 -0.151102520355985 -0.145825865841619 -0.232370130455147 -0.235908508352061 -0.164741334977641 -0.119665759933659 -0.123266188215575 -0.179154023415499 -0.140942924938919 -0.0893583098193225 -0.212504208023468 -0.211567600779347 -9999 -9999 -0.268790426944658 -0.285892746299926 -0.269235175122056 -0.285832672050368 -0.3754143897951 -0.433185651550355 -0.431157671563613 -0.215677791507988 -0.187768573642692 -0.107397327193516 0.00760747190800288 0.0377335013485253 0.0991591369209717 0.12391234394326 0.0804367561158925
-9999 -9999 -9999 -9999 -9999 -9999 -9999 -9999 -9999 -9999 -9999 -0.117213566287623 -0.16942968681359 -0.0987460776456716 0.0136922767176902 0.00694489117820075 -0.0971526763009674 -0.0913822258719328 -0.0677748357028017 -0.238531190123438 -0.172946060587784 -0.178917843745293 -0.21799705727912 -0.135090469370948 -0.113688762047854 -0.0821068749755428 -0.0984970075838535 -0.136222175838478 -0.0923230967820109 -0.194518524393638 -0.158348091194286 -9999 -0.233805300740689 -0.248751785208644 -0.169672135166824 -0.103669044673134 -0.285552591313262 -9999 -0.247288282785842 -0.18963039198 -0.0868043525815648 -0.00104112680271153 0.0573380176214704 -0.00339912268676361 0.0706960108937783 0.100195180492008 0.141173552335264 0.138190899699701
-9999 -9999 -9999 -9999 -9999 -9999 -9999 -9999 -9999 -9999 -9999 -0.0581316637865376 0.034692586628472 0.075159441009372 0.130431110916778 0.0509550004933571 -0.00824642286347 0.00673661209163622 -0.146949487226028 -0.368318810616112 -0.184407028261731 -0.163470823248106 -0.254865617600858 -0.201597563602339 -0.112925134884288 0.125616831359512 0.111660623351264 -9999 -0.17328429616699 -0.12018841391442 0.123423605392736 -9999 -9999 -0.160459738377227 -0.0386009449117147 -0.0928604620546291 -0.160679018741651 -0.169511898989589 -0.122230166827795 -0.105069868655659 -0.0950218308193064 -0.00911632618804394 0.0798862978168349 0.0800089421113922 0.0425923553956139 -0.0286198668776229 0.0294583623811074 0.0407086374977558
-9999 -9999 -9999 -9999 -9999 -9999 -9999 -9999 -9999 -9999 -9999 0.00531475301089681 0.0407514132661197 0.119135318328977 0.12968693944955 0.0990446180479473 0.106002823732398 -0.115438213549363 -0.12003347924677 -0.151273220795514 -0.235605129530497 -0.228982756253384 -0.159691291028273 -0.148256034398791 -0.162221936197953 0.175898757460977 0.227950606011192 0.157262220024413 0.104165127711586 0.165506128299154 0.154197496718147 -9999 -0.0553977177302327 -0.0759227122690705 -0.104769751450102 -0.123866587884701 -0.125245327748759 -0.0892537681484573 -0.168021108824556 -0.216491773497414 -0.263891396714694 -0.0749349226361121 0.0196508575395508 -0.0800345263238564 -0.0891428547537962 -0.112852509589788 0.0247323343373389 0.0199317463351856
-9999 -9999 -9999 -9999 -9999 -9999 -9999 -9999 -9999 -9999 -9999 -0.0662272421543057 -0.0475774402755011 -0.0121341761280021 0.0234157047800444 0.0759365065722927 0.0762067744111205 0.0292124847466255 -0.0795969441663986 -0.0650917747970742 -0.0878433466113602 -0.119467048487187 -0.0711284197287373 -0.0663926574355244 0.18130007175799 0.216357248075151 0.235983992806842 0.187925079832212 0.200014506425544 0.205291336603209 0.211435470450773 0.133516896450679 -0.1195317617376 -0.0761676983123017 -0.123417227685515 -0.132996969700056 -0.173737823493269 -0.131184306902547 -0.310708003502428 -0.281807926622684 -0.253710090902716 -0.189630160678239 -0.0853901883495376 -0.120450229967504 -0.13543876666633 -0.116066115286642 -0.0171069204642046 0.0329283827286699
-9999 -9999 -9999 -9999 -9999 -9999 -9999 -9999 -9999 -9999 -9999 -0.0563059229149108 -0.0765519719896622 -0.0708709441774072 -0.0305720459329119 0.0567938413598835 -0.0424872885388124 -0.0110540553496345 -0.0198856629338998 0.00349566313157576 -0.0969813029915315 -0.101790011492592 0.0179355130806374 0.217896013789188 0.165933449368889 0.243132003609007 0.31298747658643 0.3044493345723 0.216447104779134 0.183460954689457 0.20479621642382 0.109755053803056 -0.0766592407961569 -0.072138561207935 -0.0318125673364246 -0.072414321664326 -0.117631047077095 -0.0237181103292852 -0.31869414862333 -0.309738379109113 -0.223081151126816 -0.122210140151498 -0.0760741469617523 -0.0375054440122292 0.00462385208404562 0.0515012799746508 0.0488500271007032 0.0358722301978803
-9999 -9999 -9999 -9999 -9999 -9999 -9999 -9999 -9999 -9999 -9999 -0.0643930862006496 -0.051569992684916 -0.0301758930556434 -0.000669680121032817 0.0503993959405121 -0.0270373487513202 -0.0708051425441159 -0.0670150502213472 -0.104604611015056 -0.189380387018851 -0.0272083063624023 0.206380637089056 0.26154921603773 0.206321814870486 0.191003323951569 0.262353705545553 0.137961866998595 0.196185050165565 0.138782481186471 0.156489871084801 0.0942143906410196 -0.0424472181131694 0.0140376711369195 -0.0192577971994774 -0.057670317941033 -0.0538267790350861 -0.0538104981325535 -0.127329232215667 -0.0913931202908268 -0.121080879044693 -0.109847967642346 -0.126642646741661 -0.125947058345388 0.101525836504251 0.11347894960988 0.199365679103031 0.108101679959139
-9999 -9999 -9999 -9999 -9999 -9999 -9999 -9999 -9999 -9999 -9999 -0.105250185400233 -0.137380100772987 -0.00748605220917004 0.032222953708466 0.0424293913722863 -0.109807100934822 -0.118682450122072 -0.0830037250333653 -0.045727423358819 0.0491185918568609 0.171537135592736 0.189326526840112 0.207698494342371 0.221992848119875 0.204998116375897 0.21506116507967 0.24925829294573 0.247191892975651 0.195240912565005 0.0803529301890258 -0.00732750088576051 -9999 -0.26201604969804 -0.191300035051715 0.0217967877886542 0.110228421297106 0.118610215733512 0.0139599359644318 -0.0908037430175292 -0.0546751984971363 -0.075362081617093 -0.0266922312187069 0.0528668231990278 0.0910685930938068 0.0703702573237717 0.156033342455949 0.131674232224505
-9999 -9999 -9999 -9999 -9999 -9999 -9999 -9999 -9999 -9999 -9999 -0.0790173477609419 -0.0869138439368166 -0.0406959667237072 -0.0142307987411351 -9999 -0.0796793468754996 -0.117753622827777 -0.0862679656631073 -9999 0.18390587974819 0.163686636936158 0.117676589755765 0.134511561623955 0.145146072213274 0.184739504323197 0.198018016491682 0.192711275187847 0.190977026622933 0.170332260263153 0.148892419394072 0.0296143491324028 -0.15040753340989 -0.268896239154756 -0.221106185247486 -0.182421605830299 0.146956871985363 0.217242323673607 0.0816746462650459 0.0984620758634138 0.0800135489937011 0.0245469510719816 0.0121638972789735 -0.016305147815141 -0.0273853195700898 0.00358583232509721 0.0965973085034761 0.16363245028634
-9999 -9999 -9999 -9999 -9999 -9999 -9999 -9999 -9999 -9999 -9999 -0.0474810347510172 -0.0649927371300483 -0.0388308575133506 -0.0306292567243752 -0.0934362191076053 -0.217047952295783 -0.0752346193977952 0.00635811520047044 0.106972139796311 0.112749804265153 0.143660368926036 0.133856904815603 0.141920439253151 0.153173692948095 0.217367218250268 0.190804166946292 0.206089871123767 0.187412116822108 0.193020202468807 0.159463301020728 0.0181146460351787 -0.0873000304789692 -0.10340695366337 -0.187809491364971 0.136709367998616 0.064330009497107 0.195622132719077 0.27091733774026 0.20559242055137 0.171501764509392 0.130617472806615 0.038152036877209 0.0775565743349842 -0.0150772663017407 0.0894028587426557 0.142910310616582 0.0955687562483083
-9999 -9999 -9999 -9999 -9999 -9999 -9999 -9999 -9999 -9999 -9999 -0.0820899190729652 -0.0260925274576319 -0.073041501474728 -9999 -0.107693479226538 -0.00347443385276598 0.0632552709250912 0.0877041826844828 0.151295753363448 0.143643644533213 0.109048131605584 0.104337835481543 0.141244872857921 0.166244679314992 0.244830246604283 0.242473025655404 0.134579016493585 0.0498776721417695 0.0588667876435426 0.117807635152208 0.118781134339858 -0.000578473862833344 0.015988766480568 0.148878994932092 0.121463504952195 0.11280029978078 0.198863356048794 0.244302592324928 0.248604407882167 0.156935411892708 0.123873162102038 0.104286433679171 0.0820867266172554 0.0799057912508068 0.108197633828796 0.136143949614526 0.0644898374198848
-9999 -9999 -9999 -9999 -9999 -9999 -9999 -9999 -9999 -9999 -9999 -9999 0.33083431719172 0.172089738776716 0.121020062978471 -9999 0.126808990026315 0.180199021328276 0.229142831905569 0.244505546471327 0.20527705476744 0.186529231001718 0.119061541200068 0.109715784627005 0.162111282333499 0.201497193405696 0.228495892326471 0.171822000955267 0.0948815722239028 -0.00495423835853375 0.0984967450326605 0.0838077747464078 0.0185266591949026 0.0321663177969667 0.0589431771226931 0.096879109836056 0.142631487150276 0.156969655730762 0.256213728794589 0.301877111564161 0.288992114176473 0.182455710541765 0.0838803130398519 0.0529874176433863 0.0552261085067622 -0.0264760799226366 0.0692888410873664 -0.00760286555511222
-9999 -9999 -9999 -9999 -9999 -9999 -9999 -9999 -9999 -9999 -9999 0.234701916147508 0.231292884937685 0.229649789985378 0.0325708877348553 0.0682039742224749 0.111998177532016 0.117438085462981 0.196439046903817 0.185551491156241 0.120039094616547 0.160024280273303 0.134394114081842 0.176527509963235 0.0490637963896288 0.131069456241013 0.117685925838242 0.128176273938422 0.104359178354171 -0.0292411631315233 -0.0807219980443181 -0.0622211507186034 0.03832413080067 0.0723025135172966 0.122346989065445 0.214332946080622 0.106254193776859 0.227923101316643 0.254595749827551 0.281316808238177 0.286217003532393 0.0860585655907573 0.113882964575205 0.0593626014260491 0.0692646261267709 -0.0148629507733997 -0.0603836215430746 -0.119505225062377
-9999 -9999 -9999 -9999 -9999 -9999 -9999 -9999 -9999 -9999 -9999 -9999 0.15382657820103 0.28117779161848 0.211649732455029 0.00310051068429808 -0.0303324788379195 0.134662404614757 0.186584949609136 0.206076261833015 0.204033223473939 0.16916250436005 0.108646574619035 0.066412996421867 0.0402544760398674 0.0808905567933709 -0.0335994902749416 -0.0118807296683124 -0.0373558065552667 -0.00152114491761413 -0.0822155671493915 -0.0937480898898389 -0.111681138803276 0.072013885552495 0.0245010972677867 0.132837842202257 0.159921851404258 0.228621513278831 0.293778766056205 0.214632784188473 0.282560276378249 0.109739006742307 0.0517161001538346 0.0131658538335624 -0.0701210000731482 -0.0251450111685126 -0.140084966379329 -0.113369513282394
-9999 -9999 -9999 -9999 -9999 -9999 -9999 -9999 -9999 -9999 -9999 -9999 0.169518081681519 0.358427660914734 0.0570466227200065 0.0975389965381251 0.161322177403838 0.17248410522815 0.268095479886369 0.199528702704199 0.127561169359871 0.144169951962123 0.130599154248455 0.069943820710219 0.0593895205814846 0.0474547219853908 -0.000493585015918721 -0.083263520580054 -0.0459016844308782 -0.102991790571179 -0.0959056963026771 -0.0948713307564255 -0.163022363642675 -0.0931195919619771 0.0315123542930828 0.0805474901539901 0.131174925561935 0.228038534412721 0.26501495244967 0.145574669047221 0.23697424519387 0.216849623992634 0.160933181226144 0.129902709420482 -0.0530426693162953 -0.0956083459683514 -0.182355055450788 -0.219042599867702
-9999 -9999 -9999 -9999 -9999 -9999 -9999 -9999 -9999 -9999 -9999 -9999 0.425126483535055 0.28489936946923 0.0952647685598852 0.0840024304145456 0.197028150004504 0.153971788828999 0.168320379398481 0.165220941605261 0.0894763374762641 0.106027017400715 0.0838800338818336 0.0828212877427374 0.0997375534260203 0.0357705968918798 -0.0943330630977 -0.0647551055529419 -0.102809249708464 -0.104444008005559 -0.077099821510208 -0.181701376654889 -0.157191793637901 -0.14117539552869 -0.113481883594896 0.0655318126368889 0.235344352573298 0.131142677833377 0.208921475808965 0.22386413906101 0.206257176871548 0.212549447976462 0.112330581812706 0.137793677400985 -0.0909286394790602 -0.0982292639212035 -0.163918342748824 -0.0910089621121539
-9999 -9999 -9999 -9999 -9999 -9999 -9999 -9999 -9999 -9999 -9999 -9999 0.288594171754729 0.19077059441742 0.116254915716438 0.101897115090385 0.0668170186626593 0.132695963372546 0.20782984511208 0.147317854003351 0.156316135481349 0.160055979041018 0.103667126459676 0.104389504075458 0.0819090345867549 0.0702124254019748 0.0815927639896813 -0.0308327382014821 -0.108636077377965 -0.0668500031617886 -0.0736370356264585 -0.161660981769629 0.0751313085688362 0.270223895760414 -0.138874228130533 0.306421506436396 0.382370877353403 0.333639783712641 0.271727817118687 0.294064096240531 0.168310127101578 0.128715865350009 0.142900156141172 0.140784619104772 -0.12135764396681 0.0354292168751602 0.0433022165840229 0.0950249786767456
-9999 -9999 -9999 -9999 -9999 -9999 -9999 -9999 -9999 -9999 -9999 -9999 -9999 0.132940099785013 0.161851489542423 0.137986164079817 0.114779766446477 0.115716287329744 0.132786234491867 0.0853699299155 0.16277075800417 0.106117535181883 0.0192158136692295 0.0496149839030696 0.133828150007236 0.121888105967837 -0.000853741154676269 0.0350644073339116 -0.0852850134713215 -0.0726474578902728 -0.144804940680718 -0.0654837896890034 0.0682295310015017 0.286761762968279 0.305369363360372 0.284381799709139 0.313507795934351 0.373828109354078 0.340083043243833 0.285297847949315 0.170770880457432 0.217433162126839 0.165536701376459 0.173952468482994 0.263767620949913 0.265777540907799 0.312982276098862 0.224923623626479
-9999 -9999 -9999 -9999 -9999 -9999 -9999 -9999 -9999 -9999 -9999 -9999 -9999 0.132464906778225 0.163740502332284 0.123035587363156 0.0969669497180233 0.0629132090833052 0.0830723741476244 0.0691954653824134 0.163341562510956 0.1480930586088 0.135343011708426 0.143540319447537 0.211023322040075 0.168126074075028 0.0717632349436983 -0.0192808073900014 -0.0126681273023843 -0.0110221084284826 -0.0398638523463001 0.173365932219337 0.253666009944922 0.276019038741209 0.347526752308523 0.375165610141406 0.317372482127122 0.34488653932267 0.322683976608021 0.270793483113244 0.306349697628421 0.278988053506783 0.22738937117736 0.191477383596901 0.218067802618409 0.290758965675166 0.307434900324782 0.273407220261946
