data/rasters/s7.17.08.cu.2_xyz_08_.asc
NCOLS 100 
NROWS 100 
XLLCORNER -4 
YLLCORNER -4 
CELLSIZE 0.08 
NODATA_value -9999 
[rows 44 to 65 of 100, columns 49 to 97 of 100]
-0.392123755592248 -0.333135981020729 -0.127081911167804 -0.126081382868872 -0.0995729645705229 0.0691849039889429 0.0187247108719884 0.0358402710824003 0.106281917546501 -0.235189917664499 -0.0454413391236308 -0.139054705496133 -0.219179693427964 -0.163838337990423 -0.117699082710433 -0.0164986062140407 0.0256796828814475 0.0825386870944742 0.152866952737634 0.253056701152004 0.411292679327337 -9999 0.488837898630798 -9999 0.401556008544805 0.250264247540023 0.258085173001895 0.229086375988938 -9999 -0.259271607727111 -0.239785431488893 -0.237967120347632 -9999 -9999 -9999 -0.272540391798208 -0.0474741285296048 -0.00883985673229146 0.0590873346463079 -9999 -9999 -9999 -9999 -9999 -9999 -9999 -9999 -9999 -9999
-0.324236250619266 -0.175589970183384 -0.0444566501037843 0.063167427662462 -9999 0.0393180661124296 -0.00388513004862333 -0.0544775284625924 -0.120097533786302 -0.0669739684319842 -0.218092871572216 -0.218119722620414 -0.0788995050361957 -0.120613233022263 -0.126653131916601 -0.0846930236324755 0.0735347819311262 0.139479436336909 0.308600164454108 0.380895928666491 0.428674341152936 0.513080720685569 0.430035354822892 -9999 0.26324067077647 0.164579956059922 0.270073809161673 0.166803052811606 0.165452559270392 0.185869275252075 -9999 0.444302196304594 -9999 0.134401599473658 -9999 0.199217940837831 -0.0130354257216873 0.0134597646749063 0.175178734821732 0.200743722784286 -9999 -9999 -9999 -9999 -9999 -9999 -9999 -9999 -9999
-0.236197503481993 -0.144385187747825 -0.0640989479112215 -9999 -9999 -9999 -9999 -0.0423013544934875 -0.0659196918909764 -0.0953727825639529 -0.106400342908935 -0.191026044980535 -0.17835290357297 -0.145838908944901 -0.149057311373891 -0.0844657816126642 0.129082665029556 0.0439517591923317 0.340906126214732 0.336334534693325 0.418605999944787 0.408013034708775 0.368675079962987 0.329755031655454 0.217946906164427 0.117410188038902 0.133908720027537 0.105999098419827 0.203080869395049 0.149510874847714 0.185099050965376 0.360960696807458 0.171203943197936 0.170938341370157 0.21992457898625 0.119484838655809 0.247853020364558 0.0705915452203804 -9999 0.197119298884782 -9999 -9999 -9999 -9999 -9999 -9999 -9999 -9999 -9999
-0.322725976426604 -0.119052957959882 0.0331255815461659 0.172849050909764 0.196704653729915 0.104725958684611 0.0670474068811609 -0.0627259336643142 -0.0708218494714568 -0.100861939244025 -0.0761228873511804 -0.155153618280802 -0.165237958297381 -0.0900230394371833 0.00042224015220561 -0.0220779323867665 0.00157981072658622 0.0292583439209248 0.0578905357527153 0.263505329487859 0.341410433299418 0.307803293998086 0.398093629202435 0.500243268526974 0.2352583978696 0.288048250573383 0.164156926727591 0.142526359918834 0.176138136937747 0.208947727386586 0.18432692942008 0.138412096692849 0.152857110159462 0.0623924251316737 -9999 0.123967249442508 0.281036661547833 -9999 0.11911128214703 0.088054814996768 -9999 -9999 -9999 -9999 -9999 -9999 -9999 -9999 -9999
-0.181153906829638 -0.0977467963095959 -0.035719421147061 0.0897932814418969 0.177188143425957 0.112226697822204 0.0262176969679649 -0.0381134666791195 -0.202329590845051 -0.0830319808434523 -0.0925093981338683 -0.0370536881929435 -0.0406624550195266 -0.0266484002570666 -0.0334051522493844 -0.100495285475336 -0.0236595846325419 -0.00534338649226357 -0.00732778145667265 0.231943335532315 0.172311167479796 0.191665883824258 0.160833143011053 0.14770934049247 0.133652666747282 0.142899050046391 0.136699881370212 0.139038633474682 0.197149203893622 0.201438951847744 0.246246453080115 -9999 -9999 -9999 0.351478788117856 0.274722430548733 0.286519536589324 0.131583627172524 0.0763557822602326 0.0806865867192583 -9999 -9999 -9999 -9999 -9999 -9999 -9999 -9999 -9999
-0.140748289658911 -0.0672048696239939 -0.0346850905723863 0.012744583457951 -0.0194908770919741 0.00905846559355735 -0.0826437163602801 -0.139892546178711 -0.142089769831695 -0.127191608646761 -9999 -9999 -0.0178703733474166 0.0207293892237533 0.0514978391263595 0.123949226549509 0.0163343935624803 -0.0523652472279042 -0.0344907790725208 -0.0288731297192284 0.0561693687674576 0.033852211051508 0.136247715122973 0.126264312408177 0.0405477962390975 0.109562221969736 0.216163436527957 0.28711264433054 0.261523003268414 0.191454732390414 0.321046857272837 0.351048724970119 0.0796691041026693 0.276524199165425 0.329396667651921 0.235877336023331 0.118411402962342 0.0926654103871026 0.0374547828790717 0.00823394158388544 -9999 -9999 -9999 -9999 -9999 -9999 -9999 -9999 -9999
0.0233099568910397 0.0367008519051484 0.0170208947703699 -0.0312716530167574 -0.0654538351619435 -0.0532564753498322 -0.150483411426764 -0.202832229570951 -0.192393101135478 -0.16009571146002 -0.0715261406171562 -0.0187347962402379 0.0892935278484412 0.0242939824670764 0.0158406216935738 0.0690671296330583 0.0323736229078313 -0.076562646051132 0.0448623643548671 -0.0298991290751178 -0.0654752044391326 -0.0364756959987716 0.102925972976989 0.214864897761846 -9999 -9999 -9999 0.19693252597025 0.29054870609964 0.22627762359415 0.239130573946866 0.205751003163096 0.135174476158719 0.222812423480442 0.28299835156632 0.100898679635516 0.132424038311514 0.0515866182561778 0.0414495906842985 -0.0815296039922116 -9999 -9999 -9999 -9999 -9999 -9999 -9999 -9999 -9999
-0.0967421033788553 -0.0416530032624317 -0.000228649939040582 -0.111977015024869 -0.1268160063019 -0.145847571420151 -0.115593641934046 -0.0778791649029868 -0.242295452912013 -0.204480147095227 -0.0366593572415859 0.00138833002242334 -0.00381668646881104 -0.029577695998737 0.00339896494108582 0.124699454535376 0.0786982885364713 0.00417234133869888 -0.113927330769461 -0.0834295175133125 -0.0734372637032315 -0.0717818096732657 0.0642699549506266 0.156304462342323 0.196428770560182 -9999 -9999 0.26520009173846 0.241711198381222 0.239840029050088 0.266562091858894 0.228131785656938 0.22508990538621 0.246844711049115 0.24096289773056 0.296937121895449 0.185304592062197 0.0937294986750951 -0.00597753921266782 -0.0672133575114695 -9999 -9999 -9999 -9999 -9999 -9999 -9999 -9999 -9999
-0.11913992125154 -0.0541970294711533 0.0799478871331201 -0.097189339258857 -0.176331187888671 -0.140020772456101 -0.133431673751533 -0.163462926774406 -0.268849262778584 -0.256228762297754 -9999 -0.0617799636819128 -0.0538419163831583 -0.0192445521712364 -0.0495508159968861 -0.0692743114629355 -0.125783691417858 -0.109908278540874 -0.111466502860416 -0.0450927858201912 -0.0701205281540957 -0.012041084100085 0.0364303644856249 0.0974376347684989 -9999 -9999 -9999 -9999 0.216860686565826 0.241828286894107 0.163345963572893 0.21585054534367 0.289951914896412 0.184513967816759 0.182865879644386 0.20044067393158 0.148792600749711 0.0408987310811982 -0.0416724966704223 -0.0120018589072778 -9999 -9999 -9999 -9999 -9999 -9999 -9999 -9999 -9999
-0.138495007923323 -0.186958263211535 -0.184302861750767 -0.117453861257643 -0.18172398171625 -0.196315604900329 -0.264235062830558 -0.196103909406347 -0.194737860451366 -0.299933643122411 -0.259927917532182 -0.166119194067354 0.0784476148304832 0.177402162505015 -0.0663117326311807 -0.0843727513308889 -0.131120330005088 -0.161529513811355 -0.172810866372113 -0.0992689724006362 -0.111255053324476 -9999 -9999 -9999 -9999 0.200984566700514 0.176811756264552 0.137591659233024 0.100291102574785 0.238963065590912 0.274859018761742 0.269442354305821 0.231461513831912 -9999 0.184550356034785 0.114679677422111 0.146672400652901 0.134735647311724 0.00387321729445999 0.0605411879552868 -9999 -9999 -9999 -9999 -9999 -9999 -9999 -9999 -9999
-0.233069885487437 -0.243514424722344 -0.258621435724175 -0.186695176926629 -0.1376351864459 -0.20400462870246 -0.240081374698546 -0.246803258557168 -0.260382151839804 -0.230857171848146 -0.235598137557901 -0.148216758055448 -0.0295980132451349 -0.027850672658833 -0.0305207745693671 -0.0118366099433459 -0.0712402084647732 -0.0977991447663993 -0.130343103854666 -0.119093677548943 -0.0291158809115035 0.181876076783252 0.276088760819097 0.333641097913298 0.273695530627368 0.22801779772839 0.257811383562643 0.238049943075923 0.287681628425062 0.188811795499916 0.359284707819852 0.36099273208495 -9999 -9999 -9999 0.158873438518025 0.188575141892313 0.132513870969339 0.088274211579003 0.0921527080175542 -9999 -9999 -9999 -9999 -9999 -9999 -9999 -9999 -9999
-0.194118178303032 -0.204231118891584 -0.19183065789562 -0.144300103317337 -0.122282193970212 -0.103092408458402 -0.208409216096908 -0.22536756259404 -0.149775100734208 -0.229922966799322 -0.128803441758751 -0.0610104809990385 0.0159875256312842 0.0152782947327605 0.00517885184407125 0.0466288905531787 -0.0180307683040039 -0.0714296461498827 -0.0356400739299025 -0.00851301253640908 0.0393445720286304 0.155229174501213 0.223556748504368 0.258918660489196 0.320117147615674 0.29427149949262 0.194890183633108 0.105112050501064 0.187756705859747 0.179260637358492 -9999 -9999 0.176723579526731 0.362360796371459 0.360880290577503 0.305183757010231 0.196603316662189 -9999 0.108233767600655 0.0934318477981675 -9999 -9999 -9999 -9999 -9999 -9999 -9999 -9999 -9999
-0.176360159815977 -0.142699204281362 -0.0796182488099277 -0.149022321406055 -0.160610432140758 -0.127474797500098 -0.154569890595496 -0.120172675666378 -0.198761334831622 -0.18143517950095 -0.101986424449077 0.0279310997811169 0.0302125591075678 0.0754070495986914 0.080201960957494 0.0425608070777847 0.0771803228890217 0.0844362691999094 0.104986744737008 0.160240603534371 0.183043956122264 0.198177845391245 0.296653874910508 0.305224062913336 0.307236718681255 0.259270066215999 0.185889120598275 0.187866171420569 0.117871678013248 0.103240170598534 -9999 -9999 0.174314157386604 0.231467534585227 -9999 -9999 -9999 0.137057079805734 0.131667950650286 0.0638836332364952 -9999 -9999 -9999 -9999 -9999 -9999 -9999 -9999 -9999
-0.174708087646766 -0.192816341422001 -0.0474695386174901 -0.0423099875651558 -0.109654930617421 0.114914062019958 -0.0365202589407115 -0.0844677876263946 -0.104797581079667 -0.0898873042721172 -0.110903855762458 0.0375482659959744 0.0241334889005413 0.105817972019797 0.0807679806403695 0.0120134001790441 0.175196238410054 0.1743049789882 0.130465564871592 0.12430594882839 0.222995591058524 0.311165425316589 0.369312643990965 0.382579219554072 0.449130683142519 0.222763581485675 0.171959709261178 -9999 0.115531281807158 -9999 -9999 -9999 0.185169562717491 0.281101511321421 -9999 0.124860726532845 0.110375369439635 0.0190084433525268 0.0185049455741796 -9999 -9999 -9999 -9999 -9999 -9999 -9999 -9999 -9999 -9999
-0.102144943575599 -0.0748778956617966 -0.0921319454596863 -0.0855165511644312 -0.0954524609133125 0.214354465651497 0.043216217570396 -0.0752672865455963 -0.0655170358989112 -0.0203979589572287 0.00724815848896571 0.0436793852605418 -0.0521293316614209 -0.00518501332654704 -0.0514852013761072 -9999 0.162878479502476 0.187448865480039 0.142827246140576 0.236040200317407 0.205682966320484 0.287023865976323 0.212839493633495 0.567238795418383 -9999 0.261022678120739 0.238604297076909 0.130863266199535 0.118107433609759 -9999 0.182991881437804 0.238197058611942 -9999 0.154973031111807 0.15516603467636 0.261478114596151 0.103373288829899 -0.064880877637234 -0.100295745918632 -9999 -9999 -9999 -9999 -9999 -9999 -9999 -9999 -9999 -9999
-0.111403103882709 -0.0574061806406597 -0.0434360505677088 0.032825350101746 0.0806458254392403 0.197175555686599 -0.0538771636570401 -0.0754821248527782 0.0307300516074387 0.00596787695720417 -0.0565156450633139 0.0466562297865721 -0.0681556399106931 -0.0492839630638616 0.0215621141498634 0.103691236013626 0.166973933265548 0.177374330001691 0.137131271760341 0.170889649754366 0.221087423050637 0.229891072687105 0.363495368295403 0.216480855044474 0.314929488907208 0.232027193158398 0.205356719547887 0.0932668544418871 0.117805449667946 0.143327156643629 0.172314860998644 -9999 0.098338739234823 0.0773058230374433 0.0305828757965066 -0.0745471933975316 -0.127325676631908 -0.100205140710785 -0.0469447789886772 -9999 -9999 -9999 -9999 -9999 -9999 -9999 -9999 -9999 -9999
-0.123142298164613 -0.119954809090709 -0.0615341188001508 -9999 0.0599565528504976 -0.0193438559510079 0.0738898341931261 -0.0195605281864104 -0.0813039918936234 -0.109451944598453 -0.112183807585595 -0.136560851157121 0.0251632427141749 0.0271704855555161 0.0702620202591893 0.165958245570503 0.157188287599592 0.112458044981401 0.111657345736441 0.0560836358314396 0.130366651850794 -0.0061629204397157 0.15404309891048 0.22133961880375 0.14267681161938 0.133289406881749 0.19056627693485 0.106792419733942 0.0505365041069502 0.0203642389359125 0.0395154404057703 -9999 0.0910996603010045 0.0826443003836946 -0.0962139881761757 -0.0243582502964972 -0.22962129925766 -0.193056648471806 -0.140577265780293 -9999 -9999 -9999 -9999 -9999 -9999 -9999 -9999 -9999 -9999
0.112802245722664 0.174570779581834 0.162259785132466 0.146008780779948 0.0844701639913315 0.114501309869813 0.0525577221149639 -0.0407140550152418 -0.114782028789816 -0.116480228196865 -0.237926134159139 -0.179762599677065 -0.0634404443675416 0.00486556266388487 0.173261720513156 0.217081717253349 0.161978987937154 0.0675238744313542 0.0713120685955465 0.114452828736675 -0.0133142974988605 -0.0199245026184695 -9999 -9999 0.0387689594739793 -0.0216422795002783 -0.00995013573242057 -0.0323646522465358 0.000861329270888096 -0.0185759143345387 -0.00280156817489198 -9999 -9999 -0.0847109941176063 -0.0242117680266027 -0.183038886540322 -0.190979135331387 -0.173774216224362 -9999 -9999 -9999 -9999 -9999 -9999 -9999 -9999 -9999 -9999 -9999
0.18289863633912 0.270171699612651 0.232009661114494 0.251769251381386 0.177542803588251 0.0574014756451608 0.0374979775913075 -0.153819398045367 -0.169062889027739 -0.163962185435028 -0.147426081874224 -0.191799569706699 -0.132605949064746 -0.0321772586995339 0.211851427991869 0.203629523878773 0.154145416841028 0.0831035004888321 0.110707535245573 0.0556758191034185 -0.0155218072574736 -0.0225997385650433 0.0289987192217322 -9999 0.134574260526883 0.149146513695732 0.080708299000179 -0.0577581208640766 -9999 0.0105216721398928 -9999 -9999 -9999 -0.123331112063158 -0.171515814894119 -0.200273333665763 -0.222085077276948 -0.187604886547363 -9999 -9999 -9999 -9999 -9999 -9999 -9999 -9999 -9999 -9999 -9999
0.219335933735634 0.286094785283926 0.316052075984379 0.349312730073488 0.188405279294207 -0.0115342328957941 -0.0957405252121913 -0.0393274642513166 -0.124579001997568 -0.146452396858545 -0.243522672885396 -0.231257053194283 -0.153990001007574 0.0889237266655833 0.102085085442415 0.155387735684727 0.175084698961858 0.10450842014369 0.089944607942221 0.104283540888384 0.0374601781824972 -0.0126089480757758 -0.0606622840707156 -0.00239420481820659 0.0284511028332967 0.0110465853650764 -0.0580905238764156 -0.0316090501756205 -0.0206660250610159 0.011832695064691 -9999 -9999 -9999 0.148314203352551 0.0133178984003934 -0.126879033449091 -0.213932556746619 -0.216580993290018 -9999 -9999 -9999 -9999 -9999 -9999 -9999 -9999 -9999 -9999 -9999
-9999 -9999 0.254752954962592 0.233436158633168 0.251749622960908 0.306338829524815 -0.145007191697375 -0.144502557763731 -0.110186859569648 -0.111417964176033 -0.183135117881557 -0.175347706899073 -0.127165241199276 0.0740203741431586 -0.0490654684485277 0.207970946508833 0.100294854580183 0.143944602497789 0.142196700739745 0.0763501067474828 0.0134979327928757 -0.0456517501242008 -0.0445561158380375 -0.119982136372862 -0.163973930919127 -0.25744749702632 -0.285908654402315 -9999 -0.0204247535141087 -0.010787223944186 -9999 -9999 0.16077710393987 0.0448015718683242 0.073496669643224 -0.0735602671905165 -0.156538504602284 -9999 -9999 -9999 -9999 -9999 -9999 -9999 -9999 -9999 -9999 -9999 -9999
-9999 -9999 0.208350506485522 0.211119569514914 0.265899559611187 0.19038766101579 0.0866459190642899 -0.0160000153031018 -0.0586786922634197 -0.049518827597871 -0.105570194154456 -0.0548338673082826 -0.0171558728604852 -0.0699019176317014 0.173954268331866 0.22058924863956 0.235855152051788 -9999 0.331354350262035 0.0378015244173703 -0.0320889776054836 -0.0954202948018323 -0.15096959311352 -0.209069467821957 -0.237018414154271 -0.22641280449766 -0.248421026168938 0.0303418557634262 -0.0803433510059956 -0.00802770834621831 -0.0289806441518174 -9999 -9999 0.163983649626433 0.0822366914779492 -0.0960353264273945 -0.210920447448227 -9999 -9999 -9999 -9999 -9999 -9999 -9999 -9999 -9999 -9999 -9999 -9999
