data/rasters/s7.17.08.li.1_xyz_08_.asc
NCOLS 100 
NROWS 100 
XLLCORNER -4 
YLLCORNER -4 
CELLSIZE 0.08 
NODATA_value -9999 
[rows 22 to 43 of 100, columns 49 to 97 of 100]
-0.0900604336345678 -0.0882637613532429 -0.0967374514655336 -0.0464590891283898 -0.00139994170782885 0.0882040369078328 0.0651483628505781 0.0643014356185183 -0.0991201067440907 -0.114224421258507 0.119829241911065 0.0144079942137461 0.0344488621210384 0.0230454944785992 0.106735869781866 0.00181616701359112 0.155650890920205 0.00432951224023895 -0.0831850189983726 -0.118854256591327 -9999 -0.0919480473132833 -0.0801154652705238 -0.0594330244156172 -0.136110277200725 -0.144818027381003 -0.179282602204229 -0.13919536821239 -0.263320536673614 -9999 -9999 -9999 -9999 -9999 -9999 -9999 -9999 -9999 -9999 -9999 -9999 -9999 -9999 -9999 -9999 -9999 -9999 -9999 -9999
-0.152928349219769 -0.0603707223981691 -0.127904257876947 -0.012493343199252 -0.0228326070114575 0.0977520097727894 0.0351532954605384 0.0442409117638933 0.02518431362754 -0.00348455471679903 0.0658804528019383 0.0300302748357303 0.0402821554510947 0.0699073386926751 0.0561013942348248 0.0453539726411352 0.161807523537373 -0.0586044338299411 -0.0962156023076678 -0.0766088780410414 -9999 0.035001973886367 0.010785747819317 -0.0122458402836963 -0.0577576350241269 -0.132276392191645 -0.161937668980846 -0.0239318131380428 -0.246350536811842 -0.205685930211732 -9999 -9999 -9999 -9999 -9999 -9999 -9999 -9999 -9999 -9999 -9999 -9999 -9999 -9999 -9999 -9999 -9999 -9999 -9999
-0.12978914834877 -0.103433384419196 -9999 -0.0196873055897198 -0.0272297962795714 0.0720026660064828 -9999 -9999 -9999 -9999 0.0353106398707676 -0.0995120218490784 -0.0210015675422715 -0.0114796089305813 -0.019344061099677 -0.0268234647015784 0.113597685867613 0.0931499540949242 -0.0136864298126827 -9999 -9999 0.0696613372798685 0.0110778188006112 0.030490378132261 -0.104619915126631 -0.150705147288426 -0.0960634421551847 -0.0894688086409837 -0.105087711299237 -0.0839586147842671 -9999 -9999 -9999 -9999 -9999 -9999 -9999 -9999 -9999 -9999 -9999 -9999 -9999 -9999 -9999 -9999 -9999 -9999 -9999
-0.0365209518029534 -0.00829886431148185 -0.122832934926945 -0.0494256884864278 -0.0825800016700485 -9999 -9999 -9999 0.0222994581992447 -0.0101180950936573 0.0350443015527751 -0.0712392833089413 -0.0765183529535831 -0.0467289533525394 -0.100302784162106 -0.12910073299928 0.213919337173989 -0.0335962547400345 0.010186448688966 0.0810780341168865 0.157177237159794 -0.0177598386520831 -0.0345320059876176 -0.0688650058569892 -0.140123842464214 -9999 -0.0961849453498992 -0.0575342382256647 -0.0102674838004974 -0.0896498184746395 -0.172182775540995 -9999 -9999 -9999 -9999 -9999 -9999 -9999 -9999 -9999 -9999 -9999 -9999 -9999 -9999 -9999 -9999 -9999 -9999
0.0600011074097695 -0.0237920476438741 -0.0573004141614917 -0.0340903861918013 -9999 0.0636398138813769 -9999 -9999 -0.0436944683126253 -0.0817611446250956 -0.0190586571594715 -0.0812705758156671 -0.142831342652906 -0.151003350086741 -0.173980905227812 -0.158394450602573 -0.144983354030942 -0.00660230209882702 -0.0705600154621482 -0.00905910155707744 0.00311965368647108 -9999 -0.00447403998146306 0.0248749441532894 -0.123808140814591 -9999 -0.0680293251643166 -0.0332826557433624 -0.102985378336305 -0.112750455274358 -0.132879892690649 -0.175454667860078 -9999 -9999 -9999 -9999 -9999 -9999 -9999 -9999 -9999 -9999 -9999 -9999 -9999 -9999 -9999 -9999 -9999
0.0490535172302811 0.064685373805413 -0.0360720125677008 -9999 0.0110116115290876 -0.0310305844467114 -0.0152275634565433 -0.00773635123833937 -0.0618005357259869 -0.00263911949890271 0.0533034616662879 0.05841907027357 -0.0787211877871043 -0.0418153207494419 -0.126644488792482 -0.176470795113255 -9999 0.0369522298924077 -0.128829747292739 -0.0238747202523045 0.0369495104362234 0.0494324350728157 -0.00267861252932992 -0.00625727456749628 -0.115905207390737 -0.0308154712722917 0.00399687440249137 -0.0909038369198429 -0.183386212824734 -0.172198669705485 -0.0894522164882816 -0.0833031651080893 -0.0595775706777533 -9999 -9999 -9999 -9999 -9999 -9999 -9999 -9999 -9999 -9999 -9999 -9999 -9999 -9999 -9999 -9999
0.0625198647981653 0.0251383823787175 0.00276085364622811 -0.0626675181582538 -0.00762010660690446 -0.0384730139813496 -0.038353296963307 -0.0271021932894116 0.00311956268599995 -0.0249089682878732 0.00133063044149434 0.0561461339320091 -0.105800881570173 -0.0537344445138633 -0.173312366432591 -0.135258436099852 -0.150063234273869 -0.090911855700167 0.0232969957456467 0.00758603443397905 0.0336203150490105 0.0490961697559231 0.049849948632486 0.114769233316334 -0.0859012792027837 -0.0437871440540012 -9999 -9999 -0.171368493869428 -0.142018150978724 -0.113124006558656 -0.0686507008681235 -0.0934584685779445 -0.317631702687856 -9999 -9999 -9999 -9999 -9999 -9999 -9999 -9999 -9999 -9999 -9999 -9999 -9999 -9999 -9999
-9999 -0.0237652430475801 -0.0010764171441748 -0.0328506634147482 0.0158776096097059 0.00582183378644504 -5.79964082089766e-05 0.0204381869536227 0.00264515045564559 -0.0487982993331639 -0.0629337369937394 -0.0364046582166091 -9999 -0.0193967914791487 -0.169055229900571 -0.125243953866105 -0.0327730269853062 -0.195992312109474 -0.0120613033602343 0.0529206457744584 0.0044909357461829 -0.0352559524552046 0.0402807083144043 -0.0351935133972314 -0.045363504117623 0.0668365913822373 -9999 -9999 -0.105854930069748 -0.165860818406137 -0.298728959975406 -0.156463236680905 -0.200331477471585 -0.183673814893827 -9999 -9999 -9999 -9999 -9999 -9999 -9999 -9999 -9999 -9999 -9999 -9999 -9999 -9999 -9999
0.110444770163291 0.106197423583619 0.100172288253831 0.0584074184034508 0.0399614149370579 0.0374022190023319 0.0411307741449962 0.0411685886531885 -0.0112038614399717 -0.0301320073818239 -0.0283823553317772 0.00249588206322401 0.0102755261723749 -0.0573502789894132 -0.0345861478621713 -0.114995763409974 -0.12954736497482 -0.137752395100385 -0.035288777760561 0.0469210884833758 0.00295219530875195 -0.0423290438841181 -0.106783058550777 -0.12488408114509 -0.0320693709116661 0.173322772857371 -9999 -0.203311386743714 -0.227618418442735 -0.257067095107508 -0.396943409594456 -0.217572848913499 -0.233584294651572 -0.177371202257973 -0.291010637727025 -9999 -9999 -9999 -9999 -9999 -9999 -9999 -9999 -9999 -9999 -9999 -9999 -9999 -9999
0.16299071077418 0.200770038089536 0.198377328062734 0.0620024319278888 0.0398710024567986 0.0199207652739669 -9999 0.160967400069903 0.0689286071269978 0.0439661319732348 0.0383048375062176 0.0112604657612496 -0.0604269569235057 -0.0594404262471734 -0.0604313523557889 -0.0566676608411292 -0.0912357376235767 0.00438746049109596 -0.0121597555822404 0.0623015347106664 0.00190379689001945 -0.0860722594710731 -0.184196705703893 -0.0855628255379788 -0.238595129304288 -0.226766891727845 -9999 -0.24948253598452 -0.272119899295662 -0.410004856112271 -0.293490455852669 -0.216365654919297 -0.313116639827037 -0.381002970256271 -0.312939863741798 -0.182881795945425 -9999 -9999 -9999 -9999 -9999 -9999 -9999 -9999 -9999 -9999 -9999 -9999 -9999
0.177264325910644 0.200724935888968 0.122066903350113 0.0332475789146173 0.108542184467932 0.106026533669728 0.173304268534262 -9999 0.130805974184336 0.0957232465551 0.0370068629006132 0.0436085660371955 -0.0413152339877198 -0.125753536825519 -0.0164669561316849 -0.0021696221742923 -0.0359176807933366 0.0241943750395751 0.0215334272947173 -0.214672047846166 -0.184430114713522 -0.147261510523466 -0.135624846957979 -0.216274856620136 -0.250885123181317 -0.292180423076182 -0.140241340252667 -0.215143197998985 -0.291375442410819 -0.268639621800346 -0.339866508113928 -0.284358039994283 -0.254416989426893 -0.335401329459792 -0.362723401474235 -0.253887549991065 -9999 -9999 -9999 -9999 -9999 -9999 -9999 -9999 -9999 -9999 -9999 -9999 -9999
0.183752832547397 0.179834173074407 0.185381579614275 0.113202466086623 0.0976647458762657 0.173721176601726 0.155295131089293 0.0571248200348757 0.244668851297062 0.0851066097791523 0.0239535971309467 0.062586453052665 -0.00778573229494641 -0.0144838157429474 -0.011810887957459 -0.0698734618966294 -0.0230889514053166 -0.00497185693660915 -9999 -0.051908405759264 -0.0191461752041057 -0.114578142668703 -0.139723997868844 -0.18209022497333 -0.238813306592122 -0.123818519471732 -0.193157270538954 -0.238221475715919 -0.256589677751528 -0.342851298418093 -0.305969519501123 -0.319498705893339 -0.267865079341766 -0.310130045996171 -0.341560334388126 -0.413223980464485 -0.3610753024884 -9999 -9999 -9999 -9999 -9999 -9999 -9999 -9999 -9999 -9999 -9999 -9999
0.284157799042609 0.23155824435134 0.225865249834208 0.0960225785633192 0.0812113507650776 0.162838527993036 0.165702840511227 0.0767304575136096 -0.0088708312734837 -9999 -0.0911581205987916 -0.0659177552682688 -0.0283149400727414 0.0139172355773762 0.0216528901819435 -0.0535195124270843 0.0172166219256555 -0.0406169793413985 -0.0795534699282301 0.116921296526156 0.0959902502750236 0.158772275114901 -9999 -0.166914728060043 -9999 -0.109885227874229 -0.225898836140827 -0.332777184518224 -0.262640147719754 -0.244030948057844 -0.25478553401716 -0.257898763656542 -0.253667366725509 -0.334377114361268 -0.271215019280416 -0.384410151828484 -9999 -9999 -9999 -9999 -9999 -9999 -9999 -9999 -9999 -9999 -9999 -9999 -9999
0.225432639866832 0.181088035430178 0.175844441957453 0.157527654291255 0.0158301094048684 0.00378536987840143 0.0425124294489106 -0.149774145545093 0.0135442847460348 -9999 -0.0731781231755862 -0.068651301168353 -0.0556478512471474 0.000739663552048251 -0.0212366074724839 -9999 -0.00324289491543754 -0.0314317505533728 0.0271118694543741 0.0507645827263233 0.191253310631304 0.206921086878237 -9999 -9999 -9999 -9999 -9999 -0.265973463353277 -0.230165777980181 -0.167107085818919 -0.12678785122518 -0.335734750160848 -0.281787943938699 -9999 -0.320682749450553 -0.40974582396218 -0.406294750442109 -9999 -9999 -9999 -9999 -9999 -9999 -9999 -9999 -9999 -9999 -9999 -9999
-9999 -0.0155343229055622 -0.0135560477818828 0.0472036328067029 0.0519213982838854 -0.0368982604494919 -0.0388496137130417 -0.0178858123267714 0.00571493606971302 -0.0732885251869693 -0.102267516026684 -0.0536729047629816 0.00760705069605021 0.00639876658004682 0.0066687519561576 0.0389689300929788 -9999 -0.0549316230946855 -0.0267002831924588 -9999 -9999 -0.003516177699146 -9999 -9999 -9999 -9999 -0.137690941858903 -0.174618343844599 -0.262752786157292 -0.26945616520122 -0.239685698193923 -0.340239158655616 -0.313356493697817 -9999 -9999 -0.394180255619082 -0.319940463365127 -0.211418984155571 -9999 -9999 -9999 -9999 -9999 -9999 -9999 -9999 -9999 -9999 -9999
0.149397601028826 -0.0377397427063803 -0.0450762818726354 0.0471499338085572 -0.00121277171199434 -0.1048956341896 0.00126008695208902 0.0607396988110211 0.0193934641953723 0.0124504699330806 0.0348710516970631 -0.0153366646860885 0.0451822236213584 0.00600441033615899 0.0141819021448694 -0.0016972890262243 -9999 -9999 -9999 -9999 -0.0491360410408244 -0.0186573787719653 -0.083370342341165 -0.0392666664127526 -0.0817023749226458 -9999 -0.175972568488459 -0.196186255547605 -0.270225440524602 0.0271543329858889 -0.119625794448527 -0.299332917485123 -9999 -9999 -9999 -0.215612627696877 -0.261801263282425 -0.207970633830387 -9999 -9999 -9999 -9999 -9999 -9999 -9999 -9999 -9999 -9999 -9999
0.0977035477605835 0.0188630209846167 0.00815036797506005 0.0434706422473805 0.0571900283092551 0.0805239210718245 0.0070897066690722 2.33390100146362e-05 -0.0383938642465475 0.0582356488801893 0.0545734047800708 0.0383769341407307 -0.0171137011477941 -0.0462881526171598 0.0348829261586139 0.000412244969317893 -9999 -9999 -9999 -0.106578795687974 -0.0483253714631479 -0.0865467635762668 -0.0619303732107494 -0.0868428641917574 -0.0128737025901311 -9999 -0.172186666766494 -0.163851836079699 -0.0673786485854142 -0.183745570722622 -0.13672017786194 -0.361764166177725 -9999 -9999 -9999 -0.196300162502657 -0.129149164340858 -0.171353962436564 -9999 -9999 -9999 -9999 -9999 -9999 -9999 -9999 -9999 -9999 -9999
0.113415117231227 0.0511945344264973 0.042138962078133 0.017677736394034 0.00575046118578096 -0.0274726440339692 0.0874309785275815 -0.0217212437150372 -0.0422392801029435 -0.0168687027835518 0.0118976865646854 0.00290330065771102 -0.043874908432804 -0.0890036515288661 -9999 -0.0301196159488411 -9999 -9999 -9999 -0.0208259225068073 -0.127397309073062 -0.0784067390138324 -0.0605738240515431 -0.110679037431164 0.0221737316668528 0.0433157307245961 -0.0398989974151874 -0.161023733897091 -0.0232537291515633 -0.145412374359244 -0.255843940324453 -0.174739805776461 -0.177908735312002 -0.142862499209848 -0.12126248425992 -0.146389230258476 0.00862462052571706 -0.127082601225211 -0.152953095134894 -9999 -9999 -9999 -9999 -9999 -9999 -9999 -9999 -9999 -9999
0.129098679953029 0.109958859444239 0.0679737189188883 0.0204324064736117 -0.0331925996320496 0.0138773366327506 0.0765137659618856 0.0260987006404631 -0.0427953202969136 -0.0654287687805273 -0.0259066016786628 0.0245631959175838 0.0392377989171783 -0.0322205249359978 -0.131302118325936 -0.205815291116908 -0.0956325484561645 -9999 0.129295617777142 0.0303287791028459 0.000882260316345676 -0.0434200614402149 0.00485391136600951 -0.0645823166593702 0.00265698359553228 0.0170335236091614 -0.0101142357490519 -0.00992891467162275 0.0489448588897651 0.0683248368888406 -0.109711630916515 -0.035835206395188 -0.208320220603852 -0.131248082373319 -0.106343959619628 0.0640787966815579 -0.09099956028305 -0.133248795360406 -0.131683672541885 -9999 -9999 -9999 -9999 -9999 -9999 -9999 -9999 -9999 -9999
0.163168034819494 0.144757071795382 0.138981218344165 0.109944300772631 0.0456814975507919 -0.030654275314712 0.0230395407496935 0.0102519243164266 -0.0364688252372012 0.0474773933149357 -0.0546178209870181 -0.0354416472711512 -9999 -0.0244808678699635 -0.0338809574956621 -0.137333295027179 -0.0524594321611825 0.169024686263413 0.124893438578233 0.106139501145719 0.0243452907832867 0.0312212846059894 0.038937564110641 0.0416623640767268 0.0390001253284879 0.0372043312501151 0.0171919962026078 0.0545623989207572 0.00831549214529795 -9999 -0.0260248208108195 -9999 -0.0729241474763508 -0.128541981332481 -9999 -0.0197590865464585 -0.0362479831087132 -0.0806077607694888 -0.134570215683459 -9999 -9999 -9999 -9999 -9999 -9999 -9999 -9999 -9999 -9999
0.130041085535541 0.231445561700542 0.152804261091329 0.157714228514283 0.118077842677532 0.0281637661678936 0.0528815398187014 0.0160397607605175 -0.0707680494018294 0.0193560968491525 -9999 -9999 -0.186379046647317 -9999 -0.11732310842049 -0.0991976113006133 -0.0818429946046466 -0.0425126847103442 -0.0870651397210266 -0.0411496084793938 -0.0644702294836549 0.119205859746234 0.096891647858814 0.138837185023414 0.0627681020344363 0.0433439373396414 0.0608522958611286 0.0836014917958281 0.213848680264178 0.194350008509415 -9999 -9999 0.127650399938787 0.0460901249151564 -0.0150713758951081 -9999 -0.04287100307894 -0.0746664768645549 0.0557802282578245 -9999 -9999 -9999 -9999 -9999 -9999 -9999 -9999 -9999 -9999
0.0144539744726868 0.221718544406393 0.257440655557347 0.149401664153061 0.233877892331464 0.162743944438571 0.0843261829806096 0.0450521315758469 0.0107213193962708 -0.0734438583969762 -0.0846840379377084 -0.0228824738838491 -0.117505895741548 -0.100877957667481 -0.0335854272837881 -0.138947943063386 -0.0642327072878272 -0.0951491183708624 -0.0601516509036515 -0.000439271026333551 0.015914925051986 0.02957800930063 0.0724480923215766 0.0978224986327781 0.0797712617784151 0.180794059077546 0.137405345381565 0.151115183199968 0.245667910481915 0.214725354150489 -9999 -9999 0.0484431945324071 0.00639631542373259 0.0155253783530092 0.0136441677875299 -9999 -9999 0.0499518927225996 0.0298051267295839 -9999 -9999 -9999 -9999 -9999 -9999 -9999 -9999 -9999
