data/rasters/s7.17.08.cu.5_xyz_08_.asc
NCOLS 100 
NROWS 100 
XLLCORNER -4 
YLLCORNER -4 
CELLSIZE 0.08 
NODATA_value -9999 
[rows 42 to 62 of 100, columns 0 to 47 of 100]
-9999 -9999 -9999 -9999 -9999 -9999 -9999 -9999 -9999 -9999 -9999 -9999 -0.314862478792676 -0.410848470995645 -0.406485655748173 -0.422830864542021 -0.357306982972623 -0.343504616185551 -0.265626859840812 -0.189414270481179 -0.137660054308197 -0.00732230208381026 0.0369592615793998 -0.0428596628508554 -0.085201319526848 -0.0776981388968925 0.00719714834652448 0.0440355708836143 0.109686129475814 0.134314643941196 0.136045329682166 0.0283562913677428 0.0622557883536814 -0.00898649602278406 -0.048580760121233 0.172578754093096 -0.0142522632841082 -0.0210855185935677 -0.0621571304737513 -0.00254211421606063 0.172604772039224 0.153642391503958 0.205465640101186 0.229960009672173 0.281094913964742 0.254498281450617 0.15938027029305 0.15655728315094
-9999 -9999 -9999 -9999 -9999 -9999 -9999 -9999 -9999 -9999 -9999 -0.255783932974464 -0.299544174011519 -0.327750020158156 -0.323680458338318 -0.304403246670359 -0.289591411227317 -0.33616877732541 -0.271492190667312 -0.218361387326299 -0.134834141653236 -0.0313180756294795 -0.0160600461316885 -0.035810515259899 -0.0625495082139774 -5.50766909762359e-05 0.0111379239636117 0.0201327795723752 0.066390464135908 0.158469565180549 0.150251017898103 0.139221951714704 0.275740550013957 0.00187743352739803 0.124962938684206 0.105546216258541 0.094485358966457 0.0332896415808162 -0.0526137118790302 -0.0298411143201854 0.0392116081795782 0.135526526018651 0.275452228676925 0.315931777489671 0.318991013251784 0.308492376756661 0.275061724659038 -9999
-9999 -9999 -9999 -9999 -9999 -9999 -9999 -9999 -9999 -9999 -9999 -0.129674655085619 -0.148731787076487 -0.185174712698288 -0.277337773480955 -0.297984182155485 -0.266966413751321 -0.228368008479892 -0.230502866654235 -0.194234922971498 -0.168553540839837 -0.0628204108369262 -0.0744190829446773 -0.064981947697829 -0.038097839410079 -0.0227591005734864 -0.0368133066159877 0.120642834317279 0.0919554166167862 0.148444048093359 0.125662903901318 0.165976586171639 0.123954785112435 -9999 0.195239509195302 0.071238392758469 0.076115802921914 0.100526469021672 -0.134917830909585 -0.149487481377846 -0.151130153479507 -0.0471184800224089 0.100109842826729 0.180533431378216 0.311041393383492 0.317213170876276 0.199501702262763 -0.0668531783146666
-9999 -9999 -9999 -9999 -9999 -9999 -9999 -9999 -9999 -9999 -9999 -0.0480660272727085 0.0230218015041965 -0.0446455202073066 -0.222879646451288 -0.277912010148789 -0.251152698356472 -0.239505842581687 -0.191682016340679 -0.192198517428993 -0.126909298296945 -0.140779701904529 -0.136494142314615 -0.0938580611082704 -0.0289182990232385 -0.0272919559350387 0.103076739900286 0.0432355325506078 0.0594637104119388 0.0768809452715909 0.090408069977547 0.121879720998669 0.174736768549205 0.2399322248532 0.124876913596791 -0.0645213835349583 -0.0624587949688575 -0.0555587946601665 -0.181455701453833 -0.220586873277288 -0.150928631403116 -0.167757795165216 -0.0674293278971422 0.0492469391196395 0.15358563461054 0.294913266066735 0.219221381091864 0.110769455115657
-9999 -9999 -9999 -9999 -9999 -9999 -9999 -9999 -9999 -9999 -9999 0.0658314296955527 0.0809787351758938 -0.0374929451391895 -0.212585952284103 -0.207469471806417 -0.277658728302434 -0.204885584716217 -0.183696525458326 -0.108935543953852 -0.0524844350334286 -0.107222488199867 -0.140990008967696 -0.12369994061076 -0.0256709592008067 -0.0487764093574057 -0.0304742573397002 -0.0224000353643023 -0.00648415182806686 -0.025696601777386 0.0163706278465045 0.115738524462705 0.076659590764307 0.176609014500573 -0.00132331963128277 -0.181575175013692 -0.0483614996473487 -0.121667556261672 -0.207509978954451 -0.24124138395685 -0.249697431340187 -0.256004476266369 -0.221003206725131 -0.0583549664247064 -0.0379937225005732 0.0228175584566679 0.0262704769450391 -0.0508759988527881
-9999 -9999 -9999 -9999 -9999 -9999 -9999 -9999 -9999 -9999 -9999 -0.0568409344451426 0.0926981509734757 0.0823721627354452 -0.0984408007659474 -0.0827134001176363 -0.166065606227014 -0.173985661922059 -0.156084168768694 -0.0974625862678174 -0.0729566683406119 -0.0938913819062661 -0.165456366892923 -0.0889440769944493 -0.1403341992013 -0.0647333150589742 -0.086244290067104 -0.093717605574096 -0.0763052150517223 -0.0927121756697697 -0.0106833674704916 0.0730267386701263 0.0917491917935647 0.0360439116041994 0.088786257355867 -0.0806644845673429 0.0173693871669658 -0.0940327391776122 -0.215851334565119 -0.246311945418285 -0.220530782229503 -0.22390520755574 -0.193338057530433 -0.0929694833262088 -0.114542941057738 -0.16028563722593 -0.170065522459841 -0.0787238104573856
-9999 -9999 -9999 -9999 -9999 -9999 -9999 -9999 -9999 -9999 -9999 -0.0850867002114131 0.0669615924195034 0.0437882832272965 -0.0786679256662872 -0.126763252083966 -0.132215470609611 -0.128220794641385 -0.150362001828507 -0.0997209161287111 -0.0914981541547199 -0.0970298735897522 -0.139070988804766 -0.117657959043584 -0.118538345727356 -0.0715664781993629 -0.120933406114188 -0.185674677739808 -0.184150876304338 -0.146361853824294 -0.0238440086227761 0.0383109000088301 0.00749616233632132 -0.00579612201533034 -0.0154092820727804 -0.0360824078826375 -0.0247121256544404 -0.207404161498163 -0.246756679508419 -0.0808335697339549 -0.167177609399174 -0.201740172644474 -0.193697849035314 -0.127195319617941 -0.147186572519539 -0.168933487129142 -0.164303360730234 -0.190561523487035
-9999 -9999 -9999 -9999 -9999 -9999 -9999 -9999 -9999 -9999 -9999 0.113437147859885 0.0187279065427894 -0.0382829014171138 -0.160211027442987 -0.172304003853051 -0.163227121718722 -0.104682674990078 -0.084058754189762 -0.0272108968953385 -0.0429724933267321 -0.114317398910876 -0.114589861651423 -0.0741253599973502 -0.156307172077595 -0.152696988740943 -0.166718416772146 -0.255902412894593 -0.226713138640086 -0.200764151503 -0.1493451352786 -0.0141991677801996 0.000518149305248715 -0.0083553832181611 -0.0637602857533084 -0.0989141823326684 -0.134031957591037 -0.207760190460202 -0.165582268144837 -0.160871587111513 -0.205050790279503 -0.213426007647489 -0.208636964384732 -0.152076937750996 -0.143734370099116 -9999 -0.186424844590031 -0.213238778229047
-9999 -9999 -9999 -9999 -9999 -9999 -9999 -9999 -9999 -9999 -9999 -0.0747656756380316 -0.0987502887285228 -0.16786769868908 -0.188304909843276 -0.20692733245138 -0.210225254868984 -0.0957960509081499 -0.0933950298108557 -0.0717246470172226 -0.0284401479716553 -0.0661848900662273 -0.086685462733379 -0.0497910913935564 -0.0880193460993019 -0.0609394641862469 -0.173761075108519 -0.176474206894488 -0.200539144994439 -0.204094371972889 -0.177546750379694 -0.113473823995296 -0.0711059367289269 0.00393801848806103 -0.032107148597217 -0.0741427662079967 -0.0186900849538505 -0.0629338763282852 -0.118277699994483 -0.143220518586109 -0.129884738891353 -0.176601225190136 -0.206973681545439 -0.229625606034993 -0.226871944544613 -0.167830242320403 -0.16510975118431 -0.233460257012951
-9999 -9999 -9999 -9999 -9999 -9999 -9999 -9999 -9999 -9999 -9999 -0.0881664884217143 -0.154818957388766 -0.234273602209853 -0.239587608206215 -0.222905175421155 -0.197754859352045 -0.090316766865766 -0.0942659178597706 -0.00389223841844035 -0.0429933986555657 -0.0715203411347947 -0.0502921731439961 -0.0599281363393322 -0.0881937038869317 -0.0256780904056235 -0.167395826679343 -0.163341096313135 -0.160876057005375 -0.170299618761527 -0.164739513763255 -0.0965766776758214 -0.0176021174487131 0.0153523356136042 -0.0276003519296583 0.0622167681594998 0.0881477385492137 0.00555889913424887 -0.00468209617730162 -0.0682210608460504 -0.185378103361707 -0.166010496959933 -0.21648515538347 -0.216616372824943 -0.215309337616002 -0.185725650645593 -0.17612978230709 -0.214404911124065
-9999 -9999 -9999 -9999 -9999 -9999 -9999 -9999 -9999 -9999 -9999 -0.0921900805221739 -0.134856712321291 -0.196923042593088 -0.226664230953174 -0.227370407135993 -0.151588555899327 -0.113949898755108 -0.0434284295880072 0.0408329906956386 -0.0281065247074445 -0.0603041880374114 -0.043817328478747 -0.0374751564657304 0.0772792210012697 0.0534289788318655 -0.126978535446587 -0.114158658867387 -0.144275697419339 -0.151475707684216 -0.148036000226117 -0.113870759222764 -0.0837404915158749 0.115545120065387 0.108153204526161 0.185202782029083 0.13216468065876 -0.134370136430307 -0.150775375195186 -0.170128977412067 -0.232787758515548 -0.191957687826759 -0.310441962471638 -0.237739240917105 -0.248461397858134 -0.21555946002524 -0.226168490470291 -0.207235757430862
-9999 -9999 -9999 -9999 -9999 -9999 -9999 -9999 -9999 -9999 -9999 -0.0566485307391802 -0.0832739456396871 -0.0606203080257913 -0.107750768070137 -0.1521856816755 -0.131986035261701 -0.0520121688989965 0.00445043671718829 0.0372170585717901 -0.0206150261120925 -0.0888821611931491 -0.0380050589306994 0.0254499227648311 0.143302049811993 0.0398492729357698 -0.105043076802669 -0.151466108107956 -0.173975136870178 -0.2043089885033 -0.167659358297541 -0.076732131023741 -0.00643722747091263 0.141115163799343 0.18749196629999 0.199207995161783 0.118614303862965 -0.114282551449631 -0.181610913045362 -0.193397737169164 -0.295528667565279 -0.306852480146005 -0.343567418392582 -0.316386593510269 -9999 -0.255282598886645 -0.252430174305445 -9999
-9999 -9999 -9999 -9999 -9999 -9999 -9999 -9999 -9999 -9999 -9999 -0.00129120336461027 0.0183513390425917 -0.0335500149292556 -0.043906148689165 -0.0647769160681006 -0.0773040338870094 -0.0649138965555235 0.025511687243103 0.0015661029859396 -0.0560102989731438 -0.0974709135605094 -0.0190062560740437 0.103654078213943 0.109598160810035 -0.00521679397391524 -0.142201240745329 -0.167912358046055 -0.220366972627086 -0.218188239992548 -0.163749157613924 -0.102491104072941 0.0312931307551707 0.205767143982698 0.193085206788789 0.192236697538855 0.142040185922262 -0.190691674544557 -0.0939746023058846 -0.248614955707165 -0.259788725538866 -0.328012630615704 -0.390491373041218 -0.365978591001338 -0.311680904374769 -0.141670094241107 -0.0901262053392933 -0.0166143323780715
-9999 -9999 -9999 -9999 -9999 -9999 -9999 -9999 -9999 -9999 -9999 0.0679501818377937 0.0754721822947187 0.04588460711923 0.000764963983248751 -0.03987911516028 -0.0475614198809276 0.019304437569372 0.0665918920703099 -0.00952480514309548 -0.0639410306574308 -0.0572736112600836 -0.0611359261817476 0.0396430750332132 0.108890114787779 -0.0303892681575848 0.00869788704570255 -0.131134885870529 -0.212783215173451 -0.207635307292861 -0.221963737995242 -0.0847913476004504 -0.0700817298470914 0.156441216918959 0.144122312318988 0.138896166461406 0.107662725532567 -0.045217767029646 -0.0758023127001433 -0.259058668974594 -0.254521289561515 -0.28797553005378 -0.305883347608232 -0.317142228106101 -0.337905680263269 -0.223308557016396 -0.0650557775862492 -0.0594481770829707
-9999 -9999 -9999 -9999 -9999 -9999 -9999 -9999 -9999 -9999 -9999 0.152333900080783 0.104759763980674 0.06949937663573 0.00430413969828744 -0.0161127592312243 -0.00559148768931169 0.0198916455702707 0.0622714351153004 -0.0290666481305844 -0.0140773247675277 -0.0287878036378846 -0.0837484537293699 0.105846253835643 0.107135497109808 0.0306186519129557 -0.0595905122111786 -0.152994443526499 -0.203580095092028 -0.252438610051261 -0.276186129650974 -0.192112910500738 -0.0994495172422038 -0.0886990617068651 0.0809125114262615 0.0744081231560453 -0.0588575848301121 -0.136085398177276 -0.129900751585367 -0.234720794494904 -0.270049427670423 -0.285016120549033 -0.328967016178133 -0.323611295926295 -0.2441876462027 -0.175066078485721 -0.0999846608198343 -0.0193328320738629
-9999 -9999 -9999 -9999 -9999 -9999 -9999 -9999 -9999 -9999 -9999 -9999 0.0950778240614358 0.0746841565329717 -0.00989797448357599 -0.02139708184053 0.0271476171498797 0.0276981470471757 0.0356313990992429 -0.0221687919938659 0.0214492966636767 0.0557306696312411 0.146077901617124 0.132111738673997 0.149106152532084 0.0144776192550406 -0.123987223465077 -0.150439031868928 -0.272728491583053 -0.24323267389539 -0.247142843636858 -0.175085317323195 -0.0686957474906619 -0.02431975819129 0.0594857480121696 0.00697464429802671 -0.0367354999127796 -0.108250866764846 -0.133996678564635 -0.159716997402256 -0.168652056656436 -0.222467291674392 -0.259938645178166 -0.254108486994274 -0.168402836287131 -0.158396616933549 -0.181086417414989 -0.0863070805500685
-9999 -9999 -9999 -9999 -9999 -9999 -9999 -9999 -9999 -9999 -9999 -9999 0.162146302606179 0.0731124437060881 0.0280946544522366 0.0122185151861609 0.0199168815306671 0.0382714291119098 0.0442921686861045 0.0810624624947255 0.116692039023037 0.0534559606666348 0.166243437185377 0.19686740665639 0.118523203038278 -0.125867998161326 -0.135588205717675 -0.216472284236633 -0.221101845840946 -0.261070516643025 -0.204063763664904 -0.119770604117757 -0.0496041003729896 -0.0583581360505702 -0.0462826758175042 -0.079486402000673 -0.0949189082278411 -0.125377388114322 -0.115414425688728 -0.117180833106132 -0.132688796541197 -0.145251629249034 -0.169794994288468 -0.10165718483569 -0.194457665502632 -0.155432558307648 -0.150648694916596 -0.0238217533687395
-9999 -9999 -9999 -9999 -9999 -9999 -9999 -9999 -9999 -9999 -9999 -9999 0.0914496379155707 0.0454903506992189 -0.00736150266894251 -0.0125883040632612 0.000823291949605774 0.0253466322315362 0.0264499059830481 0.0794160831061007 0.11483714737935 0.122432270844324 0.156040954051119 0.187386693153339 0.124843186025639 -0.084541379595803 -0.105095133858559 -0.184667167240917 -0.172594426132305 -0.194453331378145 -0.164310671937008 -0.0173242593984359 -0.0682686273594287 -0.0506381238909265 -0.0704830538269106 -0.0849922654061587 -0.0934709453408051 -0.0853598448023023 -0.116406701959752 -0.124043592313176 -0.108429384799591 -0.106664906749582 -0.135986669535229 -0.10909274394774 -0.155755542069069 -0.16783810278786 -0.165179276464172 -0.142685071792369
-9999 -9999 -9999 -9999 -9999 -9999 -9999 -9999 -9999 -9999 -9999 -9999 0.152413938095192 0.0669593848856541 0.026807521776681 -0.0110717816568444 -0.0479618258327361 0.00870585375847198 -0.0117547530343665 0.0385280609399298 0.107259259647026 0.0572748083824564 0.091107595761764 0.125013182121472 0.103109671620332 0.0712102646960782 -0.0167399037116757 -0.0211537074065211 -0.099009704589363 -0.069165216924153 -0.0365216096560084 0.0787219288139629 0.0151057127103487 0.00417641340452046 -0.0468702984429836 -0.0269154130551909 -0.0260713147306725 -0.0670359610371821 -0.050170004052546 -0.0593978737730166 -0.082375236918861 -0.0738436656883924 -0.0484434835499523 -0.0668903523198541 -0.0607615484451055 -0.0364078457504125 0.00803522445881579 -0.00188041159077894
-9999 -9999 -9999 -9999 -9999 -9999 -9999 -9999 -9999 -9999 -9999 -9999 -9999 0.101551560370389 0.07761578226755 0.0857144381904554 0.0056922673230759 -0.0420973549884609 0.00865380287343182 0.0391424880330011 0.0684981507441909 0.0464992239905824 0.0658732187627679 0.0817559887723781 0.0919427778578561 0.1347733197256 0.0771166428043313 -0.0356283157138509 0.00625401399116778 0.0458016083194329 0.006768309195797 0.150870161643713 0.0882853198739823 0.0739285698584014 0.0157640356533051 0.0253271270324116 0.00311954402245558 0.010511126529056 -0.0115575591988212 -0.0330279184610972 -0.0448690034073422 -0.0763911975152455 -0.0431114293354819 -0.0507563285735393 -0.100267385080667 -0.0535211782027195 0.00234590309967117 0.00201891274807036
-9999 -9999 -9999 -9999 -9999 -9999 -9999 -9999 -9999 -9999 -9999 -9999 -9999 0.114396516777139 0.110027500265852 0.100174767126601 0.0366602102272303 -0.0467482864373909 -0.0317525568782097 -0.0071156807891846 0.0406274592712108 0.0168781402081846 0.0835159517487769 0.0382263592849921 0.0129530749493594 0.166392088136186 0.0497406776884285 -0.0419002835513779 0.0250715161717776 -0.0409683666473126 -0.0635197485154911 0.00953553135957034 0.129410320993151 0.0502720363050521 0.0400350596769485 0.0463072041345282 0.00233621693211657 -0.00984824057043601 0.124885098321638 0.0953822868578748 0.0144747882316783 0.00393752328083007 -0.0288554372127762 -0.0155796980297857 -0.0929630531504567 -0.198782275453765 -0.255726932102109 -0.0745005748563179
