data/rasters/s7.17.08.cu.2_xyz_08_.asc
NCOLS 100 
NROWS 100 
XLLCORNER -4 
YLLCORNER -4 
CELLSIZE 0.08 
NODATA_value -9999 
[rows 22 to 43 of 100, columns 0 to 48 of 100]
-9999 -9999 -9999 -9999 -9999 -9999 -9999 -9999 -9999 -9999 -9999 -9999 -9999 -9999 -9999 -9999 -9999 -9999 -9999 -9999 -9999 -9999 0.464179172927809 0.521061443635109 0.503596509216732 0.270727917254224 0.229780203066382 0.127785132220585 0.00879745728645138 -9999 -9999 -0.0606066359233896 0.0160626148894604 0.0426870736574816 0.0880540685420087 0.0330602331827264 0.0787164062992113 0.0878844138827962 0.105441831792573 -9999 0.161946858363208 0.0581895104620943 -0.0172204579952399 -0.153663374641924 -0.243557672420741 -0.136629105520018 -0.10765789651628 -0.191133832301873 -0.224930704763612
-9999 -9999 -9999 -9999 -9999 -9999 -9999 -9999 -9999 -9999 -9999 -9999 -9999 -9999 -9999 -9999 -9999 -9999 -9999 -9999 -9999 0.55152193057787 0.580773587632621 0.463147965599444 0.493978482446966 0.250371879847348 0.197915413861404 0.109456701597655 0.127255479620402 0.179074689698873 -9999 -9999 -0.0899430047300957 -0.0412987641372725 0.0108204346728785 0.111703105468525 0.0817781629692888 0.0729673612427754 -9999 -9999 -9999 0.0973207643297703 -0.00787946726928964 -0.189207030820861 -0.176341442829986 -0.0978022062792037 -0.309696361179215 -0.154770141019576 -0.197633451334546
-9999 -9999 -9999 -9999 -9999 -9999 -9999 -9999 -9999 -9999 -9999 -9999 -9999 -9999 -9999 -9999 -9999 -9999 -9999 -9999 -9999 0.510499044154039 -9999 -9999 -9999 0.359814400155326 0.337551988161533 0.0355309361366255 0.0567668297506727 -9999 -9999 -0.0427761629309643 -0.0453994534453257 -0.068369178261026 -0.0532210889942243 0.0844003848719632 0.124050225376608 0.0291309042128178 -0.0185026164368437 -9999 -9999 0.00490656580480864 -0.118899618247789 -0.221007671816655 -0.250766077388317 -0.247559642645419 -0.363663925727228 -0.35092665681213 -0.367818346147942
-9999 -9999 -9999 -9999 -9999 -9999 -9999 -9999 -9999 -9999 -9999 -9999 -9999 -9999 -9999 -9999 -9999 -9999 -9999 -9999 -9999 -9999 0.763696081243768 -9999 -9999 0.309190625312509 0.217458474574822 0.131481663677236 0.0067000376356114 0.0548939834286618 -0.109240035988101 -0.0527999354856077 -0.0494730371097944 -0.0572747398397597 -0.0647549371259728 0.0468335412326622 0.0301213751119172 0.0673004784480548 0.0411156507536389 -9999 0.304103985935221 -0.0540466203988611 -0.210267339159735 -0.183014858408669 -0.0909671040395221 -0.119190524947368 -0.415600849862993 -0.383012177714943 -0.334798513911775
-9999 -9999 -9999 -9999 -9999 -9999 -9999 -9999 -9999 -9999 -9999 -9999 -9999 -9999 -9999 -9999 -9999 -9999 -9999 -9999 -9999 -9999 0.702785893724905 -9999 0.238705627713621 0.220550584550594 0.189162231075111 0.05867056000928 0.0867625001568439 -0.0259565214043858 -0.119595114001359 -0.110979400704333 -0.0397569920364697 -0.0900761347773239 -9999 -0.0377020273581958 0.0341212178198317 0.0415372157379858 -9999 -9999 0.241882994036627 0.135756605623112 -0.133435029034793 0.0163711798696499 -0.343991989056741 -0.334364673765183 -0.405705477648935 -0.453751458845597 -0.453443870856585
-9999 -9999 -9999 -9999 -9999 -9999 -9999 -9999 -9999 -9999 -9999 -9999 -9999 -9999 -9999 -9999 -9999 -9999 -9999 0.619651637571766 0.741242346843562 0.658552508141603 0.581707372294216 0.217576568065961 0.212333064574123 0.162020655230666 0.0854490591480001 -0.075031565754216 -0.104290180787489 -0.121927518593614 -0.183744877990509 -0.0833483581283301 -0.0863678510907161 -0.162210615798311 -0.0286462647903873 -0.0409139539015282 -9999 0.228645727119371 0.134876289421678 0.298077894278236 0.241910530143377 0.121253282650327 -0.0430252991323174 0.025545266098948 -0.396608619175812 -0.3266433463354 -0.376168415176954 -0.505698453293152 -0.424283522548954
-9999 -9999 -9999 -9999 -9999 -9999 -9999 -9999 -9999 -9999 -9999 -9999 -9999 -9999 -9999 -9999 -9999 -9999 0.728836581568012 0.518142909655762 0.58916428083733 0.529774448363922 0.381689224189792 0.14521168054888 0.112381659988612 0.105223244692453 0.0338610897817288 -0.0607596845727292 -0.140241972592006 -0.0861899624092402 -0.155888441773322 -0.159559351724063 -0.137090194574605 -0.128215603668079 -0.0315262057100887 -9999 0.157719442779471 0.129805113310369 0.175816219432501 0.285713179642736 0.247359152121823 0.199117702221385 -0.00537735088683246 0.0481756122345781 -0.389094452911749 -0.391361179623959 -0.325301765735185 -0.467475890725755 -0.29782414718773
-9999 -9999 -9999 -9999 -9999 -9999 -9999 -9999 -9999 -9999 -9999 -9999 -9999 -9999 -9999 -9999 -9999 -9999 -9999 0.716541461000488 0.633740351552162 -9999 0.28251966896278 0.0997565658644892 0.0459288521252375 0.0616806703003498 -0.00188105469407585 -0.0151565717881954 -0.0254035165237238 -0.0144796458287533 -0.177818918049762 -0.124441212166774 -0.117997621288404 -0.0998361209509941 -0.0429917637868824 -0.0220517814845575 0.153768777856437 0.179335046529671 0.126677628592094 0.223365128630886 0.199078087437071 0.353148191174592 0.0274772207934026 -0.125708961279651 -0.0467272854196319 0.059228377571069 -0.186929821123203 -0.390847966248359 -0.400270565371546
-9999 -9999 -9999 -9999 -9999 -9999 -9999 -9999 -9999 -9999 -9999 -9999 -9999 -9999 -9999 -9999 -9999 -9999 -9999 -9999 -9999 0.325287347972734 0.283101715522711 0.0743165447996223 0.000258911970776034 -0.0146529360775702 0.246758368673858 0.00194943579874007 -0.017886932510194 -0.0769243238294184 -0.0299530055993306 -0.0995903021876672 -0.054848882133536 0.0640022388834577 -0.0219966571850359 -0.0574148138058064 -9999 -9999 -9999 -9999 -9999 -9999 0.421272201095208 0.440868906769677 -0.170340895566418 -0.00871150621508598 -0.106917288776884 -0.0773078229641124 0.0614244075004534
-9999 -9999 -9999 -9999 -9999 -9999 -9999 -9999 -9999 -9999 -9999 -9999 -9999 -9999 -9999 -9999 -9999 -9999 -9999 -9999 0.296807990986802 0.311271251897403 0.254665330777417 -9999 -9999 -9999 0.15088835140181 0.0589776587201493 -0.0284737329152397 -0.0219203074296952 -0.0396103428962847 -0.082034411226623 -9999 0.0840319311821161 0.0463730399772253 -9999 -9999 -9999 -9999 -9999 -9999 -9999 -9999 0.415434034283187 -0.0176655243732761 -0.126611554634022 -0.231599503709322 -0.211210615871035 -9999
-9999 -9999 -9999 -9999 -9999 -9999 -9999 -9999 -9999 -9999 -9999 -9999 -9999 -9999 -9999 0.508841220038525 -9999 0.556268664894035 0.537649815158993 0.508117018051443 0.277899216386713 0.285327106558365 -9999 -9999 -9999 -9999 -9999 0.0848193854947177 0.0497719964222917 0.0110394256020046 -9999 -9999 0.0256185299103948 0.0367746882040687 0.0987752767633112 0.0866319604081113 0.125032265774786 -9999 -9999 -9999 -9999 -9999 -9999 0.348704109066722 -0.119199351767971 -0.167006936540462 -0.217605957753665 -0.241374290134741 -0.147884638564219
-9999 -9999 -9999 -9999 -9999 -9999 -9999 -9999 -9999 -9999 -9999 -9999 -9999 -9999 -9999 0.474266537997554 -9999 0.508473119947996 0.448927729816876 0.429526486164789 0.303787609498592 0.245531122035669 -9999 -9999 -9999 -9999 -0.0353087667342891 0.0175753021340563 -9999 -9999 0.0551161218564926 0.0427808392040644 0.224118467598263 0.0438121464051935 0.0846478018386414 0.0998427133726969 0.283091698953057 0.297181274473811 -9999 -9999 -9999 -9999 -9999 0.28199675073593 -0.0409611426288914 -0.0585059581218739 -0.224392843601944 -0.300394470055806 -0.335850334103764
-9999 -9999 -9999 -9999 -9999 -9999 -9999 -9999 -9999 -9999 -9999 -9999 -9999 -9999 0.483031938144685 0.40598714379199 -9999 0.467562083934994 0.458882757850386 0.407161047142924 0.0965515933148644 0.0803477731223058 -9999 -0.0717887478023165 -0.125547603369215 -0.0676410342945109 -0.0364749452048367 -0.0409549427629335 -9999 0.0580975103618443 0.0543729959386147 0.0951408691226871 0.0699651731632613 -9999 -9999 0.27908976468377 0.237869098221817 0.235890818716283 -9999 -9999 -9999 -9999 -9999 -9999 -9999 -0.161170361155135 -0.184368796296064 -0.300020895371721 -0.22147242482161
-9999 -9999 -9999 -9999 -9999 -9999 -9999 -9999 -9999 -9999 -9999 -9999 -9999 -9999 0.407846077015706 0.39760367350059 -9999 0.321042472649272 0.395399131159225 0.292257728884662 0.160265348284728 0.000759173497032278 0.184222667606756 -0.0937035151992075 -0.119241900195826 -0.0724992729754404 -0.0346388574973257 0.021417867675161 0.157770545526775 0.0563650396464951 0.022089443708595 0.124490494194695 0.173891679286929 -9999 0.246608280455994 0.258097355378052 0.211872028166315 0.305180103302367 0.38293356259175 0.333209310145184 0.205460394438206 -9999 -9999 -9999 -9999 -0.240290487032355 -0.176798182557506 -0.0572022673069675 0.00496567508913791
-9999 -9999 -9999 -9999 -9999 -9999 -9999 -9999 -9999 -9999 -9999 -9999 -9999 -9999 0.515633919580896 0.488436857180294 -9999 0.335494537964422 0.325816995321046 0.195937719546637 0.154502710890401 0.0894328275731731 -0.0678713577042336 -0.112144358328396 -0.143612621100223 -0.147235326442564 -0.101586173713081 -0.138500321002904 -0.042968539398666 0.087061222755381 0.130887077281781 0.23243120016788 0.237606831072321 0.235043434674183 0.23775608156609 0.169147420699738 0.17062454455869 0.221255110689089 0.171281423022251 0.296048773638322 0.149811189795025 0.0559398802300146 -0.0139960680891055 -9999 0.0475396098840143 0.00169981552598084 -0.000263312622976803 -0.126034454129783 -0.150475956014339
-9999 -9999 -9999 -9999 -9999 -9999 -9999 -9999 -9999 -9999 -9999 -9999 -9999 -9999 -9999 0.333831425619375 0.29001589615586 -9999 0.195402135785568 0.204352927403719 0.225075447668465 0.0677955050539357 0.0564378470201603 -0.0890266652827892 0.0136222525056334 -0.171050261282095 -0.149763179156731 -0.0835757467147099 0.042628308761724 0.104984193401891 0.161449381204276 -9999 -9999 0.0206064355031996 0.0638642377937138 0.0498693353958708 0.195783843558449 0.180136303004142 0.0571069020512796 0.0739032700153106 0.071618538604869 -0.00370086862119198 -0.050498579675299 -9999 -0.0470447365462316 0.0660405143468611 0.0429141953859172 0.0047227835489798 -0.146371430933552
-9999 -9999 -9999 -9999 -9999 -9999 -9999 -9999 -9999 -9999 -9999 -9999 -9999 -0.552314595448659 -9999 0.424642746829888 0.270658280372294 0.281750170768494 -9999 0.250739489008548 0.264935362686987 0.323764776329502 0.208905200103217 -0.00978349031348704 0.043438307058045 -0.124104123045972 -0.0976920882122098 -0.0421932115972674 -0.0161202396770872 0.0448760192000624 0.0273507334929296 0.104422034943057 0.144895883219769 0.0300793661174268 -0.104686976284039 -0.00796925157345328 0.0166469833580249 0.0633255004925824 0.0018748169532055 -0.0539350761975104 -0.0710331181809988 -0.0829716084875943 0.125984436244921 -9999 -9999 0.023196591549232 -0.06071754576706 -0.117743544976929 -0.219327742752601
-9999 -9999 -9999 -9999 -9999 -9999 -9999 -9999 -9999 -9999 -9999 -9999 -0.435560580837857 -0.575636880396336 -9999 -9999 0.113646481161655 0.164065105137187 0.317672918183602 0.232111880573713 0.268696530992254 0.258141496843965 0.136916224949983 0.00484365083683207 0.0491114196831907 -0.0165900995127363 -0.0732464195838092 -0.060225886656478 -9999 0.107079079516108 0.00931278795312306 0.0440244665990133 0.16740909833053 0.0666535400411995 -0.0685491974648817 -0.118047737473623 -0.0515854014762059 -0.0441102486944135 -0.0150406195470464 -0.0361836789157774 -0.176098030621522 -0.198934428665757 -0.176879014321138 -0.301442133144181 -9999 -0.0509670142826963 -0.0465149223950587 -0.158106256948429 -0.230866254268476
-9999 -9999 -9999 -9999 -9999 -9999 -9999 -9999 -9999 -9999 -9999 -9999 -0.0841838839590687 -9999 -9999 -9999 0.123493563533311 0.155656608674834 0.196928965788657 0.245409219990666 0.267986332642832 0.235167574984008 -9999 -9999 0.0915998712154668 0.159946774258865 0.0162918963997388 0.0475175012785309 0.18151682759211 0.125853746387219 -0.0576609252689017 0.0384455649710249 -0.0351397724457118 -0.14211004815553 -0.0941505305344287 -0.142720916291907 -0.113719908465446 0.00428509548775536 0.140341568843739 -0.0410531924043149 -0.149397629149659 -0.180522390941335 -0.314808254559597 -0.197266553044518 -0.114881576849897 -9999 -0.066203423165511 -0.259290860851615 -0.121942835108619
-9999 -9999 -9999 -9999 -9999 -9999 -9999 -9999 -9999 -9999 -9999 -9999 -0.0926349648185447 -9999 -9999 -9999 -9999 0.158269890791812 0.230239810910491 -9999 0.369136023880266 -9999 -9999 -9999 0.16443361217313 0.166485296915604 0.130191947167253 0.111523053778031 0.124775018040914 0.0831900602710353 -0.10912229290594 -0.115817394127589 -0.179278599419674 0.395475573408744 -0.166241372695354 -0.120676993517762 -0.106122678283633 -0.0126549068794526 0.00612667283704199 -0.0513035949378038 -0.125535073605947 -0.194121843262664 -0.367321703648648 -0.205780283712922 -0.123110817789632 -9999 -9999 -0.403796662235279 -9999
-9999 -9999 -9999 -9999 -9999 -9999 -9999 -9999 -9999 -9999 -9999 -9999 0.403028126400213 0.391020693216965 -9999 -9999 -9999 -9999 0.364328089672339 0.424440015092364 0.419687227295559 -9999 -9999 0.161593328375661 0.142594029118923 0.119423709947856 0.0977411912995728 0.0547383770304674 0.0358666577497437 0.0366571449701626 0.140387298552288 -0.0817080831529276 -0.035582846809495 -0.156536890114685 -0.139033372126025 -0.103935686402544 -0.0570259575586597 -9999 -0.0550858107172147 -0.11673848711988 -0.166920174382217 -0.100470001192124 -0.355637756903449 -0.342765797678169 -0.213969793805178 -0.129781352226558 -9999 -0.378228106359444 -0.431103359123688
-9999 -9999 -9999 -9999 -9999 -9999 -9999 -9999 -9999 -9999 -9999 -9999 0.328672651363804 0.335471622770539 0.415927269420883 0.159867007060602 0.214627576766628 0.246646847885402 0.386001287693034 0.352677220735441 0.333922772159113 0.243238642733082 0.206585598767284 0.164041870021232 0.121553386254669 0.166376350016205 0.177504185172612 0.116230180679811 0.0801619416130612 0.0923580104277204 0.0554882891882079 0.318080134125042 0.187953036061212 -0.0492640476186849 -0.0873459394983326 -0.0517652252075367 -9999 -9999 -9999 0.0108329624113346 0.0963779761272212 0.14705647977944 -9999 -0.411633787982203 -0.442175530612496 -0.338808976661599 -0.290315143444608 -0.301977187288736 -0.472089772502471
