data/rasters/s7.17.08.li.1_xyz_08_.asc
NCOLS 100 
NROWS 100 
XLLCORNER -4 
YLLCORNER -4 
CELLSIZE 0.08 
NODATA_value -9999 
[rows 44 to 65 of 100, columns 49 to 97 of 100]
0.00942385581147385 0.18510201133649 0.225570953865139 0.251072456493602 0.282360988575988 0.291810248761186 0.0973387139419064 0.0401461291189744 0.0148904421455235 -0.0449838981871931 -0.0856985927521469 -0.0392756468566236 -0.00762792048090632 -0.0805935214235122 -0.0699541066324299 -0.037363098369091 -0.0353499698082471 -0.0555249037391367 -0.0215523982178031 0.0352836781533 -0.092108323340915 -0.0518287191840704 0.0323694666310645 0.120096354565618 0.0980671406676727 0.0360468763510649 0.0922217846437381 0.139269493197176 0.220239427117707 0.214711764956268 0.187030742449976 0.074606782331066 0.0340158698451212 -0.0224239235080448 -0.0685659562623664 -0.0220458978781871 -0.0218378547248231 0.00297023172306606 0.0175476238806466 0.0535114581224022 -9999 -9999 -9999 -9999 -9999 -9999 -9999 -9999 -9999
0.00402670580118581 0.139627398482281 0.094584880734387 0.240075947594381 0.288780141780051 0.387420884907952 -9999 0.0713336212146616 0.110499885444395 0.102363092244553 0.0104772787076161 -0.00741492075496515 -0.0459121304764321 -0.0993096727797534 -0.0310650870652163 -0.0116570540821304 0.0325289996301738 0.0300379411355715 0.070382563003414 0.00940789114926447 -0.0408826332123812 -0.0188311357156152 0.000420817739171039 0.103360671967014 -0.00704074646273391 -0.0580880362276285 -0.0617477779838882 -0.10468652628914 0.152908764171204 0.273212356019465 -9999 0.0703543056624424 0.10747849576959 0.0199192062089068 -0.0722169177112463 -0.0203281744798691 0.0133606026491004 0.0159341889365141 0.0738242633136191 0.131695155027576 -9999 -9999 -9999 -9999 -9999 -9999 -9999 -9999 -9999
0.106253376667855 0.0458256803958144 0.132897593785252 0.295434093101408 0.293810247353828 -9999 0.140687806261488 0.13282021754764 0.187514683307578 -9999 -0.0105531521171646 -0.0238200439016293 0.0166995666457799 -0.0099944380726876 -9999 0.0159387746985371 0.0339016922605038 0.0349875506830365 0.0939974466500269 0.0225698090354423 0.0486676546226011 0.0153466307895982 0.0477838462057398 0.0863572984501967 -0.0109776456527473 -0.0487661588861882 -0.094287649023681 -0.128152787464664 0.380112987875336 0.276298312896808 0.115542490313759 0.0309527567055249 0.0233281603358773 0.0131081854308217 -0.0479164079816873 0.0130774326562682 0.0413174228181024 0.0143339425144866 0.0343781158622431 0.02445693329101 -9999 -9999 -9999 -9999 -9999 -9999 -9999 -9999 -9999
0.0591656866963708 0.137269505482257 0.241199798188135 0.265223397581812 0.258203558678672 0.239522779377562 0.209632808847406 0.168039521006632 0.201323991853296 0.123701783712131 -0.0334968398207971 -0.0389709334468143 0.0327444232552815 0.0532766708613818 0.0771598886266679 0.0350715536535185 -0.00467915777501219 0.0741876300337804 -9999 0.0173859164311168 -0.0525644883470228 -0.029952875807933 -0.0238282502610116 0.0129103550373276 -0.104452434002984 -0.176322338389819 -0.172438524282122 -0.127113207164774 -0.074132191710857 -0.0365602284147982 -0.0122407090484834 -0.0124748288403783 -0.0476309506385394 0.0456969593904015 -0.00154440542705803 -0.0420549809653858 0.0553462384120828 0.0552983507838642 0.00260896108693307 0.0122729604190985 -9999 -9999 -9999 -9999 -9999 -9999 -9999 -9999 -9999
0.13148339330434 0.112359025243676 0.238277096468093 0.23262704789103 0.250444718664777 0.270529086289511 0.237124459819374 0.247596225502822 0.261193449590014 0.114299275053442 0.0352352171208148 -0.0148203526849287 0.0502664533770846 0.0297496722721013 0.033296065238004 0.110029567897113 0.0791887222348804 0.0826742836365631 -0.0171317710237409 0.010474988957533 -0.0676642878533134 -0.044854584258297 -0.0299837321403254 0.0130720358614807 -0.091164980761095 -0.115749180176752 -0.138982308745886 -0.115530749616013 -0.0883823708501507 -0.102451457486879 -9999 -0.0435695066343059 -0.0297976826445046 -0.0677198263647607 0.00469330496121056 0.125452115796376 0.0172118405713753 0.0365863454150366 -0.0217321689521951 0.0520132247223206 -9999 -9999 -9999 -9999 -9999 -9999 -9999 -9999 -9999
-9999 -9999 0.285545107953848 0.211262566446439 0.214804136600613 -9999 0.309058366511405 0.287861992523187 0.205755815968507 0.152406594794192 0.0535177632598012 -0.00443139783368372 -0.00620596544870072 -0.0148170040761211 -0.163172446109875 -0.0777886736610206 -0.0084645324031608 -0.0772821286576292 -0.0499688239625428 0.0190598013536108 -0.012182508439182 0.112702582566419 0.00184754195165261 -0.0545317038529583 -0.093220380819658 0.0214023865567912 0.0289997397851259 -0.0517307229449444 0.00380953026920723 -0.020362709307122 -9999 0.128985239266234 0.0578962701856268 -0.0031049894880946 0.0828725090481257 0.0397096703868837 0.025129958411372 0.071055263363609 -0.0807133992596896 0.0154572836820551 -9999 -9999 -9999 -9999 -9999 -9999 -9999 -9999 -9999
0.178695231546419 0.310364221194131 0.178136325703852 0.168113397002447 0.250883376060785 0.210602951097523 0.260300096101085 0.259250382366504 0.25362997977186 0.182806811324957 0.180654720320334 -9999 -9999 -9999 -0.137488967011638 -0.23762568914948 -0.175049281793323 0.088343383980276 0.0935789288096996 0.07105468016798 0.103032802900225 0.0601504582038591 0.0607467783943249 -0.0194839249327408 -0.0643714375769175 -0.0927662781025095 0.0153729466328815 -0.049136217171869 0.0211459348517346 0.0441384792895897 0.20704823277664 0.118565489511233 0.166222079034316 0.0373030292450448 0.0111978122007363 0.0511830142907815 0.0981180388390785 0.14746300241717 -0.0231563612984 0.127006939177976 -9999 -9999 -9999 -9999 -9999 -9999 -9999 -9999 -9999
0.190578734227014 0.187672724289881 0.194898410586308 0.228541481358945 0.208216599496253 0.206275583978025 0.245095679236887 0.225563128385007 0.128708371426275 -0.0977146952498272 -0.111728970301954 -0.0552993482913621 0.0182306689702387 -0.0130145431382031 -0.125423141358351 -0.187289779789309 -0.0471968255012973 -9999 0.146225451558062 -0.0333830705788633 0.075579619569562 0.0160181598212342 0.00783750731256853 0.0421480398005143 -0.0459665953950541 -9999 0.0137331411460663 0.0964041404673474 0.059797410077236 0.123701571178505 0.186653416492219 0.171064906211257 0.0876549701356408 0.050961744500794 0.0598735328140752 0.087001493110836 0.113005117943874 0.123828605529276 0.0957190587402365 0.167222148369306 -9999 -9999 -9999 -9999 -9999 -9999 -9999 -9999 -9999
0.185216516151008 0.21818982888565 0.255009190224633 0.291376780899038 0.268029182491219 0.298392408876489 0.289743505167628 0.265399296212047 -9999 -0.146099416441383 -0.0829615029283028 -0.100754733065521 -0.108770045739751 -0.0990449467366474 -0.115569489286794 -0.163347143183628 -0.184873388851778 0.0154787846218732 -0.115720406221716 0.0251950789250669 -0.0343713983908787 -0.0514282923784561 -0.0184642994946767 -0.0373053631520541 0.247998984342834 0.180104915019419 0.0873591769372755 0.0292199439978045 0.207924510004204 0.229118058567606 0.244427914928976 0.170472096494571 0.0701310729099179 0.120997775171499 0.146606015302327 0.230708387291113 0.176353475324059 -9999 0.203232062942624 0.156517354170345 -9999 -9999 -9999 -9999 -9999 -9999 -9999 -9999 -9999
0.243396238745355 0.394055600346777 0.333620949793689 0.355627283969747 0.301914014715842 0.345065122728554 -9999 0.203423881166752 -9999 -0.0805941551354622 -0.0836089714411753 -0.113114472468073 -0.162464117019348 -0.135687508222026 -0.108982856527856 -0.115422100104128 -0.105348536066134 -0.108498553001214 -0.14271866654074 -0.0333793208448837 0.040938721370796 -0.0102559601228301 0.103819958649691 0.0467102323997675 -0.0123108515016765 0.182468437929358 0.0910834196367321 0.177416364776447 0.206756929727568 0.24827968633631 -9999 -9999 0.171839380419555 0.263496518684342 -9999 -9999 -9999 -9999 0.232355350265162 0.220912538372702 -9999 -9999 -9999 -9999 -9999 -9999 -9999 -9999 -9999
0.159397011485715 0.22645274249918 0.238778814992306 0.167314667250006 0.262157444560136 0.325399220691504 -0.08489956569577 0.00977573860096396 0.0223956607197 0.0555901941945844 0.0436412458772956 0.0651720877606651 -0.151765411998819 -0.0723698840320299 -0.15730932457847 -0.114310568843369 -0.0762744881580755 -0.0517910752866119 -0.0516304923360659 0.0039155149923334 -0.0380398307487832 0.108626798340021 0.178934545059388 0.0942395760047752 0.0396928307952813 -9999 0.232458144147081 0.205409749012036 0.293535557683575 0.264907900603803 0.202898321586307 0.200816251961119 0.162831575557333 0.25790703670504 -9999 -9999 -9999 -9999 0.29590371055102 0.199945593155251 -9999 -9999 -9999 -9999 -9999 -9999 -9999 -9999 -9999
0.181011718125587 0.10624909164052 0.0867743696084329 0.115229276329425 0.120008343194904 -0.0104469868102378 -0.0464007694649886 0.0398272371468063 -0.0362913829174019 0.0600149321935387 0.085716448955541 -0.0793612331949783 -0.0631100179901451 -0.0785643340515998 -0.0517012755259288 0.011615503841233 -0.0705295235329432 0.0136634444352864 -0.0510352520245785 0.0020348592092203 -0.0106287213646698 0.0668999059024846 0.197916493884772 0.166002159655019 0.21559314179795 0.154469365426941 0.285586740379738 0.24525042765378 0.340899054799598 0.336085959328061 0.279120944898784 0.299255619738866 0.251953799054593 -9999 -9999 -9999 0.325727118444622 0.414240066046534 0.255705679326955 -9999 -9999 -9999 -9999 -9999 -9999 -9999 -9999 -9999 -9999
0.216721517521643 0.075403612742818 0.0494155447062781 0.0587259829822829 0.127137375405307 0.0754542305109287 -0.039695180629883 0.00444550513369391 0.0836933659535326 -9999 -9999 -0.0801664904544953 -0.0331722877557522 -0.065601349510596 -0.0389306376539871 -0.0477402132571517 0.034117763388453 0.00182713189933129 0.0127386821834089 -0.021190026383384 -0.0466708487611669 0.0749446501750513 0.21248751663567 -9999 -9999 0.235825424692686 0.16530572195026 0.346236120839246 0.382089725429237 -9999 0.390530281946121 0.322644963808487 0.266007968936713 0.212118853038855 0.227017203944337 0.268241696154461 0.371261076312306 0.302527157956669 0.320335078111539 -9999 -9999 -9999 -9999 -9999 -9999 -9999 -9999 -9999 -9999
0.169366764006115 -9999 -0.043432334787784 0.0115625910921582 0.0632120844460635 0.0659078157732036 -0.0399169517932988 0.0990595861711307 -9999 0.0473294311418174 0.0287891917176255 -0.0181874459239649 -0.034718079753736 -0.0140769607600552 0.0237225622152093 -0.0528187886675323 0.0485252256497903 0.0213722883929272 0.0151835884167484 -9999 -9999 -9999 0.254236267546023 0.276828214189272 0.309514482325073 0.160755154329838 0.177154274302474 0.407896199317312 0.301444771261257 -9999 -9999 0.256735275449756 0.315664331130959 0.247837057642401 0.273981111329499 0.286334866951732 0.301323926942908 0.31365526602899 0.240831302986596 -9999 -9999 -9999 -9999 -9999 -9999 -9999 -9999 -9999 -9999
0.0396940413069548 0.0409972089605525 -9999 0.0155863796391713 0.079138199399243 -0.00113630614837699 -0.0837282734273671 0.0699241826731 0.0464329013668336 0.0591498817323736 -0.0101991397572836 -9999 -0.0228421545703877 -0.0402076313373678 0.00229676087454309 0.0284329152550871 0.0425481323245792 0.0448984600648665 -9999 -0.0430349574969808 -0.0378807967278126 -9999 -0.0317204306574712 -0.0175955610443754 -9999 0.265399102879292 0.230739583155209 0.248929617071305 0.288880676241008 0.501563818792085 -9999 0.102138872494147 0.211022191670424 0.297426731440398 0.313145315572092 0.265396777256633 0.296864570501564 0.333066260686263 0.260668292257932 -9999 -9999 -9999 -9999 -9999 -9999 -9999 -9999 -9999 -9999
0.0102069874904781 0.0353958297161646 0.0477991995439208 0.035150647073325 -0.025929669876535 0.0382223127942176 -0.0455615625107569 0.032296380821659 0.0126990719355967 -9999 0.055357246118203 0.0319075241465447 -0.0404818590763421 0.0848794198868234 0.00727652521040807 -0.0206249024742602 0.010766540757731 -0.0197864563599487 -0.0215114256413914 -0.0423365306527049 -0.00800426940761207 0.0647667945799163 0.00363422343821201 -0.118429864954503 -9999 -9999 0.197430567529146 0.156780723271118 0.0400827281767492 0.253282847387659 -9999 -9999 0.171476762152223 0.243325487018422 0.263506685489003 0.278947487803834 0.451675313986578 0.329313869389301 0.318844072026636 -9999 -9999 -9999 -9999 -9999 -9999 -9999 -9999 -9999 -9999
0.022054547197065 -0.0198962504661492 -0.0119057624598711 -0.0296098150910099 -0.0117372956026411 -0.0577285457204474 -0.0167968210450033 0.0150697370975444 0.10431694612907 0.0160639828862525 0.0492250371352402 0.0275463610999913 0.0379026135587289 0.0110539174275677 0.0772309209072954 0.048585792829597 0.0168937875687733 -0.0557080728963051 0.000344625733596307 -0.000423834246352709 -0.0211887968842909 0.0144496504600205 0.0311353374192308 -0.047715939118895 -0.00842381597822072 -9999 0.136780582998938 0.165150344525747 0.240425132214285 -9999 0.218762185190509 0.197904696423874 0.225645211295222 0.314622420564892 0.3235145788817 0.373849940485834 0.359366029423451 0.30527945695571 0.312727285111762 -9999 -9999 -9999 -9999 -9999 -9999 -9999 -9999 -9999 -9999
-0.0835961256970031 0.0374515375507649 -0.0408340237119976 -0.00125623825628606 0.00236488925888421 -0.0341814696766135 0.00242619816743545 -0.0102540689791741 0.0746416934807508 -0.0200232290740185 0.0263029471026741 0.0171546599521981 0.0595673162441597 0.0402769312101127 0.0498304353805933 0.0465019518183922 0.0435251213771925 0.0370501705767168 0.021388863652309 -0.0477859850859954 -0.0728047038162159 0.0125172385730307 0.111602403820853 -9999 -9999 0.0280440206008758 0.0897018801538183 -9999 -9999 -9999 0.274634109012294 0.284667785519581 0.306087952990146 0.283463953359694 0.250913022915556 0.377633367830245 0.355889887956731 0.285653864092166 -9999 -9999 -9999 -9999 -9999 -9999 -9999 -9999 -9999 -9999 -9999
-0.0899815259035491 -0.0253561346980114 0.00256338955367299 0.0332477893451285 -0.0239137379123137 -0.0294145330917041 0.00820169080704499 0.0252442789373126 0.0414109886142878 -0.0172235207280021 -0.0340622827618283 -0.0782162440397151 0.0653200166326632 0.0455271346863741 0.0435074481625018 0.0636634596586438 0.0215236582365069 0.0198799689660088 0.0484873900034319 -0.0200477555706621 -0.0269203980346188 0.0501037600902881 -9999 0.0584812455172802 0.0677482087656874 0.0279321659939704 0.0283517426226881 0.092493978790519 -9999 -9999 0.286125667359962 0.3298069698745 0.362186614724141 0.372896160138521 -9999 0.393921353836815 0.395802004591607 0.430889546291958 -9999 -9999 -9999 -9999 -9999 -9999 -9999 -9999 -9999 -9999 -9999
-0.1270848954899 0.00525389719761576 0.0339642203366813 -0.00224438360642559 -0.00703721630714339 -0.0309565357459917 0.0480871924686961 0.0872011102220475 0.00950566639634333 -0.00750963231103134 -0.00435681175908774 -9999 -0.00497036694639256 0.000956147857087485 0.0197040821349905 0.0262474540413477 -0.0574187846442466 0.000432300323382291 0.0191954419379476 0.0235120808507856 0.00703908752766768 0.0703979433159024 -0.0663596791235681 0.0268345578788768 0.0888053825444532 0.114499257757753 0.11691476553706 0.0907377877879696 0.158709045386564 0.279340500853137 0.320480206222239 0.343830030495004 0.395439568424499 0.387239947037867 -9999 0.168978066955099 0.395246069252398 0.378961103845223 -9999 -9999 -9999 -9999 -9999 -9999 -9999 -9999 -9999 -9999 -9999
-9999 0.0112521854243327 0.0108966283412402 0.00159485313706725 0.0157530255412552 0.0156176431762005 -0.0122680878411935 -0.0280660833265864 0.0327626189532652 -9999 -9999 -9999 0.0801139053029619 0.0395488024353396 0.0642985403033064 0.0760087709738305 -0.00339570117371164 -0.000821049991491857 -0.00474464097078374 0.0177153837943444 0.0488232486955684 0.0476734787425137 -0.017885167009314 0.038070224103465 0.0871764401767685 0.073791812907047 0.161129116717988 0.148253813306772 0.118694880291807 0.274645170963481 0.407805492982058 0.371633701718259 0.296204738587745 -9999 -9999 0.170518361421232 0.24904896230754 -9999 -9999 -9999 -9999 -9999 -9999 -9999 -9999 -9999 -9999 -9999 -9999
-0.0560584586558357 -0.0595577046273309 -0.0468977420125199 -0.100129489529228 0.0149274898628803 0.0387754870581655 0.0134600966921585 -0.0115830362458476 0.00306909180886505 -0.161359053182718 -0.0612352046831923 0.0610892406311137 0.0798681862940208 0.0703732751188671 -9999 -9999 -0.0910619982264957 -0.0480504202070281 -0.0714570734389794 0.00375504434285957 0.0569252518843052 -9999 0.0772509835859992 0.087800021953488 0.0998462338845617 -9999 0.0463621297742319 0.146820863092589 0.0647640423744034 0.26707762468505 0.314132907432562 0.438022997591113 0.303750654906288 0.45210014373981 -9999 0.224908364380527 0.288397003680566 -9999 -9999 -9999 -9999 -9999 -9999 -9999 -9999 -9999 -9999 -9999 -9999
