data/rasters/s7.17.08.li.1_xyz_08_.asc
NCOLS 100 
NROWS 100 
XLLCORNER -4 
YLLCORNER -4 
CELLSIZE 0.08 
NODATA_value -9999 
[rows 22 to 43 of 100, columns 0 to 48 of 100]
-9999 -9999 -9999 -9999 -9999 -9999 -9999 -9999 -9999 -9999 -9999 -9999 -9999 -9999 -9999 -9999 -9999 -9999 -9999 -9999 -9999 -9999 0.0795163572798053 0.108888331263338 0.0928247832940971 0.249191617324396 0.248921075586292 0.225936344424771 0.226170072487009 -9999 -9999 -9999 0.284844500198504 0.384463932297331 0.431662376846685 -9999 -9999 0.128736837853475 0.0976497096449047 0.039930770259833 0.0819765016852042 0.0833046394711281 0.124339935446238 0.108905118945293 0.108402640168585 -0.0628966283584024 -0.0649083251696644 -0.055001385095082 -0.106272275427459
-9999 -9999 -9999 -9999 -9999 -9999 -9999 -9999 -9999 -9999 -9999 -9999 -9999 -9999 -9999 -9999 -9999 -9999 -9999 -9999 -9999 0.110429760890847 0.138027053712904 0.0860428105525662 0.0757384567284727 0.046858924310119 0.262948799455559 0.28151892119989 0.224115460199346 0.275517053091804 0.308777335767684 -9999 -9999 -9999 -9999 0.078873862745708 0.0696904449673507 -9999 0.088396782290492 0.0251436299857905 0.138309380692107 0.0763831698337586 0.0225553270428401 0.0488249626216227 0.0145719809478313 -0.156490048243906 -0.0841407552444158 -0.0489127858235374 -0.153188707711102
-9999 -9999 -9999 -9999 -9999 -9999 -9999 -9999 -9999 -9999 -9999 -9999 -9999 -9999 -9999 -9999 -9999 -9999 -9999 -9999 0.118717840566168 0.106986132251254 0.0332457879930475 0.0578038341315791 0.0865693515025217 0.0809793725492367 0.105406806783387 0.285508736152948 0.248849185809214 0.296327516319732 0.271776908008345 0.188437692544675 0.166930246151888 -9999 -9999 0.109789670730149 0.116579008995663 -9999 -9999 -9999 -0.0298173296550191 0.0885032286697317 0.0700312360118697 -0.00720931869766604 -0.0604779764958684 -0.120536219721165 -0.10429899787958 -0.0922611873042634 -0.064289498026957
-9999 -9999 -9999 -9999 -9999 -9999 -9999 -9999 -9999 -9999 -9999 -9999 -9999 -9999 -9999 -9999 -9999 -9999 -9999 0.187514768596291 0.154370036417001 0.0612728615959386 0.166039215943256 0.0783419587885971 0.0930732606413601 0.155517046172814 0.0676459175381075 -9999 0.362762271169327 0.309725554395321 0.216302043693053 0.130467117930554 0.171804011403535 0.137840595960141 0.111908340220999 0.123494070604428 0.060948468241644 0.0463174558998 -9999 -9999 -9999 -9999 -0.0537884957415619 -0.0515872403500548 -0.096224436739801 -0.0630768081903855 -0.0785691458475902 -0.066153732305559 -9999
-9999 -9999 -9999 -9999 -9999 -9999 -9999 -9999 -9999 -9999 -9999 -9999 -9999 -9999 -9999 -9999 -9999 -9999 -9999 0.255371935465865 0.202496673431165 0.0423434407912272 -9999 0.306504982139488 0.112719341012046 0.0836282799716817 -9999 -9999 -9999 -9999 0.102598274901266 0.0962801849170861 0.108179225274762 0.125624796397886 0.135713268450343 0.0727436295872155 0.0589521683846191 -9999 0.233120694866605 0.150454496183799 0.10788332072607 0.0780553090439662 0.0275814631722865 -0.0653077185811034 -0.0375414731735897 -0.0937299821821014 -0.0233268358541665 0.0147986121190422 0.0241798695753362
-9999 -9999 -9999 -9999 -9999 -9999 -9999 -9999 -9999 -9999 -9999 -9999 -9999 -9999 -9999 -9999 -9999 -9999 0.167705397474396 0.191521271908218 0.173692995417316 0.140112416888548 0.125615777168828 0.149905590830014 0.112289075688454 0.117746056802851 -9999 -9999 0.0218906948649698 -9999 -9999 -9999 -9999 -9999 0.189608296250703 0.184819796423987 0.110137949453089 0.0270653845647593 -9999 0.0731633436700276 0.0807826284949472 0.107485671180772 0.004731995383707 -0.0266980117117538 0.0923422397765789 0.0147734255363549 -0.00802144698491464 -0.000853952336005513 0.0341731516101506
-9999 -9999 -9999 -9999 -9999 -9999 -9999 -9999 -9999 -9999 -9999 -9999 -9999 -9999 -9999 -9999 -9999 0.214442328867879 0.2032266825072 0.150916619001238 0.171210173124018 0.202724593251685 0.143465487291751 0.15198279620901 0.0926659033993727 0.00261983770986477 0.123241735614718 0.0660970880305544 0.0110252791199366 0.0848239306935658 -9999 -9999 -9999 0.147568095076839 0.161765986107075 0.206965483433067 0.157066145776246 0.0485860034548976 -0.029057301023283 -9999 -9999 -9999 -9999 0.196951272938678 0.187547107816656 0.117114246886052 0.0609457282651546 0.0354420175178204 0.0243081034680551
-9999 -9999 -9999 -9999 -9999 -9999 -9999 -9999 -9999 -9999 -9999 -9999 -9999 -9999 -9999 -9999 -9999 -9999 0.33777293250085 0.261086224454573 0.20662132594606 0.19867726396973 0.15033269660618 0.178196300243933 0.210322030686963 0.187956416818566 0.140441553563768 0.14739468762759 0.0651731446104899 0.0108090453677677 -9999 0.218194348252832 0.158344984979006 0.137926849307385 0.232493735290284 0.206949219213726 0.0884846543541109 0.0209531909635945 -0.0155723026981455 0.0518271571897608 0.0639275304652907 -9999 -9999 0.205877721623733 0.198931143471617 0.112367891813917 0.0757612119778163 0.0791538930476753 0.0282905928778771
-9999 -9999 -9999 -9999 -9999 -9999 -9999 -9999 -9999 -9999 -9999 -9999 -9999 -9999 -9999 -9999 -9999 0.38883320842916 0.32794105952731 0.297958058785097 0.204404316088833 0.30872196666502 0.246143182123872 0.210009115845833 0.24391825855301 0.0895818454366167 0.156750179596009 0.249826456609999 0.127369191674494 0.306858884652015 0.316346932840508 0.254287150218384 0.180702377524852 0.180259074665511 0.139853956505024 0.126803219475657 0.0937483076493845 -0.00551133739945451 -0.0136243932054339 0.0317358481692947 0.0636767909512157 -0.0114096897303278 -0.031175839174445 0.0130826408256069 -9999 0.064328973957602 0.0333640057939693 0.131325406537162 0.0805626533496747
-9999 -9999 -9999 -9999 -9999 -9999 -9999 -9999 -9999 -9999 -9999 -9999 -9999 -9999 -9999 -9999 -9999 0.470723838491522 0.324257751848276 0.193951991060487 0.406017652103471 0.320390943789993 0.288055858463136 0.133504039988302 0.117875292766226 0.0623909798529081 0.0775346607667956 0.137521108872888 0.23058621399369 0.256240189237792 0.272283209911431 0.172118182666438 0.108274015455263 0.210055558982905 0.285058136492385 0.153221989012715 0.0704485632771143 0.0184253673843231 0.0128377416301883 0.0575752299929499 0.0229218260021495 -0.0604295352608004 -0.0109871150077554 -9999 -9999 0.0361275149558183 0.105927456398967 0.148941923232581 0.161187749317599
-9999 -9999 -9999 -9999 -9999 -9999 -9999 -9999 -9999 -9999 -9999 -9999 -9999 -9999 -9999 0.355180673143128 0.32950078133911 0.270174091738253 0.191493582184085 0.154992981673564 0.197578093717864 0.133526961010366 0.255895605410909 -0.0244939296897019 0.0339054727728135 0.111887366680994 0.0951560435021551 0.0420720010223431 0.0645652734931006 0.232987704003508 0.219398055569504 0.166072666938293 0.0986307064264935 0.140607283180489 0.210179918633748 0.184974236880182 0.180521659730628 0.0899185518581538 0.0171821694568797 0.0584261643624318 0.0997092358681756 0.0707499672606111 0.0710575991498944 -9999 -9999 0.0711843858070193 0.131869375405193 0.0695672867278152 0.190764162368921
-9999 -9999 -9999 -9999 -9999 -9999 -9999 -9999 -9999 -9999 -9999 -9999 -9999 -9999 -9999 0.132905839819101 0.395759784440824 0.178370212862862 0.221399292592376 0.221416814453237 0.208535646376867 0.0996265136665264 0.223588932473272 -9999 0.147658487673472 0.161154976737044 0.0155439241163332 0.0723426552740619 0.123663924352446 0.169506544852505 0.139440922834193 0.134473892943618 0.123830778362369 0.101913831016683 0.154024955489041 0.172633774830403 0.147994792861629 0.146005846618585 0.106462382952986 0.080935430119814 0.059787655267144 0.0513099960912838 -9999 -9999 -9999 0.161039894382827 0.126692395557872 0.105881800731625 0.200226134048135
-9999 -9999 -9999 -9999 -9999 -9999 -9999 -9999 -9999 -9999 -9999 -9999 -9999 -9999 0.0127803288842231 0.0906225217845946 0.206501811617986 0.18479200988915 0.210329866819634 0.411979583680007 0.218861010299183 0.159826097823777 0.376969709163042 0.158466662314518 0.279691204215534 0.253752195958751 0.331554237918089 0.110456218392526 0.181587815294599 0.213319246707856 0.0992230665876052 0.0985336010408038 0.198448249072117 0.15835185220518 0.151392706075573 0.109964804955402 0.0626510636940639 0.0665232924341948 0.0743561322834661 0.0514418016726316 0.0144699219499087 0.0443389900443916 -9999 -9999 -9999 -9999 0.101401483567713 0.156189809724689 0.129373969751614
-9999 -9999 -9999 -9999 -9999 -9999 -9999 -9999 -9999 -9999 -9999 -9999 -9999 -9999 0.147587167987856 0.131699674682182 0.144359305076187 0.281993912053325 0.31834170051077 0.324911194957328 0.353680577374233 0.316436048769154 0.301516687285862 0.19031736647612 0.253806454160312 0.321433584137777 0.236038923149702 0.181825478687366 0.213769908289705 0.25712644015163 0.222748965132372 0.202294940608765 0.203763975418405 0.180689553356286 0.16526062066165 0.156779810593514 0.149436886065497 0.0635162390130859 0.0820362241720659 0.0994378919590478 -9999 0.0994142262850607 0.0978769415841228 0.0730313315237561 -9999 0.0466278995472887 0.102937665862415 0.210845904589873 0.207817386493395
-9999 -9999 -9999 -9999 -9999 -9999 -9999 -9999 -9999 -9999 -9999 -9999 -9999 0.222756720472961 0.22607743657423 0.107145852543894 0.0524814907651779 0.266210779559622 0.245474591790977 0.405454755153923 0.255924447924076 0.298142346661935 0.146795491544897 0.143448401148959 0.259049370012652 0.272086720637985 0.245853246976418 0.240044554991128 0.256607738648977 0.31191178918399 0.292801598515605 0.267352671360988 0.295669142211814 0.203186247747498 0.157122445071094 0.126252312005494 -9999 0.0891707251211653 -9999 -9999 -9999 0.0993749979648491 0.0881931507135306 -9999 0.0305571367389687 0.168208382338007 0.0441277515844126 -9999 -9999
-9999 -9999 -9999 -9999 -9999 -9999 -9999 -9999 -9999 -9999 -9999 -9999 -9999 0.205052666393729 0.219515829838937 0.046754863411412 0.150707478757372 0.262157520725921 0.178709745139315 0.142405764095685 0.281326422424364 0.242532720969091 0.253286535851631 -9999 0.263819531547838 0.299102146899446 0.237194036455625 0.223069509582577 -9999 -9999 0.352624819888325 0.186404855342638 0.186993817058129 0.278453344624886 0.190470357468064 0.176766995128058 0.2599381788336 0.260862333723893 0.0873991024414426 0.155583312041263 0.0324751830235983 0.0201495884779476 0.0626437147785993 -9999 -0.0368107274799792 0.0582836645485042 0.110783244846836 0.0495583658309446 0.1065811801707
-9999 -9999 -9999 -9999 -9999 -9999 -9999 -9999 -9999 -9999 -9999 -9999 -9999 0.198368982017586 0.257553064292961 0.245953718190916 0.240738770980068 0.210048166549818 0.168841381607042 0.0974793378059976 0.129150579765762 0.162189294561082 0.264723137694613 0.313523590205201 0.246017565557893 0.188801140799333 0.238292015539681 0.219069291963799 0.237569706183927 -9999 0.431091206499666 0.117783031072846 0.168102691811708 0.175639425457216 0.173158078628426 0.170626439255802 0.148446403795707 0.124289336473383 0.166027260483866 0.0618192566553763 0.0105860574220818 0.0270876555276911 -0.0282775295690246 -0.0162183979312703 -0.0632369861701822 0.0983348000622678 0.0452947812480049 0.0977577478408826 0.133616295056113
-9999 -9999 -9999 -9999 -9999 -9999 -9999 -9999 -9999 -9999 -9999 -9999 0.342024494742882 0.433230801841544 0.293217139892154 0.286780672917849 0.246732995487864 0.233429753866945 0.232313850205904 0.158223648216576 0.197049753489322 0.173244896134991 0.170812896359393 0.331192574277906 0.355866324826342 0.207840232934293 0.227244878308858 0.211944612969981 0.218357501658427 0.24838363151806 0.257587708003991 0.0472259666225389 0.176781379739402 0.324814332910525 0.21746888141952 0.148497923680313 0.136992275372998 0.150896933497226 0.0871266621120364 0.103701444287858 -9999 -9999 -9999 0.0190611995674718 -0.0649323301540493 0.0558258088695024 0.101827529573631 0.130303667067845 0.148926340184308
-9999 -9999 -9999 -9999 -9999 -9999 -9999 -9999 -9999 -9999 -9999 -9999 0.441311028200698 0.332207584292833 0.345661992881443 0.393149460488635 0.301784373353636 0.262221656441714 0.230319593717765 0.23083690910494 0.260467423042458 0.236390484853619 0.235613169650973 -9999 -9999 -9999 0.287895728688333 0.310967853658093 0.238511550488433 0.178467505359704 0.136587050260249 0.0813182038123329 0.14438204414557 0.263215968515131 0.240540122143321 0.181148163397545 0.196158831285153 0.108130229400704 0.0796739759643418 0.0880777826704009 0.0689980391945289 0.0419174050599953 -9999 0.068606380853568 0.033599663093532 0.0525897333068331 0.0188535467493978 0.0924304817381519 0.129010391495114
-9999 -9999 -9999 -9999 -9999 -9999 -9999 -9999 -9999 -9999 -9999 -9999 0.437424723279595 -9999 -9999 -9999 0.358918925447789 0.403187565089617 0.360709840176171 0.314642461023017 -9999 0.226647449596214 0.240774070678816 -9999 0.309263408492196 0.352110427886991 0.276733539728106 0.384782268208687 0.392870381059007 0.270659866459156 0.22468534682046 0.162744010140783 0.16844710245623 0.289485760068182 0.183089378571397 0.171242955378652 -9999 -9999 -9999 0.0499171465353101 0.0437985070039486 0.104812541235606 0.0985024531895381 -0.011671113034453 -0.00651872413465692 0.0160083868365958 0.0249159856127591 0.058428774235409 -9999
-9999 -9999 -9999 -9999 -9999 -9999 -9999 -9999 -9999 -9999 -9999 -9999 0.350297252504494 0.455859219693689 0.542534239194751 -9999 0.351680167975863 0.344993421120615 -9999 -9999 0.518093371960225 0.311022844413753 -9999 0.229853572441502 0.276982283127939 0.305795116321281 0.360875936570584 0.225077053681023 0.259024949309059 0.221890076066907 0.201816966200445 0.231587203617039 0.20327505373181 0.330253201059612 0.0412540002931768 0.193091787788528 -9999 -9999 -9999 0.179641262828499 0.151468320476072 0.112412602748 0.0409818615868234 -9999 0.0477534768730879 0.0686588532669748 0.0688914022083409 0.0601161343018176 0.0290309618902556
-9999 -9999 -9999 -9999 -9999 -9999 -9999 -9999 -9999 -9999 -9999 0.30000363115499 0.377007696889991 0.466744533884137 0.478903326606611 -9999 0.35429674231595 0.351355481117482 -9999 -9999 0.488145506250471 0.405392506307208 0.404032911053458 0.312603029734359 0.230250600493444 0.00665019000370153 0.181293184447957 0.172065957754617 0.246126093005543 0.257294997489976 0.239673096560821 0.264898719770006 0.155451620563878 0.205657075574432 -9999 -9999 -9999 -9999 -9999 0.156801620250361 0.100803357853793 -9999 0.0651754449772252 0.0355120808862009 -7.14179769224859e-05 0.00677742484098976 0.0748233857384497 0.0320321676752311 0.0828593362974247
