data/rasters/s7.17.08.cu.1_xyz_08_.asc
NCOLS 100 
NROWS 100 
XLLCORNER -4 
YLLCORNER -4 
CELLSIZE 0.08 
NODATA_value -9999 
[rows 22 to 43 of 100, columns 0 to 48 of 100]
-9999 -9999 -9999 -9999 -9999 -9999 -9999 -9999 -9999 -9999 -9999 -9999 -9999 -9999 -9999 -9999 -9999 -9999 -9999 -9999 -9999 -9999 -0.333189037806424 -0.307624512096288 -0.210970618949796 -0.149139005197401 -0.104938540171303 -0.155378377495003 -0.183055075609432 -0.109450592679815 -0.165670463496057 -0.168525061171158 -0.206870401006617 -0.359778813779778 -0.308657706110454 -9999 -9999 -9999 -0.364102495000184 -0.225628406560992 -0.159047233524003 -0.145018368448558 -0.0267033055483971 -0.00439086789573249 -0.101198678813189 -0.02694301113449 -0.0415603268798429 -0.0947393295916547 -0.205899267191298
-9999 -9999 -9999 -9999 -9999 -9999 -9999 -9999 -9999 -9999 -9999 -9999 -9999 -9999 -9999 -9999 -9999 -9999 -9999 -9999 -9999 -9999 -0.25487421739095 -0.256038515486228 -0.281225932898447 -0.280112331699596 -0.135405393872291 -0.134794737056528 -0.144116130011779 -9999 -0.124850892764107 -0.116918080449713 -0.141298881887814 -0.166400221624241 -0.284403173594451 -0.193538298060882 -0.526342677177725 -0.270492707991202 -0.171865140558513 -0.18373297489663 -0.0804023821697352 -0.0312363682427761 0.0297429222611343 0.0261593142528801 0.00209290840505941 -0.14903861595227 -0.00225256262000136 -0.0169467631113661 -0.0898646902841721
-9999 -9999 -9999 -9999 -9999 -9999 -9999 -9999 -9999 -9999 -9999 -9999 -9999 -9999 -9999 -9999 -9999 -9999 -9999 -9999 -0.134599377216048 -0.198913063777596 -0.202254867837241 -0.142325678955444 -9999 -0.227472737309873 -0.206635320937181 -0.154723470129552 -0.133653563311806 -9999 -0.00200135462235048 -0.0898028028241454 -0.0861813068799414 -0.0697315983085009 -0.134748356214995 -0.405287788378072 -0.471633995097543 -0.397951604452583 -0.245288198202768 -0.197315015521412 -0.0846455777492057 0.0104776950044056 0.0261606790791995 0.0486477169869473 -0.0266532614467727 -0.164200397205769 -0.0813543130221743 -0.0369874611284155 -0.0413640683310322
-9999 -9999 -9999 -9999 -9999 -9999 -9999 -9999 -9999 -9999 -9999 -9999 -9999 -9999 -9999 -9999 -9999 -9999 -9999 -0.172331088511657 -0.0837975513882484 -0.0543273902687294 -0.114149538200363 -0.126760403361417 -0.133269928174003 -0.211499409762895 -0.259178895966514 -0.0804808605553537 -9999 -9999 -0.0405036062105979 0.00742278186495995 -0.0573514827830553 -0.137978408758391 -0.0845318377430665 -0.183904860802974 -0.347960161777365 -0.312548077511935 -0.253585938379171 -0.22409182843198 -0.143853041176143 -0.0359402401134059 -0.0201829775828268 0.0116266980801885 -0.0517415395353814 -0.0780775437253404 -9999 -9999 -0.124902719322429
-9999 -9999 -9999 -9999 -9999 -9999 -9999 -9999 -9999 -9999 -9999 -9999 -9999 -9999 -9999 -9999 -9999 -9999 -9999 -0.0143731502195364 0.00339701220847363 -0.0133268778341614 -0.0320055683941694 -0.157788635428503 -0.141925498443666 -0.179365551485298 -0.289294770092776 -0.0837944775535164 -9999 0.00889334949339151 0.0503100886169003 -0.00700397000804497 -0.0136589878271401 -0.110389986168491 -0.101282048434907 -0.147577276394623 -0.185909632098572 -0.217538648073591 -0.195277416101208 -0.175491001773686 -0.147241482766498 -0.148853830591634 -0.0587989380101449 -0.0277156057152147 -0.0241025959172188 -0.0405621791020431 -9999 -0.184221973958828 -0.062779200329362
-9999 -9999 -9999 -9999 -9999 -9999 -9999 -9999 -9999 -9999 -9999 -9999 -9999 -9999 -9999 -9999 -9999 -9999 -0.0107773579136479 0.00122602546822864 0.00470574677106038 0.00201377489620489 -0.0382862449930384 -0.0955509644475358 -0.10266372400882 -0.267811839882634 -0.174110161738069 -0.119603553387169 -9999 -9999 0.0511887805960522 0.0358855905607738 -0.0339638456658656 -0.0905854261788021 -0.0677397096425902 -0.065998402098672 -0.140265444176054 -0.183263376963497 -0.161712799407275 -0.116179912236966 -0.117309628017585 -0.160670813220535 -0.0780228452367155 -0.062369974667173 -0.0538998101769016 -0.0542991415584554 -0.220072127920741 -0.198160432634113 -0.0526125743012952
-9999 -9999 -9999 -9999 -9999 -9999 -9999 -9999 -9999 -9999 -9999 -9999 -9999 -9999 -9999 -9999 -9999 -9999 0.00552223077915859 0.00798215537252946 0.0203980674241901 0.00832952851179284 0.00546122028435166 -0.00744876329972853 -0.194171639133161 -0.260676077962164 -0.178410037760229 -0.115228714500154 -9999 -0.207283335944019 -9999 -9999 -0.120908412376333 -0.108323703454155 -0.0503340804165726 -0.0290676113458571 -0.0670080974868967 -0.0446249242432096 -0.100316989160421 -0.0546306491360881 -0.0795847845421529 -0.00844215386853387 -0.0241148408482153 -0.0753117171921211 -0.126440644172132 -0.0576829399830706 -0.184105111595306 -0.165920558754085 0.00823806815177481
-9999 -9999 -9999 -9999 -9999 -9999 -9999 -9999 -9999 -9999 -9999 -9999 -9999 -9999 -9999 -9999 -9999 -0.0166942628570056 0.00213807451757723 -0.0427157336637341 -0.0397724810182273 -0.0479500803462588 -0.0268416269909119 -0.0896146332114309 -0.147849111968217 -0.193582435512729 -9999 -9999 -0.23566262502954 -0.161109606933926 -9999 -9999 -9999 -0.0589019494546881 -0.0295899112439174 0.028110704675512 0.0294345381641964 0.0907181722157987 -0.0446362576755068 0.0546983297395973 0.0397304790011272 0.0323036596202881 -0.0384345210508588 -0.0728296958770008 -0.0968555858303103 -9999 0.0206597625073979 0.046459183874766 0.026871664220207
-9999 -9999 -9999 -9999 -9999 -9999 -9999 -9999 -9999 -9999 -9999 -9999 -9999 -9999 -9999 -9999 -0.0147979914108981 -0.0106006972040182 -0.0174940856403229 -0.0257742147983204 -0.0501332202293795 -0.0496355760246961 -0.127198469905812 -0.142291074159832 -0.132134727666494 -0.210974810291831 -9999 -9999 -0.306255454139061 -0.209210786900867 -0.0505274252090963 -0.21983269609107 -0.145947968822481 -0.0793713065754632 0.0438303419281488 0.101884120353673 0.126238951558378 0.130424675075427 -0.00272343789993827 0.0725956303373284 0.0878292414818 0.0451862094278492 0.0209625501285303 -0.0779325401921116 -0.0909696544501154 -0.0903923515776017 -0.0369982404301168 0.0362250855916647 0.0657776716002463
-9999 -9999 -9999 -9999 -9999 -9999 -9999 -9999 -9999 -9999 -9999 -9999 -9999 -9999 -9999 -9999 0.0115076212110833 -0.0299779425556984 -0.0162280545917846 -0.0307550655039403 -0.0442331063263281 -0.129150692805079 -0.143486657180301 -0.147627125753052 -0.100518031358854 -0.0631921056722167 -0.0656420994556249 -0.286986097030468 -0.299546080811651 -0.344936424794948 -0.105724137900381 -0.201132809565117 -0.136776294068563 -0.0949020861647931 -0.0208687525590162 0.0792369833571976 0.190537156711222 0.140621806627208 0.139302874824564 0.114723969089979 0.072940358499952 0.0478317558065079 0.0209130179774075 -0.0900561184093399 -0.128558749177234 -0.126939349577254 -0.0577424215502598 -0.0671545798520771 0.116901484897729
-9999 -9999 -9999 -9999 -9999 -9999 -9999 -9999 -9999 -9999 -9999 -9999 -9999 -9999 -9999 -0.0575205515127581 0.0411193807163211 0.00907837484687925 0.00761743719191015 -0.0985348716377033 -0.0932999992798063 -0.0468353811219322 -0.134829900270239 -0.131921820878821 -0.108750896995479 -0.114178753675983 -0.109500279059872 -0.304237041577067 -0.321033124992965 -0.33008194449549 -9999 -0.188437005525775 -0.149588765566546 -0.0385335176749839 0.0817816411021623 0.168764161937134 0.205645580394172 0.155308509563895 -0.0140140998344902 0.118883194593273 0.0950268547243631 -0.0620992466992432 -9999 -0.100617872103758 -0.128077435173293 -0.129363444153732 -0.05313915802162 -0.110492070034352 -0.0221426057350773
-9999 -9999 -9999 -9999 -9999 -9999 -9999 -9999 -9999 -9999 -9999 -9999 -9999 -9999 -9999 0.182559611525483 0.125730143339429 0.173227242673204 -9999 0.0540033363052276 -0.139179874706011 -0.0832365622160838 -0.205991681251882 -9999 -0.202496477516388 -9999 -0.166328983096902 -0.19775268995737 -0.28193409317346 -9999 -0.135720312516012 -0.182086114938303 -0.0743616140679836 -0.00182534753884153 0.0891120537078552 0.16651680972216 0.181427132058794 0.166238952803816 0.132530277602301 0.0659437056004323 0.0679484629553985 0.0187578682220104 0.0402106682766302 -0.141581404754978 -0.129262421302556 -0.17133263676203 -0.196509456461903 -0.232331578410899 -0.0952583804145821
-9999 -9999 -9999 -9999 -9999 -9999 -9999 -9999 -9999 -9999 -9999 -9999 -9999 -9999 0.147057639288625 0.18416732062632 0.170129884316729 0.153909120756146 0.0499357590566354 0.02227608242822 -9999 -9999 -0.145624188486055 -0.131391040072553 -0.107734745846546 -9999 -0.218149219761855 -0.34037322137828 -0.165770048985917 -0.241401626463127 -0.158696025373074 -0.071239969866267 -0.0904335383687633 -0.0499855258472286 0.0107848624016523 0.112592854495559 0.172538085650393 0.18431624856864 0.0960813097905602 0.0132732241278544 0.0574197663806064 0.0507515618036294 0.0222235618741257 -0.234227725612073 -0.10728975963341 -0.167789056218788 -9999 -0.161210917074793 -0.182742492400735
-9999 -9999 -9999 -9999 -9999 -9999 -9999 -9999 -9999 -9999 -9999 -9999 -9999 -9999 0.189599641479229 0.235625769818395 0.212713718380139 0.142590754892941 0.141307098189135 0.0216685679819632 -9999 -9999 -9999 -0.137360482698039 -0.0626709775854329 0.00831791030329907 -0.0362127386500246 0.129949792681592 0.0315737921477267 -0.0185723280628675 0.0588848281460663 0.141288999559144 -0.0144513284566308 0.0097463689890231 -0.0434847953723347 0.086888663379541 0.177362155854716 0.105443793756737 0.079304037316262 0.0537781938226866 0.013546762195489 0.0089056864620829 -0.0221505150325185 -0.0445629513367198 -0.146802239588069 -0.0682642431874556 -0.0480704743706783 -0.0727066455376565 -0.101279051165339
-9999 -9999 -9999 -9999 -9999 -9999 -9999 -9999 -9999 -9999 -9999 -9999 -9999 -9999 0.242312136882932 0.237379161883112 0.22822307120313 0.198348687842684 0.157756740573413 0.0302341570235026 0.00905637554228591 -0.0500721481940847 -0.0995969375620946 -9999 -0.0438257239883223 0.029840344645337 0.136902203613116 0.17190717549879 0.211108152592361 0.181141886361672 0.168956914741887 0.129390623710328 0.145448681127445 0.0244331675662911 0.0686345335196111 -9999 -9999 0.0868655757002889 0.0446904513467358 -0.0621334212978025 -0.0554022767047508 0.0442621746858941 0.0016228747613119 -0.0496739211821782 -0.0802509547778527 -0.0349439552579044 -0.0218635662924011 0.00484940517428477 -0.0476752750019539
-9999 -9999 -9999 -9999 -9999 -9999 -9999 -9999 -9999 -9999 -9999 -9999 -9999 -9999 -9999 0.204322167107528 -9999 -9999 -9999 0.185294602369868 0.122060809835054 0.0240600700631394 -0.00206029405580832 0.00628451326133152 -0.0808865023496987 -0.105930307471801 0.0354466994492665 0.206797391390288 0.199557920732045 0.235491852801036 0.194550789692671 0.229742272228595 0.226261097299284 0.188173321391001 0.0710452178771409 0.0160271736353703 -9999 -9999 -9999 -0.0811571570674344 -0.0882389707410163 -0.0428990118551691 0.0245154628030253 0.0325504011286719 0.173760908386007 0.0766035468083665 0.00333799714986496 0.0802259780499535 0.00309784337408145
-9999 -9999 -9999 -9999 -9999 -9999 -9999 -9999 -9999 -9999 -9999 -9999 -9999 -9999 -9999 -9999 0.169982884729679 0.205487552615428 0.178232929748146 0.162027403808231 0.206971382287879 0.0503856125184506 -0.0621137034577534 0.0266024521828358 0.0895825891550516 -0.194616112295844 0.127451451131243 0.194429513110191 0.226911942917279 0.284741484938877 0.243827615660232 0.243686609444467 0.23656731307091 0.228363369987609 0.0819353909754538 -0.0198146330976693 -9999 -9999 -9999 -0.0425463338306569 -0.0320592303754768 0.0425166413723592 0.055823625708242 0.13845230287754 0.213529338309354 0.107931339063427 0.0931589161353575 0.105072124660609 0.139347654070823
-9999 -9999 -9999 -9999 -9999 -9999 -9999 -9999 -9999 -9999 -9999 -9999 -9999 -9999 -9999 0.0499649713750775 0.159271460275845 0.238742086505728 0.198169308226928 0.179115272887957 0.216949250885775 0.200289252858547 0.22405269828443 0.248491418205705 0.0644090732101902 0.0467506136190996 0.176784683413508 0.226158136089847 0.290158413079407 0.326442434310444 0.286347475185131 0.253120476940153 0.234615601027727 0.205241240268914 0.0957945691471436 -0.0732807898564926 0.0487457801757756 0.0811345541956135 0.00744454935497627 -0.0111484994374849 0.0363522925407876 0.0260175031447865 0.112879972254674 0.19925554934083 0.200968043492765 0.16752934005322 0.150870006724342 0.13925963118327 0.151467776851582
-9999 -9999 -9999 -9999 -9999 -9999 -9999 -9999 -9999 -9999 -9999 -9999 -9999 -9999 -9999 0.0596543464106548 0.107703482054277 0.153344901227227 -9999 -9999 -9999 0.316070405155576 0.189640402763453 0.260620714125956 0.0595681993448187 0.133635818028016 0.185858447024821 0.13981111831159 0.292107328171623 0.370054278874524 0.327434287941301 0.280487969910891 0.289533073787055 0.0776775336319424 -0.0407015579564983 0.0501418394159295 0.0636254696106031 0.0843758137105876 0.0717351286958564 0.0393609870706597 0.0648007044763139 0.0540482798922507 0.131064463259149 0.212386850220898 0.214174547810864 0.18324641445746 -9999 -9999 -9999
-9999 -9999 -9999 -9999 -9999 -9999 -9999 -9999 -9999 -9999 -9999 -9999 -9999 -9999 -9999 -0.0621111402883223 0.145397488956926 0.230726991745447 0.302105085508724 0.220051711054113 0.274206028275092 0.295644460391258 0.160325156413895 0.0940878868371671 0.0691089899746465 0.100611635642042 0.14709513133765 0.180249413015971 0.336635871403947 -9999 0.328664825550765 0.296306240194114 0.303972058189027 0.203609599833 0.19820646460049 0.0428291481951046 0.051600260545219 0.0387879479895739 0.0735684487327491 0.0410355566053361 0.0823234072986228 -0.00640655462551709 0.133339047946234 0.139067850690048 0.188923883156185 0.187028159127577 -9999 -9999 0.197859618010788
-9999 -9999 -9999 -9999 -9999 -9999 -9999 -9999 -9999 -9999 -9999 -9999 -9999 -9999 -9999 -9999 0.138763322638572 0.23020068419884 0.296111108797588 0.286246509066216 0.301862440406211 0.241673941533403 0.165244218973592 0.112652774014801 0.0529086081696899 0.100327322596547 0.0967491207285486 0.167219793588285 -9999 0.252543939123935 0.272312732403764 0.238794198748198 -9999 0.163157676656262 0.13307223638449 0.0745714618930655 -9999 -9999 0.0606433752808244 0.0500265943584986 0.0895335738654186 0.0222438092582593 -0.0399219012728794 0.072125352914127 0.122153859148659 0.160730958276545 -9999 -9999 0.20466810857632
-9999 -9999 -9999 -9999 -9999 -9999 -9999 -9999 -9999 -9999 -9999 -9999 -9999 -9999 -9999 -9999 0.153424592414528 -9999 0.269305403627178 0.331356995348608 0.296197730125887 0.296482029632603 0.182883144755788 0.143466449479129 -0.0551458436155357 -0.0167594251697142 0.0549322831137013 0.111395835904976 -9999 -9999 0.213639427521188 0.185835554376994 -9999 0.153189177111542 0.0851443546874413 0.0726537370151679 0.1069120238828 0.218612917676384 0.0663235695298919 0.0962990135516016 0.118860692651228 -0.002269907172379 -0.0717327630704366 0.00803744134223534 -0.0746527725171081 -0.148865282270513 -0.0814722649994247 -0.0513834713925055 0.118260158617342
