data/rasters/s7.17.08.cu.2_xyz_08_.asc
NCOLS 100 
NROWS 100 
XLLCORNER -4 
YLLCORNER -4 
CELLSIZE 0.08 
NODATA_value -9999 
[rows 22 to 43 of 100, columns 49 to 97 of 100]
-0.35165204073779 -0.282197131093476 -0.369423050922197 -0.430674299674222 -0.328505117406879 -0.187494119940682 -0.141279390987769 -9999 -9999 0.0081873368536728 0.0138401069660012 -0.12125067153182 -0.0787519325065399 -0.0555109170170078 0.0251524777904718 0.121649861460866 0.145760141715066 0.00499198577905471 0.313847463257616 0.292787366246556 0.215132017802279 0.286805451912306 -9999 -9999 -0.0928628691050256 -0.170239342267226 -0.245916593101595 -0.204037048542644 -0.192537813186904 -9999 -9999 -9999 -9999 -9999 -9999 -9999 -9999 -9999 -9999 -9999 -9999 -9999 -9999 -9999 -9999 -9999 -9999 -9999 -9999
-0.342805097452138 -0.506150243275869 -0.497403075694071 -0.471756697979004 -0.359494749080597 -0.203604461178702 -0.127568182654007 -0.0920697044332624 -9999 -0.0316647905068802 -0.0202095817523804 -0.08707131191129 -0.0957744184709612 -0.0802472364237186 -0.0933165097302027 0.00905761356037885 0.0513383374488936 0.0546781237623353 -9999 0.30606636390488 0.305429108099858 0.188288886661561 0.131050457261399 -0.0218924134668322 -0.0516669177139891 -0.250865777976942 -0.298682634205136 -0.287510419023332 -0.112563356195459 -0.101654980163349 -9999 -9999 -9999 -9999 -9999 -9999 -9999 -9999 -9999 -9999 -9999 -9999 -9999 -9999 -9999 -9999 -9999 -9999 -9999
-0.476955058134592 -0.511720166198646 -0.426495619614574 -0.386885312537539 -0.377962093341282 -0.286633850216231 -0.0734756441244471 -0.077588556325453 -9999 -0.0371610075756158 -0.0604131881485903 -0.185928253100567 -0.11469747983701 -0.144286660259553 -0.134323831671318 -0.0433435281401997 0.0919758434524078 0.0850543539395119 -9999 -9999 0.24015454848889 0.172764623874464 0.0268408534894571 -0.0453577191365725 0.128859757760498 -0.156479574287495 -0.0536497421957274 -0.346786191120343 -0.294610252150923 -0.176506601057726 -9999 -9999 -9999 -9999 -9999 -9999 -9999 -9999 -9999 -9999 -9999 -9999 -9999 -9999 -9999 -9999 -9999 -9999 -9999
-0.352751453317858 -0.445985886091135 -0.443716597515915 -0.489733853878717 -0.507891683691891 -0.338117336192765 -9999 -0.0956077235379325 -9999 -0.197770887106966 -0.197365472475051 -0.0562383002488349 -0.00928620546924127 -0.0860506737027137 -0.181644107942472 -0.0505649826228422 -0.0596143928096564 -0.071818852031916 -9999 -9999 0.29022783209346 0.0931893897313735 0.0541163607050567 0.00232425233590584 0.0471219739443724 -0.0524160229702463 -0.0342479604010912 -0.320741347967332 -0.323678874342278 -0.120957865874776 -9999 -9999 -9999 -9999 -9999 -9999 -9999 -9999 -9999 -9999 -9999 -9999 -9999 -9999 -9999 -9999 -9999 -9999 -9999
-0.411017721698558 -0.491637338838117 -0.500358232196169 -0.52032001111324 -9999 -9999 -9999 -9999 -9999 -0.246562794148259 -0.233014390788928 -0.206781418546493 -0.146617981243588 -0.0916495593436931 -0.192552023458093 -0.105540957887826 -0.0344057417561777 -9999 0.341103037237753 0.318312506123027 0.357613976048719 0.0892390553733676 0.0627973103281677 0.0749474221607582 -0.0637474686241086 0.0555851038748356 -0.0925459039856332 -0.26673730747859 -0.192701445031655 -9999 -9999 -9999 -9999 -9999 -9999 -9999 -9999 -9999 -9999 -9999 -9999 -9999 -9999 -9999 -9999 -9999 -9999 -9999 -9999
-0.332675108445494 -0.477506231711354 -9999 -9999 -0.403316346766932 -9999 -9999 -9999 -9999 -9999 -9999 -0.218355690565552 -9999 -0.110707363850033 -0.0488465294725218 -0.040179002225963 -9999 0.421204103446006 0.256950920561779 0.237353394299524 -9999 -9999 0.0355605839111729 -0.0817556988215756 -0.102161175437261 0.112870937963967 -0.139279744629959 -0.154316505677872 -0.143213347697556 -0.141023395202651 -0.239386827249905 -9999 -9999 -9999 -9999 -9999 -9999 -9999 -9999 -9999 -9999 -9999 -9999 -9999 -9999 -9999 -9999 -9999 -9999
-0.392600185097433 -0.50795587974098 -0.369315264688274 -0.463211975481485 -0.440811073188338 -9999 -9999 -9999 -9999 -9999 -9999 -9999 0.0895962825472411 0.0491930549399621 -0.104908041985835 -9999 -9999 0.279466848308837 0.180838838628073 -9999 -9999 0.0869824466759733 0.0387138177401512 0.108016479886838 0.072366935145881 0.0806681137561618 0.132115366864183 -0.0286605869684437 -0.0488127131068214 -0.0195279572272818 0.0129056345713821 -0.0204577689713912 -9999 0.0849902891340135 -9999 -9999 -9999 -9999 -9999 -9999 -9999 -9999 -9999 -9999 -9999 -9999 -9999 -9999 -9999
-9999 -0.507426859802316 -0.46730722151848 -0.441365360967177 -9999 -9999 -9999 -9999 -9999 -9999 -0.124141909185677 -0.0984253453014295 -0.123724273158413 0.0243208756916007 -0.0800914216592203 -9999 -9999 -9999 -9999 -9999 -9999 -9999 0.241517812615578 0.155072954748248 0.06009918507261 0.0567753999005753 0.166169168052548 -0.0552959745393086 -0.178923401410743 -0.0361085058150869 -0.0839897560454325 0.0423896972609381 0.150977337624145 -9999 -9999 -9999 -9999 -9999 -9999 -9999 -9999 -9999 -9999 -9999 -9999 -9999 -9999 -9999 -9999
-9999 -9999 -0.42387183451421 -0.413147441828812 -9999 -9999 -9999 -0.159314110413271 -0.245491105599588 -0.314577382069119 -9999 -0.151770677545402 -0.0996963052956056 0.0130755771897959 -9999 -9999 -9999 0.227595506010738 0.252794012581168 -9999 -9999 -9999 -9999 0.471259768159381 0.243410333576736 0.357291457989928 0.29817399191961 -9999 -0.24160412786463 -9999 -0.0370101939012946 0.14187002849212 0.080173940868954 0.0708417409861725 0.0569064812257691 -9999 -9999 -9999 -9999 -9999 -9999 -9999 -9999 -9999 -9999 -9999 -9999 -9999 -9999
-0.262213936161281 -0.229996502575113 -0.215618407429904 -0.21214089897398 -9999 -0.348800236140728 -0.329184425580412 -0.327607602979562 -0.209506974318063 -0.33082403199692 -0.162878211544152 -0.120500102169368 -9999 -0.02571743183927 -9999 -9999 0.177751327290431 0.151528509914237 0.155847535909925 -9999 -9999 -9999 -9999 0.399922757302299 0.28587434851388 0.324630559679565 0.248941134809629 -9999 -9999 0.178177373769928 0.183443789493228 0.0982956185932759 0.0597580223609905 0.0567770599754913 -2.42982071676428e-05 -9999 -9999 -9999 -9999 -9999 -9999 -9999 -9999 -9999 -9999 -9999 -9999 -9999 -9999
-9999 -9999 -0.196373017470357 -0.24426490657321 -0.213895686054736 -0.342650861442813 -0.335756831310143 -0.283088610828242 -0.277112818934031 -0.311554244051396 -0.235882112143684 -0.14817832245788 0.0555787075609252 0.0261998999147381 0.171816021762734 0.222935262027633 0.132054401800683 0.123161715518589 0.057533238564763 0.0733573555544798 0.0606647524852107 -9999 -9999 -9999 -9999 0.297782993150695 0.191604326277735 0.183747789376992 -9999 0.114779670699797 0.0823542478020315 0.0512194960392739 0.0494601808291294 0.0434756646462267 -9999 -9999 -9999 -9999 -9999 -9999 -9999 -9999 -9999 -9999 -9999 -9999 -9999 -9999 -9999
-0.213283632801851 -0.270231104944713 -0.244902204738098 -0.254686683455636 -0.134209634293229 -0.327914480908703 -0.336327295979186 -0.377379507885717 -0.406477776231747 -0.413412552567172 -0.394750670751598 0.00830087306464731 0.01880612762749 0.0340414511126355 0.136115810934158 0.163261033894516 0.131392472655947 0.090018468469454 0.00950897645198036 0.0610662099860711 0.0625540665367843 0.120250130001803 0.0887375832764997 0.232757482774961 0.326796982483408 0.316650983219781 0.168024758596114 0.183684379792635 -9999 0.12386232588908 0.0551645463934996 -0.0487799761694663 0.00352815730212686 0.0542949471354297 0.0573714383710011 0.0850040986647093 -9999 -9999 -9999 -9999 -9999 -9999 -9999 -9999 -9999 -9999 -9999 -9999 -9999
-0.230245655121468 -0.0691016030819439 -0.30588605718662 -0.336045781198967 -9999 -0.315587993968191 -0.356618583209888 -0.393264586723614 -0.418378601047654 -0.278252647724623 -0.239690531982536 -0.243673957411645 -0.0640026216210478 -0.0538412390420217 0.0817570822385274 0.187567337844192 0.182679303511663 -0.0761289218517249 0.0404474052411859 0.208184157109124 0.0473110917389368 0.0409410381774497 0.0257668013910348 0.0258541804364864 0.231684863287767 0.28665274497538 0.305667706792251 -9999 0.122708781952395 -0.0494192829015777 0.0155403981913763 0.00903104528702255 -0.11237787434902 -0.119867863156673 -0.00996124185706786 0.0117373348777204 0.000360623568851687 -9999 -9999 -9999 -9999 -9999 -9999 -9999 -9999 -9999 -9999 -9999 -9999
-0.0158547460402085 -0.104176110212006 -0.255007952937885 -0.285998498089718 -0.263704231160776 -0.372254019137257 -0.328188134219884 -0.304309449643666 -0.196111539394372 -0.262214692728107 -0.344075261882397 -0.348600729277339 -0.0820941597177964 0.0238375446938893 0.0237169676268148 0.127566106184647 -0.064835721537442 -0.047685304624221 -0.09904699802061 0.10867033774866 0.108996165821221 0.111276348086486 -9999 -9999 -9999 0.19441447035171 0.253955664069614 0.0135706162300993 -0.0233923362932751 -0.111631308296097 -0.0996701679988489 0.0821364301177402 0.0695244192984722 -9999 -0.236042776307609 -0.051906312656217 -0.0927447699569797 -9999 -9999 -9999 -9999 -9999 -9999 -9999 -9999 -9999 -9999 -9999 -9999
-0.140184469392841 -0.174754050744791 -0.0371736933011141 -0.169909843597188 -0.200570658557395 -0.29541838794715 -0.393193546508084 -0.447193025760428 -0.05486981751547 -0.427198365244683 -0.369756695820754 -0.298475595544635 -0.21300251355612 -0.18744238322489 -9999 0.00761966344075165 0.0160379406990798 -0.0378394361878405 -0.135769154984243 -0.00264903587860475 -0.176695439306479 -0.180292859852734 -9999 -9999 -9999 0.17482416727055 0.123283549681866 0.0673513233531386 -0.09016940906577 0.105979183889746 -9999 -9999 0.0572530538133606 0.124341693268621 -0.343315016553198 -0.163340852867712 -0.256660920811756 -9999 -9999 -9999 -9999 -9999 -9999 -9999 -9999 -9999 -9999 -9999 -9999
-0.201855986581194 -0.162020531930231 -0.119484830822331 -0.127740151583683 -0.216298321577276 -0.277837026733207 -0.271390698619229 -0.341550791735135 -0.257283934742837 -0.377152645214466 -0.340961777720002 -0.236257427431125 -0.208778640100361 -0.217298480560707 0.0640802476888489 0.035012873372208 0.0380041123906033 -0.0640355951680271 -0.0286344256070005 -0.139592312681223 -0.169131764744951 -0.117807393217921 -9999 -9999 0.126518237556162 0.0936595729853643 0.184956233423564 -0.0108128576531536 -0.0992012609887393 -0.088264047230677 -0.324179609323698 -0.347668941486429 -9999 -9999 -9999 -0.188243524117711 -0.247113821069399 -9999 -9999 -9999 -9999 -9999 -9999 -9999 -9999 -9999 -9999 -9999 -9999
-0.275284658087542 -0.18035670012669 -0.0399079516474405 -0.185749958876375 -0.206544132566669 -0.077139939448567 -0.116733569876379 -0.206111980099355 -0.296175026166232 -0.269512378665363 -0.180237222018589 -0.187837723735216 -0.0268904388445338 -3.70809436017593e-05 -9999 -0.000446481436269487 0.00510081650994554 -0.0513036815816151 0.0226875871046514 -0.11793221591537 -0.192351367237303 -0.135270087726267 -0.0219149602034604 0.0305677207151144 0.0306997351852796 -0.0169702545628349 -0.06407540230126 -0.0580659970687022 -0.159989285264953 -9999 -0.357569090484768 -0.307717272096268 -9999 -9999 -9999 -9999 -9999 -0.182452335119119 -9999 -9999 -9999 -9999 -9999 -9999 -9999 -9999 -9999 -9999 -9999
-0.215191921274953 -0.246070301170092 -0.0439286810658912 -9999 -0.168993506674229 -0.228541652916495 -0.15850373355718 -0.309009333045139 -0.297829365034711 -9999 -0.23485010745274 -0.195913287584166 -0.139080746652472 -0.0320757503353585 -0.0167702171734785 0.0587454996491072 -9999 -0.0483414580667903 -0.0937375987982204 -0.015050854745692 -0.0506589665380612 -0.0464920978984715 -0.0520440521127651 0.0375997054645984 -0.0464185400784402 -0.064963453779045 -0.043249275331402 -0.182873800052554 -0.139887703696074 0.17187613158066 -0.180842025881798 -0.297835642532696 -9999 -9999 -9999 -9999 -9999 -0.108058845510717 -0.110390294751799 -9999 -9999 -9999 -9999 -9999 -9999 -9999 -9999 -9999 -9999
-0.0623657446282037 0.0518966575902182 -0.117606565650377 -0.154169684910656 -0.174423826994779 -0.0338667618800397 -0.11299324967535 -0.148354036084936 -0.135506050023596 -9999 -9999 -0.141696335015608 -0.182702324818817 -0.101625151736846 -0.11354807284477 -0.161785758477611 -9999 -0.0153550824931526 -0.0270029922108997 0.0933170301144072 0.0503590146355817 0.0258524399769654 0.299871974937972 0.0159893889887305 -0.0490920182880222 -0.0541181351474575 -0.0528071429943073 -0.202191819278447 -0.163806010275859 -0.280866836379651 -0.21888766076635 -0.252832389025419 -0.260242749558286 -9999 -9999 -9999 -9999 -0.252663990888234 -0.173497696578326 -9999 -9999 -9999 -9999 -9999 -9999 -9999 -9999 -9999 -9999
-0.223547646518125 0.188286988180975 -0.272005274495003 -0.181658852843615 -0.165849739325038 -0.109808710742608 -0.0966287481177835 -0.0677565615685067 -0.112639338769392 -0.0287065257391167 -0.0837282156855011 -0.203592093947487 -0.197067774638113 -0.172091422370815 0.110609675638275 -9999 0.0569908395323556 -0.019499513000794 0.018272368970485 0.0520886593536692 0.0752192602504912 0.133722494121505 0.350936860325624 0.0648405902799714 -0.00522051095511146 -0.114285292345283 -9999 -0.321656316850398 -9999 -0.271851800087982 -0.269934324289701 -9999 -0.246666650469967 -0.236241073450018 -0.231108186387613 -0.280471545262951 -0.297231522815275 -0.1725492025094 -0.167336513704983 -9999 -9999 -9999 -9999 -9999 -9999 -9999 -9999 -9999 -9999
-0.395685574791214 -0.275705967852158 -0.245446577357288 -0.198036159644255 -0.0647349817177361 -0.048307972499965 -0.0179673206504374 -0.0637703926471885 -0.136705644776118 -0.144513075868337 -0.203092350130868 -0.0345072403961908 -0.161887510699968 -0.167844622100863 -0.134030292414324 -0.160077655826098 -0.00137645453226795 -0.0172601640103967 0.0687662869250467 -0.0502016251340134 0.151617234372116 0.269876396568899 0.323013052793972 0.295258583693313 0.170438914763209 -9999 -9999 -9999 -0.180711135809902 -0.191332584257933 -0.255156025880813 -9999 -9999 -0.248271983496301 -0.277769498223893 -0.34094816897912 -0.252246086333013 -0.126799641592313 -0.195961868817828 -9999 -9999 -9999 -9999 -9999 -9999 -9999 -9999 -9999 -9999
-0.45972042527907 -0.404385063069278 -0.371098134683084 -0.0965893128499646 -0.13386720475067 0.0722371373462927 -0.00538554716543115 0.0290373340750108 0.131485338000589 -0.222866874130968 -0.130203611751084 -0.121846219982747 -0.152720520854441 -0.150927029284515 -0.151851242608159 0.0106393815481175 -0.00490968267956105 0.145055423460504 0.164078294858354 0.223726038039464 0.148948191006971 0.292272730762427 -9999 -9999 -9999 -9999 -9999 -9999 -0.206697034295717 -0.229159825416674 -0.248081969260342 -0.234934633440066 -9999 -0.357396135776723 -0.299882471454596 -0.348970266511349 -0.165402516947992 -0.129080629722066 -0.000309741209585039 0.0206046848473745 -9999 -9999 -9999 -9999 -9999 -9999 -9999 -9999 -9999
