data/rasters/s7.17.08.cu.1_xyz_08_.asc
NCOLS 100 
NROWS 100 
XLLCORNER -4 
YLLCORNER -4 
CELLSIZE 0.08 
NODATA_value -9999 
[rows 22 to 43 of 100, columns 49 to 97 of 100]
-9999 0.0779146074060342 0.0326630107781968 0.0110117737832816 0.0386065455232495 -0.0157654154647625 -0.0181846572964502 -0.0159287487383893 -0.0113709231201508 -0.0138681215426077 -0.0384222921887069 0.0370126465761178 0.0552407624460284 0.0234645891539737 -0.0327138511268739 -0.11061116794058 0.00899145469000791 -0.0340649258741309 -0.101069459485238 -0.0677649755390869 0.0759262108994203 0.105678266637346 0.124647405205947 0.139534217831063 0.0793869851398424 -0.00135627595150694 -0.124039802080027 -9999 -9999 -9999 -9999 -9999 -9999 -9999 -9999 -9999 -9999 -9999 -9999 -9999 -9999 -9999 -9999 -9999 -9999 -9999 -9999 -9999 -9999
0.0374669243617955 0.0413897725145487 0.0346547424587711 0.118581623465291 0.0776619327604482 -0.0167746001706158 0.00604119931841644 -0.0245603883242729 -9999 -9999 -0.0427999231765524 -0.0269171266087314 -9999 0.0263072010921799 -0.0424538424811245 -0.112358545906353 -0.132040926908957 -0.083763314466734 -0.0851755969050042 -0.0185591127072352 0.0481673933792336 0.0774242316418719 0.0601549768398565 0.0162880266684038 -9999 0.0141633347529058 -0.0672102688895153 -9999 -0.312365295271406 -0.330266380232566 -9999 -9999 -9999 -9999 -9999 -9999 -9999 -9999 -9999 -9999 -9999 -9999 -9999 -9999 -9999 -9999 -9999 -9999 -9999
-0.00335409970602072 0.0487338000541256 -0.137604542329131 0.160815090258856 0.13505224926718 0.0170739328738529 0.0698375395098574 0.0217446042783774 -9999 -9999 -9999 -0.0448026642866655 -0.0222186052858969 -0.0181669228815287 -0.0516055686573537 -0.0914060505167492 -0.138350489543423 -0.113780639907647 -9999 0.0101424562812101 -0.0354171879132364 0.00882408981976169 -0.0415667460456392 -0.049026579797672 -9999 0.0764155979180649 0.0667651308373168 -9999 -0.291485757831379 -0.272735621470899 -0.265262168576689 -9999 -9999 -9999 -9999 -9999 -9999 -9999 -9999 -9999 -9999 -9999 -9999 -9999 -9999 -9999 -9999 -9999 -9999
-9999 0.0729073891930201 0.058873601702202 0.147092586900165 0.122574340169025 0.0861107154706326 0.0574093035108486 0.113468523893816 -9999 -0.0354746982584362 -0.0603404227691724 0.0255863700939995 -0.00721365714955232 -0.0165121947294239 -0.0742048102735554 -0.136956415646825 -0.15416318987752 -0.127684899499541 -0.0844107465288401 0.0190288469329214 -0.0643989833376949 -0.0421135050699508 -0.0873273249023141 -0.154498679776044 -0.122532834121213 -0.0814098620865165 0.070613255161326 -9999 -0.348666481070225 -0.225606776562871 -0.140753833511031 -0.0441413390124468 -9999 -9999 -9999 -9999 -9999 -9999 -9999 -9999 -9999 -9999 -9999 -9999 -9999 -9999 -9999 -9999 -9999
-0.0770183195069938 0.077518219766471 0.0754595066456794 0.137969351272523 0.120073387402432 0.090271527243204 -0.0528850237790428 -0.0788435647828846 -9999 -0.024917122529862 -0.0433407320514822 0.0392487112236618 0.041619607522348 -0.0114846015871793 -0.123508697403096 0.0118575308887885 -0.0191259996539393 -0.027015562356589 -9999 -9999 -0.103142856225209 -0.0988047608095555 -0.118364268173738 -0.158225603150037 -0.147985849573513 -9999 -9999 -9999 -0.417497929959228 -0.162446831642302 -0.100533040273086 -0.0247116077392796 -9999 -9999 -9999 -9999 -9999 -9999 -9999 -9999 -9999 -9999 -9999 -9999 -9999 -9999 -9999 -9999 -9999
0.041043778373888 0.0877398185207602 0.0894461672693983 0.0623682008321587 0.0453052631459603 0.0847516137098468 -9999 -0.0989663691557004 -0.132087474878958 -9999 0.00699455976820291 0.102954614623055 0.0888072050409967 0.0274886081501535 -0.0965819070997618 0.0618691674195667 0.0453085824378564 -0.0476588666674364 -0.214948498100504 -9999 -0.0347841010290462 -0.0289223004806413 0.0150753933622981 -0.0958362143023603 -0.146879619718248 -9999 -9999 -0.241587772975278 -0.213916808176431 -0.094371448576264 -0.0137142365120628 -0.0146436256338257 -0.0390859557103287 -9999 -9999 -9999 -9999 -9999 -9999 -9999 -9999 -9999 -9999 -9999 -9999 -9999 -9999 -9999 -9999
0.0371896989200776 0.0427260053210638 0.114027975711727 -0.179300250069779 0.0657508223412988 0.0761217371007042 0.0154305554789112 -0.102662983412728 -0.124208708183246 -0.00170036504145637 0.048329579769566 0.127998045258594 0.0946192858444789 0.0811105960810922 0.0511066565898756 -0.023665245084722 0.0191271540774491 0.0124356573426407 -0.053616924828936 -0.079529222362861 0.010172396602013 0.0614566412518446 0.0469838885645811 0.00148719580728864 -0.0328977922474754 0.0770724804559577 0.131066527120473 -0.238729595690918 -0.162575926466733 -0.0736165299361633 -0.0385955826942585 0.119246673054621 0.0199498640702168 0.0385095298534923 -9999 -9999 -9999 -9999 -9999 -9999 -9999 -9999 -9999 -9999 -9999 -9999 -9999 -9999 -9999
0.0449615667137639 0.106307401003544 0.154837554596433 0.113588865998023 0.0699693493134359 -0.0109021456094025 -0.0723441631046433 -0.09799855272643 -0.0121185858946598 0.0251607468676656 0.0904010142697389 0.128057673844193 0.114521870572751 0.0582040376488384 0.0816971753160496 0.0292874449130339 -0.0859185646792652 -9999 -0.0326083780737039 0.0176373009679799 0.0744588851935662 0.139495590801972 0.170154592705005 0.099372303902279 0.0319306125935996 0.0746022969196176 0.090042659647534 -0.131242342773529 -0.119366805674205 -0.101677865765475 0.00320018843923798 0.111102686322327 0.0518104296122651 0.0321668839183051 -9999 -9999 -9999 -9999 -9999 -9999 -9999 -9999 -9999 -9999 -9999 -9999 -9999 -9999 -9999
0.099803182965923 0.150174653027084 0.111695696955707 0.147107405831532 1.22191253259401e-05 -0.0112003473773485 -0.0377548486571277 -0.065018632678411 -0.0372884413773979 0.123943241685631 0.155743462825526 0.15764184241867 0.0886821842898729 0.123621900067168 0.124677885049171 0.0980885414755298 -0.0707538211069669 -0.163751527464873 0.0905654171336166 0.0641268029354812 0.114354938250845 0.179213468089936 0.217740748030723 0.158612703622332 0.118530117102761 0.0815885189570745 0.0411636224216308 0.0257909582205171 0.00482467087086715 -0.0235700642152831 0.028618334465095 0.139190041334667 0.0595988107115784 0.00228353719403314 0.0152680606418706 -9999 -9999 -9999 -9999 -9999 -9999 -9999 -9999 -9999 -9999 -9999 -9999 -9999 -9999
0.124146753959591 0.116905380856048 0.0943160913838142 0.0618176339717436 -9999 -0.00114850589102776 -0.0312757409838631 -0.0272609847520481 -0.0350948955790941 0.224101550216921 -9999 0.185307533408407 0.139633802763366 0.0446767607767348 0.0837702758817429 0.148985281408325 -9999 -0.0802552597896699 0.0541153262927117 0.108372019513335 0.135428240542158 0.203693137181707 0.220246234689396 0.238517293957988 0.166645983889563 0.205967687383402 0.220049403613781 0.137573962645641 0.0785776776240386 0.198488900939896 0.213984707557196 0.18536079737419 0.0658835099598475 -0.00519437858236875 0.0281153530037164 -9999 -9999 -9999 -9999 -9999 -9999 -9999 -9999 -9999 -9999 -9999 -9999 -9999 -9999
0.0595191596109656 0.103947329741051 0.0676675898143912 0.0779397364160387 0.0799636454705362 -9999 -9999 -9999 -9999 -9999 -9999 0.160120925779773 0.105298603934304 0.0858715980220437 0.039871441977054 -0.0310432036660716 -0.0998393105977758 -0.0405732552334088 0.0570082890175646 0.0622224373437649 0.139705034903928 0.19294052311077 0.207555550080251 0.230409627138238 0.199341848005295 0.134680997549999 0.154319250412959 0.205443482840231 0.0896507493603148 0.229411289175958 0.248302146425473 0.209798963927316 0.195069072821275 0.186531304093155 0.120344333121984 0.0301353189795413 -9999 -9999 -9999 -9999 -9999 -9999 -9999 -9999 -9999 -9999 -9999 -9999 -9999
0.0348033656926449 0.0947469332436473 0.0532912457596953 0.057893259638265 0.107734157365429 0.167577597708731 0.0257070248448978 0.156676283078148 0.251506197544045 0.280709852194988 0.106519588163144 0.133919047576591 0.110384788422415 0.0654271457815643 -0.0262982695617782 -0.0787812376104032 -0.110616237126206 -0.060174037798073 -0.00132720475238347 0.0441242493306029 0.119215614126649 0.180599598320562 0.148085984324592 0.119206393646181 0.223046091787437 0.179466216360968 0.205511091452041 0.174612543214032 0.22744345891548 0.291893134308886 0.284427453737137 0.320258452177532 0.202435826695882 0.251580857848488 0.124287385584327 0.0151865358494385 0.0260107869323424 -9999 -9999 -9999 -9999 -9999 -9999 -9999 -9999 -9999 -9999 -9999 -9999
-0.0260260403285227 0.0342795563483549 0.0494716696135026 0.0685909203859845 0.122637417918548 0.18056412082892 0.114063988115964 0.185205182777715 0.298253808627966 -9999 0.0481505983211315 0.121159694063525 0.0887751485124053 0.0434690283045613 -0.00159298535457039 -0.0316919964289538 -0.150087145083541 -0.0489867830517315 0.0319144906745932 0.00167322909033754 0.0413861432672424 0.114653227261941 0.0786607866093442 0.141872748580431 0.226581175197954 0.186555476208461 0.229116941007769 0.208461294171326 0.257825458447819 0.305341029142978 0.331816565937476 0.35366899766159 0.310457500542272 0.14172136974478 0.206432326095747 0.0412378060716256 0.119001777370282 -9999 -9999 -9999 -9999 -9999 -9999 -9999 -9999 -9999 -9999 -9999 -9999
-0.0605198436487566 -0.0224847859224726 -9999 0.0528676593388922 0.203867085001109 0.245839938702427 0.251426111244156 0.256836716315648 0.29341212814782 0.287482489741867 0.1192871938412 0.153374660276692 0.134828928130009 0.0699212191068604 -0.138690640629214 -9999 -0.118776905050129 -0.064004589518138 -0.0203995055157339 -0.0321904558132527 0.0339568907994085 0.121266260003653 0.0495672615291563 0.0950589327870246 0.173986618174019 0.161385311075368 0.212116150268056 0.199453749113638 0.232776497616685 0.334747286246922 0.354534853368003 0.327481372203289 0.315809852230632 0.192322797849113 0.203973485941529 0.0786834443904439 0.0793750297251679 -9999 -9999 -9999 -9999 -9999 -9999 -9999 -9999 -9999 -9999 -9999 -9999
-0.0432968415495769 -0.02021658536511 -9999 0.105949427662956 0.188689975032516 0.242682391223342 0.250253648460906 0.224505003943547 0.269918065461652 0.0802644053063855 0.195457607575084 0.181189575393764 0.150469476047902 0.161646494133523 -9999 -9999 -9999 0.0975796515777237 -9999 -0.0120733951628074 -9999 -9999 -0.0228992267686708 -0.00478448378562262 0.113551228577382 -9999 -9999 0.149198318316577 0.277873551772736 0.141805794702463 0.338042313875545 0.336626422895925 0.233077621846087 0.186538032666951 0.235018232309784 0.0170993757981974 -0.102504514843509 -9999 -9999 -9999 -9999 -9999 -9999 -9999 -9999 -9999 -9999 -9999 -9999
-0.009384873374753 0.188954246419631 0.213843366894065 0.146579670531706 0.173762816052981 0.255325377961951 0.18766639405883 0.159255868291014 0.16871799946159 0.182130955244834 0.163270513632601 0.185589493649598 0.0648080737860086 0.0984639080146827 -9999 -9999 -9999 0.103606006996537 0.0909849977872981 0.0441561377009698 -0.0634158244379883 -0.213735906931005 -0.0549725253919681 -0.0423842569595629 0.0118025017050567 -9999 -9999 0.0763124608905367 0.109031522839497 0.185426698049567 0.232125079831244 0.296620446621426 0.230908852037572 0.174013304222148 -9999 -0.00690178794841009 -0.108512747307161 -0.108091163328374 -9999 -9999 -9999 -9999 -9999 -9999 -9999 -9999 -9999 -9999 -9999
0.163446043803836 0.197700719828026 0.181417559361402 0.129998814353053 0.178690444994648 0.183459572422621 0.134047799699725 0.114269205565392 0.146086714210286 0.183096601841051 0.142175839741128 0.161702218168987 0.103677859208139 0.0647729318901531 -9999 -9999 0.0998621776279572 0.0626485071570192 0.0939842234296912 0.117627972310508 0.0897808927278538 -0.0787590683800334 -0.0143224464019515 0.0999712418714132 -9999 -9999 -9999 -0.0978398338991184 -0.0229942666952302 0.115348862102152 0.182165180250899 0.176777968781613 0.16342786541275 0.136184857809355 0.122242656479638 0.00485553439415076 -0.0595012684627912 -0.110002643624604 -9999 -9999 -9999 -9999 -9999 -9999 -9999 -9999 -9999 -9999 -9999
0.192216538867096 0.174051434614813 0.110965527257499 0.113494520010873 0.163946061920399 0.154214322164884 0.145694564665417 0.210726006896131 0.175616306544148 0.116138246529241 -9999 0.109252956243629 -9999 -9999 0.172748291545616 -9999 0.138991420617269 0.205552475095685 0.107806156711816 0.155529434207812 0.118470132068355 0.0971260775572464 0.0817102866590696 0.131051334246791 0.0482852453086993 -9999 -9999 -9999 0.00383380974048763 0.0611790261419752 0.0596787748956846 0.0652582210011922 0.0578484411267251 0.0608175030054159 -0.106809278043489 -0.11514822413147 -0.159706524052478 -0.21009637191936 -9999 -9999 -9999 -9999 -9999 -9999 -9999 -9999 -9999 -9999 -9999
0.234634044683035 0.199897760939963 0.199203643915093 0.0918536349260255 0.131984138494662 0.168324346948513 0.152738421831508 0.184875974518599 0.216940399847446 0.157309374375062 0.112300657314255 0.131550036259083 0.0873565865069763 0.161851999851557 0.127919112628905 0.133655166308884 0.21904335056547 0.282551237746123 0.223918459764373 0.249565494433211 0.247677706203865 0.197605842070975 0.0983385813727548 -0.05211414866821 0.00704494401819704 0.0409635216547656 0.111328780217629 0.110336415467219 0.0684604670794085 0.00925237662080135 -9999 0.0527373625958426 -0.0198553027517289 0.0360347125492939 -0.0704608550829713 -0.173318622913507 -9999 -0.257142454972926 -0.268012133512125 -9999 -9999 -9999 -9999 -9999 -9999 -9999 -9999 -9999 -9999
0.250251931923066 0.251821840095828 0.243701583551798 0.046745075916553 0.155557743223561 0.166816979191731 0.117170447692835 0.16372003294475 0.203104280894332 0.176939898189868 0.176009045327633 0.223168491580359 0.0831807283178915 0.164738540119247 0.112692460798138 0.154047300955952 0.264597068116207 0.322593575587176 0.334048015435885 0.260404646933357 0.250849738065939 -9999 -0.0564698159827314 0.0829866494170661 0.0679717168867705 -0.0461783829325103 0.127076219824417 0.109876842648196 0.148054209922662 0.0771207013666557 -0.0800236163556776 -0.0778862593309543 8.79250387593285e-05 -0.038821549718966 -0.233283017962918 -0.298456502581965 -9999 -0.259484494909667 -0.219561459283889 -9999 -9999 -9999 -9999 -9999 -9999 -9999 -9999 -9999 -9999
0.217353574474819 0.258340939893205 0.211235674748366 0.0554558787412288 0.086843062279036 0.0935430123856713 0.112829759979006 -9999 0.260370371027429 0.277784529563258 0.253041144539494 0.235527151759583 0.165577521931335 0.10527596642027 0.14290893778656 0.165948478173505 0.352194005921381 0.331311311632692 -9999 0.286631729357265 0.21502558550665 0.0906824711317536 0.123159939783105 0.0907614615850732 0.0978740383912267 0.157163403748135 0.152630719545913 0.138308420687995 0.1165549487379 0.0747648417346484 -0.0136406219828362 -0.0580109192175198 -0.0207680534222571 0.0913104283338894 -0.318243743532549 -0.366124524827531 -0.348467717417106 -0.303033198916262 -0.206466101513066 -9999 -9999 -9999 -9999 -9999 -9999 -9999 -9999 -9999 -9999
0.206448398469453 0.170149408143016 0.176327305935365 0.0458465806210596 0.110355349254871 0.121100778024768 0.1148270826411 0.118620928524052 0.14395794866858 0.216951643168585 0.282004345495489 0.20034241548862 0.136063912225799 0.118957812483662 0.107475816253726 0.208217914661171 0.250249136163925 0.258204121464 0.260801859722756 0.259784698825303 -9999 0.124245291584064 0.0791064934938656 0.0864988788734 0.125326674387007 0.187765218471873 0.166133748085248 0.227574720886003 0.18348390114398 0.0853642789028755 0.0816385615607109 -0.0984634018089048 -0.00818030499376753 0.0838311052827561 0.097174652319809 -0.341788945699409 -0.399724323907069 -0.26577842462289 -0.209976925544217 -0.202869384841156 -9999 -9999 -9999 -9999 -9999 -9999 -9999 -9999 -9999
