data/rasters/s7.17.08.cu.4_xyz_08_.asc
NCOLS 100 
NROWS 100 
XLLCORNER -4 
YLLCORNER -4 
CELLSIZE 0.08 
NODATA_value -9999 
[rows 22 to 43 of 100, columns 0 to 48 of 100]
-9999 -9999 -9999 -9999 -9999 -9999 -9999 -9999 -9999 -9999 -9999 -9999 -9999 -9999 -9999 -9999 -9999 -9999 -9999 -9999 -9999 -9999 -0.0879340083118331 -0.0460988391916946 0.0539776279218421 0.122073610261356 0.308540840367999 0.657501115203305 0.692423375861031 0.609825762709527 0.64273618642224 0.374401731650037 0.422381552612962 0.488049270654072 0.431900106792151 0.417899715052383 0.363156710301816 0.378735998447581 -9999 0.314696420973575 0.324114335303279 0.213533700083348 0.122742905503011 0.128187810422856 0.0688100315388297 0.177485975309064 0.157161045458365 0.03070291729355 0.163888082066974
-9999 -9999 -9999 -9999 -9999 -9999 -9999 -9999 -9999 -9999 -9999 -9999 -9999 -9999 -9999 -9999 -9999 -9999 -9999 -9999 -9999 -0.234986549243789 -0.163130800726808 -0.115148652852943 -0.0663423794120002 0.201008721422373 0.133337427707202 0.291654556729754 0.479631438096442 0.517443270700536 0.404032711560802 0.314475504589373 0.37467008772732 0.355930070253633 0.322854951366159 0.391960214518827 0.408391286521499 0.361742739639014 0.418379451433558 0.234030692909384 0.266029965712186 0.216753878233909 0.137788853933463 0.00646708855159274 -0.0356044344470934 -0.0887523876044231 -0.0382516193154697 0.0140013408789457 0.108604497214223
-9999 -9999 -9999 -9999 -9999 -9999 -9999 -9999 -9999 -9999 -9999 -9999 -9999 -9999 -9999 -9999 -9999 -9999 -9999 -9999 -0.132854261826636 -0.252058791815985 -0.181770872082817 -0.197487649535893 0.0670133305396666 -0.0802256529200326 0.105946426666988 0.152763576333047 -9999 0.428523435850001 0.308322324622838 0.232062688650589 0.332315339635023 0.374939831419796 0.315502580230077 0.314410727995133 0.382642014814243 0.296681510035849 0.313778196774174 0.111929428849863 0.077729384240883 0.165357971743152 0.0811309644055897 -0.0707150184920168 -0.0945761145971879 -0.114146811696269 -0.0473752451523748 -0.0167141462125443 0.061964816491399
-9999 -9999 -9999 -9999 -9999 -9999 -9999 -9999 -9999 -9999 -9999 -9999 -9999 -9999 -9999 -9999 -9999 -9999 -9999 -0.255383027195279 -0.179434313759949 -0.160381256503789 -0.168661545745589 -0.107998519780897 0.091376807057885 0.0342388728773584 0.185996349194161 -0.256365137413738 0.254898828510752 -9999 0.470260148993182 0.398463064573021 0.335639194155393 0.350304356673026 0.397621930027 0.36596393060604 0.297623499570849 0.202216810762617 0.0670088076956981 0.0887713407852191 0.163249003045473 0.0408823279889562 -0.00228602606297451 -9999 -0.0870861354019693 -0.0834799005933146 -0.132550927135447 -0.107772517932574 0.0419682077540843
-9999 -9999 -9999 -9999 -9999 -9999 -9999 -9999 -9999 -9999 -9999 -9999 -9999 -9999 -9999 -9999 -9999 -9999 -0.214592490298311 -0.242070017914147 -0.275231843534529 -0.175475500289434 -0.142166931916385 0.0316985766755579 0.177758746239004 0.413130283320439 -9999 0.257690772554097 0.253044526338813 0.190040599859535 0.425450690756645 0.42945484035184 0.347110197399965 0.360732390329353 0.329564461446109 0.302673478753579 0.290196931625133 0.0854522479339556 -0.000129981126443213 -0.035339484422988 -0.0463014226554105 -0.111885315322443 -0.0643572340455165 -0.061837300341578 -0.112810502634487 -0.0693604403165466 -0.122414876303355 -0.10482031488582 0.00949854807863041
-9999 -9999 -9999 -9999 -9999 -9999 -9999 -9999 -9999 -9999 -9999 -9999 -9999 -9999 -9999 -9999 -9999 -9999 -0.239538931708743 -0.185703046466524 -0.263614386461421 -0.203179622738539 -9999 0.00621649383932931 0.0516437216304292 -9999 -9999 0.228288806956074 0.20176426509155 0.154138233618552 0.152055966258849 -9999 0.364326854053267 -9999 0.306005410212128 -9999 -9999 0.0725245671036233 -0.109572106976781 -0.130481526853928 -0.138018582738002 -0.131922938933192 -0.139852574358375 -0.117324040499896 -0.148746391568236 -0.205950272329682 -0.163631901752992 -0.0530001277387185 -0.106170409388997
-9999 -9999 -9999 -9999 -9999 -9999 -9999 -9999 -9999 -9999 -9999 -9999 -9999 -9999 -9999 -9999 -9999 -9999 -9999 -0.128619619622544 -0.195675367597551 -0.171873019886439 -0.267585658845695 0.182098297419032 0.147781825735606 0.165133845027085 -9999 0.172770509454657 0.101011293556132 0.150313592552066 0.153744375432141 0.0948601236048966 -0.0238166484864736 -0.0772109214405352 -9999 -0.0017491971732091 -0.0239996457041499 -0.140021843743389 -0.157735855643051 -0.0640078424295028 -0.147071266801833 -0.204532342676929 -9999 -0.173617271657166 -0.141360491150968 -0.180048354126763 -0.162619461934712 -0.207651085042255 -0.374105986865735
-9999 -9999 -9999 -9999 -9999 -9999 -9999 -9999 -9999 -9999 -9999 -9999 -9999 -9999 -9999 -9999 -9999 -9999 -9999 -0.143674949551194 -0.136872385742026 -0.00617190383453081 -0.0155490259314664 0.0772109235170801 0.0862086323172114 0.115331386159416 0.269307641196259 0.119493178366928 0.0429676813490226 0.0739900293320919 0.124091326078935 -0.0340475013600584 -0.163704981472534 -0.182018027726276 -9999 -0.134618454332493 -0.0697934240541317 -0.0758760672920138 -0.116233710136262 -0.0410797370521359 -0.173102315694257 -0.198726721968541 -0.203919535946056 -9999 -9999 -0.129280640834033 -0.0881335706356951 -0.114761275988511 -0.161010979155562
-9999 -9999 -9999 -9999 -9999 -9999 -9999 -9999 -9999 -9999 -9999 -9999 -9999 -9999 -9999 -9999 0.0570277444544918 -9999 0.0364631777401733 -0.0976803783563597 -0.126095287432907 -0.0750384147230357 -0.0442476276867977 0.0830922225262886 0.0980494323997523 0.178254145913945 0.188699998793859 0.151654070345226 0.0479043867549911 0.0304901597075034 0.0328340059244647 -0.107647828234934 -0.163382973121648 -0.262894691590465 -0.111491411672992 -0.150881755102208 -0.096238677385501 -0.0512003522071195 -0.0601110764088109 -0.151347410014943 -0.14634680421484 -0.165573536186576 -0.0995451244019833 -9999 -9999 -9999 -9999 0.00537546598000703 0.0491290884797114
-9999 -9999 -9999 -9999 -9999 -9999 -9999 -9999 -9999 -9999 -9999 -9999 -9999 -9999 -9999 0.0893768588198567 0.0908813574127042 0.100179063986392 -0.0583937691044033 -0.132657591398936 -0.115839992827825 -0.0889632267051142 -0.0449588104912848 0.15302060595716 -9999 0.222410849625989 0.189702366088091 0.200276953726435 0.0920018730676881 -0.0807845328330476 -0.0912977237269769 -9999 -9999 -0.238361076345666 -0.247938031118789 -0.176740215200632 -0.11546070266279 -0.130572105906165 -0.0249317207889196 -0.0616247933533615 -0.181699412077726 -0.175041758514657 -0.079919462718429 -9999 -9999 -9999 -9999 0.366448839996524 0.000468983762744937
-9999 -9999 -9999 -9999 -9999 -9999 -9999 -9999 -9999 -9999 -9999 -9999 -9999 -9999 -9999 0.110886700608612 0.038859738703004 0.0106729233089397 -0.0459967177714265 -0.0828146424111386 -0.0606728834703436 -0.0829340215271752 0.0735355399446917 0.175002296902401 0.169504246925944 0.232643461651904 0.20888488183118 0.121200419661647 0.100515116339942 -0.0657074395008852 -0.174760756165035 -0.175211928612144 -9999 -0.258850144078775 -0.280054294754309 -0.174289275961402 -0.190219570355285 -0.169760618571105 -9999 -0.0981945841936991 -0.10501500867324 -9999 0.0445776042071688 0.111141768991003 0.0337960471804236 0.191596926207223 0.178207548005643 0.262862116611576 0.253250134830992
-9999 -9999 -9999 -9999 -9999 -9999 -9999 -9999 -9999 -9999 -9999 -9999 -9999 -9999 -9999 -9999 -0.0131011657863719 -0.0834093696115631 -0.033786119242866 -0.0805257477713495 -0.0227151235353278 0.0921737493199998 0.0935577131997342 0.220075041468613 0.141397037760424 0.176819609803958 0.0923198447118956 0.0327886787099409 -9999 -0.0763425369197889 -0.236755708482149 -0.193870044521038 -0.213715103622368 -0.249561129512233 -0.305250453592814 -0.108974194803421 -0.126085264470958 -0.105590280192298 -0.147679642418138 -0.148558740588995 -0.132309096150146 -0.0927137341747442 -0.0873992038132188 -0.0196166394594969 -0.0497249964317167 0.135137034812495 0.13620302938647 0.134238388797224 0.250741507123186
-9999 -9999 -9999 -9999 -9999 -9999 -9999 -9999 -9999 -9999 -9999 -9999 -9999 -9999 0.0595161230680366 -0.00143343153881853 -0.0473395142054302 -0.114414813869607 -0.0573387375643734 -0.11612538402864 0.088863030338349 0.103807746213717 0.114572410694251 0.179406007085361 0.167071462673546 0.151479123437113 0.0144407787360439 -0.0788644040548592 -9999 -0.0761121903630352 -0.0146418211801523 0.00821038059526135 0.110836868021719 -0.259953233214609 -0.213841600763098 -0.116170832376851 -0.18335650690603 -0.232156870768363 -9999 -0.236824911643556 -0.174173373019939 -0.101356290650674 -0.102016267250491 -0.0673293818481157 -0.0520410766778654 0.174815277473511 0.132536725032711 0.180476089390489 0.225638665568563
-9999 -9999 -9999 -9999 -9999 -9999 -9999 -9999 -9999 -9999 -9999 -9999 -9999 -9999 -9999 -9999 -0.0947303188886503 0.0701310484472029 -0.0256514594467392 0.0898380493948252 0.164167102346587 0.117246720870894 0.137853928942636 0.205744075969573 0.126278355556397 0.134784808909236 0.0223706595891688 -0.0437844879854885 0.0335461334687456 -0.0977208499073835 -0.122315789879611 -0.0924808709093672 -9999 -0.355825859618757 -0.283576218222001 -0.13990835349315 -0.262192417278767 -0.239348613141037 -9999 -9999 -0.198674838001403 -0.0510837479250092 -0.115284223301901 0.0313268919151626 0.247988514045405 0.2600483188365 -9999 -9999 0.35961597059953
-9999 -9999 -9999 -9999 -9999 -9999 -9999 -9999 -9999 -9999 -9999 -9999 -9999 -0.0684659444665462 -0.0820186562484471 -9999 -0.0323155927123305 -9999 -0.105849252909394 0.00372369421676955 0.163143467984116 0.223512389297814 0.22574338125901 0.17203720820993 0.106531144879992 0.0655803066650066 0.0252409359473544 -0.0302283981428749 -0.0464343321718851 -9999 -0.0406155563079002 0.0523454915958817 -0.135404490603593 -0.301159897081721 -0.24365771732157 -0.203753626272508 -9999 -0.0816554812542938 -0.0719349396202758 -0.0833866982794276 0.154813770452272 0.0150502175416077 0.312797388147413 0.301299763256387 0.271560247958723 0.290345631702829 -9999 -9999 0.278939702424202
-9999 -9999 -9999 -9999 -9999 -9999 -9999 -9999 -9999 -9999 -9999 -9999 -9999 -0.0298080258870253 -0.0605966980917344 -9999 -9999 0.0305687057426362 -0.0702077512426126 -0.0206763282465505 0.1891742351341 0.183567889895921 0.22175420108968 0.268932689956589 0.133342537759718 0.149074529405193 0.0233268240353036 -0.0603675946101738 -9999 0.0470044792368728 0.0112095221951677 -0.20947209566647 -0.343898326053351 -0.33480926657734 -0.214578113473426 -0.204978735626038 -0.195253128548401 -0.217078548920428 -0.155772206638773 -0.0742461797335458 -0.0471900803097488 -0.0939596852336668 -0.283234201158195 0.282036256911821 0.280377270018871 0.396301245605776 -9999 -9999 0.204890340631948
-9999 -9999 -9999 -9999 -9999 -9999 -9999 -9999 -9999 -9999 -9999 -9999 -9999 -9999 -9999 -9999 -9999 -9999 -0.0766938195632396 0.0496258041426046 0.272166429952073 0.147627009989093 0.152222511859828 0.167927538448347 0.204318526215641 -9999 0.249979806668417 -9999 -9999 0.199580058666405 0.079223473715834 -0.345562806194494 -0.248647309982592 -0.269593537764976 -0.220626570846763 -0.213716045200145 -0.291660595568142 -0.321203320348517 -0.280178067860146 -0.147505880781875 -0.125645748132831 -0.0633355418378948 0.260834359785639 0.348835983960531 0.381205444812726 0.3722260447809 0.32911899106514 -9999 -9999
-9999 -9999 -9999 -9999 -9999 -9999 -9999 -9999 -9999 -9999 -9999 -9999 0.273369765871009 -9999 -9999 -9999 -9999 -9999 -9999 0.251648156246922 0.198490825509454 0.0909487963306909 0.0667175646485841 0.0879767960028844 0.192345545327 0.245447854754673 0.21564228095141 0.252404876003462 -9999 -9999 0.170398378378445 -0.424372570318077 -0.263379699847107 -9999 -0.159981910953291 -0.281243140245839 -0.347581825421078 -0.388280915880558 -0.310356181511955 -9999 -0.046654730799605 -0.198466565641368 0.120484676812475 0.203499333717668 0.367276240497167 0.317478747113834 0.276886235276491 -9999 -9999
-9999 -9999 -9999 -9999 -9999 -9999 -9999 -9999 -9999 -9999 -9999 -9999 0.19459678452775 0.140526841691288 -9999 -9999 0.276845463011565 -9999 -9999 0.265154198910431 0.215997651633607 0.107332018168809 0.00436234201925145 0.00120697541386966 0.0312130054365111 0.155523883742391 0.191455057640049 0.200141302569302 0.265202061852481 -9999 0.0470800969640717 -0.118045303961173 -0.140315979581996 -0.124391043457346 -9999 -0.444887119279882 -0.446480362026017 -0.397018753597114 -0.386253446391772 -0.448105630147591 -0.424377957844748 -0.213566919976344 -0.0780441777509967 0.0289957149547268 0.307634447001735 0.281165045069226 0.340602378658026 0.461152598381585 0.510284830838464
-9999 -9999 -9999 -9999 -9999 -9999 -9999 -9999 -9999 -9999 -9999 -9999 0.17883067374669 0.173981222277171 0.195450751496049 0.204244536224707 0.20687879762061 0.258426650328914 0.147911758302101 0.211822912910105 0.168917894355575 0.0955525306824313 -0.0821835971947791 -0.0832589975642295 -0.158665305059766 0.00286591815712032 0.143911332216525 0.175077490378488 0.0952535888873576 0.0511041073249739 0.00788692319846127 -0.0710776289157149 -0.0933759357107331 -0.117834269728397 -0.36845837104498 -0.385310299748573 -0.485760480203485 -9999 -9999 -0.499753011709507 -0.407857453242766 -0.205696868457212 -0.0587497036420256 -0.124446552911838 0.231664827118524 0.25302187454208 0.399460861693229 0.408871302417749 0.412491477801968
-9999 -9999 -9999 -9999 -9999 -9999 -9999 -9999 -9999 -9999 -9999 -9999 0.166468376202437 0.172226145382865 0.19097890133025 0.155099787411128 0.140130192997005 0.227858257329962 0.118220288529702 0.0273587117189368 0.0203656733965358 0.00405253129417054 -0.0523570351823534 -0.0261157835468645 0.027862764478433 0.0124614764698407 0.150182716737025 0.153043209330606 0.0141188086905538 0.0296001809132215 0.0362629328240509 -9999 -0.13318194041765 -9999 -0.37005414314718 -0.365401523667257 -0.458307634651083 -9999 -0.384168267867766 -0.455174962657993 -0.402038400250553 -0.314181951809788 -0.203329818335596 -0.147695596059819 -0.0197176443824085 0.139114079178446 0.408056803959374 0.303506171409765 0.344858660082838
-9999 -9999 -9999 -9999 -9999 -9999 -9999 -9999 -9999 -9999 -9999 -9999 0.156208091644193 -9999 -9999 -9999 0.0906600154715172 0.119647845347907 0.0693064035996186 -0.0203684323158305 -0.0188758375981284 -0.00646378166023765 -0.1241249049826 -0.118627964116539 -0.137115640263144 -0.0445621595837918 0.0352781998810263 0.116938172137127 0.0204539341270302 -9999 0.0223993971874962 0.0569765067274737 -9999 0.0272731728684848 -0.370066591083747 -0.456274368523273 -0.453175139989426 -0.354713963841135 -0.461793440450934 -0.480004508876789 -0.416904426643968 -0.317745540832522 -0.0835055884863232 -0.097248205157867 -0.0428907984163623 0.0814395969488339 0.222563369721062 0.320023832562944 0.256556340139789
