data/rasters/s7.17.08.li.5_xyz_08_.asc
NCOLS 100 
NROWS 100 
XLLCORNER -4 
YLLCORNER -4 
CELLSIZE 0.08 
NODATA_value -9999 
[rows 44 to 65 of 100, columns 50 to 99 of 100]
-9999 0.1154100818653 0.138998972808611 -9999 0.152219705927704 0.0954747649216097 0.0351187172628643 -9999 -9999 -9999 -9999 -9999 0.114291171418751 0.20377050726347 0.255165577052448 -9999 -9999 0.0850394490150613 0.233841994223646 0.158274195360065 0.148472753049529 0.216622240071661 0.147089177402673 0.153493639712159 -9999 0.0535572915714076 0.000650727822453067 0.107906085065606 0.043440737412805 0.204804659505272 -0.108870409824262 -0.115242836619461 -0.156106916308071 -0.116294782073311 -0.193468230549905 -0.0809890320359644 -0.117587643495968 -0.0326248373774232 -9999 -9999 -9999 -9999 -9999 -9999 -9999 -9999 -9999 -9999 -9999 -9999
0.025197273629568 0.0916064746075216 0.0792390890336407 0.145373628935507 0.180534110870571 0.0983398446630278 0.0600069317453998 0.0766699556218523 0.0729621570063048 0.0664792613899932 0.119512821566745 0.124107947782702 0.117141765410031 0.0667070809576596 -9999 0.0917629106255119 -9999 0.0825253392690459 0.0948933105925583 0.116240440535442 -9999 0.205446528874038 0.12431891736439 0.123701744246225 -9999 -9999 0.113957393470479 0.183530360418429 0.220597889844771 0.213727525302807 -0.0875607983622068 -0.0869696014777163 -0.112585215571037 -0.127195676263535 0.00798613778561245 -0.0704056446921086 -0.133000046148888 -0.0101688841409695 -9999 -9999 -9999 -9999 -9999 -9999 -9999 -9999 -9999 -9999 -9999 -9999
0.218875343516994 0.130659081920896 0.0939546002817842 0.197226680681946 0.133808396020212 0.0419397664297576 -0.0348079412188319 0.0357865549523254 -0.0314716285625857 0.0471860218045195 0.117695087207086 0.0918493237072795 0.145235039003343 0.118428055504043 -9999 0.0871897625349985 0.0824384694770252 0.0339574497536129 0.0777929079158256 0.0945783545502366 0.161865610377186 0.172102700789254 0.134472127018339 -9999 0.158827346312659 0.105837155148037 0.183013131841912 0.218696646131469 0.206164585400159 -9999 -9999 -0.0130718270675776 -0.0906460228673833 -9999 0.0569087563369428 -0.060807588733208 -0.117713566419192 -9999 -9999 -9999 -9999 -9999 -9999 -9999 -9999 -9999 -9999 -9999 -9999 -9999
-9999 -9999 -9999 -9999 0.122225087453679 -0.00098594593976736 -0.0322085516037889 -0.0401037253751907 -0.0608066787825351 -0.141581985265797 -0.0264525506368579 -0.00935496291835257 0.124602104823377 0.16838490387498 0.0865365074596498 0.0546492931944969 0.115636903481515 0.0712947512417845 0.107018260633225 0.132675081738601 0.192708669257274 0.190618850850518 0.133763781961513 0.116804055631846 0.097012215046189 0.0415255940046314 0.103748306553475 0.071534906560438 0.148774673743157 0.0213900911284606 0.0422486311628537 0.0798547323467717 -9999 0.0796390648659335 0.0915080625998403 0.0414120807910663 0.129673377826107 0.122095487364362 -9999 -9999 -9999 -9999 -9999 -9999 -9999 -9999 -9999 -9999 -9999 -9999
-9999 -9999 -9999 0.145922440112308 0.081587277892331 0.109973558103608 -0.0256312090606205 -0.0878214688296194 -0.111269091088133 -0.137086097713826 0.0687925563208703 0.082689005759957 -0.0689543916261699 -9999 0.0959734169210595 0.055749269482959 0.170481471731887 0.184229303782104 0.176017139362021 0.192934259365235 -9999 0.148974484685085 0.218160481416149 0.207856723940778 0.156476973344989 0.11760918108478 0.0920472973833205 0.0662541165648612 0.0681273254665046 0.219826232767809 0.0721971071279796 0.0665675920643458 0.0834019541535795 0.0723758737674963 0.112424526350653 0.101898795272715 0.137285922550315 0.136142121646274 0.139250491907852 -9999 -9999 -9999 -9999 -9999 -9999 -9999 -9999 -9999 -9999 -9999
-9999 -9999 -9999 -9999 0.0841994787242023 -0.0277946624067732 -0.0347138277189369 -0.0675877309891277 -0.116192495148122 -0.142197869841243 -0.0634675906599335 -0.0391490521612088 -0.0671100756599926 0.0242317290920035 0.121893391165916 -0.00127754946442287 0.278723886576292 0.258655322308583 0.2341221344141 0.208730508230066 -9999 0.205996718764379 0.229394967477952 0.251556062001437 0.27134579658229 0.226200601958967 0.204991644742201 -9999 0.192085512393345 0.353189737219951 0.072744697078934 0.11059030313274 0.07737742501434 0.0561249266290045 0.0752829187248902 0.0933340128189054 0.129447770079267 0.115076857761844 0.105645546443506 -9999 -9999 -9999 -9999 -9999 -9999 -9999 -9999 -9999 -9999 -9999
-9999 -9999 -9999 -9999 -0.0106124449626608 0.00112357576348053 0.00199696711900767 -0.0592946082992341 -0.0952388817559915 -9999 -0.132886662882882 -0.032760154772072 -0.054388685998504 -0.0549344903082571 -9999 0.033503015639297 0.192107722363955 0.299325037894279 0.245205425620605 0.184283201600308 -9999 0.167037287156031 0.235138437776775 -9999 -9999 -9999 -9999 -9999 -9999 0.281279356401568 -9999 -9999 0.0910373528365417 0.0760032452457195 0.063726195960516 0.0794713356064108 -0.028292019724171 -0.00116541589537096 0.0481473430965293 -9999 -9999 -9999 -9999 -9999 -9999 -9999 -9999 -9999 -9999 -9999
-9999 -9999 -9999 0.0293329717854507 0.0861834369253108 0.0917579718837194 -0.0293177950260755 -0.0106336101660631 0.0790463590441193 -9999 -0.131840372201895 -0.0810480132091494 -0.0764470047996997 -0.0415612076540305 0.340606960142548 0.224186837980618 0.362789763053657 0.295355333100231 0.248493260599527 -9999 -9999 0.21340903208236 0.331129589218672 -9999 -9999 -9999 -9999 -9999 0.219259372513453 0.23386199551527 -9999 -9999 0.135739135337181 0.162620247960276 0.118474385235128 0.0745141376059197 0.0635374153060744 0.0558346673229794 0.0281848058894606 -9999 -9999 -9999 -9999 -9999 -9999 -9999 -9999 -9999 -9999 -9999
-9999 -9999 -0.000897725671573098 0.0285199041639756 -9999 0.441756374788402 -9999 -9999 -9999 -0.118587188549264 -0.0964786698029248 -0.10027664262452 -0.101262016970962 -0.0991728656681885 0.231832152599552 0.151710380507272 0.0899841714000653 0.167657976821787 0.274921978445084 0.166224259247492 0.215606333589449 0.323575104747702 0.315719689756902 -9999 0.210412425912876 0.197036276575073 -9999 0.249694229828636 0.263575060567894 0.202437766163437 0.328163743798538 -9999 0.143140922719265 0.147497969718988 0.16721182318097 0.11037269031243 0.0656922217865471 0.127028643965318 0.107602014996587 -9999 -9999 -9999 -9999 -9999 -9999 -9999 -9999 -9999 -9999 -9999
-9999 0.16006071100769 0.151050121597329 0.0375833354711303 0.0899486331250879 0.552178715212776 0.585812793279846 -9999 -0.0967515687055762 -0.122109060634749 -0.0832673137530404 -0.0860542908501123 -0.0172986954949187 -0.0367991438237408 -9999 0.202778795528423 0.144803466544577 -9999 0.22532984365852 0.206075836012049 0.211230904259497 0.321603986005503 0.358777788334268 -9999 0.272120747942558 0.190368490268908 -9999 0.254945892908674 0.213148401801847 0.161517297766081 0.162853932393137 0.0975563765280093 0.162887450953421 0.110572914705473 0.118344591271449 0.155826027656307 0.078632224377964 0.258931225941416 0.185317981833724 -9999 -9999 -9999 -9999 -9999 -9999 -9999 -9999 -9999 -9999 -9999
0.119000336102462 0.102726571199216 0.0672968597502523 0.119257239240973 0.260863134904985 -9999 -9999 -0.161944791914878 -0.134687485824308 -0.00251736869777174 -0.0920916665399949 -0.0821297207040377 -0.0534407626327706 0.0807806489746612 -9999 0.094345566799204 0.0518155586256242 0.157798998385521 0.192100315575178 0.229111139874084 -9999 0.306237376600545 -9999 0.140515382493814 0.288756577645817 0.221970116983586 0.225819578351217 0.267164911631563 0.289490921403285 0.190415298700528 0.223650407329413 0.0655484817435819 0.127581866453894 0.0198681536232848 0.0528873508769569 0.0536565836306029 0.0763160403360801 -9999 -9999 -9999 -9999 -9999 -9999 -9999 -9999 -9999 -9999 -9999 -9999 -9999
-0.0231479325051666 -0.0613359305507556 0.0533242329182365 0.180945059917831 0.243415904930663 -9999 -0.1430624100809 -0.119598659997531 -0.0691100210171885 0.0489646415713907 -0.0955575160032395 -0.0456349367740604 0.0302429736281385 0.0746971590812021 0.103593025475795 0.114509865523544 0.104047577018758 -9999 0.195675243090657 0.203680946528872 -9999 -9999 0.261437814107766 0.246987181873586 0.145035656674623 0.178318175653745 0.165093797915374 0.363311202224871 -9999 -9999 -9999 0.096916152743002 0.0844452808555302 0.10667568985855 0.0448390977542353 0.101705186403482 0.117132018077706 0.0429946971091347 -0.0231818601293134 -9999 -9999 -9999 -9999 -9999 -9999 -9999 -9999 -9999 -9999 -9999
-0.0720791355239895 -0.117863694059716 -0.0966413816044737 0.0388463598965658 0.0339757468124823 -0.0628356572721279 -0.0587956383059031 -0.076285175515673 -9999 -0.0548126381162399 -0.0888479343689316 -0.0305562388206743 0.140547992250832 0.117589978029984 0.0405576659823785 0.0872352645890179 0.140306015401859 0.169925964466727 -9999 0.206895458674559 0.235782126955228 -9999 -9999 0.226375800536453 0.156586419296141 0.158425736629504 0.173359863420141 -9999 -9999 -9999 0.123351145728864 0.10812076966904 0.0679176359926618 0.089770796226436 0.108739662872029 0.208147613978698 0.148236614582359 0.106763246779915 0.0231204774075174 -9999 -9999 -9999 -9999 -9999 -9999 -9999 -9999 -9999 -9999 -9999
-0.04813223136603 -0.00325754237325481 -0.0082351221048409 0.0147477982453416 -0.0578250039848994 -0.0627396035635972 -0.103748216732594 -0.0954445017127286 -0.0328980686483805 -0.0989490207689588 -0.097524083201568 -0.0236889378423004 0.143892624854949 0.00342318265698459 -9999 0.186798473450618 0.233127745736638 0.133213518880908 0.104278621555289 0.267176014043559 -9999 0.336395029885306 0.339886174607914 0.240851860723738 0.181226559879065 0.167189315246487 -9999 -9999 -9999 0.167981522477112 0.171456435722093 0.133366380844383 0.131076351129058 0.110156331082442 0.185783482494444 0.149031557426129 0.161812000585491 0.159764817650321 -9999 -9999 -9999 -9999 -9999 -9999 -9999 -9999 -9999 -9999 -9999 -9999
-0.0858720601668705 -0.000151235516691037 -0.0284813175763088 0.0031400007061688 -0.006663760367027 0.000516397610051735 0.0177703645826868 -0.0758603817475514 -0.0945548422524774 -0.101878988430472 -0.0516263245641564 0.0522577493237104 0.0892160711099087 0.243098230302279 0.198036543487448 -9999 0.109498222724398 0.103269005584622 0.135864865691289 0.14007383274521 0.266792724193802 0.293171615850733 0.161709109730343 0.233167290924078 0.243475235565096 0.258095340982634 -9999 -9999 0.00716464393666382 0.176835997057244 0.185865292081294 -9999 0.189861022810564 -9999 -9999 0.131604335026945 0.148014634182825 0.201353554303332 -9999 -9999 -9999 -9999 -9999 -9999 -9999 -9999 -9999 -9999 -9999 -9999
-0.145295365853434 -0.140657836547669 -0.109353813474127 -0.127943119799052 0.0936602577466936 0.138266531936092 0.125404927296812 -0.0404387844131692 -0.0238986439659525 -0.0303649685322445 0.0982421183435544 0.0653513298209226 0.169872944743269 0.191632397435497 -9999 -9999 0.133334837770942 0.136895631125191 -9999 0.204433805322186 0.212664016367217 0.174939255377497 0.188938476779579 0.182902545278711 0.197556795462531 0.224172592175791 0.100063185208634 0.0922705510518381 0.0362912804615665 0.220010770518626 -9999 0.156212169824902 0.209801326909851 0.20168658354311 0.103541407521977 0.2257060068834 0.230352193849877 -9999 -9999 -9999 -9999 -9999 -9999 -9999 -9999 -9999 -9999 -9999 -9999 -9999
-9999 -9999 0.0088311645693419 0.079519470832319 0.115793727268325 0.148573691688243 0.11253324780861 -0.0338477663779273 -0.0326631463519737 0.0049601377276438 0.0501039885991866 0.0167713792521604 0.0346385740459852 0.175404997933583 0.199659067864454 0.137279296779311 0.0681573050735156 0.120919897177311 0.00530784282261144 0.096114540629692 0.0559964212271142 0.00900628564984217 0.0252492361434993 0.0688235502083684 0.107403975515435 0.137656654643271 0.0701875128489837 0.0207464190168649 0.148585031317824 0.215897719796781 0.0662851021819928 0.108974332446527 0.239064273357532 0.274507865319249 0.162163812153523 0.243762687555145 0.314103869160981 0.304366802440574 -9999 -9999 -9999 -9999 -9999 -9999 -9999 -9999 -9999 -9999 -9999 -9999
-0.0867468097699602 -0.0740568232228697 0.00028581519254477 0.0653828448224544 0.0604640688603905 0.110430864717793 0.061963449395021 -0.00866894593936108 -9999 -9999 0.0469805230768287 0.0443987409007106 -9999 0.252018069232531 0.180923905128792 0.0445691128373208 -0.000131473465532685 0.0252984339331216 0.0864067755467326 0.130017662827479 0.0355777528787514 -0.0128054390084608 0.0832964958682903 -9999 -9999 0.13268959112026 0.130858325514807 0.0837772236024781 0.120327716277087 0.080213139589097 0.0962792821660445 0.146835283284175 0.211359407284138 0.313560368790615 0.165296594066504 0.239029421728948 -9999 -9999 -9999 -9999 -9999 -9999 -9999 -9999 -9999 -9999 -9999 -9999 -9999 -9999
-0.0726166351561161 -0.0797813346079205 -0.006560040569329 -0.0635077404632488 -0.0550266211530426 -0.0135105937262874 0.0309802588490499 0.046238386526941 -9999 -9999 0.0220943474808481 0.0286232481600403 -9999 -9999 -9999 -9999 0.027744401959235 -0.0671072835963139 -0.0652711599197404 -0.0857059314652018 0.0188903749814345 -9999 0.0755263294172736 0.0418818423778038 -0.0245702771048729 -9999 0.139234556016215 0.119775543762271 -9999 0.10954576710367 0.116872789792779 0.0817950655886344 0.19145291133538 -9999 0.231996545456277 0.221276828011338 -9999 -9999 -9999 -9999 -9999 -9999 -9999 -9999 -9999 -9999 -9999 -9999 -9999 -9999
-0.0683105906743162 0.122303847723887 0.147899735376504 -0.0223616670751142 -0.0390708101985224 -0.0200152733252266 -0.0257273396090255 -9999 -0.127692698324446 -0.108387189063976 -0.0458128094099565 0.000177956337609409 -0.106061360238136 -9999 0.122553882124814 0.205671301369907 0.114011060910652 0.047326503549081 -0.0212438545897349 -0.0833249863693604 -0.0542639603415316 -9999 -9999 0.0366031758834593 -0.014909559195832 0.0722125797577672 0.0904044739517364 0.12938194042885 -9999 0.141208631034283 0.122319412886836 0.10153729300017 0.123666012265429 -9999 0.161068764038156 0.271597679884539 -9999 -9999 -9999 -9999 -9999 -9999 -9999 -9999 -9999 -9999 -9999 -9999 -9999 -9999
0.0745329223741621 0.0991123767516079 0.118522221366531 0.0682456663265307 -0.0681821356443264 -0.0476459958264007 -0.0600333402786056 -9999 -0.0539352282357082 -0.0844967811343114 -0.0167306702795403 -0.0335387636904738 -0.041634405679802 0.0624616479254416 0.130827495083118 0.163079217268808 0.0898520143156104 -0.00037171828015174 -0.0205099434297156 -0.0735142653610709 -0.0418777701990667 0.23960932562372 0.00448185661830797 0.0158484588721485 0.0250935824067317 0.0530116718576506 0.0459553236115204 0.10552526283991 -9999 -9999 -9999 -9999 -9999 -9999 0.22810454119682 0.226641040050892 -9999 -9999 -9999 -9999 -9999 -9999 -9999 -9999 -9999 -9999 -9999 -9999 -9999 -9999
0.0999416818090007 -9999 0.117384786261609 0.121429418382717 0.0536989030902361 0.00621254601552176 -0.0452668374670065 0.0515411351153953 0.0465256186048051 -0.0045393830855287 -0.0650846553380392 0.0210336489883506 0.0287364932217327 0.0991840061046348 0.0792489090872003 0.0721322585866014 0.0250055734963103 -0.0733469345951175 -0.111062261891873 -0.0822662618575266 -0.0657243302880166 0.24870866399492 0.0459062060423075 0.0296478105591559 0.0282409308369119 0.0420703808528648 0.0255709302807782 0.145060424922582 0.0982349672458633 0.103743903726249 -9999 -9999 -9999 -9999 -9999 -9999 -9999 -9999 -9999 -9999 -9999 -9999 -9999 -9999 -9999 -9999 -9999 -9999 -9999 -9999
