data/rasters/s7.17.08.cu.5_xyz_08_.asc
NCOLS 100 
NROWS 100 
XLLCORNER -4 
YLLCORNER -4 
CELLSIZE 0.08 
NODATA_value -9999 
[rows 21 to 41 of 100, columns 0 to 47 of 100]
-9999 -9999 -9999 -9999 -9999 -9999 -9999 -9999 -9999 -9999 -9999 -9999 -9999 -9999 -9999 -9999 -9999 -9999 -9999 -9999 -9999 -9999 -9999 0.115863171932735 0.107497107415024 0.10774110643685 0.15742216012053 0.174376751841809 0.223179689239381 0.24434599156587 0.183945544344258 0.110269911708745 0.14202048108688 0.0915457258315652 0.0211020866718672 0.0187080755198757 0.10620888774559 0.0716164716306119 0.289968863822022 0.192563924504298 0.0784172819737351 0.0169357542954778 0.0156117891965437 0.0433437886357012 -0.0523249503230146 0.0308280378759562 0.0126261549648115 -0.0432816567064591
-9999 -9999 -9999 -9999 -9999 -9999 -9999 -9999 -9999 -9999 -9999 -9999 -9999 -9999 -9999 -9999 -9999 -9999 -9999 -9999 -9999 -9999 0.127853130036924 0.139534479149643 0.115193562072081 0.139009560488051 0.169126734984431 0.199460782936697 0.192108743491236 0.253333592847276 0.24201946833648 0.140183284821264 0.0965718382313624 0.0775569620966234 0.0571310616891844 0.135207159560097 0.173313536516228 0.215683083599279 0.361255681156855 0.265514422663926 0.155943580549412 0.161017165264902 -0.0102470974934189 -0.0101205878129441 -0.0959058596587389 -0.0844460375871889 -0.032675998355958 -0.0339707624480254
-9999 -9999 -9999 -9999 -9999 -9999 -9999 -9999 -9999 -9999 -9999 -9999 -9999 -9999 -9999 -9999 -9999 -9999 -9999 -9999 -9999 0.0773732149398753 0.145069069143303 0.161643696608337 0.149964348278403 0.151388210253835 0.185913110366503 0.160543879778693 0.257118046805509 0.26693268707819 0.197916402132636 0.0883870653957407 0.0927235026023255 0.114886128923152 0.12788189473892 0.105682657002508 0.233738659766249 -9999 0.369738839452743 0.249116996494172 0.27768253688225 0.150068147105058 0.101376745890545 -0.0329375086903624 -0.0365842934423696 -0.0706356507438196 -0.0795179789464937 -0.0673517518038851
-9999 -9999 -9999 -9999 -9999 -9999 -9999 -9999 -9999 -9999 -9999 -9999 -9999 -9999 -9999 -9999 -9999 -9999 -9999 -9999 0.0480196442030281 0.0209392637907551 0.101225819432695 0.145421681239299 0.15553888563755 0.18968750094423 0.23692829174655 0.100187463574119 0.167838716034131 0.199356191749642 0.132173895359144 0.122984076218412 0.10450355760909 0.119010288823621 0.119241885388516 -9999 0.258761729906354 0.30036809971776 0.296158504424424 0.217925531742694 0.140549734400484 0.0944364244247964 0.0668393235392428 -0.0318981699162674 0.122872517750156 -0.0571572279686483 -0.0775173923639086 -0.0238829802494843
-9999 -9999 -9999 -9999 -9999 -9999 -9999 -9999 -9999 -9999 -9999 -9999 -9999 -9999 -9999 -9999 -9999 -9999 -9999 -0.168179231711275 -0.122815110625218 0.000870516007991389 0.116840361456307 0.0529700546926293 0.0483764695766659 0.0467969592676322 0.0627089040271792 0.0506621847663842 0.0731098380018484 -9999 0.116950909680084 0.0802849460073923 0.0902439634480521 0.0944835118046007 0.15046274152555 0.198763388859991 0.245952520652893 0.266316305475717 0.186741460972356 0.120804004575449 0.14057614648833 0.066966396135326 0.0585396523572762 0.0370457731272753 0.063231337002453 0.0372789292849106 0.0122720173777128 0.0556416744319027
-9999 -9999 -9999 -9999 -9999 -9999 -9999 -9999 -9999 -9999 -9999 -9999 -9999 -9999 -9999 -9999 -9999 -9999 -9999 -0.150474932298946 -0.168209570829687 -0.193226792850069 -9999 -0.00173535987011723 0.0088303729147641 0.0331172502565632 0.0511811632703036 0.0355199438736003 0.0976236284796431 0.114413424739395 0.155448498011812 0.0889708616513662 0.0393121332676906 0.104645065044175 0.180352111083167 0.198846528603277 0.0985883564035269 0.192933125346184 0.160989320522063 0.0560567005229289 0.041235261070376 0.0827301582431751 0.0897111163954909 0.0824599482465429 0.109215784066737 0.132235061130868 0.125029421215686 0.220272430541665
-9999 -9999 -9999 -9999 -9999 -9999 -9999 -9999 -9999 -9999 -9999 -9999 -9999 -9999 -9999 -9999 -9999 -9999 -0.126969109318779 -0.141909693087691 -0.0789526622964338 -0.186681686308548 0.0580378049309241 0.0229931104407242 0.0393328262792989 0.0600776606254749 0.0332766909120696 0.0266142759810878 0.0756512934493538 0.118947250240708 0.104614794639331 0.0743510851855799 0.0607884517806965 -9999 0.1545036733418 0.160673366826969 0.137875394846328 0.02378504143476 0.057146586823489 0.0117189123766698 0.0216143400148632 0.0894116364185813 0.121543763045542 0.117195851590453 0.141612286795735 0.221789882623828 0.174828044004882 0.276224272484495
-9999 -9999 -9999 -9999 -9999 -9999 -9999 -9999 -9999 -9999 -9999 -9999 -9999 -9999 -9999 -9999 -9999 0.0799960626724452 0.00206873939835387 -0.127897749456888 -0.0599896425183508 0.0156805826297887 0.0611185554210438 0.0920140274726794 0.0873270765565646 0.0158735210136708 -0.00607414808378716 -0.00741101381360679 0.0209755975329488 -0.00633633819978597 0.0180082662539563 0.0345173839623319 -0.117325834808023 0.00708282443167405 0.0960376594170819 0.0854077564442626 0.107920374542742 0.0203945187288235 0.0041790633553186 -0.0200513262598135 0.0399771109142937 -9999 0.232752645068813 0.240304260695159 0.247511153845107 0.22632726867556 0.175900840584542 0.102004159557376
-9999 -9999 -9999 -9999 -9999 -9999 -9999 -9999 -9999 -9999 -9999 -9999 -9999 -9999 -9999 -9999 -9999 -0.114992245619103 -0.173340119057276 -0.191030928849972 -0.241336112942934 -0.252718349017126 -0.093647303547412 -0.118483867794975 -0.0893252001652812 -0.0158948332715783 0.000136537944758489 0.0581752720638144 0.0766396689538714 0.0174996330194975 -0.0123450187768558 -0.102690600108528 -0.121754505418777 -0.0579365172865945 -0.0332178598553139 0.0172623601782412 0.0399091845284751 0.0100933977492235 0.0400784626974135 0.0737185883798165 0.0581880813346565 0.396957444932989 0.364272970675192 0.377140054471544 0.203200120931853 0.18750991926766 0.174904912612776 0.095163225552319
-9999 -9999 -9999 -9999 -9999 -9999 -9999 -9999 -9999 -9999 -9999 -9999 -9999 -9999 -9999 -9999 -0.0412689653340994 -0.100307275067658 -0.149274736022889 -0.212318237292749 -0.286806639366295 -0.295132029368313 -0.277162727951132 -0.173560180120016 -0.0374514181133816 -0.187512677730898 -0.0754034860841352 0.124471011544688 0.117727877362236 0.0138840874637376 -0.0805050327201449 -0.153905355100668 -0.146617245674946 -0.135680216729773 -0.0782612976479554 -0.0357888557481689 0.108598212554457 0.026188289413083 0.00992634772198403 0.00664539819080654 0.0910255510058478 0.125947781051326 0.184074838908559 0.188980910673973 0.203935027062083 0.177305176308274 0.140806391344933 0.115023109560175
-9999 -9999 -9999 -9999 -9999 -9999 -9999 -9999 -9999 -9999 -9999 -9999 -9999 -9999 -9999 -9999 -0.159707247579618 -0.183556365270598 -0.226215261138997 -0.201496212130951 -0.263305906128303 -0.326918180097716 -0.334779164525716 -0.307940394842376 -0.114055361014103 -0.0726384006047357 -0.0445406526595533 0.128629732751017 0.0339422214386617 -0.048844869477059 -0.114734926804429 -0.21445750961697 -0.177801351610324 -0.169424227766039 -0.0416356128286026 -9999 0.0591562374542176 0.138366855226794 0.0280325532997858 -0.00245991319796254 0.087351929125319 0.190648124214549 0.0663743636360997 0.0204382579159869 0.07720713282378 0.00234751368395232 0.133709344190834 0.083681283035705
-9999 -9999 -9999 -9999 -9999 -9999 -9999 -9999 -9999 -9999 -9999 -9999 -9999 -9999 -9999 -0.126120914873161 -0.114202666288477 -0.14826704410503 -0.21597683742545 -0.210731600088807 -0.260293165978991 -0.355586711908005 -0.360841533361056 -0.36183882277572 -0.274332303180282 -0.169579404611934 -0.0517878663360537 0.0503428140223747 -0.0539722024226803 -0.0854559161568286 -0.167746761094524 -0.219057476681842 -0.205967747519319 -0.18957682403113 -0.0205522094400097 -0.140442613931411 -9999 0.0541685230235694 0.117912621170197 -0.0441544875919795 -0.0453940525322438 0.146949739425128 0.0224389498466302 -0.0325463245790551 -0.0768880830683406 -0.0182500465458048 -0.0525667812940002 0.106096091722584
-9999 -9999 -9999 -9999 -9999 -9999 -9999 -9999 -9999 -9999 -9999 -9999 -9999 -9999 -0.127750553640049 -0.0920593498777133 -0.146299804551564 -0.197375219677748 -0.280089661773703 -0.308332763226048 -0.391675844915302 -0.364525962967122 -0.384914035187709 -0.372422689751472 -0.281591291693761 -0.0840411426924799 0.00287156882521659 0.0145581680576851 -0.032982563094227 -0.0760865584989709 -0.180951082794453 -0.177414261794705 -0.176424385365835 -0.161620036912789 -0.120345843685097 -0.131734645379211 0.0289572102779793 0.0438797054853936 0.0873856691262082 -0.0419368949141603 -0.0352199218960236 -0.0320764869778531 -0.0825826437628285 -0.143997122607209 -0.138003380935275 0.0139417791988756 0.130188933903632 0.171753895857812
-9999 -9999 -9999 -9999 -9999 -9999 -9999 -9999 -9999 -9999 -9999 -9999 -9999 -9999 -0.0820700654575204 -0.083479495168144 -0.172269291677087 -0.244517869439632 -0.324148257111132 -0.358191619938799 -0.395873017861765 -0.356833212353847 -0.389606656899915 -0.349744360356146 -0.237705595494608 -0.150810544903782 -0.0604873123989207 0.00664974773697559 -0.00625925780169391 -0.10443994083571 -0.105177520090419 -0.133003627311879 -0.167582319216734 -0.149099434043545 -0.0754132633777681 -0.107367136161411 -0.0307791064546689 0.0378035618631561 0.0201490773911908 0.0473733981988912 0.269289690963309 -0.0091105085441025 -0.0955489830248854 -9999 -0.113575307659737 -0.100972957774898 -0.0242189701631397 0.0575565670854102
-9999 -9999 -9999 -9999 -9999 -9999 -9999 -9999 -9999 -9999 -9999 -9999 -9999 -9999 -0.0349497820023196 -0.0799193284370746 -0.133403829769162 -0.249615620343145 -0.218527511322667 -0.281172912898724 -0.306601699538437 -0.291231238789668 -0.297262615719021 -0.289748587518442 -0.198895936926789 -0.08691672962828 -0.0964574409500724 -0.0141506658957437 -0.0399670819505743 -0.0211454727278432 -9999 -0.0352443300856173 -0.0470541651355235 -0.109720079054641 -0.0704688663571136 -0.115521848156178 -0.122815904792474 0.0554621561464115 0.0834991416820015 -0.0267678848613805 0.0688688358285015 0.0118750057968222 -0.121744786134588 -0.17584847696293 -0.123036753944865 -0.102217564360214 -0.030857640931287 0.0224679911833546
-9999 -9999 -9999 -9999 -9999 -9999 -9999 -9999 -9999 -9999 -9999 -9999 -9999 -0.220770212489276 -0.115974243595847 -0.134178493075751 -0.15040203975327 -0.178965853674588 -0.242494538474722 -0.281266913970618 -0.264163035233217 -0.255652206595738 -0.283882301504931 -0.294196736739083 -0.170116980149447 -0.0509334406134972 -0.0537296118544024 -0.0546085660463147 -0.0481070827326513 -9999 0.0959935425945984 0.0475678983914825 0.0163153493770108 -0.00635277461294628 0.0680117926637878 0.0745375712637617 0.0500686378964763 0.0835344677064189 0.0715626906365985 0.0461289768260127 -0.0165426542533755 -0.0439609744855564 -0.132978699599396 0.0215689174309607 0.0879155577521294 -0.0646619792316808 -0.0943661194638589 0.0749390012024829
-9999 -9999 -9999 -9999 -9999 -9999 -9999 -9999 -9999 -9999 -9999 -9999 -9999 -0.210963518009145 -0.168922223415931 -0.23197042885642 -0.275325819138481 -0.233954551404371 -0.218819264628557 -0.239471505293278 -0.215521853715656 -0.213866813483339 -0.202354594888226 -0.176968843341308 -0.211133986496458 -0.0641921853384404 -0.0456553613928266 -0.0836869174091618 -0.0750241507273448 -0.0536110431842109 -9999 0.12359431577464 0.00445756450924904 -0.0277474338629053 -0.0627057286200432 -0.0538535132145591 -0.0522558708025853 0.00272679588121377 0.13045316392475 0.0561983849258955 0.0340044349938656 -0.0579263713249337 -0.146981893201314 -0.130795658039203 -0.143883814486114 -0.0784492899979803 -0.104689517388363 0.521459260868045
-9999 -9999 -9999 -9999 -9999 -9999 -9999 -9999 -9999 -9999 -9999 -9999 -9999 -0.254157028787549 -0.240779774824329 -0.328751043196228 -0.309537469708156 -0.247699206282013 -0.216851682704126 -0.159496525017658 -0.144411275549254 -0.143957572037714 -0.0955060112126823 -0.0663923045639928 -0.0537899788393879 -0.00681260553647428 0.0120100154731434 -0.0150774011319897 -0.0304879647874494 -0.0391947912526474 0.0978996145417956 0.0785796289869873 0.0455334336339719 0.0125874450218818 0.000161869619978676 -0.0792961139404514 -0.0969235842738282 -0.00153925211229714 0.0593446981670168 0.034986971903203 0.068592357447974 0.0165061344206339 -0.0825818261750778 -0.128199325268909 -0.120561183833412 -0.0961929514425178 -0.104080559509307 0.372767903166398
-9999 -9999 -9999 -9999 -9999 -9999 -9999 -9999 -9999 -9999 -9999 -9999 -0.349459598363299 -0.354592376480442 -0.354293434621531 -0.339434759911119 -0.31548076703027 -9999 -0.119474130792683 -0.0957932558292522 -0.0630590817122292 -0.0882959108576443 -0.0943735797860671 -0.0515383387740976 0.039806755770194 0.0260536231035821 0.0296198638275705 -0.0103668148538981 0.0203619947202058 0.0862865367100533 0.175108041360697 0.0870614788719042 0.0588196372352566 0.0137761005122158 -0.0486494709522572 -0.0675806784719503 -0.130851858451816 -0.0585639371964577 -0.0538439105500425 0.00811820249682214 0.107653109783632 -0.0232125818403566 -0.0130736884963532 -0.0818682577041628 -0.029595139166052 0.0341615831653926 0.115466711759797 0.19385795652844
-9999 -9999 -9999 -9999 -9999 -9999 -9999 -9999 -9999 -9999 -9999 -9999 -0.362083241825705 -0.396032813596896 -0.420595852122668 -0.408617207931777 -0.381974675837479 -0.36216576616037 -0.195344240219307 -0.162388832717298 -0.0991591951522227 0.0205260990987232 0.0327989968706183 0.0470729182609771 0.0437235163216799 -0.0111227609374673 -0.0138241906449403 -0.00918426706949224 0.00268581762570512 0.0408456587387774 -9999 -0.0171861277033758 0.010286438266421 -0.0289599908426459 -0.105919669239487 -0.0547399526647767 -0.1118676110026 -0.103474420262058 0.0872228985426576 0.0675342373239422 0.120365752082903 0.158102637915369 0.0216213129968265 0.128297565755606 0.104396954181353 0.148027090184015 0.0720946386768908 0.076154836167238
-9999 -9999 -9999 -9999 -9999 -9999 -9999 -9999 -9999 -9999 -9999 -9999 -0.341957338535278 -0.362363359839912 -0.457924037578379 -0.455915878197561 -0.402944778321732 -0.376402995079514 -0.221183451106937 -0.23145696200314 -0.135961175888702 -0.0621455811657091 0.0759443792986233 -0.0229431799953213 -0.0439135496646756 -0.0465558632176951 0.00408579058124192 0.0178225838210657 0.0473154601370236 0.114287936780034 -0.00235217398201253 -0.0249792203763928 -0.0127675797264628 -0.0230691112580697 -0.0612318988592237 -0.0749963868039156 -0.0544201633931919 -0.0859528954189624 -0.062216505198538 0.0432331756179608 0.182558749271727 0.194015188653893 0.194115930279561 0.155776817616387 0.258911556353013 0.226268663710279 0.079121828618502 0.147567033217588
