data/rasters/s7.17.08.cu.3_xyz_08_.asc
NCOLS 100 
NROWS 100 
XLLCORNER -4 
YLLCORNER -4 
CELLSIZE 0.08 
NODATA_value -9999 
[rows 42 to 62 of 100, columns 0 to 48 of 100]
-9999 -9999 -9999 -9999 -9999 -9999 -9999 -9999 -9999 -9999 -9999 -9999 0.0207588924776396 0.0762000351869081 0.0270042899746665 0.0427341810846218 0.0671511462272402 0.0762946046945787 0.025223404082517 0.0924744361177147 0.147944381160075 0.0376643035068408 -0.0239739819129741 -0.0438601289308094 0.00407323328658513 -0.0404024080052479 -0.0185321899065107 0.0340609012973595 0.0377434293274182 0.178867743326044 0.151117836424713 0.0746092771270933 0.176366373911837 0.160189536490341 0.143484509143886 0.0476202037014678 0.079668882437313 -0.018258771973037 -0.0914863695369407 -0.148519607893081 -0.0940801896990785 -0.0420273078362414 -0.111955290090421 -9999 -9999 -9999 0.244849142280907 0.178247049324135 0.038316303771071
-9999 -9999 -9999 -9999 -9999 -9999 -9999 -9999 -9999 -9999 -9999 -9999 0.00775971432437311 -0.00542608653973237 0.00360012050929657 0.00851594347276537 0.00119131989031574 0.0102615208345419 0.0220775536468365 0.0811124932076009 0.0986231218616076 0.0247576443720756 0.0194683643919157 0.000982869284359585 0.0585549265501569 0.0536424118084025 0.0169985940685948 0.053440563615594 0.0699175889640675 0.0842681392048802 -9999 -9999 0.0981792839578119 0.00528665789885854 0.00330120341917362 0.0605823315778753 0.101995598155228 0.0670082924220839 -0.0131975087553377 -0.0492649769533493 0.0315799687593918 0.0292510660277286 0.077514829842661 0.587503710947883 -9999 0.382970983508746 0.316152253565227 0.133283208470397 -0.0449509704409598
-9999 -9999 -9999 -9999 -9999 -9999 -9999 -9999 -9999 -9999 -9999 -9999 -9999 0.0268247206986732 -0.0176941501679069 0.0178377279970276 0.0240583473381738 0.0330428911683667 0.0167453851618387 0.143098333143846 0.166009435665386 0.139319811058979 0.138610708080119 0.0863338804470763 0.0432705755710653 0.0174151100327687 0.0648248707925063 0.0757113794225152 0.114001890991044 0.141025637395106 -9999 0.0488789361633703 0.0438779939617408 0.00992349865113963 0.0553011472790315 0.0936566357374395 0.125066384978239 0.0926194718988357 0.152022069385274 0.121806880122388 0.127315539785866 0.160376100072964 0.20837465713108 0.485190839039874 0.454748843348712 0.36543060771448 0.372550778602085 0.376241340508354 -0.0303540990301705
-9999 -9999 -9999 -9999 -9999 -9999 -9999 -9999 -9999 -9999 -9999 -9999 -9999 0.128402964575473 -0.0049706107557371 -0.166296237428898 -0.0938359377856852 0.046240157305519 0.111220283386728 0.205483713036836 0.151361603605691 0.155121478102888 0.21909530299874 0.115271235880808 0.141577799911578 0.100995657491568 0.0384225351057741 0.0346138206742379 0.0275440103087268 0.102787448384305 -9999 0.0627000607030702 0.0122849946036606 0.0266421597464984 0.110991421511456 0.188751248742057 0.121799118922414 0.167192135229085 0.25370875462894 0.313867586796982 0.317811004464227 0.346466235247188 0.434808138648848 0.471398857702872 0.437013781091959 0.655793108486535 0.648732749506743 0.379141104056958 0.333193726159369
-9999 -9999 -9999 -9999 -9999 -9999 -9999 -9999 -9999 -9999 -9999 -0.0433041219090485 -9999 -0.11423716265312 -0.0976551464126741 -0.226591863796556 -0.151855506555393 -0.0494457513782012 0.000297752505774553 0.0762025375968637 0.150648010860617 0.139990453271914 0.180903710893222 0.111267856018019 0.146037851097779 0.120482596830557 0.0784978596600858 0.0136447591526655 0.0445701095261194 0.0692471160420915 0.130852645556778 0.075367020045494 0.0222510774017942 0.0223563762955764 0.0999011599235535 0.170468795268852 0.339299665205782 0.321043131031002 0.396374254838946 0.441185410677583 0.488865747455921 0.523678986069099 0.470910295430621 0.556407356576481 0.559246833868238 0.638909517583248 0.47921398392175 0.515403294833545 0.43555196409943
-9999 -9999 -9999 -9999 -9999 -9999 -9999 -9999 -9999 -9999 -9999 -0.121145756864273 -0.152965963945297 -0.158494056157289 -0.184846876812594 -0.270848016548911 -0.221313364543591 -0.119434799079708 -0.0454909212926173 0.05268647821484 0.127969916680259 -9999 0.113909425897556 0.229132366128188 0.29191318079436 0.188189184535151 0.12161554445157 0.0485558029121568 0.0872176905599642 0.118602535401836 0.18900644309059 0.110893776348303 0.07803091107072 0.108001373006418 0.176132007680384 0.198711760928371 0.3116274141075 0.358859533447668 0.453560506480526 0.534058335186672 0.564779670658079 0.518598871934288 0.602793170762421 0.607847003442762 -9999 0.749217586304867 0.744641927560727 0.440475132113096 0.399645534775968
-9999 -9999 -9999 -9999 -9999 -9999 -9999 -9999 -9999 -9999 -9999 -0.212033848416086 -0.243084986126522 -0.243157710741331 -0.160514285054007 -0.216294113036799 -0.225434503816788 -0.105168662353729 -0.0354185965809147 -0.00739748774993179 0.135774716964138 0.344843557866878 -9999 0.303448032943634 0.381071870520686 0.325880226176788 0.258658211310225 0.19357689475163 0.145874363695391 0.17267139474686 0.183659391334057 0.0572935817856145 0.233362323503099 0.139791699418446 0.211750330720332 0.267273482687551 0.265375642170413 0.360881205787117 0.500641491542604 0.519095511090109 0.609358928377354 0.594205332338257 0.646787271235833 0.677602858548066 -9999 0.720012852230471 0.854301851575892 0.742644570216748 0.317334499313056
-9999 -9999 -9999 -9999 -9999 -9999 -9999 -9999 -9999 -9999 -9999 -0.281359335967563 -0.264815357062714 -0.247964587972554 -0.310543557788281 -0.319378464789046 -0.198397842643682 -0.122752861435379 -0.112233207420508 -0.0813029755932719 0.0856151375617847 0.30633340746527 0.398367252101662 0.474260506860208 0.376397846487686 0.392652159005621 0.331846766349272 0.280486983637408 0.24319213099446 0.292560204995353 0.197463156231127 0.0982961707876189 0.130395881502985 0.147089694887766 0.166437239928264 0.19060815354946 0.210897196316073 0.363055778882245 0.421924823541136 0.570301456883173 0.6149094855265 0.663161477869133 0.634900697981506 0.705134824786967 0.783187683141009 0.753045430076159 0.744502446721731 0.7146822606821 0.465601681403298
-9999 -9999 -9999 -9999 -9999 -9999 -9999 -9999 -9999 -9999 -9999 -0.297488144196145 -0.259812812709338 -0.264948947936122 -0.346909365391622 -0.348229999763279 -0.365569224841561 -0.286082510907996 -0.223563650036397 -0.12909709903728 0.056012889716784 0.27516890160931 0.392524722319838 0.422020754514914 0.450659310705703 0.373375452520054 0.320436578836738 0.277866383201312 0.282568823197702 0.285505986476519 0.292255442842073 0.289496365108056 0.243241978348558 0.170340682162265 0.240720765432984 0.237412229671146 0.256464086031708 0.328281802764464 0.421793152213791 0.494554547684001 0.583764375162923 0.592031107607001 0.682139997336481 0.730440059724053 0.64311173558596 0.724329285281265 0.720004291251846 0.649325454006847 0.440305436130524
-9999 -9999 -9999 -9999 -9999 -9999 -9999 -9999 -9999 -9999 -9999 -0.252734189815315 -0.272372525205109 -0.265711237808027 -0.325230093541611 -0.370033492009047 -0.379627187908857 -0.315779507263187 -0.259720524234353 -0.0870869575950183 0.066355077168526 0.26822231656927 0.386389989653954 0.485666234184438 0.339270953409753 0.310818696809385 0.298521613887058 0.250058688364695 -9999 0.321233148340135 0.310463897265217 0.245528189942066 0.19283197525287 0.168464024541989 0.301151139591965 0.221991413892579 0.248679380066 0.340106729131985 0.456480539227218 0.457255261600536 0.56735789126129 0.561925551526582 0.574039155368746 0.479572289027071 0.537508198891758 0.57308269409652 0.678282377975523 0.58489483087149 0.459784495812527
-9999 -9999 -9999 -9999 -9999 -9999 -9999 -9999 -9999 -9999 -9999 -0.184445445012007 -0.196977845529117 -0.240017102422098 -0.308291339818998 -0.367563238161366 -0.334649907900082 -0.291655992760223 -0.265517995769422 -0.131973186993605 0.0688434000478671 0.274750749124439 0.325601789789135 -9999 0.371168376203637 0.337006340482927 0.258749800331295 -9999 -9999 -9999 -9999 0.10289296047148 0.199277688475743 0.250055262589863 0.203386873577016 0.227013414765454 0.334689515275262 0.41945688877917 0.473833748141717 0.501503263524154 0.554808658452186 0.51372492637612 0.551920441837344 0.518105161338283 0.473573927024998 0.522081672678131 0.649130068577018 0.56531220590254 0.501104535642374
-9999 -9999 -9999 -9999 -9999 -9999 -9999 -9999 -9999 -9999 -9999 -0.176147552248546 -0.253761156367108 -0.244695587974774 -0.253346684601118 -0.259635277622931 -0.287511485133417 -0.232923109255127 -0.207155415853867 -0.137841843783971 0.083848006206244 0.200192686317062 0.206774369277713 0.197840476731566 0.311472752821744 0.23915474647735 0.230708828895106 0.215891153177679 0.15523405054564 -9999 0.0871906671804974 0.0890286566174027 0.11920745708296 0.171009495128009 0.153503072935864 0.217333196477545 0.406568630410598 0.444979564394099 0.512214643091683 0.560120653946201 0.561379067099063 0.473104198220216 0.3463473530524 0.312773768107586 0.345889326688613 0.393391254160611 0.48712103906591 0.534235648914124 0.351956518340023
-9999 -9999 -9999 -9999 -9999 -9999 -9999 -9999 -9999 -9999 -9999 -0.115803767442094 -0.194149023734949 -0.233302370264298 0.0503183245198758 -0.247992233638579 -0.233632459347974 -0.154524926151754 -0.170381737373545 0.0290650718164645 0.0847585718928483 0.0889974057673808 0.122633350702489 0.157851812476445 0.0958520989443933 0.145702464623433 0.195354554312134 0.211423152603636 0.271657562160647 -9999 0.0743335376029365 0.0516174664246508 0.0302968892527762 0.100786990749309 0.156468214773537 0.230908217959879 0.340662628252324 0.449212909747254 0.501725737773519 0.466372871738756 0.569532793635752 0.515861956614602 0.295244714394584 0.225554323526509 0.28101043026201 0.301267685780717 0.382491911402147 0.393548026264279 0.254365491517883
-9999 -9999 -9999 -9999 -9999 -9999 -9999 -9999 -9999 -9999 -9999 -0.0173219254945315 -0.115002451678796 -0.2103968235285 -0.21004131627906 -0.276819155180338 -0.154902257326344 -0.184178003678926 -0.1096395712528 -0.0382386462097836 0.0901955009867255 -9999 0.103686191708274 0.119716130967063 0.0809403444346383 0.146272425793829 0.199264478086849 0.184114987363096 0.137260413216965 0.333677163039224 0.0605971787786883 0.00668877652477126 0.00817829883262501 0.0475927605061681 0.112937044683726 0.165465842597059 0.290974334784166 0.411136678958794 0.477898654069148 0.544512195606249 0.545807723011137 0.370884006662301 0.268586698706597 0.315961019014214 0.176182873738924 0.25844732749892 0.29015210439659 0.267673653942516 0.289564550809015
-9999 -9999 -9999 -9999 -9999 -9999 -9999 -9999 -9999 -9999 -9999 -0.100352182263953 -0.0828645238803982 -0.139185787864399 -0.224074910003567 -0.279285193646353 -0.195997623893153 -0.158398097406224 -0.0638725835162045 -0.00105558917640005 0.051693280571362 0.035813146199942 0.0334074506976536 0.0562166886665439 0.0549410997904164 0.0809388910608437 0.114943226324908 0.174359991077597 0.101236803490978 0.246680939016793 0.101508378215271 0.0359591484206782 0.0296134384602215 0.0375219564463092 0.0980652595521215 0.245989320389055 0.274280860995427 0.330714260182675 0.445625089525422 0.457649683464252 0.500402803253495 0.319706800441005 0.187595879108103 0.0875545842932428 0.0922329187167728 0.129307556569162 0.178812170500767 0.120698819063909 0.112373670332269
-9999 -9999 -9999 -9999 -9999 -9999 -9999 -9999 -9999 -9999 -9999 -9999 -0.115777521952979 -0.113277625784851 -0.136660325617555 -0.194330563869781 -0.164332622329767 -9999 -0.0862254922320161 0.0179935806525627 0.0164907845404179 0.0459319434433843 0.076404791548698 -0.00700977517334692 0.0334914330899906 0.055337637016927 0.0761712353255774 0.177701586463271 0.136201930528705 0.130508207583034 0.17760170739272 0.100157612381541 0.0837750582350367 0.164060805592729 0.129786484628777 0.287022935913633 0.276998096009338 0.346084674843973 0.419735241668086 0.443649098819629 0.367877473315569 0.248556226315164 0.184128412472365 -9999 0.0298586130540011 0.144242594572498 0.056344774457806 0.092858148830237 0.0877608219093903
-9999 -9999 -9999 -9999 -9999 -9999 -9999 -9999 -9999 -9999 -9999 -9999 -9999 -0.0717321158078817 -0.0915808086888946 -0.133186612624892 -0.13574748261728 -0.119000521439079 -0.0675430341763396 0.0377351963954684 -0.0018857781091309 -0.00127991805393295 0.0190840882665633 0.00227665515017501 -0.00480348874641233 0.0565449117967209 -9999 0.238864180790445 0.227368840133952 0.240737852350231 0.222945544893715 0.192046256926368 0.127311175658722 0.169370344139149 0.181946499372248 0.253905070024263 0.383484270991613 0.472962934466076 0.473713882595483 0.396502943617246 0.340675639986503 0.219703302789806 0.0795076098517421 0.0669716948443936 0.053676143192858 0.0317955515539874 0.0272073402517628 0.057017287529903 0.0691364423559951
-9999 -9999 -9999 -9999 -9999 -9999 -9999 -9999 -9999 -9999 -9999 -9999 -0.109961928246696 -0.117993004512458 -0.183118076060969 -0.14243125093853 -9999 -0.122549832484709 -0.065079360483154 -0.0994688022332568 -0.0132663401503285 0.048247740345884 0.0356707275698042 -0.00390250856048088 0.0172614979400561 0.109347182679619 0.137997869403207 0.118426454405024 0.196095588894544 0.252353254770823 0.176390953822426 0.142154899392118 0.134477776449128 0.166667669836592 0.231792771279466 0.356153457132556 0.373694291672221 0.45770613540267 0.471162064563918 0.361957627684729 0.245157351737049 0.170472523455487 0.112994113032635 0.0943422289527567 0.0823709322746071 0.0229819167988888 0.0576985950835007 0.0378979874467723 0.0354846573687616
-9999 -9999 -9999 -9999 -9999 -9999 -9999 -9999 -9999 -9999 -9999 -9999 -0.124069588201967 -0.0880128559337866 -0.184144695924334 -0.103734743087104 -0.205339107214595 -0.159444324652422 -0.184953193054856 -0.0839692334549812 0.0296630062640294 0.0774172559794518 0.0305574645490765 -9999 0.0427167740904845 0.0645066520708207 0.130456537406937 0.123613592796777 0.140901500947189 -9999 0.162221493134187 0.147292265457426 0.134148576289328 0.145319268293695 0.187240374752448 0.262845337705277 0.341057864891517 0.420040252129983 0.417633120233263 0.307406886120023 0.21097396002374 0.165587735555492 -9999 -9999 -0.00908844050898396 -0.00737450959928938 -0.038288008091148 -0.0146160102327993 0.0315191290973073
-9999 -9999 -9999 -9999 -9999 -9999 -9999 -9999 -9999 -9999 -9999 -9999 -9999 -0.190181826369102 -0.208546791651926 -0.289316991166804 -9999 -0.284524757212296 -0.165084556257195 -0.0981908945542673 -0.0366031449009146 0.0692056576834711 0.0720796322179385 -9999 0.0834286245902165 0.132744534758938 0.0905192943735916 0.121310219912734 0.229052807321887 0.229960927245243 0.0768013813296306 0.0605709215899228 0.121740849275497 0.133752316972759 0.210600510926146 0.282337904110325 0.348066624716738 0.404714677024757 0.375259420221073 0.334585571420361 0.189035368729149 0.197950095674452 -9999 0.0440689083805626 0.0133613121952225 0.0111298081672668 0.0143719102106516 -0.00649621898063499 0.0460306571240894
-9999 -9999 -9999 -9999 -9999 -9999 -9999 -9999 -9999 -9999 -9999 -9999 -9999 -0.20643914581309 -0.216444719493223 -0.273415146304361 -9999 -0.354886948980133 -0.245970681614431 -0.113608214460307 -0.111911814072856 0.0621790508923816 0.100356609670735 0.06917401478077 0.114322327194077 0.157715480983565 0.145768758657429 0.161399771421447 0.19840144745008 0.22320470506883 0.323410504761959 0.115335777028165 -9999 0.187224859377186 0.191578797987781 0.309900054251146 0.323654018132082 0.428813457880738 0.400432606283622 0.472739682908664 0.341817809229771 0.241154429209535 -9999 0.189704069955229 0.176208100403337 0.0771591726903206 0.104035784480394 0.14372813528931 0.166935489222306
