data/rasters/s7.17.08.li.5_xyz_08_.asc
NCOLS 100 
NROWS 100 
XLLCORNER -4 
YLLCORNER -4 
CELLSIZE 0.08 
NODATA_value -9999 
[rows 22 to 43 of 100, columns 50 to 99 of 100]
0.0754271705200315 0.050884822953289 0.00542790327400004 0.0126482037542725 -0.0438770469489688 -0.0277059656684882 0.0771493993424504 0.145540630896678 0.165654646030943 0.121027321500701 -0.0124260579390494 -0.0480152647928302 -0.027353620423591 0.245250370378576 -0.160049102687523 -0.134945044156537 -9999 -9999 0.0899302974896663 -0.0535317223903553 0.0295249621541744 -0.0519008006046719 0.0140579256000832 0.0379688261933483 -0.0629485423483887 -0.0620508600800257 -0.00301570881179185 0.0897334887527658 -9999 -9999 -9999 -9999 -9999 -9999 -9999 -9999 -9999 -9999 -9999 -9999 -9999 -9999 -9999 -9999 -9999 -9999 -9999 -9999 -9999 -9999
0.0883756196763625 0.0850961577480445 0.00986891537526882 0.0307070010710662 -0.040308184246245 -0.0349422901697316 0.0746536164920578 0.0283614836516299 0.112772794841202 -9999 0.00464244327537283 -0.0162645379427892 0.0153615138762879 0.0774342802774371 -0.146301869915677 -0.13860446156889 -9999 0.0133712654367902 -9999 -0.00149021100401357 0.0108223391587421 -0.0178989667275785 -0.0605961033292347 0.024933812991883 -0.0314873226248895 -0.0510784568647425 0.0271064140611074 -9999 -9999 -9999 -9999 -9999 -9999 -9999 -9999 -9999 -9999 -9999 -9999 -9999 -9999 -9999 -9999 -9999 -9999 -9999 -9999 -9999 -9999 -9999
0.112059771392546 0.0963999175276587 0.0361444145415378 0.0558352279701325 0.00544706940209216 0.00131168612750467 0.182169502185737 -0.0615925338431074 -9999 -9999 0.0515276214226388 -0.0946536934636747 -0.074723568898923 -0.126052140273878 -0.122106919744176 -0.157188463147535 -0.155692978397283 -0.0228283721858644 -0.0010710555846258 0.0229859536910337 -9999 -0.0169809799735922 0.140170692701211 -9999 -9999 0.119403431455745 0.111700690606075 -9999 -9999 -9999 -9999 -9999 -9999 -9999 -9999 -9999 -9999 -9999 -9999 -9999 -9999 -9999 -9999 -9999 -9999 -9999 -9999 -9999 -9999 -9999
0.107677509256906 0.0297017145727638 -0.0195458938416438 -0.0508522050019615 0.0100823477465299 -9999 0.0596474563056679 -0.0350536546252335 -9999 -9999 0.0816217766450271 0.0178611357411821 -0.0887521622581524 -0.0549491362228451 -0.0957387815087412 -0.0653178186893279 -0.0157228892547841 -0.0113218861123997 0.050817934533009 0.126058266807115 0.0156808026404424 -0.0228430750232272 -0.00368424121713954 -0.0211045082245229 0.12355437080809 0.161784695372746 -9999 -9999 -9999 -9999 -9999 -9999 -9999 -9999 -9999 -9999 -9999 -9999 -9999 -9999 -9999 -9999 -9999 -9999 -9999 -9999 -9999 -9999 -9999 -9999
0.00201866124729161 0.0686359999133998 0.0216257276654552 -0.015848135549536 -0.0661712906269152 -0.0333593723895913 -0.0783359660305118 0.0494082891726537 -9999 -9999 -9999 0.0412484550518481 -0.0639944648505778 -0.104034490307019 -0.102067301986458 -0.0848106982752374 -0.042699767782981 -0.0468438400293761 -0.00376305461914427 0.034415279926294 0.111529459806122 0.0628836413507567 -0.0132895484681373 0.307817253741965 0.148245734361923 0.180522381159224 0.0425464757646693 -9999 -9999 -9999 0.00865121005659241 -9999 -9999 -9999 -9999 -9999 -9999 -9999 -9999 -9999 -9999 -9999 -9999 -9999 -9999 -9999 -9999 -9999 -9999 -9999
-0.00491505669535246 0.0554937078949279 0.0126587594285863 -0.0541542362861712 -0.0542369289967424 -0.0189821148317103 -0.0619144676421443 -0.0668143620722057 -0.0988885326292371 -9999 -9999 -0.0524086460294465 -0.0465324732348387 -0.152050378576402 -0.168181184332469 -0.113124400292265 -0.0323856982891755 -0.0432989425626382 -0.00358070442753514 0.299148094995346 0.230902212757328 0.145140421601103 0.242604210514675 0.288078930857005 -9999 -9999 0.0245388212528094 0.0628794979219185 0.0508516015821591 0.0225810720538658 0.033850770879828 -0.0581744994294467 -9999 -9999 -9999 -9999 -9999 -9999 -9999 -9999 -9999 -9999 -9999 -9999 -9999 -9999 -9999 -9999 -9999 -9999
0.028086166944236 0.0902196427596001 0.00924592170183262 -0.0287077100018118 -0.109573012731633 -0.0336622840619207 -0.0472928147803635 -0.0602702567210284 -0.0943687282573465 -9999 -9999 -0.0886295003681835 -0.144418654703514 -0.068670322060792 -0.0946889486931176 -0.0863648990927893 -0.0509724524916216 -0.0862172214883007 -0.0269302758107552 0.100341061335553 0.134631194101821 0.281832817948662 0.273588711222764 0.226024050147499 0.229078224717945 -9999 0.026219676404818 -0.00935997309553155 0.0917755139985141 0.0574595778198878 -0.0187567094239376 -0.0413249487562552 -9999 -9999 -9999 -9999 -9999 -9999 -9999 -9999 -9999 -9999 -9999 -9999 -9999 -9999 -9999 -9999 -9999 -9999
0.063724988443174 0.0315556797095494 -0.0143751859767511 -0.0820052456455601 -0.100301765057537 -0.0172664895982579 0.0312532398814591 -9999 -9999 -9999 -0.0900035543948646 -0.0858109199381065 -0.046034146204192 -0.079249984200676 -0.074500628390076 -0.0648962736678922 -0.028586875903246 -0.0428060377326723 -0.0422320572969109 0.00392587532927726 0.0700338889904097 0.105743454445684 0.0622144406206951 0.206284467222813 0.287625135117486 -9999 0.0375599957526496 0.0648887273417132 0.112530512387168 0.0696059066611452 0.0330653170325937 0.0833994418980038 -9999 -9999 -9999 -9999 -9999 -9999 -9999 -9999 -9999 -9999 -9999 -9999 -9999 -9999 -9999 -9999 -9999 -9999
-0.148245048419525 0.106524851538176 0.0306983835880604 -0.00280304482731762 -0.0453751599836548 -0.0491926354201236 -0.0315508043897743 -0.089936951196088 -0.0225882837077374 -9999 0.000641110073843304 -0.00322508595764388 -0.0442878806677893 -0.152343891898873 -0.015885549607528 -0.0581037146235589 0.10274482674064 -0.022297376263909 -0.00992786775334008 0.172236033372785 0.124258220732502 0.0767364642255726 0.062728788298484 0.258054495705865 0.244301826388186 0.169739428394348 0.150302386384603 0.18385562219435 0.181689784551433 0.0384132434795088 0.0111237723871505 0.148108295291875 -9999 -9999 -9999 -9999 -9999 -9999 -9999 -9999 -9999 -9999 -9999 -9999 -9999 -9999 -9999 -9999 -9999 -9999
-0.111790272025021 -9999 0.120285312487765 0.187385352001669 -0.0233615007708464 -0.0478281585543654 -0.0715872665778608 -0.0820673278169586 0.0176357989791272 -0.0406577983265177 -0.0110311522588775 -0.0496958866936684 0.0561710864946543 0.0541070898085442 0.0494974972876846 -0.00622168518970198 -0.00333374324662114 0.0887531235690175 0.0115823159314014 0.0780717754207901 0.0514121225229364 -9999 0.178985110477385 0.133403450705106 0.17092812135367 0.137357774542172 0.203969715646825 0.204868127009668 0.14836889984044 0.150497595251427 0.16891192408362 0.170403506352458 -9999 -9999 -9999 -9999 -9999 -9999 -9999 -9999 -9999 -9999 -9999 -9999 -9999 -9999 -9999 -9999 -9999 -9999
-9999 -9999 0.0687650975533989 -0.0578772192169047 -0.0966460806180746 -0.0701834618530329 -0.0155341258097611 0.0578326843210753 0.0973183463461297 -9999 -0.0551908279760204 0.0593773427256626 0.0950585429339459 0.0623897393049171 0.0201256600235631 0.00640765095513241 -0.0130856874377158 0.104748589096384 0.0302390246244024 -0.139375127248421 -0.229966387646073 -9999 0.264463403468532 0.171399023076087 0.0838550298456755 0.115707318299349 0.120513071739195 0.26255294134742 0.162859305193081 0.135923873566224 0.225316778245143 -9999 -0.0619239285402964 -0.114162064218247 -9999 -9999 -9999 -9999 -9999 -9999 -9999 -9999 -9999 -9999 -9999 -9999 -9999 -9999 -9999 -9999
0.0848905556552049 -9999 -9999 -9999 -9999 0.0051963786837562 0.0160848137905754 0.11851373819699 0.110541343838551 -9999 0.0552793745554337 0.185540563538997 0.159524561624376 0.117167686857532 -9999 -0.00945294062452641 0.0536969591555175 0.150324798281805 0.121183953563414 -0.00291784793053816 0.195159599995847 0.273553705301219 0.273800691542167 0.223661254055023 0.154560556442129 0.195034543711377 0.163580127009549 0.115824837961531 0.10632226991448 0.0481914919567257 -9999 -0.0826973582264297 -0.0893770284685272 -0.102775488256501 0.0515737373253962 0.029963900022333 -9999 -9999 -9999 -9999 -9999 -9999 -9999 -9999 -9999 -9999 -9999 -9999 -9999 -9999
0.0215113623615611 0.187445646897291 0.171679244907276 0.0849446483302855 0.0494914684684578 0.0332902517799586 0.0589910158206743 -9999 -9999 -9999 0.229854004875456 0.227410520095005 0.241132873398292 0.224334281358281 -9999 0.0545723816460762 0.124450054635538 0.159549405433377 0.164486558444333 0.19417678298424 0.302782972433587 0.289845301895138 0.307546014909314 0.304418351635085 0.115045179976712 0.0998989126719389 0.233657292951471 0.0458114434575915 0.116667969293386 0.0492585174858277 -0.156485047297138 0.023443076262626 -0.139563473374565 -0.104291091100671 0.0385558844268685 0.0351227459890442 -9999 -9999 -9999 -9999 -9999 -9999 -9999 -9999 -9999 -9999 -9999 -9999 -9999 -9999
0.0540901542082743 0.0583858004050227 0.148418212072599 0.0167276877193655 0.0532811821427618 0.0485829296186696 0.134144976572317 0.147336631355416 0.222385069635831 -9999 0.243155171136281 0.252589987330971 0.155849293862783 0.237512388112426 0.403774423284141 0.14064205988927 0.181398252313572 0.196511534851872 0.204081972614992 0.272855185616452 0.291558810325001 0.274682854337127 -9999 -9999 -9999 0.239166410691351 0.323078709584391 0.104738104752093 0.137811337647017 -0.0436632409223571 -0.130857076080099 -0.190187505480881 -0.11060214832233 -0.0800821471663761 -0.157789059913765 -0.0690797126607337 -9999 -9999 -9999 -9999 -9999 -9999 -9999 -9999 -9999 -9999 -9999 -9999 -9999 -9999
0.127019462229999 0.176881443281828 0.220357610022869 -0.0108965219974373 0.0833662243431688 -9999 0.299638677860254 0.230110612509602 0.300709108526709 -9999 0.182213194477105 0.157038243781294 0.139026286068857 0.181791605210303 0.166623193694209 0.167981888815559 0.157798217317625 0.123898373329676 0.152298756233588 0.0787368130737087 0.1452804735391 0.338031774938939 0.353750771524762 -9999 -9999 0.20885155712003 0.242634967685159 0.164085391385921 0.0726908795186315 -0.0452136148015516 -0.173555395501767 -0.174451587061701 -0.161984543687784 -0.175533555792556 -0.210109705222838 -0.236416039792022 -0.189962263084847 -9999 -9999 -9999 -9999 -9999 -9999 -9999 -9999 -9999 -9999 -9999 -9999 -9999
0.173289173623334 0.331281247688186 -9999 -9999 0.12886730962612 0.0945575614303144 0.0871749175828941 0.225221642544362 -9999 0.250944238936293 0.256789962352219 0.16475991536514 0.0724701490924797 0.0693208371426249 0.169206115047189 -9999 0.0329140471748484 0.128523297851134 0.138683954907438 0.170260130287044 0.264783873557976 0.300815324585448 0.288280653521448 -9999 -9999 0.196927876323238 0.190613092120606 0.0582265761122593 -0.0811199629486768 -0.0894484838373 -0.141344594797531 -0.176613786790349 -0.15441322589951 -0.189055119467024 -0.249066498116262 -0.235064450481687 -0.194271353980882 -9999 -9999 -9999 -9999 -9999 -9999 -9999 -9999 -9999 -9999 -9999 -9999 -9999
-9999 0.0691826021859981 0.0997196785014298 0.208760248369632 -9999 0.0963489767897584 0.122124539424119 0.164740700563665 -9999 0.0756020976738743 0.307682406782322 0.151205736150888 0.137740745090357 0.179340895849747 -9999 -9999 0.101800340717821 0.184292508020063 0.233402270038986 0.23991411895468 0.281058099868179 0.322735716815682 0.316147715884851 0.327967347220109 0.243307713319566 0.176551928991804 0.111953951959125 0.00915621020798456 -0.0910938214447172 -0.168977986353788 -0.15545891487576 -0.210632914468216 -0.182734270057091 -0.177167971090807 -0.208416275137087 -0.195671649600807 -0.193654298762023 -9999 -9999 -9999 -9999 -9999 -9999 -9999 -9999 -9999 -9999 -9999 -9999 -9999
0.0902062914554094 0.146207392772774 0.163553588609267 0.263529449670169 -9999 0.100380717403113 0.113924629767986 -9999 -9999 0.0870328961985365 0.220018239085468 0.221150454323532 -9999 0.118945042980206 0.0626191594989337 0.127440576923206 0.15634650976239 0.188236197147855 -9999 0.228341166881778 0.291429094789613 0.31878049889729 0.227617889960636 0.144114961969526 0.132382803609097 0.121796101927241 0.100504887155778 0.0450670720027538 -0.115319803387677 -0.234086732144725 -0.211245832381756 -0.254387965412788 -0.152662305203079 -0.229275687565255 -0.253904367968741 -0.24927857865027 -0.162743873045414 -0.206621036872455 -9999 -9999 -9999 -9999 -9999 -9999 -9999 -9999 -9999 -9999 -9999 -9999
0.162075188029569 0.128124606044639 0.12779322192623 0.0585450848963325 0.0791220414743733 0.173855897218662 0.150750312210374 0.185508890384802 0.218133212086376 0.139792001769628 0.24068307928508 0.182559303861822 0.141855296108247 0.152358874287621 0.111064967729547 0.162433887930356 0.169256423900093 0.175362865440541 -9999 0.302592325957271 0.310624622287096 0.112822516757385 0.172790062801766 0.0686563141260077 0.0672896168825062 -0.00907113178424651 0.0133783590677325 -0.0429769531261351 -0.0945869413183541 -0.180009696755933 -0.23091265841667 -9999 -0.264684937468686 -0.238417185086634 -0.185105128021574 -0.271566591621412 -0.257019754786606 -0.146947105121169 -9999 -9999 -9999 -9999 -9999 -9999 -9999 -9999 -9999 -9999 -9999 -9999
-9999 0.0225729217884999 0.0431243485776961 0.0448851358403661 0.158791533610522 -9999 0.156991396245712 0.0897258073501041 0.137567060962781 0.0142577774145193 -9999 0.198597356186447 0.0945175545529298 0.141137928265739 0.151897361498985 0.182087332773016 -9999 -9999 -9999 -9999 -9999 0.143951914053517 0.126103599941117 0.0737889107764309 0.133213920533693 0.0154389301841459 -0.0522142401328117 -0.0909349637940443 -0.164645162945565 -0.118932863493163 -0.0239852637518681 -9999 -0.145174709974423 -0.21219726199982 -0.185842356230534 -0.263172863325399 -0.274201501237071 -0.135758363135017 -9999 -9999 -9999 -9999 -9999 -9999 -9999 -9999 -9999 -9999 -9999 -9999
-9999 0.020410304512263 0.0977930072298883 0.0871102784291083 0.126316249282488 -9999 0.0661384087946553 0.0238134518518382 0.00804185109221303 0.175014856141471 -9999 0.191033107141212 0.0936183092645661 0.08037054989972 0.101894825751544 0.124491242255591 -9999 0.210214976176316 0.182684183855109 0.163474645162733 -9999 0.117848727034726 0.0990801359951339 0.117230471123922 0.0214045714368744 -9999 -0.0289535594677369 -0.118187924389989 -0.0605093639655746 -0.098686579965628 -0.148374022020338 -0.163024117329264 -0.122571722457559 -0.154724311891659 -0.19121466553914 -0.255056841656847 -0.141871838271655 -0.102069904960807 -9999 -9999 -9999 -9999 -9999 -9999 -9999 -9999 -9999 -9999 -9999 -9999
-9999 -9999 0.149316876197038 0.211754608838244 0.0868679738329494 0.11773455364413 0.00417433739381273 0.0375591131282715 0.0219913229898139 0.0312394858388915 0.0905728711730032 -9999 0.114237050346426 0.152108376367367 0.142283106256522 -9999 0.242481002979373 0.24560998736771 0.189125131171059 0.168633140234789 0.151712722559748 0.157301332995185 0.0860063198146208 0.146038165842944 0.156969606681235 0.103798586548261 -0.0706971598824828 -0.027865255978788 0.0787026790499818 -0.11469772885559 -0.149495338876225 -0.12888967634457 -0.143845085241813 -0.142237714670608 -0.173007626236498 -0.162971257640781 -9999 -9999 -9999 -9999 -9999 -9999 -9999 -9999 -9999 -9999 -9999 -9999 -9999 -9999
