data/rasters/s7.17.08.li.2_xyz_08_.asc
NCOLS 100 
NROWS 100 
XLLCORNER -4 
YLLCORNER -4 
CELLSIZE 0.08 
NODATA_value -9999 
[rows 21 to 41 of 100, columns 48 to 95 of 100]
-0.125290100220946 -0.105491812305399 -0.121740800493067 -0.160975060828368 -0.144544476629231 -0.137511924161408 -0.264393705672619 -0.338869598081774 -0.104988396705362 -0.014931999824938 -0.049382030096932 -0.0892554609752314 -0.0512007704436498 -0.0547271017422302 -0.0394024287533901 0.0183075183687719 0.0588792308786453 0.0741333083282671 -0.0218560820628756 0.115147847587456 0.13250981961648 0.0997185795343255 0.0729211460257683 0.0498172322237073 0.0414270951291631 0.0628929425880871 -9999 -9999 -9999 -9999 -9999 -9999 -9999 -9999 -9999 -9999 -9999 -9999 -9999 -9999 -9999 -9999 -9999 -9999 -9999 -9999 -9999 -9999
-9999 -0.0923128731104209 -0.175238980382684 -0.179402049566852 -0.176994863054772 -0.128335303238782 -0.134593540641708 -0.111874962100354 -9999 -0.157738461370731 -0.118707046745354 -0.0614686354173197 -0.0589742835247732 -0.0577847209054347 -0.0258199475915332 0.0246494565714607 0.0715504770162825 0.0953002548843548 0.0588655364883302 0.11309014441551 0.116831498799817 0.0893982903994816 0.0958517574935103 0.0796418661413553 0.0805059387228893 0.114492811544851 0.105983890117813 0.0945338691034426 -9999 -9999 -9999 -9999 -9999 -9999 -9999 -9999 -9999 -9999 -9999 -9999 -9999 -9999 -9999 -9999 -9999 -9999 -9999 -9999
-9999 -0.220751762840807 -0.221109017325164 -9999 -0.167577177797963 -0.100166929335362 -0.0872592341471419 -0.0636245272552098 -0.025674597248061 -0.13968791313186 -0.172414014403 -0.0995819176507757 -0.0858352621644221 -0.0577909556509415 0.0120530155948752 0.0315278396833437 0.0792748958697308 0.030214319594176 0.0390587552197646 0.066329780510988 0.12107290841258 0.0782834349422364 0.0613361713520436 0.0627196329864283 0.155013310234889 0.12804235388401 0.127408746156468 0.106055575025982 0.0120744918222188 -0.0564605155176775 -0.166664452472349 -9999 -9999 -9999 -9999 -9999 -9999 -9999 -9999 -9999 -9999 -9999 -9999 -9999 -9999 -9999 -9999 -9999
0.0406546427632479 -0.046357396062373 -0.230855801311572 -0.118187888430906 -0.202058580905925 -0.122438191768675 -0.123262220012354 -0.0943740872867335 -9999 -0.0690977861666577 -0.103872246676215 -0.0897944369762682 -0.0582145106477477 -0.0552340523313501 -0.0151334564578716 0.0453113411424721 0.111451960653645 0.102501383296932 0.10587375541626 0.0533371630022992 0.121833729972256 0.127648743970775 0.0682758817508779 0.0932916519285465 0.121388487826811 0.0950609997806735 0.0921726133478462 -0.0342940601420402 -0.0258668856251202 -0.087928875965175 -0.0903385164143912 -0.0543615968605595 -9999 -9999 -9999 -9999 -9999 -9999 -9999 -9999 -9999 -9999 -9999 -9999 -9999 -9999 -9999 -9999
-0.00736009980768026 -0.00455140876464024 -0.0810690416925107 -0.151102712181878 -0.175803686091123 -0.136696862904961 -9999 -9999 -9999 -0.117600355584865 -0.172465994414467 -0.26338428079613 -0.0633411541314337 -0.0825305998085611 -0.0523119738794316 0.00101688130412912 0.0992192691609761 0.122833875068538 0.098926717816361 0.10305744148648 0.129901254188248 0.142894381669923 0.0734829630533126 0.0839823951611269 0.0756450913921631 0.0760430572892424 -0.00135082035399137 0.00333967337031866 -0.00727199817366478 -0.0274691453321396 -0.0258300629083208 -9999 -9999 -9999 -9999 -9999 -9999 -9999 -9999 -9999 -9999 -9999 -9999 -9999 -9999 -9999 -9999 -9999
-0.0457693149269936 -0.0236409795395362 -0.0815002233995396 -0.0981835993559034 -0.0934813794048897 -0.0952419564215092 -9999 -0.351150046961346 -0.40730449073966 -0.142975274495119 -0.198805817188035 -0.204671874794754 -0.177133278948525 -0.143883851703094 0.00467967378190893 0.0196347433663509 0.0273042677984326 0.0746217115928762 0.121609118283112 0.0957391759640988 0.125864745595909 0.149083713603703 0.074587610817949 0.128434848973003 0.0665730328401023 0.111286676371677 0.0742992769635336 0.0812437475484852 0.0257305063930413 0.033099356964728 0.023385951446303 -9999 -9999 -9999 -9999 -9999 -9999 -9999 -9999 -9999 -9999 -9999 -9999 -9999 -9999 -9999 -9999 -9999
-0.0498111837698223 0.0159194775222939 -0.0239187216521031 -9999 -0.0897148109040347 -0.105210003931726 -0.124200744656568 -0.25348330840175 -0.357943325743443 -0.368192820226961 -9999 -0.332042153856748 -0.107191358622821 -0.136001243534447 -0.106595743430772 -0.0374675844175599 -0.0430894419646652 0.063851712547207 0.151854378361479 -9999 0.0928863540051741 0.117903453414563 0.10292888030985 0.115534142765166 0.0725017401545881 0.0220127785608981 0.0653227382350194 0.0775260234518663 0.0628425980763307 -9999 -9999 -9999 -9999 -0.283159726204423 -9999 -9999 -9999 -9999 -9999 -9999 -9999 -9999 -9999 -9999 -9999 -9999 -9999 -9999
-0.0787202356871412 -0.034490980132095 -9999 -0.30679134455379 -0.159321197707053 -0.185946599589772 -0.191541006252242 -0.225827448468044 -0.285140211380921 -9999 -9999 -0.349561985976105 -0.100239404114141 -0.0683475133971925 -0.073267759667689 -0.122654993542765 -0.0690446768686108 -0.0439405124061931 0.0339761987431205 0.169893079648026 0.17242931103197 -9999 0.119128351010147 0.133427012265123 0.0826392974509953 0.0281849724819756 0.063307586871034 -0.0197031801359624 0.147839628969569 -9999 -9999 -9999 -9999 -0.257843341807603 -0.216249481659464 -9999 -9999 -9999 -9999 -9999 -9999 -9999 -9999 -9999 -9999 -9999 -9999 -9999
-0.163414603766581 -0.128784728221167 -9999 -0.234894685697083 -0.119385228093251 -0.195473652506829 -0.292191842995029 -0.253361883767628 -0.284841343019581 -0.320332197141769 -0.298419716095336 -9999 -0.12236083679511 0.0424778364743208 -0.142167349646411 -0.0926899422569789 -0.0776697935694675 -0.0952680845549276 -0.0242895994891594 0.0757866572995971 0.128126411948651 0.0583918009381263 0.0868263029109763 0.0987377113583475 0.104236747434212 0.069064789806123 0.0647652054224857 0.0872823913898251 0.106260345775049 0.125282399721882 0.0739528921595435 0.117019905893817 -0.324389052157214 -0.272633440458553 -0.364969832114518 -9999 -9999 -9999 -9999 -9999 -9999 -9999 -9999 -9999 -9999 -9999 -9999 -9999
-0.164726744888833 -0.121984015358867 -9999 -9999 -0.146117450930414 -0.214619486626666 -0.259531226890797 -0.268877975014743 -0.247588610822859 -0.279431828380189 -0.369114246510428 -9999 -0.244124140185319 -0.282094347148953 -0.175912969968835 -0.126948987663043 -0.105653181638161 -0.0535319960683049 0.0230170377969066 0.0694973233846022 0.0741426935734636 -0.0105182569317864 0.0595299057037474 0.156683038853716 0.0439750351688745 -0.00100071009860559 0.147367089905881 0.146433677002644 0.111748201694035 0.0696177769601877 0.105058795806313 0.14527930625984 -0.00898087940592847 -0.295814364263949 -0.262023161380429 -9999 -9999 -9999 -9999 -9999 -9999 -9999 -9999 -9999 -9999 -9999 -9999 -9999
-0.192057900738846 -0.237035661239684 -0.175356902139534 -9999 -0.148194663697365 -0.209286864498618 -0.242738858712693 -0.279626213399765 -0.233946619063589 -0.286459722546948 -0.249580828415725 -0.220732649185255 -0.221884209881147 -0.248284892832502 -0.212409996367473 -0.0918089633602756 -0.0861757665528784 -0.0485192025348674 0.0861683084060012 0.134487733755934 0.118133909404927 0.0876131103121763 0.116153708967635 0.0980194413846045 0.105688385506052 0.0608164799152357 0.125481608676421 0.138169364023765 0.0644725787735666 0.0712845921040771 0.0942314310807777 0.0125393439240525 -0.161127000602043 -0.295749961840683 -0.218296975426157 -0.192268868655906 -9999 -9999 -9999 -9999 -9999 -9999 -9999 -9999 -9999 -9999 -9999 -9999
-0.221006444854378 -0.198838108847639 -0.232450034566883 -0.276869835496735 -0.17639022940968 -0.142599782837509 -0.185735161154029 -0.165456935582867 -9999 -9999 -9999 -0.203796116998866 -0.182099305968273 -0.253393933943268 -0.278219545888372 -0.305697696005507 0.143709411487495 0.0184117925804094 0.0960158858681889 0.10401319498841 0.0833798683671815 0.0595777362553715 0.0715382910218896 0.0985385695998388 0.143843049057553 0.165165590529284 0.136839033767875 0.164771813491379 0.0113764809361128 0.0357963245813151 0.0301333577183196 0.0526522020542718 -0.1314943810149 -0.285735077164408 -0.156498647171216 -0.169646436005349 -0.165340805632481 -9999 -9999 -9999 -9999 -9999 -9999 -9999 -9999 -9999 -9999 -9999
-0.159005116129268 -0.237501166385946 -0.247966333861186 -0.23897310545414 -9999 -0.123036693381616 -0.197062299584906 -0.127784653243924 -0.0551864768463873 -9999 -9999 -0.13520600975607 -0.173287456894239 -0.136944579791051 -0.18046394431896 -0.214601059882729 -0.0328827614800706 0.120946162714228 0.126351020660005 0.107040795572969 0.0975876209602646 0.0730918401977583 0.0657735516739678 0.113327375703203 0.147746682978632 0.112842073559782 0.109369003077386 0.162592893563649 0.164678815389054 0.124329123014064 0.128649806714799 0.0307206037464596 -0.193150593084088 -0.205938185571678 -0.193239647589345 -0.195769239640593 -0.245959048693069 -9999 -9999 -9999 -9999 -9999 -9999 -9999 -9999 -9999 -9999 -9999
-9999 -0.190109171730999 -0.128527740011308 -0.171360961958515 0.00167492279877753 -0.0860609212274809 -0.261656332629056 -0.147757156798406 -0.0681630773239354 -0.118942385697396 -0.0183923159681989 -0.0259275762316545 -0.153419290481706 -0.186590714152146 -0.215513259238678 -0.193366060081688 -0.134922905845769 -0.141457663282952 -0.0546521442489032 0.091425082318938 0.19060553520427 0.138920594973136 0.122785839362148 0.187927895391076 0.135153563380682 0.174671023659736 0.00997513248810131 0.0546129453636 0.123529128090317 0.172838365421644 0.0955523615435876 -0.0448918148975109 -0.0752891569773642 -0.0585205755335287 -0.148916302137771 -9999 -9999 -0.102550012258968 -9999 -9999 -9999 -9999 -9999 -9999 -9999 -9999 -9999 -9999
-0.197069114959527 -0.188304263744978 -0.177061765505213 -0.104643487433033 0.0365911490072903 -0.0868100752885258 -0.181596739337919 -0.0544553199643426 -0.0274314928124301 -0.0940190782069673 -0.0380399922476122 -0.0082870422808252 -0.0326167097129085 -0.157646668150616 -0.148080292852091 -0.132745359103842 -0.0977282113717323 -0.0674717411313829 0.0601974241015378 0.117096467287605 0.204033901635776 0.166982074319977 0.0961246997057078 0.12938348880324 0.166975713933496 0.183004802045998 0.1154686726246 0.147531584013541 0.153251227581301 0.181634565816908 0.0449172365277697 0.000405396565165026 -0.0283449330432363 -0.0497097890872403 -0.0402509799371176 0.0207017864084998 0.0084228429870712 -0.075288597383061 -9999 -9999 -9999 -9999 -9999 -9999 -9999 -9999 -9999 -9999
-0.0977534874293936 -0.192594565715144 -9999 -0.067568737877402 -0.167364097712618 -0.0452988223334053 -0.0498164546518714 -0.0313757678920152 0.0404980997894371 0.053399666844284 -0.171873666554988 -0.0285255755048396 -0.141203865465138 -0.0413285872683655 -0.058846639049901 -0.0751167340777656 -0.0445401506988988 -0.0773026756383943 0.0521961460532317 0.090726354289149 0.0878512059990447 0.141968656831487 0.166199622087172 0.19268727413948 0.21049536839377 0.11375913950092 0.0907361180666239 0.142475260263327 0.190906558043654 0.0897356894331556 -0.00393096878503606 0.0917853240740708 -0.0326528569049916 -0.0221548349270201 -0.0156642356620961 0.0157135745903541 0.0259205205446013 -9999 -9999 -9999 -9999 -9999 -9999 -9999 -9999 -9999 -9999 -9999
-0.136815793533119 -0.0728873347620309 0.00219043532585569 -0.0737532639609614 -0.0451025149586282 0.0254110685983924 -0.0538985644442844 0.04183440101686 0.0353211526634619 0.0223597702556569 -0.0559377297262105 -0.0401255974425034 -0.0968315285290477 -0.0659803419996422 -0.097206586389727 -0.0490458458267798 -0.0328054294791818 -0.0721991765054078 0.0166168584972975 0.0917339384436085 0.158027535225443 0.176525229099968 0.169918409375974 0.164458494587709 0.196536999482354 -9999 0.0675400922016248 0.111732724737117 0.0660108589045509 0.0476758246930027 -0.0241265577387865 -0.0327623722082353 -0.0382940869060631 -0.0353413020171904 -0.0407543921813558 -0.0424747833101286 0.0563668022848141 0.0954609725542273 0.027433486743147 -9999 -9999 -9999 -9999 -9999 -9999 -9999 -9999 -9999
0.00318517710903427 0.00970158656456108 0.0908994650652745 -0.116034146211321 0.0787985798105242 0.125547272133259 0.0865659405356365 0.0471411664286264 0.0499510449247083 -0.0091607605206021 -0.0185131879990303 -0.0438640096551774 -0.0106938486365773 0.0538330893945891 -0.0666372481793909 -0.0119699242228973 0.049816511616877 -0.0333888025473262 0.0106598232384566 0.0289875314554627 0.120019567687708 0.182551992199589 0.11771913737824 0.0674380906651583 0.153609080480775 0.0911419787307703 -9999 0.153092097691462 0.0356468145131071 -0.0168332201274215 -0.0168724123020972 -0.0259226807862884 -0.0360306466927626 -0.0506768074572234 -0.050493486387232 0.0347882572455116 0.0765281695049989 0.116527257124989 0.122539852379221 0.0634948739784005 -9999 -9999 -9999 -9999 -9999 -9999 -9999 -9999
-0.103161451869931 -0.0357989773732386 0.0866932254003628 0.0811267588878335 0.0298750104993445 0.0575670266243795 0.0181044788598662 0.0734291931124159 0.0946658504640296 0.063390121865866 0.0373823049331825 0.0151708608047365 9.93101853938272e-05 0.0425365682898181 0.0834197699761853 0.0579675482330441 0.0844628816522697 -0.023616546542783 0.0420554449816946 0.0624457077119205 0.0471534420851576 0.150727668394261 0.138583705599898 -0.00682283067931797 0.0473665077558821 0.144871330358666 0.108180153010591 0.0810486322848126 0.0510474556393134 -0.0367616588470248 -0.0296572386708719 0.00218673408871175 -0.00417799584565609 -0.0390358851995424 -0.0468834034736079 0.00762020479195374 0.0307441427999291 0.0761168442226886 0.114775889013458 0.133847307545217 -9999 -9999 -9999 -9999 -9999 -9999 -9999 -9999
-0.145970694226298 -0.00537351884104909 0.0568585114831503 0.148337436629407 0.13483778921709 0.109019544844394 0.0405086934281748 0.0263672454032727 0.144019413831714 0.091005048151227 0.0547001723629345 0.101205388267325 0.0142368378977844 0.0872404833185297 0.0699465332787789 0.0907721951119303 0.0879102013279418 0.0769342722934922 0.0318072377979324 0.0862175028012159 0.109604691410444 0.125931055129502 0.0812326315246349 -0.0199519031836579 0.0555880054744197 0.105901172989083 0.138202033422134 -9999 -9999 -0.016634432192246 -0.00554971775424369 -0.0252589446489972 0.0112768268203139 -0.00260801135225741 -0.0532795370073176 -0.0516309194947447 -0.053277231374666 -0.0136084633041862 0.0363785666699297 0.0640870941021035 -9999 -9999 -9999 -9999 -9999 -9999 -9999 -9999
-0.072544937145897 -0.0585697360928976 -0.0252705610037925 0.0961584702660108 0.0895297173678713 0.135339919868944 0.196494259549399 0.191369467955287 0.149341842095723 0.139276672200606 0.0876608512112451 0.165190698072188 0.101996705401393 0.104347017907736 0.0850506862045808 0.121100397820201 0.0920992972527993 0.0367408616657678 0.0290470351951214 0.074323509229838 0.0865773585289752 0.0493479017004552 0.101805391621067 0.0456582215609916 0.0630328148448212 0.134578210498984 0.13660658280333 -9999 -0.0650058891898214 -0.0118179765103391 -0.0117986434431516 -0.0367837380226883 -0.0282999494836428 -0.0485270228194018 -0.0708266742140661 -0.118492505343393 0.0131622462945069 -0.0695493914249568 -0.0106718775430126 -0.0242777418782398 -9999 -9999 -9999 -9999 -9999 -9999 -9999 -9999
