data/rasters/s7.17.08.cu.5_xyz_08_.asc
NCOLS 100 
NROWS 100 
XLLCORNER -4 
YLLCORNER -4 
CELLSIZE 0.08 
NODATA_value -9999 
[rows 21 to 41 of 100, columns 48 to 95 of 100]
0.0969712010771398 0.247955360264454 0.424419250703941 0.431385543290301 0.365832768967938 0.3582402557687 0.387350591520024 0.450367996076091 0.484606748326447 0.528304362113489 0.532533880588471 0.503289591934517 0.401145212679085 0.337747176366075 0.325132705256782 0.329725549040294 0.285677500365215 0.241173345143413 0.26470039581894 0.276586580605521 0.3085650018272 0.289500424602548 0.172741871877697 0.211274967838998 -0.0320779525962814 -0.097608250698836 -0.116313882807618 -0.105862348886075 -0.177349609577304 -9999 -9999 -9999 -9999 -9999 -9999 -9999 -9999 -9999 -9999 -9999 -9999 -9999 -9999 -9999 -9999 -9999 -9999 -9999
0.0516061161405098 0.145284479815521 0.225515404641229 0.378551557039788 0.406107138561843 0.340041188269161 0.406885769308871 0.485723421243027 0.527327738351829 0.53412845703196 0.481794169360766 0.410022385948833 0.316495706063452 0.230333491753346 0.271284223086723 0.336239431882424 0.254707312182569 0.243529263321209 0.313878433127186 0.240446184984381 0.19448852468443 0.142419210019331 0.0583588374837232 -0.0158776543368017 -0.138935832332294 -0.16270473988006 -0.164113005044119 -0.154425273082255 -0.0267347735373206 -0.0084525177503037 -9999 -9999 -9999 -9999 -9999 -9999 -9999 -9999 -9999 -9999 -9999 -9999 -9999 -9999 -9999 -9999 -9999 -9999
0.017075347796599 0.105119811477744 0.267379126152573 0.354968246965905 0.26664276903914 0.26183559965114 0.286871883927081 0.469776026828217 0.509239613901966 0.485367162172797 0.433513667095676 0.350748500124671 0.218732061591848 0.235734676536136 0.253795544116809 0.30063431744909 0.240743390368723 0.245999744577269 0.255407604288412 0.224571521742686 0.0762495270199935 0.0763707473573001 -0.0530448699622768 -0.0865152418333978 -0.241051816057506 -0.191448532454065 -0.24055529611687 -0.201145596664015 -0.0214179988892582 -0.0606252875522606 -0.110990275851242 -9999 -9999 -9999 -9999 -9999 -9999 -9999 -9999 -9999 -9999 -9999 -9999 -9999 -9999 -9999 -9999 -9999
0.0385124421919163 0.135555401501519 0.24634601568507 0.291241208934702 0.262495062645139 0.301823382068622 0.312892416797939 0.390670064986694 0.466914632609354 0.503467892663998 0.404502993241515 0.289131863995052 0.188870175650993 0.332552326449265 0.387538836184672 0.256041774508223 0.235929548662613 0.317279721442046 0.310841500141455 0.209113780021003 0.0953890827131356 -0.0319051678598447 -0.0786344137674165 -0.216923716052632 -0.238816243626616 -0.276176871294414 -0.240984735031448 -0.153023662989272 -0.109480348525564 -0.0957316418790421 -0.0999042451974657 -0.0910262099551696 -9999 -9999 -9999 -9999 -9999 -9999 -9999 -9999 -9999 -9999 -9999 -9999 -9999 -9999 -9999 -9999
0.0806148771927882 0.182911045938894 0.274924283935715 0.321753714444949 0.320250973948617 0.328440886838888 0.356306576143707 0.370881494467058 0.409801748718811 0.362435510713101 0.402371695638406 0.274461440835536 0.138702277555799 0.156536948943027 0.152367194557077 0.152215186172407 0.28785214992376 0.355519915323301 0.332904216735589 0.138510435991694 0.049275422398765 0.0296127560698593 0.0265396538519433 -0.192898667592933 -0.276394827611868 -0.304140856473172 -0.300130692112622 -0.319776348749591 -0.244765030274174 -0.155516764092672 -0.0838964755790646 -0.099232479949423 -9999 -9999 -9999 -9999 -9999 -9999 -9999 -9999 -9999 -9999 -9999 -9999 -9999 -9999 -9999 -9999
0.17602098461149 0.226203826257525 0.231034476618446 0.268742143912228 0.290954058293423 0.304989811802362 0.280011568296229 0.410272155135825 0.386313100719761 0.292137700373255 0.303021553550696 0.256466924232847 0.214246513118343 0.182932508037596 0.140537726260253 0.198476155486894 0.223016320759165 0.346623214462445 0.33008236341471 0.142827190595652 0.0326865709816349 0.162106107921111 -0.141763295309916 -0.140592438435528 -0.284574319661289 -0.307998632773373 -0.362935492689765 -0.307328661591371 -0.227030961588407 -0.142707879074262 -0.0992917681838857 -0.0845349954564578 -0.138691594690474 -9999 -9999 -9999 -9999 -9999 -9999 -9999 -9999 -9999 -9999 -9999 -9999 -9999 -9999 -9999
0.187846221895557 0.217724098123719 0.247844098657103 0.202264484353265 0.224618855279375 0.262805281040437 0.357629888201101 0.513083495496753 0.331250983991556 0.277577313112171 0.320462284512402 0.243621113843172 0.14403920741776 0.156198965089643 0.152227286602337 0.199363610329799 0.246851021453646 0.302744423361529 0.170353312326633 0.160066787378706 0.0701023183278341 -0.0138770643597908 -0.105958080794944 -0.113374618788935 -0.168875916475918 -0.300918007452967 -0.351409491171243 -0.296575985467266 -0.251673160815369 -0.191659649863777 -0.155038618992512 -0.161998441846685 -0.133686152123633 -0.091293843100396 -9999 -9999 -9999 -9999 -9999 -9999 -9999 -9999 -9999 -9999 -9999 -9999 -9999 -9999
0.110992779208754 0.143664941023771 0.358541364004708 0.18917725913891 0.317036714139174 0.383405623011299 0.446403508188878 0.306514863599294 0.351989088824387 0.356771718083708 0.309752463463528 0.286473946646338 0.15993232313769 0.150967619745513 0.180681516497559 0.15202276598641 0.224585337962674 0.143186964422418 0.0847463974770196 0.0386769258822268 0.0241143662381185 -0.0357082596412584 -0.0215934033532877 -0.158852759013821 -0.209652500297891 -0.228450532520099 -0.309875828304141 -0.217488383581106 -0.139061416182255 -0.0728505640561148 -0.171003219336633 -0.170721605862014 -0.194911597479906 -0.177542600744238 -9999 -9999 -9999 -9999 -9999 -9999 -9999 -9999 -9999 -9999 -9999 -9999 -9999 -9999
0.12997041785292 0.124479084194781 0.10680664079242 0.219320678259173 0.341145627342461 0.196423918337741 0.447755394191151 -9999 0.281272522638551 0.350855144968744 0.306703267579916 0.33879760482594 0.488593389041521 0.160162398577695 -9999 0.226119989920315 0.21732077939428 0.0349203611623648 -0.0145236888008508 0.0263494070914761 0.0227149565530121 0.0463912143999885 -0.0324881568640782 -0.0961128166829944 -0.132623941580283 -0.156032898074055 -0.208491045383991 -0.210139005262345 -0.136241821835221 -0.0577561888811392 -0.195381866124545 -0.212760083169652 -0.24792546905377 -0.19600915155543 -9999 -9999 -9999 -9999 -9999 -9999 -9999 -9999 -9999 -9999 -9999 -9999 -9999 -9999
0.0592792066630962 0.0301418191888455 0.0330782233111891 0.127669713526587 0.187980017376783 0.314678783706572 0.467699512874141 0.448886403491076 0.518437180430321 0.379290948355336 0.347821314056673 0.284495586470164 0.271611994217616 0.13383721757945 0.0694399487318554 -0.0577123141442855 0.0612875293611955 -0.0335108666981721 -0.011855503043392 0.0293151411135022 0.0492938035462607 0.0404100128346065 -9999 -0.0239421671204874 -0.061833881636941 -0.0675385731215025 -0.0311978329371857 0.0452110616313339 0.0554811438857461 -0.245327770684029 -0.246348808584197 -0.311134219253199 -0.294117763220711 -0.241176528888512 -0.196105845572558 -0.199970686224927 -9999 -9999 -9999 -9999 -9999 -9999 -9999 -9999 -9999 -9999 -9999 -9999
0.0338088545683127 0.0254521009591636 0.0142587945291177 0.0993432125145817 0.169331927284872 0.379263782777659 0.439767420667466 0.29723009484585 0.253449684821601 0.360883899513546 0.273084148083626 0.248055508828063 0.161429886351644 0.137399514577529 0.0987814046156094 -0.0268269560505549 -0.0697582564964867 -0.14862045152499 -0.0814554971807179 0.00204935433032151 -0.014118490563861 -0.0135219769387657 0.00605917590666741 -0.0185224087697385 0.0140923259817352 0.0248944553369342 0.031374417565104 0.0229638173870929 -0.075200266696567 -0.0984423534699261 -0.225152372637983 -0.300638824636762 -0.290665786627022 -0.277618301376383 -0.194789535591758 -0.165489937307109 -0.217770817652686 -9999 -9999 -9999 -9999 -9999 -9999 -9999 -9999 -9999 -9999 -9999
0.0692498256177797 0.0326097449790529 0.0479880341036791 0.0868162113156601 0.175511456384115 0.328470261024717 0.383702804847148 0.320468413877711 0.29395373457878 0.292558675766301 0.277136994025689 0.222003570987705 0.194684626551472 0.11748792820482 0.0630884201341723 -0.0400084115274736 -0.0792299192056497 -0.193728802519079 -0.142171521755505 -0.150248144480337 -0.0717687518118814 -0.0295914420811624 -0.0361035328233368 -0.0105477553706582 -0.0174383544034983 0.0672911540155627 0.021713679522977 -0.0183668697136238 0.0262784467133487 -0.129142542789006 -0.252989576429806 -0.248178699544668 -0.249508007846863 -0.219235807944217 -0.244747466358365 -0.299379043791742 -0.353121003726581 -9999 -9999 -9999 -9999 -9999 -9999 -9999 -9999 -9999 -9999 -9999
0.0822112868271279 0.111386689152884 0.146808815433897 0.171658098974165 0.283967754825541 0.351031378788032 0.309817057057538 0.318183634339678 0.355457228080835 0.338449623244069 0.24730007386311 0.20423239469729 0.161880683499549 0.1194815996266 0.0985318013322224 0.0127983372957764 -0.113184608102079 -0.195690972781084 -0.221807037000014 -0.176241072995956 -0.0970355928913669 -0.0490017890977069 -0.068491198577912 -0.07065676033886 -0.0103490666159266 0.0289678765271509 0.023320077408919 -0.0312277443113111 -0.00491738329084645 -0.200024786707545 -0.134784755192284 -0.208241209931547 -0.25520989611454 -0.253067519670831 -0.264859821530621 -0.349103573320033 -0.389226541963168 -0.426020879414654 -9999 -9999 -9999 -9999 -9999 -9999 -9999 -9999 -9999 -9999
0.169588304102487 0.22226503663947 0.270322779514439 0.281847286494214 -9999 -9999 0.323530055373428 0.326858541307216 0.307579090617488 0.364550555435374 0.271383448450544 0.229599349645029 0.201151183295098 0.120517120688744 0.0369230048496521 -0.0418139898935528 -0.150303679719162 -0.195505097605169 -0.230156098136853 -0.243766570974545 -0.119289010097735 -0.090361286503541 -9999 -0.00732267500763181 0.063462295437878 -0.0529882753131787 0.0219693603260049 -0.159586674926598 -0.1095651078784 -0.040350673775956 -0.129683072551741 -0.182703439610307 -0.208678271227283 -0.277517495635293 -0.280721269590751 -0.134839579682918 -0.381649247034827 -0.348982248418115 -9999 -9999 -9999 -9999 -9999 -9999 -9999 -9999 -9999 -9999
0.114921147751065 0.326671587343991 0.34936620300144 0.327388545812647 -9999 -9999 -9999 -9999 0.352631223501186 0.347860005161831 0.304888889483421 0.262000906440884 0.196113909749544 0.137544048795127 0.0146825053904219 -0.0767771218255771 -0.173110129786 -0.228849021219173 -0.234231019949117 -0.237672991325487 -0.133679928334667 -0.0491073975117597 -0.0165431564495028 -0.0159967683680529 -0.0180095562948492 0.0715093193796401 -0.146282555620336 -0.186802193060448 -0.165590912382765 -0.176191474813934 -0.172081608329546 -0.175642486917114 -0.207268044002115 -0.222139707773627 -0.250042553585309 -0.206383379540055 -0.257981703313802 -0.351065776355472 -9999 -9999 -9999 -9999 -9999 -9999 -9999 -9999 -9999 -9999
0.0392438207560821 0.0696386677108493 0.439185252353983 0.350575299575908 0.180970638969484 -9999 -9999 -9999 0.360457748347051 0.318280451939559 0.280835867592919 0.167650533980759 0.135300666142069 0.0630477311201442 0.00277772643317657 -0.0473531269873223 -0.118089679778896 -0.141423106896337 -0.174613863608689 -0.18383779897441 -0.19194087925289 0.080139996337775 0.095612754872556 0.0136395489651988 -0.0669339500895323 0.0128809774987749 -0.102489536571932 -0.138597670927545 -0.126212330629524 -0.156592684146638 -0.276356608850791 -0.216386059068315 -0.202910282014178 -0.137774783884271 -0.109985762332016 -0.188862381459337 -0.254682236543544 -0.35071542038815 -0.374497363343411 -9999 -9999 -9999 -9999 -9999 -9999 -9999 -9999 -9999
0.509825512744217 -0.0108332502786172 0.0239843164192422 0.247635091703567 0.222655773932626 0.219826578760475 0.218395237058241 0.199049753942092 -9999 -9999 0.246014761563602 0.167599376214571 0.132271889201254 -0.0353676021804609 -0.0465266093794433 -0.0530545404800268 -0.0893555419478778 -0.105115836890255 -0.133553024506167 -0.152269610277908 -0.115796498394746 0.00650647619261691 0.11119534371036 0.0448894358783982 -0.0290139779256058 -0.0841030610682298 -0.0835718293966413 -0.146820550946984 -0.156711370661355 -0.193846759548244 -0.227254128132765 -0.221261331168564 -0.196754021660305 -0.104899208149105 -0.0985108688836355 -0.160868667511388 -0.168198063723698 -0.272791878813828 -0.353527119455107 -9999 -9999 -9999 -9999 -9999 -9999 -9999 -9999 -9999
0.356251402449367 -9999 -0.120906414297285 0.0995317968295754 0.17345999661698 0.198622166618748 0.171444995107296 0.192573303709873 0.407204390666009 0.25983821940332 0.147521862382526 0.134615212682634 0.00311484202573815 -0.0240394437047518 -0.0775074794865397 -0.0366408693794034 -0.0892714119330384 -0.0969982699354838 -0.182029900521064 -0.198838944227154 -0.160690882240207 0.0786461560110401 0.114684438224621 0.0588067810451138 0.0244325006782682 -0.00722688745916927 -0.0824072694578111 -0.170903172476481 -0.218781944695839 -0.215224500903055 -0.225327789480138 -0.258150509809426 -0.207291410274953 -0.128318735171839 -0.109617136774253 -0.12990783764341 -0.250808465182958 -0.287019871173584 -0.186541970309255 -9999 -9999 -9999 -9999 -9999 -9999 -9999 -9999 -9999
0.182595269005107 -9999 0.0514166399531198 -0.0208866740159663 0.0548738668141081 0.134105914990211 0.137656115555281 0.126960123735842 0.237020547516095 0.144642827757193 0.0523515788835528 -9999 -0.0397999497461289 -0.0268281896840766 -0.0663744023596694 -0.0930277894868009 -0.153160161980997 -0.190432588644035 -0.0886163396301199 -0.231232416205034 0.101162088413487 0.08092930386513 0.0996325083548648 0.105817662682935 0.0226197707064603 -0.00622579368160686 -0.0553757511370987 0.0861959498939746 -0.248468103616198 -0.317448640175396 -0.311645964755276 -0.301521847066664 -0.305810119272284 -0.16203027935877 -0.0846063573730841 -0.134727934236184 -0.165694914702809 -0.191599736359052 0.0185528593740902 -9999 -9999 -9999 -9999 -9999 -9999 -9999 -9999 -9999
0.22810618471193 -0.0096106043174922 0.020102106969496 0.0408113539298155 -0.00257685647996125 -0.0343212755747703 -0.0402451179495785 -0.0114668982744445 0.0887133866365057 0.0677307678154585 0.015193350529991 -0.0151038882478956 -0.0593459921923142 -0.0142344939845223 -0.0381066760401 -0.0886738882193812 -0.132158477634524 -0.140154777876187 -0.0421236908849883 0.0255469764392095 0.107392746769543 0.123636832289758 0.154959835799069 0.0618641031092326 0.0181352464020831 0.0274017210245497 -0.0295614888023399 -0.0882472265297942 -0.201723463520348 -0.320268655158935 -0.328251106023284 -0.278414254440474 -0.278334699058274 -0.206128781404195 -0.127036578358025 -0.113795460035757 -0.142297679523628 -0.212805320856162 -9999 -0.411829225854937 -9999 -9999 -9999 -9999 -9999 -9999 -9999 -9999
-0.0176284496115324 -0.0415680655317926 -0.0234495707161862 -0.0097436284727728 -0.00141436076674214 -0.106551465984031 -0.0834155152641252 -0.138162899191699 -0.0177427012383789 0.022934855200657 -0.00637951122405703 -0.0361263430855923 -0.0731989968560757 -0.0423975037387241 -0.0557295903150552 -0.102507678279079 -0.0709644245810937 -0.0596137935987019 -0.10241866220621 -9999 -9999 0.155769357220309 0.149106318576437 0.02191779526996 0.00812454033334849 0.00726170521143507 -0.0414342300982589 -0.117072491700301 -0.169636801475047 -0.240082758221908 -0.250502748299607 -0.273368069330351 -0.234947523333138 -0.197049399349668 -0.215120847690094 -0.144219624892612 -0.169878880003082 -0.195543213642663 -0.336471256313971 -0.372763395070836 -9999 -9999 -9999 -9999 -9999 -9999 -9999 -9999
