data/rasters/s7.17.08.li.2_xyz_08_.asc
NCOLS 100 
NROWS 100 
XLLCORNER -4 
YLLCORNER -4 
CELLSIZE 0.08 
NODATA_value -9999 
[rows 63 to 83 of 100, columns 0 to 47 of 100]
-9999 -9999 -9999 -9999 -9999 -9999 -9999 -9999 -9999 -9999 -9999 -9999 -9999 0.0830011363254234 -0.0512060704849267 -0.00717512495297487 -0.0153732370852855 -0.0998604902830371 -0.0930895220571175 -0.194465688548064 -0.177667443149034 -0.207611891895397 -0.278083300742277 -0.284481912658543 -0.246917429385064 -9999 -0.273913173945693 -0.16898676455347 -0.137391331224175 -0.146543520771513 -0.0685734352560578 -0.0847495243103038 -0.0889393199951445 -0.076614568073786 -9999 -9999 0.104505302724518 -0.0447412510349373 -0.0406374159881172 0.0828899827750599 0.17722534208739 0.155285117379523 0.0439780929779032 0.249993422434868 0.265820791967502 0.167575993562406 0.171079668249374 0.208307439608802
-9999 -9999 -9999 -9999 -9999 -9999 -9999 -9999 -9999 -9999 -9999 -9999 -9999 -9999 0.000870910143876534 -0.0353503076518347 -0.0382444970591789 -0.0118950093481515 -9999 -0.289604089058874 -0.192382629148163 -0.186931336698936 -0.236521957171567 -0.258720612025678 -0.254346911129836 -0.266924908120058 -0.269799623017843 -0.176660933534263 -0.120158904439391 -0.140296562942871 -0.127123298819425 -0.132301000658632 -0.130933943704338 -0.0916382196483141 -0.0420345568612997 0.0273004611742985 0.00967491400258652 0.0379492956857449 0.100696355284813 0.113549677181187 0.156960207101275 0.186132092805334 0.187386501632331 0.117083911086229 0.193491252501281 0.200855093484927 0.164500982189366 0.17067377071432
-9999 -9999 -9999 -9999 -9999 -9999 -9999 -9999 -9999 -9999 -9999 -9999 -9999 -9999 -0.0460548214657528 -0.00736849753455048 -0.0631739675904998 -0.0718057478459362 -0.136982329458273 -0.17491741357117 -0.194278988621853 -0.155747985233216 -0.157248714042311 -9999 -0.274545497445445 -0.272932876165162 -0.284220164102054 -0.273004538126152 -0.20086379359837 -0.215576422399005 -0.151311993954373 -0.146542307263645 -0.0425062344634635 -0.0803927700298689 -0.122630244597928 -0.109122881919587 0.035798740183856 0.145801281850671 0.176281723586059 0.23732296697788 0.221226588280992 0.186917737975452 0.205926469346381 0.171954516324998 0.244556839799307 0.212729688070222 0.184819490188072 0.182907509114324
-9999 -9999 -9999 -9999 -9999 -9999 -9999 -9999 -9999 -9999 -9999 -9999 -9999 -9999 -0.0631460873645728 -0.0272893968263729 -0.0305549116874237 -0.146150177754556 -0.0380938612180849 -0.0633687838469917 -0.149665684035022 -0.149078917068139 -0.185803480211478 -9999 -0.244565542388762 -0.266780275782988 -0.267437317911433 -0.271934337012115 -0.225606765718375 -0.240030806046102 -0.210318574036565 -0.0559443093488088 -0.0648590376776213 -0.105408066425938 -0.105223973112639 -0.100739497595957 -0.041737980039609 0.0931671009637071 0.204183249952389 0.213260715582405 0.0800733469667762 0.162632781886483 0.222738759867916 0.223977179079797 0.219629693555275 0.195746039386343 0.149733180242029 0.165258302808289
-9999 -9999 -9999 -9999 -9999 -9999 -9999 -9999 -9999 -9999 -9999 -9999 -9999 -9999 -9999 0.00759816860252197 -0.179433786541817 -0.0993712602329754 -0.128171809452357 -0.0724059529958051 -9999 -0.169212825511627 -0.153846150025671 -0.0905237676503744 -0.276827585029708 -0.288311930139243 -0.255396126673437 -0.138812313350577 -0.142469058514728 -0.245331993968515 -0.285576781719406 -0.0554012149461768 -0.13939957470657 -0.11357787273754 -0.0954575332967391 -0.062648112040675 0.0367345243424629 0.0831620691381467 0.122997074563394 0.080817678816837 0.0676930308875206 0.126176778697486 0.136326361081563 0.0712118391230766 0.176598977421815 0.279368710069856 0.296332471275351 0.067251971274975
-9999 -9999 -9999 -9999 -9999 -9999 -9999 -9999 -9999 -9999 -9999 -9999 -9999 -9999 -9999 0.107148472280343 -0.0922177455385551 -0.144211242391376 -0.0953894835811129 -0.114824699023061 -0.149035082003769 -0.189378274378286 -0.128556037411593 -0.102771871427803 -0.249778810553975 -0.275980970777113 -0.210073407510421 -0.089363353751997 -0.138632287622676 0.0374008744872148 -0.061898298445019 0.0214080918725106 -0.118927739951096 -0.113194998842272 -0.132110205637504 -0.00880485842392082 0.0665355106796169 0.104027122718954 0.128017491047819 0.0334443228472624 -0.00474646360057035 -0.0226297325994114 0.0158434505206802 -0.0308615953847629 0.121455196185317 0.0913358890054427 0.0709572926912316 0.0970941947809226
-9999 -9999 -9999 -9999 -9999 -9999 -9999 -9999 -9999 -9999 -9999 -9999 -9999 -9999 -9999 -9999 -0.0792650125316262 -0.119383629666464 -0.0440052691706741 -0.0189740470661005 -0.106660499680246 -0.106017786132177 -0.140009376398762 -0.173486315353961 -0.151224051620762 -0.1403860635787 -0.164434362990657 -0.0463665417257483 0.00312126739289343 0.0150545908918846 -0.0578723764974167 -0.0491486962471078 -0.0852401471852238 -0.104358235756226 -0.13348883197265 -0.0732135622373213 0.0173134653759578 0.0831023040600407 0.0161969248552729 0.0308988628118887 -9999 -9999 0.0634054972019202 0.0493448829262052 -9999 -9999 0.042999377374758 0.0715963124226204
-9999 -9999 -9999 -9999 -9999 -9999 -9999 -9999 -9999 -9999 -9999 -9999 -9999 -9999 -9999 -9999 -9999 -0.0847622913485582 -0.0509024971342943 -0.0482249235764191 -0.0574113037719399 -0.095783652843814 -0.127938207157641 -0.126383120722595 -0.0882601163485774 0.00909965269060642 -0.0117692454096187 -0.0803525572060192 -0.0493642364024836 -0.0865407158418904 -0.0754308326909624 -0.0482012522094003 -0.0998602459293302 -0.0464788703325054 -0.0997234981878543 -0.0807842618060726 -0.0664048298562962 -0.0517974833406064 -0.0963601442052489 -0.117831948369217 -9999 0.150114881245904 0.101971856958289 0.0359171719431451 0.0402982720903464 0.0138343076444024 -0.0334427470297123 -0.00922448690863801
-9999 -9999 -9999 -9999 -9999 -9999 -9999 -9999 -9999 -9999 -9999 -9999 -9999 -9999 -9999 -9999 -9999 -0.0556528042694165 -0.0568130361409249 -0.0308246367073206 -0.0501464823754955 -0.0630378120703143 -0.0935544727681194 -0.135695568522695 -0.0514077477209918 -0.0316409312502388 0.0639833616464136 -0.0376561166060881 -0.0411386748300714 -0.00316856762898529 -0.0587029459576455 -0.0411533840551761 -0.104010253570894 -0.100449993688078 -0.141708992769077 -0.123219513326918 -0.0584066565896536 -0.0426667161355859 -0.0432177781062707 -0.0956927393593469 0.11725559373742 0.104425038607244 0.0724730306836715 0.0429411286296209 0.0253750599558922 0.0213883201070968 0.067156784863961 0.0612500346053187
-9999 -9999 -9999 -9999 -9999 -9999 -9999 -9999 -9999 -9999 -9999 -9999 -9999 -9999 -9999 -9999 -9999 -9999 0.0537501623893176 -0.019617025841448 -0.0296927890163123 -0.0710525329431779 -0.136469657343343 -0.088892819964643 -0.0911633529274163 0.00161350464907378 0.0370018729595235 0.0592264506172394 0.0212216007657854 -0.0030964582632999 -0.0907264792376605 -0.0644119799224098 -0.0954595349679367 -0.124033815061642 -0.108611698436749 -0.103742937075996 -0.0192215378825943 -0.00225066905307405 0.00590912523645642 -0.00419202794383971 0.0569560476350234 0.0725501113660385 0.0231314540668359 0.0311658357915352 0.00811003047328045 0.0624716972437088 0.105344324975083 0.174440085633728
-9999 -9999 -9999 -9999 -9999 -9999 -9999 -9999 -9999 -9999 -9999 -9999 -9999 -9999 -9999 -9999 -9999 -9999 -9999 -0.0296790008433987 0.0240873553860716 -0.0514353632797803 -0.12244719588665 -0.150328371171503 -0.14679164923072 -0.0805273187894426 0.0300830739874018 -0.00192852406865888 -0.0257843623518158 -0.0160151839046741 -0.0138247763588111 -0.0670501597711501 -0.0803350539142305 -0.11775550532983 -0.0846751423276842 -0.0666541750111547 -0.0619476813160946 -0.0350727928261773 0.00521033959042452 -0.00184680830470306 -0.0396806988439477 -0.0502824436140072 -0.0244038556461983 0.0889194291448173 0.129801460893152 0.0630432041949186 0.081031761594119 0.0838048873292112
-9999 -9999 -9999 -9999 -9999 -9999 -9999 -9999 -9999 -9999 -9999 -9999 -9999 -9999 -9999 -9999 -9999 -9999 -9999 -9999 -9999 -0.245125133472534 -0.20331208465459 -0.194588618694447 -0.184048473401711 -0.0927031414571278 -0.0434520822820017 0.0219947795863808 -0.0320275881738524 -0.0366082160965468 -0.0599876180986761 -0.0966178150119606 -0.0890282724658891 -0.11346154412412 -0.119742724557346 -0.0921914552900542 -0.130144562653768 -0.0732287643529645 -0.0187224455968428 -0.00889254561195084 0.0141410786525112 -0.00455313669398754 0.00416873279557213 0.0365780444867032 0.0927161718577961 0.00593380275665262 0.0414253923181943 0.108766410919746
-9999 -9999 -9999 -9999 -9999 -9999 -9999 -9999 -9999 -9999 -9999 -9999 -9999 -9999 -9999 -9999 -9999 -9999 -9999 -9999 -9999 -0.102243203542925 -0.0791381118636453 -0.0268133686680573 -0.163493889902408 -0.136625886724045 -0.0609615722984662 0.00449587677189882 0.0178794313229797 -0.0066559536399011 -0.0362904176575928 -0.102155982537464 -0.113414891561139 -0.0624202327723477 -0.0813563296389716 -0.11666532935052 -0.10676611674923 -0.1181314328119 -0.00536604337851384 0.0245363562823039 0.000918138569564924 0.0572361081474526 0.0296012265704824 0.0539469640913605 0.107771577257481 0.00695790187334808 -0.00877032159536568 -0.00990408551992225
-9999 -9999 -9999 -9999 -9999 -9999 -9999 -9999 -9999 -9999 -9999 -9999 -9999 -9999 -9999 -9999 -9999 -9999 -9999 -9999 -9999 -0.122573967941147 -0.090016889323801 -0.0763149289242956 -0.0986431800960885 -0.21982310340005 -0.168059161738086 0.0638653266610204 0.0152747327465244 0.00417325151940107 -0.0490596950562543 -0.198729674696176 -0.244897092895243 -0.174398157289223 -0.100706882518343 -0.0599924609442969 -0.0600181043473961 -0.0813324178715932 -0.00392591704049689 0.0638563611171061 0.0308184401035762 0.0295797402648955 0.0278534152397864 0.00446611835083182 -0.0211356262247211 -0.0411889395708469 -0.0233353592276116 -0.0345701560745906
-9999 -9999 -9999 -9999 -9999 -9999 -9999 -9999 -9999 -9999 -9999 -9999 -9999 -9999 -9999 -9999 -9999 -9999 -9999 -9999 -9999 -9999 -0.109649440292399 -0.20704961797732 -0.177391528194705 -0.141879934793664 -0.124150168883473 -0.133909259187431 -9999 -0.187185314624322 -0.138551223359139 -0.184576993899252 -0.212374479600605 -0.215930465834449 -0.143934663037605 -0.0352318653713037 -0.0359274581749621 -0.0665501072457886 -0.0301714482216868 0.0510439182793854 0.0521720795748874 0.0223918332798905 -0.0541832236273152 -0.087811595611274 -0.147773361094992 -0.144807538597924 -0.0792145090545231 -0.0647964980898229
-9999 -9999 -9999 -9999 -9999 -9999 -9999 -9999 -9999 -9999 -9999 -9999 -9999 -9999 -9999 -9999 -9999 -9999 -9999 -9999 -9999 -9999 -9999 -0.250182744454305 -0.243256653832075 -0.158936337972247 -0.187482387339454 -0.199619621395414 -0.105222882325946 -0.245798941524485 -0.180249625201023 -0.189560029045939 -0.233420587662245 -0.19239848340628 -0.169201500683301 -0.0588039979798353 -0.0259580793091241 -0.0816838567150417 -0.100624585221242 -0.00351842832411722 0.0279901862027835 0.000963212958826731 -0.0393731249937364 -0.100173622900412 -0.124935069683891 -0.0571379269991899 -0.0127064432651476 0.0183417331962015
-9999 -9999 -9999 -9999 -9999 -9999 -9999 -9999 -9999 -9999 -9999 -9999 -9999 -9999 -9999 -9999 -9999 -9999 -9999 -9999 -9999 -9999 -9999 -9999 -0.199415756666181 -0.0875517594829686 -0.0908686093181535 -0.127925129624499 -0.117767768834677 -0.174544888993928 -0.17585872856983 -0.158001326754877 -0.26442343580942 -0.261934006461918 -0.21292007694932 -0.139671294563426 -0.119192239804547 -0.0485985543024612 -0.0315539118764756 0.0144398495715396 -0.0131145192804962 -0.037472614150296 -0.0243638528881034 -0.105414145254927 -0.115858555243545 0.0129880041805372 0.0705229562971975 0.111255661134484
-9999 -9999 -9999 -9999 -9999 -9999 -9999 -9999 -9999 -9999 -9999 -9999 -9999 -9999 -9999 -9999 -9999 -9999 -9999 -9999 -9999 -9999 -9999 -9999 -9999 -0.0405842359624558 -0.104388275841791 -9999 -0.106644739005252 -0.127306112064734 -0.16206070159847 -0.164386419539231 -0.229144535697285 -0.181149422124286 -0.180221408178683 -0.181877849996074 -0.161484513573348 -0.101512326832294 -0.0809409760733929 -0.0389937678125656 -0.0353803872912553 -0.0390057606258421 -9999 -0.0470296365210183 -0.0375206700040897 -0.075074500426788 0.0296754976232083 0.0212932810529977
-9999 -9999 -9999 -9999 -9999 -9999 -9999 -9999 -9999 -9999 -9999 -9999 -9999 -9999 -9999 -9999 -9999 -9999 -9999 -9999 -9999 -9999 -9999 -9999 -9999 -9999 -9999 -0.137009843329039 -0.107040650331634 -0.0846437095651389 -0.159350611241868 -0.140000228977017 -0.134833590848994 -0.171305705962447 -0.126033330645448 -0.176602996596045 -0.275174074493806 -0.158525321393815 -0.0896086660025029 -0.0459479638921016 -9999 -9999 -9999 -0.0672031508491499 -0.0686392525546587 -0.0431388697307261 -0.0157221815226577 0.0318197182736082
-9999 -9999 -9999 -9999 -9999 -9999 -9999 -9999 -9999 -9999 -9999 -9999 -9999 -9999 -9999 -9999 -9999 -9999 -9999 -9999 -9999 -9999 -9999 -9999 -9999 -9999 -9999 -9999 0.180260560454363 -0.0121560204750893 0.0417179674211574 -0.106330952414471 -0.0606616148945319 -0.0890898837866622 -0.0276143693894025 -9999 -0.207518482004978 -0.203780197041676 -0.0722967724328306 -0.0148733431746685 -9999 -9999 -9999 -9999 -0.142190235020139 -0.100636568709331 -0.0221502191590485 -0.0199919778912371
-9999 -9999 -9999 -9999 -9999 -9999 -9999 -9999 -9999 -9999 -9999 -9999 -9999 -9999 -9999 -9999 -9999 -9999 -9999 -9999 -9999 -9999 -9999 -9999 -9999 -9999 -9999 -9999 -9999 -0.138077664516004 0.0285158537568473 -0.060404301936426 0.00165903421964274 -0.0145114161887998 -0.0774124964700756 -0.16719673922312 -0.0622475624129021 -0.178146592718006 -0.176388263199116 -0.0580404979763937 -9999 -0.290602035284644 -0.27466403702963 -0.273564069363677 -0.222387945365645 -0.173303865288223 -0.181770770140744 -0.0660092825972121
