data/rasters/s7.17.08.li.1_xyz_08_.asc
NCOLS 100 
NROWS 100 
XLLCORNER -4 
YLLCORNER -4 
CELLSIZE 0.08 
NODATA_value -9999 
[rows 44 to 65 of 100, columns 0 to 48 of 100]
-9999 -9999 -9999 -9999 -9999 -9999 -9999 -9999 -9999 -9999 -9999 0.348636306142911 0.308749792548413 0.286846740793504 0.303406983595221 0.433229091615159 0.321292716811271 0.275915228470272 -9999 -9999 0.410649109110969 0.386185897567628 -9999 0.00414946027042829 0.0161088764322485 0.0572503847257197 0.224986536857271 0.115746685949878 0.323269129928887 0.279211413053973 0.220207584024802 -9999 0.189004537873964 0.155636209248083 -9999 0.367550999549323 0.320612247863475 -9999 0.129446276532831 0.14165079224631 0.0554061868521616 0.0547625891513219 0.0865703126716331 0.00549371857150128 0.00264117168702987 0.0252532260483422 0.0365540521816668 0.0901383133499511 0.0445059328379984
-9999 -9999 -9999 -9999 -9999 -9999 -9999 -9999 -9999 -9999 -9999 -9999 0.34577432925025 0.261844769343721 0.307398856455883 0.401415276368423 0.347248881779803 0.315960891351928 -9999 -9999 0.335182209557327 0.318882584297284 0.3865565208408 -9999 0.104072505665856 0.086073464836024 0.15743326522023 0.148318279582851 0.275971781683213 0.256387276083029 0.243809828852638 -9999 0.0583900939196716 0.139610726628916 0.171480814740269 0.34865416992714 0.300715041617 0.156950263219272 0.15790273989401 0.100692446322669 0.135226540133268 0.13663810399136 0.154135081333989 0.0662615716576606 0.0558992211959202 -0.0216771712712077 -0.0722303246548183 -0.0108250830756346 0.065058485947368
-9999 -9999 -9999 -9999 -9999 -9999 -9999 -9999 -9999 -9999 -9999 -9999 0.350822759564188 0.275482974715871 0.284769774410899 0.223616146331516 0.229804129917354 -9999 -9999 -9999 0.25606867500116 0.202596503606671 0.427289714878231 -9999 -0.0120047841737671 0.0695056795054627 0.196647659522313 0.376566788572058 0.353198906314746 0.415977456203729 0.258643876590267 0.0707909168834105 0.147504211486496 0.229582988769125 0.206487882603871 0.276149030884051 0.131876469491555 0.147492317854153 0.251041144806769 0.237429846746292 0.183464913200939 0.139934123962798 0.0844395140444957 0.0910329005038807 0.0734500056896017 -0.00187523924574069 0.0521339623778664 0.0681325455115185 0.128172587737701
-9999 -9999 -9999 -9999 -9999 -9999 -9999 -9999 -9999 -9999 -9999 0.23772276780755 -9999 -9999 0.174561799670841 0.179656559897963 0.240672650255731 -9999 -9999 0.145822864015389 0.259997925560597 0.197230675918255 -9999 -9999 0.034753740857988 0.090444603013743 0.232132439140074 0.369494032181324 0.313451543390826 0.262410331232857 0.26462692429685 0.286411869725144 0.152210216498587 0.239085953447738 0.221044139734466 0.143827297199409 0.241404443450877 0.224287183071675 0.202597516055743 0.222981354294855 0.0849281114653849 0.0917490572061238 0.0467441354151567 0.110015803197879 0.152890284042854 0.119105299810421 0.0772204876957654 0.0821042257614964 0.110076613416458
-9999 -9999 -9999 -9999 -9999 -9999 -9999 -9999 -9999 -9999 -9999 -9999 -9999 0.223970366083225 0.322956010025161 0.364825486290581 0.30696585055957 0.296765878659734 0.263141783658122 0.226749034571359 0.182939641326075 0.170851970047199 -9999 -9999 0.154884502648133 0.14350391531118 0.212168048266033 0.243057028754086 0.162595524376165 0.0822981524020507 0.184020048248159 0.137947095819144 0.169894697314591 0.307759117009784 0.195086405791402 0.164606379044078 0.176223393520415 0.236282628126651 0.244598647533197 0.208169435456978 0.203956596276641 0.151831103278653 0.102308659987903 0.134081520378612 0.186547870833105 0.147759608905334 0.0882190329213462 0.0706334747780769 0.143374521642183
-9999 -9999 -9999 -9999 -9999 -9999 -9999 -9999 -9999 -9999 -9999 -9999 0.34591422502337 0.267098775701848 0.443926064413354 0.368296204159889 0.3339499870166 0.241648521378018 0.268958543902928 0.221011288718549 0.283775251059017 0.245637625488621 0.22991557584557 0.16830463464974 -9999 0.10263605702098 0.131808206419383 0.109461077663431 0.115740378891447 0.0249601456974669 0.112145994898948 0.210368462084776 0.218800513400241 0.306278641573185 0.203204511008121 0.150663505890369 0.17996240573581 0.270735203303782 0.297873060782392 0.224511802590824 0.123017296004733 0.163611123716607 0.112403942494115 -9999 0.178958024298115 0.115700218488058 0.169247739246952 0.0882954777992929 0.11466270745703
-9999 -9999 -9999 -9999 -9999 -9999 -9999 -9999 -9999 -9999 -9999 0.111918717139377 0.0696371898260252 -9999 -9999 -9999 -9999 0.158975603866637 0.229958844260008 0.228257715959578 0.323938047197869 0.310753966980973 0.248015053050399 0.256420400457317 -9999 0.063403278791087 0.085629065780046 0.0741037673411898 0.065439160504085 0.078955153430978 0.102117103884217 0.207237592030313 0.307122140526916 0.295615427629063 0.29038270125877 0.214570598376669 0.246796599024549 0.274029527517795 -9999 -9999 -9999 0.08162686299899 0.106223613389312 0.0923936034870688 0.124736724767086 -9999 0.104417938543249 0.090680294559675 0.0942529586214491
-9999 -9999 -9999 -9999 -9999 -9999 -9999 -9999 -9999 -9999 -9999 0.0942647469075345 0.169898150761729 0.104414346893964 -9999 -9999 0.183044078086404 0.18584343696988 0.219330033429548 0.156778659637591 -9999 0.293433993482983 0.279974855126152 0.271489064746643 -9999 0.0363727317823543 0.0409357614455857 0.0866833816633702 0.118397213464821 0.0432026594593791 0.109606220343836 0.180181043134632 0.235912164469723 0.340219814405347 0.270909648219433 0.242334156617401 0.318087731059796 0.456851343429401 0.44504747425153 0.444181069117691 0.425831407845534 0.124447314859806 0.146574453982166 0.160391591119534 0.118278606814547 -0.00893879764726918 -0.0322815996639777 0.142531787592256 0.14463006837399
-9999 -9999 -9999 -9999 -9999 -9999 -9999 -9999 -9999 -9999 -9999 0.137016987919646 0.159307835410552 0.0420132246646817 0.119151457937105 -9999 0.203665447374814 0.248622148644566 0.19146996837428 0.160290453631307 0.113789863591597 0.113915660271523 -9999 -9999 -9999 0.0480543751240055 0.0274105508165569 0.0480834431261542 0.156096068353227 -0.00640433131955527 0.0305676228687402 0.123412698891613 0.0206798762405292 0.208214305051506 0.248488882198759 0.254299479013559 0.227158707981712 0.241447187115936 0.23288317714618 0.274421217160169 0.253601239950241 0.172234626812127 0.136856509510815 0.0504666537851988 -0.017290832023803 -0.0223875736295947 -0.0160943141477988 0.169167742352013 0.1255508624109
-9999 -9999 -9999 -9999 -9999 -9999 -9999 -9999 -9999 -9999 -9999 0.237256156363012 0.149903591167259 0.0651466638976264 0.125960085339699 0.169195849815086 0.208485316426594 0.196931755055559 0.166438649864292 0.171008437211593 0.159714804408854 0.220370749148046 0.218016663619276 0.240690341942343 0.199844445371729 0.0681650787669728 0.0315913546193294 0.0181130427450135 -0.0143184480300694 -0.0472087036751219 0.000869220839718098 0.0743179855496211 -0.0382849570383381 0.0323825486283252 0.190260357804922 0.159342135500058 0.123934325796235 0.14465344567265 0.122859603126108 0.171579415980791 0.221702040002644 0.14450356438267 0.119525880957529 0.0921449495136113 0.0642122288346556 0.0133170254843369 0.126350439642647 0.212702083970162 0.180642182279109
-9999 -9999 -9999 -9999 -9999 -9999 -9999 -9999 -9999 -9999 -9999 0.131630988528946 0.29225450807336 0.187804942508047 0.365382061525452 0.283840626238782 0.281215562639953 -9999 -9999 0.240730863802822 0.215397809807714 0.246177077259997 0.258243607528193 0.183448233280786 0.122064114386463 -0.107489574333877 -0.120207396128489 -0.0187214279345181 -0.0602886440548501 -0.0791290233673147 -0.0728861606084798 -0.0584010115018137 0.14637886960075 0.0951595139588512 0.170179068104562 0.129417258278884 0.094209572505156 0.127936759328652 0.102433268703871 0.101399296849425 0.11919730742099 0.0966350931073363 0.114790685987352 0.0863276340610151 0.0809946253436568 0.0565487510913425 0.180461296632284 0.206596143462421 0.192917262296461
-9999 -9999 -9999 -9999 -9999 -9999 -9999 -9999 -9999 -9999 -9999 0.0382850072988166 0.212030412501593 0.36067713570015 0.428532941563145 0.287583334296644 -9999 0.402785715081026 0.306748246010103 0.288551266649654 0.264138690050782 0.240176379253039 0.204845900421079 0.119369761776911 0.12369216597758 0.099974157957075 -0.0776095148775274 0.0282560686183414 -0.0599401471979156 -0.0799920626875666 -0.122678682879801 -0.108633768752878 -0.0229962401582725 0.0914608711438475 0.221909581681256 0.164775711036022 0.138439720598568 0.171353312308337 0.0955783006733123 0.0125692297042951 0.0489555894972502 0.0233970410893886 -9999 -0.0135717640312821 0.017780925891759 0.0433829989921801 0.0151082014648906 -9999 0.224241894558707
-9999 -9999 -9999 -9999 -9999 -9999 -9999 -9999 -9999 -9999 -9999 0.132654673491617 0.354536847983628 0.358160851308579 0.296768762846719 0.333287076308257 0.439509897208643 0.0497385101944319 0.197991059680905 0.311377271472735 0.275754409348986 0.144231247450962 0.0751041654327654 0.078345096221197 0.0754946110983618 -0.0914908084327646 0.120542300733567 0.0522580185181837 -0.0803754366113197 -0.0177661815740307 -0.0669860000946767 -0.150844245118213 -0.0845517589117838 0.0928337803288594 0.17680801595443 0.0714558692033966 0.1343345796799 0.143400949774603 0.00228684066981789 0.0118944847471302 -0.0106297221866506 0.02692640037371 0.0497379910769207 0.0754172854750515 0.0372649709337002 0.0774061959449235 0.0383075311736876 0.141516431881561 0.285626409238882
-9999 -9999 -9999 -9999 -9999 -9999 -9999 -9999 -9999 -9999 -9999 -9999 0.508758904260031 -9999 0.323746516587133 0.30535892540216 0.303051270573887 -0.208452318645242 0.242789447367115 0.280240739063734 0.292107538201468 0.103539954882416 0.0184412142221691 -0.0409617127177676 0.0504927865372102 -0.113587288957015 -9999 0.0207140694671152 -0.0532986057949643 -0.0804091897865587 -0.0266034118144008 -0.0298276590715444 -0.0208441398622727 -0.036858582831831 0.0364748118620352 0.0923227877907723 0.00544540370125749 0.0393012427549452 -0.0562988635989097 -0.086280178909907 -0.0105803354660221 0.0479072476565384 0.0728437658476364 0.0184459634102362 0.0360552344866599 0.0173124973596156 0.0166399312476969 0.0145294843459224 0.266283125646488
-9999 -9999 -9999 -9999 -9999 -9999 -9999 -9999 -9999 -9999 -9999 -9999 0.491528431507289 0.106765980615007 0.253021162344487 -0.0322715092056 -0.00497905307323246 -0.15619920426921 -0.0730972895628241 0.291694976587694 0.166104971045412 -0.00721495353622216 -9999 0.0394926748226556 -0.0463921044541294 -0.115838697600658 -9999 -9999 0.0119805833672315 -0.0837839592088665 0.0283009434838269 0.0562141832543605 -0.0419408352825627 -0.0186542602021935 -0.00595091729397763 -0.0267535620086218 -0.0562115531382421 -0.0416071794774258 0.0152158433282021 -0.0775007702115487 0.00402619600975681 0.0271377167800093 -0.0512274291996975 -0.113759168151764 -0.0101865725127275 -0.042155872586147 -0.0290443496081174 -0.0210809157057667 0.13996087501107
-9999 -9999 -9999 -9999 -9999 -9999 -9999 -9999 -9999 -9999 -9999 -9999 0.151111466471901 0.119385823378868 0.164433205452054 -0.037022621849141 -0.00582247310247107 -0.0383365340750982 -0.0805654294749023 -0.200143081973111 -9999 -0.297099423454148 -0.251277872689077 -0.361614256122241 -0.113090849932403 -0.0835170449573481 -0.165532624435377 -0.184606170818029 -0.104521478697246 -0.0423738879924028 -9999 0.0880505182714553 -9999 -0.0673612717124816 0.0248436241712304 0.0615989614862125 0.0421655137582713 -0.0414601067365056 -0.0748320872958843 -0.0782391465321398 0.0110196098439542 -0.0222646531495354 -0.0273543079723883 -0.0966701573163151 -0.0711315652508391 -0.106177080905598 -0.129784910483698 -0.0866202493685215 0.0220135038577167
-9999 -9999 -9999 -9999 -9999 -9999 -9999 -9999 -9999 -9999 -9999 -9999 0.0971043547060117 0.0138302776461182 -0.0854530188648021 -0.0277222953824215 -0.0464015024262918 -0.0788432063264014 -0.0757716446745218 -0.359045720103905 -0.391901248180196 -9999 -0.254092404194673 -0.356565750000885 -0.096709671582374 -0.051829827701224 -0.116300162560871 -0.259380634456833 -9999 -0.0795975780166113 -0.124268329914936 -9999 -0.0882050111401672 -0.0554084816723577 0.0384255562053298 0.125003067524973 0.00462082771596533 -0.026519155910202 0.0050250928533227 -0.0952045415469102 -0.0498760843332519 -0.118345873754448 -0.155343553056232 -0.179441234314982 -0.144762332573036 -0.135018961920727 -0.143863115692929 -0.0406237696974889 -0.0186795337869406
-9999 -9999 -9999 -9999 -9999 -9999 -9999 -9999 -9999 -9999 -9999 -9999 -9999 -0.122204609371524 -0.0446497377588605 -0.0498897290550809 -0.128385763151809 -0.145677961370199 -0.103005273059106 -0.26957187464523 -0.276966049325672 -0.105254984355293 -0.100001209031407 -9999 -0.0477514824768874 -0.0651149833490531 -0.224163864242645 -0.223638860802436 -9999 -0.0782354866955044 -0.00278490773518962 -9999 -0.0579302616801571 0.024730766791928 0.0420285548899277 0.0735827438465542 -0.00937458128490824 -0.0859144829974954 -0.110798932372824 -0.0477154995351077 -0.114919113249228 -0.10007600569414 -0.149490170886646 -0.14578895433972 -0.179659110493618 -0.0890104483102979 -0.0982716776964342 0.00384505810151082 -0.0487053494030565
-9999 -9999 -9999 -9999 -9999 -9999 -9999 -9999 -9999 -9999 -9999 -9999 -9999 -0.230567778089086 -0.427917438268439 0.036755917014836 -0.293036174003739 -0.243512747035372 -0.161570096239822 -0.146252434507762 -0.167232405484532 -0.171436507607221 -0.116946334047358 -9999 -9999 -0.304397316709666 -0.262331828937601 -0.242657125793026 -0.229967949912231 -0.0520366578140514 -0.0403425757117121 -0.0135245211857833 0.00586004038502554 -0.0341139016685693 0.0319021722488455 0.0430511968891937 -0.0497008630701263 -0.151548381128029 -0.143617713544699 -0.0918320282320309 -0.0919856455383583 -0.043908825966062 -0.146630878995158 -9999 -0.184573710244262 -0.0470674907788634 -0.0963735464296234 -0.125875896177835 -0.184433736222636
-9999 -9999 -9999 -9999 -9999 -9999 -9999 -9999 -9999 -9999 -9999 -9999 -9999 -0.3165899543096 -0.373578288509687 -0.34782410813508 -9999 -0.174173366232227 -0.173462953942414 -9999 -0.109095744449019 -0.301316581960665 -0.30641698255936 -0.278985456291002 -0.262596683434961 -0.293923033116091 -0.235196818602592 -0.221686813372201 -0.254161015499913 -0.0942980444288774 -0.0906182589377412 -0.0523187465789227 -0.0482844873631968 -0.0323330122959377 -0.00676980358509533 -9999 -9999 -0.110125189173991 -0.108062231096937 -0.150149729077571 -0.139092364962323 -0.072211044795839 -0.0717851693722464 -9999 -0.0821326720521125 -0.0842476012587429 -0.0985972635172709 -0.015353854720514 -0.109406544714987
-9999 -9999 -9999 -9999 -9999 -9999 -9999 -9999 -9999 -9999 -9999 -9999 -9999 -9999 -0.280194259961161 -0.284160169360308 -9999 -0.294180805145477 -0.207913033075304 -0.232519038782284 -9999 -0.312004681610344 -9999 -0.302208028329089 -0.298374739825171 -0.248208359463893 -9999 -9999 -9999 -0.0474006212486762 -0.0235415886096032 -0.0670546437294265 -0.0231349484438146 0.132788339167881 -0.107396594443058 -0.239074836279964 -0.176571894335133 -9999 -0.104687103296669 -0.110906533435835 -0.157244804218479 -0.116765795399848 -0.0875524739913981 -0.111885819475888 -0.0530442737074243 -0.0298696468495148 -0.0286538323785016 -0.0381642990389194 -0.0544021870334655
-9999 -9999 -9999 -9999 -9999 -9999 -9999 -9999 -9999 -9999 -9999 -9999 -9999 -9999 -0.247961274845642 -0.242377163349378 -0.359990452716944 -0.314921603937694 -0.163502960370533 -0.192070078999859 -9999 -9999 -9999 -0.313222487278733 -0.289185419219455 -9999 -0.240260697879992 -0.163531109632509 -9999 -9999 -9999 -0.235217811274699 -0.246466537815033 -0.26862678448521 -0.139102397192747 -0.189539821797283 -0.137875302509288 -0.120599565818362 -0.12086543841479 -0.111176929701155 -0.184911501325754 -0.130103088029508 -0.106034517316696 -0.05630459939251 -0.0741534298393366 -0.0483017263440112 -0.0654749124359099 -0.0393891830936548 0.010388515022866
