data/rasters/s7.17.08.li.4_xyz_08_.asc
NCOLS 100 
NROWS 100 
XLLCORNER -4 
YLLCORNER -4 
CELLSIZE 0.08 
NODATA_value -9999 
[rows 42 to 62 of 100, columns 0 to 47 of 100]
-9999 -9999 -9999 -9999 -9999 -9999 -9999 -9999 -9999 -9999 -9999 -9999 -0.137683184200472 -0.101828331791689 -0.159551067843134 -0.141618663937508 -0.308524041546359 -0.294411833544952 -0.310508822401725 -0.255814573788794 -9999 -9999 -9999 -0.239230881494201 -0.111134304834127 0.0423630352010723 0.0682935737129895 -0.208456536205998 -0.180297769078271 -0.0872794467960211 -0.135380229543762 0.0182458629768278 0.0952257448410956 0.088172163729098 -0.104340219343658 -0.0174004856407897 0.00149901633300291 -0.00442419870237417 -0.0117579895818844 0.0316771779489636 0.0483510670823035 0.0469125614020505 0.106671878640084 0.181786811679112 0.208709779192272 0.245941143234953 0.198729644042602 0.211551546311688
-9999 -9999 -9999 -9999 -9999 -9999 -9999 -9999 -9999 -9999 -9999 0.056749709637988 -0.105560999044273 -0.261963991680704 -0.181402511139956 -0.135959742648272 -9999 -0.288912620764176 -0.280071205633267 -0.253446250563871 -0.208112577023479 -0.15955962681392 -0.184209393891906 -0.204640262381305 -0.162637127068859 -0.108968866947313 -0.110255559304502 -0.173073970784782 -0.0343758919336858 0.132640262709743 0.0143527190909423 0.0581987630726613 -0.00442251955358273 0.00465868376986356 -0.0333992512762846 -9999 0.0104206287739379 -0.00865191190163151 0.0224496281045041 0.00545867964763533 0.0223239304505791 0.064236162880212 0.16895393569921 0.24355889796185 0.275627206038953 0.260908253083808 0.23069178309604 0.221757658548328
-9999 -9999 -9999 -9999 -9999 -9999 -9999 -9999 -9999 -9999 -9999 -0.0581207963874759 -0.184209898700512 -0.157465822007719 -0.138112909667482 -0.226889963058926 -0.275091097501667 -0.188744300004578 -9999 -0.172604980921072 -0.157131413242526 -0.139716292553687 -0.210294355172495 -0.268519719019449 -0.268621140947719 -0.181903327359282 -0.182083946582755 -0.251435336340582 -0.00277566021497684 0.0460963665488141 0.0102677849521113 -0.000553144392642342 0.0302209632184026 -0.0375142809699788 -0.0133738263575347 0.0613321957742396 0.0426192165606022 0.0781447951622242 0.099519935787317 0.0808579155817154 0.0135557526134451 0.0591402963823171 0.158930691480614 0.181224481703172 0.211593897881459 0.240458652091072 0.231415142938557 0.166297570137113
-9999 -9999 -9999 -9999 -9999 -9999 -9999 -9999 -9999 -9999 -9999 -0.103756296710075 -0.0835412570077824 -0.258606583688378 -0.16330161517392 -0.249413690914731 -0.248726968799534 -0.0844404437041255 -0.106075018555501 -0.160179608570478 -0.138460971616341 -0.118594202620385 -0.110845242771216 -0.0795767750104943 -0.0950149280650895 -0.0836222123951721 -0.164966170653315 -0.104025082861265 -0.121564407662039 -0.049324801755399 -0.0657208845365124 0.00236527160100793 -0.0113166287381851 -0.0316658918970951 -0.0458637745450352 0.00178630324252045 0.0749040854809011 0.0582563598747077 0.0600248964642111 0.0963364998914287 0.136790855470574 0.142492651979314 0.162819107137996 0.295395828991583 0.257039634412237 0.27025170298552 0.105423181739067 0.0840704528014606
-9999 -9999 -9999 -9999 -9999 -9999 -9999 -9999 -9999 -9999 -9999 -0.0824672992656625 -0.0879582622508289 -0.201602139356902 -0.170216031127743 -0.25098283457234 -0.374304804757976 -0.0791011939600537 -0.0982687221870125 -0.182709535323042 -0.214427979514997 -9999 -9999 -0.0432653839340126 -0.0845313422033283 -0.119597112234491 -0.0401074891900667 -0.236181373897926 -0.126901632761217 -0.0880984062191214 -0.0620800874500164 -0.042172271460383 -0.0461026939505408 -0.0357783923693753 -0.0284956987452519 0.0115484730385094 0.02862026475997 0.0530397282354038 0.0703398660827916 0.133465553997814 0.108651914127871 0.295204650733939 0.206339352160385 0.314490056589764 0.287890403908523 0.197270049840402 0.104646020514165 0.0755804575843194
-9999 -9999 -9999 -9999 -9999 -9999 -9999 -9999 -9999 -9999 -9999 -0.0451594347045798 -0.114132745559589 -0.146317667852476 -0.186889504405732 -0.274270654080736 -0.294176141703309 -0.206890128746535 -0.191420239033433 -0.208351433695935 -0.330519389987391 -0.179981345110463 -0.0802091067894306 -0.00868703727675415 -0.0146291032013212 -0.0330273338731584 -0.00681271729237803 0.01733053622331 -0.0381782911602949 -0.00119572203893621 -0.0402164927561845 -0.0418925131845443 -9999 0.140581576714595 0.107691085180462 0.0610279626812507 0.114609512921763 0.0964247714817173 0.109636562855462 0.16748999060322 0.11088519552846 0.198914419064673 0.267268452330397 0.336659575278098 0.348013618911042 0.126667262819289 0.0422239885637921 0.0451298592508724
-9999 -9999 -9999 -9999 -9999 -9999 -9999 -9999 -9999 -9999 -9999 -0.0303007856967744 -0.141616661552678 -0.153204837694352 -0.201345783168015 -0.265895744942829 -0.198635214432669 -0.183165918345581 -0.21927816274004 -0.237761364599001 -0.260878905235433 -0.15422053825931 -0.0858152544258268 -0.0682757363909605 0.0343624308138451 0.0404087502106957 -0.0340834079866698 0.00970910490603033 0.0317754492255856 -0.0467938102707892 -0.0416456525289112 0.0131402138274446 0.10733013211248 0.120020669953166 0.111545239733945 0.0570379283834572 0.0479218853519878 0.142503643517511 0.0882778391645218 0.141046223821058 0.12001722029872 0.0894600146606486 0.193959952314561 0.319754082435004 0.280113262349924 0.2800112088394 0.0611724378597692 0.0495951985532185
-9999 -9999 -9999 -9999 -9999 -9999 -9999 -9999 -9999 -9999 -9999 0.0151909346786744 -0.123867961284096 -0.184311001818221 -0.190557399870437 -0.198392793169495 -0.182579241490917 -0.216732904160829 -0.225218895407108 -0.231433890500438 -0.257631774174629 -0.158679676507729 -0.207656795050289 -0.0125481642157914 0.0936485638843411 0.0846164592392282 0.0585212843207627 0.00667941288234161 0.078146761274258 0.0521321962335037 0.024640607842969 0.0381993532274596 0.0920210930844906 0.110814716060127 0.118825140768819 0.115874285753446 0.14276800907821 0.180909982682918 0.171316876519701 0.121356055699076 -0.0375678043545468 0.266625794959774 0.0847941371099116 0.220648210051058 0.227657045110965 0.258671386425628 0.241127657816362 0.157402862845007
-9999 -9999 -9999 -9999 -9999 -9999 -9999 -9999 -9999 -9999 -9999 -0.00331592661957155 -0.00287391029360962 -0.000155030876649271 -9999 -9999 -0.244046611402698 -0.198578074540137 -0.163002217362121 -0.166600402550103 -0.196383263746567 -0.201598124720832 -0.148439991605363 0.0178461207425701 0.102388286104713 0.176981741797652 0.193392820202728 0.0773304080207782 0.188141577882501 0.0916218964580037 0.105235509274488 0.143893412174373 0.0496654247358434 0.0937980726122594 0.129129349472399 0.100253449795815 0.14157119229054 -0.00290952285845978 0.252686686091055 0.23325733576094 0.344632090504122 0.369163988754547 0.281239182709674 0.236835652352719 0.188162534161766 0.179003107930378 0.246879187523243 0.123907784215134
-9999 -9999 -9999 -9999 -9999 -9999 -9999 -9999 -9999 -9999 -9999 0.0484958706265735 0.0371215604673702 0.0302138063272738 0.0973974224732775 -0.01360152083997 -0.144772819629656 -0.164309781143162 -0.155349533901531 -0.10419988235823 -0.123345398937873 -9999 -0.11177155795637 0.0267084804223707 0.115772194091613 0.204374064016108 0.232076748983851 0.210894928712617 0.14554158654046 0.104587278765006 0.0941592504845376 0.145111306025848 0.163809073368213 0.135219339640632 0.151155825876469 0.188620190282001 0.188366614188341 0.203036342779857 0.178814636546882 0.2076326029966 0.344264064982954 0.461404632648435 0.237129120559208 0.286382674846263 0.173922795697938 0.14941210348544 0.17479392092885 0.0917241029273366
-9999 -9999 -9999 -9999 -9999 -9999 -9999 -9999 -9999 -9999 -9999 -9999 0.031951213263869 0.108266407620416 0.0109198641803499 -0.0448095014168414 -0.113048319668045 -9999 -0.0530229613289827 -0.0616262658026648 -0.0179831171381212 -0.0157524370373683 -0.00952143893730535 0.0969392935940507 0.0626766168252865 0.088144305688548 0.167344320925796 0.173827086694264 0.073868900434318 0.118119180352844 0.0881376642285217 0.083202751962269 0.108546815373603 0.124039108482506 0.108392629702978 0.128266292009102 0.117858083515686 0.125331975694953 0.137402937884068 0.172566337766226 0.200551199006989 0.339258537160006 0.423530399155464 0.200153824136195 0.152066044299161 0.182026570607059 0.0754868175668931 0.116219294369941
-9999 -9999 -9999 -9999 -9999 -9999 -9999 -9999 -9999 -9999 -9999 -0.021799926229882 0.0231268704094982 0.0772845992598837 0.0550537506871762 0.0890845702232878 0.0137395227721472 0.0420882914182078 -0.000309311552915312 -0.0120573850335386 -0.0074662992031282 -0.00445888228665116 0.0050777647763784 0.0885929029270119 0.100876510099624 0.0829837392038614 0.0846111633872346 0.153260463738552 0.174819361858027 0.187506039593371 0.113484972619941 0.0881900962074133 0.139910518940033 0.0772584175699268 0.102379701058679 0.155213763898652 0.106479239781215 0.175505832972904 0.144639921096759 0.119381982522462 0.114734801345866 0.117106574053824 0.175387860856666 0.23358272704479 0.13264051655607 0.195785876114247 0.112691630764062 0.186305349373482
-9999 -9999 -9999 -9999 -9999 -9999 -9999 -9999 -9999 -9999 -9999 -0.00356931870532747 -0.0200882428682905 -0.104713664136953 0.0741109540714096 0.0114407398783002 0.032763294296208 0.0853405169119829 0.0432710316040268 -0.000652118615086812 0.0335873046075464 -0.086801534400747 -0.0622929216929041 0.0290089618952312 0.145333553535154 0.175642291850929 0.150931760403934 0.15467191792779 0.17742570222622 0.175359795032119 0.195873547839322 0.15524255379306 0.187723761940401 0.176951651335333 0.1827731223008 0.212442966503471 0.162796957435185 0.0877059719988342 0.135970229755705 0.152975580608467 0.111365990655835 0.0758573927171602 0.184980795598826 0.195322385730293 0.098241106970218 0.146547322789073 0.101377822944016 0.117515891375538
-9999 -9999 -9999 -9999 -9999 -9999 -9999 -9999 -9999 -9999 -9999 -0.121247650671951 -0.0806050810155187 0.0488763452145138 0.120012676320922 0.168705271597847 0.092064761888489 0.0742167392635213 -0.0453485012251534 -0.0528432210514447 0.0145916802073867 -0.012642354096111 -0.00899247963902348 0.0362911832031428 0.0606698568092055 0.138945891078858 0.150271118519617 0.11365040104897 0.137715176994316 0.0874957219172224 0.133403991946675 0.0925448096160039 0.123191694245512 0.120656743550318 0.0965868164252773 0.111544512850666 0.137821122565802 0.170491863762441 0.170185105292772 0.0993568276200387 0.12186535427174 0.14201100027625 0.176872621416812 0.110159157605927 0.0787633433985538 0.124056238735814 0.0794423903200254 0.125364482483368
-9999 -9999 -9999 -9999 -9999 -9999 -9999 -9999 -9999 -9999 -9999 -0.0814597947167702 -0.0490092861138252 -0.0265159381494217 0.0575128128859644 0.108284670705493 0.0526585711680698 0.0760079092508955 0.0373170871635372 -0.00850097383993968 -0.0764693426734014 -0.103946533093315 -0.0999305964619206 0.0380995789741665 -0.0199957755128347 -0.0170402967342365 0.135905305745242 0.140392476354575 0.128519798853164 0.0266492261257934 0.0623550020919328 0.0700137876486101 0.0711744749446243 0.0909229414927215 0.165430242686735 0.168558550697903 0.163165081646998 0.201961880370591 0.137879718591259 0.132730674418048 0.194159972342962 0.140136407659985 0.137318042371921 0.0830716324102318 0.0624537571542887 0.028768934538995 -0.00153823828937266 0.102453151766008
-9999 -9999 -9999 -9999 -9999 -9999 -9999 -9999 -9999 -9999 -9999 -9999 0.0302027808797212 0.0304895043446589 0.0132323456627793 -0.0217320122085546 -0.0958395935126614 -0.0343710392989629 -0.0793036746204392 -0.111837229472948 -0.0631795709568361 -0.129673429254033 -0.00386545166976871 0.00826504068829147 0.0313614189771333 0.0212941244661235 0.0722076713006699 0.113586308087534 0.0844096664862931 0.0574275420307319 0.00636932448686309 0.118071236774143 0.0574813987912269 0.205667762480851 0.144860523705999 0.189110197501967 0.175130894610733 0.128694751948248 0.0958884778836669 0.141104038408011 0.122992717190201 0.144316938032273 0.106512170142891 0.0351263482337102 0.0912006973385303 0.058299061166953 0.0559753743032111 0.0722895144209432
-9999 -9999 -9999 -9999 -9999 -9999 -9999 -9999 -9999 -9999 -9999 -9999 -0.00511321835706868 0.0896882542215097 -0.0407062889866688 0.00758315315243678 -0.1113484171844 -0.19360872267694 -0.0479764852357962 -0.0591516544912777 -0.0898394746320867 -0.149758407992426 -0.0225036212255167 0.0884355611921225 0.0497397273806168 0.026523497487277 0.0405792554330901 0.0527620398478389 0.126660229985749 0.11538084999827 0.0697226751978377 0.0539510854674745 0.147453635971494 0.185072422543015 0.151747979080343 0.207868412084485 0.149774298539962 0.110079232020374 0.110140048012512 0.105714653913492 0.151848263042316 0.0972149403263537 0.101194812256108 0.0759099702739123 -9999 0.122499900731584 0.108380109924627 0.0988884359042448
-9999 -9999 -9999 -9999 -9999 -9999 -9999 -9999 -9999 -9999 -9999 -9999 -9999 -0.0103837138979589 0.00960158973119183 -0.0377459105327909 -0.0561844557447438 -0.0866993372737084 -0.127087562287025 -0.18303688534783 -0.146724342923275 -0.105365986976906 -0.033520205631373 -0.0405745945709469 -0.0703551878803009 0.0265575192681141 0.018992598048315 0.0866788016001479 0.0437403687705745 0.0561145650152231 0.0375966312569367 0.085780573096944 0.0688699928288427 0.154157950133236 0.117444960607759 0.146419113652061 0.17826979868951 0.150201805283307 0.108783017052574 0.195616302436017 0.181918944854119 0.0763439185590868 0.0490213766193702 0.0831900201268971 0.0423771680374249 -0.0919017340467052 -0.180009577848228 -0.0397046892002514
-9999 -9999 -9999 -9999 -9999 -9999 -9999 -9999 -9999 -9999 -9999 -9999 -9999 -9999 -0.182992504722509 -0.0511592590652566 -0.0862017010678774 -0.106496653185553 -0.123585688923648 -0.117413819300011 -0.172074987356512 -0.163720482047127 -0.118014734301043 -0.105025450906517 -0.0914108304173905 -0.0731330965095029 -0.172440837848744 -0.0585517002893007 -0.00433443995765554 -0.033338863422236 -0.00109443762222952 0.0901696781399995 0.136905554266881 0.111834071788215 0.111298863509358 0.172634370216209 0.173601972543362 0.150133708075136 0.127028937181858 0.0779797293621646 0.113270942334645 0.0770063959237912 0.0471449298046294 0.101440714027288 0.0694002279489152 -0.0138151538004433 -0.0717650321893771 -0.0428284647220928
-9999 -9999 -9999 -9999 -9999 -9999 -9999 -9999 -9999 -9999 -9999 -9999 -9999 -0.0380195126459912 -0.0755048463984226 -0.121523042451219 -0.067796907034483 -0.0521589150491943 -0.0751130021519755 -0.129506857778379 -0.112939381876123 -0.144190532690609 -0.099648180654982 -0.167144393172958 -0.135140474032727 -0.138242162243271 -0.0908985053099112 -0.13543764339808 -0.0337682650066058 -0.0274378479718609 0.00055816264785533 -9999 0.0831110275473463 0.0390682038573246 0.0367852431067876 0.0784526180459573 0.127180880305246 0.0283278942138062 0.0610472329897517 0.00223416655516752 0.037279037439623 0.116877032705957 0.138587128123249 0.142113807591576 0.0266109518912368 -0.0227918353318873 -0.0268064701580392 -0.0138378128489169
-9999 -9999 -9999 -9999 -9999 -9999 -9999 -9999 -9999 -9999 -9999 -9999 -9999 -0.0350102772274745 -0.0309316022200933 -0.118864704103379 -0.0841439709743386 -9999 -0.0957147487701133 -0.0721595890543095 -0.0135424562748281 -0.0254285206265642 -0.112896591497226 -0.106511498829294 -0.121306040726061 -0.129747235806806 -0.123305454631856 -0.121830695242702 -0.08131449611377 -0.119738554246049 -0.0872322084715636 -0.0826174304022718 -9999 0.0404351633143874 0.00836495259086392 -0.0403957441205145 0.102235904287058 0.02933258404972 0.0446451760064396 0.0260701382237609 0.103701281788622 0.0418201673604319 0.0711701555342311 0.0819534812657261 0.135371055163465 0.00711458258557548 0.0346396871561057 0.0363505821089776
