data/rasters/s7.17.08.cu.2_xyz_08_.asc
NCOLS 100 
NROWS 100 
XLLCORNER -4 
YLLCORNER -4 
CELLSIZE 0.08 
NODATA_value -9999 
[rows 44 to 65 of 100, columns 0 to 48 of 100]
-9999 -9999 -9999 -9999 -9999 -9999 -9999 -9999 -9999 -9999 -9999 -9999 0.263713343216996 0.308990492435043 0.380410319200939 0.202485118012558 0.275915658795515 0.251212232816153 -9999 0.34851777336336 0.346387613966938 0.160465939470456 0.111002844934708 0.105562137987905 0.0445032455919547 0.0379384290376927 0.120759986825849 -9999 0.0216630737268832 0.0700011302824947 -0.00360090913258206 -0.0283945448426711 0.00403821709593184 0.00381888429240272 -0.0523920143269003 -0.0600188971153469 -9999 -9999 -9999 -0.024048641974882 -0.0409227150431133 0.0384273518373553 0.0257315797251254 -0.397968991726753 -0.469563493029281 -0.150271982890869 -0.439263250750389 -0.406337043934665 -0.420249551823047
-9999 -9999 -9999 -9999 -9999 -9999 -9999 -9999 -9999 -9999 -9999 -9999 -9999 0.313116115526401 0.296392228415717 0.286546268639937 -9999 -9999 -9999 -9999 -9999 0.154321755881063 0.0361640532630053 0.152407973441737 -0.0130091842366813 0.0488099982904266 0.214059782200302 0.17468680413493 -0.0666199509256451 -0.0865961273474267 -0.0465936143208159 -0.0115457406304587 -0.0509750655655097 -0.0558049654250538 -0.0723830565756388 -0.0781763673465383 -9999 -9999 -9999 -9999 0.0378581855043468 -0.13017085287724 -0.126070301036106 -0.390403021012401 -0.429172322338315 -0.399544644661706 -0.415239178984086 -0.398486444222729 -0.393036228397421
-9999 -9999 -9999 -9999 -9999 -9999 -9999 -9999 -9999 -9999 -9999 0.238957043644747 0.186490885540559 0.246142399951589 0.201864960539526 0.178173359257544 0.172315668662467 -9999 -9999 -9999 -9999 -9999 -0.00269651581467947 -0.0751889664027121 -0.0568503537444845 0.238510671758788 -0.00167809175005593 0.0351324774254467 0.041889513543084 -0.017040335704903 0.0725683211677484 -9999 0.168871846447961 0.0438700867747875 0.0317076503269389 -9999 -9999 0.202213399715852 0.283803735291818 0.177642616525476 -0.0731273942509051 -0.174084933549842 -0.279885121805874 -0.23823442685981 -0.323610706646331 -0.316133151961742 -0.281398988566802 -0.339012952673071 -0.414380710067298
-9999 -9999 -9999 -9999 -9999 -9999 -9999 -9999 -9999 -9999 -9999 0.201285578520996 0.142232109219523 0.248724095584887 0.174545247523903 0.165127554204628 -0.000732990379836881 -9999 -9999 -9999 0.171613200556415 0.13277573587752 0.0308381882746393 -0.0893720840270159 -0.131842711622863 -0.142459510049301 -0.1411205309957 0.112496956748452 -9999 0.0895057404490206 0.0184199977130721 0.308011422830395 0.149162989500957 0.0095353538567603 -9999 -9999 0.166650810778261 0.189613992351118 0.171898294147119 0.204973169388267 0.182847904907935 -0.0794519712596577 -0.0841078636792091 -0.201960931670996 -0.0980729857095538 -0.213166681820645 -0.171463517955328 -0.231307103503802 -0.325749154010511
-9999 -9999 -9999 -9999 -9999 -9999 -9999 -9999 -9999 -9999 -9999 0.0991743064633485 0.0587247991609667 -0.102792488414141 -0.00210490950751773 -0.0359369931827886 -0.0526444076374808 -0.0754560331312311 -0.0196204686736917 0.020276195957514 0.0453093207871565 0.077621499435017 -0.0791041997099799 -0.0164290924286914 -0.150897042551579 -0.164131048601519 -0.169241405998437 -0.0869792261079326 0.00247697106987316 0.118242982502461 0.118804780476286 0.0824899529343757 0.114805354827897 -9999 0.336930425961396 -9999 0.301738556539263 0.0670524940240944 0.0516761798721466 0.153650599560249 0.0559942239057639 -0.14184838116522 -0.00573891474123879 -0.240803822882161 -9999 -0.0625891900534578 -0.0900550829373811 -0.174416048411911 -0.301389835770503
-9999 -9999 -9999 -9999 -9999 -9999 -9999 -9999 -9999 -9999 -9999 0.0751302860489086 -0.0205603169727002 -0.0950810227022239 -0.143701520122347 -0.130447531494626 -0.00573054881255512 -0.103454040851225 -0.124135810732882 -0.0745576015454594 0.00852020612770233 0.0395373319746255 0.0202322194460877 -0.0587023889595125 -0.153794061039572 -0.0382647743957838 -0.0498089930739958 -0.0575091012745214 0.0455396712531866 0.0146166395880389 0.0912178863498732 0.262969928992894 0.157184209963237 0.232397318502617 0.219354950611716 0.329077095722837 0.272864640678854 0.0624488700110729 0.0368898070884523 0.374042238309361 -0.0465794944950038 -0.00356745480146955 0.0178492401056457 -0.130328047466574 -9999 -9999 -9999 -0.210432906256184 -0.249208261579886
-9999 -9999 -9999 -9999 -9999 -9999 -9999 -9999 -9999 -9999 -9999 -0.0017229474255214 -0.0462066313650538 -0.0983255972475753 -0.125849856852802 -0.0892914024787533 -0.172718825207553 -0.190912075616142 -9999 -0.0993612105314562 -0.0155489797531634 -0.0173107189565419 0.00589455931922257 -0.0073473605742533 -0.0695494448879146 -0.0498194457697319 -0.0689797168599716 -0.0251196817754282 0.157159378122562 0.153726212157354 0.176683109712496 0.230206743857819 0.16428999323943 0.302974988137959 0.341223667712673 0.442176581256173 0.120002237152434 0.0612380177457752 0.0101830475626712 0.042987133276893 0.111668491366638 0.036893643250121 0.0353338686932157 0.0954672003190708 0.188936488644374 0.155931714514908 0.0444651182657555 -9999 -0.0445813903018334
-9999 -9999 -9999 -9999 -9999 -9999 -9999 -9999 -9999 -9999 -9999 -0.0595675307429186 -0.13451827204555 -0.186403766452603 -0.240707302664417 -0.159522963828072 -0.142690773178577 -0.189875003319945 -0.143710718724944 -0.156944529666455 -0.100323781052784 -0.0239706833404806 0.0920361888638167 0.206926485247202 -0.0137007532696018 -0.00146798669653746 0.0477091797217986 0.0621751716951908 -9999 0.166763657749085 0.234709514862194 0.185793994536351 0.242809937806641 0.328388568455213 0.357218055153831 0.261362125213965 0.209334321104572 0.159910012173878 0.0555527595982645 0.0140738185008578 -0.0274650123647844 0.00940250863207694 0.0176454995311051 0.0735626200995769 0.0800983934506969 0.102809400305549 -9999 -0.0860127357233593 -0.159889636017529
-9999 -9999 -9999 -9999 -9999 -9999 -9999 -9999 -9999 -9999 -9999 -0.0850002259449479 -0.153450280919825 -0.243740192570387 -0.276748942205061 -0.120303137877633 -0.20392404624583 -0.144770417426818 -0.214447679906574 -0.139320843743102 -0.0297484342844481 -0.00719824867447146 0.194515358855693 0.232998635452359 -0.0283146437871508 0.187137653890425 0.105790939067479 0.124994969962079 -9999 0.329013073250275 0.288932590182776 -9999 -9999 0.342233848197724 0.354782628771788 0.334153569629353 0.285753691534237 0.426235997117858 0.0925319765205967 -0.0186916116835075 -0.0181727827755113 0.065761458377982 0.201190977134653 0.301713912136997 0.105422285833122 0.084962281272381 0.0467673836063067 -0.0106917961691205 -0.180202490321829
-9999 -9999 -9999 -9999 -9999 -9999 -9999 -9999 -9999 -9999 -9999 -0.124430250341364 -0.167017037905182 -0.25143566849143 -0.269298291692925 -9999 -0.227795061600766 -0.110782039198014 -0.129206724370343 -0.16685436126004 0.0990943149580062 0.0453244868323227 0.162589340201366 0.296679754964652 0.258091762836168 0.198271665917208 -9999 -9999 -9999 0.349591717819777 0.303748176722058 0.243869217714811 -9999 0.364011962759114 0.416404502509225 0.388412327611171 0.312783820304707 0.563973522311465 0.08162362929899 0.0583533023636594 0.075969459557952 0.208557412099122 0.0827097086929733 0.0918477986039317 0.0453858537521074 0.0167424078030001 0.0245233481481622 -0.0672688431196175 -0.0488255920955004
-9999 -9999 -9999 -9999 -9999 -9999 -9999 -9999 -9999 -9999 -9999 -0.152479447153902 -0.203090287540854 -0.155882278456906 -0.252014664984877 -0.25812644662801 -0.255789161625132 -0.155333919918812 -0.126112521213304 -0.0833917244176285 -9999 0.085646051159665 0.11162827523036 0.256533746164975 0.214653676089385 0.195395001602352 0.365522523806706 0.237704147517486 -9999 -9999 0.323399881136256 0.271173226732495 0.515059433456244 0.389234070037521 0.370063759186417 0.351063562038613 0.378220526051 -9999 -9999 0.163610077432731 0.221831249806971 0.173534295841458 0.118937435655272 0.0620986791472047 0.0246739936681417 -0.003414523835615 0.000236250556639031 -0.194761351759587 -0.267001185274478
-9999 -9999 -9999 -9999 -9999 -9999 -9999 -9999 -9999 -9999 -9999 -9999 -0.18798182160516 -0.181248769596634 -0.25086212363375 -0.2696717425199 -0.257517654902486 -9999 -0.100912304150416 0.0928330019962254 -9999 0.122030622440217 0.0899710515234998 0.19349665641362 0.242300747061072 0.243895446945553 -9999 0.195868100934248 0.184697677548471 -9999 0.331597471903529 0.28311334956789 -9999 -9999 0.332897539944318 0.334994522862559 0.359388133324176 -9999 0.281052235862934 0.25663556223829 0.166883703438488 0.149559067323871 0.090092708646736 0.0646922854589506 -0.0205545581453427 -0.110454578781365 -0.163484785176165 -0.212764375563918 -0.219762745985078
-9999 -9999 -9999 -9999 -9999 -9999 -9999 -9999 -9999 -9999 -9999 -9999 -0.222744364530487 -0.19729243322767 -0.243078920842152 -0.150447979370282 -0.103571184081671 -9999 -0.117151403269865 0.00635739579586632 0.0279901547433071 0.185230698263202 0.0375178121508073 0.0548815936523849 0.192875051346436 0.199587420517169 0.189238704526711 0.261316179812598 0.283087222026754 -9999 0.308434975105344 0.325192915343971 0.329206629061879 0.366910816365862 -9999 -9999 0.338115463026607 0.334512712674583 0.249572419275017 0.217290706514611 0.129291225699943 0.00771567603949378 0.0520052431613142 0.0232732221543029 -0.0366113298463174 -0.114548994235065 -0.155825503773689 -0.230756230306749 -0.264758338482908
-9999 -9999 -9999 -9999 -9999 -9999 -9999 -9999 -9999 -9999 -9999 -9999 -0.178251867096357 -0.131161372378564 -0.109410569377131 -0.0992785792281708 -0.0469505775838007 -0.0712534614420836 -0.125072757617372 -0.0549799019690808 -0.0984524170906964 0.0753618530901205 -9999 -9999 0.226478867368672 -9999 0.163081809551269 0.205164405894065 0.234362251032086 0.246681209321104 0.228212554602019 0.252109885720094 0.318234808410141 0.309741365719244 0.336135685915804 -9999 0.21056828362482 0.229203587834671 0.155498987086414 0.0955374730523291 0.103422497323464 -0.0288508166244921 -0.0148964679121228 -0.0280387007584352 -0.0225575706474179 -9999 -0.120186193496487 -0.190202156924814 -0.181901637911801
-9999 -9999 -9999 -9999 -9999 -9999 -9999 -9999 -9999 -9999 -9999 -9999 -0.179484074518237 -0.0205050526861028 -0.00751255899697795 0.0175300285757088 -0.0412630922873756 -0.103054183664649 0.00552544652591336 0.026663240596779 0.0589666989772135 0.0641900825512506 0.078459898639817 -9999 -9999 0.174572094905965 0.139849997273345 0.172922392161074 -9999 -9999 0.282344168353285 0.22428220670186 0.305886711218679 0.30784581016969 0.359893299199463 -9999 0.222771137111241 0.168209590914053 0.155509989925566 0.14346359717294 0.0753115130621885 -0.130905164010592 -0.151386238170804 -0.147477761930786 -0.126583122919551 -0.0744089188955562 -0.0531010001580543 -0.117406448811614 -0.039505535154764
-9999 -9999 -9999 -9999 -9999 -9999 -9999 -9999 -9999 -9999 -9999 -9999 -0.0678412704902648 0.0826714218947279 -9999 0.0940395996516258 -0.0245506352218336 -0.048013614404213 0.0186489349390465 -0.0039619969584371 0.0053465249718996 0.0716104120899593 0.0724890326746364 -0.236133632887689 -0.162343798515935 0.178057671606485 0.12335868338052 0.086498871088055 0.0726557000497816 -9999 0.276047259582004 0.219228284031403 -9999 0.277467646754142 0.221606971632119 0.17508881127397 -9999 0.120185323388787 0.119387764596216 0.133862451937836 0.0228297098758241 -0.0563346422163763 -0.0739738009272001 -0.191318040847273 -0.16128051315142 -0.0774830501057539 0.0284587344372024 -9999 -0.0538544069433145
-9999 -9999 -9999 -9999 -9999 -9999 -9999 -9999 -9999 -9999 -9999 -9999 -0.0932733616296597 0.060869276727934 -9999 -9999 -9999 -9999 -0.0352825397310715 -0.0836088090685117 -0.00178721588366765 -0.0383552714864844 -0.146096091235175 -0.157406651080273 -0.182182250739998 0.0607138907156111 0.0646339998279778 0.0526519302143388 -9999 -9999 0.0943391163882691 0.0657502573964633 0.0822129647621091 -9999 0.302588886511706 0.1443364515975 0.0847310794182414 -9999 0.0607422293371479 0.0409959008268348 -0.0906128756594113 -0.036764363255517 0.14629694989873 -0.0650721298005022 0.00420807361947875 -0.131707254089356 0.00687624662392878 -9999 0.0903214827673967
-9999 -9999 -9999 -9999 -9999 -9999 -9999 -9999 -9999 -9999 -9999 -9999 -9999 0.125018080032014 -9999 0.26149138807376 0.214846095944561 -9999 -9999 -0.086150599652852 -0.0956430549633838 -0.0994576495131781 -0.125255094494437 -0.169737528273131 -0.0218904713122287 0.0242196371972211 0.0319165184932342 0.0605742482274835 -9999 0.0412809547369204 0.0389654288499665 0.0276907390001511 0.0467577156416942 0.119257301211559 0.216405154937278 0.139379908895729 0.080693579317198 0.202025914969796 0.300173590131836 0.0401213809408395 0.00199360240367584 -9999 -0.0712637267154951 -0.082860654951752 -0.0972598572437914 -0.0487454338391062 -0.0131884669486093 0.164770313287752 0.124820930439837
-9999 -9999 -9999 -9999 -9999 -9999 -9999 -9999 -9999 -9999 -9999 -9999 -9999 -0.195925354947207 0.284085760283603 0.299312449099938 0.368857330790229 -9999 -9999 -0.0623846230454786 -0.115423373723853 -0.132776125788419 -0.188914598007203 -0.175956690274204 -0.0635618687504808 -0.0690991749069565 0.0645722081096459 0.0279933875401764 -0.00978582187335011 0.0172034943999075 -0.00583690739689772 0.0120140897062594 0.0558455576159272 0.0920455866835653 0.110270961399531 0.0923525045593278 0.155643449526791 0.174174939347034 0.0336585934141045 0.000108166671063193 -0.00478459157263972 0.185636610693707 -0.0570967780950298 -0.115453689293528 -0.0661993524209833 -0.00178196694042429 0.114754005926072 0.10638447951924 0.162297663337336
-9999 -9999 -9999 -9999 -9999 -9999 -9999 -9999 -9999 -9999 -9999 -9999 -9999 -0.36828453097171 0.40035807404973 0.113280934381854 0.0923038545641091 0.074852910437643 0.0971312132233285 -0.165351178263022 -0.155919826789824 -0.190772273726251 -0.166602573177697 -0.189502751172806 -0.109821406902338 -0.0685967994873372 -9999 0.0731029222267384 0.0125828113942692 -0.0342149747369908 -0.0214929183008622 0.0167415030185149 0.057295470544124 0.0736053014481463 0.112871781435668 0.167292248448842 0.0806465746828817 0.157674112059921 0.0256914627448372 0.0875785101322837 0.0555870373471783 -0.0102049050549344 -0.0323061256209856 0.0563782625769973 0.0453572916617479 0.149532823405121 0.140883701096505 0.171908896881778 0.181770361991169
-9999 -9999 -9999 -9999 -9999 -9999 -9999 -9999 -9999 -9999 -9999 -9999 -9999 -9999 0.0810815705261385 0.061799859263474 0.138715613700302 0.139132040525837 0.0769016319277643 -0.0507256217353239 -0.156115348151997 -0.0989215363564768 -0.143040418493511 -0.141025645432327 -0.062863199884453 -0.0517881322424128 -0.0137561446859744 0.0866390733177065 0.0877978732541976 -0.0722726210160392 -0.00260932612711155 0.0187550492980108 0.144453363616002 0.118206009746625 0.127903139431539 0.150269806474433 0.0760052655712728 0.0811732703811549 0.00775306069917077 -0.000317089414706293 0.0363785687826764 -0.0252341816514463 -0.04438063863553 0.0265027126711951 0.173203438258042 0.158702670316153 0.19990195823879 0.153431262682974 0.169416664756248
-9999 -9999 -9999 -9999 -9999 -9999 -9999 -9999 -9999 -9999 -9999 -9999 -9999 -9999 0.126984701889774 -9999 0.200221018664884 0.097417599269309 0.0325393154500018 -0.0197754370726262 -0.0462114802511357 -0.11309851084531 -0.0850700186033187 -0.0761775849445334 -0.0779151706958194 -0.0830642823222909 -0.117369287566347 0.213751337215673 0.0596089447332413 -9999 0.049150549196544 0.0237855163951003 0.130599007502585 0.145416010595923 0.161868204038833 0.155486396525103 0.127776269965114 0.115502771504875 0.0850669763182843 0.0876608622706362 0.125747534124002 0.136864514415286 -9999 0.160199116194038 0.166888619927668 0.182073057298798 0.226203175066175 -9999 -9999
