data/rasters/s7.17.08.li.2_xyz_08_.asc
NCOLS 100 
NROWS 100 
XLLCORNER -4 
YLLCORNER -4 
CELLSIZE 0.08 
NODATA_value -9999 
[rows 21 to 41 of 100, columns 0 to 47 of 100]
-9999 -9999 -9999 -9999 -9999 -9999 -9999 -9999 -9999 -9999 -9999 -9999 -9999 -9999 -9999 -9999 -9999 -9999 -9999 -9999 -9999 -9999 -9999 -9999 -9999 0.240318285989125 0.273449612282887 0.192835374287278 0.255597506827644 -0.080423473254523 0.0479455475311053 0.10330513433122 0.0519503899615282 0.0616963712562454 0.157231436217483 0.112345981882737 0.122683960323608 -0.122611869472667 -0.0976973468572111 -0.0344604237287861 -0.0285907381720726 -0.00561528192974486 0.0461715240502079 0.0121771119942965 -0.0122014017397971 -0.0343632331516903 -0.0527314776163272 -0.177360138680447
-9999 -9999 -9999 -9999 -9999 -9999 -9999 -9999 -9999 -9999 -9999 -9999 -9999 -9999 -9999 -9999 -9999 -9999 -9999 -9999 -9999 -9999 0.230856768827611 0.221929903106624 0.240032034953145 0.267823352926322 0.196776372635365 0.253155357628527 0.311100144410139 -9999 0.0623318506606976 0.0796872355279799 -9999 -0.00131735535364248 0.13605446684166 0.10336396515106 0.0355031568129671 0.00881775372671494 -0.0879255398928892 -0.0973053144791227 -0.0682075481222559 -0.0575955725763857 -0.0103815279450074 -0.0145392854255765 0.00265577930688827 0.0110100363279482 -0.0479666763440639 -0.0261602380710462
-9999 -9999 -9999 -9999 -9999 -9999 -9999 -9999 -9999 -9999 -9999 -9999 -9999 -9999 -9999 -9999 -9999 -9999 -9999 -9999 -9999 -9999 0.204919387784735 0.249877856276813 0.228853034843738 0.257971275625895 0.229187820327635 0.309080009594212 0.33280585769196 0.346754757281795 0.0114592027119977 0.0266447075863837 0.0228192168100893 -0.0257747102891405 0.00256951042642293 0.0980623519234777 0.0319877291842636 0.0214717994527153 -0.00499323579935425 -0.145496820026186 -0.157662399979349 -0.0527497263635804 -9999 -0.0248613533299434 0.0350890818627394 0.0639885628605526 -9999 -9999
-9999 -9999 -9999 -9999 -9999 -9999 -9999 -9999 -9999 -9999 -9999 -9999 -9999 -9999 -9999 -9999 -9999 -9999 -9999 -9999 0.165082820133176 0.235532332053497 0.234343178904363 0.24305806645528 0.200300734561412 0.215129049063054 0.147797844331812 0.294695356967408 -9999 -9999 0.0159984620199299 0.0432417110119871 -0.052930963158741 0.00524816689419645 -0.0253781022937969 0.0565543760074228 0.0510063810920401 -0.0293323732344991 -0.0308117883927611 -0.126830155669935 -0.139491909258749 -0.166152871435079 -0.149829593440543 -0.101967448083763 0.0227165018480952 0.0367658201053088 0.0295103663314013 0.0381146165641918
-9999 -9999 -9999 -9999 -9999 -9999 -9999 -9999 -9999 -9999 -9999 -9999 -9999 -9999 -9999 -9999 -9999 -9999 -9999 -9999 0.215293111750022 0.209542866610818 0.20701783425068 0.202661234419045 0.135535739525828 0.143514020769698 0.168714814967113 0.156457755330102 0.116719770234975 -9999 0.0637547585755642 0.0985010708023983 0.163349168335132 0.0586754278041648 -0.0023499741755394 -9999 0.0656928392811413 0.0442970870070804 0.00641966839811968 -0.0891917637157144 -0.0553832708282793 -0.0535325335286297 -0.07306348947235 -0.0637279490897406 -0.0386803152941413 0.00803555198320868 0.0195201729502567 -0.0203188155263884
-9999 -9999 -9999 -9999 -9999 -9999 -9999 -9999 -9999 -9999 -9999 -9999 -9999 -9999 -9999 -9999 -9999 -9999 -9999 0.133804239209663 0.105456707322488 0.166749473868421 0.209446952777849 0.0847789110048145 0.078532160221532 0.0683580974328731 0.194273004547938 0.0536074761133036 0.0439609562134219 -9999 0.0303905217631773 0.0639528852849238 0.106892548737567 0.0196932044397931 -0.0336247665130336 0.0663513820290621 0.0429878690061413 -0.006679409058459 -0.0337518436743557 -0.0156545116160324 -0.0393405311978672 -0.119541843369312 0.0229832951252348 -0.00876876171573304 -0.00962663664787039 -0.00552399604317248 0.000727601817961902 -0.0740410453230776
-9999 -9999 -9999 -9999 -9999 -9999 -9999 -9999 -9999 -9999 -9999 -9999 -9999 -9999 -9999 -9999 -9999 -9999 -0.103042952809678 0.246405344319117 0.201364661434017 0.155674336638775 0.212159402294357 0.191857214261533 0.197866810066551 0.0857757250784617 0.0639923651399753 -0.0967454889857787 -0.0842087890440935 -0.0641631255140819 0.0306678242019766 0.0336153339558157 0.00532386878023593 -0.121379908569627 -0.0695315856995453 0.0298189557167448 0.020244355005827 -0.038328828936284 -0.0272147564776084 -0.0183703152714887 -0.0869078447607771 -0.136489665289066 -0.09576606478135 -0.110591889518684 0.00783025777618181 -0.060946952373183 -0.0800550737102588 -0.131614706147764
-9999 -9999 -9999 -9999 -9999 -9999 -9999 -9999 -9999 -9999 -9999 -9999 -9999 -9999 -9999 -9999 -9999 -0.118790512754646 -0.0405349179898596 -0.00945679959666501 0.160092125521629 0.195575518275918 -9999 0.193568405013503 0.110708109133212 0.0666527192700423 0.0670575757388468 -0.0829233624339731 -0.0611188509167201 0.0667731290269014 0.00706037958896802 -0.0666327897392588 -0.08062623711574 -0.0918377681177179 -0.099548623626783 -0.0440393344029237 -0.0452058348092836 -0.0416065039413892 -9999 -0.0519361007637534 -0.104717691782826 -0.088618047595464 -0.0554197458618896 -0.0404088342188723 -0.0316446372364391 -0.0286606000959635 -0.0377399512447986 -0.19387252151542
-9999 -9999 -9999 -9999 -9999 -9999 -9999 -9999 -9999 -9999 -9999 -9999 -9999 -9999 -9999 -9999 -9999 -0.0996513795568424 -0.0907038093139257 0.0633048887334648 0.0535478538850507 0.133402937733404 0.0835633518028855 0.0648255005029903 0.0451494783942568 -0.0562661080145049 -0.0282363011187375 -0.0050393520757993 -0.00365746391283117 0.0509852008847057 0.0388645397088135 -0.0699928099132101 -0.0618233772485541 -0.0585231534593164 -0.105913996728356 -0.130340359399028 -0.038310145139358 -0.0223300057623604 -0.0751379346257516 -0.140249563332829 -0.0682073388874416 -0.0724917449767592 -0.0781047231162497 -0.0727753681808213 -0.0894985318929695 -0.0554669340638853 -0.132696518298068 -0.190359691526904
-9999 -9999 -9999 -9999 -9999 -9999 -9999 -9999 -9999 -9999 -9999 -9999 -9999 -9999 -9999 -9999 -9999 -9999 -0.0766849393758843 -0.0894758306123187 -0.00787611402370485 0.155066293417784 0.156771426417974 0.0498896945691989 -0.00536686015556666 0.00655017122694515 -0.0186317861417195 -0.0338448255326813 -0.0487632325582982 -0.0654694042155108 -0.0189813599567794 -0.0189517274827471 -0.0720375997706488 -0.0134358833692631 -0.00934853879255594 -0.127495573715345 -0.10112349967429 -0.0572394680488571 -0.00806490853723852 -0.0767217712354302 -0.116958152859765 -0.143744008592044 -0.113943447697213 -0.0910880301476028 -0.111210431287899 -0.194152787107807 -0.18446117566728 -0.17393701882529
-9999 -9999 -9999 -9999 -9999 -9999 -9999 -9999 -9999 -9999 -9999 -9999 -9999 -9999 -9999 -0.0458841621726814 -0.0411257132817422 -0.273208822645163 -0.201695302639027 -0.146606395193745 -0.131541878965765 0.036752216468655 0.0600086150686955 0.0211787536503583 0.0291950135751987 0.0372014904405944 0.0274237131700865 0.00940651297354948 0.0138106489034063 -0.0686822668348823 -0.0404710456360227 0.0450074670476485 -0.198075729448586 -0.0375259261202623 -0.0722705035740818 -0.0772888674885894 -0.126088341953563 -0.0953102398405093 -0.0331563720809481 -0.0895101232523489 -0.0164597040326635 -0.162580095449641 -0.182282007747021 -0.158565202182873 -0.0835391922861278 -0.0972252588127878 -0.142871207058209 -0.177701504711698
-9999 -9999 -9999 -9999 -9999 -9999 -9999 -9999 -9999 -9999 -9999 -9999 -9999 -9999 -9999 0.00665075087252132 0.0304945497751739 -0.233902810396598 -0.202166810261006 -0.166356813836355 -0.1438820261413 0.0357487066497815 0.116300482984945 0.101280163367809 0.0337499488088003 0.00773802278235841 0.0323020871228514 0.00995037038595643 0.0174405949611589 -0.0119734215290695 0.0386326643081492 0.0528451491941482 0.0338028016364765 -0.0649248876662299 -0.0796551954319985 -0.0982686032425491 -0.119014253486105 -0.147769880798799 -0.137918348753737 -0.121231209968931 -0.241219784525541 -0.216799577676147 -0.125993467919707 -0.136959924714191 -0.125374883117299 -0.101468605236787 -0.104415927617401 -0.202568274574393
-9999 -9999 -9999 -9999 -9999 -9999 -9999 -9999 -9999 -9999 -9999 -9999 -9999 -9999 -9999 0.0311561512990343 0.0130191531075095 -0.217136288683655 -0.198478585543215 -0.131029064150846 -0.1282463269132 -0.006034968175613 0.0421895380643145 0.0740600127591146 0.0141520569220042 0.00869168700559767 0.0367700297979234 0.035816537845944 0.00810657008176633 0.0264540239727304 0.00434807680936689 0.00659317890686532 0.00682023579888901 -0.0150613361449104 -0.0850075620942368 -0.0713737128602075 -0.113832181110506 -0.155718208678553 -0.154313978332227 -0.165653071770769 -0.153673415296231 0.0336995630140873 -0.0155107263825226 0.00212981160992392 -0.0528248712512232 -0.180226386335313 -0.190189755798019 -0.195426167920906
-9999 -9999 -9999 -9999 -9999 -9999 -9999 -9999 -9999 -9999 -9999 -9999 -9999 -9999 0.0567992598851048 0.0885887259400833 0.138690164755603 0.0805896722040213 0.0693890565377057 0.0836479535189823 0.00466519719599603 -0.0721315294120097 -0.0318540534926616 0.0413776931327769 0.0767613445038714 0.0798714279217754 0.0365204586280897 0.0233391591030569 -0.00843150764880388 -0.0543715564648924 -0.0230994441807971 -0.0505723534753255 -0.0891410439367922 -0.0533784441968661 -0.113775569929662 -0.0935830888647189 -0.0921485295043215 -0.185617555002878 -0.178024048576088 -0.161277630782201 -0.19206046017183 -0.14849689921543 -0.0594186262638777 -0.0137138266505336 -0.00101725441291612 -0.0570120359384409 -0.0767462317057005 -0.0863435661481637
-9999 -9999 -9999 -9999 -9999 -9999 -9999 -9999 -9999 -9999 -9999 -9999 -9999 -9999 0.0685784321231299 0.109469255459667 0.123307281422255 0.0966716892541121 0.0477094673170958 0.0790660725523186 0.121492657198539 -0.0266077933940567 -0.0259211612393944 0.0896596045019201 0.0997279849729877 0.11228729203108 0.077402360377566 0.0414630228183819 0.0505400648618162 0.0517993031311939 -0.0131145414035346 -0.0866940523448971 -0.0941295115210393 0.00674661813644411 0.0386564796592458 -0.0783238271949431 -0.0182626248446761 -0.0800051836718071 -0.105804959058104 -0.295839515278944 -0.235659390272405 -0.175307125205167 -0.11277571399986 -0.0895551159872907 -0.10284207110718 -0.0574089411553904 -0.0929279513474268 -0.162398070062525
-9999 -9999 -9999 -9999 -9999 -9999 -9999 -9999 -9999 -9999 -9999 -9999 -9999 0.111169052137148 0.0999094071366181 0.144729400140979 0.122719748352294 0.148253136530692 0.056690583749588 0.072913802033439 0.118411375597421 0.0775879952148733 -0.0111703661989576 0.0424338087943993 0.127659689050177 0.063357301986202 0.0171755033428373 -0.0291816438139003 0.0195321187328023 0.0853969771500755 0.0121007619580876 -0.0181162611603311 0.00953044826508435 0.0705099934620741 0.0739979902887802 -0.052156384734236 -0.0357418404828174 -0.0873486531034398 -0.0246599092599109 -0.125113430256752 -0.204272351410435 -0.188146611814572 -0.0584550168456201 -0.0207813387597343 -0.0213526055751868 -0.00631027444378957 -0.173570489999946 -9999
-9999 -9999 -9999 -9999 -9999 -9999 -9999 -9999 -9999 -9999 -9999 -9999 -9999 0.204313674856711 0.121689316075736 0.153009258632235 0.128446335407008 0.152325319445396 0.0775719064032299 0.122535387322775 0.123705715039046 0.163839250791488 -9999 0.0283561910697181 0.0156602844632464 0.0565547730058939 -0.118519503840587 -0.0781910083607567 -0.0740819373275869 0.00373125100201502 -0.00518215941155389 0.0320029082268983 0.0262596306229569 -0.0109024007230335 0.0257736389922614 -0.1065118749971 -0.123737583326773 -0.0845326570883138 -0.0248438828162926 -0.0698794059196596 -0.144391481073144 -0.142150067305436 -0.051948818889726 -0.0204683819480317 -0.0265579170708377 -0.140920509604706 -0.113827776154477 -0.0685147959870276
-9999 -9999 -9999 -9999 -9999 -9999 -9999 -9999 -9999 -9999 -9999 -9999 -9999 0.116189979541023 0.12749092600641 0.10181960824221 0.112245001414039 0.10584085014218 0.113760676667891 0.097575073653099 0.107352389242893 -0.0628759938017018 0.000510011771567058 0.0668651014729575 -0.0170756075027087 -0.0195288792440734 -0.0328500663281918 -0.0589541123695668 -0.0295601780906932 -0.0633207903385751 -0.059700871596883 -0.0370219010176736 -0.053559415079979 -0.074039718562604 -0.0639149069747336 -0.118016527723367 -0.0954849550654145 -0.0879881762795282 -0.0437661044147497 -0.108455632212132 -0.0952525964182054 -0.0920272122326014 -0.0676074358350539 -0.109414959217194 -0.0924905891659164 -0.0740248719178151 -0.0928158807232221 -0.0330423661519098
-9999 -9999 -9999 -9999 -9999 -9999 -9999 -9999 -9999 -9999 -9999 -9999 -9999 0.140386173627573 0.183118961461 0.195656888031891 0.112223003554952 0.158152696867322 0.194550059999609 0.143926457826577 0.13748603791954 0.0580247385936141 0.0330496654158456 0.017069514039446 -0.0156609396826695 -0.003802568870728 -0.00779118094248258 -9999 -9999 -0.141034386122131 -0.126833300019657 -0.125981012467221 -0.0706668845325169 -0.0842769140631542 -0.108733169896992 -0.130745435166429 -0.103654660202008 -0.0486754487035621 -0.0170007472959399 -0.0371789449923999 -0.113241858661275 -0.1519418315468 -0.175617836925574 -0.228052583105527 -0.186773954217905 -0.0303110559418072 -0.0549699319742041 -0.0999121345789997
-9999 -9999 -9999 -9999 -9999 -9999 -9999 -9999 -9999 -9999 -9999 -9999 0.196635048126327 0.194743833701521 0.166882479919365 0.221689490488124 0.157463011685708 0.145082828782525 0.157915885760574 0.118400077406901 0.0502307885833597 0.0801496854367401 0.0641717786745413 0.065896954863557 0.102476358673194 -0.00694750017462423 -0.0342829345150109 -0.181846683918728 -0.191180322823451 -0.137395070649879 -0.140938034469457 -0.135945925275085 -0.0544562256307254 -0.0441315034843544 -9999 -0.148985283091815 -0.150335217113745 -9999 -0.0142951844989597 0.0161474279068498 -0.214004926768296 -0.186399032270818 -9999 -9999 -0.1885574049038 -0.179413280655913 0.00152275878523072 -0.12399197645855
-9999 -9999 -9999 -9999 -9999 -9999 -9999 -9999 -9999 -9999 -9999 -9999 0.153416903701109 0.155814020893625 0.098741541011324 0.154087087883682 0.111617256071579 0.215025226670493 0.0836655890171911 0.12006966967153 0.039010065890427 0.0884900513027577 0.0438316269306183 0.00420315873921503 -0.0386568970275986 -0.152059724565821 -0.043257067072178 -0.175222436119234 -0.139466843482722 -0.0880768538928316 -0.159199336829888 -0.158976729541354 -0.0957149223955752 -0.00918075263901162 0.0410743629813297 0.0367646113308793 0.0112130939620926 -9999 -0.109533565876858 -0.143708024034918 -0.193528555371829 -0.156708498037315 -9999 -9999 -9999 -0.0335084106428957 -0.00576834506146749 -0.0254522894755068
