data/rasters/s7.17.08.li.3_xyz_08_.asc
NCOLS 100 
NROWS 100 
XLLCORNER -4 
YLLCORNER -4 
CELLSIZE 0.08 
NODATA_value -9999 
[rows 23 to 45 of 100, columns 0 to 51 of 100]
-9999 -9999 -9999 -9999 -9999 -9999 -9999 -9999 -9999 -9999 -9999 -9999 -9999 -9999 -9999 -9999 -9999 -9999 -9999 -9999 -9999 -9999 0.0798152799218334 0.0893032826016172 0.0243907408906836 0.043834333689878 0.0895853331818782 0.0224729198184063 -0.0249977912713419 0.152566648909956 0.0251590126425476 -0.00359616094652008 -9999 0.235296265708041 0.151394398211161 0.167238183316437 0.155964875000389 0.104617528824614 0.103335867282751 0.0648870575915113 0.00303504555532343 0.166027738080065 0.271387830171533 0.276328688296796 0.28432946844272 0.313289724924449 0.218426977695007 0.28508180788493 0.208231234155368 0.205913640415071 0.208265022228363 0.240967021958724
-9999 -9999 -9999 -9999 -9999 -9999 -9999 -9999 -9999 -9999 -9999 -9999 -9999 -9999 -9999 -9999 -9999 -9999 -9999 -9999 -9999 -9999 -0.0631188935512775 0.0641806489959823 0.0935844043723962 0.12403483308852 0.0878893310490933 -0.0243732622126481 -0.0234551014850278 0.101870078670513 0.155242059593928 0.0780075946337318 -9999 -9999 0.238386187009306 0.213730341918567 0.033936134580918 0.0806022584533391 0.113753863924911 0.0774163236557282 0.0528885051740889 0.0957156202399185 0.211452246813963 0.249424773825462 0.291146805679213 0.289627804070788 -9999 0.27982471975984 0.222995084387606 0.252366910343419 0.245629963932923 0.199834874973986
-9999 -9999 -9999 -9999 -9999 -9999 -9999 -9999 -9999 -9999 -9999 -9999 -9999 -9999 -9999 -9999 -9999 -9999 -9999 -0.108017241032771 -0.125316590594705 -0.0377254509353703 -0.0224937587805536 0.0182866154132175 0.0809468924554786 0.0520335291373472 0.0786296816008516 0.100742715827451 0.0776217708762122 0.134309640166223 -9999 -9999 -9999 -9999 0.175672068121332 0.194081997410782 0.0719195001979515 0.0583200700636317 0.0173365281261879 0.111480093933765 0.109783114277521 0.107664889620345 0.203672817627295 0.240136922854792 0.208870889713165 0.203149767601193 -9999 -9999 -9999 -9999 0.232983559371429 0.278211354892618
-9999 -9999 -9999 -9999 -9999 -9999 -9999 -9999 -9999 -9999 -9999 -9999 -9999 -9999 -9999 -9999 -9999 -9999 0.0150360212808044 -0.0377717863478578 -0.0248821935731614 0.0717850324781512 -0.0463111722036784 0.0588636926993042 0.142507864326413 0.13415636022956 0.109990904500163 0.136522291058415 0.123379917908169 0.140946061665691 0.16683505839476 -9999 -9999 -9999 0.165211518706679 0.23700720141125 0.181642177095927 0.181497538673395 0.159411195194577 0.089837001112127 0.0653510896428723 0.145818944808211 0.274046394864502 0.268850155393602 0.159368921828148 0.161848824629056 -9999 -9999 -0.111178424770305 0.0811814693469973 0.102133456882942 -9999
-9999 -9999 -9999 -9999 -9999 -9999 -9999 -9999 -9999 -9999 -9999 -9999 -9999 -9999 -9999 -9999 -9999 -9999 -0.0462452244008508 0.0217367730474221 0.0129249841626931 0.0534163457452495 0.144179557547496 -9999 -9999 0.151545359148138 0.202658623466761 0.174579592032595 0.182052762934799 0.20907101643011 -9999 -9999 -9999 -9999 0.120400309800549 0.180162929763983 0.158958091186905 0.189016458023034 0.0970446016076716 0.00685255198578061 0.072100938922028 0.126351028885866 0.216348456362869 0.236939152054584 0.264632823895377 0.17713795154071 -0.00191257535661456 -0.177991238065521 -0.126567790661284 0.00863271968471551 -0.0531204578853378 -0.328386376572754
-9999 -9999 -9999 -9999 -9999 -9999 -9999 -9999 -9999 -9999 -9999 -9999 -9999 -9999 -9999 -9999 -9999 -9999 -0.0450528304951025 0.120904420324349 0.0338303382664981 -0.00383163126805831 0.0339877144813054 -9999 -9999 0.204159369291676 0.181886521019653 0.134278338836586 -9999 0.187883153013921 -9999 -9999 -9999 0.0567696195810035 0.089807371555236 0.086951862422999 0.276599175599013 0.190371506378365 0.0372827748033221 -0.0147603329058676 0.0296682992371095 0.131000782441978 0.201667364859115 0.216657288243957 -0.0352491308810283 0.151150037233234 0.148942032607055 -0.144880112383908 -0.144297495726981 -0.144643950267058 -0.0262224794080811 0.0384272072403895
-9999 -9999 -9999 -9999 -9999 -9999 -9999 -9999 -9999 -9999 -9999 -9999 -9999 -9999 -9999 -9999 -9999 -9999 0.132131968209926 0.095829670588251 -9999 -9999 0.0966613321557871 0.0720144743295456 -9999 -9999 0.136283943161134 0.0654830230510208 0.0771921920783247 -9999 -9999 -9999 0.036679987411185 0.214583440872829 0.255613543187781 0.133442146122335 0.255793800071031 -9999 -9999 -9999 -9999 0.299830086125168 0.255238973016638 0.200411491350764 0.0241540198181685 0.054321826935218 0.193330686655681 -9999 -0.285718015193745 -0.321279300026679 -0.247773755085531 0.0324773740555964
-9999 -9999 -9999 -9999 -9999 -9999 -9999 -9999 -9999 -9999 -9999 -9999 -9999 -9999 -9999 -9999 0.34998164946037 0.346919462270089 0.117178784161278 0.104428183816061 0.0645623237514416 0.0191022215404066 0.0991241987315847 0.0591409922253871 0.144403855548165 0.111047659799222 0.144881345120243 0.13033653349822 0.180977384153014 0.151355206642772 0.356104324152377 0.403832018248122 -0.0749962211410247 0.0159718447870524 0.118364073096871 0.217529639787827 0.230040454098883 -9999 -9999 -9999 0.17675664283523 0.2831944115705 0.21329174633112 0.162777741123003 -0.00321025107098167 -0.000302317741220841 -9999 -9999 -9999 -0.272256754571393 -0.25344668555559 -0.228930096504788
-9999 -9999 -9999 -9999 -9999 -9999 -9999 -9999 -9999 -9999 -9999 -9999 -9999 -9999 -9999 -9999 0.352848569095332 0.322296058144648 0.146120100397929 0.091269605704099 -9999 0.0392301830646285 0.0613719805336752 -9999 0.233804104838294 0.21172456167861 0.146595122311193 0.175697728491704 0.227196641747443 0.318922154413636 0.23567380445414 0.24464601485731 0.329267984878474 0.263058316431955 0.2927661552052 0.325317173503243 0.222959915313611 0.232573582465493 -9999 0.0866019114002084 0.255301436789389 0.416802714548766 0.0755605270935653 0.0166833537222393 -9999 -9999 -9999 -9999 -9999 -0.22646023931358 -0.248802803063691 -0.168846697218013
-9999 -9999 -9999 -9999 -9999 -9999 -9999 -9999 -9999 -9999 -9999 -9999 -9999 -9999 -9999 0.0995241010979836 0.110226592544717 0.270284630239218 -9999 -9999 -9999 0.0250200253526992 0.0837110269549697 -0.0766769161764202 -9999 0.0790657842868526 -9999 0.144696913775048 0.175922778703287 0.168804107791861 0.281453788821705 0.213700016337341 0.248539949284531 0.267321264630323 0.238520706292028 0.291624919680486 0.190408466917094 0.254430914333981 -9999 0.216371413738287 0.124238691298191 0.0776191900985829 0.0381234374145447 0.120152289532749 -9999 -9999 -9999 -9999 -9999 -9999 -9999 -0.31836624120654
-9999 -9999 -9999 -9999 -9999 -9999 -9999 -9999 -9999 -9999 -9999 -9999 -9999 -9999 -9999 -0.0200476810479702 0.195146607182167 -9999 -9999 -9999 -9999 -9999 -9999 0.0170437693320023 0.209346274468103 0.0358700098743972 0.0867714478731095 0.146767334217959 0.182250411826206 0.140974740812813 0.318844323924503 0.242618205250625 0.303043983694835 0.234793955332325 -9999 -9999 0.143361371929934 -9999 -9999 0.177757509424529 0.171609188477394 0.051698255593572 0.0865274639515716 -9999 -9999 -9999 -0.0404805930820487 -0.120724289444882 -0.140540742187894 -0.154840189756734 -9999 -0.351375467789081
-9999 -9999 -9999 -9999 -9999 -9999 -9999 -9999 -9999 -9999 -9999 -9999 -9999 -9999 0.114931661630967 0.0927359267555058 0.118071235671732 -9999 -9999 -9999 0.255293337132592 -9999 0.177342390935394 0.0864247622232141 0.0979138027270562 0.0322735992846121 0.0637459789876291 0.11489513794816 0.199997374857808 0.216620195016754 0.168734103982705 0.261080813315889 -9999 -9999 0.155913392465251 0.158352690080187 0.128249808292335 0.14138141130199 0.182591309104922 0.342396512816825 0.0929467014466284 0.0723763743813698 0.0131879904255214 0.0987527126542554 0.0593479426943037 -0.00876891263817186 -0.0367006284933296 -0.134447517725555 -0.118569028386971 -9999 -9999 -9999
-9999 -9999 -9999 -9999 -9999 -9999 -9999 -9999 -9999 -9999 -9999 -9999 -9999 -9999 -0.198384352095148 0.0787841138710224 0.102895305012403 -9999 -9999 0.332848213224638 0.291633798885598 0.271734396904503 0.295601154302014 0.298511391420467 0.0597641067556039 0.192010078017092 0.181787627688122 0.126792182335138 0.31877387196309 0.233040940904558 0.182466802683575 -9999 -9999 0.204268179764963 0.136348848006124 0.143319184715498 -9999 0.208529524230918 0.212172696493237 0.276058796819758 0.250500758791605 0.0580964058256784 0.136642650167431 0.0644567578947721 0.0584178646913339 -9999 -9999 -9999 -9999 -9999 -9999 -9999
-9999 -9999 -9999 -9999 -9999 -9999 -9999 -9999 -9999 -9999 -9999 -9999 -9999 -0.0728778100741849 -0.119688035465421 -0.143081306589559 -9999 -9999 -9999 0.308795893685358 0.34726297884104 -9999 0.309576855505988 0.349311613309393 0.314276715062616 0.213763361815931 0.258978514135878 0.222588442841212 0.126079404662226 0.173926794825446 0.187411836422866 -9999 0.258402005208919 0.224834436416637 0.231755277911948 -9999 0.300060569719925 0.349050443833918 0.161269945265518 0.169884778051281 0.228216174242591 0.190805355262934 0.18685556855798 0.140191749003764 0.081510964367774 -9999 -0.233171009654461 -0.150148214636953 -9999 -0.281896279606269 -0.271163409406881 -0.191237735434443
-9999 -9999 -9999 -9999 -9999 -9999 -9999 -9999 -9999 -9999 -9999 -9999 -9999 0.0718226853036118 -9999 -9999 -9999 -9999 -9999 -9999 0.370316764476761 -9999 -9999 0.241934458960206 0.219214713532333 -9999 0.301331772446617 0.210759904064773 0.148431842688023 0.197384483712228 0.188745445435415 0.205107006547582 0.288851082839706 0.180534120128178 0.198217235079532 -9999 0.173823765710236 0.245783868857927 -9999 -9999 0.212626052565633 -9999 0.22851848433713 0.275959291472817 0.133592159751066 0.0687507736614292 -0.187133348077228 -0.0795513588334562 -9999 -0.287979794942243 -0.251517405389903 -0.247388117132861
-9999 -9999 -9999 -9999 -9999 -9999 -9999 -9999 -9999 -9999 -9999 -9999 -9999 0.151606210646927 0.0725161742156639 -9999 -9999 -9999 -9999 0.110705584436076 0.163843425457883 -9999 -9999 0.250459076378825 0.200945817008523 -9999 -9999 0.222493240866183 0.174197942427869 0.174498834500954 0.200661630293738 0.211325184810539 0.140811450784477 -9999 0.215907707224136 -9999 0.112349077413094 0.252396792893272 0.270196970558626 0.27814819772888 0.255142981366865 0.192024830143127 0.212760825542391 0.326310963948205 0.123165699815056 -0.0825136996323911 -0.0554760834658765 -0.0655132413650902 -9999 -9999 -0.337347149771982 -9999
-9999 -9999 -9999 -9999 -9999 -9999 -9999 -9999 -9999 -9999 -9999 -9999 0.119535748072197 0.127160191045509 0.10947291882542 0.122456986671433 0.171164406674497 0.186748843636843 0.104957651698018 0.134673276402302 0.189129672580318 0.222470878905085 0.227560455352404 0.316755076443396 0.230758395737272 0.322660144976959 -9999 0.128686477904515 0.18589016117565 0.244301883667913 0.165354772516878 0.197828926227537 0.192861694895494 0.194427393780458 0.01160063558085 0.0173642796414734 0.115722197511173 0.225850548945834 0.234016109421755 0.293545931157586 0.379638285044133 0.314183089521111 0.322265910571717 0.107798315444362 0.0193471176099898 -0.0515878444664961 -0.0151521786016197 -0.0665164262939014 -0.118323632107792 -9999 -9999 -9999
-9999 -9999 -9999 -9999 -9999 -9999 -9999 -9999 -9999 -9999 -9999 -9999 0.0881680018434594 0.0845153017237819 0.0754392149961903 0.20971825273225 0.225050285713839 0.198099391998819 0.187064090930666 0.193418697874804 0.245056639167686 0.2710021979332 0.245168896091618 0.358362057936119 0.191645926862396 0.233866163673876 0.406620844156617 0.127068276657686 0.186555602705501 0.135190730917143 0.160942750012916 0.163668984974905 0.235793646935415 0.277170823261177 0.0613575586888185 0.106978058357646 0.119447457220662 0.183700456054121 0.203286502567738 0.238538855612631 -9999 0.263123905546701 0.402995421173919 0.0922042011749782 0.0109532602964865 0.0602544989935353 -0.00771382716634335 -0.0465144045616317 -0.00719577581054586 -9999 -9999 -9999
-9999 -9999 -9999 -9999 -9999 -9999 -9999 -9999 -9999 -9999 -9999 -9999 0.0826744300420462 -0.00180913629722468 0.107385552504562 0.195635207776343 0.28266602930894 0.250108096425571 0.234036316254553 0.235654940002011 0.179815663046577 -9999 -9999 0.24582984143784 0.24280979049704 0.230021869818297 0.264526509617193 0.181662379749846 0.132037006771338 0.285291818206274 0.239749023078965 0.16771473228282 0.185008120889662 0.312903774399716 0.235202044237095 0.189482283069582 0.172466205054715 0.192478072075885 0.18829935561428 0.224942482910315 0.178592159478898 0.157116983915752 -9999 0.060660835995353 0.0596597015152235 0.151539619463959 0.103050221626336 0.0560203736618163 0.0754744201105632 -9999 -9999 -9999
-9999 -9999 -9999 -9999 -9999 -9999 -9999 -9999 -9999 -9999 -9999 -9999 0.0563138101118741 0.0655005297242132 0.153883709678268 0.124670674777749 0.0957599168270421 0.202424882270248 0.21294247809041 0.123932199238649 0.26320400898515 -9999 0.204125863310965 0.226322872891686 0.26433047567705 0.251681909350413 0.230202152956959 0.177454959364527 0.0917367404629143 0.148633528834949 0.270686514975618 0.209658671193288 0.188242702388537 0.191871912536922 0.218831311380884 0.180923880908578 -9999 -9999 0.242540972393857 0.216731437999503 0.167914542489929 0.199950310769673 -9999 -9999 0.145248507065786 0.107591579778216 0.144692177078393 0.103962284762226 -9999 -9999 -9999 -9999
-9999 -9999 -9999 -9999 -9999 -9999 -9999 -9999 -9999 -9999 -9999 0.00620325568466723 -0.05688584639403 -0.0553083265740782 -0.04721413560891 -9999 -9999 0.179460513750635 0.1719626344871 0.122925655613831 0.0286360793002474 0.176626179523695 0.199009654037707 0.186799422513415 0.205624504526762 0.239520941435677 0.258315221262818 0.208841167014576 0.235896494257991 0.323911167373959 0.305410716396387 0.278691983002895 0.236490875394675 0.212313537662865 0.29931046331056 -9999 0.172861320276796 0.143292980639816 0.184892716108432 0.26830208321462 0.23210484330551 0.228217920883397 0.178062236757723 0.136582400101883 0.135572277268233 0.0838123856044602 -9999 -9999 -9999 -9999 -9999 -9999
-9999 -9999 -9999 -9999 -9999 -9999 -9999 -9999 -9999 -9999 -9999 -0.0770332072870182 0.0353430724187057 -0.0207787626053063 -0.0247992354852141 -0.0847608862109016 -9999 -9999 0.00233831237683406 -9999 -9999 0.255436200868072 0.229444778547213 0.231989357078907 0.289891348493213 0.345037616815823 0.237433967196387 0.20616464738623 0.216246867463804 0.308090785256138 0.321527338419917 0.349543289945449 0.310770354194449 0.276994412379528 0.337675210615267 -9999 -9999 0.327123311566871 0.218528244212834 0.2089422444672 0.226232878491914 -9999 0.286135958363471 0.194035754867518 0.171120199668532 -9999 -9999 0.310487601968197 0.364583896226305 -9999 -9999 -9999
-9999 -9999 -9999 -9999 -9999 -9999 -9999 -9999 -9999 -9999 -9999 -0.0817122575546272 -0.0193768041935669 -9999 0.0161880331176936 -0.0569104255030055 0.00558397074168293 -9999 0.0802388150122886 0.0552746916917181 0.195921966085266 0.27577629258006 -9999 0.395279314986365 0.373829741410322 0.344488374009585 0.241530243686634 0.208827091516 0.251796114831037 0.187755120811153 0.245005391141384 0.36137499889758 0.380820747317305 0.274535128642095 -9999 -9999 -9999 -9999 0.351864441574251 0.147221266448448 0.167829745559367 -9999 -9999 0.22068392730428 0.269358517813737 0.225794407523874 0.120437323578578 0.20338531751496 0.365217648754843 -9999 -9999 -9999
