data/rasters/s7.17.08.li.2_xyz_08_.asc
NCOLS 100 
NROWS 100 
XLLCORNER -4 
YLLCORNER -4 
CELLSIZE 0.08 
NODATA_value -9999 
[rows 63 to 83 of 100, columns 48 to 95 of 100]
0.0564052501374683 -0.0248796836884851 0.00324238310527316 0.0198872117517775 -9999 -9999 -9999 -0.0470798821454594 -0.174615631450807 -0.189101871654257 -0.164307443282841 -0.195368615138741 -0.227975369112169 -0.201903567521761 -0.103868536122257 -0.0173964255892559 0.0491415986630449 0.0395185315186053 0.00766113999348301 -0.0728498780533095 -0.0623596869237085 -0.101390643876112 -0.0979508073128674 -0.0455243822106132 -0.166046989868183 -0.000110318073788563 -0.0209990048514114 0.0095309417200535 -0.00829033314532426 -0.12728694212945 -0.118923982313542 -9999 -0.187449224018723 -0.162316446003212 -0.214544171565229 -9999 -0.174671916931809 -0.197106628412248 -9999 -9999 -9999 -9999 -9999 -9999 -9999 -9999 -9999 -9999
0.0514148953959073 -0.0141762044662897 0.0132413097012154 -0.047044816195641 -0.0594101788817129 -0.165152095274005 -9999 -0.181244590706429 -0.24321704829281 -0.20909046604505 -0.172341537292681 -0.256090173570681 -0.248386080105745 -0.130802575968704 -0.101768681757311 -0.0436326762838282 0.00840546302430062 -0.0464604504831018 -0.0569492055078323 -0.14672465924861 -0.0732307108374496 -0.0859864340996669 -0.0684884176421362 -0.0558520679577186 -0.0801923818326226 -0.096046178762224 -0.0413903955630146 -0.030509130798589 -0.0763291890062478 -0.110421520442079 -0.106558682895802 -0.176314101452902 -0.148926643642473 -0.208031275570224 -0.202540596248846 -9999 -0.18847896469424 -0.225816167732441 -9999 -9999 -9999 -9999 -9999 -9999 -9999 -9999 -9999 -9999
0.0747666889436801 -0.00262325255971084 -0.0260446311515633 -0.130197063751518 -0.142861145280703 -0.157948214319111 -0.144517259258859 -0.143531233382344 -0.171133013857216 -0.219875096327587 -0.200753081452953 -0.20789562400936 -0.28349385910904 -0.149522583290434 -0.159138323409776 -0.0838496889858557 -0.0978842161342015 -9999 -0.20416913488043 -0.168025431301075 -0.128931318995312 -0.0954089157340626 -0.070860262961281 -0.0961431364362261 -0.155553279410752 -0.157420363937458 -9999 -0.0838494382237244 -0.18490080469207 -0.106634629918748 -0.118153513632534 -0.223090317561798 -0.186929394747319 -0.235605112866425 -0.234351151809511 -0.198553454414063 -0.152339912041142 -0.168437505097941 -9999 -9999 -9999 -9999 -9999 -9999 -9999 -9999 -9999 -9999
0.149723888941703 0.0156662234300201 -0.00938588848387978 -0.127597264021679 -0.248970221142812 -0.141256915351689 -0.226597210674597 -0.224592776313685 -0.156737892240512 -0.182226437277168 -0.222486576501821 -0.278674095316786 -0.373734709627565 -0.223896961405376 -0.305859495804781 -0.128664291698883 -0.108471625492118 -0.116306595744033 -0.0927657434044353 -0.114028107109534 -0.15406820428055 -0.133201963121016 -0.0773001494514148 -0.148668563288797 -9999 -0.16587846443036 -0.0890861912326808 -0.151909979672335 -0.178296628358517 -0.108881686086761 -0.102263252071208 -0.174484728027063 -0.208318781027254 -0.225913258860525 -9999 -9999 -0.125296932766531 -0.124094222840954 -9999 -9999 -9999 -9999 -9999 -9999 -9999 -9999 -9999 -9999
0.0714832941526502 0.0188056141546134 -0.0372827492025261 -0.145122222863902 -0.250281309482861 -0.178356744625724 -0.244456969386643 -0.34497910555794 -9999 -0.18291195965181 -0.199206551339277 -0.396046510474002 -0.345380007900528 -0.347447925043399 -0.390323374218467 -0.462159128141577 -9999 -0.137478956160816 -0.0827680447227929 -0.0240522097304625 -0.0336154769217978 -0.120386871517642 -0.0776604305984333 -0.0400623380953424 -0.0869877289348775 -0.128913897940262 -0.0580518244400188 -0.168599353799591 -0.131501362186601 -0.145916357438617 -0.213137554861565 -0.170495640310049 -0.195552397573184 -0.181530371000348 -0.190618041907867 -0.156071572213212 -0.0655800743069463 -9999 -9999 -9999 -9999 -9999 -9999 -9999 -9999 -9999 -9999 -9999
-0.0364444650793781 0.0197261161295121 -0.106937771132308 -0.108587429453549 -0.183514605161008 -9999 -0.376082225269902 -0.363854507309333 -9999 -0.257666087755953 -0.262257761570886 -0.275779188230239 -0.236660606595434 -0.309089552947633 -0.3920776818466 -9999 -9999 -0.0379251403901242 -0.114885911744058 -0.0528392619871978 -0.0354620489345523 -0.097693472415975 -0.0649908153398346 -0.0614964602498373 -0.0322802044672612 -0.0952515217880396 -0.19088829007909 -0.164258094567439 -0.14095996817361 -0.168348674644087 -0.215998581715222 -0.117828702712638 -0.0687803180629545 -0.130076111136155 -0.190534191850606 -0.170683955920778 -0.0791598624623835 -9999 -9999 -9999 -9999 -9999 -9999 -9999 -9999 -9999 -9999 -9999
-0.0511409314401069 -0.00339556119404385 -0.0415493607733478 -0.0811872494946948 -0.185955416273751 -0.232336919309023 -0.341565372206798 -0.365389068975366 -0.377733678880922 -0.32507244492892 -0.332688454458007 -0.303312677908099 -0.218040352582522 -0.383845901421294 -9999 -9999 -0.073457115012962 -9999 -0.098251119795237 -0.0768659782911238 -0.0355934811926326 0.0418903395409534 0.0708864118061384 0.040573573795752 -0.0812095694743777 0.0648494210851744 -0.138804674001615 -0.15665331321032 -0.188014628439668 -0.212829267429882 -9999 -9999 -9999 -0.100957005744297 -0.110584347613514 -0.123316087926298 -9999 -9999 -9999 -9999 -9999 -9999 -9999 -9999 -9999 -9999 -9999 -9999
0.0144891925390431 -9999 -0.0330119716402497 -0.0841759175673672 -0.0476195097832272 -0.262498781339734 -0.315042495192631 -0.382056158270359 -0.382274172827805 -0.331278701787959 -0.282898611588297 -0.228798879932275 -0.308676219518605 -0.201022322968887 -0.318443126879435 -0.297938503161234 -0.0958323470663206 -0.0617319607053263 -0.102285107636486 0.037473816626642 0.0435659751325235 0.0908452896353239 0.160914539912428 0.0393796099709484 0.0103369018600731 0.0599500836216496 0.0348544536352604 -0.273996377266219 -0.176445943150008 -0.192489391975741 -0.207187729795143 -0.0633946346547412 -0.0561184829365327 -0.0797863255843884 -9999 -9999 -9999 -9999 -9999 -9999 -9999 -9999 -9999 -9999 -9999 -9999 -9999 -9999
-9999 -9999 -0.0249856975756234 -0.0387148300117775 -0.0672918857784398 -0.1179432623258 -0.273162050730524 -0.30684269964084 -0.338716452115913 -0.320973488015884 -0.265373583394153 -0.235066442421615 -0.307888216760168 -0.2067652152104 -0.25388128685033 -0.135775684241129 0.032465748975788 0.0516216461039115 -0.0326674957901449 0.0168934010701334 0.056723852473358 0.0756971866066842 0.105976357429352 0.10590273648718 0.0490204559819496 -0.0439179528919266 -0.0435359543970297 -0.116615252573367 -9999 -0.140590656560046 -0.177921073640172 -0.104142280726024 -0.0984558299172061 -0.111109375673188 -9999 -9999 -9999 -9999 -9999 -9999 -9999 -9999 -9999 -9999 -9999 -9999 -9999 -9999
-9999 -0.0618193819419788 -0.0842597391033193 -0.117803509588217 -0.147850477266729 -0.20149491331697 -0.205341023848509 -0.269605020449517 -0.233130231380842 -0.295796167088136 -0.345919042881692 -0.272968022224708 -0.276518831872402 -0.211997344955343 -0.173102406290429 -0.170951114517798 0.0368385774349102 -0.00662696471095858 0.0229219695203436 0.0418086818229728 0.133137518814769 0.0886982754159508 0.1115799602082 0.157678441183831 0.0894923991472552 -0.0394445160939287 -0.0696626573892509 -0.0641663452335248 -0.086566176442729 -0.107334871950435 -0.158258931951942 -0.136752913894698 -0.0946513069593281 -0.109877629993712 -9999 -9999 -9999 -9999 -9999 -9999 -9999 -9999 -9999 -9999 -9999 -9999 -9999 -9999
0.0194486525573761 -0.136571288032624 -0.105200703354137 -0.131967043307852 -9999 -0.245398588552227 -0.219577617656817 -0.236087380685643 -0.226616983006249 -9999 -9999 -9999 -0.0449463849018816 -0.17601286193381 -0.242919327117825 -0.126307779465535 0.100492692543726 -0.00817409267851841 0.178942586995222 0.126523310631992 0.180478321295141 0.188910728814063 0.270836989984256 0.0941697905637004 -9999 -9999 0.19894266165807 -0.0654491192746918 -0.103837085247275 -0.104100583194234 -0.11570030787024 -0.17685514013876 -0.0997636249207314 -9999 -9999 -9999 -9999 -9999 -9999 -9999 -9999 -9999 -9999 -9999 -9999 -9999 -9999 -9999
0.029781359978989 -0.0604902889437165 -0.188721104859562 -0.148339310956029 -9999 -0.0311223823910318 -0.0991630732625751 -0.20013617366571 -0.231264688799166 -0.214023789913196 -0.249496439312113 -0.219343386453267 -0.049305075931191 -0.199465810494878 -0.139802133620637 0.00418002454439405 0.094278793145515 0.0181110450834219 0.140227739658491 0.21513656755309 0.15772451343853 0.276145277134938 0.242194782001447 0.142393180086407 0.168048015214468 0.170507760314079 0.0800243160097392 0.103087661568755 -0.0551409168167291 -0.00891223375737812 -0.00243058137591742 -0.0403029127007376 -9999 -9999 -9999 -9999 -9999 -9999 -9999 -9999 -9999 -9999 -9999 -9999 -9999 -9999 -9999 -9999
-0.0646402997080237 -0.0767457152569342 -0.0266307219708049 -0.131650260376306 -0.0782611150404191 -0.00216499471570998 -0.0446637794128412 -0.0396232142064292 -0.128143674071164 -0.211259168444113 -0.240662471490057 -0.195458721861562 -0.182305294228786 -0.0143380658787487 0.0317703065583751 0.0973001306393225 0.0742763742642737 0.0570531031997819 0.158282714762548 0.164552928478968 0.218273919633617 0.176909717295507 0.220865084020795 0.234586771493431 0.258853719450284 0.16680185348056 0.0959734255222844 0.100813163309034 -9999 -0.0492060249521568 -0.0196575466557793 -9999 -9999 -9999 -9999 -9999 -9999 -9999 -9999 -9999 -9999 -9999 -9999 -9999 -9999 -9999 -9999 -9999
-0.155147637769573 -0.0991785159029233 -0.0362497616757654 -0.0811676757002592 -0.000725864717942907 0.0113399011331735 -0.0283925684011516 -0.114330408775921 -0.095151686753369 -0.0495590437918188 -0.145167624845971 -0.117842353560847 -0.17840841425254 0.0796633868630868 0.104892039416075 0.110077251412779 0.217272034141956 0.210999918454762 0.169178481564558 0.15997918002524 0.178522591335273 0.25349960132176 0.157623919127408 0.255202555402102 0.274307649463917 0.132110136571676 0.0119982850435266 0.0122552233003209 0.0707855415470209 0.0535054840834695 -9999 -9999 -9999 -9999 -9999 -9999 -9999 -9999 -9999 -9999 -9999 -9999 -9999 -9999 -9999 -9999 -9999 -9999
-0.0853614265700732 -0.0502924956382571 0.0363133521587857 0.0455787703801994 -0.0169801438905514 0.122410956785635 0.0355766039311102 -0.0607819857633583 0.0443128256264055 -0.0434602478972812 -0.0421530408334042 -0.202425852033601 -0.0834071880576027 0.00960896649846827 0.0322772860356219 0.18407860514634 0.155849337647527 0.166865789416036 0.0872623308115991 0.0709973493234511 0.255451208996087 0.217828935060561 0.222314501639714 0.182667418692615 0.168432528367876 0.0703266932212979 -0.0166803054991792 0.00324307942724543 0.0225368262212493 -0.0286561665380462 -9999 -9999 -9999 -9999 -9999 -9999 -9999 -9999 -9999 -9999 -9999 -9999 -9999 -9999 -9999 -9999 -9999 -9999
-0.0234903714782951 -0.0600115207389421 -0.00519469857569315 -0.039339813491174 0.0903652606939189 0.1803316500155 0.0501178891255151 0.0348786539837476 0.0593648647039176 -0.0319243013904042 -0.0319505055329327 -0.197851833954997 -0.212275069175141 -0.0722612088682715 -0.00277044502444564 0.124848090360753 0.176773724402865 0.117812226352715 0.112310786589555 0.172183086679433 0.129285108667072 0.123570358071651 0.106313884664681 0.101331053168544 0.159295921824519 -9999 -0.0509372951780903 -0.0354785155743213 0.0128469279155512 -9999 -9999 -9999 -9999 -9999 -9999 -9999 -9999 -9999 -9999 -9999 -9999 -9999 -9999 -9999 -9999 -9999 -9999 -9999
-9999 -9999 -0.0639427974691178 -0.0307355031082675 0.0598199128585025 0.0580854601873815 0.065923659784797 0.0276238191354203 -0.018118146151196 -0.049665091426416 -0.0324151032087108 -0.103271963137815 0.0134207621546403 0.0440474719884641 0.1449600032134 0.152012085153364 0.166382609820354 0.159994497848502 0.202252992137956 0.216361340536927 0.169816778659354 0.20079785975774 0.171961964939512 0.133651296070618 0.136366677783407 -0.147211940921163 -0.0873683708135571 -9999 -9999 -9999 -9999 -9999 -9999 -9999 -9999 -9999 -9999 -9999 -9999 -9999 -9999 -9999 -9999 -9999 -9999 -9999 -9999 -9999
0.0677282414126464 0.088336890396888 0.0406091638371229 0.117394633753238 0.105680045483264 0.0515633586221991 0.100686452999786 0.0846785333634056 0.0749213302727905 0.0279383659494386 -0.048858764044834 0.00480792782883311 0.0751197152193587 0.138587934445152 0.14792492685554 0.180046384782385 0.145228493002544 0.149470339559219 0.209760652858823 0.193996628669115 0.146246330769946 0.232709959506936 -9999 0.139198406788758 0.0282625551746262 0.0130356942068783 -0.121094608795093 -9999 -9999 -9999 -9999 -9999 -9999 -9999 -9999 -9999 -9999 -9999 -9999 -9999 -9999 -9999 -9999 -9999 -9999 -9999 -9999 -9999
0.00166328553719076 0.113206635859361 0.111832092873196 0.0850789979367512 0.0934030160065708 0.0393414320977841 0.0687008273330764 0.0702469875132263 0.110873286783181 0.0974669695686205 0.0135427718206744 0.0178652947196548 0.068451675539832 0.0295753005515985 -0.0325939960666827 -0.00575426377854107 -9999 0.0561902894364976 0.210852716555434 0.177957566220807 0.155394470359573 0.168817584300868 0.228317428119142 0.0336804397832021 0.192213865358647 -9999 -9999 -9999 -9999 -9999 -9999 -9999 -9999 -9999 -9999 -9999 -9999 -9999 -9999 -9999 -9999 -9999 -9999 -9999 -9999 -9999 -9999 -9999
0.0664124443780724 0.145507360688646 0.0920490167799651 0.144022833135797 0.165532243736914 0.16738333731115 0.0832301366134794 0.107983430596422 0.142561524181349 0.0896826415295966 -0.00503164573430921 0.0403558401557557 0.105710783823576 0.075426738341846 0.176506935851158 0.00688133802093412 0.0154587485704039 0.0601129800754521 0.0558951198656608 0.114186919259012 0.129999209021019 0.220022926425736 0.243265117915436 0.16597379967673 -9999 -9999 -9999 -9999 -9999 -9999 -9999 -9999 -9999 -9999 -9999 -9999 -9999 -9999 -9999 -9999 -9999 -9999 -9999 -9999 -9999 -9999 -9999 -9999
-0.0421790944932761 -0.0491643202998466 -0.054979781225204 0.137247338106006 0.211225920031527 0.123635517305194 0.0950703055647588 0.172279184399669 0.145520917897253 0.155488727631245 0.1596507145333 0.0668380470754582 -0.0517189150956935 -0.00551134932093998 0.0143999814793234 0.0368871405063433 0.0143387711070437 0.0421147785326906 0.0318115700069069 0.145782078684722 0.0615134808595262 0.107262485313867 0.221636025272169 -9999 -9999 -9999 -9999 -9999 -9999 -9999 -9999 -9999 -9999 -9999 -9999 -9999 -9999 -9999 -9999 -9999 -9999 -9999 -9999 -9999 -9999 -9999 -9999 -9999
