data/rasters/s7.17.08.cu.4_xyz_08_.asc
NCOLS 100 
NROWS 100 
XLLCORNER -4 
YLLCORNER -4 
CELLSIZE 0.08 
NODATA_value -9999 
[rows 44 to 65 of 100, columns 49 to 97 of 100]
0.0977251940067283 -0.0406774883362841 -0.0615895043667459 -0.0132301703363405 0.0258065442767964 -0.0937503680300103 0.0392741505483858 -9999 -9999 -0.0117908678216458 -9999 0.0347314831921374 -0.0482493236402698 -0.0508187891918871 -0.0744663825198874 -0.0675643813879422 -0.0414955295055571 -0.0156682521872766 -9999 -0.276137855998427 -0.155842923408925 -0.160917532533694 -0.157416699625137 -0.157438177533084 -0.0588680485526166 -0.105071936999035 0.016298551355692 0.0373357235776249 0.0564489013889614 0.0555205944792086 -0.0495000573240706 -0.0523421226280616 0.0962561255263381 0.0654211011573148 0.0281126818310136 0.0895994742796708 0.0690769372867904 0.295990099937328 0.246075997307 0.184283331979432 -9999 -9999 -9999 -9999 -9999 -9999 -9999 -9999 -9999
0.00952398394680684 0.00739387140645446 -0.0489875775969319 -0.0420001984822822 -0.181704207824991 -0.136104583938119 -0.0132077695640033 -0.0374393928475535 0.163041959101537 -9999 0.124623233632917 -0.0131082132662864 -0.0961022082468524 -9999 -0.144398390184411 -0.0860238651674814 -0.0491993909652165 -0.0540663848748917 -0.086177546017611 -0.307295820754538 -0.280529881473578 -0.229643956180168 -0.23523639173801 -0.263483342265884 -0.0560290703851747 -0.0941097543289079 0.0255516130286034 0.0394240045194532 -9999 0.107649295512479 0.0966661623349223 0.103671437971624 0.138526154776922 0.0971131079269279 -9999 0.131772202612862 0.0515297335646148 -9999 0.240905302266672 0.199094350080916 -9999 -9999 -9999 -9999 -9999 -9999 -9999 -9999 -9999
-0.0732554723591327 -0.101109506393103 -0.156529037515566 -0.204821224057813 -0.262698122323284 -0.185447041877628 -0.141307999887855 0.0056852414907948 0.0347612399521385 0.0105196043805199 0.00285309185914937 -0.0705424822701794 0.0489276444487141 -9999 -0.0809457515602002 -0.159215859007284 -0.0886856336255224 -0.119711500555209 -0.174930781952711 -0.219784769294212 -0.250102039329193 -0.197607860033939 -0.302216268484907 -0.294617162807925 -0.172986428956871 -0.0407131615232537 0.0661771344311211 0.122844937906021 0.108859027998269 0.102741054947555 0.0769821376056793 0.158386938030911 0.142498129679243 -9999 -9999 0.0943680329724205 0.0679525546971296 -9999 0.293181002883011 0.275428086434312 -9999 -9999 -9999 -9999 -9999 -9999 -9999 -9999 -9999
-0.0897487986607547 -0.196602341044982 -0.239289248230803 -0.293316553110823 -0.312997715519606 -0.256307891371366 -0.187160451869309 -0.0668802575237244 0.0251372629772946 -9999 0.0170879053023581 -0.142589533858561 -0.0670273769956657 -9999 -0.164222546675274 -0.150209695062158 -0.0850353284250387 -0.110945614811085 -0.0845721479565388 -0.116385754036592 -0.161660087726471 -0.232062330147684 -0.299940811593033 -0.278584372366719 -0.21525371980928 -0.108246040953159 0.0409347624861908 0.13088059069632 0.0266898272458669 0.00333867990260572 0.0389886272924426 0.091304987930785 0.104530796786994 -9999 0.383360067709313 0.401338000594492 0.404325608097661 -9999 0.239615811511712 0.225805578076232 -9999 -9999 -9999 -9999 -9999 -9999 -9999 -9999 -9999
-0.243351283480802 -0.248261414233384 -0.301035151443964 -0.296139354906102 -0.302539174105296 -0.253202757129672 -0.143956455806973 -0.0966378267675491 -9999 -9999 -9999 -0.179472268159313 -9999 -0.170497440975143 -0.12260090021456 -0.154100750972982 -0.133812272794358 -0.0636236229225236 -0.120457912347783 -0.15840818536264 -0.17522364372258 -9999 -0.262092622107867 -0.215123080720254 -0.232039619996292 -0.157894265858117 -0.0275312388440409 0.0754126098186737 -0.0100831259099016 -0.0486384583132344 -0.0564913314754045 0.0223792868206759 0.0404304364195197 0.0622253227918667 0.300422760374335 0.368392117961224 0.38440182038622 -9999 0.226497800791844 0.217726174803901 -9999 -9999 -9999 -9999 -9999 -9999 -9999 -9999 -9999
-0.155092482180971 -0.241080208127389 -0.306831951707769 -0.299253720761545 -0.318947281228767 -0.306529129948417 -0.375132509203227 -9999 -0.192863818475632 -0.229376444487739 -9999 -9999 -9999 -9999 -0.148202529438775 -0.129673147234932 -0.121849700757645 -9999 -0.167359533326008 -0.165804874627535 -9999 -9999 -0.238531467740348 -0.140486190751329 -0.115691111425334 -0.0123296452714448 -0.0479372057205676 0.0477150416954249 -0.0181471386389792 -0.00193806554671409 -0.0948173953009555 -0.0315346904385104 0.0242116146393979 0.00599907382736617 0.287493833362347 0.302071663326655 -9999 -9999 -9999 0.342068697225895 -9999 -9999 -9999 -9999 -9999 -9999 -9999 -9999 -9999
-0.106315696723273 -0.219832192441157 -0.287264659882948 -0.283588388274953 -0.308699516391677 -0.298354735124184 -0.243116910075754 -0.245749912985918 -0.227683910237516 -0.221929555895947 -9999 -9999 -9999 -9999 -9999 -9999 -9999 -9999 -0.158990979268028 -0.137246202066568 -0.159053159457829 -9999 -0.102868378664454 -0.0906902055758424 -0.0753013423627612 -0.0359971863449594 0.00896127096303289 0.0110642797381294 -0.060769752437563 -0.0533716273246893 -0.0716994397903282 0.0812531243266724 -0.0112167797602686 -0.0641807393767324 0.065607183713306 0.252035187280856 0.311407919864296 0.390017115309831 0.330552152747496 0.26608169833217 -9999 -9999 -9999 -9999 -9999 -9999 -9999 -9999 -9999
-0.173877538345025 -0.162641227808517 -0.23736423843751 -0.108346368430924 -9999 -0.270258652443118 -0.220802040239886 -0.278142940364108 -0.236842660325683 -0.254867682026769 -0.120377193892368 -0.118291731500087 -9999 -9999 -0.153090422643389 -0.180683723059765 -9999 -9999 -9999 -0.21168437323566 -0.124693182326239 -0.165488130117271 -0.142279257147985 -0.0584169618274647 0.00124341886329506 -0.0612962317476983 -0.0847756782269859 -0.0767398158193133 -0.022958746799922 -0.0880932637194837 -0.0745247846027401 -0.0111005143924472 0.0412317999982554 0.123376675089507 0.216004719820314 0.213903212763998 0.276618052347501 0.414569680023627 0.378107029805815 0.319492497022378 -9999 -9999 -9999 -9999 -9999 -9999 -9999 -9999 -9999
-0.200630685511946 -0.158312740284951 -0.266532950353478 -0.0931495385552448 -0.0879995442035992 -0.139177201858253 -0.476713089905907 -0.22729674678578 -0.377683257734531 -0.297203280216893 -0.206585443261751 -0.238786672146995 -0.226552972524985 -0.249721156611836 -0.255426521987264 -0.270999727291634 -0.257609008177522 -0.235609602630676 -9999 -0.167528872682323 -0.134175311580456 0.104346247180658 0.0617409619348285 0.0634037782647355 0.0209054260777488 -0.0374194711974845 -0.0780872695409016 -0.0724428577430391 -0.0644114945824678 -0.0225684384698673 -0.0362174593916457 -0.0152848170569925 0.056340638367878 0.135331948288221 0.153168644448497 0.2656919033228 0.42772096251366 0.415744433154012 0.426355338469085 0.286188093252115 -9999 -9999 -9999 -9999 -9999 -9999 -9999 -9999 -9999
0.0422679300219517 -0.0951969380856235 -0.0707538915288121 -0.0858643107303239 -0.0987239389156863 -0.253227872490579 -0.45957112219858 -0.453282606056704 -0.478017608871725 -0.432903886640218 -0.366962533378345 -0.295674657970441 -9999 -0.281115321953806 -0.289717330647392 -0.324433703497654 -0.333589103531743 -0.25029616691505 -0.135878492647698 -0.183969979354854 -0.117506888971962 -0.0829994492088269 -0.0296479699127475 0.00895820737439858 -0.0361760046476659 -0.0443316412717125 -0.0306914419961761 -0.00939360196397661 -0.0240916924127609 -0.00523036741964682 0.0071634533785749 0.0294234177516229 0.0348222641998429 0.10524238364347 0.147556180696845 0.299479251790931 0.395081553333674 0.400397802827747 0.361095062459237 -9999 -9999 -9999 -9999 -9999 -9999 -9999 -9999 -9999 -9999
-0.0594363225246227 -0.109801260032033 -0.0364911818149959 -0.071456578897871 -0.148184544329456 -0.268411332525855 -0.415696771598019 -0.484674656639588 -0.476029054565615 -0.484808194490976 -0.439021227858584 -0.377469298592632 -9999 -9999 -0.333477865981289 -0.303418065784135 -9999 -0.25263668842785 -0.323255499775777 -0.202761551933973 -0.0572748374365616 -0.0521209126560704 -0.0324992701900094 -0.109617378769506 -0.12912624805942 -0.10048245981213 -0.0233970530675262 0.00992724202810213 -0.0469739377396279 -0.0845947639133525 0.134029829285836 0.0927805659666445 0.0771698406462582 0.144453088783067 0.0732223486749013 0.322396122795217 0.307711376324982 0.260209180107749 0.267556417570461 0.205440821781101 -9999 -9999 -9999 -9999 -9999 -9999 -9999 -9999 -9999
-0.0490389115232675 -0.138684330422925 -0.207085062523231 -9999 -9999 -0.266757114686049 -0.313645335383439 -0.409787206766867 -0.48155232694448 -0.461256282348087 -0.406027284840591 -0.358064604843939 -0.342900795389852 -0.272940506451554 -0.232789370993857 -9999 -9999 -0.312400769973175 -0.298864402587757 -0.19024419962093 -0.0851799007298861 -0.0135775055796974 0.0446778767093787 -0.0883889281222821 -0.14873985340215 -0.0711142482669622 -0.100935032345894 -0.0406723791896854 -0.0446875742575104 0.00344467968674367 0.105635653928556 0.146807341252728 0.127539164956294 0.140757573475245 0.0555126262324014 0.210564569842663 0.295177236188006 0.225953378814902 0.258803745264779 0.202700096424901 -9999 -9999 -9999 -9999 -9999 -9999 -9999 -9999 -9999
-0.108768279503958 -0.159644819995348 -0.219269356473408 -9999 -9999 -9999 -0.351196306399108 -0.383088601900902 -0.459038556890777 -0.337487009923623 -0.256770115799704 -0.372185116198215 -0.313901760768156 -0.259271171032592 -0.289743506332533 -0.327469157203256 -0.331698474253419 -0.257512872210787 -0.238499023052167 -0.181927978077225 -0.109438601778571 -0.0245151921366413 -0.0432361895606788 -0.0630549059359641 -0.11246572415828 -0.107556006055917 -0.0784927051791768 -0.0177186550224605 -0.00254957899376184 0.0156411422969655 0.0612059067253395 0.0728051307111342 0.0799933514710634 -9999 0.065616991962179 0.219760399062411 0.233101671565064 0.248190673329589 0.217399167314723 0.181268431958562 -9999 -9999 -9999 -9999 -9999 -9999 -9999 -9999 -9999
-0.307087775593673 -0.332289969913555 -0.271658064478375 -9999 -9999 -9999 -0.311269972395704 -0.359592611520718 -0.332238699314236 -0.356786641671968 -0.364644713507188 -0.266792849899294 -0.254763516385679 -0.235365905617437 -0.228158127905748 -0.304779600376107 -0.297700829330895 -0.289481062841338 -0.243235605323697 -0.176632927606598 -0.0851745282490819 0.0196435803754991 -0.0728339948619991 -0.101440016095148 -0.0720706571161577 -0.0892255775951112 -0.0425145985279992 0.0318636356321234 0.0599564549070492 0.0600169018149755 0.0591417337958441 0.0361807157803522 0.083175423124975 0.0616569530715438 0.0316549023671623 0.199628829057831 0.189624997347277 0.17100736401345 0.188038052051353 -9999 -9999 -9999 -9999 -9999 -9999 -9999 -9999 -9999 -9999
-0.36427106226083 -0.372092017257623 -0.315536319627307 -0.226197223964943 -9999 -0.0357424611229814 -0.261709952156329 -0.262641101064389 -0.234620170060141 -0.211386506051782 -0.0218752128217683 -0.300803681823876 -0.247682201712053 -0.209289759297249 -0.233162290852167 -0.284780516567833 -0.244181448268598 -0.245991709726381 -0.134777098278279 -0.07693905382988 -0.00518174593648903 0.00254666699802608 -9999 -0.0787481800027265 -0.0742130587999794 -0.0793247340534175 -0.0206851030476075 0.0974092880367643 0.0902921425404848 0.0776713803929638 0.110782615848945 0.0701504443787489 0.0786947523326913 0.0564009445688527 0.0615622135571634 0.0898340100111868 0.18887207562032 0.162973894271099 0.171269460902724 -9999 -9999 -9999 -9999 -9999 -9999 -9999 -9999 -9999 -9999
-0.389784197387273 -0.333013142648918 -0.295099548003513 -9999 -0.197178970662386 -0.203913270664899 -0.235215307825409 -0.212096729976227 -0.298464182448463 -0.263467449857313 -0.3052045032698 -0.30278692170789 -0.268572382517707 -0.158591980373022 -0.222134810507679 -0.18724170956861 -0.157895517246463 -0.132322100063919 0.00787727801269209 0.0158607542004438 0.0708311724838258 -9999 -0.129938043069022 -0.0800153807062338 -0.102318319729647 -0.0677446867921033 0.0167869788520316 0.0851327107892678 0.0907322994544214 0.116473321520429 -9999 0.0869765272581765 0.0668028929341301 0.0171809304827737 0.0760916084740514 0.0683151142307928 0.0807668776662196 -9999 0.153417003220819 -9999 -9999 -9999 -9999 -9999 -9999 -9999 -9999 -9999 -9999
-0.307364135979892 -0.280835961583263 -0.278541463009406 -9999 -0.182138784012407 -0.184940356907777 -0.22522323812902 -0.172667510777201 -0.184542034427987 -0.238832697463857 -0.355392631981444 -0.29245283977426 -0.220398787414463 -0.133546875155906 -0.165456179519562 -0.151507832249662 -0.0999015754823466 -0.0467460988482066 0.0402707876607502 0.0103794307647115 -0.0379117460675378 -0.0697995458963087 -0.168115645697656 -0.21740176264241 -0.178918599007613 -0.161703435288671 -0.034407835246535 0.000763229330749163 -0.00348951805150963 0.0631415465260347 -9999 0.138153616386263 0.0672732814029128 -9999 0.167605101106713 0.0622828901600397 0.0497367485100801 0.205124319665872 -9999 -9999 -9999 -9999 -9999 -9999 -9999 -9999 -9999 -9999 -9999
-0.327470781502693 -0.312610474086635 -0.260872435707351 -0.221590911332416 -0.184065779182991 -0.136017037470807 -0.275384025067525 -0.30694616999169 -0.230773248443196 -9999 -0.156341274109317 -0.190353641020645 -0.19938550646108 -0.173396874799326 -0.134013843876375 -0.110798358580907 -0.0530648459034788 -0.00446211814172446 0.0594820481522705 -0.00823727006558924 -0.0655851517255935 -0.139143276983269 -0.228341635476387 -0.274663505306786 -0.247353925302431 -0.250399956713869 -0.117256162466329 -0.0969357689043429 -0.0299698744992199 0.0102322794644124 -9999 0.137225059326048 0.0518618008984589 0.0136501501777287 0.0841195265713185 0.0824903853990438 0.134624954858372 0.207703261494166 -9999 -9999 -9999 -9999 -9999 -9999 -9999 -9999 -9999 -9999 -9999
-0.23480648379765 -0.309416944072036 -0.274729220732413 -0.259701488302265 -0.188418966594326 -0.221031913192003 -0.336076567911391 -0.277551385513975 -0.258153056390488 -0.282518828950771 -0.193084493834049 -0.213878885178038 -0.258624416214539 -0.269325483417314 -0.19623773311998 -0.0734039696078265 -0.129269224952573 -0.0821552806031026 -0.0565554948574853 -0.0596363089927201 -0.104740543025873 -0.220654409778939 -0.305346671339561 -0.227561407512728 -0.273166141308426 -0.234330424147825 -0.201538675186126 -0.0673510345432576 -0.0745030951491878 -0.0328241356357965 -0.00190561605153346 0.13020966340114 0.216749076509343 0.153925499971486 0.290456433690471 0.233267464332576 0.191980754251657 0.188543291253764 -9999 -9999 -9999 -9999 -9999 -9999 -9999 -9999 -9999 -9999 -9999
-0.233971645741397 -0.236094314906672 -0.162513619816929 -0.287349652999473 -0.28832907029281 -0.282061460983409 -0.280071724516105 -0.322309447844332 -0.296506311004934 -0.286222364041287 -9999 -9999 -0.282595947909653 -0.290318797616554 -0.289026660242152 -0.10417503378762 -0.128170423854862 -0.0719008321682227 -0.0792759656831443 -0.0213023544626326 -0.163048906099134 -0.286459575822324 -0.342388970645193 -0.336580187365972 -0.342712059374413 -0.301493126034334 -0.282403537414709 -0.139143854621562 -0.12170696261883 -0.0352232154181136 -0.00770841819583647 0.181877503817538 0.24141355061081 0.304729444757114 0.260534743280813 0.290684664578233 0.213366719098387 -9999 -9999 -9999 -9999 -9999 -9999 -9999 -9999 -9999 -9999 -9999 -9999
-0.148780883082643 -0.228919884145948 -0.132016865526592 -0.226093873034967 -0.310522699175968 -0.311680081695824 -0.319974409227177 -0.329221509795453 -0.243978914730086 -0.194455750368717 -0.161342810615138 -0.0555853433487895 -0.18387279481801 -0.216980429716459 -0.24132644807453 -0.137387304468231 -0.129434389365224 -0.0793119070528535 -0.111118581167401 -0.152825464843297 -0.215030040252147 -0.312637946470575 -0.391769714999196 -0.367556543950517 -0.297991083926682 -0.290963794572599 -0.239259689782248 -0.214241955121074 -0.137818602196205 -0.0637103128972335 -0.00024686160447756 0.194197520528734 0.277529712329441 0.341005006934301 0.292774797432722 0.229722962546324 0.2244469572464 -9999 -9999 -9999 -9999 -9999 -9999 -9999 -9999 -9999 -9999 -9999 -9999
-0.151527602154141 -0.0492254059163074 0.0359934841254044 -0.254462603623256 -0.220963870996346 -0.215491904844784 -0.248815331216853 -0.285463608807505 -0.218256014459634 -0.24306076869333 -0.220354944282133 -0.269275867387659 -0.250639350338414 -0.251378785229106 -0.153828573259178 -0.0898575277295716 -0.090737141099249 -0.128741347071853 -0.233326950529658 -0.269228484074852 -0.285132198882489 -0.222206870027772 -0.318975531086837 -0.327727606758094 -0.277834255942919 -0.253696381215919 -0.25950928338725 -0.220301442143848 -0.178178376173513 -0.0428138805938584 0.121855237910526 0.300366561316857 0.33356311102363 0.383028223605605 0.315414065286813 0.234992035585869 0.167399596297652 -9999 -9999 -9999 -9999 -9999 -9999 -9999 -9999 -9999 -9999 -9999 -9999
