data/rasters/s7.17.08.cu.3_xyz_08_.asc
NCOLS 100 
NROWS 100 
XLLCORNER -4 
YLLCORNER -4 
CELLSIZE 0.08 
NODATA_value -9999 
[rows 42 to 62 of 100, columns 49 to 97 of 100]
-0.208948569294368 -0.268359690407388 -0.272599678625966 -0.327085943422926 -0.291074080177551 -0.307209161386812 -0.313413353827704 -0.344693229055832 -0.333024707434205 -0.255975135139647 -0.128659881752383 0.076583738696316 0.130130207826716 0.127604605312448 -0.0591250225077005 -0.126501788805406 -0.193285076743973 -0.310454770674427 -0.309859358276646 -0.221360501476885 -0.154006480527214 -0.139022633363603 -0.122255744964458 -0.0705876114843547 -0.0480398015178225 0.0469714573965225 0.0758757636574633 0.149456602801376 0.0794515241336211 0.0284735247443108 -0.0452285608550984 -0.0763483089993028 -0.229470801254523 -0.331943676817586 -0.186403479447561 -0.0708001891600207 -0.192928439858512 -0.1832008496571 -0.127374065754435 -9999 -9999 -9999 -9999 -9999 -9999 -9999 -9999 -9999 -9999
-0.130820282652924 -0.161453194059853 -0.268902599516028 -0.332657010234092 -0.279620825102941 -0.258198119741987 -0.245399510360039 -0.29969879271909 -0.273755234540367 -0.125278646334184 -0.0919474870781391 0.140048787109362 0.195880855708142 0.123484415369416 -0.013746259970089 -0.0197086765224688 -0.121809117271414 -0.178439062503011 -0.168778438885796 -0.09871922455209 -0.0949141525525769 0.00690989821353072 -0.00789376810161333 0.00263225326742115 0.0266414634501467 0.0614065891137063 0.115614498299456 0.186503335728181 0.107646086852715 0.0386261846964839 -0.0382086248305742 -0.0780021118569976 -0.112972646366705 -0.115872685549671 -0.0790124888667968 -0.034737280768104 -0.103080534776382 -0.138127544671846 -0.0603461664798935 -0.121256690532784 -9999 -9999 -9999 -9999 -9999 -9999 -9999 -9999 -9999
-0.192603318751488 -0.00888454334539378 -0.266354922211263 -0.374780472775241 -0.332532889358668 -0.26825312882644 -0.180410614593552 -0.274423073593738 -0.0907051763331084 -0.097585852358391 0.0227545119759161 0.161718419875213 0.262968555877181 0.20381990640138 0.113536241254254 0.0849642953444653 -0.00043456838600292 -0.0303080317474424 -0.0746741388420692 -0.0380764019802066 -0.0201237849048822 0.0177202456695646 0.0562393496406023 0.0203254549827124 0.0389010387863336 0.0678741794055933 0.0776880664578996 0.0948004997827275 0.0540187595525798 0.0155081647330222 0.00324847705272777 -0.0509813538632329 -0.0647641617688968 -0.00876005713286815 -0.015639535019949 -0.0312958420870632 -0.0379277017448117 -0.0143940959395928 -0.0949169784737835 -0.142733499646032 -9999 -9999 -9999 -9999 -9999 -9999 -9999 -9999 -9999
0.201693452055574 -0.055323515559257 -0.177872362062154 -0.127668536538817 -0.266274747134387 -0.261500978943066 -0.184034604921196 -0.183220168836227 -0.243269878109295 -0.0600186285975641 0.0900708047596679 0.222399495460621 0.284808974895654 0.298501471670344 0.248167097821744 0.156821100651428 0.074237427100827 0.0275340872740065 0.0124399524802653 -0.0427654061331866 -0.00806066347946584 0.00428030801844157 0.00145905545573351 0.0283185502205972 0.0349785432515683 0.0473736390183668 0.084464868480763 0.0588485640341801 0.0183487418421794 -0.0338110609626327 -0.0967812512034595 -0.094025446772321 -0.0912742249107976 -0.172457488655728 -0.141632510533202 -0.0847337280021789 -0.0649327688092435 -0.0497726113328301 -0.127356898169937 -0.181123136740424 -9999 -9999 -9999 -9999 -9999 -9999 -9999 -9999 -9999
0.186083643341655 -0.0521881407388699 -0.210648293205343 -0.120185928016681 -0.284757903272615 -0.238565155306183 -0.210447904230481 -0.144067666016073 -0.178443927202902 -0.0251504640485377 0.0655573249205615 0.173762666348457 0.250312189575304 0.26294342579268 0.205428566222837 0.0801550445807533 0.0256599779709894 0.000452925367564684 -0.0121544245955437 -0.0714436427214447 -0.0312371239194125 -0.0514768804818938 -0.0446053615185554 -0.0234332966012513 0.0321330716280075 0.0612679577988008 0.0641239209136562 0.0659540416196073 0.0139423275132025 -0.0362477982244585 -0.0877534807311906 -0.152801560958769 -0.187940027834532 -0.213382473092607 -0.166263903605065 -0.0959778556887591 -0.0643847778326759 -0.0869131953226454 -0.132014471764752 -0.165451751291217 -9999 -9999 -9999 -9999 -9999 -9999 -9999 -9999 -9999
0.120606068586457 -0.000635709763881719 -0.161283870095374 -0.0687921744136929 -9999 -9999 -0.247731293691844 -0.164265079903139 -0.130752979889377 -0.128542045326556 0.012955719582739 0.168402620775584 0.257293864149335 0.288314132655328 0.217419326059798 0.0882016232122918 -0.0389058814845605 -0.0593653823013748 -0.11748404968746 -0.112092570365367 -0.0795375723155904 -0.0559637741058687 -0.0216095377609446 -0.0256214981992453 -0.0473574301434049 0.0701854205261087 0.0677583213764712 -9999 0.0274793648741253 0.00554730443133871 -0.0707802973206028 -0.190043845949583 -0.244574110788797 -0.212914031978691 -0.120132030353699 -0.10257343897388 -0.0260277286056581 -0.100463754265643 -0.132788692988613 -0.129905771765234 -9999 -9999 -9999 -9999 -9999 -9999 -9999 -9999 -9999
0.124027801980269 0.0246772843698682 -0.0788006373877685 -0.0872297411738246 -0.193943038234396 -9999 -0.241414227391207 -0.231601911844642 -0.228341963738672 -0.173215213088826 -0.0371381272483608 0.0859634340690255 0.0997912927052347 0.0730194242177118 0.0796308727005394 0.0114042994823601 -0.0329441458543863 -0.0706501720353006 -0.113020832727445 -0.105515412757505 -0.162652424490213 -0.150863602553316 -0.103022771646874 -0.0654652171134201 -0.0328202784541446 0.0342930138599215 0.0423658985898033 0.0066914454217978 -0.0110675788616947 0.00604338484913432 -0.15259588779636 -0.184511359093438 -0.241255986110483 -0.213165064325335 -0.125961096779035 -0.123184661778992 -0.0640224455225971 -0.0677703090165167 -0.0535967543061992 -0.0501639777936529 -9999 -9999 -9999 -9999 -9999 -9999 -9999 -9999 -9999
0.250398045201886 0.061802562379803 -0.0812701142220146 -0.136234240955781 -0.16845725630425 -0.168980887287918 -0.250744658859939 -0.243359437352954 -0.247470772153644 -0.245896684499388 -0.0895809152380894 -0.0381815229453499 0.00315884088800119 -0.0684682820720929 -0.0831113640030345 -0.0693135966538202 -0.0248522209624525 -0.0289897849554835 -0.0259874633912647 -0.137694006231162 -0.172160297921095 -0.185421160216675 -0.173633487404871 -0.130516947076722 -0.107005091958759 0.00112656631459098 0.0109906848222759 -0.0315915812580478 0.0178746604991606 -0.0371779281821842 -0.0328539471456482 -0.14958670162579 -0.185039991472616 -0.175255904237169 -0.112245664370807 -0.0669447274374021 -0.0836131943939498 -0.0335281482660812 -0.0283241818328086 -0.0470913182937033 -9999 -9999 -9999 -9999 -9999 -9999 -9999 -9999 -9999
0.187777573593331 0.0331105756540491 -0.0200896955137759 -0.16581797095104 -0.221666332719903 -0.26007574315694 -0.25986603103643 -0.280328385920772 -0.429104104872792 -0.393849476988467 -0.368422857334745 -0.226499257518895 -0.124403507075802 -0.1661828961209 -0.118927723124918 -0.0766124256599761 -0.082721366672266 -0.00216849501370496 -0.0835639985847545 -0.194010895630477 -0.207083587855868 -0.214968525611526 -0.206453497555013 -0.205259357542896 -0.15469681593711 -0.054273347060603 -0.0317176006822949 -0.0328511867633367 -0.0408142459873095 -0.0710209805310009 -0.103189904429602 -0.14290797945226 -0.157075762380339 -0.156513516797881 -0.112968106717465 -0.0757270026373283 -0.043253341404034 -0.0308677418991684 -0.0611977949574019 -0.0457918745167882 -9999 -9999 -9999 -9999 -9999 -9999 -9999 -9999 -9999
0.152499366194249 0.00558130137907227 -0.164467557985656 -0.224467640502059 -0.249614989040887 -0.33870593442543 -0.352131911205094 -0.313623229848768 -0.464596739525424 -0.47658381720672 -0.44744966106693 -0.370376972912887 -0.303024679352209 -0.179436305844515 -0.0521765991589977 -0.0558700309309371 -0.0706106675434751 -0.0530663263666751 -0.133012164791808 -0.205669940531789 -0.228663554336601 -0.217331585305468 -0.207111668111456 -0.178014662263275 -0.128886723011044 -0.0966244031934959 -0.0594444127959495 -0.0112005487738261 -0.0118190442767719 -0.0165747443448226 -0.0914678735573825 -0.0891770556056488 -0.0626422408958088 -0.0872637444677171 -0.118534590253067 -0.103951483590547 -0.074264542972308 -0.0899121261455224 -0.03140995611727 -0.0678209561550322 -9999 -9999 -9999 -9999 -9999 -9999 -9999 -9999 -9999
0.264214899656697 -0.0782641307233137 -0.218142323085152 -0.247482793219183 -0.305211625528426 -0.281975470703907 -0.374479810066582 -0.402055493509805 -0.44429657762558 -0.516794627615913 -0.446761588398788 -0.356892131528204 -0.267255108876793 -0.160229753219961 -0.0655559337080453 -0.0668136173125049 -0.100883284195059 -0.101153081178252 -0.0843724340615047 -0.132496373607738 -0.156985013291629 -0.175467588662463 -0.180776586660986 -0.151169992894576 -0.11254399133405 -0.108621486472527 -0.0564375028862715 0.0315118705756826 0.083185928891422 0.0413318236030573 0.0258726470178152 0.0432134027611989 -0.0207762919045391 -0.0463105430721031 -0.0799616922735242 -0.0927039131438306 -0.134134642353147 -0.127403551561457 -0.12166037644965 -0.126976663896217 -9999 -9999 -9999 -9999 -9999 -9999 -9999 -9999 -9999
0.18502508073336 -0.0137016904667252 -0.129675707062782 -0.207464523413493 -0.22696111368572 -0.251144353681915 -0.371828930310786 -0.404937987843761 -0.476368961715875 -0.484758422363886 -0.442554174159595 -0.383365543386809 -0.272750944148217 -0.160452574371497 -0.0991906969755251 -0.0657687691288634 -0.0377610565371354 -0.0393000464475327 -0.0135940545162277 -0.0608531854716214 -0.0587525460912216 -0.134115453304591 -0.175265100188043 -0.129880367200032 -0.0640968511398888 -0.0545962815713326 -0.0256464679074364 0.0236213684806193 0.167419202488735 0.0745093321958294 0.0660008212103051 0.0363712368441322 0.0435691058773409 0.0195577617797495 -0.0810451725793511 -0.0904442304830216 -0.0696837464497891 -0.103504729396704 -0.173802282236998 -0.179829508866415 -9999 -9999 -9999 -9999 -9999 -9999 -9999 -9999 -9999
0.10993214893595 0.0538572348169209 -0.0558779928913192 -0.117061768397317 -0.181402082401742 -0.248860866281492 -0.393320485888258 -0.39834037523272 -9999 -0.419517219506336 -0.37850727178206 -0.387099470203637 -0.226178429636172 -0.13662300600792 -0.0319296177592111 -0.00499170782913358 0.0179294296340272 -0.00631146297076721 -0.0174077958498437 -0.0214805087002614 0.00511797403454901 -0.0484186989596618 -0.093863806406258 -0.0860965897017529 0.0261039942921625 0.0775445087336593 0.00798931920125458 0.0676986673020166 0.205259068597472 0.169031397859945 0.146742543286692 0.123057917208209 0.136698021590265 0.117096824549053 -0.00212778553286755 -0.0528500479405923 -0.0911946151027141 -0.166548081010175 -0.216721414459885 -0.221869850696187 -9999 -9999 -9999 -9999 -9999 -9999 -9999 -9999 -9999
0.103284596509334 0.0884307509679696 0.026724052352616 -0.0704104626885439 -0.200913196637853 -0.158154002738662 -0.380818334146355 -0.397149524643482 -0.357982639708227 -0.39134395959839 -0.330524470445318 -0.32523344708225 -0.281166666012973 -0.139184701797831 -0.000889053155204977 0.0179388449151404 0.0447269730565805 0.042518152776908 0.0270536462203479 0.0126135345501741 0.0172405600288389 0.014035031580896 0.0276668953846984 0.078635779336168 0.164613023384984 0.0890527417592079 -9999 0.242737897913124 0.271727708468246 0.245690117176288 0.185597867826069 0.257330808472656 0.20863568790143 0.171910334858921 0.138853958723679 -0.0826155069468508 -0.105486229599648 -0.186826808745386 -0.211843179857008 -0.232610826619341 -9999 -9999 -9999 -9999 -9999 -9999 -9999 -9999 -9999
0.144630515100048 0.111441167630481 0.074509380112685 -0.164294657942081 -0.120540754362107 -0.349720811547064 -0.345609865502881 -0.263403204906698 -0.236232525114395 -0.287563666583437 -0.3002509132304 -0.280617145113662 -0.253888230278287 -0.116906244771282 0.0109264648283583 0.0188741382052154 0.0627908278579793 0.0820624997361191 0.104077224684625 0.111188688228739 0.108479002405014 0.0387334720973031 0.0736748336854435 0.235721453624035 0.282443219450558 0.297110982624544 0.23691614923142 -9999 0.252419078001576 0.187635097439985 0.118188473840999 0.186068238074376 0.17128341555374 0.130518461851336 0.0965977752538601 -0.0465161751464994 -0.110660541790947 -0.182080465721758 -0.15500455488644 -0.17408910641601 -9999 -9999 -9999 -9999 -9999 -9999 -9999 -9999 -9999
0.270006598915748 0.117026568419707 -0.000222009301022334 -0.150151225614162 -0.206832067561572 -0.208898212029339 -0.270179205311802 -0.23807268110597 -0.119513732441082 -0.118140278704347 -0.205353148657112 -0.257707514409052 -0.173951640428115 -0.100877678389103 -0.00592595194928715 -0.00581522144735115 0.0704026486634438 0.142540256568569 0.127600184704632 0.105628655520451 0.117682189708174 0.0942147485489666 0.154364263345489 0.201560744240594 0.27025736546075 0.251115510928882 0.256073461802065 0.221827710152531 0.316775724787361 -9999 0.0713706595082752 0.21285219206672 0.13422320180142 0.0992166470404237 0.097534412098816 -0.0246883744488358 -0.0814562834566574 -0.100200497494649 -0.0993076144026059 -9999 -9999 -9999 -9999 -9999 -9999 -9999 -9999 -9999 -9999
0.0911755163852212 0.18439666499807 -0.0193026960669759 -0.097790801204323 -0.0652273803263151 -0.118724783018167 -0.17491129524182 -0.117511263842215 -0.00882074179191429 -0.0638668698889465 -0.0493144808668933 -0.00442582027872005 -0.0722073448805707 -0.0476494954823329 -0.00870849600795843 0.0326861808651224 0.0896710077450623 0.111052214177901 0.137842341088563 0.0559785593490879 0.0771155723369527 0.0734090079028664 0.0931398896486592 0.145733570051427 0.197038317657689 0.250049066871213 0.208806656715351 0.240282699260493 -9999 -9999 0.0214293806115111 0.0103445351255021 -0.00206648299409737 -0.00511198301438094 0.0543168727205729 0.115102885138026 0.0365573316187039 0.0334197772095035 0.0707647452510523 -9999 -9999 -9999 -9999 -9999 -9999 -9999 -9999 -9999 -9999
0.0695856919756678 0.105711738932937 0.112842483417294 0.0536513578899226 0.0790400160705442 0.0202942363518183 0.0256355433258522 0.0241112565198556 0.0688610357181864 0.0330518398604111 0.0239615608633612 0.0813145203006899 0.10145345351572 0.0858832828677687 0.116302510959813 0.12080937729292 -9999 0.245234281882096 0.0818163744937775 0.0729188250502748 0.0646511927334768 0.0420883783350982 0.0527267838906093 0.0972913074554435 0.131451134947227 0.1508497405355 0.276222332690445 0.328230717781979 -9999 -0.00561698305945482 0.00351431943652444 0.00779012591438825 -0.0537401586799967 0.000670258449896448 0.078590871637207 0.1807061775656 0.196931080497806 0.185012368767483 0.172868130632585 -9999 -9999 -9999 -9999 -9999 -9999 -9999 -9999 -9999 -9999
0.0522442105546836 0.225816816247572 0.210506194803098 0.305273703336414 0.179222565808933 0.147829489881047 0.187241904477686 0.100981487165587 0.16841999671485 0.136255322498695 0.0840530566921682 0.193460243833631 0.198137478810476 0.248063799561134 0.184726159495045 0.217886529869649 0.178610651144155 0.136162537034314 0.0688338102910629 0.059712533931379 0.0643510040272868 0.13153022154494 0.0504153090634386 0.0848746898386622 0.100578858173425 0.125803182931242 0.128922586189983 -9999 -9999 -0.0224934530922358 -0.0584651096290655 -0.0449213540234754 -0.0828235300425711 -0.0353341795305539 0.0818324957786642 0.0395379141692777 0.223625845397163 -9999 -9999 -9999 -9999 -9999 -9999 -9999 -9999 -9999 -9999 -9999 -9999
0.0980679649524694 0.30965460567246 0.267658845557927 0.269134203838251 0.233593949567567 0.233106496578969 0.225030874606678 0.226572494398034 0.217238214326748 0.185492451755373 0.163361237149004 0.189196772340653 0.254390016430822 0.281716515215506 0.256726060561115 0.268530111946508 0.182287753841438 0.123761826848114 0.0960679305919594 0.061695910430242 0.137323814646277 0.117584221750564 0.0301187538872129 0.104195449793897 0.0948056202682824 0.10068102779107 0.125227194123801 0.0380045101071209 0.0398734869891991 -0.0595904976744098 -0.0484270549559933 -0.0299781369944076 -0.0488891046205103 0.00197724780885068 0.0389576317558945 0.0444023445769948 0.096060784373969 -9999 -9999 -9999 -9999 -9999 -9999 -9999 -9999 -9999 -9999 -9999 -9999
0.212241671725493 0.230703257345782 0.241527018419953 0.272757959527681 0.279544865801605 0.294392300166695 0.200883828032724 0.15063365896614 0.139250368130441 0.157595158108819 0.146649270627997 0.162964390687897 0.224129385680129 0.269784450206218 0.241084931527341 0.249610455540442 0.207332237099441 0.0729060511995437 -9999 0.0982685129157291 0.145520274605895 0.125250718911599 0.0663750509071581 0.107314059774058 0.162962821129192 0.203228019230082 0.25246902352721 0.106175135750697 0.044209046167733 -0.00660455138379946 -0.0234572174864189 0.00727555475222321 0.0346872691218304 0.108631495211773 0.105555477588392 -0.0171777138629056 0.0587754369405556 -9999 -9999 -9999 -9999 -9999 -9999 -9999 -9999 -9999 -9999 -9999 -9999
