data/rasters/s7.17.08.cu.4_xyz_08_.asc
NCOLS 100 
NROWS 100 
XLLCORNER -4 
YLLCORNER -4 
CELLSIZE 0.08 
NODATA_value -9999 
[rows 22 to 43 of 100, columns 49 to 97 of 100]
0.213354558287038 0.0246760255822552 0.0897192191005254 -0.0463654986431533 -0.076779840001389 -0.0939150741672545 -0.109482290730552 -0.134729551674787 -0.163240485658752 -0.19378384128207 -0.199305971658549 -0.141981442678236 0.0459621429977576 0.0414892572443114 0.113211008281084 0.364329319159351 -9999 0.0934661584337268 0.0863922682224878 0.0818148320594073 0.0439785666107518 0.0627261578081491 0.0879942818660494 0.10625386073864 0.130182880883154 -9999 -9999 0.103666457877777 0.127708234896454 -9999 -9999 -9999 -9999 -9999 -9999 -9999 -9999 -9999 -9999 -9999 -9999 -9999 -9999 -9999 -9999 -9999 -9999 -9999 -9999
0.129836867078339 0.169912723081151 0.131752496359746 0.0159150106386507 0.00495593145969861 -0.051239911293333 -0.0438864310502549 -0.0677271877928274 -0.143243221979496 -0.178930415535568 -0.168710131597775 -0.155168994906199 0.0691144905382505 0.0887758482164824 0.194573166717043 0.351872646402601 -9999 0.300439773307767 -9999 -9999 -9999 0.0951475319638648 0.136819235134029 0.120048199098579 0.201309674022738 0.206963536480631 0.194275086830788 0.180398903687174 0.22039601124812 0.268707167330658 -9999 -9999 -9999 -9999 -9999 -9999 -9999 -9999 -9999 -9999 -9999 -9999 -9999 -9999 -9999 -9999 -9999 -9999 -9999
0.0714460265625028 0.139691124605921 0.121023525173518 0.0259575161734269 0.0524368479496549 0.012526650640093 0.000654654010859441 -0.0358573949271375 -0.037984246554822 -0.146792177955578 0.0689081596123916 -0.0733003749613153 -0.0289613996636358 0.0499392945137121 0.176816780487885 -9999 0.270247760395291 0.263120603279317 0.220695982183785 0.229853147820793 0.17857396653188 0.133715985728286 0.142431965955379 0.175303521280271 0.188748993272186 0.203291830372236 0.21051172534435 0.208375903968429 0.234803310122681 0.297214010024358 -9999 -9999 -9999 -9999 -9999 -9999 -9999 -9999 -9999 -9999 -9999 -9999 -9999 -9999 -9999 -9999 -9999 -9999 -9999
0.127730647172571 0.125672873385642 -9999 -0.00701512397999261 -9999 0.0230275557640604 0.0413343886120764 -0.0891228867968616 -0.098588282767187 -0.0784605868759948 0.0850979413017579 0.130519907577475 0.126344516328112 -9999 0.136104434479417 0.119406971812614 0.232427757404997 0.224238124051707 0.185329090075986 0.119802036102423 0.0408510028517042 0.0479021938922341 0.100166821457947 0.155598669018436 0.125973534200586 0.206007405967704 0.235066597168806 0.228773496553712 0.22072283778848 0.271852334803798 -9999 -9999 -9999 -9999 -9999 -9999 -9999 -9999 -9999 -9999 -9999 -9999 -9999 -9999 -9999 -9999 -9999 -9999 -9999
0.133045450643121 0.179569935470548 0.193611998252362 0.206294494517393 -9999 0.3027596278382 0.0943620163575666 -0.0984600248646203 -0.131028724240878 -0.0325525729376762 0.127526524422429 0.0996625584030706 0.13122156276806 0.109926674505399 0.152820661969653 0.118225939458365 0.176477447273416 -9999 0.207897472346529 0.10654416992017 -0.0101051415329438 0.0118421691578914 0.106704418011618 0.152193128881592 0.110992927689026 0.227159743697743 0.203717086546434 0.158853515043622 0.0899616701423862 0.182928553920734 0.145487907885596 0.128282099671312 -9999 -9999 -9999 -9999 -9999 -9999 -9999 -9999 -9999 -9999 -9999 -9999 -9999 -9999 -9999 -9999 -9999
-0.243451242274432 0.279874156249238 0.246191113980833 -9999 0.176476752038104 0.141646578357372 0.115409016958146 0.00445534406572251 0.255882250391106 0.104709056900103 0.132518816621464 0.185609012747048 0.117247617277338 0.0988187134511501 0.15458629616241 0.181610984856239 0.238727752700495 0.250074411421219 0.186647659817007 0.20783283310215 -0.00139296957478853 0.042895035359267 0.0840492854700512 0.158426348812815 0.173884413194305 0.182726363166749 0.120441040340027 0.0608944500250037 0.0881587068924747 0.127601792043486 -9999 0.275556847534973 0.162044168859622 -9999 -9999 -9999 -9999 -9999 -9999 -9999 -9999 -9999 -9999 -9999 -9999 -9999 -9999 -9999 -9999
-0.409339810782357 0.17233155291627 0.144178184615468 0.116711248424443 0.145593797649921 0.182603707266959 0.03881724319033 0.0626131020561239 0.155185141871267 0.172981619728302 0.152708062289215 0.156695390786218 0.160224059822549 0.101160122551713 0.158196189268284 0.2266496258534 0.256031595041781 0.270820444936326 0.168997321316432 0.203918218345517 0.141269664622048 0.085797618348456 0.097387525442312 0.137267557610875 0.138532219160804 0.154501705049848 0.0994566920415651 0.0684288898919552 0.0514203180384598 0.0886875225894838 0.132927250734387 0.207114906574517 0.124626887797154 0.0084306109965898 -9999 -9999 -9999 -9999 -9999 -9999 -9999 -9999 -9999 -9999 -9999 -9999 -9999 -9999 -9999
0.0938013462365728 0.0888907134988084 0.0907415259082384 0.0544329268705776 0.069456875190912 0.0978039088554889 0.0240065977057686 0.062764894716376 0.0944760217200799 0.109763047889649 0.0916481273899103 0.0937793480164328 0.180590382756436 0.131754964794002 0.200068929548338 0.234708757256262 0.227206559687772 0.248655380291709 -9999 -9999 0.167744792733013 0.142595742078011 0.149141862706937 0.121630203482557 0.145681357787115 0.0924722574873597 0.0593048712380132 0.0476791516934369 0.0310561483053572 0.0366366061528802 0.177866226934693 0.228171685567735 0.193481921511499 0.107155642305361 -9999 -9999 -9999 -9999 -9999 -9999 -9999 -9999 -9999 -9999 -9999 -9999 -9999 -9999 -9999
0.0455040059184709 0.117241924949737 0.107274742655886 0.132611386396653 0.0408914821664502 -0.0410201420126565 0.00976482741998962 0.0486376642145038 0.00342317693347677 0.0313774635217028 0.0512056340035733 0.0805176994719808 0.118594638580602 0.170522815183407 0.223700697121036 0.213034752402835 0.205510613135204 0.199990220086889 -9999 -9999 0.18333411963316 0.158984506820543 0.127630496026202 0.0919089852390447 0.121801881847501 0.117479609284077 0.0762890147089713 0.0784818292190719 0.156813202807785 0.107485315009749 0.131551272571623 0.19089290033513 0.11541182094122 0.0406315461282746 -0.0118892082267145 -9999 -9999 -9999 -9999 -9999 -9999 -9999 -9999 -9999 -9999 -9999 -9999 -9999 -9999
0.0586164782070409 0.158203011227889 0.21037553335964 0.169239133757482 0.00274805953713835 -0.0515404080229538 -0.0222871208020522 -0.00100628413764857 -0.0952482607296737 0.0275888465834842 0.0521980140531941 0.188495783970834 0.0791209771507961 0.133103491243769 0.18862003103104 0.197002349563481 0.337046929728393 -9999 -9999 -9999 -9999 -9999 0.1209051248655 0.127825689113288 0.109825242651038 0.0921981375554972 -9999 0.0931977865226561 0.0993830278584431 0.188249236647634 0.160334597815047 0.160441570052987 0.140176682084103 0.0773520175542877 0.012437273801391 -9999 -9999 -9999 -9999 -9999 -9999 -9999 -9999 -9999 -9999 -9999 -9999 -9999 -9999
0.132426710354239 0.15805640488588 0.208336940118526 0.165720817420176 0.00242942565314477 -0.00336107800094615 0.103932409576249 0.0540944295071202 0.00823925995255913 0.061686602189146 0.0729755023164223 0.0829727875579034 0.0149584926897484 0.0850850014033222 0.153343756039499 0.177695215706301 0.230383421908455 -9999 0.241551966420448 0.2424659179264 0.296740922493148 -9999 0.1462307602344 0.1058750278037 0.126004038434691 0.227887650652566 -9999 0.0754625738250181 0.105595988247873 0.144444639740708 0.0986832330035188 0.10745518298731 0.084363945212006 0.110873705373649 0.098857374154871 0.091529567591264 -9999 -9999 -9999 -9999 -9999 -9999 -9999 -9999 -9999 -9999 -9999 -9999 -9999
0.214273975913642 0.167089928906581 0.144054922050229 0.179792127007283 0.117294509201932 0.0725155989985 0.120888650068947 0.131020909632214 0.085000014847886 0.0467501777709619 0.00959022818874859 -0.0399134795695069 -9999 0.0230843635763326 0.113008155503642 0.152844000998141 0.160242542978739 -9999 0.189912704205139 0.214550826626658 0.253270339086521 -9999 0.17601717002515 0.177797508247628 0.119693547083396 0.113709828501067 0.134206533174579 0.0891373831779641 0.0955223269486429 0.0695277838272082 -9999 0.0431574902218083 -9999 -9999 0.095977453251764 0.100764789671565 0.0761903299230085 -9999 -9999 -9999 -9999 -9999 -9999 -9999 -9999 -9999 -9999 -9999 -9999
0.240863462426839 0.221945832512876 -9999 0.0613204091219027 0.0640651565944163 0.0972386828651457 0.14145177928707 0.138090925723648 0.0983403725083058 0.0737429905601145 0.0812939809702242 0.0431869006677623 -0.0246131573213843 -0.0278840077945257 0.0410470792216197 0.106898997279154 0.148470647740276 -0.0637118125314883 -0.0407319970402573 0.179248589763557 0.171433543281406 -9999 0.221613761979522 0.194820321187599 0.0921921625963784 0.0667151415859301 0.0721643046895396 0.167780108446987 0.106667019165898 -9999 -9999 -9999 -9999 -9999 0.204656052967223 0.162315203170089 0.0832656881061217 -9999 -9999 -9999 -9999 -9999 -9999 -9999 -9999 -9999 -9999 -9999 -9999
0.23084704831037 0.239708770709325 -9999 0.358164092124923 0.0449475143583767 0.132081204108994 0.14332417243141 0.126345399078806 0.0941242178889513 0.142836731369952 -0.0196465630181719 -0.0145303006049319 -0.0101438769917525 0.0234719632829447 0.0365111122510372 0.0595675426664483 0.103569808233675 0.00666596356146026 -0.0258059947340295 0.130681315809838 0.138596588644879 0.155999973120259 0.180581180639946 0.105915467715644 0.0929717987964975 0.0523044668344358 0.0347288252771129 -0.00805860702298143 0.156827059795991 0.0248605146314619 0.131661289827541 0.0991106363769446 0.202205432577005 0.123168197400694 0.236519075678558 0.229353549270497 0.211884280160042 -9999 -9999 -9999 -9999 -9999 -9999 -9999 -9999 -9999 -9999 -9999 -9999
0.304794951129136 -9999 -9999 -9999 -9999 0.0990521748350397 0.11648179636658 0.101047933853381 0.0953177236357348 0.0913927305294441 -0.0759387416813795 -0.0338744520421215 0.0636025995938108 0.134469395755705 0.138368451539573 0.0119570420550041 -0.00581492830413526 0.0418288568578496 0.0431575393629707 0.104523931704681 0.0750624783768649 0.118666516135976 0.0820444108860096 0.047158327244006 -0.0189872663060944 0.0535151860660577 -0.0492304176009736 -0.0133438838726804 -0.0603158480160693 -0.0161903114299288 0.0113791678309907 0.0313671923350593 0.129759363662725 0.165237095748398 0.153423174754285 0.218124810541501 0.213578237535391 -9999 -9999 -9999 -9999 -9999 -9999 -9999 -9999 -9999 -9999 -9999 -9999
0.232575471177528 0.394672893278248 -0.00105501549774086 -9999 -9999 -9999 -9999 -9999 0.0814836119422611 -9999 -0.0438734105367641 -0.0740682513572558 0.0290429537262066 0.118361712504985 0.150284781069783 -0.0513738958754798 -0.0759735459194822 -0.0467245308306582 0.00516079355528432 0.0309676463675579 0.0699263199085519 0.104559957800785 0.0914779963830119 0.0261132402995894 -0.064393220298281 -0.085156861243666 -0.119239467724087 -0.0944726743449598 -0.0883891411925455 -0.0588657584259584 -0.0395477166017372 -0.0040558380570764 0.0475756762335988 0.0554017607626016 0.079640507317144 0.126177460093296 0.177627899023914 -9999 -9999 -9999 -9999 -9999 -9999 -9999 -9999 -9999 -9999 -9999 -9999
0.244024981868038 0.240351326907239 -0.051576769986267 -0.0652741937735558 -0.0818119414263767 -9999 -0.0491845922494138 -0.111991104916083 -0.0678910508869316 -0.0368126752203566 -0.0265595309634967 -0.0199824594215753 0.108215412350346 0.0412227655817052 0.0510700595147912 -0.0939121137962136 -9999 -0.0696251872060464 -0.0367859682199497 -0.0233895374102217 -0.010397681105016 0.00348933808197285 0.0517814892094559 -0.0263292602568166 -0.178629724652381 -0.186520950782929 -0.23487323594565 -0.190042357006682 -0.128161072520188 -0.124566220724109 -0.0751220968041357 -0.0289094213160511 0.0571763856677634 0.0247877315281977 0.0466180804614584 0.109462560189925 0.144873420706279 0.0994099125032622 -9999 -9999 -9999 -9999 -9999 -9999 -9999 -9999 -9999 -9999 -9999
0.228591813690348 0.226875076005936 0.141126485134226 -0.0236054231602105 -0.132477595650209 -0.221414863403799 -0.185446967766757 -0.149711502783675 0.0187254456595758 -0.046936038081149 0.00365684688767066 0.0111639948379607 -9999 0.0684280604764843 0.0379896795351305 -0.0163142963160198 -0.0174408857038887 -0.0676481086743559 -0.0169119162850351 -9999 -0.0123219487261728 0.0131288250029698 0.0148871648083114 -0.0471567097180221 -0.134853120435989 -0.120574915607055 -0.222171959393192 -0.0548436303178782 -0.138301725945224 -0.107693810275565 -0.0601326725867107 0.0903548781962839 0.0325465278768021 -0.00179786999910221 0.0327355255421444 0.0793995067691358 0.131476636868402 0.178898750064004 0.197694005283429 -9999 -9999 -9999 -9999 -9999 -9999 -9999 -9999 -9999 -9999
0.288664875983953 0.166747112143528 0.122422671958924 -0.062918637954854 -0.189307237669685 -0.213616432985152 -0.225903708662309 -0.194083301268206 -0.169000810274622 -0.156585037887375 -0.0555861749065926 -9999 -9999 -9999 0.0502005453848998 -0.00056765982486178 0.00845973660060888 -0.0122360438405128 0.0360596545644724 0.154672091159534 0.0462049767273025 0.0326566469846745 -0.010094174459423 -9999 -0.117079579166956 -0.221182700617214 -0.172972324360275 -0.0256149172582975 -0.211565920621404 -0.0993339894050728 -0.0294131677777762 -0.000970669657094538 0.0205077673934102 0.000674060306715716 -0.00836974983056566 -0.00506099663996847 0.204962924343536 0.164884781915206 0.308207297696545 -9999 -9999 -9999 -9999 -9999 -9999 -9999 -9999 -9999 -9999
0.270449971042862 0.231726154060204 0.0908829513301384 -0.0603944794502928 -0.18569292578966 -0.200889017770662 -0.23856420414141 -0.179770008608349 -0.172690817274439 -0.133882145789883 0.00194205577729039 0.0725157384567457 0.0564562627391981 -0.0416209410778876 -0.098760772655043 -0.0612736310111595 -0.0282314496054368 0.0121102237263599 0.135164128684775 0.123817822920918 0.14353673772973 -0.0193432610409926 -0.0637667657272382 -0.0178768602835225 -0.125063626476871 -9999 -0.12031351046875 -0.133120542693541 -0.112112326033344 -0.120723652938269 -0.0344766907750175 -0.0163647254065966 0.00645038507982861 0.0185650107856929 0.0419329316270181 0.0743960377185595 0.234451055465613 0.297098066547988 0.376509439606583 -9999 -9999 -9999 -9999 -9999 -9999 -9999 -9999 -9999 -9999
0.326763790104159 0.237005677622875 0.109739772833632 -0.0249222101541538 -0.166225582428125 -0.142214744656916 -0.16284362974091 -0.15758194117647 -0.0873813258824045 -0.0137372561739596 0.0379782013965493 0.0483074300615997 0.0100714473621838 0.00370144341890646 0.00719289970006153 -0.0863314601553783 -0.0871955096771898 0.00678242751279603 0.0644619885967175 0.0183916556026041 -0.0696426395227745 -0.059196951992577 -0.127704086612424 -0.138131227995119 -0.0298091496973404 -0.0527071293975667 -9999 -0.119965741185152 -0.124306204007922 -0.156145269501923 -0.106640262074711 0.00550228956487456 0.0582277098204988 0.0157543748644905 0.0711838712501587 0.121589657310766 0.22364144973128 0.285974469314423 0.274411366433686 -9999 -9999 -9999 -9999 -9999 -9999 -9999 -9999 -9999 -9999
0.192884678711931 0.188144470066464 0.0467984338037026 -0.0327888701098848 -0.0974938607926525 -0.0777052608512164 -0.0382614487821114 -0.148210448708547 -0.0475581315508385 0.00486011679609898 0.0934048908125034 0.0575045879311431 -0.000588986267739325 -0.0311595603719202 -0.0011101172652942 -0.117027993202616 -0.0600390058384872 -0.0234114859274926 -9999 -0.0712817948948869 -0.141452250800642 -0.18444136155436 -0.188807416324983 -0.114621620696239 -0.0860807023494486 -0.0637864261291113 -0.0604476563295044 -9999 -0.0021038084969188 -0.0473954313363883 -0.0881107931027009 -0.0275032750218162 0.0431425982085402 0.0347042465491563 0.0108770546350455 -0.000954820794183968 0.11914260321298 0.240165058884599 0.248180286824842 0.214131834974983 -9999 -9999 -9999 -9999 -9999 -9999 -9999 -9999 -9999
