data/rasters/s7.17.08.cu.3_xyz_08_.asc
NCOLS 100 
NROWS 100 
XLLCORNER -4 
YLLCORNER -4 
CELLSIZE 0.08 
NODATA_value -9999 
[rows 21 to 41 of 100, columns 0 to 48 of 100]
-9999 -9999 -9999 -9999 -9999 -9999 -9999 -9999 -9999 -9999 -9999 -9999 -9999 -9999 -9999 -9999 -9999 -9999 -9999 -9999 -9999 -9999 -9999 -0.146056362068084 -0.135413600009314 -0.10792566028564 -0.187159843116462 -0.107852608967924 0.00923206941666331 -0.0401521848315286 -0.179084467945116 -0.152262131488414 -0.072470618649278 -0.0061895414553815 0.117685270961764 0.265453896687495 0.17848440847799 0.181678939418927 0.119269325066972 0.114893616940124 -0.0677632027004444 -0.0270079852702126 -0.0694462323308502 -0.117238520452153 -0.0758556104891588 -0.0316950468462693 0.0547223459349051 0.0913905633240949 0.136098997856904
-9999 -9999 -9999 -9999 -9999 -9999 -9999 -9999 -9999 -9999 -9999 -9999 -9999 -9999 -9999 -9999 -9999 -9999 -9999 -9999 -9999 -9999 -0.130329927057369 -0.130066160262687 0.00851073755728158 -0.084514775925944 -0.210942536434479 -0.178102791144711 -0.110062992953984 -0.165260970647039 -0.204690578623556 -0.1820291609411 -0.091792921176012 0.0372484831591321 0.157739170997274 0.255546122430258 0.203340622779067 0.212636277384912 0.146853864904605 0.0224969416491286 -0.0335796875951676 -0.0591622952075298 -0.103488674552636 -0.0488092949483604 -0.116565329553897 -0.0568523922398175 0.0819196852346994 0.147665109129092 0.124728744931133
-9999 -9999 -9999 -9999 -9999 -9999 -9999 -9999 -9999 -9999 -9999 -9999 -9999 -9999 -9999 -9999 -9999 -9999 -9999 -9999 -9999 -0.0537636465664821 -0.0711266461215126 0.0132685665262803 0.0108159906745743 -0.095135896873491 -0.184414300469583 -0.216706432796431 -0.181227041736875 -0.191029068691653 -0.251151873686151 -0.172192886143183 -0.0690896872459508 0.0756511218698507 0.165751757986052 0.237941004523121 0.229852781070173 0.201316622277795 0.185518818385933 0.212103534781163 -0.107951414884596 -0.153398769556117 -0.125227317590191 -0.123292022143591 -0.101728894763268 -0.0341617867725161 0.100220710165308 0.16786864195695 0.106221695776422
-9999 -9999 -9999 -9999 -9999 -9999 -9999 -9999 -9999 -9999 -9999 -9999 -9999 -9999 -9999 -9999 -9999 -9999 -9999 -9999 -0.074769706461632 -0.00775269936502529 -9999 0.136335582359149 -0.0644528820416472 -0.0990888412335604 -0.157784076532821 -0.149135296281579 -0.189648301859193 -0.272146854138977 -0.232611205817251 -0.146378603041797 -0.0664548263071322 -0.00242302101321258 0.0987036589500645 0.179758235395373 0.269631758363853 0.213565942895928 0.148086379416733 -9999 -0.118270931400416 -0.137381624601827 -0.108025023743122 -0.091072938534649 -0.103714159924534 -0.0614774740024803 0.0947567627021237 0.140669460927281 0.100914916008038
-9999 -9999 -9999 -9999 -9999 -9999 -9999 -9999 -9999 -9999 -9999 -9999 -9999 -9999 -9999 -9999 -9999 -9999 -9999 -0.0941085324081755 -0.15072010966545 -0.0671211553275422 -9999 0.0599055727077471 -0.0247172243332002 -0.099088207990925 -0.163104881861995 -0.203633659170536 -0.17348910499249 -0.265738459150559 -0.201152218074835 -0.12633877802678 -0.0789680686870652 -0.0507163150567644 0.0270777563867476 0.128224424894261 -9999 -9999 -9999 -9999 -0.0994761886474853 -0.000435504335351169 -0.0162493871431813 -0.0206802237780996 -0.011873570418123 0.0251076690927877 0.0301686958553102 0.0658371276642973 0.102467266836316
-9999 -9999 -9999 -9999 -9999 -9999 -9999 -9999 -9999 -9999 -9999 -9999 -9999 -9999 -9999 -9999 -9999 -9999 -9999 -0.00529709676290384 0.0521899388351961 0.124931024656848 0.0649581704234709 0.0136245468274876 -0.082383587790451 -0.107719345977597 -0.199355810492927 -0.235512267637293 -0.230694533915771 -0.245668006192262 -0.229746192783157 -0.150956095791972 -0.0909151387798846 -0.0405006263496108 0.0579505223663121 0.256021138084246 0.265942995825223 -9999 0.0982503514454576 0.0661044615988952 0.221170686582621 0.0807924947392411 0.17728529600007 0.0927101476261486 0.0377309386293783 -9999 0.0495699152391745 0.0615975172176258 0.101415829462928
-9999 -9999 -9999 -9999 -9999 -9999 -9999 -9999 -9999 -9999 -9999 -9999 -9999 -9999 -9999 -9999 -9999 -9999 -0.108686072785957 -0.103289433581156 0.0885343254166586 0.134475606905837 0.187144621507876 0.0112998198699316 -0.0402971660328763 -0.0942469685156384 -0.196540703559939 -0.225200703642825 -0.196329808299175 -0.164809345556233 -0.191160626277962 -0.170538167793056 -0.0996541346245761 -0.0633483260074763 0.0675801360640534 0.194699162343145 0.243892056117703 0.259958610784976 0.170633716742675 0.0469961597705186 0.070615420461413 0.141453742935902 0.199386395690553 0.162502808634551 0.0726375732986912 0.0311043237558553 0.103046041756179 0.105964276178994 0.176961345717459
-9999 -9999 -9999 -9999 -9999 -9999 -9999 -9999 -9999 -9999 -9999 -9999 -9999 -9999 -9999 -9999 -9999 -0.164574590880699 -0.0595483210403787 -9999 0.109525822397655 0.00494224034590182 0.110073189130374 0.0881781626500469 0.108481597854324 0.145053799743758 -0.198481308600867 -0.171078183696735 -0.141587552206576 -0.123426644269136 -0.170854669972076 -0.135422735419946 -0.0680951991635422 0.0182038407684014 0.1013993176847 0.209643831087852 0.286748609332086 0.227980808731904 0.108783368640426 0.0664865418847301 0.184012310440235 0.217115424110535 0.216530108468746 0.162183944863071 0.139641655335514 0.18307509613398 0.109313608558987 0.1427249217145 0.186747128214335
-9999 -9999 -9999 -9999 -9999 -9999 -9999 -9999 -9999 -9999 -9999 -9999 -9999 -9999 -9999 -9999 -9999 -0.103769636844369 -0.0452744089267625 -0.0693913026271028 -0.049718197706158 0.0098890708515161 0.0385116237465263 0.0284009268208145 0.0531271495376037 0.0799485496257657 -9999 -0.121712415293242 -0.150511902690275 -0.083762525626504 -0.0731945463469625 -0.0888464602565232 -0.0352983811689624 0.0539170717334828 0.178192476406757 0.248045622034921 0.274393309064317 0.262269104609804 0.0887266154428267 0.208774537469375 0.173053390348757 0.270520911392909 0.189665619033941 0.421687338544669 0.140985652307261 0.108548371994091 0.160285660720934 0.156006794501959 0.218922047836951
-9999 -9999 -9999 -9999 -9999 -9999 -9999 -9999 -9999 -9999 -9999 -9999 -9999 -9999 -9999 -9999 -0.0181847752587943 -0.0394233769106019 -0.0238447358954933 -0.0826375668545552 -0.0562195931196092 0.00540518618159579 0.031512710512103 0.0371980010864214 0.0842831570831485 0.0714850776718825 0.0552038195245171 0.0272006254500918 -0.0636963735279529 0.0716701468253095 0.0339234936654857 0.024202087609424 0.0102094253360281 0.120975910652838 0.266831209600081 0.251459541024289 0.26990327484759 -9999 -9999 -9999 0.359348283348202 0.209360719916986 0.163231804920535 -9999 0.188305888924647 0.128260464446078 0.213435629984338 0.188786640468227 0.198737063292045
-9999 -9999 -9999 -9999 -9999 -9999 -9999 -9999 -9999 -9999 -9999 -9999 -9999 -9999 -9999 -0.343866566565151 -0.177954059451576 0.0169822017735185 0.0120993828320912 -0.0680067436702677 -0.0487430877768024 -0.0138780588856556 0.0037089841714775 0.080009069757269 0.157895814050972 0.138969313563837 0.231742566539786 0.108675612671073 0.154205519902649 0.132653815878322 0.179327817235781 0.085871448553942 0.13665280313234 0.175935301761476 0.180902595160628 0.242439696517207 0.240982189649761 0.356908312370412 -9999 -9999 -9999 0.194241755247622 0.18793365564146 0.141683622375325 0.159683919877774 0.142038592579508 0.199399790176563 0.229148587238053 0.253715925929046
-9999 -9999 -9999 -9999 -9999 -9999 -9999 -9999 -9999 -9999 -9999 -9999 -9999 -9999 -9999 -0.113312433933165 0.0243651644249352 0.0701116906263908 -0.0674275471945851 -0.0210702592725776 -0.0293732075490815 -0.0429462629001711 -0.0125092440030806 0.0909909780134385 0.261024820685269 0.332437410999676 0.347800414129679 0.232459806981068 0.290287102831475 0.534194702966291 0.39957619168302 0.2834093673587 0.224889893604704 0.309663252821706 0.21675117787993 0.193073051186007 0.102681788840107 0.151380495116033 -9999 -9999 -9999 0.1591990553607 0.0976613426780834 0.0968386905755469 0.0872847515173933 0.092027508327755 0.193763182473284 0.211464511024692 0.221628464224976
-9999 -9999 -9999 -9999 -9999 -9999 -9999 -9999 -9999 -9999 -9999 -9999 -9999 -9999 0.197174555252875 0.10697753282671 0.060760462007356 0.0492271061074854 -0.033690560310704 -0.0311071140455112 -0.0232175813810412 -0.0421582214029674 -0.0180193684726718 0.0526552963749895 0.235037245016627 0.361710326303494 0.462172892123402 0.464789966438597 0.473524941586947 0.493041112904592 0.447106121099026 0.411546309194565 0.3376054993461 0.232629382582966 0.22442020734022 0.202500952253274 0.0875814442926529 0.105672778715041 -9999 -9999 -9999 -9999 -0.134063008647941 0.0306646518547959 0.0893061245455876 0.128213374364455 0.154888270769344 0.185621076840658 0.197487801832794
-9999 -9999 -9999 -9999 -9999 -9999 -9999 -9999 -9999 -9999 -9999 -9999 -9999 -9999 0.21590733942849 0.133331254376157 0.150288353371075 0.0614437713263597 0.0147567797011923 0.0344191609556645 0.0295135238909668 0.0200999218425588 0.0168703121076323 0.153603632261597 0.28457403056472 0.449046460025706 0.495375130055463 0.445072454878311 0.415245227930009 0.560584698828265 0.499681431253045 0.498638461473754 0.58019800709231 0.354470360885516 0.244820129338906 0.15569261138702 0.09889653467079 -9999 -9999 -9999 -0.256852588324504 -0.217638381053948 -0.165033337931157 -0.100988570967695 0.106370171248423 0.109591102227292 0.150021613154251 0.193217161888977 0.193312861082303
-9999 -9999 -9999 -9999 -9999 -9999 -9999 -9999 -9999 -9999 -9999 -9999 -9999 -9999 -9999 0.278088000376539 0.0993778743112598 0.0988490242803259 0.0517791244933714 0.0474608113574077 0.052141438457485 0.0241306323508559 0.0564852862274693 0.177620687453702 0.288841780441979 0.312004317091061 0.433366834223519 0.231818642230423 0.601092957377813 0.57975575864221 -9999 0.56253394091277 0.464453623617398 0.322312347899628 0.0697218290893767 0.133348155992178 -0.110373180378726 -0.175644246523041 -0.221234324742833 -0.221654082565531 -0.271932179131426 -0.233365477714906 -0.196772760942423 -0.168471794966684 0.0416073522451955 -0.0238458655242021 0.134193013651185 0.163490509507877 0.152290551402283
-9999 -9999 -9999 -9999 -9999 -9999 -9999 -9999 -9999 -9999 -9999 -9999 -9999 -9999 0.242240025013496 0.233318089695521 0.205772103082989 0.16428840242503 0.197809297924758 0.137918844784742 0.145945783875166 0.0965039664761373 0.146641485243152 0.249409392692769 0.202368659489006 0.221654373691189 0.233742598814171 0.28209834827813 0.549945551972791 0.553851289265031 0.669130391228717 0.512662765618534 0.44026953877524 0.0781506955981755 0.0389458597178629 -0.0470756055750118 0.0262190137913855 -0.236256412995843 -0.232486638452934 -0.311722400211933 -0.332706633010064 -0.289005117411299 -0.298324947893704 -0.193973565936346 -0.159120586469 -0.121933626405004 -0.0759181550847859 0.0216190012051529 0.0616609834024393
-9999 -9999 -9999 -9999 -9999 -9999 -9999 -9999 -9999 -9999 -9999 -9999 -9999 -9999 0.254140464841135 0.186843913312606 0.157535349231163 0.188497271550617 0.194523973336997 0.19898721173122 0.115988206303393 0.187053599487767 0.190383775820368 0.213084533744204 0.105912524352217 0.127928804332155 0.105054810705241 0.268673892106536 0.369363285077535 0.37938207559103 0.656795301530719 0.453760681579411 0.41435691966195 0.170967309607088 0.0470727971858447 -0.0758145630931971 -0.135542124234863 -0.139130058941894 -0.235928912961574 -0.347638514734627 -0.349964941872959 -0.309986690705835 -0.273208338488374 -0.171042649777968 -0.143071571038567 -0.208309075756651 -0.112680269043551 -0.0378569278450356 0.021489764274613
-9999 -9999 -9999 -9999 -9999 -9999 -9999 -9999 -9999 -9999 -9999 -9999 -9999 0.218129887607419 -9999 -9999 0.14364549039371 0.197617871357738 0.15331325108806 0.191530140127947 0.111704042208431 0.0944142265200558 0.04006567164847 0.110442295343269 0.0409642404485006 0.0327613428753635 0.040309356714226 0.186467862238896 0.278249607235932 0.375791486299804 0.33034102213923 0.344843475934414 0.342719513736773 0.14321200955496 0.070448877739364 0.0517570947807152 -0.0985297362526814 -0.139174962791878 -0.100723390313423 -0.262663056689747 -0.309806700771127 -0.268974734735597 -0.11271602641788 -0.101199450846575 -0.0759651587733339 -0.174409856975728 -0.126633360374395 -0.0996688834168042 -9999
-9999 -9999 -9999 -9999 -9999 -9999 -9999 -9999 -9999 -9999 -9999 -9999 -9999 -9999 -9999 -9999 0.073744337737649 0.0923105795664297 0.06442225878721 0.0530359070194316 0.0789440495419781 -0.0108869380921203 -0.0218853504191169 -0.040032775182032 -0.0107979324212933 0.0616621500062105 0.0461298337529597 0.231633616518675 0.244232531330472 0.386451984337802 0.28872459090684 0.283683931168575 0.25234848974354 0.182121521579755 0.0819563684348426 0.0419000051786758 0.00343353214267673 0.00825407112779523 -0.0964882919242939 -0.208681776276979 -0.209099985983911 -0.233837966965804 -0.0965853532384909 -0.0491131755691385 -0.0591975963715743 -0.0565650056601453 -0.129019859514875 -0.123169880379001 -9999
-9999 -9999 -9999 -9999 -9999 -9999 -9999 -9999 -9999 -9999 -9999 -9999 -9999 -9999 -9999 0.017874639829499 0.00714925651329206 0.0400521965775966 0.129474997284522 0.0461946845571886 0.0298799941175693 -0.0421998692931924 -0.0698055414750506 -0.0763734334231543 -0.0178998041395728 0.0413007624897295 0.0373906919881394 0.0723194217086165 0.121351060361635 0.146528615284411 0.185961096078932 0.209686466584927 0.244550706559939 0.0474176294822161 -0.00567078645138589 -0.017690174255857 -0.0282315653754069 -0.0309827194725293 -0.089887414172505 -0.146248617357456 -0.212614247646972 -0.104674806098012 -0.104975968914566 -0.0655222175896775 -9999 -9999 -9999 0.0934067561369471 0.109957536643277
-9999 -9999 -9999 -9999 -9999 -9999 -9999 -9999 -9999 -9999 -9999 -9999 -9999 0.0798511868063417 0.0416796992295423 0.0288553851194842 0.0488071935451537 0.103273202216499 0.0485620580611643 0.0584533717510361 0.104009220335208 0.00767493930827777 -0.0684250828498515 -0.0490167044251197 -0.0028430598078802 0.00551750780933948 -0.0261086924971139 -0.0104190439487966 0.0679700310604765 0.154588876529242 0.116824142518706 0.16776419202304 0.224976265409389 0.214709993032827 0.155303688063828 -0.0285218864939261 -0.0354464650479038 0.0138190759810296 -0.156972226531461 -0.183408912182271 -0.188695031657798 -0.184720456669846 -0.148461678003355 -9999 -9999 -9999 0.243581149648955 0.184141524903806 0.0825502511773947
