data/rasters/s7.17.08.li.4_xyz_08_.asc
NCOLS 100 
NROWS 100 
XLLCORNER -4 
YLLCORNER -4 
CELLSIZE 0.08 
NODATA_value -9999 
[rows 42 to 62 of 100, columns 48 to 95 of 100]
0.178577142087112 0.0618351828010512 0.18161657797046 0.195156716347748 0.144930914479588 0.124769476877959 0.0618612004254756 0.0884944723344304 0.0677496661632423 0.0620489250192696 0.0960893326761908 0.11780161816564 -0.0436444830535777 -0.0930395958576038 -0.206456198041462 -0.211604514975874 -0.293151803267082 -0.245633301151433 -0.252713423400798 -0.250712316096978 -0.288391768753756 -0.334008398764022 -0.316075672363089 -0.342282410011921 -0.243803571751656 -0.223123373619894 -0.322044569439916 -0.269888818261044 -0.380844758691414 -0.20028253435348 -0.173729481218545 -0.197140975910737 -0.259048250752679 -0.13375951582297 -0.0773074599915863 -0.0307025996804975 -0.0289464680305406 -0.164215969131216 -0.23774319568446 -0.18101072631345 -9999 -9999 -9999 -9999 -9999 -9999 -9999 -9999
0.181655083633158 0.156598283834781 0.196910948505975 0.156651686175684 0.151865907388046 0.146062366178388 0.0747309354144576 0.156755528800039 0.189891685909519 0.0670719190404282 0.104834909356764 0.110408438834604 -0.0228060402500314 -0.0786048060734251 -0.115956005679409 -0.178243959453229 -0.208653276836521 -0.203898266388953 -0.144941327327573 -0.124662431968054 -0.219738683322971 -0.186021839329287 -0.20064577081103 -0.302873907666282 -0.188964400413472 -0.0810440394546061 -0.02991512155823 -0.244227357705133 -0.166239466660518 -0.248118844742266 -0.240415342546178 -0.155275920452168 -0.405772683695211 -0.107130969605133 -0.134480222190293 -0.0410316185134002 -0.145449409528335 -0.10839573012434 -0.260342132126072 -0.108199740176512 -0.270645542847397 -9999 -9999 -9999 -9999 -9999 -9999 -9999
0.133416781524032 0.2320570731475 0.201449204290706 0.237384793297725 0.0304414135982901 0.161579330245663 -9999 0.0778067365524376 0.0896133146959329 0.0609622994871024 0.0381357009049877 0.0288804616267295 0.051448428338122 -0.0766423652232135 -0.134458134922719 -0.355079087173463 -0.204836847354371 -0.205880465889146 -0.223717492713666 -0.181046812494775 -0.245815591295762 -0.161200814631775 -0.197031917816729 -0.264177040562441 -0.193261583642459 -0.0850991381583986 -0.048227569049031 -0.0164614129350791 0.0557190184577437 -0.0850481262768703 -0.38098546345608 -0.158713788908122 -0.124845160344059 -0.0345376791408875 -0.0692701916988424 -0.0678371395146344 -0.0534960101124733 -0.0705051230486794 -0.0615648585238562 -0.00346883182131847 -0.104992590355828 -9999 -9999 -9999 -9999 -9999 -9999 -9999
0.149130656988363 0.173562366277994 0.29728395253954 0.106240603202098 0.0771951822391247 0.123243460753578 0.0466620793799461 0.065165810345273 -0.00881603062471377 -0.0178622844395799 -0.0252025801942684 0.0239928005505306 0.0678142161337893 0.0690556055665487 0.0595377113960513 -0.29262198208878 -0.354967322174135 -0.199917279728903 -0.201793335508848 -0.239429075955178 -0.232974465070099 -0.232806847512014 -0.270874675024284 -0.279294193939825 -0.296691782858871 -0.185261652476897 -0.0936816821331315 -0.0650373164292124 0.0293660125827856 0.0030621095741524 -0.115778765410055 -0.0611710626980042 -0.0899200219602323 -0.0888676827025512 -0.0512767852476249 -0.0544550876330135 -0.0268579924452899 -0.10687387174257 -0.04666495821749 -0.121913237308157 -0.118400651985244 -9999 -9999 -9999 -9999 -9999 -9999 -9999
0.0796516412010768 0.185756319671646 0.248684064852642 0.213907770974697 0.0819198462795504 0.0880186020731449 0.0897323758654975 0.137975368902044 0.0851186110657888 -0.0874917454594917 -0.0697062809333873 -0.0761907682120972 -0.0125854161883463 0.0258423226535522 0.0439575948419879 -0.0196150422953009 -0.0756398720079855 -0.19066015369187 -0.224241354646882 -0.225234213688373 -0.209495601223527 -0.258708438976554 -0.047367840739575 -0.0195508334211332 -0.0689104577264721 -0.100693981830212 -0.0501590361413797 -0.0614462965386933 -0.0278627678631163 -0.0900023355474249 -0.0608891093232492 0.000144910379606447 0.0615996356485092 -0.0897038689117665 -0.219920726901242 -0.146879717281656 -0.125667898404498 -0.0335069242475993 -0.0360648141401883 -0.105998671591978 -0.0749443918864147 -9999 -9999 -9999 -9999 -9999 -9999 -9999
0.100102230413883 0.298924849708962 0.212218150023816 0.215646331571825 -9999 -9999 0.104220833124974 0.140673143978362 0.0800279129728306 -0.0682855793885293 -0.087183394309063 -0.0636043093185159 -0.0722701880547997 -0.0631706667125217 -0.0436643599662983 -0.0481446332861274 -0.0190195423742682 -0.0509459899378281 -0.15184656178133 -0.258054050240437 -0.197111332710821 -0.268256607666847 -0.0448819030793622 -0.110057393602557 0.000107107583542973 -0.056752970922883 -0.107501723045226 0.00289216281391497 0.12514470722976 -0.0535811905546267 -0.141025047984644 -0.0412066993194998 -0.0204576942026288 -0.0450261304776205 -0.165565113227314 -0.245193126973005 -0.194778264893968 -0.0223371697911534 -0.140756205588094 -0.142236942457939 -0.0841431012136317 -9999 -9999 -9999 -9999 -9999 -9999 -9999
0.0651125249536862 0.140644245721238 0.167891525090348 0.205962052562569 0.160950425779808 0.208867504236752 0.0239290405646032 -0.00489804320555715 -0.0156275469815997 -0.0339306051423394 -0.0190713965127134 -0.0799595528628508 -0.0642359251371412 -0.110897639232978 -0.0257101273533622 -0.0170106702817659 -0.103733944455777 -0.0969411747416023 -0.0734988088389775 -0.0833709362285943 -0.0745414330619758 -0.195120334661356 -0.000637896320211266 -0.0261575276619698 -0.00982563789964313 -0.0659597361352799 -0.112943914563395 -0.0472707868464391 0.0237014005791722 0.00173274019163707 -0.110702491687601 -0.108030775402155 -0.0480728466986086 -0.0694799496536748 -0.137662795324635 -0.178521891189216 -0.0720765160998411 -0.0650583694494303 -0.0802407638795249 -0.0691897711413783 -0.188878858371622 -9999 -9999 -9999 -9999 -9999 -9999 -9999
0.186055602796535 0.146392631884694 0.162672215905817 0.241045580314579 0.232843846450369 0.199346571017846 0.0104709875969496 -0.0065932773295929 0.0419781016965232 0.0250527408258998 -0.00538257197900192 -0.0522238261186699 -9999 -0.0265997426676828 0.0353393987727798 -0.00380021385752466 -0.0215151791970336 0.0562159264915202 0.0030006264380671 -0.0493019967531782 -0.106369667654531 -0.214205075440369 -0.236766152067816 -0.128636117578443 -0.0678643614568358 -0.155448911820482 -0.12574298533086 -0.172939003673913 -0.116016346437665 -0.0675780790172433 -0.0694861659460977 -0.101628506345611 -0.194785568638497 -0.0793215216745671 -0.038574448503594 -0.0375338254311581 -0.0612323249506849 -0.0735799731908413 -0.179719448651087 -0.284298097931894 -0.0412609312206113 -9999 -9999 -9999 -9999 -9999 -9999 -9999
0.147305372554945 0.138703089593411 0.149070968152583 0.197317521411865 0.190025737635225 0.125993317295006 0.121445058623919 0.0338159592445701 0.100138857787971 0.0954103121590987 0.0467699524101096 -0.0564547452277636 -0.175315559481967 -0.0223284593785196 -0.00400229283315538 0.0406710639161908 -0.00391914344326474 -0.0480990162262641 -0.0350144363916225 -0.0981026704096698 -0.271642509903916 -0.191681141434543 -0.260842585568154 -0.168327271723394 -0.132599600597573 -0.152121875179945 -0.141966186384932 -0.155920130289811 -0.169642327266668 -0.24557764965407 -0.148996844978034 -0.10582640152822 -0.0376943183989435 -0.0402622111632642 -0.0134423148836404 -0.169086789618734 -9999 -0.143990806687274 -0.27140281436648 -0.0451869720533212 -0.0564736168952151 -9999 -9999 -9999 -9999 -9999 -9999 -9999
0.134911900974986 0.136913229212189 0.110333919986064 0.147254340394394 0.168833879777899 0.110195502952572 0.0778735942864339 0.0445062746655988 0.0895032184164744 0.0721308937173679 0.0309190649546477 0.00788372725230171 -0.0971806346093247 -0.0378491706285908 0.0701289605035792 -0.171530711856599 -0.0818107678431966 0.0512470288026345 0.00361356868054891 -0.0884049347490521 -0.121679419757075 -0.160900925680599 -0.274723410504693 -0.230264619106859 -0.230518122135571 -0.257907146193947 -0.148742507525409 -0.124297652870023 -0.173191505956355 -0.171392344744045 -0.135120557426851 -0.0829548301727658 0.00503242206793623 -0.0957627920616022 -0.0622355777495258 -0.19297204004043 0.0377014703176949 0.0311572362934812 -0.109357976059618 -0.0171731191397708 -0.0394049054062328 -9999 -9999 -9999 -9999 -9999 -9999 -9999
0.0811888605981748 0.167223536093277 0.183679815357108 0.158730953445574 0.114350792586993 0.0974124806126752 0.0760962034875181 0.0686564433182176 0.0990984829501226 0.0441530543118298 0.0473337253289971 -0.0673759670217175 3.43019865953281e-05 0.0194603801505129 0.0489936772476868 0.0634427994191369 -0.0124743088471357 -0.095572186361132 -0.0533024454612979 -0.129730355114339 -0.179089145309588 -0.135759925647534 -0.220505312141963 -0.316064259320311 -0.265077506276627 -0.180545766778958 -0.142139057869078 -0.153529622423167 -0.183719609601021 -0.163484828550192 -0.133254856957602 -0.169997254194253 -0.0751869303990507 -0.0967741290351832 -0.197720751208356 -0.0511506232719958 0.0580526700096477 0.0125075708687364 -0.0699878023069609 0.0068765313593614 0.0148893710840195 -9999 -9999 -9999 -9999 -9999 -9999 -9999
0.06386910781863 0.0691297358831616 0.104039011404257 0.14895754037414 0.181395727307126 0.184938826880621 0.201140777658148 0.248136373372163 -9999 0.0992901364793476 0.0553820390253785 0.00621891710467856 0.126695623524504 0.157778623628752 0.141924784046598 0.0473984882513608 -0.1358461106096 -0.0781908836263772 -0.175181550942957 -0.157592629525172 -0.147140709974428 -0.193005696543287 -0.195936530255523 -0.0697967378586264 -0.105209425102591 -0.203481520242153 -0.141515339954378 -0.174387124124924 -0.16199861710397 -0.127901329806659 -0.195256811975483 -0.0751972671784004 0.0535854229631353 0.0136175869562083 -0.0442799343909359 0.0581701696816305 0.075979406648489 0.0867614958606268 -0.00163941907961802 0.00172663211491983 0.0792910721940772 -9999 -9999 -9999 -9999 -9999 -9999 -9999
0.0793003256698846 0.0582309616528901 0.106041744826544 0.106397611153017 0.0990650012923196 0.203216837290649 0.21128812289761 0.12304096377745 0.200059140321665 0.219617243946763 0.0620998873306273 0.0311115667482703 0.108648571970346 0.190334834589376 0.271172480191686 0.159161739012126 -9999 -9999 -9999 -0.0920365955977298 -0.198535630296588 -0.115916878083695 -0.142779031225725 -0.073328988728788 -0.20852701562016 -9999 -0.128628149973101 -0.0881553987270618 -0.097616249204281 -0.0135629747091875 0.0408432054190407 0.0976978772974728 0.0283277327892823 0.0835421377087273 0.0716001398045731 0.0872012620632013 0.144915458230489 0.151940818713455 0.094428620396621 -0.0454879281481219 -0.0673949536999405 -9999 -9999 -9999 -9999 -9999 -9999 -9999
0.121596098310338 0.0993171915235977 0.140597505545318 0.14913043515067 0.14939342563321 0.080682940957839 0.180278952243161 0.126395568670457 0.178489179818219 0.173600340418043 0.132308763632884 0.0197602506388384 0.0419912081350542 0.218260513313244 0.286965315594587 0.140307511779806 -9999 -9999 -0.0590958670864091 -0.119172192499864 -0.0397674287670591 -0.0689602292662624 -0.0111194943481038 -0.277211519719964 -9999 -0.16914109106353 -0.0751097771028096 -0.176214492654116 -0.0786676345617126 0.01531689603448 0.0295602641814237 -0.119092767470764 0.105758295627699 0.125844473744573 0.102061958739758 0.0277481027872027 -0.00770475558826512 0.130124834589819 0.119245448096997 0.052775892027207 0.124536122065071 -9999 -9999 -9999 -9999 -9999 -9999 -9999
0.1613733422845 0.0643528637391451 0.0861604346283641 0.134900918773072 0.12801907810332 0.0297752807182418 0.189613952462482 0.163874944065611 0.117402388398777 0.177822853541544 0.248861665565884 0.223250270821151 0.176883510471806 0.308591637897804 0.279358149230781 0.250569566885933 0.265478089271932 0.0538038969814415 0.0937890998919629 -9999 -9999 -0.0284063203440283 -0.0948750403974277 -0.152955998317134 -0.117013798909257 -0.0978598658410722 -0.0755338809210173 -0.0792072570940028 0.115765965999636 0.00362010538327626 0.0447605100067592 0.0368686220562428 -0.0169623339671138 0.0891667022847014 0.0382642859320764 0.310453828246028 0.192890584487504 0.304846612696336 0.164492865108967 0.153253365449692 0.183685088407876 -9999 -9999 -9999 -9999 -9999 -9999 -9999
0.119696743111592 0.0946488933177385 0.0329011049141437 0.1149480029439 0.155876603872981 0.087017193507481 0.148740644152173 0.159945862919485 0.185971342835116 0.166783564720288 0.230910936154674 0.251346254818782 0.200208609952777 0.229294996076296 0.296357266523507 0.326572824776136 0.113267650272132 0.104439930575897 0.0570398188244119 -9999 -9999 0.130849207425711 0.0251735786770557 0.0378933583287305 -0.0739138907519921 -0.0933810614253456 -0.0589659937641592 -0.0355386634511955 0.0350617850996534 0.126694062209759 0.0750364516105515 0.156825432164245 0.11460633562033 0.13082356765775 0.119381584563651 0.26656931537176 0.226177807144322 0.21256929740191 0.247919847052877 0.119612709428656 -9999 -9999 -9999 -9999 -9999 -9999 -9999 -9999
0.126673344559252 0.0756946427273653 0.0787397209702666 0.10272103945409 0.14852843069971 0.14254006080056 0.112317694363944 0.0749252505862984 0.151138669631858 0.243698091086991 0.270346711537894 0.174955432482382 0.205992493156539 0.221223725241093 0.25235995648935 0.296452495925199 0.255926733506643 0.262557435425653 0.246561618397675 0.27173776063126 -9999 0.306276000678758 0.163632784890991 0.27286329588746 0.0161896506210772 0.00683830633768454 -9999 -9999 0.263267093336456 0.157507287380663 0.101433963060724 0.145351593510464 0.0890203834766368 0.0702394599439042 0.12848482073128 0.152075813196508 0.160896575901571 0.134610560967049 0.227488641460403 0.133344276433846 -9999 -9999 -9999 -9999 -9999 -9999 -9999 -9999
0.000793000380030099 0.0578986568147124 0.149033155955692 0.103126956275807 -0.0124098582378518 0.035003233797562 0.107108506915568 0.16065613359884 0.141369642152967 0.112515737759897 0.22364801430706 0.0887913243274741 0.144211763496275 0.242066593328416 0.330856011596951 0.372176765668994 0.333798104654981 0.360432476569995 0.290357488091805 0.391707065051638 0.342142872739024 0.226654890546402 0.0389227473955628 0.137484083028142 0.0961794029201567 0.0381232596073056 0.0267958486444549 -9999 -0.0853977705844974 -0.088754518030678 0.132566118947669 0.229129036134782 0.144546279582433 0.119256887912547 0.221955828854011 0.205301703460522 0.200531841731484 0.214070081951571 0.0038565814921979 0.291335929616172 -9999 -9999 -9999 -9999 -9999 -9999 -9999 -9999
0.0786592569302783 0.221277031917901 0.0575942426151918 0.0743946440630684 -0.0467103298306732 -0.051573244243369 -0.000875596790597185 0.0129162327731996 0.101235636104527 0.0693936816535299 0.0461310119428283 0.108046752521883 0.244980911029598 0.271027785360262 0.342141269970509 0.348524328883315 0.333035361411857 0.285129860072008 0.288516175849737 0.378053644852601 0.298994547250394 0.117675193476873 0.0922552806526834 0.069018265229841 0.0673325107933641 0.0253283592155855 -0.000617733584968695 0.125599630970907 0.0980546036557194 -9999 0.184962650250921 0.240007630468208 0.238515917086616 0.186263152084896 0.253075507565441 0.213924065602761 0.27721965268245 0.230904975029665 0.169171740459999 0.195909916065027 -9999 -9999 -9999 -9999 -9999 -9999 -9999 -9999
-0.0666250310245919 -0.0568999579953307 -0.12177520889045 -0.144717411879966 -0.111935384189873 -0.126813578143707 -0.0836922875820931 -0.0882336219962914 -0.0702023781152074 -0.0390673534000882 0.0228204639527202 0.101942515983147 0.225220744313257 0.315111156712566 0.283495107090595 0.276697471725827 0.215634169329289 -9999 0.286011265772432 0.341999847705825 0.384914111968873 0.341972097678583 0.259998291811917 0.107257057722327 0.100049924905331 0.165821990080027 0.192770883136813 0.293278912905085 0.228051085927136 0.299948391274731 0.204541438632771 0.202070911985851 0.22966080995041 0.226530847348634 0.351075092588956 0.394931797983035 0.220517921396355 0.198169868606336 0.148909994005644 -9999 -9999 -9999 -9999 -9999 -9999 -9999 -9999 -9999
-0.0316646679973484 -0.0516247344939185 -0.149066088962781 -0.171028624256529 -0.136286823948392 -0.140038890661893 -0.173068800804164 -0.13675919726709 -9999 -0.030048703064248 0.0550909526483704 0.124432127379202 0.198230338715778 0.315230501516099 0.305178656338937 0.217675527359634 0.220279015776686 0.216959546130756 0.359411384973159 0.391132576288871 0.374853319561921 0.422758911825055 -9999 -0.00958950545394771 0.0266560837779048 0.1263664253029 -9999 0.300737217807692 0.231729572000139 0.245391536229369 0.245052796530171 0.226306016170202 0.295536199765094 0.288380724079399 0.280653943120679 0.295768260782817 0.303133708241505 0.197219797650994 0.169771224589327 -9999 -9999 -9999 -9999 -9999 -9999 -9999 -9999 -9999
