data/rasters/s7.17.08.li.4_xyz_08_.asc
NCOLS 100 
NROWS 100 
XLLCORNER -4 
YLLCORNER -4 
CELLSIZE 0.08 
NODATA_value -9999 
[rows 21 to 41 of 100, columns 48 to 95 of 100]
-0.0176667290732256 0.00147735447257018 0.102544703025572 0.172389334989625 0.289503616752316 0.246718781423035 0.264691681439133 0.355647434313403 0.377259941891387 0.172973685805431 0.289097033202422 0.173938973849156 0.184388380048128 0.227204741243038 0.205323005519529 0.232822372864813 0.190151971936947 0.202802942510458 0.184076065773309 -9999 -9999 0.0477439656946133 0.062031447160757 0.106839574152874 -9999 -0.020215773156595 -0.0562791385577025 -0.0160878011281442 -9999 -9999 -9999 -9999 -9999 -9999 -9999 -9999 -9999 -9999 -9999 -9999 -9999 -9999 -9999 -9999 -9999 -9999 -9999 -9999
-0.00791194964057805 0.0650794797701023 0.07982940417396 0.184209356763738 0.279407246025503 0.216400322837837 0.311953751325156 0.38584140138538 0.396289697578568 0.27295027125122 0.246162083399449 0.244783046409225 0.244860603153728 0.273603293528248 0.343695396287802 0.345726949612706 -0.00831259055569255 0.0644536005622041 -9999 0.00403039571122488 0.0906595906207332 0.029468321578137 0.0155250867931767 0.0299144257389651 -0.0746226306492987 -0.0579127259007463 -0.113285259280632 -0.0672662905724752 -0.0582799039361763 -0.0609559914431257 -9999 -9999 -9999 -9999 -9999 -9999 -9999 -9999 -9999 -9999 -9999 -9999 -9999 -9999 -9999 -9999 -9999 -9999
0.0377006038079558 -0.00375989440746496 0.0484656389694871 0.204310937780001 0.250930952334899 0.303665904691889 0.355808810952402 0.355787039604591 0.37535593127608 0.234686167943638 0.240620849647631 0.292283390959325 -9999 -9999 0.378219918340737 0.295488995763104 0.190143819166636 0.136023975272023 0.0886714749700012 0.0201366320089116 0.063558134193688 -0.00564281262944618 0.0173445924093238 0.0470727886779133 -0.0225225787734265 -0.039164319338697 -0.0305556989256814 -0.111685480230511 -0.103153964198381 -0.102591860813337 -9999 -9999 -9999 -9999 -9999 -9999 -9999 -9999 -9999 -9999 -9999 -9999 -9999 -9999 -9999 -9999 -9999 -9999
0.0650771727297078 -0.0115908419517003 0.0383298448370957 0.181270514005997 0.176661870957792 0.268869467685178 0.31021335235192 0.271009408778289 0.301183402047788 0.330154544289457 0.255217644445142 0.239780335813322 0.174306931522761 0.121866184286976 0.235080240201845 0.099893458717618 0.04244581113071 0.171355483119491 0.102998198881237 0.207226438111872 0.195889570614275 0.104602086982397 -0.0220130867671958 -0.08880371007822 -0.0352380770128294 0.00281415238876194 -0.0789229208714477 -0.18361094560184 -0.2014627459564 -0.219717408919306 -0.280259471619792 -0.172698190863387 -9999 -9999 -9999 -9999 -9999 -9999 -9999 -9999 -9999 -9999 -9999 -9999 -9999 -9999 -9999 -9999
0.0626338624503551 0.172994286939068 0.22114419925671 0.257557761257941 0.129521137893551 0.254498665896425 0.27385826772091 0.223239394004638 0.256636473670529 0.322196014909682 0.24534754084745 0.200443190349174 0.304710922562449 0.17161943092153 -0.0810794320824715 0.0260823574736558 0.0204379038482872 0.195559408923135 0.259769232745919 0.239057419346302 0.273857885146316 0.0404714122976958 -0.0618569739042938 -0.0869060211995098 -0.0499602250710044 -0.0290264989581777 -0.127391865519427 -0.179241483266005 -0.203793357835215 -0.207401780091326 -0.242487363544308 -0.264433056183484 -0.31208504442574 -9999 -9999 -9999 -9999 -9999 -9999 -9999 -9999 -9999 -9999 -9999 -9999 -9999 -9999 -9999
0.170339744949177 0.0963732090359847 0.235121535226444 0.220255471754255 0.228244610146447 0.212109544843816 0.24387160642765 0.261396682096168 0.263381803902682 0.246889768765314 0.21807464361579 0.212905111802242 0.230280655379859 0.279364028127725 0.0592181169258876 -0.00526673991628877 0.0168229035657697 -0.00309039251576461 0.205583518116575 0.131933212298291 0.129443005898064 -0.0330185188716612 -0.084854728509957 -0.0989175696412569 -0.0893492097032768 0.0851269828008153 0.0374615904618711 -0.136069667573435 -0.266829602810138 -0.29377255923931 -0.181083715295652 -0.0897816576798043 -0.152506916109677 -9999 -9999 -9999 -9999 -9999 -9999 -9999 -9999 -9999 -9999 -9999 -9999 -9999 -9999 -9999
-0.104039406564634 0.0883708257045767 0.158433800366103 0.120068020610543 0.199122980148759 0.230682762300313 0.240138563760366 0.218604192702884 0.222834761073367 0.157485461186792 0.0971459748051717 0.136276154553274 0.147837174998482 0.160855366658583 0.13590455183229 0.0170659207282023 0.0429662920662363 -0.0314251675256988 -0.02016831040456 0.0255032165469524 0.0320917197741311 0.08965349846496 -9999 -0.150754324808057 -0.132446028919057 0.0237774545265143 0.0568815915836446 -0.00699580365087187 -0.263282920117709 -0.184586281321685 -0.292441235814023 -0.109172061300299 -0.161049173782019 -0.174729870685943 -9999 -9999 -9999 -9999 -9999 -9999 -9999 -9999 -9999 -9999 -9999 -9999 -9999 -9999
-0.0659250026648805 0.244093387253688 0.311385867961258 0.241952789377388 0.295035761047164 0.302622836594433 0.23503017473389 0.234818121348262 0.214279771635892 0.167772830135906 0.168454790017056 0.0660856001737352 0.0965289062934472 -0.0189021626318206 -0.1137948079491 -0.0654665497356236 -0.0631320542798624 -0.0571092006663489 -0.0452304553109044 -0.038668314129752 -0.0368630058451277 -0.00978084932314277 -0.144615369532025 -0.162812386986225 -0.200403319666589 -0.0828067641035219 -0.0147665835299553 0.0825638768618577 -0.266999839090804 -0.265160658585507 -0.211892207744791 -0.245038043408114 -0.306857021281791 -0.391200409325298 -9999 -9999 -9999 -9999 -9999 -9999 -9999 -9999 -9999 -9999 -9999 -9999 -9999 -9999
0.0866641628735308 0.138683228717685 0.219456572685795 0.144117553956482 0.262167839438588 0.24047406186997 0.283912648261553 0.219734378327502 0.251895072632982 0.341751336399541 0.250557036255831 0.00926766603283534 0.0119168307970864 0.0161266014864852 -0.0343215125856401 0.0131874069022319 -0.00992534413933766 -0.0659363652255541 -0.0654735712370046 -0.0963916501483168 -0.0900002263094953 -0.144102922364425 -0.189028773123351 -0.133051865234541 -0.225966155424967 -0.311391778779238 -0.310636874406132 -0.30304133799841 -0.243882903371324 -0.433608262399858 -0.376853551679459 -0.401796560781888 -0.442691392779486 -0.318648624770832 -0.343659842210787 -9999 -9999 -9999 -9999 -9999 -9999 -9999 -9999 -9999 -9999 -9999 -9999 -9999
0.0615307439702476 0.0869522868403018 0.148687866288217 0.130024099047947 0.213630164580389 0.194823208567031 0.239338583169191 0.238634096938422 0.215339920389088 0.304960699454297 0.317750059245204 0.348765819012091 0.160172307856179 0.10919788326654 0.108230548521734 0.0389430498810489 0.000282585444558584 -0.0269031284626022 -0.0238255477709943 -0.0751831687667422 -0.0433882283619475 -0.138244523078004 -0.109185572832069 -0.15298638080207 -0.121284261337225 -0.380001013945327 -0.274460416052269 -0.252483544543921 -0.294893533258085 -0.356716399735949 -0.311885965617953 -0.318054352957084 -0.57802146086003 -9999 -0.368221096148262 -0.454887096089468 -9999 -9999 -9999 -9999 -9999 -9999 -9999 -9999 -9999 -9999 -9999 -9999
0.0164715465305992 0.153632408758515 0.143192799578984 0.237310197487938 0.130827686141169 0.220986568570605 0.203857736391161 0.153272576203963 0.17408522976385 0.217816642651093 0.262436236560356 0.283170420448502 0.0985731819070119 -9999 0.0962492962846667 -9999 0.0663858675632553 -0.0711476353990685 -9999 -0.0971816716573429 -0.139417381144053 -0.185412597593595 -0.182377882407532 -0.159251521167568 -0.345383396817573 -0.297563907277954 -0.297749749371592 -9999 -0.311077841199395 -0.354407012365168 -0.213023691756411 -0.219210880595701 -9999 -9999 -0.25646609498339 -0.353078681178953 -9999 -9999 -9999 -9999 -9999 -9999 -9999 -9999 -9999 -9999 -9999 -9999
0.0255459053836274 -0.0144634430011289 0.0986684733094434 0.131015043901366 0.10168665972993 0.241487943540709 0.295218002710315 0.155023886708695 0.193998474507711 0.213904862639675 0.23004387469593 0.214929792182224 0.173987366955035 0.146338112549646 0.0289028072325378 0.0107609396949373 0.0143252791826762 -0.0325205840007811 -0.196707216996816 -0.0744108046608504 -0.12226199448853 -0.103907313831707 -0.134901579879719 -0.176599991396981 -0.216764682946773 -0.255505813518503 -0.30680117511223 -0.300445049737345 -0.294594233633889 -0.336956120230526 -0.315233887638821 -0.271702786778903 -0.366936745550218 -0.380134568027215 -0.204785512528479 -0.284588777558139 -0.320618227886592 -9999 -9999 -9999 -9999 -9999 -9999 -9999 -9999 -9999 -9999 -9999
-0.0747925089675511 -0.0440388392679058 -0.0169185791297204 0.0600926564057252 0.0745683970811051 0.0958550270503176 0.0771790044426681 0.0927951064529865 0.0772588950404603 0.108385936639716 0.124399795521357 0.254005185988656 0.207987808951492 0.143454155433963 0.00294888440849817 0.012750648291029 -0.0403881403838581 -0.0995707629199374 -0.0415914210616886 0.00962977235122037 -0.113856202633378 -0.128590719975758 -0.144453415385437 -0.1874509379145 -0.266493364583919 -0.317624650217782 -0.288367929776028 -0.302994870351868 -0.289810213601145 -0.35554485760006 -0.271916505263206 -0.230876353632825 -0.092112759445701 -0.158865451038603 -0.221226070303137 -0.353987238570622 -0.332869122373549 -9999 -9999 -9999 -9999 -9999 -9999 -9999 -9999 -9999 -9999 -9999
0.0494181612937865 0.048383092681443 0.127011082772925 0.117038064143177 0.0905181197603888 0.0593602300725976 0.00867962856502286 0.0293555508530355 0.0972788351527451 0.147990718347649 0.198083536886127 0.238067112759078 0.254982410195907 0.158180002609276 0.0415259815205915 -0.0496429607720862 -0.0861992066897604 -0.138759991497572 -0.0694314884637838 -0.120900297708483 -0.174891507706349 -0.183487434396288 -0.107410120266452 -0.24407904463375 -0.329616203878347 -0.351713869218011 -0.247599342559663 -0.364764283318128 -0.277002729427448 -0.30232263479036 -0.193029802685367 -0.185477606211051 -0.186470870742392 -0.245969476071036 -0.224354772757851 -0.275544712004068 -0.185993129693247 -0.199371072942804 -9999 -9999 -9999 -9999 -9999 -9999 -9999 -9999 -9999 -9999
0.143830609910998 0.0253578340800235 0.135764117810992 0.163713400339346 0.124736561008379 0.0205887079107125 0.00140653946200461 0.0355865533454084 0.104407021214682 0.258971700233468 0.226986246156397 0.157517261689346 0.112369291758063 0.0963986751053966 -0.0287671814322078 -0.102793037330837 -0.156937319013682 -0.183489410018779 -0.144118813148801 -0.181594095693233 -0.292102165235966 -0.219477523841098 -0.151019747537902 -0.22375232268514 -0.285155758527121 -0.234647216460402 -0.258102867097083 -9999 -9999 -0.226292548702768 -0.246830496432415 -0.267484521995255 -0.295282103687093 -0.252796111611023 -0.183513700913446 -9999 -0.296235095611515 -0.362630891910502 -9999 -9999 -9999 -9999 -9999 -9999 -9999 -9999 -9999 -9999
0.15025423542462 0.205778511737891 0.101923707962702 0.119607750423898 0.208667436353901 0.232195327506668 0.080645251418164 0.0611049899441061 0.137675225294833 0.0959016899539439 0.145829609832765 0.086544251096774 0.085419478576265 0.014253302468581 -0.0451012724614215 -0.0663231110913279 -0.197381796674789 -0.235912623788267 -0.292582107409283 -0.205666612633106 -0.293215407773735 -0.250630718997896 -0.186804040491274 -0.220167826249755 -0.213271981886487 -0.244763384712312 -0.260804730518716 -0.258215652556116 -0.241691356856652 -0.235687224299114 -0.191823828429929 -0.250385637772152 -0.23743473409153 -0.261799237283077 -0.12826408859344 -0.172999590848445 -0.306409174430358 -0.336580221521942 -0.349981582085821 -9999 -9999 -9999 -9999 -9999 -9999 -9999 -9999 -9999
0.106602347975952 0.14733176520081 0.0893768574433335 0.109192777512507 0.183372727465988 0.162410119714639 0.0568554790380215 0.055264932162515 0.0421413567214761 -0.058328696352301 0.0887978175984631 0.160283835242446 0.112409507279158 0.128580147906873 0.0311561768704666 -0.175733396558111 -0.290701737867951 -0.332226307858025 -0.194654602344844 -0.217088086328119 -0.296130193458661 -0.320287048716357 -0.323613369911996 -0.293360048384244 -0.260404363850217 -0.174960564040341 -0.223179523816021 -0.172058910313197 -0.266471568177691 -0.201457285107075 -0.18822713066769 -0.193841910765615 -0.178295314400567 -0.22911776005994 -0.18754222759212 -0.141262898105942 -0.225620735153843 -0.303226866229275 -0.356607378163635 -9999 -9999 -9999 -9999 -9999 -9999 -9999 -9999 -9999
0.148926670784839 0.102844335713233 0.111772314098025 0.0725934196662555 0.124576817375299 0.165572245433784 0.110852367528998 0.0851913541426873 0.0216899691404956 -0.0887436863352148 0.00954363865574788 0.0414779810197127 0.018329175976979 0.0685798319501461 0.0812013686694375 -0.252244454617161 -0.294311270132434 -0.311649255814038 -0.17675216639981 -0.257223378246998 -0.293444555059911 -0.317206005456838 -0.368322123282262 -0.352185257101589 -0.211750051129578 -0.23594840738093 -0.286952054080157 -0.227562296275852 -0.278505921497147 -0.273494899229296 -0.247695816665168 -0.261984802174448 -0.155313039795717 -0.251092920036136 -0.228760041939461 -0.213373633637271 -0.185852946057177 -0.2794974094487 -0.370485125311735 -9999 -9999 -9999 -9999 -9999 -9999 -9999 -9999 -9999
0.142110713825696 0.252473496253628 0.246017426798425 0.115649368117077 0.0984146274497329 0.137721624139977 0.147484555315615 0.155369304750228 0.141277833041291 0.0661750713310687 -0.00877698814233893 0.03567442708896 -0.0296754105178623 -0.150516234887938 -0.0993959663813383 -0.316387743792764 -0.330704538491979 -0.332783262244052 -0.291113061663242 -0.382552448618246 -0.299096092730045 -0.408565393602619 -0.423218433096917 -0.304264496983382 -0.169300079817725 -0.223053251467643 -0.11989383621017 -0.324877465729264 -0.241590017741764 -0.225628936494157 -0.286350631230684 -0.227876991477463 -0.178517141223377 -0.272625062365129 -0.25278479926783 -0.234599479109897 -0.250542925363659 -0.226861165607567 -0.198064166937498 -0.256089265764928 -9999 -9999 -9999 -9999 -9999 -9999 -9999 -9999
0.104177735054317 0.126197799791253 0.226162136292523 0.158458302283747 0.163635378971978 0.183836509345659 0.182804981305976 0.169554350106603 0.0999355843444462 0.0739507889814377 0.0925533801722245 0.0266953948438078 -0.0085540674593547 -0.0360880883439063 -0.0771971626622309 -9999 -0.348279004500744 -0.306240028302279 -0.312719396051358 -0.359492817774797 -0.465817708971486 -0.364126635097603 -0.334726023789853 -0.398308593887458 -0.202961707648208 -0.115359794581934 -0.144165355898964 -0.114922195247393 -0.182150939989314 -0.22419170637821 -0.194803126201015 -0.270263994954119 -0.319613167495897 -0.302287725562054 -0.483306520062751 0.00732810791922567 -0.281201438544846 -0.238030943046002 -0.20502514730012 -9999 -9999 -9999 -9999 -9999 -9999 -9999 -9999 -9999
0.117359599186898 0.0702528230610949 0.0695567805843916 0.137280074043659 0.187615112669465 0.187228086597464 0.153956365510294 0.136989520873626 0.150571758089896 0.0744135934020121 0.0880953925471428 -0.0327880166130426 -0.0211280528201989 -0.063030885594011 -0.133972114301923 -0.252312820439324 -0.35314566295001 -0.340051824587371 -0.366661945280318 -0.367497698515399 -0.395808080263746 -0.408176774244399 -0.389639664618081 -0.439302131536184 -0.255998567037296 -0.136187743958238 -0.238650412472778 -0.294539152124719 -9999 -9999 -0.154879150682522 -0.231033772804477 -0.279318988745878 -0.0666085491734041 -0.0348028705729386 -0.135330306152514 -0.105862437690428 -0.232020252738066 -0.282261644600508 -9999 -9999 -9999 -9999 -9999 -9999 -9999 -9999 -9999
