data/rasters/s7.17.08.li.5_xyz_08_.asc
NCOLS 100 
NROWS 100 
XLLCORNER -4 
YLLCORNER -4 
CELLSIZE 0.08 
NODATA_value -9999 
[rows 44 to 65 of 100, columns 0 to 49 of 100]
-9999 -9999 -9999 -9999 -9999 -9999 -9999 -9999 -9999 -9999 -9999 0.0932731145559412 0.155166115213264 0.128065807070921 0.0418421651623259 0.219071652515804 0.295642099374255 0.236412079911664 0.229016715946589 0.0672671303285337 0.094461764429824 -9999 -0.0610615673111323 -0.0772874306031105 -0.0585463685478028 0.116700088767652 0.177217569266405 0.288455501403029 0.259230327871483 0.285815808617532 -9999 0.0778318514899412 0.0975346684813826 0.138254031890289 0.202674618230632 0.23226055738171 0.205884843003243 -9999 -9999 0.0863095747307836 0.113738367232862 0.0360773437721927 0.088766288568311 0.0769550435527451 0.145305178661105 0.0965063338301763 0.061586518703013 0.255882520699119 0.198760948766138 0.235530090562342
-9999 -9999 -9999 -9999 -9999 -9999 -9999 -9999 -9999 -9999 -9999 0.0714006138519044 0.111542766922315 0.0732337549293066 0.0226606379582276 0.145281891351044 0.10757702698407 0.108973584829424 0.107696640461097 -0.0115715147839975 -0.110921397715697 -9999 -9999 -0.061677300355296 -0.0509181459558226 0.0987647450052113 0.134735724794287 0.215908614385116 0.254909361869678 0.233437368358013 0.114041731549845 0.104824337043825 0.120332222391534 0.174042019824738 0.125184967936529 0.0977579633022316 0.126794866866699 0.116232489749151 0.0843256527962114 0.073652833969914 0.106555241180785 0.061656378841555 0.12178251151427 0.0612328439118393 0.215041547643807 0.158030402627151 0.12486039463457 0.100569585911577 0.0586996830714135 0.116738194057286
-9999 -9999 -9999 -9999 -9999 -9999 -9999 -9999 -9999 -9999 -9999 0.0568330820815808 0.0988978118133887 0.0465963385788869 0.0839503702547059 0.0255834203412715 -0.0298277655318496 -0.0925167532340052 -0.0517333086937917 -0.0277987427783263 -0.0828186387761253 -0.141448278376667 -0.103184621395515 -0.102320219171602 -0.0628322461768084 -0.0214860127021911 0.0639504396257166 0.158411090342321 0.181600048059409 0.179901402232684 0.0481050477470234 0.0475321211072982 0.174418954766809 0.123803175126197 0.101393703081243 0.0451741528341543 0.0318322896801442 0.125128006730388 0.137438105312638 0.037145504124393 0.0884761293913437 0.0206332566352796 0.0331214498518185 0.0129296087182435 -0.000149682648256528 0.28642208408354 0.163442474981143 0.0828399658181179 0.0793836163798464 0.172921374961806
-9999 -9999 -9999 -9999 -9999 -9999 -9999 -9999 -9999 -9999 -9999 0.0781584356785437 0.125750370604261 0.221087280796517 0.119722415943752 0.0785817976568775 -0.0350107078814362 -0.0680029345145579 -0.0694091032320003 -0.113017573652051 -0.10073668568556 -0.11178882546647 -0.1395769598136 -0.114780770031385 -0.180480790717873 -0.115442439363419 -0.126027063546452 0.109263903389767 0.144580384529687 0.20341838255203 0.187735053355928 0.119215643724165 0.0487751206166148 0.0271584771657461 0.0767330440422918 0.0784903512063819 0.048589826661505 0.0198170633576085 0.0294608886784407 0.0681918510606525 0.0645420556415004 0.0252751581752864 -0.0102326908019507 0.0271093642157131 -0.0342490652410785 -9999 0.0792054943429751 0.0842162692698515 0.144175734495345 0.175251009425513
-9999 -9999 -9999 -9999 -9999 -9999 -9999 -9999 -9999 -9999 -9999 0.136797721662458 0.309791363879784 0.273882525676305 0.0448039126660571 0.0688786156663547 0.00789600186359585 -0.0769698463900594 -0.0423987878467944 -0.0645543517419032 -0.104772020906641 -0.123322167707194 -0.153377913963386 -0.121531527753839 -0.11145091429254 -0.0971118213614301 -0.134508216077404 0.00823017802505033 0.0645796608182009 0.14693762088106 0.163617462346463 0.154420957733083 0.0522112068063645 0.00478512049790431 0.0666384960820179 0.0797765412898227 0.100240941290937 -0.0374112610577131 -0.00597090894795772 0.0959702857243154 -0.186820894798486 -0.0960277936081687 -0.0936258647517327 -0.0486216828081723 -0.0774639836652337 -0.141181256977293 -0.125659987944341 -0.0348208503886106 -0.0412308120107666 -9999
-9999 -9999 -9999 -9999 -9999 -9999 -9999 -9999 -9999 -9999 -9999 0.208291867156229 -9999 0.236190738073457 0.120542831487466 0.079459813062074 0.135920172568588 0.0408258873721989 -0.0930919033491493 -0.0722964191124969 -9999 -9999 -0.160736021575009 -0.102689220133408 -0.0729148690468418 -0.145223331511473 -0.141945914369168 -0.0255960827806958 -0.0141690968029002 0.0889709801897863 0.132814375221761 0.0709311029600624 0.0391856953270523 0.0716312448943555 0.0947297732343845 0.0772272237988213 -0.0107255944473761 0.0358581517401323 0.110094776122794 0.0152987599026173 -0.212813087356748 -0.191181678466721 -0.134035224453043 -0.117709089170478 -0.162536248012915 -0.0619476587183442 -0.0619585487607189 -0.00896395557139551 0.0488355058423631 0.00458789744519892
-9999 -9999 -9999 -9999 -9999 -9999 -9999 -9999 -9999 -9999 -9999 -9999 -9999 0.0192137484396494 0.104582503327937 0.116951624851573 0.193740688207728 -0.0234607339918654 -0.0694370092414859 -0.033665635439286 -0.0136667303708476 0.0404223284153832 -0.0678895421228069 -0.150038772356455 -0.124752687336033 -0.146133707763818 -0.0872921164689333 -0.0831036307333809 -0.0199477411277852 0.0904149689508158 0.0878362656758904 -0.0080144875991213 -0.0252373981020735 0.0354028314032594 0.0503314169021403 -0.173812021587374 -0.167328849981488 -0.12862754152413 -0.183587100810127 -0.161123138792659 -0.16545557288502 -0.16562769989263 -0.172503849377566 -0.184083605528004 -0.147337875729069 0.00442606036983771 0.0130203236059002 0.0532552336136432 0.0229272808009629 0.0228575091464552
-9999 -9999 -9999 -9999 -9999 -9999 -9999 -9999 -9999 -9999 -9999 -9999 -9999 0.0943622466732695 0.136678640193962 0.114318053346396 0.125238633098008 -9999 -0.0169061528023489 -0.042856039681278 -0.0292112379228926 -0.0225394654991791 0.0113278255870553 -0.142397289216498 -0.152946877668773 -0.0328896360829246 -0.0202098680909879 -0.0966454093491033 0.0755267468869482 0.11641110875218 0.0832508582577936 -0.012944619385772 -0.0910143021716684 0.0988377330394009 -0.143379018512304 -0.155189195108788 -0.160989278899129 -0.162171402307764 -0.174898049956213 -0.185325641943371 -0.151286856900393 -0.179307610002532 -0.265014734913513 -0.200512121463229 -0.104553358302136 -0.00067930823487853 -0.0142663294203657 0.119849041983704 -9999 -9999
-9999 -9999 -9999 -9999 -9999 -9999 -9999 -9999 -9999 -9999 -9999 0.356683020003971 0.313502309052947 0.209951217963618 0.166655964579531 0.0842100810382481 0.215313980319244 -0.0651412576968453 0.0120144919259858 0.00860000151039459 -0.0441115929555974 -0.0707240673049976 0.0416629683065353 -0.0755373823367568 -0.0419218458890033 -0.0583266325854786 0.0296701428528507 0.102687933448087 0.0879130232034162 0.175669712752441 0.134113558269904 0.07319312459538 -9999 -9999 0.00128370383483353 -0.0670688145849527 -0.12517998510283 -0.143401829810031 -0.179438352930104 -0.166052156750379 -0.186325504592185 -0.177882031846293 -0.245126529568691 -0.0118347807115108 0.0103406369325788 0.00975292576573604 -0.0253009742646301 0.0826833650446123 -9999 -9999
-9999 -9999 -9999 -9999 -9999 -9999 -9999 -9999 -9999 -9999 -9999 0.259252252251876 0.263233848821942 0.233429821205562 0.17384197929706 0.0653827403851775 0.313355400920655 -0.00606811270942782 -0.023616550649575 0.0248327882489339 0.0307309907514691 0.0646959710909952 0.0819876545925453 -0.0408199893366706 -0.102560050816019 0.00599997390679553 -0.0475512693500468 0.112913457689699 0.130006188050862 0.179292727957367 0.146801738177458 0.127500825868313 0.122698624575783 0.110490882164059 -0.0863574769788205 -0.0376296831461436 -0.0687742277601823 -0.0901040630307783 -0.225638542439365 -0.212212336065295 -0.182001859298255 -0.212103649579129 -0.307575056527463 -0.22398187473862 -0.193461162973822 -0.224074344774575 0.0413987506068935 0.087898704533488 0.0141688776599876 -0.0279590697532201
-9999 -9999 -9999 -9999 -9999 -9999 -9999 -9999 -9999 -9999 -9999 0.202914699788154 0.186615425561628 0.162564310129695 0.134765237778191 0.028683381532373 -0.150393953783883 -0.0712308982165485 0.0119811974491485 0.0824884821287543 0.0389625381118762 0.14661313971366 0.153650235239223 0.0292623119855482 0.0195145354048488 0.084646906375322 0.0504187736586966 0.0082429525995467 -9999 0.132046723056989 0.0932813201900243 0.100668225008498 0.131411349431344 0.0960509264618431 0.0851276431948429 -0.0309991027724787 -0.0749788596459237 -0.151666170132496 -0.216680054933426 -0.252623496682543 -0.271349747199718 -0.102910087920911 -0.228316182444327 -0.236538708603859 -0.169775465842933 -0.145831483020527 0.0171732053527499 -0.00482904940737788 -0.0227393796204644 0.0164693631377657
-9999 -9999 -9999 -9999 -9999 -9999 -9999 -9999 -9999 -9999 -9999 -9999 0.0383007265239992 0.0333686987422406 0.0491572471982835 -0.060404619644051 -0.154799482738021 -0.0583358765054109 -0.00245812267661235 0.0418650401772702 -0.0477003110032762 0.102290171289973 0.200448129517745 0.111158210148745 0.0365341808162101 0.0551527534616086 0.0682017443298535 0.0428659691681491 0.108513636664694 0.114850873862508 0.21040408027448 0.0992109441710907 0.104215137477809 0.116194674348398 0.00865305775204215 -0.0744957087896966 -0.122779875940176 -0.113708862171783 -0.204851788898196 -0.250028888994101 -0.167871455208932 -0.161960341372764 -0.0626053565441369 -0.22321246664765 -0.149420364758507 -0.0920318198346387 -0.0377402655618311 0.00959030678828651 -0.0455965238543364 -0.157572978777753
-9999 -9999 -9999 -9999 -9999 -9999 -9999 -9999 -9999 -9999 -9999 -0.240301797232242 -0.164383498281718 -0.116057783468475 0.0500495170056687 -0.0919811557284693 -0.0923367187714077 -0.0369067072129102 -0.0209997718918124 -0.0233298451564964 0.149069846886669 0.135328774003425 0.201202939932607 0.131268838957675 0.0110125500063055 0.155357449919702 0.000759020078262903 0.113100103511373 0.061626789592152 0.040508666133509 0.151726626344893 0.0966267158873051 0.124979370143148 0.110414359187839 -0.0351146211189124 0.0481633562655576 -0.155890161274182 -0.161624421242009 -0.136206042662881 -0.196485391946589 -0.130590772329717 -0.150749749741398 -0.0904694092538757 -0.20841504317446 -0.122619307526444 -0.0922758131981634 -9999 -0.0337621578279186 -0.016912211019785 -0.12496307612719
-9999 -9999 -9999 -9999 -9999 -9999 -9999 -9999 -9999 -9999 -9999 -9999 -0.171895977893795 -0.134228891446298 -0.102846390026091 -0.0856239343467177 -0.0728933734513321 -0.0484939609250296 -0.0141420152464221 0.0506255398250612 0.0498789391111 0.142556923086395 0.164209423738296 0.0229351623274295 0.0271476510833622 0.0220992662890429 -0.122013864762307 -0.0440719623169351 0.00505795134589189 0.102369914930264 -9999 0.062692580152642 0.262530512976988 0.160759132336771 0.00950891264528973 0.0563187593926048 -0.181399994128957 -0.16899597997751 -0.249185563718801 -0.164546409272976 -0.201293775256304 -0.108501137522221 -0.00546497668117421 0.00561240717287592 -0.0695215183085663 -0.157697936738847 -9999 -9999 0.0865125397546843 -9999
-9999 -9999 -9999 -9999 -9999 -9999 -9999 -9999 -9999 -9999 -9999 -9999 -0.0960694291903546 -0.105235518658452 -0.0275387206089647 -0.0455816556146397 -0.0959933223865123 -0.100716872928751 -0.0218220824489071 0.0619399421544993 0.0893288374178356 0.106312861868628 0.0543530769169627 -0.0077261930923547 -0.240975006654596 -0.159294320571822 -0.1247843089544 -0.102537937109221 -0.0122788308639436 0.155408587887647 0.109940006783038 0.119234993986466 0.153746728845749 0.0565121075128219 0.093772491659627 0.074721412492278 -0.188551528215672 -0.171732463209373 -0.217238804869203 -0.145167976016032 -0.255139552052211 -0.0699718330409619 -0.0168456964107242 0.0293112806787139 0.0257502061479708 -0.0973765051966774 -9999 -9999 -0.0719014257259726 -0.0993569608982696
-9999 -9999 -9999 -9999 -9999 -9999 -9999 -9999 -9999 -9999 -9999 -9999 -9999 0.0241860750321653 -0.107587754240085 -0.158305795929224 -0.134396361076104 -0.141126968046069 -0.0851055593236213 -0.0411662440044929 0.14310897770973 0.110175502444964 0.069283580637245 -0.191546680858368 -0.209629837182641 -0.169135785166266 -0.106066223133635 -0.145454258882698 0.0403763057004818 0.0703207199723247 0.0567661611772783 0.00905335418783189 0.162490400553197 0.0937649249559339 0.0195642708101106 -0.10364816917904 -0.149059053469631 -0.169411279451748 -0.223918612265086 -0.233995850718708 -9999 -9999 -9999 -9999 0.0736961594056832 -0.0337473885771898 -9999 -9999 -0.0716498621033816 -0.125501753376497
-9999 -9999 -9999 -9999 -9999 -9999 -9999 -9999 -9999 -9999 -9999 -9999 -9999 -9999 -0.113309400302533 -0.173018597695668 -0.111840038269764 -0.102415992007474 -0.126356565312173 -0.069003442361913 -0.091918561664592 -0.111472730435349 -9999 -0.13430766611981 -0.128609547492656 -0.15370292466198 -0.109042949582454 -0.14277238379668 -0.0207295582406291 -0.0488384694550606 -0.0902891088368002 -0.0765836448429754 0.018155992098398 0.0358440598115268 0.0400768629212819 0.00303118996618516 -0.127506454438736 -0.213637591153114 -0.227448513716178 -0.200546482634884 -0.20310830095333 -9999 -9999 -9999 -0.027055076790852 -9999 -9999 -9999 -0.0344814364028311 -0.0455704509476381
-9999 -9999 -9999 -9999 -9999 -9999 -9999 -9999 -9999 -9999 -9999 -9999 -9999 -9999 -0.105286988947318 -0.0961844507344528 -0.0960119882919883 -0.0516542627930025 -0.0571354098192536 -0.0490009426271942 -0.0614704584629322 -0.110754908191699 -9999 -0.108462238868904 -0.123418918649819 -0.180623296092446 -0.221794299035801 -0.193951575472004 -0.165937923752599 -0.220464276486291 -0.18866781348335 -0.101372852935467 -0.0120437739745862 -0.0296487172647397 0.0118621892731188 -0.018553684012796 -0.0846157674803704 -0.222481230099998 -0.214264649102358 -0.182790084087626 -0.189806694144825 -0.0608970516352887 -0.0581394878469539 -0.0707662597195877 -0.0267552741704238 -0.010481302700011 -9999 -0.0417318344167485 0.156783672288792 0.00229103041989927
-9999 -9999 -9999 -9999 -9999 -9999 -9999 -9999 -9999 -9999 -9999 -9999 -9999 -9999 -9999 -0.0857660253530798 -0.0979784002751369 -0.0683360323643142 0.00538737056009129 0.066805305935903 -0.0141355132166075 -0.138796750657515 -0.146697412918623 -0.0674538706646913 -0.150476715005883 -0.236611178836765 -0.13033815480508 -0.228738558119371 -0.21097889239819 -0.266149045897885 -0.11713301787687 -0.0683864269764264 -0.0122877237794375 -0.0297099599251555 0.00994832541644848 -0.0639117499175969 -0.117086430751632 0.0569850092134867 -0.206613075572566 -0.171447423249208 -0.127648734294579 -0.162776039361641 -0.114882746424697 -0.0890515350640679 -0.0663584858269101 -0.074310044978191 -0.0472818410280187 -0.0291045082313478 0.0577337828900839 -0.0817548499843909
-9999 -9999 -9999 -9999 -9999 -9999 -9999 -9999 -9999 -9999 -9999 -9999 -9999 -9999 -9999 -0.0795694479278046 -0.1186153888795 0.0277022013209662 0.0761455134957179 0.0429745625639158 0.104130803723253 -0.0554021837984751 -0.057337315661985 -9999 -0.133047647077989 -9999 -9999 -0.141513700309401 -0.207855420274206 -0.176814110136317 -0.104182304155466 0.00592648302326623 -0.00580229236036316 -9999 -0.0766713024750648 -0.0961465631945847 -0.212154133016731 -9999 -0.197608825877008 -9999 -9999 -0.158640606926706 -0.138806499510889 -0.0879145811546972 0.0050427171412033 0.0344273522969187 0.0415584225606942 0.053571923343145 0.189720875771671 -9999
-9999 -9999 -9999 -9999 -9999 -9999 -9999 -9999 -9999 -9999 -9999 -9999 -9999 -9999 -0.0804239131089617 -0.0752537182659861 -9999 0.118254476915502 0.0350481220982536 0.0475221671894076 -9999 -0.00772797111016301 -0.116502415276931 -0.108179963433898 -0.122486656447529 -9999 -9999 -0.216156899249204 -0.146138065656134 -0.131033316684234 -0.0872791173022117 0.0310563592600698 0.0384002366997443 0.0185101060410665 -0.0699594335200502 -0.165559135254409 -0.104209735315393 -9999 -9999 -9999 -0.0680624426120093 -0.0849629315376248 -0.113252448108025 -0.0484020176780498 -0.0123367221057857 -0.0275924369955135 0.0734125882977983 0.152925220363625 0.181493438707828 -9999
-9999 -9999 -9999 -9999 -9999 -9999 -9999 -9999 -9999 -9999 -9999 -9999 -9999 -9999 -0.0434187646380922 -0.0583361608647057 -9999 -9999 0.0734352416311611 0.0141921885459317 -9999 -0.0895537163463286 -0.197573786539757 -0.112358112318862 -0.126697420714714 -9999 -0.123698566608179 -0.18929395864756 -0.119752136276019 -0.165867273081554 -0.0296653971711262 0.0337699584620466 0.0589159445772779 0.0995887310462762 -0.0247439548655489 -0.0966762185876492 -0.0872402710929174 -9999 -9999 -0.00541371206464874 -0.0453820496069632 -0.0963178641236008 -0.0434934409168193 -0.063380738597002 0.01827977666707 0.0444489698984131 0.0913841088362381 0.0853899264009976 0.116638116534841 -9999
