data/rasters/s7.17.08.li.5_xyz_08_.asc
NCOLS 100 
NROWS 100 
XLLCORNER -4 
YLLCORNER -4 
CELLSIZE 0.08 
NODATA_value -9999 
[rows 22 to 43 of 100, columns 0 to 49 of 100]
-9999 -9999 -9999 -9999 -9999 -9999 -9999 -9999 -9999 -9999 -9999 -9999 -9999 -9999 -9999 -9999 -9999 -9999 -9999 -9999 -9999 -9999 0.113229830422096 0.100304260435541 0.0815452749297076 0.00750726292770073 -0.0236779448445043 -0.00123417792385177 0.0047837211076558 -9999 -9999 0.0127338794801616 -0.0954038202744861 -0.1495596712919 -0.138818168955887 0.0555954269032433 -0.0279228131359463 -0.0394033428355305 -9999 0.0342111239291957 0.0101962529467212 -0.0453881973455988 0.000490122810184457 -0.101236061493805 -0.104537475764489 -0.17974224032483 -0.10900967142532 -0.0449975536978602 0.0159027605838491 0.035499832617151
-9999 -9999 -9999 -9999 -9999 -9999 -9999 -9999 -9999 -9999 -9999 -9999 -9999 -9999 -9999 -9999 -9999 -9999 -9999 -9999 -9999 0.154266575142429 0.181625489160438 0.15488349987714 0.064350030114439 0.0762367888596053 0.0890460628315356 0.0212960156504223 0.0629334241912252 -0.0435127839569137 -9999 -9999 -0.138867902291709 0.000958622973824876 0.0628711889640324 0.100748510636222 0.173511633446637 0.242353865354 0.14003376735916 -0.0152756229115875 0.0278994202873904 -0.0258665265247199 -0.0345378981596645 -0.0939530292352754 -0.0414875309563886 -0.122199731315713 -0.0397781824058187 0.0213000126948437 0.0522198706025567 0.0664603448484644
-9999 -9999 -9999 -9999 -9999 -9999 -9999 -9999 -9999 -9999 -9999 -9999 -9999 -9999 -9999 -9999 -9999 -9999 -9999 -9999 0.00559895127157599 0.0390426162196901 0.222842816546701 0.159806589755085 0.107844117512102 0.0966144689961364 0.0518630008663952 0.0667176802155062 0.0106656133708973 -0.0256963623493763 -0.0613869594572583 -0.086535098671401 -0.000500271590274935 -0.0896146058341659 -0.195014489921861 0.00162112565379305 0.153226312150871 0.19394100857292 0.14399733431288 0.119027961710015 -0.0165012726446855 -0.0327362280642388 -0.053160302878785 -9999 -9999 -0.0764720798985698 -0.046146564155963 0.0143895109801378 0.0144835812481884 0.0473712609363058
-9999 -9999 -9999 -9999 -9999 -9999 -9999 -9999 -9999 -9999 -9999 -9999 -9999 -9999 -9999 -9999 -9999 -9999 -9999 -9999 -0.0275289643272645 0.0573545369431808 0.0888813958400175 0.17530281541639 0.130508358611014 0.146792015598338 0.125696924540209 0.0602136210981466 0.0439202082941053 0.0601870928673575 0.0555069430336917 -0.0733935509801791 -0.116269850881662 -0.110063328563234 -0.238267019789888 -0.278525536508455 -9999 0.176737947498553 0.131620882475994 0.0622715108241606 -0.0324444950572036 -0.022314853799422 0.00622976095943684 -9999 -9999 0.121985006363341 -0.0678250472246328 -0.0218519717316941 0.0416423198248614 0.0248046347842871
-9999 -9999 -9999 -9999 -9999 -9999 -9999 -9999 -9999 -9999 -9999 -9999 -9999 -9999 -9999 -9999 -9999 -9999 -9999 -0.0460519863526412 0.0305346671123039 0.049868387030347 0.0374879780453039 0.246150288797494 0.20400389463414 0.197715769210636 0.17295392182184 0.0822666259890149 0.0507556084462279 0.134508846833716 0.025828510383532 -0.0659054001588745 -0.0875466214174718 0.0205044371860791 -0.131497750712438 -0.268918985353203 0.233457452762344 0.179476584500534 0.187714944137173 0.196464651978572 0.108028286568863 -0.0695692671141694 -0.0508741992902255 -0.0940990770408509 -9999 -0.190197646231877 -0.119430439673981 -9999 -0.0129918424262126 0.016250106522185
-9999 -9999 -9999 -9999 -9999 -9999 -9999 -9999 -9999 -9999 -9999 -9999 -9999 -9999 -9999 -9999 -9999 -9999 0.0341472647842124 0.0195753282906419 -0.00965438235436081 -9999 -9999 0.242059784709027 0.244607332986991 0.218129298343956 0.121242663897956 0.06364528602314 0.0962859446594721 0.113224028996445 -0.0375019566376298 -0.0331535484852542 0.0112375866535839 0.00863341291385843 0.0329746860609422 0.206087714645689 0.229475874423747 -9999 -9999 0.0363740419447975 0.0655176934193641 -0.0245446299292401 -0.0873403360762111 -0.0820702621375492 -0.241500080929286 -9999 -0.270161028994665 -0.218067268604005 0.0128334229790441 0.02640244378316
-9999 -9999 -9999 -9999 -9999 -9999 -9999 -9999 -9999 -9999 -9999 -9999 -9999 -9999 -9999 -9999 -9999 -9999 0.133528498477743 0.119224132149254 0.112672732341353 0.200338270736119 0.206667314740101 0.240219758106387 0.256790381024616 0.232767214530775 0.140910217590873 0.163659130633477 0.110361431167389 0.0900595514848516 0.0694562086722603 0.0897760134574887 0.176687044760825 -9999 -9999 0.231409058106603 0.265386848270622 -9999 -9999 -0.147419831755429 0.153429534531 0.12751040225726 -0.113962959195946 -0.158901937471997 -0.249654690000763 -0.1767493803901 -0.184347431271484 -0.174228147340691 -0.165358689306537 0.035900217425171
-9999 -9999 -9999 -9999 -9999 -9999 -9999 -9999 -9999 -9999 -9999 -9999 -9999 -9999 -9999 -9999 -9999 0.0990994020454622 0.132248728422903 0.114182278383001 0.122720589505252 0.135868977444827 0.161298093896378 0.261459766409537 0.238375649478123 0.191047010716731 0.123875300884676 0.0534338646330337 0.0651723869125468 0.0320264644384916 0.10718799303914 0.0572875998554059 0.0274919512452139 0.0634227544369589 0.0214269878253187 -9999 -9999 -9999 -0.0316136131282214 -9999 -0.170894345967716 -0.145213348133464 -0.096001302425031 -0.203301620595386 -0.259012913352596 -0.177908430552808 -0.171529467254639 -0.139822404494419 -0.0538358459826785 -0.13620723703625
-9999 -9999 -9999 -9999 -9999 -9999 -9999 -9999 -9999 -9999 -9999 -9999 -9999 -9999 -9999 -9999 0.0967263833433078 0.100590209477346 -9999 0.110253337867686 0.11146227420952 0.245303660744782 0.287812875619101 0.229066347903604 0.187962468848332 0.188626046415646 0.137993399406801 0.127811463548656 0.0171437824154253 -0.127062373100363 -0.11716502788965 0.0488573806990447 0.0477608949278614 0.010885010837456 0.0436919759023881 -9999 0.10290251022514 -0.0274705039682312 -0.0564664738222368 -0.0765131369563148 -0.121880103489068 -0.152656114434435 -0.129122043112588 -0.245198592182427 -0.242014192744757 -0.268005124390587 -0.23013621406549 -0.138297979849856 -0.153729918144453 -0.158221003945077
-9999 -9999 -9999 -9999 -9999 -9999 -9999 -9999 -9999 -9999 -9999 -9999 -9999 -9999 -9999 -9999 0.0554511445347818 0.0351951179717968 0.219079948762534 0.0754277005937771 0.0576915341502367 0.102108649955417 0.112565347331422 0.215353176473588 0.1110721140785 0.245339886651823 0.2006080737231 0.171626792198424 0.158541787387341 0.00977922263286651 0.0738749385329257 0.0618322027335818 0.10238733123788 0.0436137878782064 0.0185569235000754 -9999 0.112654580184722 0.0924276834538844 0.0558456091612574 -0.124985211762426 -0.165459959966943 -9999 -0.172439162891589 -0.228831019727113 -0.18202975218548 -0.157743353258144 -0.218260604712494 -0.16316865445111 -0.188846113216726 -0.178888037911181
-9999 -9999 -9999 -9999 -9999 -9999 -9999 -9999 -9999 -9999 -9999 -9999 -9999 -9999 -9999 -0.0108401595764349 0.0671113599916695 0.0252047221833354 0.0540682998413961 0.121332969179575 0.096102090147742 0.108499032534376 0.131253485853572 0.199348523003592 0.127866175650774 0.113307176904072 0.184328019640136 0.18063644155441 0.205625520047911 0.174112505548152 0.103463105383284 0.104615392760732 0.0781041699300582 0.0921091257842873 0.136612363442958 -0.0666013236206121 0.0148207675362702 0.12432424238591 -0.0157958188669208 -0.0696749153112856 -0.0887604268978112 0.0460867316067338 -0.160641380843172 -0.163003286420264 -9999 -9999 -0.186818807025854 -0.179036123995953 -0.158168363527377 -9999
-9999 -9999 -9999 -9999 -9999 -9999 -9999 -9999 -9999 -9999 -9999 -9999 -9999 -9999 -0.166659977211502 -0.0629881450771242 0.136835839640398 0.0648078754916016 0.0455912388659078 0.0786353428098357 0.126245255645295 0.123472223240831 0.0815745750403597 0.0243232405966612 -0.00528537416991816 0.145613412182476 -9999 0.159437787328783 0.188942139627525 0.203741272915463 0.161392709636373 0.157506067281145 0.102119120292832 -9999 -9999 -0.033240959985254 0.06830587665863 0.0507466450085691 0.150661035256983 -0.0558465464015062 -0.0414066275503627 -0.0711258662041107 -9999 -9999 -0.00925800853530796 0.0738302785637699 -9999 -0.22533587467706 -0.119708382258531 -0.0362862673239569
-9999 -9999 -9999 -9999 -9999 -9999 -9999 -9999 -9999 -9999 -9999 -9999 -9999 -9999 -0.114923627373717 0.0697171360901452 0.0842434097936206 0.0695669907632483 0.0990679633040146 0.067196969806492 0.111237485681764 0.138013484973611 0.0503355694533367 -0.00235701380046167 0.0194428099581557 0.1276927104874 0.0528272852899192 0.141381150122276 0.194821057974258 0.142979589033154 0.0906629635191458 0.103047223236073 -0.016811108712445 -0.00702731395882493 0.0136554099390712 0.00491248138394047 -0.00236271769311155 -0.028064695748734 0.050699810121816 -0.0105369751321441 -0.00923857445551047 -0.0353525734066008 -0.114461686505755 0.024347480197381 -0.0378220464022069 0.0643151272457128 0.024084922833696 -0.0683832764286031 0.0432003066309689 -0.0101497432993915
-9999 -9999 -9999 -9999 -9999 -9999 -9999 -9999 -9999 -9999 -9999 -9999 -9999 -9999 0.0133820347419875 0.0927170271646413 0.104291242180385 0.0764222281010865 0.135321199191277 0.0698711559557985 0.0124088919166182 -0.0366296923543376 -0.0331998807616382 -0.0518455258442252 0.00990121377034987 0.0854790507981356 0.127462154969304 0.144510423662844 0.2110499941461 0.130305174866941 0.0694278558985402 0.0970093775124446 0.112973543728521 0.0324752130108389 0.036544980520545 -9999 0.0172490617829365 0.0627912316387812 0.000185096635106057 -9999 0.170502663682184 0.101664867926488 -0.0541087580524024 0.0872273937596163 0.00331355419892037 -0.0476694275579332 0.0938563602152484 0.027130263390062 0.0534979615506165 0.0416583770132418
-9999 -9999 -9999 -9999 -9999 -9999 -9999 -9999 -9999 -9999 -9999 -9999 -9999 -0.112902024970582 0.274089622063031 0.14626737338064 0.171394479251352 0.0687859757960434 0.0283135789215938 0.0150027593556625 -0.0278755571054348 -0.0396111800395029 -0.0185388416966682 -0.0642147766004182 0.0475641216678559 0.048850431576369 0.065604414772821 0.209122042464504 0.276861203108569 0.18936555996401 0.126677581393947 0.118176946410007 0.0964922909979814 0.0303486581129803 0.0286300633340178 0.0725218114672349 0.131877199081698 0.104668655741335 0.231650765209915 0.202179462869967 0.208495109209187 0.139888387137088 0.0639786396670219 0.169108912667821 0.0687360136183389 0.12065347180553 0.118518450753325 0.121027547491809 0.18390691634524 0.0632038230687563
-9999 -9999 -9999 -9999 -9999 -9999 -9999 -9999 -9999 -9999 -9999 -9999 -9999 0.205139559140063 0.169911805014386 0.149973855561218 0.109574706057845 0.0926294992113436 0.0450619537703581 -0.0247183549900662 0.0152758315869587 -0.0113284599258553 -0.0229703727236777 -0.0618522368685848 0.0590493143209873 0.105269706115757 0.0874759269809741 0.186099912394597 0.225216222305004 0.187785216045277 0.169260248573378 0.0916037941456712 -9999 0.0679813382062121 0.0720396657338826 0.0667671230336604 0.124004940700942 0.163598614127737 0.308783065865703 0.287609562211795 0.278582740826336 0.209630891555727 0.208822579898572 0.165903001227212 0.0789920868986094 0.175402065027647 0.176827455159496 0.126757170803203 0.152292051929029 0.161857390075392
-9999 -9999 -9999 -9999 -9999 -9999 -9999 -9999 -9999 -9999 -9999 -9999 -9999 0.239378001465168 0.196876239557252 0.117769241932799 0.111055120727911 0.0379075330832591 -0.00512622822339202 0.0149522146832899 0.0463129274627036 -0.0332052584896914 -0.00919998765889484 0.0393899918804389 0.0982013656800295 0.0835296799728541 0.126273883424632 0.230893601663315 0.232202909770869 0.166881731594205 0.138047660893994 0.127308594590178 0.113512005990427 0.151082698366426 0.143978539734849 0.139715938822118 0.194776208601786 0.348767314486497 0.34441564765733 0.352911082775318 0.332240387162488 0.314415318851469 0.287863007538715 0.180915050180564 0.162443166702139 0.191721981799314 0.19535350444287 0.241696915621231 0.219349858828539 0.133269737963818
-9999 -9999 -9999 -9999 -9999 -9999 -9999 -9999 -9999 -9999 -9999 -9999 -9999 0.246978894987707 0.106654508288807 0.120527083746106 -9999 0.0625407304260122 0.0250323988172049 0.058524836877724 0.0767113228599747 0.0103503763800206 0.0183725382853835 0.00595015951536387 0.0351281946361683 0.0523297545899611 0.112657641484177 0.121515155504713 0.225411194610955 0.205418206258109 0.160355499641525 0.083073600471642 0.0625846658640735 0.088198265391988 0.0710847866735745 0.21826416505038 0.175937685166382 0.38411563551089 0.412965890699403 0.393904518806135 0.358135081752365 0.29037118089004 0.301408676043413 0.202482732632643 0.298914955266056 0.239460758067908 0.227537161259088 0.275456621675344 0.327487960056265 0.232578003688826
-9999 -9999 -9999 -9999 -9999 -9999 -9999 -9999 -9999 -9999 -9999 -9999 0.279683192814516 0.300027469282302 0.194161742134567 0.234831421803675 0.175958685382753 0.117411693795429 0.122370725083675 0.116822175299008 0.0931480162257289 0.0571795395505857 0.0419391480983798 0.000300090205494328 0.0741321585405732 0.0983134953273283 0.120866951389234 0.147828669034814 0.159211710357159 0.167914638698753 0.127827704752106 0.100470677934728 0.115783236388562 0.134733834942907 0.171150049972116 0.276382125820954 -9999 0.452469553929161 0.458203786663526 0.327756031109659 0.31164030877563 0.324104998474337 0.307118543272493 0.234919764665285 0.263482579141888 0.224849567636399 0.216815323565543 0.406816910296649 0.319655441395154 0.188288589061375
-9999 -9999 -9999 -9999 -9999 -9999 -9999 -9999 -9999 -9999 -9999 -9999 0.315517502670295 0.313160090963602 0.393412347495139 0.233565222155424 0.188789642149137 0.0960629122436061 0.0771101487631419 0.0696558256069764 -9999 0.072500268707697 0.121482433256631 -9999 0.149504786035725 0.0806284809884645 0.075675432256115 0.0785784833237319 0.136311765398736 0.162537724112995 0.129535855392673 0.108768926805022 0.0547412815355033 0.0645873943677628 0.160157662881735 0.115619573185126 -9999 -9999 0.294774801384884 0.356037348115433 0.342042138982441 0.315572725537444 0.270297697196092 0.196544427234519 0.239946972543506 -9999 -9999 -9999 -9999 0.215896081273144
-9999 -9999 -9999 -9999 -9999 -9999 -9999 -9999 -9999 -9999 -9999 -9999 0.293043636159285 0.263645063826874 0.368775817119367 0.268006539376567 0.192439387027851 0.148777617918057 0.108466980704188 0.0596071202241164 -9999 0.0521366768663978 0.195131658828359 -9999 0.0888968717663502 0.101023774041152 0.169227711433641 0.188181706552712 0.142686831667108 0.176330642930849 0.172469524174564 0.0623288691636595 0.0449908978083882 0.0367611530534544 0.165309270831716 0.161755477726963 0.260566736272538 0.272086170577986 0.271941436817748 -9999 -9999 -9999 0.211896459995354 0.194700737256075 0.166370496826698 0.0853344849247077 -9999 -9999 -9999 -9999
-9999 -9999 -9999 -9999 -9999 -9999 -9999 -9999 -9999 -9999 -9999 0.184609687906968 0.272753782296902 0.209867578424116 0.212021660718815 0.264623232690267 0.222393095590784 0.253485701578928 0.156522391409198 0.100601657100316 0.0717063168373243 0.205673011857143 0.264762750567274 -0.089257455448085 -0.136954658996457 0.137283591642 0.199546940932301 0.225559690564897 0.191734421267318 0.25559788879821 0.0681300087467339 0.0690231509972979 0.0352550863009206 0.160246475946716 0.154417013496071 0.19651213902814 0.208007299073799 0.257893142341639 0.282478569214696 -9999 -9999 -9999 0.0835492681814259 0.2001777246601 0.158806385288861 0.179964769560705 -9999 0.257852464116704 0.199238658336056 0.241131442210159
