data/rasters/s7.17.08.li.3_xyz_08_.asc
NCOLS 100 
NROWS 100 
XLLCORNER -4 
YLLCORNER -4 
CELLSIZE 0.08 
NODATA_value -9999 
[rows 46 to 68 of 100, columns 0 to 51 of 100]
-9999 -9999 -9999 -9999 -9999 -9999 -9999 -9999 -9999 -9999 -9999 -0.0991032297499759 0.0180479750722942 0.0484409336964068 0.0239199315748773 0.0203121763569556 0.0439480471700523 0.102078487384384 0.0947131091338303 0.0692582952456112 0.156956774694489 0.135250234178771 0.49796494173936 0.455582884384737 -9999 -9999 0.361913685291314 0.293155993272235 0.218065491889755 0.284680368245067 0.182048664147423 -9999 -9999 -9999 -9999 -9999 0.316003038277043 0.33622295326423 0.336541359148612 0.256011984711306 0.206929046854307 0.204479560108593 0.178707040521015 -9999 0.210976138906962 0.141372614367016 0.0907970349245311 0.0919827538620462 -9999 -9999 -9999 -9999
-9999 -9999 -9999 -9999 -9999 -9999 -9999 -9999 -9999 -9999 -9999 -0.0441270396552857 0.0225453700343613 -0.0340816205153026 0.0413563175764322 0.0625962517774867 0.0870128808749018 0.139501766642266 0.120235872646761 0.150249806333555 0.154941724963087 0.112027230604163 0.163641288643348 -9999 0.227799705237555 0.186413680078625 0.189904034585463 0.260976493331757 0.243661143549199 0.298525444805864 0.280113888647779 -9999 0.174544509866413 0.243168955863561 -9999 -9999 0.305646405986461 0.237178089160609 0.265954089560789 -9999 0.16137750521819 0.188500111912687 0.17387062723237 0.167233610669414 0.23122485064446 0.140063982691568 0.0987725292205451 0.0595778776207758 -9999 -0.238745202165445 -9999 -9999
-9999 -9999 -9999 -9999 -9999 -9999 -9999 -9999 -9999 -9999 -9999 0.0191043496321008 -0.0516166787487533 -0.0707070523094581 -0.102267136435648 0.0514292772290233 0.0193158865639269 0.0486061662379224 -0.0876333008615063 -0.0504520062216166 -0.0643577479728302 0.024895501375153 0.106092736795788 0.0914482426687942 0.108399868196416 0.197747259225557 0.10220239459683 0.178629009006161 0.17856491692678 0.300266614141086 0.326816164407917 -9999 0.25213825969206 0.260530584335643 0.229550914779636 -9999 0.304808885104782 0.27633071239292 0.24172627686235 0.17460715817482 0.207765304331893 0.140412908529377 0.222715211134646 0.197772114458483 0.275502328993476 -9999 0.190988272068512 0.174978514009644 -0.144289060828987 -0.101196730143287 -0.0597855771219835 -0.0741945051834873
-9999 -9999 -9999 -9999 -9999 -9999 -9999 -9999 -9999 -9999 -9999 -0.0542974656733791 -0.0664282663160762 -0.0342969951267966 0.0367115254927528 -0.0601337682881921 0.0003541853029619 -0.0337314564484697 0.205575808674871 -0.0859655494012193 0.00313614096939982 -0.00636805391806761 0.0207930082536182 0.0454284976571268 0.0265571952874264 0.0938037068714862 0.127179772909319 0.136055957113932 0.120192555254427 -9999 -9999 0.0534152769901318 0.239628164570328 0.181811457695357 0.184786325521439 0.232705273455093 0.249927580460891 0.319357148152169 0.354588641857619 0.181621265526148 0.122573345261692 0.12217822120245 0.212229269441235 0.179464174372517 0.082084981264044 0.148139147306554 -9999 -9999 -0.107412697271774 -0.126408693071351 -9999 0.023226967714571
-9999 -9999 -9999 -9999 -9999 -9999 -9999 -9999 -9999 -9999 -9999 -0.0116795424059609 -0.0921006952989439 0.0908991553545645 -0.223500288663913 -0.097779635146894 -0.0196293058448806 0.234503303773761 0.240140282932345 0.258679982162914 0.153682968409179 0.123568004798136 0.104265388307214 0.0600491724571791 0.0654882309686674 0.0753539097418623 0.0809892406443957 0.0868606858496294 0.103104794065677 -9999 0.0649634307728258 0.0354538750792616 0.0389727814632477 0.0693026029508199 0.146289249174911 0.266249285096144 0.198905290126891 0.151795802363038 -9999 0.183854382524147 0.166150405468364 0.186789796366469 0.159338171522232 0.169197725800223 0.0813714898248549 -9999 -9999 -9999 -0.0679744662432538 -0.0720829684826287 -0.178175605512903 -0.153693870974047
-9999 -9999 -9999 -9999 -9999 -9999 -9999 -9999 -9999 -9999 -9999 -0.147500330277952 -0.121971503915043 -0.0498302056071749 -0.0690391187423725 -0.0314902660465199 0.0216828200636181 -9999 0.280636976320414 0.268925825810815 0.235464553032886 0.216456166238711 0.235751206651902 0.154630696644502 0.0956215472483781 0.128522843383872 0.0983281879194472 -9999 -9999 0.159482507760385 0.0490684157728573 -0.121176150803196 -0.0994606282616908 -0.0364302832688212 0.17001918274357 0.411132224859601 0.211091797135144 0.196703676144148 0.17700974516271 -9999 -9999 0.191149642949691 0.186978982222102 0.164504941343481 0.125048655953193 -9999 -0.0221211461832038 -0.0683353003711584 -0.0299009855554123 -9999 0.0269113035589761 -0.0853127941853877
-9999 -9999 -9999 -9999 -9999 -9999 -9999 -9999 -9999 -9999 -9999 -0.097517185201209 -0.112142206346332 0.00876038321283792 0.0275485566539234 -9999 -9999 0.0981088115235819 0.127034365211865 -9999 0.221224320681692 0.116915117400495 0.245935650929288 0.14707939133976 0.161998888034736 0.169037696909061 0.0861019665513656 0.19675894020895 -9999 0.162953468281008 0.123909624455228 -0.140414068488769 -0.177898582355547 0.0316838938625945 0.173260004987349 -9999 0.218090846280043 0.225858666858114 0.195318465469704 0.124920292155057 -9999 0.212736406989512 0.294145289701966 0.247425874747748 0.280061350186677 -0.234156723505243 -0.305739452060648 -0.175787913982385 -0.0326972826640491 -0.0684112684411418 -0.0228591341183314 -0.08830347854927
-9999 -9999 -9999 -9999 -9999 -9999 -9999 -9999 -9999 -9999 -9999 0.0472502093914963 -0.0687032702654691 -0.0242133650113884 0.0982224267294433 0.111326418073513 0.0899825400180796 0.0985633684459775 0.113299702003641 0.105196990881091 0.112088781391987 -9999 0.18690172716927 0.123171575876463 0.156972234674411 0.187204430570029 0.234509661478934 0.149319355052028 0.0971460457424197 -9999 0.13426826305441 -0.269954407318413 -0.0756597999993082 0.113764480055017 0.106362377586278 0.172113554681578 0.239041949139276 0.231759920219353 0.265091482765763 0.317286195223802 -9999 0.169464533496158 0.267180719918712 0.2962161391924 0.312849361676514 0.138681794517877 -0.373178213358078 -0.307217076951337 -0.303168011737973 -0.135651063069572 -0.0304143959828646 -0.0549465529003233
-9999 -9999 -9999 -9999 -9999 -9999 -9999 -9999 -9999 -9999 -9999 -0.0516647635318205 -0.0567405119563109 -0.0517166842642071 0.140942049557157 0.130177623618772 0.137540177863818 0.137564742893733 0.161184443560864 0.126214451316064 0.081254537843204 -9999 0.0997490515054388 0.0883475662371201 0.14280602525159 0.183702428095659 0.212260120832636 0.0781154467394496 0.111491677381195 0.0967916037319213 0.0848473995136817 0.258334503689468 -0.192353182030502 -9999 0.23034557767212 0.289073824878044 0.237460564700973 -9999 -9999 0.303685441420786 0.160278797201051 0.115525416779145 0.364079217822445 0.293089151607771 0.323990533639254 0.42090171041094 0.000139767621479449 -0.307609043247924 -0.424431701901359 -0.00139043379252421 -0.0537640373170519 -0.0498695110358486
-9999 -9999 -9999 -9999 -9999 -9999 -9999 -9999 -9999 -9999 -9999 -9999 0.133640247091379 0.00978651054875685 0.103832630616758 0.120940200683329 0.08281719303574 0.088278303676737 0.174149401470158 0.114070127860106 0.10604951385118 0.119032164853585 0.0781455705135119 0.104249411912545 0.128605179047991 0.127478387044935 0.20550198352313 0.0923626588130684 -9999 -9999 0.223648734801359 0.268525360494233 0.204762013540806 0.156688041700497 0.140275922471212 0.177562096286439 0.188559063401404 0.176821705933732 -9999 -9999 0.120634560564295 0.0368505820862051 0.145471830507072 0.381011160009903 0.385054811196916 -9999 -9999 -9999 -9999 -9999 -0.0497350041212703 -0.00405022691866249
-9999 -9999 -9999 -9999 -9999 -9999 -9999 -9999 -9999 -9999 -9999 0.160957498736408 0.179528530570457 -9999 -9999 0.0170650101530104 0.0366033431251408 0.0251071831987433 0.0804841172588582 0.082849507908314 0.061926491861508 0.0466594484308418 0.0442081837931792 0.109863432092634 0.0899431728307198 0.12404151697337 0.121906172708934 0.0990435594135411 0.122419495257752 -9999 0.145669052815303 -9999 -9999 0.238858414712237 0.194977687593304 0.228063444628687 0.0978252207061695 0.0994803156375913 -9999 -9999 0.0698844481048471 0.0648968875573608 0.0805519960801722 -9999 -9999 -9999 -9999 -9999 -9999 -9999 -9999 -9999
-9999 -9999 -9999 -9999 -9999 -9999 -9999 -9999 -9999 -9999 -9999 -9999 0.176669363776763 -0.0692068947551751 -0.0544061676944035 0.0575921212169068 0.0718523469930179 0.0126324635484665 0.0615745077851947 0.103465828724471 0.0600574531251962 -0.000834032983429784 0.00961098416252424 -0.056873703168218 0.00242434607696774 0.0386111968248216 0.0501271904170731 -0.00608154372818165 0.0718397791286416 -0.0868021821757215 -0.126118083432697 -9999 0.166190242945569 0.206856452191561 0.223003492472803 -9999 0.198058711456156 -9999 -9999 -9999 0.0566001155931353 -9999 -9999 0.0564491080271745 0.126004748851118 -9999 -9999 -9999 -9999 -9999 -9999 0.0413166198165394
-9999 -9999 -9999 -9999 -9999 -9999 -9999 -9999 -9999 -9999 -9999 -9999 -0.0653092187430077 -0.145274723618402 -0.141385725113885 0.158467729013602 -0.000759291993689476 0.0257232826052634 0.019457118947342 -0.08002271268976 0.116693672875591 -0.0164945924235554 -9999 -0.0891936699930924 -0.0389119830627141 -0.0293141078101533 -0.0239379779395277 -0.0919260317833552 -0.159371087555454 -0.107806769158722 -0.0858560119409277 0.214419777141941 0.217505782189029 0.196967043439673 0.22986563632806 0.204112187774847 0.16812180935903 0.145228330091309 0.0957697937095476 0.07450209440942 0.0803875967197717 -9999 -9999 0.0471567861765987 0.243470912625275 0.422695074287508 -9999 -0.0517445922405902 -9999 -9999 0.130855804290152 0.110481508177904
-9999 -9999 -9999 -9999 -9999 -9999 -9999 -9999 -9999 -9999 -9999 -9999 -0.101688974791087 -0.165746188164544 -0.174374951092965 -9999 0.0149284877882446 0.00152234945120736 -0.506159342757563 -0.34008018247376 -0.229760183090067 -0.203853463569666 -0.223070457713431 -0.133338119604185 -0.0933029410637904 -0.047731372772899 -0.0648193842674275 -0.165158335152021 -0.117951087774963 -0.112782267599452 -0.0909355100248744 0.267268612054727 0.248516408067489 0.212146092952628 0.216159224639564 0.242851568950479 0.187426480992467 0.138869987881401 0.139171696670354 0.0869494987205581 0.159140405938724 0.118270904324779 0.157036983683788 0.017958446506512 0.0774588994726754 -0.0855910337483236 -0.0876702155994141 -0.0684736586794767 -9999 -9999 -9999 0.091180248893542
-9999 -9999 -9999 -9999 -9999 -9999 -9999 -9999 -9999 -9999 -9999 -9999 -0.084724694735596 -0.183573039130239 -0.185849483329799 -0.152049145099181 -0.111260318050522 -0.0614751845521552 -0.331072954381455 -0.318002170423432 -0.311681401271213 -0.258265965480296 -0.251814534731504 -0.153094751347087 -0.119144430979368 -0.0386012769341657 -0.109440968108547 -0.125371467960877 -0.0987227627434111 -0.0749997306544403 -0.0615039338426946 0.297009625935402 0.262095940237354 0.139656154343535 0.0254503831217064 0.129304573842906 0.239655185653152 -9999 -9999 0.19882045100698 0.201407004067926 0.193961767936285 0.0615229406982903 0.0373470054087786 0.00826254621767753 0.131624013535153 0.048136604572612 -0.0654598424070159 -9999 -9999 -9999 -9999
-9999 -9999 -9999 -9999 -9999 -9999 -9999 -9999 -9999 -9999 -9999 -9999 -9999 -0.192611321822801 -0.220269135423789 -0.0899784556538947 -0.120386610408289 -9999 -9999 -9999 -0.402132796604506 -0.276431114528716 -0.233206642317439 -0.202558740185243 -0.155493300892653 -0.0902254284979873 -0.125186197941348 -0.132491975211734 -0.0326670779462682 -0.0573385649137393 0.0171912858698123 -0.012616349271145 -9999 0.0633371401879304 0.0120030310771087 0.0152369459774774 0.0177711790419656 -9999 0.296549361319561 0.275075761116057 0.213550209272149 0.13034527085128 0.0598650801329727 0.0837788569220483 -9999 0.0884197562425572 -0.0870828237540352 -0.0267631535781273 0.0174611645632287 -0.0287655767226217 -9999 -0.215941200674964
-9999 -9999 -9999 -9999 -9999 -9999 -9999 -9999 -9999 -9999 -9999 -9999 -9999 -9999 -0.197929200217 -0.130717004322404 -0.0628713982020323 -0.018024490982165 -9999 -0.374845316534459 -0.337311124982025 -0.238328393712382 -0.213802991872375 -0.20016171639561 -0.216634588525816 -0.113093277511628 -0.0616456837106758 -0.0846930180206582 -0.115939682151587 -0.0340645720472636 0.0414898952409224 0.0141347738469452 -0.116780795759981 0.0532246016545281 0.0943680249262703 0.113813540803722 0.0285950245964956 0.337155126637699 0.254531812906954 0.148139963404787 0.180160249659633 0.160093950959724 0.148083339644157 0.143976751590063 0.158585250003269 -9999 -9999 -9999 -9999 -0.0623560051086357 -0.194112073335108 -0.180026769203885
-9999 -9999 -9999 -9999 -9999 -9999 -9999 -9999 -9999 -9999 -9999 -9999 -9999 -9999 -0.248814138762442 -0.281593169570055 -9999 -0.328454268509363 -0.347417542456469 -0.427667682381811 -0.429739260697262 -0.242324120038183 -0.261838279107891 -0.16319158038346 -0.201002448892422 -9999 -0.00986577912235386 -0.0610527396748257 -0.0522452999087339 -0.0594273150348278 -0.0136748853919314 -0.100113964281633 -0.0887280017318709 -0.0193394944389201 0.094724859379868 0.136318471952343 0.0985455828803876 0.0985986681805135 0.0399400367993174 0.095024801888867 0.137409574557581 0.182952174117283 0.192072616788793 -9999 0.135813273279432 0.160248061798548 -9999 -9999 -9999 -9999 -0.109258684097404 -0.112714939497996
-9999 -9999 -9999 -9999 -9999 -9999 -9999 -9999 -9999 -9999 -9999 -9999 -9999 -9999 -9999 -9999 -0.278768223838399 -0.278338376319589 -0.25026475650412 -0.387039310326633 -0.448911018630206 -0.274134307519986 -0.306704277374545 -9999 -9999 -9999 -9999 -0.095713959472239 0.0421103350067701 0.00936263156747776 0.0143710858121595 -0.0352983557592952 -0.069608779290932 0.0353831614132082 -0.0374680670114871 -9999 -9999 0.0143538568339204 0.0295025330029142 0.280160230389606 0.168865219669008 -9999 0.165575249623696 0.0870966570307952 0.108273380042711 -9999 -9999 -9999 -9999 -9999 -9999 -0.0754023286077898
-9999 -9999 -9999 -9999 -9999 -9999 -9999 -9999 -9999 -9999 -9999 -9999 -9999 -9999 -9999 -9999 -0.19283230388133 -0.24472986967998 -0.171166027267049 -0.241042844964106 -0.17946054181813 -0.214197922150325 -9999 -9999 -9999 -0.0359683116646697 -0.033685709657497 0.302764524850354 0.0498118066061711 -0.101411366595379 -9999 0.017669721193424 -0.0193381089283016 0.0951046408176052 -0.0114155333973887 -9999 -9999 -9999 -9999 -9999 0.150612835039145 -9999 0.268750269568174 0.112526346744504 0.140058955521304 -9999 -9999 -9999 -9999 -9999 -9999 -0.0527809516514064
-9999 -9999 -9999 -9999 -9999 -9999 -9999 -9999 -9999 -9999 -9999 -9999 -9999 -9999 -0.320849022613288 -0.268499596306064 -0.16975870237967 -0.274211273419322 -0.250024505458142 -0.188818101183264 -0.242645304832953 -0.248024170931462 -0.250830183159874 -9999 -0.23827017620782 -0.192273796634514 -0.197989086284963 -0.178283713754716 -0.212718423475395 -0.104312315685756 0.0140317811119472 -9999 -9999 0.0587257700194193 0.00624663010831342 0.150203671344848 -9999 -9999 -9999 -9999 -9999 0.250150882072312 0.110923432175362 0.159652850984743 0.12103946324328 0.145310821484613 -9999 -0.0337293341404822 0.0324029150855514 0.131014571513936 -9999 -0.229915961043823
-9999 -9999 -9999 -9999 -9999 -9999 -9999 -9999 -9999 -9999 -9999 -9999 -9999 -9999 -9999 -9999 -9999 -0.293638133788051 -0.334676065146504 -0.317581567754658 -0.232544740564653 -0.246773048205024 -0.276194059554085 -0.233536068893293 -0.194455204774928 -0.232787625692459 -0.187221549611852 -0.171352673667958 -0.151391858883591 -0.146691170623705 -0.0639922971832467 -0.068142712904854 -0.0140411397241574 -9999 -9999 -9999 -9999 0.218577330238336 0.320954429528163 0.325616348693413 0.39857855113344 0.320697596141392 0.299201972946321 0.0836767811241248 0.0715818588230735 -9999 -9999 0.00612847480717881 0.0812294568602765 0.162438971841856 0.0127000255219217 -0.00916388052540496
-9999 -9999 -9999 -9999 -9999 -9999 -9999 -9999 -9999 -9999 -9999 -9999 -9999 -9999 -9999 -9999 -0.343158594952973 -0.341932503850094 -0.357718432604776 -0.318354751653961 -9999 -0.256522193913049 -0.229443873767496 -9999 -9999 -9999 -0.348248700312604 -0.203244723669608 -0.113197627338063 -0.1000928082345 -0.0416811223894851 -0.0467887300717265 -0.0437314038197109 -0.0479396814333815 -9999 -9999 -9999 0.306595944608064 0.169250941710535 0.333256274413833 0.312568898471774 0.31700648243091 0.315702309643227 0.271406559950585 0.227817820507806 0.212337276329912 0.233037944866042 -9999 0.18590570716859 -9999 0.0189222141517428 0.0829349828383783
