data/rasters/s7.17.08.cu.3_xyz_08_.asc
NCOLS 100 
NROWS 100 
XLLCORNER -4 
YLLCORNER -4 
CELLSIZE 0.08 
NODATA_value -9999 
[rows 21 to 41 of 100, columns 49 to 97 of 100]
0.263262598362044 0.317454788572539 0.382338265308344 0.377558737158073 0.253438342814934 0.261920095345312 -0.0600008653344637 -0.227217628353895 -0.235937026624413 -0.206154095406518 -0.1085366342042 -0.255823481475411 -0.243190271865809 -0.244671724176988 -0.248036987270803 -0.0942657512528662 -0.0256177833658613 0.106605647949079 -9999 -9999 0.117781997612372 0.120575238529531 0.0293770208068185 -0.0299162368802712 -0.0378586323662793 0.0155173402041648 0.0668864157855135 -9999 -9999 -9999 -9999 -9999 -9999 -9999 -9999 -9999 -9999 -9999 -9999 -9999 -9999 -9999 -9999 -9999 -9999 -9999 -9999 -9999 -9999
0.236126562787046 0.38525668429651 -9999 0.179942907704653 -0.0745399690058355 -0.141635365460925 -0.0948321901357439 -0.0420096202080165 0.000767281869070005 0.0170260673705321 -0.0892522694761831 -0.137174105537297 -0.156396879732146 -0.0716515328815262 -0.0235521314041816 -0.0131308607153402 0.0724824295004489 0.14760773017056 -9999 -9999 0.169422561870287 0.146959448848129 0.0665666972854559 0.0292081550487057 -0.00342895455254643 -0.0245349231346443 0.0289039496893739 -0.0405092197110908 -0.0610127774151579 -9999 -9999 -9999 -9999 -9999 -9999 -9999 -9999 -9999 -9999 -9999 -9999 -9999 -9999 -9999 -9999 -9999 -9999 -9999 -9999
0.193310072918045 -9999 0.211768879883472 0.123908166311626 -0.107689118720354 -0.012119028331181 -0.0840017394456294 -0.0450600305965457 0.0345532048758342 0.110618739553083 0.0432992526237195 -0.0712669723362411 -0.140266478179713 -0.00352952208455065 0.00607901865380599 -0.0285709194410151 -9999 -9999 -9999 -9999 0.20323519827837 0.206769506838915 0.23305915932215 0.0913313743120306 0.0363297478619977 0.00128465969998361 -0.021552531348806 -0.0657130056529582 -0.0561324383630096 -0.128490505960234 -9999 -9999 -9999 -9999 -9999 -9999 -9999 -9999 -9999 -9999 -9999 -9999 -9999 -9999 -9999 -9999 -9999 -9999 -9999
-9999 0.198592840041235 0.190583183120381 0.21548535052395 0.223573686905675 0.0735703770881739 0.0699068009605581 0.025298908067362 0.0900333666821153 0.218045465192648 0.130913718553031 -9999 -0.0533304309484651 -0.0345271509602441 0.171308687218904 0.101460678717475 -9999 -9999 -9999 -9999 0.263616526442248 0.176547928430374 0.106775684075919 0.0647839908321731 0.159039095089168 0.0313196930306444 -0.0312972280218931 -0.0417231769278268 -0.124125064632083 -0.159267340865675 -0.132365375194327 -9999 -9999 -9999 -9999 -9999 -9999 -9999 -9999 -9999 -9999 -9999 -9999 -9999 -9999 -9999 -9999 -9999 -9999
0.214222529958757 0.316121888043533 0.329026083535008 0.188442959444788 0.123744756170116 0.118587245177882 0.195866801080297 0.0513434974524949 0.0728218323346943 0.113610855955054 0.185088599127213 0.212383057125226 0.281859833479307 -0.137378701358043 0.318697454853119 0.299483160487959 0.37604860509949 -9999 -9999 -9999 -9999 0.0132218691954631 -0.00564491348498016 0.0549825149647564 0.0766465765155906 -0.000120522024479486 -0.0122316552586413 -0.0536529562672974 -0.102189538347288 -0.100903045244965 -0.0549529661145985 -0.00539196177260889 -9999 -9999 -9999 -9999 -9999 -9999 -9999 -9999 -9999 -9999 -9999 -9999 -9999 -9999 -9999 -9999 -9999
0.218672301197336 0.235972424298007 0.232714731983454 0.148595873965069 0.024855746576337 0.0105692533720865 0.118233501990558 0.0814227588610293 0.0934865371470248 0.16426369820114 0.226771452393421 0.295990828520377 0.258497693034113 0.376722238664634 0.416895705513762 0.379951704405697 0.506735286693235 -9999 -9999 -9999 0.186762023850483 0.00535626626445126 0.0280193336742704 -0.0259718708237818 -0.0144541142726843 -0.015395925643823 0.0256657682446873 -0.0351478231174077 -0.0465397493496186 -0.013941404765352 -0.0889592262458974 -0.00632753848648549 -9999 -9999 -9999 -9999 -9999 -9999 -9999 -9999 -9999 -9999 -9999 -9999 -9999 -9999 -9999 -9999 -9999
0.256000276486832 0.323580325605961 0.334980560363997 0.225793442253668 0.0921882382780764 0.052636543328468 0.101840170519973 0.0785368531498856 0.169176901688005 0.159523995503053 0.20728493797137 0.254684513169026 0.337396856983623 0.422148525091465 0.350641521033774 0.401857175534332 0.479006598626213 0.312996382502736 0.28237316714906 0.231782237208536 0.176270635134023 -0.0158274524501932 -0.05925665610634 -0.122099252321923 -0.0964497033509062 -0.0513152490793253 -0.00157297566705686 -0.104283963268513 -0.105194936737602 -0.0816978192856957 0.0354779977317183 -0.0174535773366928 -0.00237860508913614 -9999 -9999 -9999 -9999 -9999 -9999 -9999 -9999 -9999 -9999 -9999 -9999 -9999 -9999 -9999 -9999
0.345621926094119 0.323308262739 0.378616274350965 0.27031981948206 0.173948689576626 0.115211523722993 0.157317468439901 0.21733932673456 0.253306750532971 0.202241653830902 0.186637104869085 0.257610309216534 0.322908168373767 0.291641451782704 0.322277680794701 0.316513772133671 0.264339220468726 0.28456301836281 0.237509594709103 0.13903159083841 0.155943430208816 0.036600896196162 -0.0168836541127664 -0.0651587497596513 -0.0870840934695319 -0.104072794600705 -0.106526266863086 -0.110693298806385 -0.141513546430361 -0.0920891147167347 -0.0597855734068957 -0.0246714462328738 -0.0329431873997768 -0.0193277913319523 -9999 -9999 -9999 -9999 -9999 -9999 -9999 -9999 -9999 -9999 -9999 -9999 -9999 -9999 -9999
0.305617045938628 0.296056244108704 0.317688942701618 0.370895115002157 0.264294764500446 0.231786792344035 0.24409187397862 0.240195389986407 0.31725838460016 0.303024367837444 0.235664321505789 0.217476495656137 0.356659539824209 0.269479278852795 0.28029776715847 0.230749124839392 0.233510165202831 0.272917794289888 0.176393713385783 0.157039230267902 0.0828149334844323 0.0546645052278634 0.0294258396804778 -0.0753405671685829 -0.203166019855162 -0.225885660402676 -0.148348365175584 -0.201699646284779 -0.190774453108422 -0.105274044942407 -0.0493758769822095 -0.0472451576733192 0.0439097263534102 0.0884693866215436 -9999 -9999 -9999 -9999 -9999 -9999 -9999 -9999 -9999 -9999 -9999 -9999 -9999 -9999 -9999
0.2907778344629 0.261943968818345 0.321129959047662 -9999 -9999 0.21708413306398 0.253207882765887 0.290741007126983 0.435451664722792 0.361966959066474 0.298064613967186 0.291813021805424 0.191076080582999 0.120293866390887 0.0887906084174936 0.0518249178711617 0.127871096034834 0.15688609197925 0.184190723002963 0.0791037343466615 0.0429550070479808 0.039140789708236 0.0328701920475908 -0.0653425662438789 -0.221735976836296 -0.233966084351696 -0.220909221194501 -0.233979870023526 -0.145301906184547 -0.108222274797522 -0.0618519384901521 -0.0184811931938129 0.00363314327269492 0.0868530553875101 0.170984326048747 -9999 -9999 -9999 -9999 -9999 -9999 -9999 -9999 -9999 -9999 -9999 -9999 -9999 -9999
0.232096837638746 0.246182116936775 0.323409188395177 -9999 -9999 0.306849128406821 0.286847354112153 0.33794111631387 0.347700524087128 0.336251267716199 0.291534138422344 0.290855387214969 0.166981128147131 0.000837866280094274 -0.0655814126483148 -0.0537997107953544 0.0308241322556619 -0.109626673069794 -0.149296799186447 0.0658793789218776 -0.0847998633680926 -0.0547916964715673 -0.0304846804263759 -0.15949973117018 -0.232707917373375 -0.247721039769987 -0.250627166062945 -0.218115514178799 -0.13784563807081 -0.115366673368901 -0.0821868980719983 0.0259845583425359 0.00657315260960015 0.0379710018414022 0.106961177719569 -9999 -9999 -9999 -9999 -9999 -9999 -9999 -9999 -9999 -9999 -9999 -9999 -9999 -9999
0.210227281365655 0.251703365043007 0.298091817099776 0.37430885101861 -9999 0.292288986205935 0.327735004424518 0.335204385161013 0.344082702176331 0.334440864724438 0.332080131601304 0.26483496956115 0.165035199844735 0.0289636396917966 -0.100568114491328 -0.16654310310221 -0.0705810908185931 -0.132875659200992 -0.151019644782255 -0.188698612804572 -0.238107182139621 -0.163385462269875 -0.0930891308812466 -0.157897200141424 -0.147625012550143 -0.169653559191348 -0.201605911771641 -0.157990768324476 -0.140226217473482 -0.100468696199264 -0.0737074359703893 -0.0752419675825265 -0.00279637132331259 0.00154803062812297 -0.11907239205978 -0.128092382210877 -9999 -9999 -9999 -9999 -9999 -9999 -9999 -9999 -9999 -9999 -9999 -9999 -9999
0.222235920973945 0.202747025945833 0.267836109536249 0.308070616907683 0.275805915463722 0.242996194637705 0.334387825081953 0.371106251061984 0.326697310666106 0.297520468039763 0.30547042353193 0.252629950060741 0.130685783901952 0.0308746154992158 -0.108027885519385 -0.164082498713311 -9999 -0.39033858160381 -0.36997576952978 -0.344494712953543 -0.347629100448906 -0.27876679892159 -0.146437754285137 -0.128401817676489 -0.101877725211549 -0.0837081135406458 -0.155251471162169 -0.104039548419867 -0.0912555518829616 -0.0704771067083278 -0.0863766441051624 -0.197335613179657 -0.119957946209338 -0.25994271597924 -0.291043093479012 -0.22495126756839 -0.295332103368313 -9999 -9999 -9999 -9999 -9999 -9999 -9999 -9999 -9999 -9999 -9999 -9999
0.145509384903151 0.172922775875291 0.244230590429892 0.201662123248452 0.0348967909277099 -0.0726897748242089 0.214615670367947 0.278134650886377 0.363303245927257 0.323959610812941 0.293606006030708 0.19369883663021 -0.04674573693699 -0.207942398476802 -0.298910431659716 -0.238664454013204 -9999 -0.452012586264772 -0.485780929572473 -0.422084417209594 -0.401980569343991 -0.301354818410438 -0.229763666017409 -0.156546747685571 -0.122469250808152 -0.0578965383043759 -0.049004164300425 -0.0255521709990439 -0.0829129261662322 -0.0579017995167252 -0.16799098399591 -0.15608182543673 -0.162061371030101 -0.347797711279618 -0.336445052635847 -0.287073223563092 -0.303226727278192 -9999 -9999 -9999 -9999 -9999 -9999 -9999 -9999 -9999 -9999 -9999 -9999
0.0821991043897358 0.0594717322662526 -0.000959450395844375 0.0869629949314985 -0.088396672628266 -0.0242058392529177 0.0304111595288786 0.103257304673625 0.185759126990469 0.288929422437578 0.116317396571146 0.00224919028386848 -0.197381185014503 -0.29005406481384 -0.401957623213221 -9999 -0.431598734885711 -0.464308313151817 -0.481065777538023 -0.472755031908491 -0.391785090279965 -0.384975646268169 -0.31896856635504 -0.2044258362911 -0.0877266174057667 -0.0758723107105866 -0.0187077754289219 0.00834532002629142 -0.0263866447366927 -0.0647719855295544 -0.110677378498988 -0.206355625986069 -0.251771062190352 -0.349039258433612 -0.394420720845184 -0.384829564797134 -0.338658803742661 -9999 -9999 -9999 -9999 -9999 -9999 -9999 -9999 -9999 -9999 -9999 -9999
0.00734119976945194 0.0630310063785213 -0.139399885423937 -0.188918408942149 -0.226535141753192 -0.129750174416556 -0.138978051244975 -0.0824608300246529 0.0822197366729283 0.174590339325502 0.0158114684389464 -0.00219184352548993 -0.225058346546707 -0.285399394027171 -0.391906775416235 -0.304509707978133 -0.425381531972856 -0.430464343733853 -0.375703137185258 -0.439861254602159 -0.414733384106773 -0.389404376244686 -0.334373571752669 -0.262013293136382 -0.133593920692299 -0.0380457796489807 0.0786146819139557 0.117210073719848 0.0922112937660406 -0.0849241934612332 -0.0815756961450863 -0.186038100391031 -0.288701636411742 -0.401210962548063 -0.422456969431703 -0.45572581143249 -0.421417805274215 -0.367466049970915 -9999 -9999 -9999 -9999 -9999 -9999 -9999 -9999 -9999 -9999 -9999
0.0289565837380131 -0.303461494972645 -0.276221483479376 -0.256939905933672 -0.263653370292351 -0.216857922977714 -0.232247112293685 -0.129192316270822 0.0172860719009672 0.0563813575077126 0.0450847897747 -0.0748271123705781 -0.221410987434062 -0.23997860696564 -0.339924185000862 -0.272652516271922 -0.35849592800088 -0.43751176861164 -0.392107341033787 -0.438838913325096 -0.394961491563348 -0.369892330366915 -0.31185277065838 -0.256583497680615 -0.10825938114748 -0.00192690175903653 0.111133543758503 0.183612206563817 0.15563210592856 0.17633880524371 -0.177688617716757 -0.252355267838957 -0.35815969076799 -0.41514605234331 -0.438210001550723 -0.450546839139692 -0.441519961115753 -0.390762464031507 -9999 -9999 -9999 -9999 -9999 -9999 -9999 -9999 -9999 -9999 -9999
-0.193149675561759 -0.265086691430441 -0.305115395330358 -0.287152849358041 -0.243238925080639 -0.254757762831373 -0.231640263710297 -0.16345947024968 -0.0657737297152552 -0.0203843291770751 0.0272384613537617 0.026661682418649 -0.112716721149003 -0.167175645828204 -0.292955833555016 -0.366742845561042 -0.403449724675266 -0.422608605145369 -0.452640296932606 -0.442226581820311 -0.334725256165423 -0.313758777083021 -0.255921881890411 -0.229907771126917 -0.137561645713888 -0.0239004241562989 0.0728650739991413 0.0238157875307163 -0.0651070803543271 0.0694548998091015 -0.265603605707137 -0.293182030468237 -0.388081404352579 -0.418045247149561 -0.437511842351048 -0.418298587709165 -0.405858067891584 -0.360155574048989 -9999 -9999 -9999 -9999 -9999 -9999 -9999 -9999 -9999 -9999 -9999
-0.214568644664775 -0.319660052518387 -0.346181156349189 -0.334267567992106 -0.290037526341212 -0.244056431802122 -0.250240523004415 -0.265754871034572 -0.236005529540607 -0.122949850197425 -0.0498579067609156 0.0370491158523402 0.000324739856973429 -0.108926491720562 -0.167524134439526 -0.313458051847379 -0.295907437345253 -0.431223775555752 -0.397644630121436 -0.409779769089828 -0.386344448786615 -0.272644929223012 -0.30212296333265 -0.143725663031395 -0.0606323352854076 -0.0214152449956214 0.0270967394935432 0.01301153469888 -0.0502641194001127 -0.0369824407853114 -0.114370951322943 -0.262366759895438 -0.33200111945278 -0.406627974855481 -0.424158102335941 -0.441397421160203 -0.3287601395273 -0.232574161501905 -0.183088310185508 -9999 -9999 -9999 -9999 -9999 -9999 -9999 -9999 -9999 -9999
-0.175033411722992 -0.267847352505032 -0.337106835231218 -0.315813780968522 -0.307087621950399 -0.287839127473699 -0.368361686549852 -0.299752128577131 -0.25423488993164 -0.177111202673357 -0.0453164933700347 0.0598461128970003 0.0406524861532685 -0.0108051509369197 -0.178799642905234 -0.285427414631932 -0.333310783570025 -0.341689969035021 -0.381473212783324 -0.359864540658362 -0.317802102471062 -0.269180741267267 -0.279512082675855 -0.157535775664795 0.00382939870312183 0.0392185953234135 0.0768787833201297 0.0961478116723906 0.0114256220190744 -0.105150661989038 -0.138659599836965 -0.191359957129978 -0.257383424392206 -0.390603975628652 -0.351775488675477 -0.386689840206593 -0.319179169930669 -0.190267238906948 -0.150528798112761 -9999 -9999 -9999 -9999 -9999 -9999 -9999 -9999 -9999 -9999
-0.236893747620913 -0.301405851826097 -0.164258231199838 -0.298511984107054 -0.319343628537177 -0.34124306606138 -0.352440392021024 -0.331954200978302 -0.306706858551128 -0.215594277693652 -0.063631116817878 0.032756927417285 -9999 -0.00153733105527677 -0.127057766606197 -0.243362750808857 -0.308751123656238 -0.35687742002909 -0.372776643525725 -0.288089303344208 -0.200949067089737 -0.232153970944803 -0.223921036267543 -0.136059550448024 -0.000417429098524487 0.0711888146886585 0.161861968745078 0.155618076690805 0.0785924115590143 0.00423537701374501 -0.0622346968628306 -0.111436785511816 -0.219044400567588 -0.364384524328087 -0.317170246998372 -0.228313759960802 -0.286068535988442 -0.213105044610281 -0.159782701257627 -9999 -9999 -9999 -9999 -9999 -9999 -9999 -9999 -9999 -9999
