data/rasters/s7.17.08.cu.5_xyz_08_.asc
NCOLS 100 
NROWS 100 
XLLCORNER -4 
YLLCORNER -4 
CELLSIZE 0.08 
NODATA_value -9999 
[rows 42 to 62 of 100, columns 48 to 95 of 100]
-0.0328053841655156 -0.0453688216421141 0.00480054666909179 -0.0906674160086805 -0.118247796253542 -0.127281884172618 -0.0764322732453492 -0.104910839218859 -0.0631320621611737 -0.155266695062826 -0.147926838215262 -0.0749584403283668 -0.14528196659222 -0.104466473833247 -0.0988395921949198 -0.0714926061247873 -0.0862913261031721 -0.0853991803180125 0.00585551792607215 -0.00112583377477849 0.0676343425669161 0.082715330956432 0.097834310199656 0.0743280477090244 0.0358841531498683 0.0409122344594762 -0.0616150493554003 -0.129877612122184 -0.14977512174762 -0.173587702258476 -0.213729946511155 -0.206164108199309 -0.216418301377051 -0.181753231981388 -0.160356386482274 -0.178437313412194 -0.187523030478537 -0.215512383387187 -0.238170154719897 -0.401090281403294 -9999 -9999 -9999 -9999 -9999 -9999 -9999 -9999
-0.0302941283200726 0.00599935665452646 -0.0504745832650406 -0.106418739861905 -0.123049783509651 -0.198043486850569 -0.0567620302563022 -0.102735998261951 -0.166883606791783 -0.223394743390395 -0.233468112742157 -0.20661791178602 -0.0885575106939141 -0.0660732905234806 -0.179686084677899 -0.113858016763883 -0.0847219892819675 -0.0876302833937209 -9999 0.0768853579035049 0.131356489333185 0.135711602217071 0.108042059198811 0.0615564347387236 0.04595640809236 0.0259485088247442 -0.0244928479649611 -0.117869462840668 -0.100060708568895 -0.12292960058806 -0.165653621316508 -0.188983269699206 -0.231096258293366 -0.202501862564518 -0.182848351573539 -0.1444780856503 -0.202707777923827 -0.241740642342948 -0.274882945894407 -0.313360759490556 -9999 -9999 -9999 -9999 -9999 -9999 -9999 -9999
-0.0654343150562176 -0.0400648679091722 -0.140078461685023 -0.160274072418635 -0.1858195931513 -0.229887966216412 -0.210810130737701 -0.194088406748232 -0.172226645724937 -0.198423040354641 -0.225755519575799 0.122638231355844 -0.103138821486925 -0.0965071081754181 -0.0613994621796784 -0.112239759530854 -9999 -9999 -9999 0.0935578934512779 0.130983665184608 0.183961925994717 0.108463425017877 0.0595277321685866 0.114454837199821 0.0496119819725017 -0.0639021249452675 -0.0939550847229053 -0.0960854517783296 -0.221622129849338 -0.229866823026479 -0.194206764861258 -0.210756275072662 -0.195970759396124 -0.166873683412066 -0.0987517786730002 -0.0716647343008843 -0.141026483789471 -0.264118835524895 -0.258215497024944 -0.28779893794213 -9999 -9999 -9999 -9999 -9999 -9999 -9999
-0.0151009359700002 -0.0654864858930398 -0.100860695356358 -0.156774679934115 -0.287012918686523 -0.285561697159247 -0.301745174482706 -0.251222544732799 -0.17891602395371 -0.222762247780322 -0.0875828053637582 -0.0235314022893128 -0.107214376225425 -0.0599995916152552 -0.035095469804439 -0.246279834594256 -0.232598502738294 -9999 0.12435641307844 0.117416157042009 0.0784397014739668 0.0965395460397793 0.062820793334201 0.0316404629533088 0.026463773749793 0.0327063005130107 0.0103489008464143 -0.0719322610403917 -0.17745065305136 -0.181959363211752 -0.241226381966563 -0.253950047877587 -0.223074909980449 -0.201077787571523 -0.0942397198051789 0.00590728719904137 -0.0733726567172588 -9999 -0.154617900975559 -0.0507023999638851 -0.288128020103819 -9999 -9999 -9999 -9999 -9999 -9999 -9999
-0.0677311031503574 0.0192913278684008 -0.244450674405235 -0.171524447223941 -0.246174520046776 -0.283564895191454 -0.304299013630402 -0.239880337375956 -0.206491844141675 -0.157530279995134 -0.118825442344027 -0.064235210438004 -0.106799803385749 -0.155111079968124 -0.266744394523606 -0.267962829431758 -0.237458955976577 -0.181779414065764 -0.0461384217176077 0.00766143283011535 0.0805966213155567 0.0526214708451337 0.0166083463041959 -0.00326902668383379 0.0511348446785151 0.0344089637376223 -0.00862385797024394 -0.019991642965199 -0.120895110882034 -0.284371562738454 -0.253702855593674 -0.269082541108022 -0.201816155190814 -0.153496214300002 -0.131006745742526 -0.0603158951487155 -0.0862578757656515 -0.0642152801414721 -0.150619194931236 -0.192289114808422 -0.214571952165999 -9999 -9999 -9999 -9999 -9999 -9999 -9999
-0.0433107107518925 -0.106892280617492 -0.148899049646173 -0.127674260219653 -0.230957086892535 -0.195832271009633 -0.260725886213277 -0.197303691534965 -0.172048495077648 -9999 -9999 -0.0953942024420412 -0.144134767932205 -0.291889631439509 -0.311284191585532 -0.350128448897317 -0.0578056906389506 -0.129295963336761 -0.0466966880421437 -0.0130192364348751 0.0497196506065659 0.039239764144537 0.0161807008464301 -0.000723746500344249 0.0348806466597541 0.0610810593192277 -0.00475860016225907 -0.00890564403067823 -0.125076996538865 -0.19215082413681 -0.254340700872786 -0.256133666242428 -0.0268656113597765 -0.202001720757769 -0.133527486649864 -0.0764184223723586 -0.0847414643514879 -0.092118281671849 -0.122263622473154 -0.111761727579012 -0.15130425200068 -9999 -9999 -9999 -9999 -9999 -9999 -9999
-0.138133192530679 -0.0899849561434704 -0.121765962962897 -0.123897299802485 -0.132737190402413 -0.159770929789567 -0.183676807187897 -0.141973715653508 -0.125530725628066 -9999 -9999 -0.200786713975853 -0.181082558619037 -0.331633232035665 -0.353995975038703 -0.273291856784243 -0.284936900213271 -0.162159145787513 -0.139475036744308 0.0752158968352896 0.0145996242274366 -0.002936219916225 -0.0460733759148 -0.0726601461778298 0.00802092000186614 0.0783827344828924 -0.00742293787565908 -0.0638567064558996 -0.165132927997494 -0.160150639228606 -0.245441473345744 -0.246513559234424 -9999 -0.175894291248378 -0.114576394036722 -0.0709135335457477 -0.0708850554327451 -0.0579831951467156 -0.088627416935821 -0.152334459170319 -0.221101780725243 -9999 -9999 -9999 -9999 -9999 -9999 -9999
-0.174604732463651 -0.0850644057288104 -0.125251682298472 -0.149705532464895 -0.167062398500981 -0.103147142004622 -0.0829674731642568 -0.0502600380568327 -2.01236193112309e-06 -0.0597089010459954 -0.210642685998719 -0.159770285743624 -0.175063634851871 -0.293824112350054 -0.265109578065133 -0.392322598956221 -0.299729675976625 -0.220686739295764 0.0344376130748721 0.0554103892149861 0.0470776912856263 0.0304325561931676 0.025547611663126 0.000303376653774459 0.00184004472884944 -9999 -0.0295052445812906 -0.0188328078607616 -0.0405444982438591 -0.112187306995604 -0.133539750638391 -0.0478213661517753 -0.177977057094555 -0.186740977178824 -0.14749765317548 -9999 -0.12769860578162 -0.162018841054377 -0.0626873171774628 -0.160668041306902 -0.18086440672592 -9999 -9999 -9999 -9999 -9999 -9999 -9999
-0.200775037849584 -0.137606303991677 -0.150865320242864 -0.148915672586281 -0.168043987161914 0.00819472093868439 -0.0461312179238628 -0.0419914389430407 -0.0588083790134401 -0.0749868638008975 0.0453891931109691 -0.235332763273728 -0.323389201592263 -0.357462556607479 -0.398717781370462 -0.417022194115026 -0.37997633645825 -0.271752867068696 -0.125535045333414 -0.0170351498899742 0.0442208124640085 0.0554891831595488 0.0325377583565911 0.0465400232159942 0.00476126235817286 -9999 0.0516063440935011 0.118696807143415 0.0514249292333787 -0.00710876380983128 0.0263920904068505 0.140477963413186 -0.188744655474246 -0.0534899729303141 -0.0302559094008947 -0.0751242763236801 -0.171322321732077 -0.197762903353449 -0.201549060480892 -0.223495875053711 -0.138761955922827 -9999 -9999 -9999 -9999 -9999 -9999 -9999
-0.212033320860668 -0.118913454341526 -0.0416048689167567 -0.0591727290854347 -0.216039553196688 -0.0921162940806579 -0.111096516576986 -0.116372916607355 -0.211664560661026 -0.0872087766765821 -0.257573246264016 -0.233936170948043 -0.297999104422779 -0.366843041543667 -0.41320755784971 -0.410358380998957 -0.308595664006966 -0.214337746121555 -0.13823791745957 -0.105143010263139 -0.0327043098049646 0.0181518303513802 0.0266939974312047 0.0581757656049764 0.0497361110469497 0.0286845624731727 0.0480521641794341 0.0876992584591487 0.12143614666969 0.0407961723999576 0.0610064560239902 -9999 -0.0523645164115179 -0.080752481615947 0.00664377820773175 -0.114209407506868 -0.169231305908492 -0.217580372988852 -0.19997417992895 -0.191309475116753 -0.1504673359549 -9999 -9999 -9999 -9999 -9999 -9999 -9999
-0.168157968209337 -0.159182346778279 -0.0460647547477696 -0.149639880964474 -0.275313685838466 -0.264747164574813 -0.25527781558386 -0.28535870636473 -0.230808832829448 -0.247699122077969 -0.244326014422309 -0.202597426824676 -0.210674128403799 -0.301429813687138 -0.321625406771094 -0.282450166424135 -0.203293560608437 -0.171433181328165 -0.143618883824061 -0.117373793511931 -9999 -9999 0.0394541992930502 -9999 0.0844798899064317 0.152311861733337 0.156767342553469 0.122716150997298 0.153343556021863 0.113863653050751 0.152016591559369 0.185650833518629 -0.0197436181223073 -0.0251670120095312 0.0231725589358431 -0.0857834567502183 -0.15090818674338 -0.187320620620592 -0.166801566501254 -0.0796710489475186 -0.0704085850141997 -9999 -9999 -9999 -9999 -9999 -9999 -9999
-9999 -0.0590322592223889 -0.0505194971862054 -0.218907375137577 -0.27476648749616 -0.297356464380903 -0.371462047466407 -0.339756354605574 -0.27574331237288 -0.153767403029739 -0.0128074522272459 -0.0488685119658673 -0.148630858886663 -0.184716556428597 -0.238140645781443 -0.134999430714005 -0.0572417288593626 0.0161338665069544 -0.0790081591493748 -0.0897886599821297 0.127668062364656 0.138449743974538 0.123252431289661 0.140922734584886 0.144444119139346 0.112143431027867 0.155520045267906 0.205262179602847 0.200818137270419 0.180540201310497 0.196500555041583 0.18582767315268 0.133664484506425 0.0352546348292179 -0.04188649168543 -0.10653209660226 -0.156403102426157 -0.190895083202918 -0.168889810950649 -0.15389905615301 -9999 -9999 -9999 -9999 -9999 -9999 -9999 -9999
-0.0222688904293875 -0.000960888663564563 -0.0595590970684725 -0.209786707518228 -0.338158333634993 -0.353975594573736 -0.334128955228431 -0.28889602991489 -0.242980679259946 -0.20738065096614 -0.119890631886044 -0.0146526709416985 -0.0157684466086979 -0.0834916414774129 -0.166621982092437 -0.155431671482016 -0.0401005713667152 -0.0614436762102758 -0.141375654205018 -0.0987064802341234 -0.0209195809881812 0.0232443493226328 -0.00386147050989986 0.12618158983589 0.0308836878544677 0.0422697644160859 0.168626910918744 0.218253295531564 0.218881706145454 0.147146295640872 0.191140113537063 0.162845365624071 0.0369713634929791 0.0464421438298725 -0.0670203338385904 -0.10599908011152 -0.124040706766975 -0.153048244241631 -0.133487924478304 -0.128579738167887 0.0351803252358165 -9999 -9999 -9999 -9999 -9999 -9999 -9999
-0.122947162957788 -0.0696637402556883 -0.14266762007695 -0.240768640318358 -0.297761652892468 -0.32166967849844 -0.326843461939583 -0.285115486113925 -9999 -0.239342671950371 -0.18156953166697 -0.0437478623521848 -0.0943704905487931 -0.0591686495045407 -0.0487666479263279 -0.0663992940364476 -0.0672522529075485 -0.0859190019234989 -0.11571670366477 -0.10786819035207 -0.064654810575963 -0.00290426297401138 -0.00236929394238597 0.0143809470812693 0.0327532984379327 0.030727107621319 0.0645492185543344 0.147079796849773 0.117006023964773 0.0983596074240441 0.106702919079927 0.109934356445101 0.120612336407973 0.0445804919091546 0.0152157078624234 -0.0124561726192484 -0.103464004223903 -0.10382827628612 -0.0761929125425309 -0.0190847008033028 -0.0353250852093016 -9999 -9999 -9999 -9999 -9999 -9999 -9999
-0.104278037675013 -0.137319743990277 -0.229699037798038 -0.193865802330316 -0.266197711794879 -0.358619059283521 -0.282564517595634 -0.257392974576077 -0.217541793262351 -0.0776319786983896 -0.0829995995506781 -0.0719505111127283 -0.108338015552331 -0.126276847691383 -0.0640183494055335 -9999 0.043393938278349 -0.0376303050314836 -0.0737570185519779 -0.106598080229479 -0.0755213186787773 0.00913391073269648 0.00143974554570056 0.0368891706423488 -0.0289869584703579 -0.0411326927962195 -0.031492622810824 0.0457923785466364 0.0654658134164142 0.0460603269131643 0.0807127111118022 0.217109436823071 0.134306454348946 0.136544958322521 0.0548017457745518 0.033845171321346 0.0115763758542545 0.234489411653082 -0.0014471189436395 -0.01595422866489 -0.0887960185008193 -9999 -9999 -9999 -9999 -9999 -9999 -9999
-0.0824610194993987 -0.133549989771932 -0.214527083729559 -0.138485070959826 -0.190668899532389 -0.280992162171477 -0.235320443707449 -0.188606491986417 -0.202168175584739 -0.107326854286661 -0.0874635961657846 -0.0853441490675193 0.0238223604750728 -0.133480814329926 -0.128397107307047 -0.106026178772417 -0.0304037334224418 -0.0184992495654882 -0.0105711453772045 -0.0585318852679259 -0.0207206890325864 -0.0019487856829666 -9999 -0.0310196566907418 -0.0923328520044975 -0.100913180205549 -0.0548290044641969 -0.019303325794835 0.0282832152435405 0.066985624948926 0.284793950482912 -9999 -9999 -0.00117556052583671 0.0164872599040734 0.0521422080194801 0.0259495549438156 0.0232510494135472 -0.0159555219454824 -9999 -9999 -9999 -9999 -9999 -9999 -9999 -9999 -9999
0.000622178667074075 -0.0505976720232338 -0.0760346207020058 -0.0787396465211428 -0.144826240914195 -0.174041914583111 -0.172942349714512 -0.127945158411173 -0.166540061551372 -0.117072042206687 -0.139094660385109 -0.195112814950832 -0.156235728416977 -0.0829028846348845 -0.04418988008525 -0.119882044484188 -0.0930221018396349 -0.106333297632073 -0.0556386371529067 -0.0281664007067386 -0.00601975012589871 0.0486281137847833 0.00184448428028643 -0.0405504398175579 -0.0921690861767714 -0.136412126565548 -0.0716934009986767 0.0376674725525004 0.00517894079086142 0.0278174151584612 0.290871004568817 -0.0456886690319709 -0.0546137071544148 -9999 0.0548088657833426 0.0229687310854234 0.0227273702576321 -0.0355097416435492 -0.0537658308077863 -0.0279960455359926 -9999 -9999 -9999 -9999 -9999 -9999 -9999 -9999
0.014942125779432 -0.0146457763658966 0.018362010598393 -0.0856125770535459 -0.126212113426917 -0.124306965706759 -0.141600768990752 -0.16128259159257 -0.124320027184155 -0.0981255564729316 -0.0955952246139047 -0.0566391205455164 -0.23940388859983 -0.150555320876233 -0.125465702772282 -0.114552745691845 -0.140306749956549 -0.121411961618871 -0.00896319072689015 -0.0079595761983131 -0.0562564826693421 -0.0981059402495721 -0.069520046307531 -0.0440967695385221 -0.081463735966901 -0.120565943616228 -0.0505627086694384 0.0105143861226918 -0.0258544419747393 0.108204247933403 -9999 -0.0297844471684054 -0.0553066182781874 -9999 0.0390994147604275 0.0552407677454509 0.064116093455752 -0.0110238619466688 -0.0692706965151021 -0.0464443515375963 -9999 -9999 -9999 -9999 -9999 -9999 -9999 -9999
0.0966202807841561 0.120723902846489 0.106899283100452 -0.0125878199757902 -0.137727617682477 -0.176211301151258 -0.108238137893882 -0.16691607646184 -0.176899588281007 -0.114964703047045 -0.14211400839169 -0.16363572571545 -0.17484497915931 -0.160360169992741 -0.0972888503471011 -9999 -0.121802134106294 -0.142895725899272 -0.0152017303625632 -0.0299317518278914 -0.0686296267972806 -0.0971594534198213 -0.107849746787787 -0.0526641886084467 -0.0786106685384168 -0.0865526329815259 -0.0753232548235303 -0.0657362542952489 -0.0144914345594965 0.00915706368118621 0.0320030962542399 -0.0155011862524336 0.00894757375133625 0.0593041984240796 0.0647378254984614 0.0508066713219703 0.0413224307947153 -0.00782390081737303 -0.107459501857392 -0.0727737767041346 -9999 -9999 -9999 -9999 -9999 -9999 -9999 -9999
0.0827951943067162 0.0839483290653188 0.0730668556326511 -0.00931567631225 -0.105761084142175 -0.167384391834982 -0.198099774484665 -0.189923651509473 -0.142525283802827 -0.0863474391368155 -0.209130470836264 -0.168091666762668 -0.0931578662164006 -0.102504315457327 -0.0702353516232171 -9999 0.0877356342976919 -0.0530657785974029 -0.0602150338097884 -0.0841284564045743 -0.125216791278929 -0.118479548428647 -0.108477851502952 -0.0838456554620165 -0.0796870827370376 -0.139409589548864 -0.160176337622505 -0.0758334639069796 -0.0295723372128416 -0.0227301372739833 0.00775939980692599 0.0410238106487697 0.086340988844957 0.13646868431376 0.0261672823964751 -0.0193613929997751 -0.05319118480872 -9999 -0.127781866695334 -9999 -9999 -9999 -9999 -9999 -9999 -9999 -9999 -9999
-0.0391298465375867 -0.019040646199464 0.00557699411232993 0.00472298995136187 -0.108615885999217 -0.174785405727233 -0.234938288377336 -0.196013720182524 -0.12823521120259 -0.0519089876689783 -0.0162391194637012 -0.0179830309886525 -0.0266653994486896 -0.0863638951491359 -0.127786212728315 0.0405379863771978 -0.0218333665398814 -0.0721691771127159 -0.12657260188507 -0.103783668200316 -0.149951822247753 -0.171981417274376 -0.11319463507152 -0.111183271297129 -0.174448129284925 -0.180888004393273 -0.182580416263153 -0.147136247212994 -0.0225966077546583 0.0912621090675337 0.05910289636185 0.0627414291977317 0.113069503735815 0.12536476906227 0.0725838885304255 0.0690327413966324 0.00313055714875572 -0.0381707735139691 0.0546979412582037 -9999 -9999 -9999 -9999 -9999 -9999 -9999 -9999 -9999
