data/rasters/s7.17.08.cu.1_xyz_08_.asc
NCOLS 100 
NROWS 100 
XLLCORNER -4 
YLLCORNER -4 
CELLSIZE 0.08 
NODATA_value -9999 
[rows 44 to 65 of 100, columns 0 to 48 of 100]
-9999 -9999 -9999 -9999 -9999 -9999 -9999 -9999 -9999 -9999 -9999 -9999 -9999 0.30473931255479 0.30185301543655 0.270710570805516 0.213441228201896 0.281473249213622 0.295122096321424 0.296281261362942 0.232330550433327 0.265769922515584 0.18446518816406 0.0244937826855108 -0.0515837362931636 -0.00393269189260143 -0.0149414142925519 0.0572655186230242 -9999 -9999 0.170006222797005 0.115240138402803 -9999 -9999 0.0798129639964382 0.0812185968858011 0.129974395951285 0.225853587732266 0.232537355452995 -9999 0.0832882915717529 0.0472861153424394 -0.0116612284405624 -0.11977261930798 -0.179258074587044 -0.198209151154336 -0.0945093458590132 -0.0205543964006166 0.122788874844208
-9999 -9999 -9999 -9999 -9999 -9999 -9999 -9999 -9999 -9999 -9999 -9999 -9999 -9999 0.301792306906965 0.252825027753654 0.343044324246287 0.260448951361651 0.273587623275166 0.258467914598043 0.218867741620147 0.163335199174122 0.141648825290597 0.0364562240555385 -0.009354533822055 -0.0213389196890362 -0.0565731741717244 0.0604839876825299 0.0416781217316122 -9999 -9999 0.0289575284784458 -9999 -9999 -9999 0.108965224634432 0.167027136293478 0.231792114352912 0.253595662071733 0.162473712678533 0.0593167420674634 0.11417911328165 -0.0541855572141163 -0.240816188092565 -0.256178167675934 -0.262880198553464 -0.183448540617566 -0.172987666513403 -0.146969311428437
-9999 -9999 -9999 -9999 -9999 -9999 -9999 -9999 -9999 -9999 -9999 0.372261182543683 0.373601634383598 0.445567222635167 0.344499742850519 0.294042395469089 0.318069711017785 0.279185817181774 0.263876760925371 0.23744270691925 0.218350458282845 0.11964847729179 0.0845039588474059 -9999 -0.0137610979139309 -0.00529424766640585 0.0301137687285115 0.00887881755213908 0.0537562135655443 -0.046609194796459 -0.0142565123752049 0.0632315732205712 -9999 -9999 0.00927940773262583 0.0679384063028422 0.206389055657191 -9999 0.210750395752489 0.231889600499017 0.230360776523356 0.124252635280217 -0.0306328857085998 -0.317667710835359 -0.367873563473227 -0.407598123733543 -0.357939680861412 -0.210323078685114 -0.197105783232332
-9999 -9999 -9999 -9999 -9999 -9999 -9999 -9999 -9999 -9999 -9999 0.402501966371575 0.432054521360156 0.439723950360608 0.433304725626792 0.388512768540076 0.26800633064705 0.246821415688513 0.216893380009435 0.153373458639552 0.173898905338919 0.183163281721429 0.0872401748463416 -9999 -9999 0.0829759953574521 0.108029477166037 0.0945509610056626 0.125966982726388 0.161566585463691 -0.00725331763902054 -9999 -9999 0.175511510890358 0.161504737756216 0.127058999408355 0.17834093999087 -9999 -9999 0.207039530645092 0.175581983173914 0.0769546836469255 -0.0182916867076922 -0.330754954722321 -0.369752319524078 -0.407653072278985 -0.350520792812923 -0.309779061700219 -0.284414038450941
-9999 -9999 -9999 -9999 -9999 -9999 -9999 -9999 -9999 -9999 -9999 0.496812751699826 0.487979712873655 0.414071139871769 0.470384667545531 0.37637787744897 0.292242939379327 0.240218890298276 0.249285191727505 0.193155921860892 0.206019395923084 -9999 0.024425869187257 0.0124025214487723 -9999 0.102259873178256 0.147171075712895 0.113490537219146 0.140150647430142 0.165523322195488 0.0697249982545935 0.0372514318903848 0.0525335771879238 0.129671627632769 0.11211530852623 0.125199736132525 0.203198842377992 0.277055504080314 0.252602463637078 0.19855935100257 0.123628373566277 0.0477282944348152 -0.0777634534433353 -0.262056763089828 -0.378266813692164 -0.417605569444666 -0.374108268672727 -0.323691257514217 -0.315006034508229
-9999 -9999 -9999 -9999 -9999 -9999 -9999 -9999 -9999 -9999 -9999 0.502617795979516 0.481398176731239 0.505962683057248 0.479219424736329 0.41414891144988 0.358833439339028 0.241855523696298 0.264972596656482 0.241105029045882 0.209744200093278 0.199180337835046 0.0761660131502409 0.0775234240161354 0.120241699885984 0.0793963644616358 -0.15569577575892 0.202146342233616 -9999 -9999 0.0995164617312351 0.0835582814346237 0.0953987373767492 0.120140687771489 0.149260412545465 0.202083317992769 -9999 0.266065673024374 0.261702408538824 0.203512705873519 0.0934995573820096 0.0414234082543248 -0.279707902231641 -0.27623240680477 -0.367065939311902 -0.449644029388096 -0.328893226184821 -0.302004950559627 -0.266495930853259
-9999 -9999 -9999 -9999 -9999 -9999 -9999 -9999 -9999 -9999 -9999 0.479879550740606 0.466614523567033 0.478882234270359 0.4442485600375 0.408526573781616 0.297503377704362 0.233539342635482 0.27317211492958 0.247276682803955 0.260266800806915 0.222595018643422 -9999 0.0928990461890086 0.180077727220237 0.244956708593154 0.254941360855733 0.225391254144431 0.210465524997532 -9999 0.13623089228723 0.0599743595995685 0.111695044906148 0.133542881085623 0.20219047301069 0.249868451790954 0.286418637960907 0.268303094672502 0.282733479980478 0.23815778919078 0.00482162080064725 -9999 -0.0377372625177542 -0.145667257106791 -0.372717858387786 -0.392525287439679 -0.425620865084431 -0.254054103842125 -0.214907877401536
-9999 -9999 -9999 -9999 -9999 -9999 -9999 -9999 -9999 -9999 -9999 0.457267999080393 0.436920125348889 0.39769116493517 0.383066094095209 0.307415885512432 0.294604487635214 0.24227209105415 0.266437741592097 0.251853724783405 0.249477998552199 0.225699632161462 0.185774814542838 0.147839011052457 0.187465422961123 0.275564577610552 0.287287503643828 0.232932682484926 0.177643708671936 0.252463150596304 0.186097506979572 0.0901830486497615 0.160935889343772 0.15380777909839 0.141266012503472 0.19506914303072 0.255667735097689 0.251912765928807 0.197094346932192 0.246901020381753 -9999 -0.00707932165522474 0.0166911021001778 -0.063454215883416 -0.393128263928995 -0.467983721083824 -0.344993649643161 -0.208530725754183 -0.237457123005602
-9999 -9999 -9999 -9999 -9999 -9999 -9999 -9999 -9999 -9999 -9999 0.435497474723962 0.360706767168579 0.307123756010727 0.33745550357606 0.262208719111318 0.278966131063164 0.213338949055791 0.24572085041189 0.213051835580451 -9999 0.178943451293376 0.236907629192057 0.196656180040902 0.179964018263389 0.282856243970306 0.291756721470204 0.261498297761233 0.254481995502703 0.280100189932512 0.308175124611014 0.198018171552321 0.0288550155851862 0.159669011606138 0.0525716414461963 0.0261509380476646 0.162711757219296 0.17561581510315 0.140263386248881 -9999 -9999 0.0594009286898788 -0.0141354283939526 -0.0457528797259326 -0.259444512291853 -0.167577701556097 -0.181804217244963 -0.167099196706573 -0.23794608865362
-9999 -9999 -9999 -9999 -9999 -9999 -9999 -9999 -9999 -9999 -9999 0.369503381887627 0.34091715569547 0.306209286869071 0.182288440158998 0.211434515914373 0.0183966339778205 0.210250586266115 0.194501120315827 0.174248246371317 0.139380132435195 0.180287929342984 0.192090585381533 0.215329105942951 0.242277397828092 0.284174646812492 0.268777674221885 0.276275812920573 0.306622501518222 0.246093808553833 0.299270051371934 0.210798414516241 0.155713893726303 0.0753458797097403 -0.0832297723871562 -0.0689127104250219 0.02939673271561 0.111078221596272 0.0774997182558698 0.0494240556499177 -9999 -0.0362267868144149 -0.117162135056278 -0.255468400297464 -0.207816339705905 -0.164196078093309 -0.0972241623963115 -0.0843162759161145 -0.0758002835502384
-9999 -9999 -9999 -9999 -9999 -9999 -9999 -9999 -9999 -9999 -9999 0.339010100637743 0.317001034076542 0.268188554436664 0.180118390949286 0.189722066045287 0.152397864785621 0.191165244957736 0.148292814224122 0.217149694425725 0.150098521245762 0.205065590428104 0.264587161391437 0.187663944927867 0.17873903777498 0.201863951843957 0.222312460671173 0.237246031715033 0.270491172228351 0.205437204213414 0.188120824458439 0.100939009026989 0.0627106030012883 -0.00301457868894867 -0.0669287459955415 -0.155797843113873 -0.0725364382268208 -0.0741626215936585 0.0298778834424078 -0.00115624406864212 -9999 -0.267222346111744 -0.167179769144046 -0.248611688213441 -0.241079628224118 -0.168592091688725 -0.113315232758058 -0.0808164186817612 -0.08216165595283
-9999 -9999 -9999 -9999 -9999 -9999 -9999 -9999 -9999 -9999 -9999 0.180890975547258 0.203699372755216 0.140131215190179 0.0970074976252892 0.152158185905519 0.170865043710996 0.174919309734477 0.192853409416292 0.233062364551021 0.237355788930425 0.273969646735009 0.290037815934329 0.255134600139279 0.129447954842495 0.119424781761433 0.227037230178203 0.226600122060709 -9999 0.261994180094504 0.159679733547263 0.0933975262696618 -0.129146575702646 -0.143822875285795 -0.177621188457888 -0.171808762278151 -0.116878063482319 0.122195638647196 0.0433587797414436 -0.0121725485656235 -9999 -9999 -0.210246834367453 -0.00727259705403669 -0.0948844911069661 -0.0714760777255104 -0.0825127578782399 -0.123373395641863 -0.162883569012372
-9999 -9999 -9999 -9999 -9999 -9999 -9999 -9999 -9999 -9999 -9999 0.166090166940401 0.163032291345305 0.116179122594772 0.076365265748124 0.05854422076676 0.11213451126119 0.0950684896370171 -9999 0.143695158159484 0.253520048511873 0.296302185716194 0.302214007829577 0.251031623777975 0.190680880531557 -0.0128805960077566 0.120836862230094 0.201878625651861 -9999 -9999 0.151325730948752 0.0379299165729877 -0.116566211000913 -0.219904522830142 -0.258010698713609 -9999 -0.0945807924823166 0.0635601643135417 0.0353817806599486 0.0574835912897743 0.119138174046235 0.0655173071536052 -0.0163137912573895 0.0499928805300444 -0.0556576620975317 -0.133443307594036 -0.0677939420283864 -9999 -0.231780053438997
-9999 -9999 -9999 -9999 -9999 -9999 -9999 -9999 -9999 -9999 -9999 -9999 0.071966907872796 0.0546375433093226 0.0847384910552469 -0.00491041759921062 0.0440594326222142 0.0101602963282277 0.147168550327381 0.212146454756705 0.248475996296551 0.267299514708027 0.270214089052417 0.21432322623877 0.145446990189516 -0.014649042348769 0.0781098478323258 -9999 -9999 0.0589761293661039 0.074882233203262 -0.0730501564379143 -0.101606181661516 -0.198047629323273 -9999 -0.282658923679426 -0.139329242173114 -0.0598148091388102 0.0499868731025555 0.123424842038173 0.122315468250704 0.184779035842477 0.104553110397801 0.105114230703074 0.107909306273161 0.0833522445815737 0.0072615874918329 -0.156335357570084 -0.201880646867778
-9999 -9999 -9999 -9999 -9999 -9999 -9999 -9999 -9999 -9999 -9999 -9999 0.00635382106012668 -0.0251041222243967 0.0407289023591208 -0.0156707795613693 0.0576127725343116 -0.013937825650172 0.152673634345138 0.178719399828211 0.197364157850266 0.255862125181302 0.217729707732929 0.0776619611271367 0.0653382435194798 0.0676548205258315 0.126556990690108 0.00972131226179752 0.0426839745433233 0.0393117882394821 -0.0103630736896974 -0.0155951898373304 -0.109428307433977 -0.145421889027616 -9999 -0.207502024085659 -0.102365006527125 -0.209436411588678 0.0583207219595229 0.122917417663615 0.18116824891787 0.210671374566552 0.170959894410697 0.152229751243 0.173419649044407 0.135628693970331 0.162510013143238 -0.162661739492747 -0.257657506843462
-9999 -9999 -9999 -9999 -9999 -9999 -9999 -9999 -9999 -9999 -9999 -9999 -0.00927216543530069 -0.0955614283744661 -9999 -0.0403074682338699 0.022781172224009 0.0162211050407394 0.102137888764381 0.212066954991377 0.234414403563143 0.156726445139899 0.153655966396338 0.120003639171284 0.0668643240502363 0.0472291425476625 0.106791925448564 0.037925167647027 0.00625576362585216 -0.0281863607292721 -0.0213686108272191 -0.0843530957856038 -0.109882551142887 -0.158595512877863 -0.0916220766831316 -0.0195873469834743 -0.0119510819623659 -0.016096752353679 0.136917505804236 0.0933941776328469 0.199659946955165 0.211294045959321 0.196547656021246 0.171201162622222 -9999 0.00189428693722699 -0.0764147560590423 -0.211125679204376 -0.126627274186569
-9999 -9999 -9999 -9999 -9999 -9999 -9999 -9999 -9999 -9999 -9999 -9999 -0.100710831471009 -0.0654578933573594 -0.0449286387193327 -0.0385161939795318 -0.0102529176093882 -0.0235378734484429 -0.0177312744703104 -0.0169008104392682 -9999 -9999 0.127529080675778 -0.00294736721447405 0.128215770383186 0.115998253332467 0.094598522330299 0.117664842254999 0.0127610236753978 0.000409042954344855 -0.0623878034587748 -0.00736992106868793 -0.189859509709922 -0.100278161287248 -0.264071721623665 -0.00356622127362295 0.0211414407068519 0.0240175807633885 0.0904037499525242 0.136022820400476 0.216125477212258 0.211437748117791 0.186726834640874 0.138658306026889 0.102462912794095 -9999 -0.099748199546708 -9999 -0.130717851536578
-9999 -9999 -9999 -9999 -9999 -9999 -9999 -9999 -9999 -9999 -9999 -9999 -0.0310036886096864 -0.0210088880740297 -0.0560776595784247 -0.0630423480533179 -0.0789307166250097 -0.00300402234784691 -0.0158368294705429 -0.00275975334515147 0.00740496749805025 0.0202045267349867 0.134992657482981 0.076998461504495 0.118698101244445 0.122915803984481 0.13050225453753 0.0745763705818835 0.0372445085308046 0.031023435992308 0.0235761453175903 -0.00790426939971252 -0.00937863539008031 -0.0231343630936734 -0.00808830188045105 -0.00417302534937554 0.017438108998714 0.00451922482354577 0.0558300127968659 0.126978455152162 0.157103068600674 0.115753401976223 0.133041479499913 0.0858592518603775 0.0773130441253752 0.0290995809571201 -0.0375468952172948 -0.0591943213584747 -0.0361165357134849
-9999 -9999 -9999 -9999 -9999 -9999 -9999 -9999 -9999 -9999 -9999 -9999 -9999 -9999 -9999 -0.118915604984373 -0.0909635951087939 -0.0838174347152335 0.0345600865669503 0.0251350895768996 -0.0180098941165477 -0.0251283001749493 0.0133229815461951 0.0757694119310729 0.103357004943229 0.158773623445972 0.186333399709188 0.0979046622539058 0.0810640330538882 0.0489006769515277 -0.0192803914036317 -9999 -0.00637365308436095 0.00512985634608611 0.0191570856953962 0.024915144190981 0.0060012746752638 -0.0127573506032413 0.0792794015287463 0.0237626898450718 -0.0325602131789245 0.110203709846057 0.0910838762370043 0.0593575320577777 0.0568318113990591 0.0678079066292442 -0.100069224009127 -0.0398700076017087 -0.0529238988544637
-9999 -9999 -9999 -9999 -9999 -9999 -9999 -9999 -9999 -9999 -9999 -9999 -9999 -9999 -9999 -0.154051078668417 0.0193459985183278 0.0276888152794601 -0.0387384670061727 -0.0633601095565111 -0.00106528311060354 -0.0204474379202802 -0.0279708948689506 0.0447131519737042 0.126634226026986 0.184994135605641 0.172477465304371 0.0443377141090117 0.1402612329857 0.0405477969874575 -0.0430872739687149 0.0115000067839966 0.0340024414669416 0.0835406157215755 0.0515610826645402 0.0267017639074248 -0.0179160572714613 -0.107333907205383 -0.0473825608199814 -0.0919350112614862 0.0330147440662445 0.0166430019140731 -9999 -9999 -9999 -0.243599108959508 -0.148817193984353 -0.0680051209057764 -0.091094823032988
-9999 -9999 -9999 -9999 -9999 -9999 -9999 -9999 -9999 -9999 -9999 -9999 -9999 -9999 -9999 -0.115098465023355 -0.0335893849414337 0.0059876239823043 0.0383538183211047 -0.0142574067417715 0.042461604105377 -0.0162216182851512 -0.032383012342836 0.0228140621363323 0.0461119750630235 0.0153813253965506 -0.0378906237079334 -0.0209565339718661 0.0601054452916895 -0.0180323546015878 -0.0571350792362144 -0.0188185817504386 0.0168282966501054 0.045740706491669 0.0487180119033445 0.0299178977267047 -0.0552244257585299 -0.12912588753706 -0.151611369733436 -0.109602424113495 -0.106085015532859 -0.211242333308537 -0.149090796854766 -0.267707698180134 -0.32049530651137 -0.206754631964621 -0.224809520959245 -0.207529213520314 -0.157967659916084
-9999 -9999 -9999 -9999 -9999 -9999 -9999 -9999 -9999 -9999 -9999 -9999 -9999 -9999 -9999 -9999 -0.0821260822857866 -0.0213373353590828 0.0412048740383191 -0.170100813313954 0.0295216441106183 -0.00776555692189557 -0.0359060515651917 -9999 0.0294303367729554 -0.0241186123176044 -0.0140346564839494 -0.043762776591114 -0.0425924237075438 -0.0149366062365589 -0.0972656890413995 -0.0341230923151241 0.0326788610322381 0.0283323860633613 -0.00461578133177718 -0.0280922537036359 -0.093268007909959 -0.132844584611793 -0.160795381601589 -0.122029359036267 -0.176570006102655 -0.233099651744601 -0.206975279565508 -0.227518961715722 -0.301950607933045 -0.276872011578778 -0.278879838903817 -0.218887271969805 -0.164266846925965
