data/rasters/s7.17.08.cu.1_xyz_08_.asc
NCOLS 100 
NROWS 100 
XLLCORNER -4 
YLLCORNER -4 
CELLSIZE 0.08 
NODATA_value -9999 
[rows 44 to 65 of 100, columns 49 to 97 of 100]
0.114566599077141 0.11259759432253 -0.0585793919900869 0.012891518579379 0.0734184367293939 0.0843701420790267 0.0928671933517827 0.153978873864094 0.199654003989527 0.225106705589654 0.191350803240469 0.2316108194677 0.204831688452942 0.0502266388881885 0.0749013829887965 -9999 0.222723000139058 0.257892933816782 0.26627865059679 0.283199193744144 0.0640991900544162 0.116856159204927 0.0478747751308801 -0.263686137925506 0.14338500227676 0.208652504801789 0.209985022745021 0.179444123929877 0.228706724022627 0.230057499662762 0.185514474904609 -0.0330707877940385 0.0095963181247145 -0.0872755379438465 -0.0962679312631751 -9999 -0.443958747648498 -9999 -0.224499781258593 -0.221909090052676 -9999 -9999 -9999 -9999 -9999 -9999 -9999 -9999 -9999
-0.0745345467120276 -0.0106272706775305 -0.0527187009208425 -0.144847737115624 -0.283187831280589 -0.115782184507954 -0.0423245986238054 -0.00946210408234305 0.150219291718277 0.180926351716776 0.154408646060131 0.094380336219165 0.0534831712312812 0.0493030567425482 0.0673640111540895 0.0645999055762365 -9999 -9999 -9999 0.177238815548389 0.120116799924661 0.00442511020344704 -0.0136594906621605 -0.0436372346586391 0.0835692952067835 0.173772992402093 0.274027138993355 0.286932373175086 0.256140050572007 0.227092747870263 0.166789581007923 0.0751082323419105 0.0949855865902735 -0.137874025819515 -0.239399436151758 -9999 -0.208704354286321 -0.233965790394584 -0.210519253657249 -0.187339135382277 -9999 -9999 -9999 -9999 -9999 -9999 -9999 -9999 -9999
-0.0783091840483606 -0.0591149970142309 -0.24351267813651 -0.233778415974032 -0.27405728619537 -0.162484454484291 -0.108974584203847 -0.051204925680173 0.149331457226729 0.135713220338976 0.0270873135424214 0.0892677396771227 0.0366817425216017 0.0447615468419455 0.070935053488941 0.0927190432461386 -9999 -9999 -9999 0.12217925720765 0.0475324497838736 -0.093668124109876 -0.0387518955197606 0.0287723166911048 0.124708518449716 0.189405527966549 0.248423874340814 0.202810806494537 0.226353434680868 0.192733089610603 0.171862282785237 0.055433424108502 0.120087955975342 -0.0165386896183215 -0.224201411152011 -9999 -0.2170317985218 -0.174433470847649 -0.223402106023281 -0.204457638210229 -9999 -9999 -9999 -9999 -9999 -9999 -9999 -9999 -9999
-9999 -0.235219227191517 -0.211714973172973 -0.211367983148518 -9999 -0.181646781936202 -0.0443305148377664 0.053973619693753 -9999 0.0808816424619599 0.0635024374027529 0.0577209178106032 0.0709703229092605 0.079459966498627 0.0659659638425698 0.0808487386680867 -9999 -9999 -9999 -0.051767093953019 -0.0278344197436456 -0.066588134066131 -9999 0.0306584408230378 0.116952873408382 0.125476677781065 0.218650301157486 0.226392801012668 0.207267386145982 0.181679178502448 0.096798228750725 -0.00186188139317547 -9999 0.0219688449900366 -0.257610333020242 -9999 -0.276529553003687 -0.187090160087083 -0.168156755781428 -9999 -9999 -9999 -9999 -9999 -9999 -9999 -9999 -9999 -9999
-9999 -0.297810423003027 -0.253069679050009 -9999 -9999 -0.162734587092191 -0.0440886847085493 0.0464605784493995 -9999 0.083203078623582 0.030023500015915 0.0717919405996105 0.0898426678397189 0.0947361760133906 0.0890519935067982 0.0446735471012885 -9999 -9999 -9999 -9999 -0.0426327538507899 -0.0400648854459923 -9999 -9999 0.114585077920704 0.178045626411235 -9999 0.265612898520481 0.196542316287125 0.156771691985568 -9999 0.207429092070812 0.182669565824644 0.0444272844295776 0.112481377020197 -9999 -9999 -0.257250647403627 -9999 -9999 -9999 -9999 -9999 -9999 -9999 -9999 -9999 -9999 -9999
-9999 -0.318025106608032 -0.282086066316737 -9999 -0.258951112556934 -0.16667561130009 -0.0599091612847834 0.0880002604819617 0.141368128229142 0.0630481648767877 0.119337401795282 0.0926565242534885 0.155948567650202 0.0976657336433191 0.0551768061913384 -0.0569031078153996 -0.138533467804236 -9999 -0.019929367497196 -0.00537015868984869 0.0156411224441018 0.00670791580322786 0.116134243541307 0.0883164763496487 -0.00263028443921461 -9999 0.14287903393567 0.219083729610917 0.190403168313294 0.148851166866885 0.252272742549182 0.166072365192842 0.120337471760449 0.120323100584173 0.108708403722168 -0.0514388739381691 -0.201924786546516 -0.325482743300793 -9999 -9999 -9999 -9999 -9999 -9999 -9999 -9999 -9999 -9999 -9999
-9999 -9999 -0.319952468448197 -9999 -0.205528874762559 -0.160323494647754 0.00647569172324301 0.126220543113656 0.149966886507345 0.229063943194437 0.149982165098994 -9999 0.238320365773638 0.127691134850988 0.172251210462294 -0.049066728981797 -0.103823719625785 -9999 -0.133552432273846 0.0276692097246376 0.127481950949807 0.182737202759753 0.15123370797481 0.175824918763796 0.180310536480805 0.140892688593956 0.124965698184798 0.209304543970824 0.207937926142551 0.195569920237446 0.236199780825048 0.167470397718277 0.0342101826084833 0.15192023774885 0.111268712872802 0.126352465534565 -0.136158119810625 -0.338845381506692 -9999 -9999 -9999 -9999 -9999 -9999 -9999 -9999 -9999 -9999 -9999
-0.225214830566773 -0.263899898010741 -0.304272085522278 -0.271631122635825 -0.166409132771979 -0.0946070603590755 -0.0920978940377932 0.158181577438551 0.0482352905673818 0.241520369285795 0.345651669310335 0.305282363198749 0.280419885278847 0.187173756904162 0.174399196350454 0.0452909671812287 -0.036139848505842 0.0261599131589053 0.173426327549773 0.138365806166851 0.150090085023894 0.226353159827167 0.170602969136491 0.164622594177423 0.137741042905987 0.180018220537052 0.168732265395915 0.235190377863386 0.241611800767549 0.211323190452647 -9999 0.283847785499262 0.276236048814118 -9999 0.0774640836641283 0.107729237923432 -0.0979414073555677 -0.306341847817193 -9999 -9999 -9999 -9999 -9999 -9999 -9999 -9999 -9999 -9999 -9999
-0.218104988313052 -0.303077333121934 -0.288286221590777 -0.242104094619227 -0.180931557831029 -0.0847105139427919 0.0123715020499417 0.0588745883995117 -9999 0.273253863967273 0.308340033841491 0.325471778918672 0.273502218561816 0.226562446062149 0.19297358796201 0.192715783229185 0.192528906414355 -9999 0.162179843604369 0.180340889333058 0.237781007050046 0.277173006245691 0.193641626465377 0.193279697092915 0.172156581169553 0.243425178875596 0.180933541278684 0.158326675886328 0.249689010468172 -9999 -9999 0.319176478237055 0.274409073808019 -9999 -9999 0.0739713833796178 -0.233736844975777 -0.418481468763781 -0.472503096008568 -9999 -9999 -9999 -9999 -9999 -9999 -9999 -9999 -9999 -9999
-0.21191376832625 -0.202215213236842 -0.227510681237069 -0.189109507776385 -0.135051133154501 -0.00763016069577542 0.0444079546235163 0.071580697774598 0.201160639685025 0.31379518779967 0.288307371748787 0.28907434532155 0.300387125378366 0.269815095950795 0.165402170568395 0.190751613927064 0.031224618237717 -9999 0.157649618366896 0.234060178975695 0.285982130721828 0.289055225274946 0.15443260608147 0.231777367858267 0.186895460301112 0.16230572857289 0.21424471500581 0.182382903101733 0.261686370770689 -9999 -9999 0.311579615681546 0.288177297842371 -9999 -9999 -0.096118271558841 -0.304804023650613 -0.609625308523952 -9999 -9999 -9999 -9999 -9999 -9999 -9999 -9999 -9999 -9999 -9999
-0.10475917551531 -0.152662699934751 -0.215290275129869 -9999 -0.241941164223001 -0.03217964891227 0.014188829990586 0.0752229921718944 0.16148213181055 -9999 -9999 -9999 0.246879197324535 0.212455408542084 0.200835517337667 0.180218702082001 0.0336311342325821 0.055857642401834 0.112460885268705 0.213183400665361 0.254040841017705 0.273566114050378 0.229111381123054 0.172009173332059 -9999 0.170011410917315 0.157338741667492 0.221784257744194 0.305654902676281 0.344016915002958 -9999 -9999 0.209848555920038 0.176822366366196 -9999 -9999 -0.321208666886944 -0.202049077113671 -0.220305611819907 -9999 -9999 -9999 -9999 -9999 -9999 -9999 -9999 -9999 -9999
-0.131803841461533 -0.21408043524552 -0.292521803471562 -0.331805060892142 -0.291050213674091 -0.191677952633387 -0.0298619262941001 -0.129025776827192 0.0480468339673025 0.0951758145886422 0.192381702820038 0.197463167181602 0.103210065695127 0.253430721947238 -9999 -9999 0.0244283647424664 0.0932742002260433 0.089966009171399 0.124284569356571 0.180054346483474 0.229805428516967 0.228695682289755 0.13546690994885 0.114743992060693 0.223949725155574 0.206114361069372 0.244378145262221 0.316058569858087 0.357700367324852 -9999 -9999 0.253163959582603 0.209378256622866 0.195834252467254 0.117282085956505 -0.233694966339377 -0.183853425987867 -0.234926091868615 -0.166546678459401 -9999 -9999 -9999 -9999 -9999 -9999 -9999 -9999 -9999
-0.161885414937892 -0.283518344510573 -0.372171983104377 -0.33434234272745 -0.260557880963182 -0.295363540093269 -9999 -0.109927330026103 -0.0498588618760929 0.062122366921859 0.150802100900323 0.133112151369792 0.0310312600800678 -0.0220600728630285 0.0449716709223213 0.0477840957138164 0.0127808821756083 0.0630709210661009 0.135817319266917 0.119322113570465 0.116772692111223 0.154707170286311 0.20750892737898 0.101529160953053 0.082122218086545 0.22417555031798 0.0750748289577295 0.254225526455878 0.316154235849976 -9999 0.231172712585827 0.158812929175889 0.222748388876058 0.249508105486818 -9999 0.134657866153811 0.152372711312458 -0.0670989215768567 -0.259571914202583 -0.221873458851809 -9999 -9999 -9999 -9999 -9999 -9999 -9999 -9999 -9999
-0.161527200452676 -0.238229718849415 -0.288793650873322 -0.306157714784158 -0.258728458768214 -0.201184448991169 -0.202714256249943 -0.199944460744415 -0.0541212555986364 -0.0979967182789094 0.122548162224812 0.113196159750126 -0.00677397574678649 -0.0150591687181839 0.0509872481755165 0.0635660219196113 0.0599826444487254 0.00649464198878154 -0.0518440780940859 -9999 -9999 -9999 -9999 -9999 -0.0393204740204069 0.192263205044308 0.258582703425167 -9999 -9999 -9999 0.21663047083496 0.187828940084757 0.182092490442074 0.234145597324695 0.22036287869346 0.130247963669366 0.141968636125723 0.0315423178542726 -0.262787626753523 -9999 -9999 -9999 -9999 -9999 -9999 -9999 -9999 -9999 -9999
-9999 -0.29855260299636 -0.331515689692559 -0.315121864872069 -0.279145077292959 -9999 -0.150792117422683 -0.162807509055545 -0.0525436110733602 -0.0053455688525112 0.0139011162402688 0.095998956856918 -9999 -9999 0.0730836154749187 0.125813743615162 0.110350876603 0.114198137908531 0.125852447147107 -9999 0.228935199833276 0.186667757936207 0.192253533006055 0.2278443064116 0.181033620798239 0.265254896892851 0.2015037928258 -9999 -9999 0.147523912631762 0.184424102517687 0.187749919649409 0.205919619772218 0.253538164084144 0.250482949925237 0.168325731960138 0.112057018857801 0.167843096122493 -9999 -9999 -9999 -9999 -9999 -9999 -9999 -9999 -9999 -9999 -9999
-0.19436886321703 -0.0810291051483546 -0.400251439146778 -0.267697272032039 -0.161297716000485 -0.131010079323218 -0.150471514376108 -0.120993337765151 -0.076441694362709 -0.017419048802836 -0.0148683765321261 0.048943102300787 -0.0121270028534579 0.0830395958453619 0.0919887599581158 0.135644061694175 0.189218067686853 0.199942905088149 0.15435623307689 -9999 0.186921887496525 0.200444941137453 0.201247781417915 0.249012030505439 0.292710508248285 0.335927266966352 0.277663809475165 -9999 -9999 0.231893650560165 0.194303306702103 -9999 0.224131371212289 0.230616224124497 0.249718350883091 0.257429059062813 0.268317204033819 0.138312157898993 0.173281331903741 -9999 -9999 -9999 -9999 -9999 -9999 -9999 -9999 -9999 -9999
-0.10277236312004 -0.121815179694198 -0.172886152642605 -0.0970003986275626 -0.12736043972411 -0.0928723955083091 -0.0946694924507182 -0.0576389335736088 -0.0664413426297173 -0.0482508436404568 -0.0715209217011389 -0.0410204111121679 0.0278077472227346 0.169215924098987 0.185809084632278 0.168649570662871 0.201073801578313 0.22158824442555 -9999 -9999 0.160797426897272 0.181892467203485 0.333117766327999 0.332023570321835 0.331836444177187 0.377756509703264 0.293477062045086 0.292923956424332 0.294499190795197 0.186535140778038 0.186512252437596 0.241386667701375 0.240730379887919 0.285509949101023 0.288908451816719 0.314083269883876 0.307229397817271 0.223057086587997 -9999 -9999 -9999 -9999 -9999 -9999 -9999 -9999 -9999 -9999 -9999
-0.0586602443662122 -0.0575065504976742 -0.0179060257867815 -0.0255328759293622 -0.0705100556811335 -0.0457225759302537 -9999 -0.0557167217566559 -0.155466927731731 -0.0239862082198859 -0.0729624617191132 -0.0376660027918951 0.0236817378241247 0.151928690375945 0.203375325060051 0.214680199927787 0.241298392015061 0.153554740798554 0.17221305275531 0.0955841909135924 0.131347677425506 0.202047877944886 0.350627632182393 0.40061005617521 -9999 0.384405914283634 0.343237631484055 0.275736864801386 0.277243605243244 0.0611851625620588 0.125930036944998 0.244057934757498 0.247898942156496 0.208413991318334 0.317263845404998 0.275837251674366 0.143121572675609 0.19698279523817 0.167468836668178 -9999 -9999 -9999 -9999 -9999 -9999 -9999 -9999 -9999 -9999
-0.019842456378914 0.0411825773697623 0.07944337865956 0.0208385218873594 -0.0376695751866923 -0.039585708350221 -0.093209340879904 -0.0840919338438742 -0.26829369437547 -9999 -0.116528010172025 -0.0197131268573753 0.0621222474276575 0.112682312689253 0.13645401584214 0.164398949114684 0.212336294924854 0.145715417849054 0.0683932244796203 0.112263816839062 0.219642622403327 0.265800812768013 -9999 -9999 0.385837641926017 0.368806973192265 0.326880049937584 0.292966869425505 0.263338298063348 -9999 0.174552018952589 0.260545369940313 0.25562510466574 0.234252619175402 0.291663966757599 0.272852589286644 0.226150501296938 0.159856252528694 -9999 -9999 -9999 -9999 -9999 -9999 -9999 -9999 -9999 -9999 -9999
-0.0644195211221242 0.0613381627424621 0.0904223757660382 0.0464572077798297 0.00157786068776832 -0.0444196841612915 -0.11995979559778 -0.107109572897012 -9999 -9999 -9999 0.0162895946058494 -0.0993235659483733 0.0655407380762598 0.118065221613271 0.149697318147978 0.186945877031267 0.139182712917425 0.057563795865617 0.0998530769979952 0.198193403111556 0.318395336482557 0.220205453665323 -9999 0.324603941887554 0.30638144742855 0.302641638602556 0.298929254015529 0.322880294907103 0.288890802429949 0.268271771313573 0.252216151341305 0.197099329791295 0.223140613070354 0.241055658147254 0.328150693064391 0.253496671362631 0.250401829683288 -9999 -9999 -9999 -9999 -9999 -9999 -9999 -9999 -9999 -9999 -9999
-0.0558015119438633 0.0338864606948595 0.0546931275216822 0.0824863943194159 0.0243493190607861 -0.0685501722438491 -0.131182515868703 -0.158469230166899 -9999 -9999 -9999 0.0573948849046712 0.0522916243047942 0.002358870449937 0.00488683884874799 0.0866247870798718 0.0829263234702519 -9999 -9999 0.160746684878137 0.191503081720592 0.131999320923364 -9999 -9999 0.321558459940579 0.235925519951996 0.33348755575509 0.40370837349088 0.366642251567634 0.295136657656703 0.236624633694343 0.226872798149146 0.224782479490766 0.262905090306144 0.297363469172152 0.340748258219323 0.304313177335831 -9999 -9999 -9999 -9999 -9999 -9999 -9999 -9999 -9999 -9999 -9999 -9999
-0.0153967593892856 0.0381830700018118 0.0472379362375707 0.0394031375562817 0.0105574027332705 -0.113791149484678 -0.119045654480142 -0.163505972024978 -0.225207730016461 -0.22510472171282 -0.225511556678485 -0.0231471979829871 0.0820785955769011 -0.150770482339226 -0.0174089577163469 0.0329270884534236 -0.042426847115889 -0.0850568025188157 -9999 0.0761649997232857 0.155357142311626 0.124895242130389 0.180209858773712 -9999 0.313687529132877 0.299732732054277 0.332687537831166 0.362279097374797 0.396977854894689 0.237976066482575 0.296360503233182 0.252323185827884 0.26763284747068 0.262863197467708 0.282858478701385 0.346385421357476 0.324400697228132 -9999 -9999 -9999 -9999 -9999 -9999 -9999 -9999 -9999 -9999 -9999 -9999
