data/rasters/s7.17.08.li.4_xyz_08_.asc
NCOLS 100 
NROWS 100 
XLLCORNER -4 
YLLCORNER -4 
CELLSIZE 0.08 
NODATA_value -9999 
[rows 63 to 83 of 100, columns 0 to 47 of 100]
-9999 -9999 -9999 -9999 -9999 -9999 -9999 -9999 -9999 -9999 -9999 -9999 -9999 0.0415356832323891 0.0400976379754422 0.0893549372622965 0.11713100902033 -9999 -0.136677693406073 -0.0370436068029985 0.01768769888271 0.0237794900812001 -0.0543121344367321 -0.093101135063627 -0.107983545284706 -0.123730379276444 -0.0891691207341814 -0.075001173804031 -0.0478128460197834 -0.0807875807955784 -0.128707298749779 -0.119087099203268 -0.0693407805266448 0.0305506438533566 0.0464269834951678 -0.0100190364622551 0.0581522172795806 0.25857529433159 0.230625665688172 0.19740337526139 0.13347821030733 0.094228820647179 0.0191160425009153 0.0671498066253415 0.027960134063929 0.0551374884382347 0.0791545931786775 -0.0343299459668776
-9999 -9999 -9999 -9999 -9999 -9999 -9999 -9999 -9999 -9999 -9999 -9999 -9999 -9999 -0.0406259403788485 0.057238863187389 0.105343792397221 -9999 -0.12903477036118 -0.0535549977878171 -0.0684330651074675 -0.0399321936422334 -0.0485754444536521 -0.138726554602759 -0.121389580176025 -0.0542982522933318 0.0161326868153752 0.014038572244123 0.00578149162040902 0.094121515903073 0.106061834547037 -0.132671309667974 0.0058818449543232 0.0333418462573822 0.0359279087352211 -0.0111807238385584 0.0966181368247559 0.0957555163447595 0.1823935666288 0.191994207069852 0.136089942341555 0.0704953004494166 0.123244564130008 0.102909713869332 0.101582605591977 0.070354060202198 0.0626605445521886 0.137043470288837
-9999 -9999 -9999 -9999 -9999 -9999 -9999 -9999 -9999 -9999 -9999 -9999 -9999 -9999 -0.0376218751640776 -0.006068124264963 0.0695734392276029 0.0670068927537991 -0.0557154079546546 -0.0726845770997147 -0.124603530473128 -0.0253278383520384 0.00258945334065438 -0.153750360295005 -0.131589922603259 -0.0660905079264681 0.10514041463007 0.0502844213212341 0.00528906910314013 0.0733232905255725 0.0511243415246233 -0.14149657475563 -0.115140962420234 -0.107627104731942 -0.0770712657240309 0.0215467990606159 0.0811312891385563 0.210286203784981 0.175659217292131 0.223269048764161 0.257334577776342 0.0773236015908786 0.0742361691830126 0.0765204633352823 0.148951006990705 0.116348613345914 0.101446312901995 0.126886295640772
-9999 -9999 -9999 -9999 -9999 -9999 -9999 -9999 -9999 -9999 -9999 -9999 -9999 -9999 0.0170375084149084 0.0374414084218848 -0.0188448074338988 0.0684979001192291 0.0614097891081485 0.00526288466180061 -0.0271559560907841 -0.062901481830074 -0.0281949695561598 -0.122893979895491 -0.126493602222931 -0.0828710713238875 0.0804099763500888 -0.00226077178321398 -0.0622725578194714 -0.0141929951684506 0.0196979620999834 0.0280432361155908 -0.014790344346138 -0.0798389238152234 0.0169300746814413 0.0514993785830374 0.11600140265927 0.140200857602935 0.205674769997588 0.182027664007267 0.206893112518926 0.0255701456385698 0.137662990531355 0.10144839039108 0.163157840018242 0.166632941370822 0.10829480040384 0.172309015205502
-9999 -9999 -9999 -9999 -9999 -9999 -9999 -9999 -9999 -9999 -9999 -9999 -9999 -9999 -9999 -9999 0.00192222425473544 0.0568931216434946 0.0149020411472694 0.0378328202120368 -0.0583109229789001 -0.0881871253733467 -0.0646445185288091 -0.16892276322616 -0.140459390776823 -0.125607753045572 -0.0185611480182259 -0.0294806965617366 -0.0793218879776599 -0.00606271698005851 0.0620061565917353 0.0604340053406621 0.0429462517417025 0.0759492095144472 0.0524289405091899 0.00473336182921953 0.0841317180385981 0.142679697075088 0.173430176838923 0.194803844499755 0.226825023329094 0.204549902386504 0.323814843686435 0.163740620091255 0.14991060317043 0.147898696725481 0.0740901488636449 0.126386293603735
-9999 -9999 -9999 -9999 -9999 -9999 -9999 -9999 -9999 -9999 -9999 -9999 -9999 -9999 -9999 0.0744074387850264 -9999 0.00773216877677803 0.14004836040298 0.103976227881413 -0.00948797215141372 -0.0568435433387285 -0.129954321820087 -0.146026141963421 -0.141349394962345 -0.145583695120544 -0.0122412524298656 0.0365553154960175 -0.102072775038393 -0.0693989881067808 0.0255403104982471 0.0158793283268479 -0.0253739247782503 -0.0306087206165999 0.0552400757961314 -0.0133303718903633 0.0469925117604356 0.115475442332247 0.165285007144669 0.166597965575905 0.145331787019192 0.314618765028503 0.284727873533731 0.191144005787702 0.154617768603557 0.10650901122029 0.0812398076599267 0.134224445003421
-9999 -9999 -9999 -9999 -9999 -9999 -9999 -9999 -9999 -9999 -9999 -9999 -9999 -9999 -9999 -9999 0.150479966658701 0.0719997801972106 0.0784641211832768 0.0522625297125682 0.0139816817096879 0.0453837822440138 -0.0557520373489514 -0.174090654259691 -0.157638569089924 -0.12186642893889 -0.0522741847761238 -0.0154945910197005 -0.0968218188072211 -0.145374083060985 -0.0833712888752296 -0.0410696635508121 -0.0933937415110737 -0.116969996843893 0.0147485161059973 0.11717082322435 0.129207793168536 0.178681947135585 0.232038366568035 0.207241768884244 0.0922757982491842 0.311581763513232 0.24072716607038 0.254413317966031 0.248838075966319 0.191924437000135 0.105839081695462 0.0615438557757171
-9999 -9999 -9999 -9999 -9999 -9999 -9999 -9999 -9999 -9999 -9999 -9999 -9999 -9999 -9999 -9999 0.139347312745272 0.0559089241757379 -0.0624762639376021 0.0267027234245137 0.0597427858416047 0.0223241610893747 0.0731518939987565 -0.0930625357862185 -0.104997034720275 -0.12374728493656 -0.116840888520175 -0.0582529337244863 -0.102423363179551 -0.175617284555687 -0.112189881718804 -0.0676850237711986 -0.127339323367802 -0.0759480343742265 0.00996225742015274 0.0576596901897167 0.0858000231441439 0.102615488729254 0.173474866261997 0.219691678644766 0.218588370879747 0.274253517543115 0.373233038058553 0.331597391459421 0.247899944120678 0.30108606553173 0.211710185011406 0.249868782457019
-9999 -9999 -9999 -9999 -9999 -9999 -9999 -9999 -9999 -9999 -9999 -9999 -9999 -9999 -9999 -9999 -9999 -0.155202092550595 -0.142788097626613 -0.0664536170665147 -0.0796391808383032 -0.0581992877885127 -0.0856212484220183 -0.0645882135433869 -0.0482426205752582 -0.0961630728518763 -0.125899357221445 -0.150009180812831 -0.178828180739424 -0.18549992418888 -0.151680670155931 -0.0877974970169331 -0.13766927495145 -0.0998901385846705 0.0374253994725751 0.0829907799358604 0.0525738109688324 0.0636406423083337 0.145613030075709 0.216826033493255 0.264400201027622 0.25222530727229 0.273710653534128 0.241570027154831 0.243878401310078 0.21241385437198 0.246432338401039 0.147611774108855
-9999 -9999 -9999 -9999 -9999 -9999 -9999 -9999 -9999 -9999 -9999 -9999 -9999 -9999 -9999 -9999 -9999 -9999 -9999 -0.111937423879032 -0.074215321871573 -0.0605679396626836 -0.0236233839126789 -0.0451542484742875 -0.0028638001184313 -0.00182831269128421 -0.0573822456286538 -0.124363209638882 -0.182644514798155 -0.228633714108477 -0.172696595985287 -0.225648868994368 -0.149372804821754 -0.0919031091795198 -0.0242709502259402 0.0402368425234158 0.0757961132189548 0.154687012400185 0.128325027557088 0.181835016502489 0.259470331726603 0.174370950984593 0.198979954954676 0.217999661503158 0.238646796196493 0.266328185697479 0.162507040029238 0.128093096964836
-9999 -9999 -9999 -9999 -9999 -9999 -9999 -9999 -9999 -9999 -9999 -9999 -9999 -9999 -9999 -9999 -9999 -9999 -9999 -0.126554085083544 -0.0868538960738799 -0.0767291155592004 -0.0289772521931174 0.0174733282170655 0.0340459703646812 -0.0563567939419893 0.0128494220164895 -0.105744992523438 -0.121490250903174 -0.150297938414486 -0.114411645914444 -0.0964300154261508 -0.0745358035202531 -0.241574835183448 0.0245200380867671 0.0892741954605314 0.0327533628097443 0.0209666179271575 0.137470687771556 0.145708673028144 0.199227241048021 0.128456103394106 0.0937430453810885 0.18974803982105 0.16295348608962 0.18894906004998 0.158738070843956 0.043513996590782
-9999 -9999 -9999 -9999 -9999 -9999 -9999 -9999 -9999 -9999 -9999 -9999 -9999 -9999 -9999 -9999 -9999 -9999 -9999 -9999 -0.0967156441822638 -0.0799156657620508 0.0126831452910897 0.049355542652409 0.0034962201131578 -0.018657173986916 -0.0379015456225123 -0.127454762412561 -0.116905107311069 -0.117732634885199 -0.106431899992268 -0.0704271405417046 -0.0617492454987903 0.00972093263979351 0.0178673544444443 0.0509308908098392 0.0892474414966503 0.0350293908435261 0.150391610134681 0.154893931745281 0.264687493897763 0.199004868176714 0.0806963380320456 0.166072241736587 0.172097417468914 0.188977762863105 0.143159939691804 0.0583849807253665
-9999 -9999 -9999 -9999 -9999 -9999 -9999 -9999 -9999 -9999 -9999 -9999 -9999 -9999 -9999 -9999 -9999 -9999 -9999 -9999 -9999 7.7496989737676e-05 0.0322941815332452 -0.0223626086127722 0.0183462485448695 -0.0249907793547148 -0.0777297448826551 -0.059728353255942 -0.0931554602536177 -0.165141122776159 -0.129680850689193 -0.0283244248010429 -0.0667771315232729 0.0417897144328691 0.0565956042185301 0.039930508432609 -0.0687831347525292 0.0692639247856853 0.0829449933007474 0.206778851858874 0.0253715247641917 0.0909751298165578 0.189368334990246 0.225870666838457 0.183484503353057 0.185177977524313 0.0923051455263675 0.0963501034600772
-9999 -9999 -9999 -9999 -9999 -9999 -9999 -9999 -9999 -9999 -9999 -9999 -9999 -9999 -9999 -9999 -9999 -9999 -9999 -9999 -9999 0.0260242513667701 0.0112320938150843 0.00293167427310717 0.0559899189012606 -0.00418170501735944 -0.0603672088893612 -0.0923219841391655 -0.104637776708032 -0.145734685586211 -0.141118715814333 -0.113465240618337 -0.0873904520413062 0.0309335709675644 -0.151505457382139 -0.0177556580218305 -0.0275669431446304 0.0714567942415235 0.0456405054087387 0.0399764041933406 0.107742385249378 0.115186416349279 0.0988467222933639 0.117355202005127 0.0800514230583918 0.124735005370266 0.0404217906087793 0.0608854781454222
-9999 -9999 -9999 -9999 -9999 -9999 -9999 -9999 -9999 -9999 -9999 -9999 -9999 -9999 -9999 -9999 -9999 -9999 -9999 -9999 -9999 -9999 -0.0370719255808173 -0.0595700965410549 -0.0670472342714171 -0.100437308449674 -0.0185109264913616 -0.120639267167979 -0.101471671788821 -0.142281557046742 -0.162165212569308 -0.0769085615508324 -0.0353289013934824 0.00512599369720427 -0.0162565239215383 -0.0474409829642297 -0.0183531697234789 0.024044300999763 0.0334085795522138 0.0793985346202202 0.136715511792134 0.0867167431351837 0.0881643012434879 0.0325446236682048 0.00591001691432086 0.011487833511852 -0.0336508468566593 -0.0907349313893787
-9999 -9999 -9999 -9999 -9999 -9999 -9999 -9999 -9999 -9999 -9999 -9999 -9999 -9999 -9999 -9999 -9999 -9999 -9999 -9999 -9999 -9999 -9999 -0.121619123694842 -0.127241834176263 -0.104044012077244 -0.130867537690675 -0.0686634319338843 -0.0503011051074453 -0.105498697059541 -0.0771754816052313 -0.0853675069485089 0.00379793951096587 0.00235968493347709 0.00414896590569373 -0.0589556127056153 -0.0346522235534795 -0.0117291199739384 -0.0175697471258126 0.021223595390514 0.0199481438420788 0.0446370622564181 0.0375624448328093 -0.00328296631191265 -0.0572836464693001 -0.0355719622175022 -0.0818565793197851 -0.112583604399283
-9999 -9999 -9999 -9999 -9999 -9999 -9999 -9999 -9999 -9999 -9999 -9999 -9999 -9999 -9999 -9999 -9999 -9999 -9999 -9999 -9999 -9999 -9999 -9999 -9999 -9999 -0.0730912521574829 -0.0477052967751529 -0.122010969753596 -0.0728585269407586 -0.0938890033282745 -0.071648309456542 -0.0944375566542147 -0.0313681138264648 -0.0509932125210252 -0.121014359377874 -0.134783416353209 -0.0854027574981693 -0.0225680199515064 -0.00595153680158072 -0.0358550876505326 -0.0544797710449598 -0.029848058282567 -0.0352207708196039 -0.0418324196728178 -0.001299527723007 -0.0957483164189468 -0.100092728685959
-9999 -9999 -9999 -9999 -9999 -9999 -9999 -9999 -9999 -9999 -9999 -9999 -9999 -9999 -9999 -9999 -9999 -9999 -9999 -9999 -9999 -9999 -9999 -9999 -9999 -9999 -0.0412805133403664 -0.107030806449716 -0.0891840330844755 -0.104770964604117 -0.149068779474654 -0.109796272240403 -0.0659452959084449 -0.0572444522588127 -0.138665935976078 -0.106076183734951 -0.053462164147406 -0.0947518646665877 -0.0876160005105442 -0.0707562413638644 -0.0265905357681061 -0.0252489323000596 -0.00147701855801078 -0.112390505146707 -0.109786394749063 -0.0810889877856706 -0.0061832794959621 -0.0855283255379217
-9999 -9999 -9999 -9999 -9999 -9999 -9999 -9999 -9999 -9999 -9999 -9999 -9999 -9999 -9999 -9999 -9999 -9999 -9999 -9999 -9999 -9999 -9999 -9999 -9999 -9999 -9999 -0.0498413349817967 -0.0637439728647607 -0.0152091057401586 0.00468709995075253 -0.129859105639748 -0.158415004727973 -0.0592728770101784 -0.0817063350622724 -0.120118149967079 -0.106882583904588 -0.0384599845581041 -0.109922998192126 -0.0591353940988952 -0.0591674696973355 -0.0239502671440273 -0.0383246188914986 -0.109117077814213 -0.132826741980626 -0.157217940673124 -0.128970883114623 -0.11942273970105
-9999 -9999 -9999 -9999 -9999 -9999 -9999 -9999 -9999 -9999 -9999 -9999 -9999 -9999 -9999 -9999 -9999 -9999 -9999 -9999 -9999 -9999 -9999 -9999 -9999 -9999 -9999 -9999 0.0164353516926901 0.0417260734435056 -0.109600043373476 -0.207526342387471 -0.125910012619387 -0.0976152746832366 -0.0639496652130878 -0.0774162572614101 -0.0929063273101169 -0.0883228142251257 -0.0780208090030844 0.00261161662404394 0.0636508369531745 0.0828503418995349 0.025412302062894 0.00805238688397694 -0.21585091518952 -0.156872636600161 -0.106006864049206 -0.0633187206928266
-9999 -9999 -9999 -9999 -9999 -9999 -9999 -9999 -9999 -9999 -9999 -9999 -9999 -9999 -9999 -9999 -9999 -9999 -9999 -9999 -9999 -9999 -9999 -9999 -9999 -9999 -9999 -9999 -9999 -9999 -0.188570797350559 -0.114348685960578 -0.03854201985308 -0.106809104557487 -0.095884063161484 -0.0440108446433319 -0.0613693329373157 -0.120668544751379 -0.110319845403356 -9999 0.0408785467684209 0.075794058964685 -0.0649615451398567 0.022060160285947 -0.0916540920222095 -0.0986276601009933 -0.0383626580070544 -0.0575172479038619
