data/rasters/s7.17.08.cu.4_xyz_08_.asc
NCOLS 100 
NROWS 100 
XLLCORNER -4 
YLLCORNER -4 
CELLSIZE 0.08 
NODATA_value -9999 
[rows 44 to 65 of 100, columns 0 to 48 of 100]
-9999 -9999 -9999 -9999 -9999 -9999 -9999 -9999 -9999 -9999 -9999 0.111151054988237 0.0857855834181295 -0.00781291429360964 0.075653541610105 -0.00586461982789088 0.0538454437052127 0.0853253178670475 0.110710793522779 0.00668453289244156 -0.0662793256042541 -0.089515103478108 -0.161534719161937 -0.185220240702641 -0.113964707909146 -0.0114354867504164 -9999 0.144143947595116 -9999 0.0710301561970147 0.023702705269068 0.0304510969305427 -0.0758513925970532 -0.103277425676458 -0.344709564526555 -0.410481348746963 -0.190273127111514 -0.398515392245013 -0.455751171074266 -0.447975931206944 -0.368969981281894 -0.350409205300665 -0.179697117018033 -0.168198895243488 -0.113894451813808 -0.0248914852551933 0.0108110391997349 0.0836680057201602 0.0942690438563467
-9999 -9999 -9999 -9999 -9999 -9999 -9999 -9999 -9999 -9999 -9999 0.110394014498781 -0.0184269189844422 0.0183524033217276 0.0407923433328274 0.0418696511238218 0.111148649654214 -9999 -9999 0.102455184861742 -0.0145270038891725 -0.0913817099076458 0.11074396828771 -9999 -0.00973381855043914 -0.0192665866616734 -0.0335433712913949 -0.0289032376433915 -9999 -9999 0.00856486230599633 -0.0310748479586539 -0.151905304864482 -0.167285777322962 -0.300617638227398 -0.344851882930309 -0.281254387263369 -0.400502450742887 -0.521366686702309 -0.363706386321846 -0.225317149355727 -0.187965985807796 -0.099948352087177 -0.113687244051183 -0.0119512302800835 -0.102772550941865 -0.124507422282377 -0.0230243824308847 0.0258128426717427
-9999 -9999 -9999 -9999 -9999 -9999 -9999 -9999 -9999 -9999 -9999 0.0632326857844015 -0.0186313636016628 -0.0416033716025992 -0.0123695696511608 0.000928367058301159 0.00435154656282618 -9999 0.537224977806412 0.14201329679717 0.0762735930367289 -0.0489722926165288 0.0625994869822162 -0.126795696854503 -0.0722241619858086 -0.0475852884452836 -0.0350847240048973 -0.0389424055952783 -0.0379513647423885 -0.023953518542688 -0.0522973172333678 0.0242931398349487 -0.218450354985376 -0.188355954869264 -0.226662764251498 -9999 0.0444303539565207 0.032233429108953 -9999 -0.354604769217305 -0.217679527411155 -0.156712892583313 -0.105122607567435 -0.0651273573472012 -9999 -0.138962203381139 -0.131575690516142 -0.153824259314194 -0.0318847924499054
-9999 -9999 -9999 -9999 -9999 -9999 -9999 -9999 -9999 -9999 -9999 0.0421458820093034 -0.0401356522956722 -0.0616434475066253 -0.0294438837104842 0.0126044867482739 0.0318884159173862 0.200240992600338 0.175043623316515 0.17756718577984 0.133300262091996 -0.00419721045830304 -0.0334157189735504 0.0250630406616502 0.0571499838659242 -0.0319543240480822 -0.0651234393317614 -0.0726534877366265 -0.0867395246125743 -0.118476479272716 -0.186258514702169 -9999 -0.230089605124854 -0.282066530250994 -0.23702574012491 -0.302442320473781 -0.275503011292128 -0.286653866870708 -0.0555359817195187 -0.047059409676672 -0.0817937663673185 -0.099664985341893 -0.0697220139775065 -0.115105557970939 -0.083370398681173 -0.142157019160472 -0.175260919804527 -0.14621640763199 -0.0486902281046184
-9999 -9999 -9999 -9999 -9999 -9999 -9999 -9999 -9999 -9999 -9999 -0.117237249043053 -0.0462840605088633 0.022831634225043 -0.0129138762915815 -0.000524476634956197 0.0432398333716428 0.164547431990269 0.198400212102872 0.238279013766236 0.125964485599547 0.0552350054429658 0.0416716522012666 0.0700074171798326 0.0320941701426643 -9999 -9999 -9999 -0.174247919079119 -0.166428169153228 -0.22888974345724 -0.314516838062046 -0.410131462913193 -0.404636356457292 -0.381925687316693 -0.380333338764831 -0.374311030373645 0.00396805877820315 -0.035497132112329 -0.0379807225651975 -0.0709713250185827 -0.00065745944520553 0.0276528318720982 -0.106026673555333 -0.1150984940251 -0.0591912083812278 0.0161713628886462 -0.134410856929475 -0.101720146574541
-9999 -9999 -9999 -9999 -9999 -9999 -9999 -9999 -9999 -9999 -9999 0.0715308908277229 0.000194984906974194 -0.00934530246351307 0.0556928622061583 0.067513914279 0.0815428741063054 0.174721238415664 0.182705800271457 0.357318347915138 0.194813665474643 0.0966244836203276 0.0682696981745028 0.0684745720887045 -9999 -9999 -9999 -9999 -9999 -0.272833655130435 -0.252325492552917 -0.361375347881971 -0.473180114929007 -0.479198106006329 -0.49928924797513 -0.468455659298851 -0.390760740582161 -0.338301087356505 -0.288052468552559 -0.0864179768824393 -9999 -9999 0.0627308168901262 0.00680793327472163 -0.00744837695334863 0.0324467731775808 -0.0581195052306673 -0.132767408578959 -0.10281860336988
-9999 -9999 -9999 -9999 -9999 -9999 -9999 -9999 -9999 -9999 -9999 0.184257175737394 0.01288308047348 0.149816295954517 0.00937383289351468 0.466947599728316 0.224420173596643 0.183519739035602 0.487618151822412 0.451623927728846 0.27117919274308 0.0872789547966933 -0.043889876458956 -0.116540429052016 -9999 -9999 -9999 -9999 -9999 -9999 -0.16566360244983 -0.275467119311974 -0.324952921544236 -0.456535044534636 -0.461413118004114 -0.436315112069154 -0.396196109111827 -0.390881807292574 -0.391124228061699 -0.0337964417784971 0.0350938450229852 -9999 0.0450043871030134 0.0335077234357124 0.0799799527185155 0.111365138374462 -9999 -9999 -0.106056530399843
-9999 -9999 -9999 -9999 -9999 -9999 -9999 -9999 -9999 -9999 -9999 0.186819634936259 -9999 0.208808713540877 0.186418451376878 0.506377960493053 0.306922510777956 0.237448072390954 0.456681430471382 0.499237845457259 0.255729763485604 0.213766034617611 0.0536125379609955 -9999 -9999 -9999 -9999 -9999 -0.270460441279262 -9999 -0.203836800275343 -0.248717653774955 -0.271458608844365 -0.498123733882713 -0.433275062973072 -0.373957840573379 -0.384719068487425 -9999 0.063793942348855 0.00682013466874506 -0.139456789973959 -9999 0.546469840443633 0.544287868937015 0.0959172230328726 0.100867558007798 0.216701420528391 -0.0829784850244578 -0.0957899708999475
-9999 -9999 -9999 -9999 -9999 -9999 -9999 -9999 -9999 -9999 -9999 0.267175686875674 0.296122250399177 0.217199016175195 0.188927118397686 0.408725277483119 0.446097954505 0.426912931946603 0.436716490259561 0.480580423344932 0.268769000843002 0.176932405715359 -0.0380953881581662 -0.226402382734888 -0.399036019142644 -9999 -9999 -0.189139681299358 -0.310281861686316 -9999 -0.170034611898716 -0.241464947562278 -0.297421340198227 -0.323100993415752 -0.3962063672915 -0.356033629540156 -0.298652344002943 -0.306154229437123 -0.0373876285800517 0.0450707626310373 -0.293659159912338 -0.365055173807306 0.498476115299944 0.363522840936882 -9999 0.135529962209555 0.189670446085945 -9999 -9999
-9999 -9999 -9999 -9999 -9999 -9999 -9999 -9999 -9999 -9999 -9999 0.272792785981117 0.236483744831696 0.210074820423661 -9999 0.488455998666947 0.503695055471109 0.48517344015243 0.578461321753973 0.561292009255781 0.406852517701079 0.274790208220091 -0.25866470560088 -0.376531139038107 -0.402693461576556 0.0177621011124937 -0.00973554467624144 -0.40436159401038 -0.415755876105855 -9999 -9999 -0.34697694168676 -0.269567922939776 -0.338319195656842 -0.361038474441962 -0.31651762055795 -0.20632708111258 -0.175838373812719 -9999 0.0957330370348981 -0.0391755122961404 -0.359209045745514 0.273601504953973 0.316807922913786 -9999 -9999 -9999 -9999 -9999
-9999 -9999 -9999 -9999 -9999 -9999 -9999 -9999 -9999 -9999 -9999 -9999 0.305643594998844 0.398691144219379 0.415870848734841 0.47332339234294 0.576366492158581 0.599103310290082 0.531180373930099 0.564023596212067 -9999 0.329697138421026 -9999 -0.419492159248052 -0.430647286627904 -0.457827703181285 -0.446800290698863 -0.440356470506625 -0.433083509417846 -0.348762562870405 -0.333678741553228 -0.323178299352878 -0.3093278916496 -0.354118326935053 -0.357832682926377 -0.319434114367042 -0.176922373913963 -0.119030923256699 -0.273804658112656 -0.0536949541601419 -0.0217039175905816 0.178222664894653 0.179853118035491 0.252472195918348 0.147277189303692 -0.0179196241468358 -0.114553937809487 -9999 -9999
-9999 -9999 -9999 -9999 -9999 -9999 -9999 -9999 -9999 -9999 -9999 0.105405798098395 0.124215085156811 0.0972206937981523 0.436590840796925 0.525058877591021 0.543595130352907 0.55139736799611 0.470421284349002 -9999 -9999 -9999 -9999 -0.385106466612656 -9999 -0.515761222754837 -0.462476030099615 -0.47601914057966 -0.449456744452068 -0.399708048466988 -0.436213234699876 -0.359196622982534 -0.296990838743452 -0.338130854209086 -0.303949398079121 -0.241348572212085 -0.270444576523475 -0.278803881969868 -0.278487466668878 -0.177280880313233 -0.0814949487648954 0.0227436374233092 0.0310184210585498 0.154858678494044 0.0751897649878996 -0.0759595885565717 -0.0864667326659066 -9999 -9999
-9999 -9999 -9999 -9999 -9999 -9999 -9999 -9999 -9999 -9999 -9999 0.0310107138337939 0.0779168398415842 0.148616673599879 0.132019623603574 0.262822184208393 0.318098140339045 0.408190233398194 0.352068984936819 -9999 -9999 -9999 -0.294329246038525 -0.373707087924998 -0.495288667278771 -0.507715409648086 -0.448739012276158 -0.433768754853223 -0.459700002574411 -0.484773078189507 -0.520734675561149 -0.286820890937668 -0.236603864519432 -9999 -0.247179450973567 -0.323056758096508 -0.332850307720838 -0.318960889582141 -0.337901973088972 -0.316494130783941 -0.130109033469866 -0.107469024299303 -0.0342613019798996 -0.00876813821408537 -0.0163588795971162 -0.00191552110406096 -9999 -0.287942286259832 -0.302337262917102
-9999 -9999 -9999 -9999 -9999 -9999 -9999 -9999 -9999 -9999 -9999 -9999 0.0591953298783443 0.111971532568998 0.160853274460199 0.257853735713373 0.267780073962068 0.313173344095211 0.214391692581788 0.0112633179415186 -9999 -9999 -0.2598197349598 -0.312277525343099 -0.362714283267685 -9999 -0.444577101164636 -0.409685215227408 -9999 -9999 -0.190779174163285 -0.14841667825832 -0.147733675496509 -9999 -0.331770398002908 -0.344453324672889 -0.353218107308079 -0.399863992984875 -0.409779402203742 -0.257981474058541 -0.151452336284922 -0.154082060980615 -0.104162900686087 -0.08198657598226 -0.0173139828738413 -0.038591165233015 -9999 -0.330886784669009 -0.324765265024443
-9999 -9999 -9999 -9999 -9999 -9999 -9999 -9999 -9999 -9999 -9999 -9999 0.047023809651987 0.200549411742105 0.0616991554058238 0.231293189274542 0.197612956758246 0.0852662315497145 -0.0329124193224577 -0.00608527548466422 -9999 -9999 -9999 0.0534737156297558 -0.262115247536446 -0.339425225450329 -0.348109204968928 -0.407048130721825 -9999 -9999 -0.226572336555442 -0.100892828437238 -0.133779179683324 -0.181341515148924 -0.232998259607249 -0.327066680106979 -0.36340678285775 -0.39764492731908 -0.443020186869115 -0.40294236125891 -0.320701562713198 -0.246031480260935 -0.128201163126939 -0.075906076364199 -0.15154499299224 -9999 -0.335489444256357 -0.294633726330982 -0.353034873054797
-9999 -9999 -9999 -9999 -9999 -9999 -9999 -9999 -9999 -9999 -9999 -9999 -0.0658236222005897 -9999 -0.0347033796655757 -0.0214613194896948 -0.035194786400589 0.0159181079411764 -0.0638238612413995 -9999 -9999 -9999 0.0604457624008556 0.0746426217214921 -0.180710835369404 -0.258694825444054 -0.274034280131959 -9999 -9999 -9999 -9999 -0.0698158604007525 -0.13532825197988 -0.173315730033175 -0.185344682050887 -0.249025426865397 -0.392414796400969 -9999 -0.442549454837607 -0.415114660473202 -0.311914701217196 -0.210292348858907 -0.177237209784677 -0.136352763922261 -0.103138232296608 -9999 -0.342169347779889 -0.332235571036375 -0.397175824970935
-9999 -9999 -9999 -9999 -9999 -9999 -9999 -9999 -9999 -9999 -9999 -9999 -0.0616967805087224 -0.0818733438409821 -0.064196297151333 -0.0768734957549891 -0.0575744087041528 -0.0878104422634483 -9999 0.0736879424266785 0.100286803930115 -9999 -0.0327834907272635 0.0684556113845175 -0.0920321154780482 0.0300910586236673 -0.172918238029466 -0.164703999139671 -9999 -9999 -0.166765777371569 -0.108500879951036 -0.124090943212273 -0.151839347622871 -0.226073512356198 -0.27044706661429 -0.355511602405532 -0.402569401412326 -0.424514134069651 -0.402622853173818 -0.363033219544989 -0.209390691854762 -0.126256243091043 -9999 -0.153200359545855 -0.111681570898344 -9999 -0.254404338865013 -0.328881598323408
-9999 -9999 -9999 -9999 -9999 -9999 -9999 -9999 -9999 -9999 -9999 -9999 -9999 -0.0980724009475975 -0.0699375678383996 -9999 -0.095682109308179 -0.115948552992287 0.00959834485639038 0.0382774122815328 0.0563920291583937 0.129337630095332 -0.0894043875882408 -0.0291033989971829 0.013738235152795 0.0824482279161669 -0.0684675280014227 -0.111872212652301 -0.14716298821755 -0.102262796668899 -0.15183945360761 -0.130535446028572 -0.156127925179274 -0.191079252650778 -0.306917563789975 -0.292683810093942 -0.31994956034676 -0.352402324622844 -9999 -0.386071585424291 -0.341206364095383 -0.199296701231517 -0.184694342322439 -0.211711523743444 -0.141190264210222 -0.206102845990434 -0.233307077714207 -0.200594370940956 -0.34781087378754
-9999 -9999 -9999 -9999 -9999 -9999 -9999 -9999 -9999 -9999 -9999 -9999 -9999 -0.0576757908976994 -0.0732436158318027 -0.0843581529350119 0.0549482405345958 0.0185605241725993 -0.000509336040377737 0.0315438890661446 0.00725337120128605 -0.00386263348840598 0.118453446415271 0.0176614901402278 0.0200319260249815 0.0260701965800568 -9999 -0.101034822335484 -0.116569178205724 -0.114020705419702 -0.0258554151838061 0.143432073520707 -0.108472469372322 -0.169369795889239 -0.316549401368333 -0.402931207505017 -0.380401241350431 -0.2556006548011 -0.204110551276066 -0.208157504084797 -0.31522408671727 -0.296951765526977 -0.217877889486181 -0.121150326939194 -0.110512403102089 -0.0554058766219103 -0.178065106421438 -0.123483180364198 -0.255463694708721
-9999 -9999 -9999 -9999 -9999 -9999 -9999 -9999 -9999 -9999 -9999 -9999 -9999 -0.0663971891314552 -0.0199736816879437 -0.0663859290520123 -0.0219783438003899 -0.0665045203711554 -0.0352597948169603 -0.0582008012603349 -0.0443974405104061 -0.0279255338674879 0.0627797018439281 0.0600687944312901 0.0206410066038614 0.000108272843216298 -0.0393256600281963 -0.0814556333683489 -0.0901328949614758 -0.0274669085305085 0.0903694631471914 -0.0630727159535784 -0.0731872401042933 -0.140639241310461 -0.239921692352783 -0.272649962582855 -0.3384648449791 -0.311926166548713 -0.189629616036679 -0.24694090092433 -0.19252155624413 -0.267192272985996 -0.261507196594771 -0.205390765672414 -0.146404698965945 -0.0670536954157891 -0.00262265982349573 -0.104266994581275 -0.0961947768158127
-9999 -9999 -9999 -9999 -9999 -9999 -9999 -9999 -9999 -9999 -9999 -9999 -9999 -9999 -0.0586489024863113 -0.0513292418668746 -0.00881439956515021 -0.0172624753897987 0.0116945968364459 -0.0565207909598331 -0.0812922561166693 -9.13865504699161e-06 0.0325478312137182 0.0661007307902776 0.159996284949106 0.0187520647866309 -0.00621205752718888 -0.0680814451249517 -0.0265564287202588 0.0352284426191838 0.011788200269113 -1.92912010392071e-05 -0.0508796688837095 -0.0480419638414449 -0.102172446286444 -0.230778956277506 -0.339935567113306 -0.286144109648157 -0.202860835003751 -0.125084398739566 -0.119176755498192 -0.205577950044658 -0.278227994330579 -0.255860874068175 -0.163061890525553 -0.170377565401044 -0.131634126526297 -0.100822354574569 -0.156966632476265
-9999 -9999 -9999 -9999 -9999 -9999 -9999 -9999 -9999 -9999 -9999 -9999 -9999 -9999 0.123656094188761 0.0134445674948464 -0.0600000649820095 0.0690261876403819 0.0211206042096354 0.00192865193225965 -0.0313611780512357 0.0423020218211863 0.101686767247156 0.138286181742835 0.0875010866004351 0.0348717747446321 -0.0100480442316295 -0.0910439876880117 -0.0560998080894358 -0.0224029675555482 0.0365699055922184 -0.0432166484904146 -0.0392233976755079 -0.0134857424448162 -0.0748503923544943 -0.166234906947506 -9999 -9999 0.0574974259496848 0.047673132868755 -0.248427771535909 -0.277942916168021 -0.346049388629054 -0.313622782027347 -0.282692421667131 -0.213566261997377 -0.144884581281835 -0.240691078775064 -0.233037438638494
