data/rasters/s8.11.08.cu.2_xyz_08_.asc
NCOLS 100 
NROWS 100 
XLLCORNER -4 
YLLCORNER -4 
CELLSIZE 0.08 
NODATA_value -9999 
[rows 22 to 43 of 100, columns 50 to 99 of 100]
0.321560245511735 0.347230750437025 0.302078903498166 0.236954795850063 0.18094008763071 -9999 -9999 -9999 -9999 -9999 -9999 0.316354585937056 0.267750942785427 -9999 0.282213722368429 0.286218299166574 0.0255820848422063 0.02483801924942 0.0429686954150793 0.124879919742939 0.052523466306428 0.041332429964364 0.047712318957506 0.11348893175492 -9999 -9999 -9999 -9999 -9999 -9999 -9999 -9999 -9999 -9999 -9999 -9999 -9999 -9999 -9999 -9999 -9999 -9999 -9999 -9999 -9999 -9999 -9999 -9999 -9999 -9999
-9999 -9999 -9999 -9999 -9999 -9999 0.298036570929112 -9999 -9999 -9999 -9999 0.321251436911182 0.302464004317559 -9999 0.254623104305118 0.225515258459405 -9999 0.042331956693763 0.0354779650904141 0.0137241423850407 0.0780597539237904 0.0827148129708642 0.116435493291891 0.371047161381942 -9999 -9999 0.0841200082877013 0.122732993514434 -9999 -9999 -9999 -9999 -9999 -9999 -9999 -9999 -9999 -9999 -9999 -9999 -9999 -9999 -9999 -9999 -9999 -9999 -9999 -9999 -9999 -9999
-9999 -9999 -9999 0.512285305198929 0.401559522847944 0.352605996720822 0.291800726690467 0.369606155038637 0.401156930051253 -9999 0.324925849890545 0.185639279713922 0.21957361701617 0.109216373490961 -9999 0.171829964418746 0.096072535885433 0.22870094968494 0.261365522071186 -9999 0.0860904670050208 0.143228394327294 0.157471381293651 0.14412215249187 -9999 -9999 0.103107400857106 -9999 -9999 -9999 -9999 -9999 -9999 -9999 -9999 -9999 -9999 -9999 -9999 -9999 -9999 -9999 -9999 -9999 -9999 -9999 -9999 -9999 -9999 -9999
0.50974427777927 0.49695991729279 -9999 0.671706308863011 0.393120710674783 0.386354627317776 0.375391416694841 0.366984221719228 0.371652298729504 0.295372927074774 0.22746298783383 0.214797169262544 0.107783353781998 0.191695802792382 0.209808656367995 0.161135134239148 0.105490080401173 0.118386660973081 0.114394234642107 -9999 0.0827143749617677 0.122331095618687 0.171405319726792 0.148593742652471 -9999 0.399298678017171 -9999 -9999 -9999 -9999 -9999 -9999 -9999 -9999 -9999 -9999 -9999 -9999 -9999 -9999 -9999 -9999 -9999 -9999 -9999 -9999 -9999 -9999 -9999 -9999
0.538788345163871 0.547150673612356 0.526936117094846 0.665447199974374 0.528555267172113 0.466663483896156 -9999 0.427644286104832 0.369644849299021 0.323587687336437 0.374975489368089 0.452905191511682 0.28222318839117 0.269159249993955 0.275933434995865 0.166161551421997 0.156061124331282 0.0948375611149799 0.107757865913304 -9999 0.182370128700254 0.281585101039064 0.328237290782944 0.314553017896169 0.367037084633598 0.283993306299806 -9999 -9999 -9999 -9999 -9999 -9999 -9999 -9999 -9999 -9999 -9999 -9999 -9999 -9999 -9999 -9999 -9999 -9999 -9999 -9999 -9999 -9999 -9999 -9999
0.60052197791193 0.578262068928662 0.56311991891006 0.579125951885754 0.652889914924486 0.529545783845856 0.486944203579371 0.42828878244122 0.362986823894205 0.206622430981121 0.38742426024731 0.337213384071851 0.304519468893842 -9999 0.208452027263906 0.145470801078242 0.209242501491939 0.189541345414945 0.218137559941063 0.186068805551269 0.32503931675097 0.333846422507452 0.459496506239646 0.40358717212439 0.41490791121514 0.34878149010626 -9999 -9999 0.125831234317241 0.109943896614894 0.0515110167177264 -9999 -9999 -9999 -9999 -9999 -9999 -9999 -9999 -9999 -9999 -9999 -9999 -9999 -9999 -9999 -9999 -9999 -9999 -9999
0.610391081719468 0.593305347426929 0.583005952519147 0.61948970614191 0.595675150718485 0.510500255453459 0.52917111075086 0.463536032247428 0.337761399480747 0.310093311802829 0.259631592489533 -9999 -9999 -9999 -9999 -9999 -9999 0.340422876220168 0.287242417196999 0.343413832158956 0.397449910700214 0.350931041615678 0.511182429889446 0.432631584241851 0.45130460637223 0.376828223249614 0.296106558189445 0.195359699340423 0.16225442904032 0.125521489420976 0.0730657322410007 0.0134683200921961 -9999 -9999 -9999 -9999 -9999 -9999 -9999 -9999 -9999 -9999 -9999 -9999 -9999 -9999 -9999 -9999 -9999 -9999
0.627656142491868 -9999 0.563573049492754 0.500921223071891 0.518127622405138 0.503601609737937 -9999 -9999 -9999 0.300875021221272 0.277275735564955 -9999 -9999 -9999 -9999 -9999 -9999 0.443661993214196 0.489247614103208 0.46094724968045 0.488019877248135 0.59410075749673 0.420644184017181 0.456460141345887 0.391751007271164 0.325407244564858 0.275843709566212 0.24814682632825 0.2648605183466 0.196167420304208 0.0688160904667219 0.054059409689361 -9999 -9999 -9999 -9999 -9999 -9999 -9999 -9999 -9999 -9999 -9999 -9999 -9999 -9999 -9999 -9999 -9999 -9999
-9999 -9999 0.535013801933606 0.467296592424348 0.426335002326993 -9999 -9999 -9999 -9999 0.364160459513958 0.351124407654349 -9999 -9999 -9999 -9999 -9999 -9999 -9999 0.542666871005002 0.555520773895732 0.577277592431121 0.500129984120905 0.482213290446456 0.407228762566856 0.394929820681046 0.336888996890844 0.30453254575965 0.283686406095783 0.276542267799996 0.188643172282637 0.0597278240058607 0.0672916394085866 0.20806567279729 0.111000583477649 -9999 -9999 -9999 -9999 -9999 -9999 -9999 -9999 -9999 -9999 -9999 -9999 -9999 -9999 -9999 -9999
-9999 0.505289099494956 0.428883600485326 0.354135244645931 0.401334505989709 -9999 -9999 -9999 -9999 -9999 -9999 -9999 -9999 -9999 0.379932795803028 -9999 -9999 -9999 0.446221525463637 0.50755960563134 0.489816576029644 -9999 0.33423090403302 0.34207900474865 0.373880530408739 0.251568712580709 0.260156097485439 0.228053869550855 0.314884298367207 0.236358003213971 0.209997020645267 0.0912598038626046 0.118267503381767 0.148357357855667 -9999 -9999 -9999 -9999 -9999 -9999 -9999 -9999 -9999 -9999 -9999 -9999 -9999 -9999 -9999 -9999
-9999 -9999 0.476359620168368 0.367029574029952 -9999 -9999 -9999 -9999 -9999 -9999 -9999 -9999 -9999 0.622170264067571 0.465519093979082 0.441534339796598 0.41277282251975 0.466843599139772 0.512500182429586 0.482911695272661 0.443785771826892 0.362131784536909 -9999 0.355206825694053 0.339378587076472 0.276084878506066 0.274075352276991 0.16372295457009 0.29012634139677 0.320601266210101 0.264102585135198 0.135242700677522 0.0933787969903058 0.067334980479882 0.123749446318054 -9999 -9999 -9999 -9999 -9999 -9999 -9999 -9999 -9999 -9999 -9999 -9999 -9999 -9999 -9999
0.357365189893478 -9999 -9999 0.334933727996235 -9999 -9999 -9999 -9999 -9999 -9999 -9999 -9999 0.246435849796746 0.457905871843171 0.464677083218999 0.435704057765186 0.452784228177678 0.499141411207434 0.453517452826383 0.408575442087138 0.414169039365607 0.385192149751167 0.113055803898474 0.117667431836801 0.149297014055519 -9999 0.368475678688932 0.234752051021245 0.371530962323817 0.23823009375985 0.202215504842305 0.164272831874608 0.132431965171901 0.0640421231591239 0.144750558305738 -9999 -9999 -9999 -9999 -9999 -9999 -9999 -9999 -9999 -9999 -9999 -9999 -9999 -9999 -9999
-9999 -9999 -9999 -9999 -9999 0.150675585096111 -9999 -9999 -9999 -9999 -9999 0.213065556463614 0.184282557473921 0.274353481943289 0.468014739837519 0.440938105294068 0.439066041953373 0.499950111330369 0.782191304586294 -9999 0.426320793274712 -9999 0.135359076769455 0.0609365765546946 0.0916904918529764 0.0840321103839013 -9999 0.172886118505517 0.183845945003771 0.180922061263526 0.17680679964865 0.116149286957323 0.12778012744667 -9999 0.349706043233975 0.14142071339555 -9999 -9999 -9999 -9999 -9999 -9999 -9999 -9999 -9999 -9999 -9999 -9999 -9999 -9999
-9999 0.122988487675949 0.100463970878782 -9999 -9999 0.151250928723403 0.209501387003233 0.15886381533547 -9999 0.189922981817954 0.206259051688058 0.13780835052176 0.0821786623247426 0.077399342142999 -9999 -9999 0.19252731052414 -9999 -9999 -9999 -9999 -9999 0.0142437597015779 -0.0170435704795413 0.058685594973872 0.0878042715991115 -9999 -9999 0.250456733365888 0.0696880684342556 0.0547182652584772 0.0993459457512627 0.0946323323330255 0.0754795634392698 -0.0172812559203838 0.00307485756681348 -9999 -9999 -9999 -9999 -9999 -9999 -9999 -9999 -9999 -9999 -9999 -9999 -9999 -9999
0.11557189600947 0.099655441357871 0.116022329539102 0.168553473819555 0.173521233949917 -9999 0.199835407937181 0.163917182619789 -9999 0.271360904019739 0.0130897666136477 0.217659264876274 -9999 -0.0523905768514049 -9999 -9999 0.0948256954155232 0.117709997542143 -9999 -9999 -9999 -9999 -0.107098104701075 -0.136666854761039 -0.0728024229718752 0.118397294033649 -9999 -9999 -9999 0.0263778002815961 0.0642995112820081 0.0437544730265037 0.146844220152404 0.12668560900476 0.0459169107698554 -0.0392375015175845 -0.101105036652828 -9999 -9999 -9999 -9999 -9999 -9999 -9999 -9999 -9999 -9999 -9999 -9999 -9999
0.191589273435251 0.0911117173001591 0.200314208114102 0.165918043077107 0.176156678531505 0.199841853123447 0.153805353328373 0.13424360753584 0.103218544217594 0.136493616785502 0.0725488917189414 0.0131090774641544 -0.0678005324120629 -0.113163737146196 -0.120783832102267 -0.0731304951692855 0.2724523516712 0.21060515625481 0.134904097592149 0.243240345421879 0.169975847419552 0.409972801080843 0.0585396649698066 -0.0397465804025344 -0.00486891023042521 0.0995248387270246 0.041738105816857 -9999 0.0101057320526152 0.0288117964701265 0.0833804574367904 -0.0443661399369017 0.024847828910507 0.0891657053381201 0.0268305802419523 -0.0974165216091869 -0.0624779547874963 -9999 -9999 -9999 -9999 -9999 -9999 -9999 -9999 -9999 -9999 -9999 -9999 -9999
0.298605299266046 0.0395131659841557 0.224589765338684 0.133366922092658 0.165046682462513 0.205874932150882 0.192789954828395 0.152060863553263 0.119660452048971 0.141930267482384 0.0100048797253835 0.000690731552580636 0.0163753745132477 -0.140298896956593 -0.0893668522057771 0.0111609257337711 -0.0116730150650779 0.112942285142657 0.134534960326572 0.249091739790361 0.21004409661971 0.207952572240679 0.0982424252262675 -0.0206918300941548 -0.0028949233060707 0.0151771605345622 0.0729613540258618 0.0251087008384654 -9999 -9999 -9999 -0.0286951727137074 0.00153059551369729 0.0543830931340851 1.65460354750867e-05 -0.0606609087273426 -0.0773026930609724 -9999 -9999 -9999 -9999 -9999 -9999 -9999 -9999 -9999 -9999 -9999 -9999 -9999
-9999 -9999 0.0933831452477108 0.134531176399799 0.198069381026952 0.242148976140691 0.210786638255728 0.213973499877153 0.118861683423077 0.158198211394168 -9999 0.00399627707762138 -0.0143308425108674 -0.0397581769757293 0.00154627078215129 -0.0128751613365003 0.0595630165170263 0.149038734528905 -9999 0.343077014448453 0.17895449568394 0.132319655973371 0.0989906568764568 0.0395719415207832 0.0384995838954926 0.0325806113047045 0.108841892333408 0.0898908680215469 -9999 -9999 -9999 -9999 0.102618407240095 0.103132912145395 -0.0327346104647661 -0.149850956374395 -0.136417257994786 0.0182602133898663 -9999 -9999 -9999 -9999 -9999 -9999 -9999 -9999 -9999 -9999 -9999 -9999
0.178756298497022 0.129781679031613 0.152984803813692 0.183283813926306 0.244591514749882 0.29793117796385 0.322940222272053 0.252534724387581 0.164119957889577 0.145424765959851 -9999 -0.0190905301519021 -0.0191721727747284 0.122385368953545 0.0791642972470213 0.120714357066525 0.148034337244618 0.206583241575536 0.266221852474742 0.231418028462873 0.230148427131286 0.0887605199397367 0.134065943457645 0.111599191725748 0.08781887306004 0.118935068968999 0.120687603064186 0.0360194098626787 -9999 -9999 -9999 -9999 0.0135244530395632 0.0106453299618456 0.106516180904278 -0.124879623043027 -0.0993730279339136 -0.163746395754868 -9999 -9999 -9999 -9999 -9999 -9999 -9999 -9999 -9999 -9999 -9999 -9999
0.236740465530384 0.175245205074725 0.23616596040334 0.26730980559412 0.276366983633888 0.318435848857702 0.211625082576739 0.246494705757188 0.0400793049572593 0.0257133487304625 0.016434574492174 0.139212128428716 0.0873067872668159 -0.0709906717273248 0.0738151112708881 0.14669325316315 0.213249878821254 -9999 0.211092871188938 0.217220983594281 0.293409263877728 0.156967627970198 0.135794412197063 -9999 0.0962942014727642 0.115236158535088 0.130827018168431 0.0478030841532418 0.0807484007775799 0.0711716005134911 -9999 -9999 0.0653317460252962 -0.00987563940910297 0.0478048070193953 -9999 -0.134286090240476 -0.149523705935176 -9999 -9999 -9999 -9999 -9999 -9999 -9999 -9999 -9999 -9999 -9999 -9999
0.063867866396657 0.155757241408406 0.170675249172098 0.251429653415101 -9999 0.398833563926274 0.306837072488688 0.239793565114825 0.133505057061392 0.0997991664471683 0.0129309696716013 -0.0203527881073281 0.0675666301496959 -0.0890036071659391 0.0849737218974341 0.0946678642269806 0.0876054560873824 -9999 0.19729751108479 0.241617984317577 0.254556058301103 0.33646394336016 0.239625283768097 -9999 -9999 -9999 0.0846770926527444 -0.00800267333488613 0.0178370718954578 -9999 -9999 -9999 -0.0234569133023193 -0.0573735341449106 -0.0217900246603625 -0.101666445564213 -0.135079734324181 -0.181657159529166 -9999 -9999 -9999 -9999 -9999 -9999 -9999 -9999 -9999 -9999 -9999 -9999
-0.00622757114321176 0.185260921646781 0.168796381214226 -9999 0.250715700670392 0.3397850243321 0.324874919412031 0.399135227989467 0.206493227143718 -9999 -9999 -9999 -0.0335001777598123 -0.0932388172686848 0.0978821292648956 0.122887319577379 0.136735944818511 0.25736864414977 0.202383685809823 0.210641356792417 0.18354741767287 0.277541933499714 0.243754671502505 0.195144620087025 -9999 -9999 0.104836087083367 0.0876319541627022 0.127338125316066 -9999 -9999 -9999 -9999 -0.0717773192059045 -0.0726065234706719 -0.0799438420748622 -0.100206628944726 -0.227663023717402 -0.317249415134761 -9999 -9999 -9999 -9999 -9999 -9999 -9999 -9999 -9999 -9999 -9999
