data/rasters/s8.11.08.cu.4_xyz_08_.asc
NCOLS 100 
NROWS 100 
XLLCORNER -4 
YLLCORNER -4 
CELLSIZE 0.08 
NODATA_value -9999 
[rows 44 to 65 of 100, columns 0 to 48 of 100]
-9999 -9999 -9999 -9999 -9999 -9999 -9999 -9999 -9999 -9999 -9999 0.069920956674544 0.0653793217132826 -0.0190379849287785 -0.0815280942867688 -0.087398052959528 -0.084913671821734 -0.201626245469786 -0.222580422302743 -0.27691527363026 -0.358725290540849 -0.397979537224908 -0.414837268045733 -0.397444941622963 -0.409524921889656 -0.43846788614972 -0.389358205875281 -0.371524195061149 -0.324689158782356 -0.292445820847788 -0.388810802501524 -0.274092196018676 -0.381011962210689 -0.223220546238743 -0.0774351181513038 -0.0612767141586862 -0.0440220674928891 -0.00309862377428331 0.0648478564040098 0.0502214470559223 0.0845424921396042 0.0491676000309447 0.0249152628326755 0.0442105396293553 0.0336527966793727 0.0501856493528171 0.0760172747027966 0.125223251960372 0.128605009116897
-9999 -9999 -9999 -9999 -9999 -9999 -9999 -9999 -9999 -9999 -9999 0.111766928466645 0.0653597793480632 -0.0269846779824771 0.0520685352996684 0.0281703657058127 -0.160078286202767 -0.251910076135103 -0.20741463777034 -0.240632761588067 -0.284010272504789 -0.302344181218131 -0.381139574796938 -0.370813271303837 -0.389743732944208 -0.315757890049187 -0.346377695945811 -0.373633159515493 -0.301454742302549 -0.3169398356306 -0.368963773806334 -0.402955317858025 -0.333324783598818 -0.172807186603867 -0.0865929952764631 -0.0518615172894861 -0.184337405537662 0.0379654587670879 0.0610628193969754 0.172828935038105 0.0305473153411111 0.00645511119331161 0.035673415458994 -0.0036226501267025 -0.0301257910003197 0.0167052049723544 0.0557223126361018 0.0515857439680506 0.0795119148155559
-9999 -9999 -9999 -9999 -9999 -9999 -9999 -9999 -9999 -9999 -9999 0.081526605935739 0.0676318990398818 -0.070755979902914 -0.132038099551636 -9999 -0.172206301235504 -0.246809710357671 -0.153240395722062 -0.21434470316071 -0.301869228700027 -0.301619524560306 -0.345828663861904 -0.283411287243414 -9999 -0.247511597371555 -0.283685009598948 -0.297640472029491 -0.300246543166541 -0.343732460486668 -0.337067408430932 -0.381831221329109 -0.349193419675296 -0.192678478934978 -0.235025296799993 -0.255604443992897 -0.102400383654727 -0.00349831683141176 0.103234208526568 0.0650625183148282 0.0133862736964128 0.00537927666100004 0.0125535460105935 0.0122218447192115 -0.00670104777268789 -0.0359810699041237 0.0230069712659411 0.0255358778286633 0.0237780463925499
-9999 -9999 -9999 -9999 -9999 -9999 -9999 -9999 -9999 -9999 -9999 -9999 0.00925236935075935 -0.00834337673475996 -0.0725690277409703 -0.0308392506851045 -0.142288597390756 -0.225869722693012 -0.149135410223396 -0.2044782884934 -0.262910400429331 -0.317176070802601 -0.373590770517743 -0.308096273352155 -0.280491231557639 -0.244093102389969 -9999 -0.28034158619143 -0.336304792847406 -0.311214010110294 -0.30178843990212 -0.388357196381634 -9999 -0.0911276677761426 -0.356356961303776 -0.0480549317542291 -0.0335672662020341 -0.120730942323363 -0.0654580152493337 -0.0252394305936785 -0.0403922624305793 -9999 -0.0507728078483875 -0.0431655449116107 -0.0653694677470281 -0.0265811957764447 0.0551332761772124 0.0506987056463607 0.0401511341524532
-9999 -9999 -9999 -9999 -9999 -9999 -9999 -9999 -9999 -9999 -9999 0.125279127981016 0.0555466638614102 -0.00957444191424832 -0.0715719173694418 -0.0173945726955286 -0.0573193397500109 -0.118608707057129 -0.176869575685443 -0.224268950174165 -0.270157554761232 -0.310151627886485 -0.302627183581804 -0.225381837955528 -0.241609216249776 -0.234592040867356 -0.252679338476191 -0.273880665169934 -0.229298083974548 -0.320153830350281 -0.360161761346836 -0.360136566202487 -0.341926243647792 -0.318600801959463 -0.388919164955778 -0.282264450599728 -0.220068890647741 -0.225925292512342 -0.238855675488858 -0.164421159281725 -0.136890778514721 -0.0619422020585931 -0.0684138972628942 -0.0788890540754853 -0.0286386637942769 0.0572932617833545 0.0862948812091222 0.0541194853455214 0.0329092912326859
-9999 -9999 -9999 -9999 -9999 -9999 -9999 -9999 -9999 -9999 -9999 0.147987561502463 0.121713912992202 0.054958458066879 -0.0597416954734074 0.0313736487673623 -0.0373382187363826 -0.110998882930074 -0.148219214217226 -0.0486234543208712 -0.231713076933303 -0.284365932442329 -0.140052735194872 -0.22067470109283 -0.208582592035938 -0.198816576587542 -0.232511236891678 -0.175307107878051 -0.252127951717292 -0.341628634367137 -0.373414556842207 -0.377734031676807 -0.336590470184805 -0.312407509267286 -0.39761379411115 -0.311266453473105 -0.273464476814532 -0.203377781756587 -0.221165090800161 -0.19114465891205 -0.127307235889738 -0.0989147307464222 -0.106520569324919 -0.120537150481523 -0.0598446047923332 0.0335346056219826 0.0284244297776892 0.0836388625640366 0.0599314806350988
-9999 -9999 -9999 -9999 -9999 -9999 -9999 -9999 -9999 -9999 -9999 0.0925771902183349 0.0521563440508514 0.185973181429638 0.146371956967858 0.109311488134891 -0.0360669159965392 -0.0649987458882122 -0.181318813446742 -0.1305930660628 -0.0947399229210354 -0.250149654915277 -0.119375931838438 -0.190840736274544 -0.18858419131975 -0.241047229841997 -0.23965160140321 -0.210810583804986 -0.243967263363726 -0.351019185955253 -0.393050641645158 -0.370059655550553 -0.332613940532947 -0.309414310540868 -0.268738151888965 -0.214101419037344 -0.267345716206557 -0.191300993254866 -0.18533523968661 -0.198061146170139 -0.203823045603041 -0.183269041805766 -0.129137628568368 -0.133471384115828 -0.0895990151397495 -0.00304192987975168 0.141367247435863 0.128038734247458 0.0952164159660508
-9999 -9999 -9999 -9999 -9999 -9999 -9999 -9999 -9999 -9999 -9999 0.0689178618297078 0.0541163907959923 0.130452896734233 0.0852269006671239 0.0905576252723625 0.0416150820778554 0.0097216313294175 -0.00585444952438606 -0.0769162536489301 -9999 -9999 -0.0944343153264597 -0.164615778740671 -0.245511248849037 -0.256722205717028 -0.251911698918197 -0.221170119987035 -0.23118901744734 -0.291583395579359 -0.3753557944258 -0.345009079846778 -0.310767798555923 -0.264359068544009 -0.269280430750182 -0.151558991570801 -0.191319262649306 -0.23211940338974 -0.196327690727644 -0.235937720289408 -0.121184111518977 -0.127860606934855 -0.166027421049584 -0.150171965457627 -0.0794995803965533 0.0728854075476369 0.0922875722995131 0.141801872276362 0.172589606828761
-9999 -9999 -9999 -9999 -9999 -9999 -9999 -9999 -9999 -9999 -9999 0.033243028703194 0.058553996570613 0.0755744865741606 0.0571113188219074 0.0335584968282881 0.0358767356766241 0.0431495490978833 0.0377948287717982 0.117992152347437 0.148065168970618 0.00129414230236047 -0.0233059487731262 -0.161165934007089 -0.216992317663632 -0.2557275427508 -0.265548601729813 -0.223313554067227 -0.25272198515477 -0.267306218495379 -0.2330551806648 -0.227499870016186 -0.242658061931341 -0.216521204630459 -9999 -0.0966438728654496 -0.0953828838778013 -0.0930672026582458 -0.17623734891269 -0.203509412295994 0.0106257014764991 -0.179166936223046 -0.113448516899929 -0.11813616226525 0.101568183129453 -9999 0.0690586976007559 0.0975935670515873 0.172222251333733
-9999 -9999 -9999 -9999 -9999 -9999 -9999 -9999 -9999 -9999 -9999 -9999 0.0515199005721483 0.199035409970578 0.152256225831539 -9999 -9999 -9999 -9999 0.141967782389523 0.129031565669989 0.03318978708424 -0.069299295055475 -0.210136802099208 -0.270131835389093 -0.271768321462906 -0.285592488880744 -0.30344424091337 -0.273028377392452 -0.295963099790885 -0.225778258824281 -0.107291709405819 -0.140834663419107 -9999 -9999 -9999 -0.00577094884201841 -0.0512200034568694 -0.131766373884748 -0.0112640448867213 0.107704850676553 -9999 -0.175049950409157 -0.129814999371243 -0.14006935925654 -0.0506413163227962 -0.0194329079481767 0.0249044926775351 0.0728618508660116
-9999 -9999 -9999 -9999 -9999 -9999 -9999 -9999 -9999 -9999 -9999 -9999 0.118626594301398 0.134044605082552 0.202630328808821 -9999 -9999 0.390641186000647 0.153722596157065 0.119631742864841 0.0640615828447914 0.000968260794944396 -0.0963591560036979 -0.271982920332235 -0.189264886591498 -0.299653487318701 -0.327720299875089 -0.329835778582517 -0.299563372133183 -0.261848649126594 -0.264056793040637 -0.16620831911728 -0.0973200694209469 -9999 -9999 -9999 0.000802082572664068 -0.0443886938784482 -0.098792161599002 -9999 0.0742114186844379 0.0141704664091425 -0.0771856389669512 -0.0866801490516792 -0.0448151875918469 -0.108542754501694 -0.0432120927322394 -0.0559679598945332 0.0115763036886301
-9999 -9999 -9999 -9999 -9999 -9999 -9999 -9999 -9999 -9999 -9999 -9999 0.217818436288911 0.11251643392709 0.15735477691709 0.236033289088284 0.223478708639591 0.265486148970479 0.243290802353336 0.107389380450895 0.0592523354782566 -0.0134725857013158 -0.158028577600576 -0.0890994895404013 -0.080965061409933 -0.276588727250931 -0.297860743626645 -0.297514712503623 -0.259474795319055 -0.211278354264397 -0.228852266376367 -0.166760746806335 -0.127141539999864 -0.183469488429862 -0.126405099666215 -0.0628757716592133 0.0145455389217843 0.0222577233755236 -0.0226722458774951 0.0441509951251248 -9999 0.0395729135059936 0.0900384448095025 0.0162199053647333 -9999 -0.0825084063295883 -0.0619985333823808 -0.0836210604754701 -0.0410764404526991
-9999 -9999 -9999 -9999 -9999 -9999 -9999 -9999 -9999 -9999 -9999 -9999 -9999 -9999 0.167615322656423 0.211561509952575 0.226489248713147 0.247768682498979 0.247976391978144 0.171335447862152 0.115216902147865 0.0936786691458805 0.0271973345311768 -0.0644918098854639 -0.0812829358131013 -0.176965346571604 -0.209758571507817 -0.239538892274089 -0.256693724915345 -9999 -0.244122148288894 -0.200407846494647 -0.190789347903773 -0.220498592829743 -0.127625556901377 -0.0437697760982139 -0.0353582157134103 0.0638914571918927 -0.0715836263493168 0.0116858534849417 -0.0452133723671731 0.114688401067638 0.0307436189778798 -0.011341295465433 -9999 0.0250670924818877 -0.0485405743390306 -0.0870154901239167 -0.050342189785376
-9999 -9999 -9999 -9999 -9999 -9999 -9999 -9999 -9999 -9999 -9999 -9999 -9999 0.420826421980032 0.16278203491481 0.168092643097952 0.183645128461557 0.192399540960457 0.176078251878448 0.176448757424888 0.149145138547296 0.0801394665037212 0.0821437489440697 0.0656534880688604 -0.16430797797363 -0.174193740265135 -0.217374989075669 -0.19461885915641 -0.243885284722976 -0.322869973215096 -0.313659077970307 -0.266202462775814 -0.262576840143991 -0.2353983294055 -0.170836639539032 -0.0310514609625974 0.0333499883347748 0.0679626203686238 0.119675551719519 0.0228331808946044 0.00411701291110176 -0.0604040273401536 -0.0280710286466844 -0.0402737882027137 -0.153743993045703 -0.02996279864767 -0.048199972492818 -0.0618873274549032 -0.0437739079783081
-9999 -9999 -9999 -9999 -9999 -9999 -9999 -9999 -9999 -9999 -9999 -9999 -9999 0.24868375902069 0.206389498517706 0.16225584428892 0.162417807491908 0.0924890106373816 0.0970541648492032 0.138028202672269 0.190549090554042 0.168164113327245 0.0857269137322738 0.105753348872555 -0.090160346477343 -0.163256789167899 -0.281399215339217 -0.255264258999928 -0.266547427739315 -0.397055028159693 -0.371202116237207 -0.356226259732646 -0.294911530089815 -0.267856452145429 -0.17420950967692 -0.0875463721386566 -0.0115564145927136 0.0317194617520477 -0.0699562351495937 0.0867230141451388 -0.0857109940952372 -0.106614230877148 -0.136537659059197 -0.276246052107895 -0.171065118370973 -0.0726128423790401 -0.0811836231640372 -0.00828555400984491 -0.00427692734554553
-9999 -9999 -9999 -9999 -9999 -9999 -9999 -9999 -9999 -9999 -9999 -9999 0.246712830799217 0.237308881654947 0.233082190768276 0.198405669530501 0.171418602283183 0.0647519774747752 0.0777625083319406 0.224403651028824 0.203819127636108 -9999 0.175525429327673 0.0104567811238266 -0.0841006669683342 -0.222307710223589 -0.285566591628647 -0.286788812402335 -0.274577944838779 -0.384563828063939 -0.390097366534483 -0.386418150312104 -0.318409968624741 -0.277271290377796 -0.164047505958321 -0.136792090671192 -0.106732986074376 -0.0510239948994024 -0.0522115204378652 -0.0460730704187801 -0.0496596566612274 -0.145286137956559 -0.203571616928415 -0.24483104523071 -0.197079145610106 -0.131232914850917 -0.0757824327591207 -0.0886025856002217 0.0354206248109872
-9999 -9999 -9999 -9999 -9999 -9999 -9999 -9999 -9999 -9999 -9999 -9999 0.325511018547525 0.320160349529594 0.273963212873454 0.226994240472093 0.142441163079787 0.070514166148714 0.0877713979843085 0.148594802841502 0.187080417621224 0.19117733817443 0.0265099142159953 0.0558554634911906 -0.103716138785817 -0.22946895844561 -0.309599194506098 -0.273222043239746 -0.276058138536337 -0.306923082980634 -0.337213171476929 -0.249305987164933 -0.239476799565571 -0.25354782903841 -0.228965271133322 -0.171997565246555 -0.14273012175674 -0.127159629958614 -0.145923968689124 -0.173472785324468 -0.151127645412932 -0.160454403596428 -0.31283435078212 -0.266638533364753 -0.211701956280504 -0.160029401366767 -0.120008642541807 -0.098785301865141 -0.0297684684159631
-9999 -9999 -9999 -9999 -9999 -9999 -9999 -9999 -9999 -9999 -9999 -9999 -9999 0.389274666988802 0.183807911294203 0.237195494421247 0.136569849399208 0.107961423012004 0.144991357903624 0.172703339801861 0.218289507819096 0.226061586809181 0.0803837945798545 0.0550133464087522 0.0410130056235856 -0.21383112350355 -9999 -0.154530721500678 -0.232112461162487 -0.143339666274606 0.013203689144022 -0.205073038849434 -0.174564017405323 -0.211034866204003 -0.228819698738036 -0.203018303940221 -0.150364694833024 -0.163435598773741 -0.119237176103164 -0.0993286651705843 -0.262327580360979 -0.267869161836177 -9999 -9999 -0.310935553206625 -0.190971937655902 -0.168620451337643 -0.143027863248047 -0.0616893198373629
-9999 -9999 -9999 -9999 -9999 -9999 -9999 -9999 -9999 -9999 -9999 -9999 -9999 0.417919634655444 0.236370275291754 0.304145760071818 0.273737543545721 0.217544243421176 0.195836413932966 0.203610624985347 0.253766022540513 0.239490886327543 0.160377670470059 0.223745146243061 0.225714181233513 -9999 0.125044583685885 -0.0485638317399511 -0.0986529015460245 -0.110482201719195 -0.0910372494643392 -9999 -0.136007559679743 -0.160243565760075 -0.16200390403961 -0.195873515547819 -0.156679650938918 -9999 -9999 -0.308959323996355 -0.301110914476303 -0.281049442332111 -9999 -0.297318331439286 -0.2644965360784 -0.201522465794718 -0.182057517742196 -0.141466563286788 -0.0925872646683153
-9999 -9999 -9999 -9999 -9999 -9999 -9999 -9999 -9999 -9999 -9999 -9999 -9999 -9999 0.289652976887678 0.311840647056653 0.268996616972806 0.273931958349448 -9999 0.213014222361929 0.254506585640513 0.237212967330282 0.211366935517058 0.129079370698872 0.135304080027313 0.206380291254931 -0.0457150677652636 -0.0290512980913625 -0.0824023246765209 -0.0524209185424811 -0.0551583885211834 -9999 -9999 -9999 -0.173846922610275 -0.186360740388278 -0.281104234527511 -0.284328994611319 -0.282840042260184 -0.277878235021609 -0.265023976439658 -0.247181147343276 -9999 -0.277051211477524 -0.214772164155954 -0.206473005467061 -0.147711021446437 -9999 -9999
-9999 -9999 -9999 -9999 -9999 -9999 -9999 -9999 -9999 -9999 -9999 -9999 -9999 -9999 0.257427476244962 0.283239061788385 0.248064705440764 0.236446228995234 0.183514524086715 0.256790914193242 0.217049951729743 0.154955015745851 0.18947268649011 0.178230289291263 0.0749491777331366 0.0261770150179966 0.0017000891523572 -0.0111337225953139 0.00472422315672604 -0.0336197693986056 -0.0578197298151697 -0.027535236848455 -9999 -9999 -9999 -0.129838558559429 -0.188441168666592 -0.266287658661231 -0.232843014872795 -0.254957012408757 -0.222577065918608 -0.221241671171014 -0.307893079517022 -0.249059124646638 -0.226846520060371 -0.153712443199059 -0.0610845307899434 0.02634260144861 -0.0499180900739724
-9999 -9999 -9999 -9999 -9999 -9999 -9999 -9999 -9999 -9999 -9999 -9999 -9999 -9999 0.255158379914674 0.273521047405838 0.181294272474818 0.189266893920589 0.168251889000439 0.163111677663838 0.135408538901357 0.13331129488622 0.146807630859477 0.137157811123212 0.105450011300387 0.0198931871504619 0.0225475070471462 0.014250083709123 -0.0366143956364983 -0.0257802172643774 -0.0776988273941926 -0.051807953430073 0.0322644403911591 0.0600531044972879 -9999 -0.15538715152506 -0.129363727194345 -0.171997344282039 -0.192698893768577 -0.186645224641819 -0.174463300379884 -0.237960468256656 -0.158628632219134 -0.261790621622162 -0.175026574615283 -0.0252439095187473 -0.00797095253664674 -0.0368606882354264 -0.109482015637472
