data/rasters/s8.11.08.cu.4_xyz_08_.asc
NCOLS 100 
NROWS 100 
XLLCORNER -4 
YLLCORNER -4 
CELLSIZE 0.08 
NODATA_value -9999 
[rows 22 to 43 of 100, columns 49 to 97 of 100]
0.0632122603737751 0.107021600804145 0.120922086157492 0.181521187892512 0.221816093947174 0.35936593507179 0.365162602560785 0.392257407799885 0.437444028835002 0.483046127780639 0.484143292121511 0.394908353744177 0.413552789359105 0.418715625953132 0.410323353434761 0.448898049318525 0.410942135225236 -9999 -9999 0.366042802949538 0.415971515500548 0.415513050418799 0.476411785026837 0.580929095560073 0.542849726058878 0.459783673130167 0.455314947045137 0.319239035663323 0.224618179151652 -9999 -9999 -9999 -9999 -9999 -9999 -9999 -9999 -9999 -9999 -9999 -9999 -9999 -9999 -9999 -9999 -9999 -9999 -9999 -9999
0.0266606048798632 0.0447348352748253 0.0800028968008311 0.0917292357233265 0.199304984436872 0.274184391060992 0.330398039248912 0.361421894692988 0.387525323719184 0.429557395886665 0.429833477417312 0.344907953506972 0.39797894246949 0.399592949994909 0.376013848533377 0.378678271335808 0.361251231062971 0.39146213148934 0.542035292176342 0.407605748107162 0.361794088253658 0.423219055302707 0.473467497447587 0.497145986539179 0.464491409971136 0.483187143151767 0.380212201838432 0.214580204419385 0.119937370521441 0.0987386531721497 -9999 -9999 -9999 -9999 -9999 -9999 -9999 -9999 -9999 -9999 -9999 -9999 -9999 -9999 -9999 -9999 -9999 -9999 -9999
0.0568005941844288 0.0942502092069884 0.111361078963425 0.00213448521196355 0.151867706543685 0.302698065413987 0.306658530251354 0.40864201045087 0.364641955314037 0.3617887520898 0.438195097302304 0.40423603329208 0.298802230393447 0.394858839207039 0.399631904194129 0.394064656869902 0.412718426703914 0.38875903330833 0.486783837050043 -9999 0.399189164401866 0.401690323369997 0.395777947927225 0.36637986078062 0.337976467990153 0.285349766763433 0.14617925871141 0.205841052872339 0.184007719202158 0.14280470739274 0.110928793688151 -9999 -9999 -9999 -9999 -9999 -9999 -9999 -9999 -9999 -9999 -9999 -9999 -9999 -9999 -9999 -9999 -9999 -9999
0.0517149847162422 0.0699602797111328 0.0176520346666954 0.302621518971075 0.241959998871155 0.306829351099461 0.3163021491311 0.314443682945199 0.369289855294136 0.400671002306508 0.396917625762984 0.361746854813125 0.316610482820525 0.326577588713272 0.313607963941701 0.35708549434633 0.372987545200179 0.43724968239217 0.319812149171542 0.283782964704008 0.30199655473754 0.294382895431471 0.338714504908565 0.304362330389047 0.153604559797312 0.0933988114668094 0.0518381016020575 0.124514855669395 0.101188337932945 0.0821807316007083 -0.000812331667386904 0.0104978429549427 -9999 -9999 -9999 -9999 -9999 -9999 -9999 -9999 -9999 -9999 -9999 -9999 -9999 -9999 -9999 -9999 -9999
0.131572907240783 0.115155544246679 0.0564628760725729 0.156733108778278 0.21009022862187 0.33925238620928 0.445815124759667 0.420668397558792 0.445337978776814 0.424904224252011 0.392927759371053 0.314297750161042 0.260271431886033 0.293804839815888 0.294345438403235 0.315195786203881 0.294826937652147 0.284257559360714 0.250548441710205 0.304092169459111 0.307380270031294 0.255576916485016 0.210039097691838 0.207062283383294 0.110394398990084 0.0108993310974029 0.00266302564379702 0.0444800884425091 0.0202975072099525 -0.000870995988895169 0.0674859133382571 0.0436004272367262 -9999 -9999 -9999 -9999 -9999 -9999 -9999 -9999 -9999 -9999 -9999 -9999 -9999 -9999 -9999 -9999 -9999
0.192230637933472 0.104219184054682 0.14588754030939 0.232682252409188 -9999 0.482705169887641 0.421877098644266 0.430267008365965 0.399159179246364 0.378071602647172 0.33730294157074 0.26853115899548 0.24318081932102 0.250680159449036 0.266520128052639 0.283659421816281 0.27883498490148 0.238577101575491 0.248398273584727 0.349652123014542 0.301553811047439 0.253894666634587 0.130808939354273 -0.007217724338754 -0.0372487256968776 -0.0294998059056226 -0.00674476737106775 0.0138215702981237 0.0134354243121696 0.0289503350002289 0.0501650166537998 0.0261810462595871 -0.027889475928546 -9999 -9999 -9999 -9999 -9999 -9999 -9999 -9999 -9999 -9999 -9999 -9999 -9999 -9999 -9999 -9999
0.263784527343566 0.294746760836679 0.197391872658861 0.232321122189663 0.371562090671563 0.365055390223687 0.341708038388848 0.409644448456062 0.366246322436373 0.352058654884361 0.316124355458972 0.240838130353907 0.205511852422792 0.249582075351008 0.24490221373085 0.248526872429114 0.272904187539464 0.332721964329682 0.399890046097178 0.372255427297328 0.27637919545446 0.219210300857331 0.179222201868213 0.0120555809404887 0.022700284521971 -0.0743102505123053 -0.0468912028451779 -0.0547060353749258 -0.0219750111974875 -0.012850576697785 -0.0502509761372007 -0.107142376204877 -0.0516011821093409 -0.412732881348948 -9999 -9999 -9999 -9999 -9999 -9999 -9999 -9999 -9999 -9999 -9999 -9999 -9999 -9999 -9999
0.398976588680948 -9999 -9999 0.179280014225935 0.205605137265573 0.337959865963645 0.341918909699524 0.327237297332091 0.299951244129318 0.337382455137791 0.491649817573509 0.268804698993017 0.193550516515197 0.288675739942518 0.199723149237303 0.218195660531213 0.271765689611486 0.34088691693207 0.351108552756626 0.300114152449516 0.30236344679475 0.163802310926344 0.256298651312003 -0.0406312271848829 -0.0386147535374803 -0.0325836671566057 -0.0174304407651679 -0.0857086791257998 -0.102529719129951 -0.0668312740743636 -0.068510361107823 -0.069326856406063 -0.0263262712450313 -0.418995647398495 -0.402547332525295 -9999 -9999 -9999 -9999 -9999 -9999 -9999 -9999 -9999 -9999 -9999 -9999 -9999 -9999
0.212592637929776 0.200615405209482 -9999 0.157868656848587 0.187161375913387 0.26303048713364 0.30514749314041 0.299915255096279 0.240409463670017 0.239727800785129 0.265284662235761 0.231768790481758 0.219826350681612 0.203124807517779 0.199353611409134 0.238765014127543 0.332435455926299 0.369315977797667 -9999 0.320664897033048 0.296639403516135 0.209021719051886 0.310634647156956 -0.0324534399027575 -0.0558574690354396 -0.0299317711426368 -0.0514107133636281 -0.0759674400017731 -0.0310314171554507 -0.0501894010087003 -0.0259786657510553 -0.0686790139035525 -9999 -0.290123706995039 -0.0756309909619315 -9999 -9999 -9999 -9999 -9999 -9999 -9999 -9999 -9999 -9999 -9999 -9999 -9999 -9999
0.137375409321939 0.225462817404244 0.312384061311311 0.231565166359004 0.276902448248886 0.343181419503805 0.302321081757243 0.273323375876677 0.182185545690797 0.169046712701157 0.125605927376015 0.133695630163407 0.178844697754452 0.208388000998096 0.241746999242418 0.264383141128014 0.380306162596618 0.410542278206793 -9999 0.352127324083241 0.319862824468004 0.220123686533723 0.132627157664733 0.0996675260413538 -0.0412894674666441 0.0154260955462736 0.00661484537720232 -0.0203138657497786 -0.0242000175095015 -0.0151434735553608 -0.0518093099731466 -0.018050713657484 -0.055599815331188 -0.041226420047278 -0.101486064278556 -9999 -9999 -9999 -9999 -9999 -9999 -9999 -9999 -9999 -9999 -9999 -9999 -9999 -9999
0.0296461686893722 0.137763962319959 0.226120368894313 0.271367733556426 0.284836956077287 0.277500661076271 0.253069276519082 0.243942508034216 0.255505872602969 0.19295656420532 0.145100905889955 0.171274695425881 0.226421662207755 0.211966255369909 0.237778336054955 0.294202184694748 0.346623499684274 0.372460586273252 0.461298914186167 0.619947678630595 0.355766251077866 0.276048660878176 0.128168119104701 0.116253437340793 0.0442202038221874 0.0914955751305916 0.353846775224554 0.0187894864668197 0.0767358155026782 0.0664211378344248 0.0175350221050685 -0.0121355440659513 -0.061973467891246 -0.0187752478054739 -0.0969981315491194 -9999 -9999 -9999 -9999 -9999 -9999 -9999 -9999 -9999 -9999 -9999 -9999 -9999 -9999
0.00572031389754736 0.0834953127295252 0.11341702818582 0.210910243863211 0.28487493134015 0.299300672669009 -9999 0.259962249205099 0.293436421576319 0.257814438141979 0.179846102972775 0.128430810853532 0.197601011223914 0.240247971664282 0.212213089792464 0.278044405021353 0.345906145787889 0.433901250773816 0.442977303484357 0.390493335254441 0.322858791175702 0.296277461502977 0.146884357592242 0.243044642838598 0.111023796303481 0.195853465814713 0.157677265947751 0.174627680801103 0.164117681758213 0.127953539352573 0.0973213739718657 0.0046826625718095 -0.015659197906719 -0.056121189520816 -0.0847113151164784 -9999 -9999 -9999 -9999 -9999 -9999 -9999 -9999 -9999 -9999 -9999 -9999 -9999 -9999
-0.0206547127393051 0.00537345967645874 0.0955747007847564 0.171537415353547 0.166251386494373 0.315679749342214 0.357483727579773 0.332967683844379 0.284086069672317 0.178446528816688 0.0349757272599951 0.0719441656741909 0.158640394816258 0.251419292480061 0.320354813769248 0.333287091342055 0.382297212825958 -9999 0.328483361651559 0.446917183835335 0.192448867577034 0.205006984996922 0.182351767624382 0.187165785383689 0.231714112430558 0.219695626952689 0.194790169862475 0.269204695027554 0.217014209225044 0.248425541255171 0.250671383352316 0.101116472240659 0.11018178351941 -9999 0.17775391093634 -0.165715987888418 -0.134283230761725 -9999 -9999 -9999 -9999 -9999 -9999 -9999 -9999 -9999 -9999 -9999 -9999
-0.0880646605254275 -0.044244794609261 -0.043563152782547 0.0105797395703678 0.0434828429379865 0.245812723556608 0.158761673961651 0.0318967046437507 0.20288826487412 0.0485810614829942 -0.0423476450737053 0.00848124471468329 0.103452955554595 0.230561275681888 0.335626171437008 0.372338828519205 -9999 -9999 0.241687461558067 0.195346471367662 0.22840863684376 0.188069290923142 0.189114306618919 0.192377587327011 0.207334784004001 0.190106698440606 0.201919371991781 0.273870980482149 0.254635883122041 0.191460503418668 0.159495469133639 0.127891156642556 0.0983835128600718 0.0884518517166632 0.256826551559455 -9999 -9999 -9999 -9999 -9999 -9999 -9999 -9999 -9999 -9999 -9999 -9999 -9999 -9999
-0.076105655293802 -0.0590323191472973 -0.0930502676573964 -0.0486614629268127 0.0492649891965236 0.155785454215966 0.0850615259697585 -0.00394216035892708 0.024188780381722 -0.019602974949711 -0.0524158903083614 -0.019653493980419 0.0184227518452222 0.0395692636963975 0.170298231763065 0.306752917573116 0.358410108034067 0.382443276960805 0.230891723593677 0.160167414598729 0.0943357491974699 0.139072454104921 0.124406720961402 0.195832801663935 0.161403316616334 0.178351687797363 0.213966462259671 0.182781899563717 0.139143562182926 0.0174841657904195 -0.0717888422842293 0.0788868181212976 0.130202321509623 0.137536093458996 -9999 0.264909527626568 0.224357123209445 0.0916356776141665 -9999 -9999 -9999 -9999 -9999 -9999 -9999 -9999 -9999 -9999 -9999
-0.0472976846397371 -0.0731587105906433 -0.115724137720296 -0.149849645554728 -0.211851701875081 0.122595645146475 0.0891609625436712 0.0833061623302157 -0.0205752534741327 -0.0006854633478639 -0.0740709279633837 -0.0909802314923577 -0.0597452301157994 -0.0700831740629156 0.104861769699432 0.1290560584706 -0.0359416220317201 0.0496369765041627 0.0392722686369245 0.0131533282362732 -0.00113534488405232 0.097447834163684 0.129896742046304 0.138305412639846 0.114576741339763 0.121996264199925 0.119420576147346 0.0171596518605132 0.022381475895732 -0.11061051886347 -0.114584828079242 -0.0999579772514686 -0.0573960846104213 0.0485214698860843 -9999 0.185763463644627 0.146918298936546 0.13062003221968 -9999 -9999 -9999 -9999 -9999 -9999 -9999 -9999 -9999 -9999 -9999
-0.109018819797613 -0.0828500558802761 -0.108645938919609 -0.134458646446869 -0.182454249469062 -0.166066496956508 0.0629462032637421 0.0179373196618768 0.014736118473056 -0.0143410253465817 -0.0673877160462928 -0.103903592082653 -0.129452899393905 -0.118075679080743 -0.0855934993093566 -4.01667169929982e-05 0.00432283191223141 -0.0295768663689017 -0.0510175045706018 -0.0515575803303676 -0.069295827380279 0.113573427200767 0.168083135963009 0.125781700671891 0.0997232412672174 0.0126789845688768 -0.0145811702636867 -0.0716665288904381 -0.163077695717935 -0.167339132763698 -0.20955586511707 -0.168052551159628 -0.0899644648206093 -0.0635304938245987 -0.00466871253629625 0.184932360122462 0.192618550581179 0.00785799385177832 -9999 -9999 -9999 -9999 -9999 -9999 -9999 -9999 -9999 -9999 -9999
0.156724696732022 -9999 -9999 -0.0670789225955578 -0.0158016711260731 0.0390078261421941 0.0415598724214989 -1.32832811823239e-06 -0.0384143615874972 -0.112299522434274 -0.151293473727042 -0.123370456463126 -0.137922680335417 -0.113241442341603 -0.0891627156420795 -0.0726939204493167 -0.0787066205848131 -0.0653939516165553 -0.0778934550060864 -0.0419953659864963 0.0224397376862983 0.14144930990226 0.091635943967457 0.0570546802380618 0.0434665579082516 -0.0497246605954225 -0.185192101037976 -0.203197259631982 -0.183754212624165 -0.0103245643117457 -0.218004523784892 -0.243582895518907 -0.0933403306803267 -0.115269610545206 -0.0735752846067664 0.0152999024778859 -9999 -9999 -9999 -9999 -9999 -9999 -9999 -9999 -9999 -9999 -9999 -9999 -9999
-0.0072476883410717 -0.0678101257959414 -0.0202360728104031 0.0547151043581709 0.0161203756300065 0.0451273639888641 -0.00334936627044244 -0.0263703708230834 0.000788705042553891 -0.0599782777674894 -0.0503263788761092 0.00566188982656283 -0.0175557673286119 -0.113270183444101 -0.0796284413562464 -0.0964127019985989 -0.12690649243655 -0.0987257712113044 -0.0552037407405415 -0.0464248963274282 0.0296906146603463 0.100922649746807 0.0909905358180878 0.0191766410861472 -0.030177309380693 -0.0215624351822965 -0.114509148328561 -0.25245084234183 -0.275471482652992 -0.255491608591402 -0.301263375246918 -9999 -0.132665077037317 -0.127718237404239 0.0910906122676763 0.141352122726532 0.226143126184021 -9999 0.208051725136388 -9999 -9999 -9999 -9999 -9999 -9999 -9999 -9999 -9999 -9999
-0.0461426098008416 0.0143407708028742 0.0155884481567495 0.0364517344866416 0.0358118906375148 0.0725710802213297 0.059157619706983 0.00468768601159111 -0.0382339595509482 -0.0527247121997934 -0.0994789026392211 -0.0947606641914199 -0.101666745484009 -0.127851931186942 -0.0432355828911366 -0.14230724863177 -0.135024813591227 -0.133763648063729 -9999 -0.0397088202045713 -0.0405716419018328 -0.0342943337702188 -0.0327521755540989 -0.0713914446051985 -0.110958916788578 -0.210544354809441 -0.170073986978425 -0.214857578304798 -0.249103029320342 -0.299834167978 -0.339467002602485 -0.164176548574303 -0.109829557539194 -0.0428351492507016 0.0245673021490952 0.149858627072908 0.173583665271133 0.179960793962049 0.143134673567698 -9999 -9999 -9999 -9999 -9999 -9999 -9999 -9999 -9999 -9999
0.0226732913018311 0.0189043152663145 -9999 -9999 -9999 0.111576649153251 0.136717052037364 0.122690325435552 0.00292158304555115 0.00662758767078245 -0.00791875155667986 0.0384204358791725 -0.0406883786789402 -0.0421976655219415 -0.077817972374394 -0.124451997025835 -0.112353621103751 -0.0983957933878234 -0.0751630241214383 -0.124669508325236 -0.145997803228203 -0.201430118577285 -0.158428757657307 -0.139323036144074 -0.132049421977612 -0.16399675989303 -0.190960663500514 -0.209729182603824 -0.20342331267414 -0.253817005858819 -0.226750833036924 -0.106748333991884 -0.023368594187338 -0.0541504138116866 -0.0125462888868631 0.0961264112141541 0.0254944939476255 -0.252727405524702 -0.232318307857604 -9999 -9999 -9999 -9999 -9999 -9999 -9999 -9999 -9999 -9999
0.0807914161735921 0.104875384023956 0.20172713955344 0.0933611056282314 0.190750764256486 0.232651096019711 0.188289837676031 0.129488176864859 0.0264975748323357 0.0484621593969533 0.166919759415105 0.0351329833039185 0.0303064615114376 -0.021093301226231 -0.0789082311728401 -0.138166937219753 -0.121713156497107 -0.0862331429405599 -0.190952087654332 -0.215830255059506 -0.258637847053265 -0.242392857237742 -0.223398055470906 -0.191247210363543 -0.147563590153709 -0.142985509009551 -0.124241817232383 -0.191337862842356 -0.225740012609743 -0.200721302461289 -0.184928212795327 -0.13858406110289 -0.0633425982288427 -0.0961514364742775 -0.0649231647073138 -0.152976780741786 -0.21278199360791 -0.274905249069138 -0.306034895462575 -9999 -9999 -9999 -9999 -9999 -9999 -9999 -9999 -9999 -9999
