data/rasters/s8.11.08.li.2_xyz_08_.asc
NCOLS 100 
NROWS 100 
XLLCORNER -4 
YLLCORNER -4 
CELLSIZE 0.08 
NODATA_value -9999 
[rows 22 to 43 of 100, columns 48 to 95 of 100]
0.393254701632998 0.375364077349616 0.338597617029983 0.229872008507243 0.173711468438943 0.0687329214369869 0.041792268453217 0.0452301623234701 0.0344303769034836 -0.00148899241266279 0.0312342905108943 0.0507511955936811 0.0752464235733431 0.021853479587496 -0.0175932320926101 0.0976076819916203 0.140262654306124 -0.0980345554012906 -0.111302636809606 -0.116926009092752 -0.0728586837258176 -0.0705498808830849 0.0120681517783456 0.00568146845905916 0.0459853043220345 0.0368979277846244 0.0816016124819883 0.0366980161490521 0.0190450230559976 0.0207064278265662 -9999 -9999 -9999 -9999 -9999 -9999 -9999 -9999 -9999 -9999 -9999 -9999 -9999 -9999 -9999 -9999 -9999 -9999
0.482577761585677 0.400614390557745 0.332043293824397 0.199997316969704 0.198246554909594 0.128214587294978 0.262550113806898 0.123118374111101 0.0199273930231329 -0.0213076572726709 0.042457806725948 0.0412795831177001 -0.00713906900636317 -0.0346845527532941 -0.0485567187162799 -0.0265662132244566 -0.0462738410774699 -9999 -0.166865386999237 -0.1326095162639 -0.105223909301176 -0.139563250626434 0.0179852416787418 0.0436119360697077 0.0262843534254369 0.00316849504942401 0.0956992401073144 0.0252257766572387 0.0855196971020653 0.100801531574121 -9999 -9999 -9999 -9999 -9999 -9999 -9999 -9999 -9999 -9999 -9999 -9999 -9999 -9999 -9999 -9999 -9999 -9999
0.507772294812682 0.196867369573197 0.278547721177547 0.264958236884494 0.242722119515237 0.101186693220048 0.0664919619260327 0.0510895963080166 0.0638778967762701 0.0858374498191877 -9999 0.112669753714105 0.0805144482906775 -0.0716729588288023 -0.0819870299725024 -0.0178534646022785 -0.0974588520972787 -0.156222162074003 -0.12550081932913 -0.192700769727937 -0.156000600039934 -0.0792070981570647 -0.0467417951154888 -0.0538719607881978 0.000672811843151603 -0.00328922236700953 0.0720431532751214 0.0702524005980319 0.00494922742520567 0.0102269093893953 -0.0331235018351073 -9999 -9999 -9999 -9999 -9999 -9999 -9999 -9999 -9999 -9999 -9999 -9999 -9999 -9999 -9999 -9999 -9999
0.204213804391153 0.189505542977203 0.179568395194582 -9999 0.176653848684424 0.172948444465788 0.13063147972429 0.123445883134214 0.0993238614336955 0.0593510653557002 -9999 0.156354329054196 -9999 0.0458507406145992 -0.127335628578381 -0.0665151693056316 -0.185855470357653 -0.131470762664769 -0.102941606634058 -0.125248553589029 -0.113485271916945 -0.0914523899432811 -0.0465357726546208 -0.0413956311956258 -0.0194068112161152 -0.0306242544807129 0.044406257765275 0.0460889685465755 0.00448307501553943 0.0262791789699826 0.00626248733020462 0.049281166026763 -9999 -9999 -9999 -9999 -9999 -9999 -9999 -9999 -9999 -9999 -9999 -9999 -9999 -9999 -9999 -9999
0.32182550944596 0.201499430561572 0.175159650655592 -9999 0.132541679492115 0.139189083885088 0.15494716478442 0.195611166210643 0.060677138042375 0.0318225297330696 -9999 -9999 -0.109323622554357 0.12493094722902 0.0759238928611534 -0.0213825350342662 -0.135896351904982 -0.160439159059021 0.0202436900632495 -0.0797401170232981 -0.125260263842897 -0.200094704648351 -9999 0.0174441891142779 0.0432527036284607 -0.0137665466408382 -9999 0.076894048516468 0.0777065701365205 0.120069061415816 0.0092159593557042 0.00777112596483817 0.0355024457147951 -9999 -9999 -9999 -9999 -9999 -9999 -9999 -9999 -9999 -9999 -9999 -9999 -9999 -9999 -9999
0.128477782115652 0.237010573830654 -9999 -9999 0.247275847552484 0.243619170497873 0.0779357183929542 0.115343276239377 0.16375794423718 0.0421474209480616 -0.00509213406727602 -0.00336140209147366 -0.0866964741574229 -0.108969604117505 -0.0791860251955513 -0.102638650634543 -0.0685406023324689 -0.0204584805470521 -0.0728207455566294 -0.0942690474074554 -0.186700520172966 -0.22229505271142 -0.159900701031394 -0.00293086887957941 0.0190624492586354 0.0432515302607361 -9999 0.194084283041463 0.140204948871693 0.107337264679092 -0.0193665423243823 -0.00812410155298622 0.0382158710157638 0.137163657416204 -9999 -9999 -9999 -9999 -9999 -9999 -9999 -9999 -9999 -9999 -9999 -9999 -9999 -9999
0.0890861537910706 0.0801257560929724 -9999 -9999 0.152440883054969 0.291017817896113 0.189753615588983 0.017495562997863 -0.0144889438634575 -0.000688068423429778 0.0329663166842968 0.0113298918163467 -0.0231843367376941 -0.0654149002813848 -0.0193013627525974 -0.089608761634918 -0.114690391650968 -0.136688936678843 -0.0643572924993852 -9999 -0.103846549600515 -0.124658882428825 0.0128209279719004 0.0440186424988908 0.0767363948748073 0.0652986096811352 0.0509745171598608 0.177253312134661 0.143447414741312 0.0507832023320205 0.0696390269474433 0.182695417316123 0.0730957919773973 0.0776682857602135 -9999 -9999 -9999 -9999 -9999 -9999 -9999 -9999 -9999 -9999 -9999 -9999 -9999 -9999
0.027060956509671 0.109826827634427 0.148520059304359 -0.079812865810654 0.140587095781152 0.157512991687491 0.108293969232056 0.0939109424720586 0.0518709161163476 0.0428906470960404 0.00309717891507531 -0.0262984751922374 -0.0201244880563958 -0.0739223225586239 -0.0817354594373692 -0.114028846345228 -0.120705463745856 -0.100461524017417 -0.0327194646521051 -9999 -0.0849970609885678 -0.0255212715394628 0.0141028703765621 0.0934744164742632 0.102657154916131 0.171494428700059 0.138249223044927 0.206252951984142 0.17321115698604 0.0734884767978708 0.000247913702378736 0.111357574528231 0.0919743502311132 0.0762537619054062 0.0923581868676599 -9999 -9999 -9999 -9999 -9999 -9999 -9999 -9999 -9999 -9999 -9999 -9999 -9999
-0.0196404461295558 0.0553664284120587 0.173260425014461 -0.00634398913119736 -0.0896083892961211 0.0548758247615177 0.0727405592141011 0.127787161605316 0.113615900947756 0.0656917650701722 -0.0794348322134225 0.0200582211886799 -0.0109241784487259 -0.00435998351693143 -0.0988723544818725 -0.0851785780635391 -0.0557691224058365 -0.0620658011772123 -9999 -9999 -0.139013959601279 -0.0919603472018707 -0.0234955950343351 0.0914900700661177 0.149739030697423 0.113556309089553 -9999 0.219173903281683 0.127841004169638 -0.0290244398782723 -0.110217984512621 0.0667294168764926 0.062222214407247 0.174045981324901 0.244252566313442 0.272664522496728 -9999 -9999 -9999 -9999 -9999 -9999 -9999 -9999 -9999 -9999 -9999 -9999
0.00628356892130982 0.0362819132169079 0.0411480405340967 0.0157793091233688 -0.0285911648639835 -0.00711926331516516 0.0416157357389346 0.0390563988672957 0.062101932928295 -9999 0.269298731269156 0.184755997944279 0.198637950640968 0.0488746987204875 -0.0853442014746518 0.137727759619358 -0.121285663811392 -0.154478289929672 -0.038431832531921 0.0920998163135735 0.0118738626117718 -0.185958729806603 -0.0500163147093263 0.0252923525234124 -0.0490833287956333 -0.0995622590992241 -0.0994788813410713 -0.0716764076364559 0.00529401941060121 -0.109958670854125 -0.119054165813664 -0.0522002840860043 -9999 0.24217776534878 0.235869638593732 0.197869515249653 -9999 -9999 -9999 -9999 -9999 -9999 -9999 -9999 -9999 -9999 -9999 -9999
0.0216459110981081 -9999 -0.0345552539387778 0.0110519736605277 0.0576194305451356 -0.0123731113342558 0.0730552304587331 0.0940526556171606 0.153469376539406 -9999 0.286899613203425 0.22356338108215 0.152258926047677 -0.0107043532232393 0.00919968374363837 0.0779028402433185 -0.0538375159963977 -0.103499921783221 -0.0829457743994412 -0.0655956874958336 -0.021701874414093 -0.00892532204122409 -9999 -9999 0.0494021632316148 -0.075938604474736 -0.0355184768147998 0.0282059672891895 0.0085233653124092 -0.0361812710881508 -0.0368537352985107 -0.084919163177828 -0.0944138415503603 0.0259791203435098 0.170274971355375 0.192275680666999 -9999 -9999 -9999 -9999 -9999 -9999 -9999 -9999 -9999 -9999 -9999 -9999
-0.0333213537640089 -0.0263640058496715 -0.0998090851067295 -0.0487632588136879 -0.0610184939576245 -0.0700128827324626 0.0819681481863751 0.0280199505243139 0.0342211215652085 0.27430827311306 0.116760306072704 0.070702560854083 0.0892091510562042 -0.0631995553846735 0.0226876995152341 0.104893746426069 0.139727491309737 0.229939374903785 0.0157869673008711 -0.0290967865715364 0.00089454092782871 -0.0366890982915379 -0.0550695565470045 -0.0496155997636051 -0.0345382307017257 0.0497260413679523 -0.0237827340319835 0.0147417389946947 0.0273097259093432 -0.0894326592066277 -0.0630041943603597 -0.119338572260764 -0.179090277495151 -0.117155563246483 -0.0939085355971229 -9999 0.250290901567269 0.201440589284054 -9999 -9999 -9999 -9999 -9999 -9999 -9999 -9999 -9999 -9999
0.154182572637591 -0.00803134411742452 -0.000724292051397222 -0.00186459414072499 -0.03010190861446 -0.031259096633971 -9999 0.0880886799447853 0.145824032557643 0.232082595036985 0.212175040767081 0.152533494292696 0.221053594857271 -9999 -9999 -9999 0.0294526373794429 0.143471927134075 0.133933979638798 0.0646019572958978 0.0407179821798581 -0.00298814221096255 -0.00894339384384042 -0.0498763234226143 -0.0603197718400181 -0.018789788835955 -0.119219196583118 -0.0128859290250122 -0.025175498996257 -0.103501843823949 -0.047668338031925 -0.0913467357482123 -0.0155932123623494 0.0544308756465643 0.0399066973448828 -9999 0.217526130083914 0.159489685876925 -9999 -9999 -9999 -9999 -9999 -9999 -9999 -9999 -9999 -9999
0.154682751702076 0.143847061993241 0.177125779389666 -0.0278486115920103 -0.0247828728621267 -9999 0.0346996982691085 0.0879759169896351 0.152355131665938 0.117201535014458 0.296442065257563 0.291357889906717 0.251109539667791 0.310319920859426 -9999 -9999 -0.0234928215736595 -0.0458709583329045 0.100665433745864 0.0304650369300668 0.054804108169072 0.0818942010402869 0.111343711666849 0.023012818075546 -0.0687753029009374 -0.0199142397726612 -0.0497165868384112 -0.0774538925012294 -0.0828867217036477 -0.154743497556097 -0.039630470819921 0.0214310299383031 -0.0239477151229556 -0.0524419729777477 0.0803499084356939 -9999 0.312042761181431 0.29598855121217 -9999 -9999 -9999 -9999 -9999 -9999 -9999 -9999 -9999 -9999
0.0566165377186108 0.0357588235607629 0.2068144918516 0.0408369727421939 -0.0110043606879335 0.0953521096712232 0.118791938529081 0.100592910227712 0.172520996306571 0.173333148131276 0.321369884845613 0.340867392868429 0.345834474758926 0.227229669611897 0.39808710804561 -9999 -9999 0.0281035676271752 0.186795060220632 0.191336953752344 0.0918665264490771 0.0462711920746812 -9999 0.236976481042673 0.214370002337468 -0.00320676307714305 0.0253640432297301 -0.110564300701139 -0.022630263346281 -0.0890234141318074 -0.10090678009307 -0.0423324084399562 -0.0823600310432698 -0.0912690998638192 -0.0859611915517695 0.0304311395127959 0.144255150600354 0.199920821218357 0.184921120324898 -9999 -9999 -9999 -9999 -9999 -9999 -9999 -9999 -9999
0.126635553975902 -0.00929499081434183 0.0142706258310328 0.0305046914152063 0.017623800918489 0.0792609507013046 0.164252701293413 0.122733309565734 0.154378180390426 0.206957815999073 0.218264076810432 0.362144395302205 -9999 0.216348669195229 0.0545512457677447 0.0622499062851314 0.0564026665981243 0.0263653330609788 0.0669269054871627 0.228625653932804 0.0258769142768928 0.0288410441306134 0.0571603424570417 0.0818697159688093 0.0832925787028371 -0.024278648288409 -0.0753414539958427 -0.0935350352805316 -0.0687730512705992 -0.0712172605375321 -0.067446613203725 -0.126271405856904 -0.0867992223996755 -0.0930966687041088 -0.0211481980734492 -0.0278387221616185 0.0169156754010171 0.222216176947666 0.205390467935331 -9999 -9999 -9999 -9999 -9999 -9999 -9999 -9999 -9999
-0.0152220808562705 0.115670318960178 0.0855775048791093 0.0966751717873254 0.146272493853109 0.142326262853856 0.180608383228023 0.178303419662237 0.150326300268836 -9999 0.295740348953255 0.306546081347255 -9999 0.292878186488925 0.165162714443498 0.0930366748205025 0.184678230684549 0.121465800259579 0.0713336594903861 0.0665604407371441 0.0424015230909313 0.0160338971769772 0.0689486895951493 -0.021773563471659 -0.0347420836518694 -0.0180638221578921 -0.0502655878109749 -0.0458633126785291 -0.0671663682403253 -0.0580085677202907 0.022999535645561 -0.0775170913889957 -0.097418823202014 -0.0865072879549581 -0.0638686803198834 -0.0049543589476304 -0.00422411421205037 0.206319372484978 0.257378159148098 -9999 -9999 -9999 -9999 -9999 -9999 -9999 -9999 -9999
0.100271604444596 0.0987465902358352 -9999 0.0947298116545605 0.134509352288795 0.183728790447719 0.133409420135253 -9999 -9999 -9999 -9999 -9999 -9999 -9999 0.248164952301232 0.0281285714580068 0.104484059069428 0.199447805525536 0.138825634790568 0.0312272936957301 0.152676851793234 0.193183018560517 0.114751653036501 0.0579865351593371 0.0336006420588217 -0.00694585678479042 -0.0813052869993714 -0.11325735991563 -0.0999850002535665 0.0143445985290009 0.0300467015236165 0.006365607417457 -0.0689414718634745 -0.122930391696154 -0.106120018944504 0.0953788769455072 0.250113547848777 0.205701406080477 0.29863952077025 0.138107293605435 -9999 -9999 -9999 -9999 -9999 -9999 -9999 -9999
0.0970247857755025 0.0808616095809408 -9999 0.0978242964638945 0.156286482337378 0.172133127562908 0.115693223814176 -9999 -9999 0.254524861823571 0.260711755509687 0.354414415968951 0.327587682879378 0.172973150902545 0.112002059090296 0.0734701836877187 0.0571642620167907 0.0964557530946006 0.0853575734513998 0.0609366975458296 0.0942316683585233 0.218017608220236 0.112927642457277 0.0705858191727989 0.0238805730454467 0.0244039222594545 0.0508068231939291 -0.0595778947063669 -0.0844806286151675 0.0313563272979301 0.00170106772139 0.010068542830954 -0.0709603649002401 -0.327355207632546 -0.339247663323772 0.21494474436103 0.255933086946065 0.25949374358673 0.242945409952218 0.175489932231381 -9999 -9999 -9999 -9999 -9999 -9999 -9999 -9999
0.116756120809995 0.15806917990921 0.200440622566029 0.163405144524462 0.188681683229635 0.214623558109747 -9999 -9999 0.24655532118483 0.29102431985238 0.304092962016207 0.228219600686 0.199070606255009 0.173580367738051 0.19846853738692 0.16163070232373 0.0464321516863442 0.0766758921092815 0.113386313545266 0.136303180270373 0.137017965016105 0.166227217612587 0.136884336660741 0.0690587515412658 0.0247971713417084 0.0824993842586994 0.162349258111159 0.063757039340389 -0.0541662997703457 0.0453509519605155 0.042822593172435 0.249914675755277 -0.072163555427505 -0.326157969932944 -0.441348349245145 0.102883920681473 0.239824644545634 0.254705994736747 0.250895184051353 0.252071402261618 -9999 -9999 -9999 -9999 -9999 -9999 -9999 -9999
-9999 0.221786612544061 0.18268000693412 0.192029654236329 0.28718824046899 0.330675035420866 -9999 0.270455990555445 0.238085005477666 0.251481799916945 0.226687345929129 0.138148725850357 0.111498554031169 0.0480823504809723 0.114571468354574 0.129650185834627 0.0329361497352117 0.10205994480426 0.0933761472091726 0.130124732995873 0.164876971563779 0.116919119643524 0.105664449229213 0.116772379794319 0.0883976056142374 0.0737154653540917 0.0878679117675838 0.0697865613735075 -0.0342513421517137 0.0437303818831747 0.124511305490165 0.0505890863756432 -9999 -0.333681599961279 -0.27123404608197 0.120262559191613 0.101720853626164 0.142837249290834 0.197204409457198 0.120197200677185 -9999 -9999 -9999 -9999 -9999 -9999 -9999 -9999
0.0787925610204932 0.16554695014857 0.147234987539143 0.288595009382945 0.382611168358086 0.574478144544575 0.299365285547997 0.391923354567252 0.264862242356978 0.219959511153138 0.123823969030951 0.0751647138229625 0.0726270923640213 0.0721536031897551 0.0898709539290214 0.151745540675367 0.235037901621942 0.150332271170447 0.123176558559347 0.169244236876459 0.159852757410033 0.152860020890551 0.106122463030065 0.119763221333047 0.0919821792980189 0.0895719580414215 0.0711034836272201 0.0763318505698788 0.0382177224040918 0.0718684175796454 0.0956500947863979 0.0882535458479124 0.0338507647418599 0.0464927155027156 -0.00320119772811938 0.0693590638871086 0.101323346902766 0.0980806856468594 0.0812563915140276 0.214150244731219 0.186195931830179 -9999 -9999 -9999 -9999 -9999 -9999 -9999
