data/rasters/s8.11.08.cu.5_xyz_08_.asc
NCOLS 100 
NROWS 100 
XLLCORNER -4 
YLLCORNER -4 
CELLSIZE 0.08 
NODATA_value -9999 
[rows 63 to 83 of 100, columns 0 to 48 of 100]
-9999 -9999 -9999 -9999 -9999 -9999 -9999 -9999 -9999 -9999 -9999 -9999 -9999 0.471637760762253 0.399844086462974 0.274615552819314 0.366161118238652 0.3328903304302 0.325352796715202 0.279226495558064 0.195063180998862 0.159543619727361 0.0431687160350809 0.0161127533837608 -0.0665742475465977 -0.0403974625122141 -0.0529449657712585 -0.059061290019037 -0.0479674981822987 -0.0274935523380063 0.143969086611122 0.148559618696852 0.144265191918189 0.0905025988317825 0.140891539382539 0.168020599998359 0.137034461151932 0.204425435081442 0.125276348370687 -0.0296517824286358 0.154163525793189 0.143482135117421 0.061205191293631 -0.00428103060327375 -0.0146421462459514 -0.0921612034901144 -0.0787584689509247 -0.113121507481706 -9999
-9999 -9999 -9999 -9999 -9999 -9999 -9999 -9999 -9999 -9999 -9999 -9999 -9999 -9999 -0.22078758052756 0.309815509486172 0.30122073460848 0.242733617750998 0.255241838511269 0.26585358299365 0.319866153418104 0.134481122468854 0.0503021560128068 0.040500669674087 -0.033805997242452 -9999 -0.0599512134279441 -0.0397590317886337 0.0244671294100096 -0.0495036232257527 0.0123481661343013 0.0020042009859178 0.0527917129829178 0.0591317936903497 0.0510331356685238 0.0794186706241241 0.154438223219272 0.168563380469639 0.131631220543058 0.0297742066626348 -0.0315390936886284 0.00470549114273053 0.0702778168754024 0.165216378217976 0.0610568458426623 -0.0814844765658577 -0.0852461919860439 -0.13486712854777 0.00751097445539347
-9999 -9999 -9999 -9999 -9999 -9999 -9999 -9999 -9999 -9999 -9999 -9999 -9999 -9999 -9999 0.410224169636783 0.270389450322292 0.19081529062695 0.124284971368984 0.243169990711664 0.182805195372442 0.143782850746412 0.0940011264731591 0.0424700333668702 -0.0458731816295575 -0.202566571906181 -0.0391773666082995 -0.0130063419294201 0.0115021069936477 -0.0311661665239772 -0.0384578988827559 -0.020737666649304 0.0108889471515904 0.0692122185435462 -0.0021742066767506 0.0419998812889606 0.0817871067439833 0.1139108377906 0.235201854634066 0.282853234722508 0.221909328433986 0.0722134861362198 0.116239876660724 0.0711813841510205 0.00281036974433598 -0.0624594932873408 0.0345747887301148 -0.0254515321078644 -0.0705700990275826
-9999 -9999 -9999 -9999 -9999 -9999 -9999 -9999 -9999 -9999 -9999 -9999 -9999 -9999 -9999 0.223769043380187 0.232642945275069 0.0700716266570953 -0.0955197238497577 0.121172027943686 0.0731152455577579 -0.0242418459932827 0.0647245087658387 -0.0607288136457957 -9999 -9999 -9999 -0.0489277198081665 0.0234825404493284 -0.0582144164925872 -0.0786053700968999 -0.132934919804404 -0.0550349760513539 0.0478386752375614 -0.0861326084360209 0.0183176619644354 0.0383152040131432 0.094748220759161 0.199940533839503 0.430660378057117 0.295703045184226 0.046752240709181 0.0832244457767308 0.12656304207773 0.0413829914360644 -0.127657863438794 0.0425606470467876 -0.0664384676670971 -0.155907368334647
-9999 -9999 -9999 -9999 -9999 -9999 -9999 -9999 -9999 -9999 -9999 -9999 -9999 -9999 -9999 0.0221212744619117 -0.0646389117241991 -0.0254777021715568 -0.0734139874943027 0.0149973239281384 0.144777310655565 0.0777569654138112 -0.00849652138904498 0.0808752627657303 0.0974556744778678 0.0258574591857323 -0.0108311388817416 -0.075229537735071 -0.0433884030029925 -0.114626667728862 -0.133803267709515 -0.168291016725668 -0.136771577463046 -0.154909178870249 0.0116906971305393 -0.0664725965541366 0.00980757689933734 0.0276280693862445 0.111361064728876 0.292736391133776 0.310620201510274 0.240947868139145 0.177921071164836 0.132165478757995 0.0761972761799758 0.0142125597866815 -0.01231715019491 -0.0870666270651377 -9999
-9999 -9999 -9999 -9999 -9999 -9999 -9999 -9999 -9999 -9999 -9999 -9999 -9999 -9999 -9999 -0.0429646931494679 0.0723994059180652 0.0685169541331983 0.10476799842161 0.154958833245029 0.0580664586099304 0.0607550173297344 0.0470297053166113 0.0629917456273772 -0.00323988367966143 0.0430549728780871 -0.0555555159478073 -0.117890075457408 -0.131655927155636 -0.172567325494922 -0.0965065092297771 -0.174623880428376 -0.292860834816474 -0.396410408535875 -0.323908120347127 -0.0834939997727445 -0.0371599591202331 0.0305041855411632 0.0739017342056153 0.167655651871555 0.247254198098521 0.193112745229907 0.175442020687604 0.149534744222447 0.18608852332352 0.0664071027936039 0.0498769161566168 0.0878931993951684 0.0361795298461084
-9999 -9999 -9999 -9999 -9999 -9999 -9999 -9999 -9999 -9999 -9999 -9999 -9999 -9999 -9999 -9999 0.00373844372291245 -9999 -0.00934101752620529 -0.032764458571691 0.0758567698305511 0.0621361348182522 -0.118407880441841 -0.0622375856239087 -0.0263328396399227 -0.0287251463316972 -0.0914570243441267 -0.239604096218331 -0.191338468851454 -0.167585578652722 -0.11946406269028 -0.305453386767049 -0.278040228984861 -0.251326158129319 -0.301886689064573 -0.153294678937889 -0.112020902052336 0.011530110791898 0.115499944104767 0.124058886719791 0.161571645572793 0.210715540278581 0.203040507447108 0.111896504230469 0.188406760088933 0.107491111256934 0.0493969209059818 0.0645295932067727 0.0361196067011547
-9999 -9999 -9999 -9999 -9999 -9999 -9999 -9999 -9999 -9999 -9999 -9999 -9999 -9999 -9999 -9999 -9999 -9999 -9999 -9999 -0.042136485829563 0.0104791005342622 -0.00602022617056594 -0.0559886177591001 -0.117906716475272 -0.0957348296129015 -0.121804780600171 -0.109076032547123 -0.381652844999519 -0.382417468131706 -0.0159088461724541 -0.119708187845836 -0.188650564417766 -0.231996479593337 -0.290401916255748 -0.241617205048608 -0.215445435965842 -0.0845889396191181 -0.0187943610898723 0.102634739901771 0.142542800344923 0.156044431816999 0.235645226968214 0.207144162577895 0.147877495422248 0.148745784081576 0.135357247860731 0.117382522949044 -9999
-9999 -9999 -9999 -9999 -9999 -9999 -9999 -9999 -9999 -9999 -9999 -9999 -9999 -9999 -9999 -9999 -9999 -9999 -0.0124939125014249 0.105518806866559 -0.152794897414176 -0.0850695744656543 -0.0101552767004465 -0.0484166007894948 -0.0651532040003495 -0.111987934749725 0.00584615831673411 -0.0808402994257905 -0.235122947921254 -0.1559840850687 -0.104410514919538 -0.225689226594638 -0.230406433519665 -0.17966735427852 -9999 -9999 -0.110819792689293 -0.193923850716753 -0.0108005381403137 0.0677917980897392 0.125868907291891 0.0963044207467139 0.23418305511162 0.327715630860493 0.185521526661561 0.129746795365738 -9999 -9999 0.444649365151297
-9999 -9999 -9999 -9999 -9999 -9999 -9999 -9999 -9999 -9999 -9999 -9999 -9999 -9999 -9999 -9999 -9999 -9999 -0.216357069744469 -0.198444745604424 -0.174183793291155 -0.137051612441855 -0.184268338718552 -0.137582969336707 -0.225017087415514 -0.262564411387424 -0.0832171627142417 -0.0694187163545131 -0.132455406807849 -0.111115700135852 -0.203064642446156 -0.131008545360238 -0.240740881195223 -0.337165026567089 -9999 -9999 -9999 -0.105928380811151 -0.0546264000333391 0.0580961568260239 0.0992968160614671 0.1415355818229 0.269309733580796 0.160977363688575 0.165638448437026 0.253622559917258 0.44405186416317 0.362223610593914 0.593953597011032
-9999 -9999 -9999 -9999 -9999 -9999 -9999 -9999 -9999 -9999 -9999 -9999 -9999 -9999 -9999 -9999 -9999 -9999 -9999 -0.256273803590042 -0.176888428040249 -0.181069615063806 -0.270610402023697 -0.0489217415212713 -0.0321355403381557 -0.127056953397799 -0.0724192940850869 -0.0393013359525351 -0.129845751588643 -0.141369387063932 -0.187682144858281 -0.19390492573025 -0.208227395716654 -0.223176426477137 -0.283751535891273 -9999 -9999 -0.135551394612243 -0.0381710321545044 -0.0101834592592902 0.11051615260807 0.13392750772685 0.173934651785628 0.172863786579006 0.107623325506384 0.118579815820741 0.192041400776211 0.267772571427907 0.322965216333211
-9999 -9999 -9999 -9999 -9999 -9999 -9999 -9999 -9999 -9999 -9999 -9999 -9999 -9999 -9999 -9999 -9999 -9999 -9999 -9999 -0.133705044298237 -0.0816942767198608 -0.189539554680426 0.0276247748427575 -0.0974751305947878 -0.112676972393758 -0.102806335713705 0.0030533673706179 -0.0616890737394824 -0.0960223135553808 -0.224753478723775 -0.250664968770238 -0.197019364419534 -9999 -9999 -0.0620648330028519 -0.0588803339920611 -0.136689564944058 -0.137079830754528 -0.0488821426753299 -0.0656460514278072 -0.143793225302011 -9999 0.451187202934398 0.395183937574359 0.221652580012278 0.161143851873882 0.202731875159878 0.237933848371042
-9999 -9999 -9999 -9999 -9999 -9999 -9999 -9999 -9999 -9999 -9999 -9999 -9999 -9999 -9999 -9999 -9999 -9999 -9999 -9999 -9999 0.00838137642344316 -0.106532814912858 -0.0395561716892535 -0.0569597896552278 -0.07596572604742 -0.345985918050084 -9999 -9999 -0.0659371819899164 -0.17603238454189 -0.224968738174137 -9999 -0.0635370569133437 -0.152514086325932 -0.162797911401501 -0.0684491271295339 -0.0728988755669619 -0.0774928592283387 -0.041685283698291 -0.0842447015991712 -0.0489476966973213 -9999 -9999 -9999 0.257044669402424 0.0537115448338493 0.25500906293167 0.337595226195263
-9999 -9999 -9999 -9999 -9999 -9999 -9999 -9999 -9999 -9999 -9999 -9999 -9999 -9999 -9999 -9999 -9999 -9999 -9999 -9999 -9999 -0.164100056879227 -0.188120689809705 -0.522676660203396 -0.11906017236344 -0.132169040026587 -0.0589423357559108 -0.00968629471923948 0.0579340166683229 -0.0293328920829722 -0.180586672815473 -0.157808205838746 -0.264572521738823 -0.0371253173550194 -0.200751370620509 -0.0488538535352924 0.274297075406791 0.0579163342471257 0.0943477132126362 -0.0887539091663624 -0.0638430532291874 -0.116425045140991 -0.152532205839309 -0.0506028127453694 0.15796790328442 0.206512990032377 0.149131100892171 0.0767408305151159 0.124920547832741
-9999 -9999 -9999 -9999 -9999 -9999 -9999 -9999 -9999 -9999 -9999 -9999 -9999 -9999 -9999 -9999 -9999 -9999 -9999 -9999 -9999 -9999 -9999 -0.550431248346323 -0.129565360741891 -0.140799487915161 -0.00484225871085284 -0.00133476729868958 0.13814511474812 0.0787934022567895 -0.0892402559842006 -9999 -0.001378678965407 0.0196099988172446 5.59983422006921e-05 0.0153797060269623 -0.0226402356453336 0.043616246934855 -0.00958206923527668 -9999 0.0469650536978563 -9999 -7.59398997548447e-05 -0.0174367535027953 -0.0599790611681544 0.0914413790227477 0.0519456147196564 0.0896074936499192 0.211617259637643
-9999 -9999 -9999 -9999 -9999 -9999 -9999 -9999 -9999 -9999 -9999 -9999 -9999 -9999 -9999 -9999 -9999 -9999 -9999 -9999 -9999 -9999 -9999 -0.0145992779402493 -0.0406436479212502 -0.105180324616772 -0.0231146949946704 -0.0105230262666373 0.0215098219345036 0.147678172632881 0.0803242989187646 0.0260272487422956 0.0753915509016229 -0.0718226598578478 -0.085162677362732 0.147481923522849 0.06934395211558 0.0303455711101007 0.00391913180643824 -0.083234495642057 -0.152756207516118 -0.125869258878171 0.0774786224771454 -0.0360304570942319 0.0340803561191145 0.0376000559322397 -0.0202357385458266 0.0478800219394975 0.0839623312061746
-9999 -9999 -9999 -9999 -9999 -9999 -9999 -9999 -9999 -9999 -9999 -9999 -9999 -9999 -9999 -9999 -9999 -9999 -9999 -9999 -9999 -9999 -9999 -9999 -9999 -9999 -9999 -0.12464983567985 -0.143662220364235 0.0240365129994942 0.00104484182420217 -0.0167435137224246 0.0534335987350619 -0.0645098802831629 0.62880339921856 0.582673887977892 -9999 -9999 -9999 0.0160423810621799 -0.0748376414786835 -0.113006631893561 -0.151344915585038 0.323037166732548 0.0534300429731171 0.0321393497001802 -0.048767935176315 0.178293124706673 0.196264034284705
-9999 -9999 -9999 -9999 -9999 -9999 -9999 -9999 -9999 -9999 -9999 -9999 -9999 -9999 -9999 -9999 -9999 -9999 -9999 -9999 -9999 -9999 -9999 -9999 -9999 -9999 -0.196673291760263 -0.177311722378794 -0.168806419854419 -0.11470611597016 -0.0375970316721683 0.00860350398937226 0.0213937934415825 0.0541755141319463 0.101813171654512 0.141878314318298 0.00152959354601265 -0.0262862094761119 -0.0578904012221847 -0.107728407473739 -9999 -9999 -9999 -9999 0.117268269962532 0.200264070858147 -9999 -9999 0.264407906881633
-9999 -9999 -9999 -9999 -9999 -9999 -9999 -9999 -9999 -9999 -9999 -9999 -9999 -9999 -9999 -9999 -9999 -9999 -9999 -9999 -9999 -9999 -9999 -9999 -9999 -9999 -9999 -9999 0.150721112065389 -0.0338083781633005 -0.0394026788686057 -0.0897688954301033 -0.163889744869535 0.00629265648695394 0.0791450673910261 0.09971987736487 0.0202416857220399 -0.0370920263545487 -0.011423675135788 -0.0390244156284865 0.00323811849736761 -9999 -0.010225431634586 0.175696797945606 0.149314775702014 0.0773994849652124 0.0707707225936145 -9999 0.195480534398853
-9999 -9999 -9999 -9999 -9999 -9999 -9999 -9999 -9999 -9999 -9999 -9999 -9999 -9999 -9999 -9999 -9999 -9999 -9999 -9999 -9999 -9999 -9999 -9999 -9999 -9999 -9999 -9999 -9999 -0.00170904024749483 -0.134261900490399 -9999 -9999 -9999 -9999 0.190725107947828 0.118273902704351 0.0336917787570982 -7.6216546841504e-05 0.061062438761301 -0.058570980475275 -0.0828933017771941 0.0524956018598885 0.000352961657653458 0.164023255357937 0.153489530831136 0.0480480355882458 0.188506616478299 0.100838284731944
-9999 -9999 -9999 -9999 -9999 -9999 -9999 -9999 -9999 -9999 -9999 -9999 -9999 -9999 -9999 -9999 -9999 -9999 -9999 -9999 -9999 -9999 -9999 -9999 -9999 -9999 -9999 -9999 -9999 -9999 -9999 -0.15662031074791 -0.191958609173721 0.0619162612701049 0.0317803258499156 0.203224445920895 0.120917565035332 0.0429142917457984 -0.104750781459748 0.0906211587217634 0.164698080908279 -0.0473454646322048 0.0931471894338845 0.0532201684555594 0.184958616594188 0.123515956583919 0.0533121329021698 -9999 0.134632676351021
