data/rasters/s8.11.08.cu.5_xyz_08_.asc
NCOLS 100 
NROWS 100 
XLLCORNER -4 
YLLCORNER -4 
CELLSIZE 0.08 
NODATA_value -9999 
[rows 21 to 41 of 100, columns 0 to 48 of 100]
-9999 -9999 -9999 -9999 -9999 -9999 -9999 -9999 -9999 -9999 -9999 -9999 -9999 -9999 -9999 -9999 -9999 -9999 -9999 -9999 -9999 -9999 -9999 0.020965093350406 -0.0663753934240293 -0.0651358658575357 0.0231214072727174 -0.126095520425149 -0.0714846885153573 0.00872816499629129 -0.042600748604344 -0.0108662559498125 0.00622885690731358 0.159029582965279 0.162393030128516 0.166565948877418 0.153990266186528 0.122735004268036 0.161054826288024 0.0817295389299844 -9999 0.0198766992119728 -0.16108940674901 -0.217796257711094 -0.253489572026598 -0.243480206274873 -0.19760838141183 -0.480884406744801 -9999
-9999 -9999 -9999 -9999 -9999 -9999 -9999 -9999 -9999 -9999 -9999 -9999 -9999 -9999 -9999 -9999 -9999 -9999 -9999 -9999 -9999 -9999 -9999 -0.0188032571517544 -0.0605351333877374 -0.0418633878800208 0.0150675888076043 -0.0103101928968794 -0.0293985598841212 -0.0510922599193253 0.186382984879917 0.135296802217204 0.118582533680763 0.126680188176944 0.107707220179922 0.0568565052070985 0.150440264045611 0.147234054752827 0.0810174808937259 0.117484844045013 0.0189069573608309 -0.0559638216807543 -0.0797888928318278 0.0573252987695435 -0.213459578821991 -9999 -0.54277984122587 0.0759486284760665 0.147763117369779
-9999 -9999 -9999 -9999 -9999 -9999 -9999 -9999 -9999 -9999 -9999 -9999 -9999 -9999 -9999 -9999 -9999 -9999 -9999 -9999 -9999 -0.0572736751627858 -0.133687870044419 -0.110995069046213 -0.160284421648102 0.0298858562212689 -0.0133215798156098 0.0628501304533193 0.113636464794608 -0.12186110061589 -0.230393975773764 0.132290266597961 0.084998903039525 0.143535353422636 0.0862073268210353 0.0803030556244543 0.0559318359953136 0.116223904852929 0.0426731528051046 0.0808250731192173 0.0219862302560831 -0.111647196923805 -0.0733141346618245 -0.0788693692285024 -0.123256071135735 -0.0405429654879051 -0.128403702467822 0.0376238565831829 0.025872584807283
-9999 -9999 -9999 -9999 -9999 -9999 -9999 -9999 -9999 -9999 -9999 -9999 -9999 -9999 -9999 -9999 -9999 -9999 -9999 -9999 -0.189531628496836 -0.125616320531769 -0.214011404560565 -0.153789566472573 -0.179518538356402 0.0268107809076101 -0.0501573002620405 -0.0350494831836829 0.0407903705508168 -9999 0.233525122863129 0.129483505059628 0.0636288904053233 0.0516386696452999 0.0209509938413849 -0.0522604589291789 0.0757070013342036 -0.0154308120997753 0.00964282520159529 -0.0171257768221094 0.0184367814109884 0.0195641388566231 -0.0580545596776397 0.0584392889930743 -0.0828115265648625 0.000878162644502076 -0.0342445326863985 0.0355515002677383 0.0824271138753884
-9999 -9999 -9999 -9999 -9999 -9999 -9999 -9999 -9999 -9999 -9999 -9999 -9999 -9999 -9999 -9999 -9999 -9999 -9999 -0.369655438402824 -0.295493528318851 -0.229716110448223 -0.239645946221333 -0.209447618373227 -0.157116738970237 -0.0991422989075184 -0.158755592588115 -0.123912850930671 -0.0469474214848146 -0.0817735125271043 0.323105366817292 0.221818288562424 0.0853885105103539 0.0457103472238714 0.026356550066939 0.036831936204457 0.042836142787132 0.083261591405436 0.00988795078526909 0.0729932253127068 -0.0539887355300455 -0.00936332078873224 0.0295913342181429 -0.00119137354277887 0.0408194361992908 -0.0657313771791306 0.172730597892357 0.0963448993579672 -0.00171774201068568
-9999 -9999 -9999 -9999 -9999 -9999 -9999 -9999 -9999 -9999 -9999 -9999 -9999 -9999 -9999 -9999 -9999 -9999 -9999 -0.311190702390638 -0.25310561074363 -0.265408173723758 -0.31733675668733 -0.308071186448483 -0.29441281047808 -0.264821766291064 -0.175997382935514 -0.137535141627574 -0.100584665212963 -0.080398511781462 0.026399752901586 -0.0309301493307852 -9999 -9999 -9999 -9999 0.0340595342540428 0.0791324334140071 0.160276923986642 0.0775083691708644 0.0133896630788579 0.217346635238567 -0.0459438907399053 0.124406204325165 0.0178082446131381 0.0252121605243661 0.209831836753793 0.103842235812399 0.0566329640488918
-9999 -9999 -9999 -9999 -9999 -9999 -9999 -9999 -9999 -9999 -9999 -9999 -9999 -9999 -9999 -9999 -9999 -9999 -0.174214154011365 -0.258908249659278 -0.302604261548519 -0.346546313642207 -0.337387249270323 -0.160833850767425 -0.282086194134042 -0.317048513874846 -0.353202129110304 -0.214253548111441 -0.192864391343713 -0.0690091161816427 -0.0628371265656042 -0.0555246588746086 -9999 -9999 -0.0779876222967729 0.0098990641786645 -0.142636633320984 -0.0336458994305605 0.00592042771304424 0.0197208409941404 0.316502284335626 0.236323500370024 0.0891691538857497 0.0950715841171115 0.0344823739750807 0.0808324597794805 0.149150952490745 0.171077327159693 0.0337702321440289
-9999 -9999 -9999 -9999 -9999 -9999 -9999 -9999 -9999 -9999 -9999 -9999 -9999 -9999 -9999 -9999 -9999 -9999 -0.114574144415637 -0.146781500547447 -0.272691689011466 -0.251476408015122 -0.304621587333509 -0.344041891912447 -0.303637397886253 -0.234061265955549 -9999 -0.23155582801434 -0.0890291936788868 -0.0560621860844797 0.102619018608509 0.0660517331775859 0.007794966411129 -0.0572574873738005 -0.0380205185500356 0.0557378247810795 -0.0267702443485439 -0.0413845346822833 -0.0289390272580719 -0.0379224611418817 -0.192491111926028 -9999 -0.0934283886095119 -0.0101759452429558 -9999 0.18699930407024 0.0846746479652254 0.0645482874680019 0.0506447956435832
-9999 -9999 -9999 -9999 -9999 -9999 -9999 -9999 -9999 -9999 -9999 -9999 -9999 -9999 -9999 -9999 -9999 -9999 -9999 -9999 -0.246516646294751 -0.356911595203146 -0.376621093177571 -0.360460698281546 -0.459560300492563 -0.281822185985154 -0.356814327722986 -0.0412936429773728 -0.0472875916208064 0.00849133507305573 0.0920526571133403 0.030877983441299 0.0701446392659578 -0.0417807713916856 -0.0137990170538471 -9999 -0.0539073859308756 -0.0485522612211684 -0.0609101198899584 -0.133522277208075 -0.257569167988478 -0.457459659568932 -9999 -0.0155828056416549 0.0343724104855617 -0.0843877849801484 -0.0623652877651349 -0.0264074724665709 0.107421189650152
-9999 -9999 -9999 -9999 -9999 -9999 -9999 -9999 -9999 -9999 -9999 -9999 -9999 -9999 -9999 -9999 0.109687510918069 -0.0371948054241806 -0.114035402102393 0.0463813518172043 -0.307099347207596 -0.349273520720084 -0.429193778321905 -0.392222182116869 -0.350337206177303 -0.244404452078559 -0.220273887363962 -0.0332837365061973 0.0308456172464358 0.172648394027627 0.0220150627013741 0.0734527601988628 0.0276164554386211 -0.0428390054416469 0.0628551432029803 0.130966483041518 -0.0360965314476968 -0.0806807235760138 -0.0970598818520914 -0.163683490077231 -0.215745696193399 -0.352176218012932 -9999 -0.092139524070918 -0.101164454553995 -0.0674175451269257 -0.0514977224367059 0.00334828340730733 0.0956430592082083
-9999 -9999 -9999 -9999 -9999 -9999 -9999 -9999 -9999 -9999 -9999 -9999 -9999 -9999 -9999 0.0757178171478444 0.0201337777393848 -0.02521288097511 -0.0777499330471364 -0.102188533175989 -9999 -0.221352929370377 -0.313649922037763 -0.302984102125388 -0.305410579584491 -0.205703756843151 -0.18831109250944 -0.0729592575352105 -0.0686407443741554 -9999 0.046398278740432 0.106036114681318 0.034221609471362 0.00141550844125414 0.123823767857767 0.0721641941379237 -0.0312775696765131 -0.0832146135276355 -0.132891380816941 -0.113991902086636 -0.1387757514116 -0.276395142778444 -0.263102743731486 -0.258800591080036 -0.217076238802592 -0.0654459339375342 -0.10950675425949 0.0503290623291596 -0.0643513929052408
-9999 -9999 -9999 -9999 -9999 -9999 -9999 -9999 -9999 -9999 -9999 -9999 -9999 -9999 -9999 -9999 -9999 -0.0310753485336161 -0.0391182465372303 -0.0645175445922439 -0.180013515728429 -0.186602286717943 -0.259754386426067 -0.153399859305142 -0.191223917531279 -0.226671473345953 -0.169133489073489 -0.124116253815517 0.00974659123353528 0.132849493814076 0.102691185529382 0.159959864303975 -0.0544957311103359 -0.00202866144746212 0.0591833894533844 0.00765208747383491 -0.0846215444857621 -0.123111140531646 -0.168978674359117 -0.208028022249079 -0.218780301240238 -0.241831761241615 -0.324292559591489 -0.3532330258347 -0.275457479101536 0.0167832225601218 0.0358944213831608 0.0331274732090269 -0.0167393529248145
-9999 -9999 -9999 -9999 -9999 -9999 -9999 -9999 -9999 -9999 -9999 -9999 -9999 -9999 0.323044530484885 0.331281837344027 0.185333429289221 0.188785047609519 0.00118124275365985 -0.0558717315122876 -0.081445663232986 -0.0870679306624003 -0.0852260624422014 -0.0841600895249539 -0.109830659124425 -0.207278729993343 -0.109476997536988 -0.179549544055027 -0.185674257402932 -0.0923560706827014 0.0842819110587486 0.158649218102377 0.14473495617996 0.0454094358229209 0.0810121618517805 0.0360680186391975 -0.0744557233538325 -0.195401829816643 -0.23029865700757 -0.272144404198586 -0.277217740554021 -0.280031523380929 -0.363581751633259 -0.421510160704301 -0.431333442943919 -9999 -9999 -0.14554701617691 -0.272536037405095
-9999 -9999 -9999 -9999 -9999 -9999 -9999 -9999 -9999 -9999 -9999 -9999 -9999 -9999 -9999 0.258375381731353 0.176495784335085 0.16048551603567 0.075480066651388 0.000892555193987152 0.0930643657134806 -0.0037902330369805 -0.0246233384785233 0.0347289515327707 0.0976677570192849 -0.0309046653773589 0.0356571168004693 -0.0169988394523366 0.0077632332446241 0.00987034497939745 0.196933206770781 0.11132275449114 0.18176000842969 0.112895607148958 0.12224923901691 0.0780336911798486 -0.0238038700918975 -0.0701375349172553 -0.171863059233123 -0.226140110158952 -0.280586075235009 -0.329944406916508 -0.369571025263975 -0.451893481752417 -0.052802118683093 -9999 -9999 -0.211673103922658 -0.298313480014974
-9999 -9999 -9999 -9999 -9999 -9999 -9999 -9999 -9999 -9999 -9999 -9999 -9999 -9999 0.113476567466173 0.183572615163202 0.205931891943404 0.247439273365663 0.0537396052677668 0.063411882376582 0.0277719842165102 0.0183677373628979 -0.036970776930471 -0.036337661501991 -0.00567191549970869 -0.0557051881572635 0.0465176091957533 0.079001728825058 0.0703270925302548 -0.113349483815354 0.0554750598646943 0.16160530339313 0.1737436917158 0.0895933187712196 0.00853439034780046 -0.0493156336815983 -0.111905168572297 -0.160250347030844 -0.0487403962343436 -0.22556476056481 -0.1917790925483 -0.273679746963683 -0.385714138302602 -0.380609543667797 -0.188732885865903 -0.222030008590941 -0.240124544819979 0.0170727450855604 -0.0570893016406513
-9999 -9999 -9999 -9999 -9999 -9999 -9999 -9999 -9999 -9999 -9999 -9999 -9999 -9999 0.152776241077805 0.101227759806775 0.106792092097815 -0.0385149517879495 0.197866883054612 0.129172131132796 0.0957309265749669 0.123669936452796 0.0171719728081101 0.163188927279364 -0.059548460582469 -0.0134513132701852 0.0805347006188716 0.00795401827997886 0.0324729608950891 0.0517048099810169 0.0750622542345316 0.118710489864721 0.0246643675679052 0.0974081965803964 0.060076470559441 -0.0287019131468193 -0.113212419046568 -0.19037152169676 -0.137368354086078 -0.182215614476381 -0.301196250578492 -0.274059937038646 -0.299453378486977 -0.292435310417873 -0.425958440764759 -0.365683212434347 -0.250053055564763 -0.243645181544828 -0.155290011769883
-9999 -9999 -9999 -9999 -9999 -9999 -9999 -9999 -9999 -9999 -9999 -9999 -9999 -9999 0.135923207074143 0.0526726558119414 0.164540362430617 0.126937490217775 0.0584725881602555 0.0838692207178359 0.207399266705002 0.150202380367707 0.103056708421151 0.0826388515994182 0.0204100495199736 0.15608214722124 -0.00129312421725882 0.0147079143687014 -0.0101567607086391 -0.0168343281022926 0.0398741282583851 0.0687670739259734 0.0918902624449005 0.136685593052388 0.0417021232024023 -0.00187930238119081 -0.115344966631803 0.0221422955833961 -0.265026546694678 -0.264537186220219 -0.291063950453522 -0.299548568285948 -0.292704604824467 -0.404469574684655 -0.406568046429508 -0.382820511009887 -0.288031177761439 -0.235844438132671 -0.0381193304735732
-9999 -9999 -9999 -9999 -9999 -9999 -9999 -9999 -9999 -9999 -9999 -9999 -9999 -0.0105420250353491 -0.0580462826803985 -0.0245346274990949 0.112666381172723 0.0491412013038821 0.107646903725074 0.152276800449374 0.177189331054189 0.146772555749095 0.133447186245709 0.106900647864329 0.0257183824561675 0.0466770970708447 -0.0619317368045305 -0.0933275844237458 -0.0396474102701794 -0.0502382283643878 -0.0591202171671118 0.279793562484175 0.00739399517292979 -0.0286408716048257 0.0103127607633954 0.00854621022249525 -0.0595930643061911 -0.117635155442211 -0.226284557872923 -0.287219817639198 -0.217555891118166 -0.292045682948129 -0.193011941109286 -0.313071630960168 -0.414925856929207 -0.422769418119934 -0.334131499394984 0.339963465468627 0.131290294054354
-9999 -9999 -9999 -9999 -9999 -9999 -9999 -9999 -9999 -9999 -9999 -9999 -9999 -0.0471348503333233 -0.0585096681947062 -9999 -9999 0.0284746258982942 0.058657242692066 0.0709330645021453 0.16248334642779 -9999 0.174855179823568 0.105902256755287 0.00164771370347469 -0.0468247501617465 -9999 -0.131984745544412 0.0382800476459567 -0.0451477959058047 -0.104031251213803 -0.0932047926030884 0.115563998358341 0.0709017893465564 0.135596380581571 0.124985388760943 -0.0484174094025012 -0.0869041863699566 -0.113653506622989 -0.191191808719436 -0.207819132091834 -0.155730063544096 -9999 -0.182136486910404 -0.312934033368377 -0.14351128917806 -0.18664189639152 -0.12821096629249 0.346839363492877
-9999 -9999 -9999 -9999 -9999 -9999 -9999 -9999 -9999 -9999 -9999 -9999 -9999 -9999 -9999 -0.0217981097832134 -0.0617439200042451 -0.0223935365570398 0.0570649097227975 0.0586790726813128 0.0860234758256894 0.225236088609398 0.127644741661737 0.0935060466838839 0.0207372428329942 -0.0285705834726688 -0.00822069079477706 -0.071418762752652 -0.136151619490975 -0.104826775846376 -0.150789909761667 -9999 -0.0121869661415127 -0.023839218848161 0.0383480565609003 0.0631626540251779 0.00614072628582563 0.0134207446075463 -0.114009981053617 -0.143665645342162 -0.299374852959575 -0.223636048191795 0.0141110569597047 0.0456609328652268 -0.050224485669429 -0.104027919506615 -0.137695850644049 -0.0287616883198524 0.167435221115442
-9999 -9999 -9999 -9999 -9999 -9999 -9999 -9999 -9999 -9999 -9999 -9999 -0.181861611823472 -0.140957252983264 -0.126457875494985 -0.154741376774919 -0.0937323226535981 0.158913920165277 0.127075132056631 0.0672532963791765 0.0669776232501785 0.0929024303018521 0.117419609813653 0.132824427192653 0.0451655386238526 0.0074678906109151 -0.0332586963079182 -0.110338537409147 -0.0722204802708619 -0.158358349495091 -0.0625996440022482 -0.0361427182651907 -0.0296143040462598 -0.00700514089963388 0.0597063204323351 0.0243086706646762 -0.000193869737487101 -0.00342028467376431 -0.0586049432224744 -0.0838135303610937 -0.117452563042898 -0.0106706309749263 -0.0733301041998124 -0.142186297903905 -0.145270834635477 -0.0335996504994673 -0.114354566086208 -0.13943428932049 0.130250755453168
