data/rasters/s8.11.08.li.1_xyz_08_.asc
NCOLS 100 
NROWS 100 
XLLCORNER -4 
YLLCORNER -4 
CELLSIZE 0.08 
NODATA_value -9999 
[rows 22 to 43 of 100, columns 49 to 97 of 100]
0.136870145230036 -9999 0.207232910648 0.289245666078712 -9999 0.130779980498196 0.0977574231500285 0.189094207802919 0.207544133336135 0.18520573388072 -9999 0.176371463171968 0.16073442959244 0.224173299319294 -9999 0.207201629835802 0.174062947574294 -9999 -9999 0.0943041866367652 0.300756520428991 0.299009005756357 0.321852613162168 0.14823848821658 0.206458286126998 0.207414039349877 0.183518680697124 0.134444338111169 0.0800263480900509 -9999 -9999 -9999 -9999 -9999 -9999 -9999 -9999 -9999 -9999 -9999 -9999 -9999 -9999 -9999 -9999 -9999 -9999 -9999 -9999
0.143502414998969 0.101843305156613 0.12948211647377 0.201227084989383 -9999 0.129011022316005 0.0957368946125843 0.104360496463707 0.12622535300925 0.115993084958925 0.140416629551075 -9999 0.127514656007713 -9999 0.125047788364539 0.246716987348327 0.339905126605383 0.173326537181003 0.294177617854723 0.258882960006727 0.276748223604791 0.306190679109128 0.41171116930675 0.250063268908602 0.217165897944475 -9999 -9999 -9999 0.0584595868049115 0.0541870423844502 -9999 -9999 -9999 -9999 -9999 -9999 -9999 -9999 -9999 -9999 -9999 -9999 -9999 -9999 -9999 -9999 -9999 -9999 -9999
0.225342660199371 0.065170043433928 0.0956344645061448 0.102366759275722 0.153225787361157 0.121726434400431 0.0867098694936138 0.048071684862151 0.129858228352221 0.121846412787581 0.11650796886406 -9999 -9999 -9999 0.146356688947354 0.237947538781447 0.268950686053791 0.129284156987055 0.134627457946418 0.22321751516773 0.277876507909955 0.325710819570584 0.450343093186238 -9999 -9999 0.244610804904035 0.237580426749304 -9999 0.0406454027996857 0.0354115857830294 -9999 -9999 -9999 -9999 -9999 -9999 -9999 -9999 -9999 -9999 -9999 -9999 -9999 -9999 -9999 -9999 -9999 -9999 -9999
-9999 0.177999729034961 0.155220596150874 0.0456393571459689 0.0488819647036491 0.120469837306519 0.27071351901448 0.294195847670479 0.257179136527037 0.210163218291795 0.19172832904519 -9999 -9999 -9999 0.219368462123658 0.170553879425625 0.0890140959414347 0.0988639813331644 0.110946967567041 0.179530355964024 0.155194658102023 0.326125899970638 0.294151336195089 0.215433014323278 0.211236785750446 0.208753632214212 0.199696855415498 0.100668513217579 0.0669444296778177 0.0644834214613605 0.0631864673409401 0.0890795175261755 -9999 -9999 -9999 -9999 -9999 -9999 -9999 -9999 -9999 -9999 -9999 -9999 -9999 -9999 -9999 -9999 -9999
0.188670119666877 0.188420050139967 0.0372890888997618 0.0171813740486823 0.020715696948602 0.18775638979654 0.229619509398571 0.251428657478171 0.25885830036565 -9999 0.379326305690985 0.349351329368546 0.322966546855439 -9999 0.127009913049149 0.0678904644626009 0.0450760844900331 0.0629023694101368 0.0980776871905248 0.120367016621076 0.156275989631162 0.271148593691177 0.241165094073183 0.263414264983871 0.220318721325502 0.256118148332889 0.109924307278084 0.101186053853796 0.0374152850850061 -0.00566542899182928 0.0234986941673146 -0.0168506950828204 -9999 -9999 -9999 -9999 -9999 -9999 -9999 -9999 -9999 -9999 -9999 -9999 -9999 -9999 -9999 -9999 -9999
0.194819076158452 0.0693015501999834 0.0125242412938229 0.00340660579357459 0.10471742208284 -9999 0.230865012099971 0.197038381088181 0.103761505126683 0.156930799008279 0.0234037540514759 0.246559448856724 0.104004976538006 0.158382294597936 0.0400894917646043 0.0498506017950995 0.0556323229917675 -9999 0.0187925441929238 0.0372445860752584 0.0607709987868957 0.13415302773273 0.24475087932602 0.215842595379068 0.281326447843812 0.343280608978197 0.0457490734812494 0.053506439784098 0.0498906846548992 -0.0333987919900214 -0.0629679447333619 -0.0773362440884785 -0.142829124259971 -9999 -9999 -9999 -9999 -9999 -9999 -9999 -9999 -9999 -9999 -9999 -9999 -9999 -9999 -9999 -9999
0.167317988780369 0.118686070810097 0.0295540769503656 0.00976573009998122 -0.0473375641600355 0.227888247244199 0.264001868047601 0.17931178569185 0.152952504205139 0.154706360281047 0.0350438515513342 0.0920941891946339 0.0810287797231807 0.185028785895695 -9999 -9999 -9999 -0.0036803062659534 0.0430063534052175 0.0198592900557492 0.0421158798883538 0.0859107360472602 0.122806599226146 0.0937827332816411 0.153402190999474 -9999 0.0593623243153734 0.0480297930380376 0.00105471506991849 -0.0550591874126278 -0.00947729202677886 -0.0866858702079735 -0.0942693896437862 -0.0853248959940305 -9999 -9999 -9999 -9999 -9999 -9999 -9999 -9999 -9999 -9999 -9999 -9999 -9999 -9999 -9999
0.104690970055729 0.0821726160498546 0.0133493614709192 0.00995186620818313 -0.051324468219812 0.0303016906182051 0.139378264521121 0.142317546406553 0.144120241702079 0.201507870649656 0.0648756646927512 0.14621148416826 0.126175796000889 -0.0291752550966098 0.185386211062713 -9999 -9999 -0.00518674632661294 0.0091095691222087 0.0248235985622852 0.100914428844694 0.0857735010594161 0.0672626888993084 0.0885763329103449 0.11646857372253 -9999 0.107865078393942 -0.0060540864408204 -0.0425077709194494 -0.0782885774999069 -0.0160267836402084 -0.0627754056203005 -0.118600272057149 -0.145428608070808 -9999 -9999 -9999 -9999 -9999 -9999 -9999 -9999 -9999 -9999 -9999 -9999 -9999 -9999 -9999
0.0723167560569175 0.104118804656659 0.0226835628825671 -0.021364020924905 0.192609933510574 -0.0760096275004848 -0.0726837917042754 -0.17381232574378 0.0288803590629117 0.274146579063147 -9999 0.262600232469516 0.0286884932983711 0.0714968077091992 0.0534738338473759 0.0108044208988821 0.000193926224002099 -0.000216255840852967 -0.0020050423810595 0.0629508969913101 0.113711545240095 0.0457135092013506 0.10098519063982 0.151817767844167 0.207422320876643 0.145282057927626 0.00283282827168213 -0.0533487478774976 -0.0400320962944876 -0.035771005712728 -0.0353347509058438 -0.0794822729901439 -0.0930115547037981 -0.105040587504249 -0.00140102058401273 -9999 -9999 -9999 -9999 -9999 -9999 -9999 -9999 -9999 -9999 -9999 -9999 -9999 -9999
0.114525055331345 -0.0145724764861955 -0.0343955843048086 0.00644974993861936 -0.0374218059470226 -0.0966303756045284 -0.113032792797204 -0.163543824329353 0.14460395238896 -9999 -9999 0.101654628591229 -0.0163381233006096 0.0362699219634632 0.0515045737576737 0.0219245111135934 0.00272295846905426 -0.106121403104303 -0.0406988336830355 -0.00600451143513292 -0.0305283608054468 0.00584569393182343 -0.00315936419463165 0.134118648323543 0.105037543961479 0.0352730980607187 0.00518953667845125 0.00922019465230182 -0.0114906752237398 -0.0368221743404569 0.0157188244354668 -0.0193689691492006 -0.0283662362890021 -0.0540714969683155 -0.0775713235846487 0.189826406323432 -9999 -9999 -9999 -9999 -9999 -9999 -9999 -9999 -9999 -9999 -9999 -9999 -9999
0.0432536306369756 -0.0295802826369393 -0.0814250497056917 -0.00110082232175404 -0.0823068473377639 -0.117399755462851 -0.13469173571551 -0.0774840405891527 0.116124927429446 -9999 0.0894543685111173 0.302682432306467 -0.0326157014804261 0.000962783276824368 -0.0365009266583271 -0.109835793124814 0.00154561921952107 -0.0636465887882452 -0.0536734225091918 -0.0352957505736247 0.000114387411429396 -0.0428232457909449 -0.0514194968243993 0.039824953968366 0.0681578361182222 0.0767028843307105 0.0599012570382056 0.0322046054266239 -0.00164554862973025 -0.0188176629402901 -0.0741176160958842 -0.0401034607328921 -0.102392995164716 -0.0744328080207215 -0.115063406759474 -0.00285625893939563 -9999 -9999 -9999 -9999 -9999 -9999 -9999 -9999 -9999 -9999 -9999 -9999 -9999
0.0409718584625244 -0.0686128469430766 -0.0556134730041017 -0.0550739658902459 -0.149206306772864 -0.143461874887627 -0.0938744449149235 0.0847027822385939 0.115996894638629 0.0900494412483666 0.101841767110003 0.274862119122743 0.231045526598209 0.141056706034324 -0.0592150638361223 0.0148954977957701 0.00242289510264142 -0.0585966491501683 -0.000846513838290393 -0.0283906745887708 0.0292534361089086 -0.0637093805523073 -0.0576979008092944 0.0242328579571322 0.0124908227549506 0.0455968314690658 -0.00193891547297879 -0.035324121621528 -0.00752601315585353 -0.0380439661416385 -0.0699810071186889 -0.0509625886544759 -0.0943447652476555 -0.0842194444472985 -0.115383017973849 -0.0573195561703946 -9999 -9999 -9999 -9999 -9999 -9999 -9999 -9999 -9999 -9999 -9999 -9999 -9999
0.0456900863386576 -0.00349317537011004 -0.0570744027146532 -0.0814788773506018 -0.138729946125112 -0.110689222969089 -0.0331756545746226 0.0350157018531182 0.0763778423639536 0.138173520983165 0.17962070510776 0.288131704957096 0.292531198810598 -0.00163138080428737 -0.0620151764279148 0.00845431087327643 -0.0068950049319137 -0.0475537477088797 0.0153855090100304 -0.0423123282921527 0.0425411334488896 0.0106192073639592 -0.00360610721355721 0.0136956161044089 0.0655589200586374 -0.0524401943248639 -0.0180519832935738 -0.050475050729891 -0.0024245389962061 0.0508092269653869 0.091737802703579 0.0544269728666522 -0.0890375124852209 -0.103944316793826 0.0667707407918077 -0.0193588567019343 0.103955756409628 -9999 -9999 -9999 -9999 -9999 -9999 -9999 -9999 -9999 -9999 -9999 -9999
-0.0174243537511849 -0.078164069049166 -0.0940521018601547 -9999 -9999 -0.215411638483147 -0.118146509226999 -0.173483738787315 -0.3088771120794 -0.155542698433183 0.266968275938431 0.352929155435471 0.53188241956732 -0.0459025355492179 -0.035602173585329 -0.0254174510569558 0.0830991918532907 -0.0515932556138916 -9999 -0.0155656793756446 0.0691157134008578 0.00214102248885772 -0.096452280296113 -0.148112202148023 -0.0775030215253758 -0.0918467993325237 -0.0607773067677855 -0.0219510860212553 0.0499010665960893 0.0753151470793118 0.138705284910455 0.155497713808704 0.031150724169269 0.162843914472638 0.211095294568591 0.0465034156417617 0.0712483208783599 -9999 -9999 -9999 -9999 -9999 -9999 -9999 -9999 -9999 -9999 -9999 -9999
0.0192502641651902 -0.052511830948987 -9999 -9999 -0.191868358084652 -0.147904138338267 -0.197685473755753 -0.287106728934568 -0.16998374489949 0.240504180299793 0.346619243316138 0.393809513602635 0.408361692718169 0.12552151901985 0.244833856273501 0.293252980043935 0.110838677863191 -0.09280395975683 -0.102362681788989 -9999 -9999 0.0194177420305804 -0.115194781135187 -0.124277856291751 -9999 -0.0847359776749985 0.0115327380100185 0.0845551011859042 0.050376918202373 0.0915997633428328 0.155483939881288 0.242923528339308 0.186990804015124 0.16860053155984 0.243042934126866 0.0762220838852805 0.108223063812053 0.0836508040107837 -9999 -9999 -9999 -9999 -9999 -9999 -9999 -9999 -9999 -9999 -9999
0.0397306282316875 -0.00515942365612921 -0.10655814963794 -0.122491812261101 -0.151736236397829 -0.143753980739363 -0.221752571505846 -0.170745486791468 -0.158140233778318 -9999 -9999 -9999 -9999 0.282348933918323 0.0382167960549101 -0.244598199055711 0.0700017518052184 -0.0930539614846858 -0.106049469472128 -9999 -0.0723678400099178 -0.037995686083304 -0.202441508430143 -0.126107131887608 -0.102491443594759 -0.0375717083380879 0.0543544095220496 0.00241829042987801 -0.0498434075742058 -0.0121690314904098 -9999 0.281650450601222 -9999 0.177771804388879 0.231652726651794 -0.352757906495034 0.206965447416865 0.183277528794764 -9999 -9999 -9999 -9999 -9999 -9999 -9999 -9999 -9999 -9999 -9999
-0.00157926235463954 -0.0225373550828579 -0.121671081019796 -0.0800203214296402 -0.12871139784432 0.101832917512023 -0.23653659684999 -0.156967923745303 -0.120779003554584 -0.188570012007699 -9999 -9999 0.31117971474972 0.301073949249629 -0.514148198821765 -0.110880427752129 -0.171066220923068 -0.170687035749957 -0.060126676899299 -0.162107546850657 -0.103010159220132 -0.149762785056122 -0.229648965144588 -0.0835835926101489 -0.0353850025379821 -0.0813734762309663 -0.0443201869219388 -0.0648835293941999 -0.0218050964906195 -0.0691789932432444 -9999 0.280253091285793 0.149796181828 0.000198059805819679 -0.296531954025949 -0.311729271263514 -0.0540420835935498 0.150402260889495 -9999 -9999 -9999 -9999 -9999 -9999 -9999 -9999 -9999 -9999 -9999
-0.00401994474951461 -0.0533836650799593 -0.102490053263649 -0.128448128741401 -0.0819290374946732 -9999 -0.236163471029495 -0.263661838338573 -0.234627271785726 -0.217904743651385 -9999 -9999 -9999 -9999 -0.681819472333167 -0.00749713078058535 -0.0438171413557573 -0.00985252999152409 0.0226649745009868 -0.0577072763283432 -0.145781571310934 -9999 -0.141020014376296 -0.0826776284080689 -0.0270157497735635 -0.150241025854957 -0.107216282317336 -0.0114993575844599 -0.0210510929490719 0.0393676854019463 0.268376959318838 0.142508666453294 0.039024210785695 0.0163065558555513 0.0793476919755502 -0.068617213307834 -0.128054187945752 0.123988088657022 -0.0152062394897704 -9999 -9999 -9999 -9999 -9999 -9999 -9999 -9999 -9999 -9999
-0.0597753834426559 -0.0479892918561356 -0.0653665245209773 -0.175555901384977 -0.122190892331952 -9999 -0.266744734558003 -0.206233698782166 -0.22323402826228 -0.0805266658633043 -9999 -9999 -9999 0.522801885645813 0.0592765039997703 0.083817326014414 0.154914818373513 0.132082979756456 0.00382173556917513 -0.0264861076582438 -0.0936390164075333 -0.133498483076095 -0.109306566868919 -0.151709237956986 -0.125168447344417 -0.125724388253956 -0.104189640796915 -0.058102118856524 0.0596838166661892 0.044015207327373 0.0518595766082192 0.0620502879798927 0.0623600189202059 -0.00545903504086036 -0.0623135991300647 -0.0930117941937248 -0.0919916690180743 0.0757222918970558 -9999 -9999 -9999 -9999 -9999 -9999 -9999 -9999 -9999 -9999 -9999
0.0264541470185511 -0.06964450780619 -0.132145123689261 -0.193173652806264 -0.211897627368224 -0.184687605045682 -0.21798037397298 -0.0636497448128059 -0.0936483646086211 -0.187072849777015 -9999 0.542628796900944 0.481757127616696 0.546319250505084 -9999 0.0620673807648357 0.055191098470168 0.011457793511636 -0.0508942281779491 -0.0980628974852554 -0.109244124978212 -0.154646187369594 -0.093276687941388 -0.123236066292778 -0.112734371686154 -0.0585802878220878 0.0178193879033584 -9999 -0.0625691211828188 0.00867435713821858 0.0051629829770495 0.0604225342823526 0.0551109548621884 0.0884971419272028 0.0313812029128662 -0.0737340671257648 -0.0731405310670183 -9999 -0.0872496972948913 -9999 -9999 -9999 -9999 -9999 -9999 -9999 -9999 -9999 -9999
0.10360341954781 -9999 -0.152671714894505 -0.198924437889182 -0.203401964324847 -9999 0.00213619492148139 -0.0519058273532016 -0.0787072763509123 -0.0743109986363976 -0.341438873685046 -0.629069789795684 -0.160837902855563 0.258426262164972 0.102892408581911 0.0509312436631241 0.0816872598807233 0.087742261921636 -0.0015389714264641 -0.121886948717308 -0.106705410042146 -0.202345837111414 -0.100587074285369 -0.0890175466795191 -0.130796243427291 -0.101779742655134 -0.00466657994309489 -0.016175917153859 0.00891070528425815 0.0545316741117922 0.0491213289807257 0.202669510986783 0.0939959683130236 0.117491869138046 0.032364971734093 0.0231874506487313 -0.0433322363404393 -9999 -0.00146178690506202 -9999 -9999 -9999 -9999 -9999 -9999 -9999 -9999 -9999 -9999
-9999 -9999 -0.0106422479471604 -0.0307551798294718 0.084669612575811 -9999 -0.000661953314589422 -0.029955987172979 -0.0595928863236949 0.0490078872129398 -0.263463653194773 -0.38010134566989 0.0349071495858403 0.207941325688716 -9999 0.130195374232292 0.129805026497039 0.0298347661729149 0.16253210587609 0.00698068631797626 -0.129209731211803 0.0552197639100481 -0.0525837879923186 -0.0621802227771235 -0.120314454023691 -0.0907029334645625 -0.0547237277984692 -9999 -9999 0.0733881172151537 0.138359067716776 0.188803372886698 -9999 -9999 0.0612849454516082 -0.0912373664846545 -0.0707944948319742 -9999 -0.0339221360639031 -0.0825006602032265 -9999 -9999 -9999 -9999 -9999 -9999 -9999 -9999 -9999
