data/rasters/s8.11.08.li.3_xyz_08_.asc
NCOLS 100 
NROWS 100 
XLLCORNER -4 
YLLCORNER -4 
CELLSIZE 0.08 
NODATA_value -9999 
[rows 22 to 43 of 100, columns 48 to 95 of 100]
-0.215581092250936 -0.304728911770291 -0.279810919662077 -0.190845742127966 -0.209464703754496 -0.152881734938091 -0.141195881776222 -0.165843658812075 -0.09039658646876 -0.0325996799836349 -0.0226084983949841 -0.188013221886548 -0.144857625869964 0.0592677352010774 -0.0955629841124632 -0.11280760367456 -0.0373294397354092 0.0457217409576306 -0.0706935674748031 -0.198835863923163 -0.100512005018063 -0.131576960362249 -0.254350042333046 -0.21054770131596 -0.254058157068122 -0.145668393155328 0.0786478896142836 -0.0555177537386515 -0.0887218579951866 -0.116802980011288 -9999 -9999 -9999 -9999 -9999 -9999 -9999 -9999 -9999 -9999 -9999 -9999 -9999 -9999 -9999 -9999 -9999 -9999
-0.17366499971891 -0.236866452922807 -0.282055312275256 -0.310262719192857 -0.172464396181042 -0.210095567626029 -0.156390966924847 -0.108580186564885 -0.125311578081554 -0.0886113723975303 0.0788607991321178 -0.139361039974683 -0.0584215465775674 -0.0231638187129176 -0.117564410563074 -0.150522292235293 -0.0559272076250688 -9999 -9999 -0.0957327047976912 -0.132791928290112 -9999 -0.17403739251759 -0.0915342786365878 -0.131452073611198 -0.0508619860084039 0.0497775722568506 0.0133041054046628 -0.106653168241272 -0.123834003819537 -0.0920602194241112 -9999 -9999 -9999 -9999 -9999 -9999 -9999 -9999 -9999 -9999 -9999 -9999 -9999 -9999 -9999 -9999 -9999
-0.192655189709749 -0.295513855888676 -0.259058650816838 -0.20934180789218 -0.292561417342754 -0.161452883348638 -0.137618860047276 -0.0564135779950839 -0.202254770577786 -0.189309429844268 -0.141222906360622 -0.162595089703884 -0.170311567139466 0.103247278486612 0.102674235261243 0.0775333830065808 0.140888239525058 -9999 0.0488848396852656 -9999 -0.134422451998655 -0.147472777507678 -0.111295587542883 -0.121937118313571 -0.120088638416934 -0.0383589606564389 0.0541260890487372 -0.0175779894206123 -0.113795016791848 -0.127706761187933 -0.0393852956264536 0.122967743375114 -9999 -9999 -9999 -9999 -9999 -9999 -9999 -9999 -9999 -9999 -9999 -9999 -9999 -9999 -9999 -9999
-0.304283724352838 -0.324934171119162 -0.316027209798968 -0.154597098318264 -0.073936661626714 -0.152969444523567 -0.135341119233156 -0.110995424805548 -9999 -9999 -9999 -0.20446311400003 -0.0535578501968505 0.0732937259319157 0.165861581456082 0.0785067067889495 0.222918837236798 -9999 0.0278024117172905 -0.0407833182151912 -0.0646005491761649 0.102414878434255 -0.0870715910208464 -0.0741415854824643 -0.138748081511669 -9999 -9999 -0.102982841007134 -0.247139596638848 -0.0786642252250942 0.0284542482790512 0.204632273970568 0.145561256100333 -9999 -9999 -9999 -9999 -9999 -9999 -9999 -9999 -9999 -9999 -9999 -9999 -9999 -9999 -9999
-0.123959999076595 -9999 -0.173602093993768 -0.065221664658929 -0.219346261915956 -0.197559882486602 -0.12457242259553 -0.120236119502142 -0.108193632697334 -0.172794189637686 -0.220002847404917 -0.236860991272287 -9999 0.080696102278885 0.0812730742245771 0.0752077888434718 0.0580663951137165 -0.0450087034874581 -0.0649169929811713 -0.00430658271026755 -0.0107287091036119 -9999 -0.101255916468476 -0.111711544576524 -0.0701503692331534 -0.0352926079290408 0.0713534982252252 0.0509799977881263 0.0573847624605654 -0.0998473412266008 -0.0159853193489316 0.0775201053948105 0.150117892077263 -9999 -9999 -9999 -9999 -9999 -9999 -9999 -9999 -9999 -9999 -9999 -9999 -9999 -9999 -9999
0.0530163936913298 0.0527825722951292 0.01179390767734 -0.0523336162763796 -0.0335311204910691 -0.002309644849849 0.00218513660371012 -0.0959398892394954 -0.1354899665208 -0.123927255284012 -0.191363376030855 -0.108890651181291 0.0131765669578927 0.07068802651564 0.237923254022149 0.163121413052532 0.0861116009377086 0.0268194044318026 0.00166299891388886 -0.0318107786970272 -9999 -0.206309684556792 -0.198080655964862 -0.0807464183086508 -0.0494003074700025 0.00357883967044835 0.046107626738469 0.101039801370026 0.0525971656421614 0.157001416473114 0.0562056583416942 0.214760859159292 0.118563476440674 0.118741015572296 -9999 -9999 -9999 -9999 -9999 -9999 -9999 -9999 -9999 -9999 -9999 -9999 -9999 -9999
0.0618127197459215 0.16493804686909 0.0238421794857656 -0.0814951536366211 0.109428297296376 0.0463157582003249 -0.0220330566776306 -0.0413354959079348 -0.0258503037129862 -9999 0.0784310548371874 0.0738454828569668 0.0231833376162244 0.0617894479905177 0.0843735225228449 0.127858649120975 0.132090896143335 0.197140336893559 0.0624409616908017 -0.103587354883526 -0.0397886278248781 -9999 -0.0385376951402275 -0.0500530257206886 -0.0526020998465144 0.0438014897349602 0.104309836032352 0.0813348925069234 0.133575828048405 0.14307903273274 0.155978525891623 0.184413665768045 0.177570177280138 0.0945633082765724 0.0464887192268934 -9999 -9999 -9999 -9999 -9999 -9999 -9999 -9999 -9999 -9999 -9999 -9999 -9999
0.178834091387605 0.225200303203309 -9999 0.232146038480622 0.0989177975373181 0.0359698585909398 -0.016232628801195 0.0102009332516613 -0.0184591761657069 -0.000551232178886472 0.122480079372695 0.160872124317601 0.175391923078801 0.0756915625404307 0.133983515025875 0.181502367532948 0.175113498420066 0.119952826764421 0.0554034994012902 -0.0275850644980328 0.0212642039667845 -0.0463650457713968 -0.1074131373904 -0.0810633809035957 -0.0437693448551896 0.0220352481781714 0.115994451710912 0.0426157044371478 0.171963960420303 0.172347658948738 0.17795616384184 0.298771790783563 0.0555031022342595 0.0784971754318576 0.0119401096631087 -9999 -9999 -9999 -9999 -9999 -9999 -9999 -9999 -9999 -9999 -9999 -9999 -9999
0.278891178830081 0.228277612738545 0.251952970670579 0.201576724436063 0.187953382790153 -9999 -9999 -9999 0.0262685474819364 -0.0219769771902113 0.170314545746529 0.161893680536384 0.21193449232064 0.156021057835241 0.165183839049509 0.232929579372748 0.168929940999365 0.116902284817474 -9999 0.0256785791726379 -0.0764104481073813 -0.14929258896038 -0.101118922498225 -0.0828988991975186 -0.0207004178654894 0.0552086648928316 0.10050127008109 0.0649557337498301 0.147042079123221 0.157547292881662 0.342299132657996 0.149240883083902 0.160996291038704 0.203893619376463 0.131495937270018 0.141097451911865 -9999 -9999 -9999 -9999 -9999 -9999 -9999 -9999 -9999 -9999 -9999 -9999
0.204158335027128 0.241552919263477 0.220870973837071 0.213327046327483 0.180139631902245 -9999 -9999 -9999 -9999 0.0587230836176538 0.0763283714048677 0.153404082031164 -9999 0.105141416023032 -9999 -0.0524241669332557 -0.00706717541829462 0.0587008776387071 0.0837722594929927 -0.0945894982576949 -0.15753797572906 -0.0989484596258175 -0.0222147479338513 -0.00861180428894841 0.0374560880462662 0.0613945373076461 0.0605303746324021 0.160449579564482 0.0549356273131217 -0.0176795466598918 0.165613091413725 0.161828942473401 0.190694605399682 0.254868997923239 0.203781142599029 0.173627560159681 0.112533044691129 -9999 -9999 -9999 -9999 -9999 -9999 -9999 -9999 -9999 -9999 -9999
0.140410326283135 0.43462160557543 0.276570660480671 0.188307366619215 0.179126096466939 0.51605277234117 0.172024144947522 -9999 -9999 0.0290519281181766 -9999 -9999 -9999 -9999 -0.0293653631849433 -0.0626725489882065 -9999 -0.100097912475875 -0.153571141132795 -0.0499415824527813 -0.0447049705256941 -0.108141389117212 0.00976334408001191 0.0213241646509565 0.0362221527026177 0.0381664577641466 0.104698319166743 0.103203542044561 0.146683080373017 0.153520069121095 0.222105325828233 0.321885740825478 0.304000521028432 0.321957497584166 0.216977924846118 0.193763450117016 0.133696868235229 -9999 -9999 -9999 -9999 -9999 -9999 -9999 -9999 -9999 -9999 -9999
-9999 -9999 0.169731850483872 0.163739176750215 0.222731527460721 0.127640634480173 0.130273036278008 -9999 0.112501718876915 0.123086855773698 0.148524293052989 -0.125772070992176 0.110515850547246 0.0633734512108003 -0.0922973298225372 -0.103649127289466 -0.0556938231406648 -0.068993361269218 -0.134793710282247 -0.124920262205204 -9999 -9999 -9999 -9999 -9999 0.179191013800162 0.0383854669794351 0.177969352712667 0.189291021628993 0.189044707441857 0.13403307215763 0.225627401071302 0.28577022995932 0.273226228742543 0.147321393828815 0.146362134494633 0.151451099951449 0.19167799092173 -9999 -9999 -9999 -9999 -9999 -9999 -9999 -9999 -9999 -9999
0.175514286216309 0.160786976283006 0.120951366594641 0.171297616114257 0.149606559575477 0.171999338581953 0.101937627684533 0.120234414998134 0.134868794792151 0.0782076350387449 0.0268577562741963 0.06064058894951 0.0415394743919643 0.16996206626389 0.0658568287887991 -0.0592304170572043 -0.0957401261327493 0.0711157482803833 -0.0320118522860514 -0.00573121653099548 0.222632529229598 -9999 0.0503990916873502 0.0217911406869195 0.094758082473753 0.0786487426129002 0.107245404779675 0.117489444206636 0.23472215804247 0.167256357698607 0.11518344068513 0.180678866095994 0.137458140317942 0.11430642540438 0.149066488553246 0.18935873243767 0.235189824484475 0.168785559218484 -9999 -9999 -9999 -9999 -9999 -9999 -9999 -9999 -9999 -9999
0.241102467908348 0.197886342326647 0.151186051548069 0.181252104923729 0.120183294916169 0.18450985419588 0.146202529630055 0.125802157292065 0.0878024836203318 0.104779721194787 0.0537243798642829 0.134778148597284 -9999 -0.0110611245543421 -0.0421816462701754 0.01176627956825 0.00412459498490009 0.015503215280222 -0.002988477586549 -0.0484271469386002 0.231738611254259 0.16624079111971 0.0782233662290784 0.0732416577981669 0.104892042420505 0.0722397858372068 0.0955493598181371 0.15992646986089 0.213747343052126 0.158395762041598 0.192836306510735 -9999 0.178698296811654 0.160873421921204 0.181301831613736 0.174224472354773 0.145369604328815 0.210195439120194 -9999 -9999 -9999 -9999 -9999 -9999 -9999 -9999 -9999 -9999
0.192753612854528 0.132185539569041 0.165659890300595 0.196250670419273 0.128467224224492 0.146475709843973 0.159897189707057 0.128332735880929 0.141537662411919 0.162782502985216 0.13277391317108 0.150051543933278 0.163554556531976 0.0182044505412973 -0.0365809603191118 -0.0380027941339582 0.0490683580131032 0.0151215121622126 0.0624118530674202 -9999 0.176741490314752 0.127148443248778 0.167267572248536 0.0109052289100737 0.0681086883946169 -9999 0.170381973261598 0.103182659862712 0.177103693922912 0.200762984936477 0.174989945398951 -9999 0.15361862371859 0.156335015291473 0.211498676725276 0.237809364866912 0.165328858950196 0.18508412550023 -9999 -9999 -9999 -9999 -9999 -9999 -9999 -9999 -9999 -9999
0.18466543329126 0.194104979543035 0.147983232084647 0.227881818152708 0.25759850804221 0.11657349785221 0.128004048167134 0.110830496902801 0.10386880052153 0.205817046568788 0.176571097925655 0.235033490761908 0.239661838526517 0.011642673341553 0.06622972331728 0.0227613179623026 0.0849072186799749 0.10927736116317 0.211423510410222 0.271740429617753 0.155440331113422 0.043934885650035 0.197690622264403 0.0430396250234499 0.0814624876191284 -9999 0.000413768756568848 -0.343901251787158 -0.243766964691189 -9999 0.0899842082983797 0.182226857709669 0.104652613629814 0.129085706961663 0.174639742323754 0.1895628788408 0.202064618762332 0.193640498179701 0.163522569370785 -9999 -9999 -9999 -9999 -9999 -9999 -9999 -9999 -9999
0.211616272380645 0.279259108267473 0.218568044987802 0.187648038302701 0.141769818952209 0.0754026646622575 0.106306949316914 0.0741418938582012 0.263445263749102 0.194726804850222 0.271059200189146 0.172334611483921 0.129010829020621 0.184013796841098 0.240106997474321 0.210387474460071 0.156898437698106 0.124809078496562 0.301816462731447 0.274348278925245 0.114112811828665 0.0544216611856781 0.0549642379597769 0.0474693252479185 -0.0352938603934646 -0.0420778503457912 -0.0664671887018989 -0.20792812842988 -0.254450602508333 0.0572367277158302 0.0652219912534317 0.0713233564253015 0.0723556626083319 0.0599347290669913 0.184515888486771 0.184684656376092 0.162790218000627 0.109141433259501 0.169346202237616 -9999 -9999 -9999 -9999 -9999 -9999 -9999 -9999 -9999
0.301766001741375 0.285152072777766 0.20504500937201 0.210839631151579 0.2069846151226 0.266727053705192 0.222000418239518 0.289126176243974 0.272378865966883 0.270377955867338 0.231953256069547 0.192515476148098 0.160248821182418 0.142410445447902 0.212970868597103 0.240650330487873 0.178788418077121 0.259502147339367 0.287429843559246 0.21014443770109 0.193471345154814 0.0770306726754961 0.0616759402441443 0.0731400160793581 0.0914269395290002 0.0577171407349388 0.00154337730345183 -0.144464584803951 -0.083328107189083 0.0295089968363608 0.0410729712269478 0.0746396548639299 0.121324560820648 0.152933955419804 0.112245684698717 -0.0100226414398012 0.0564961957456294 0.17619931036937 0.201242598191647 0.104667572000588 -9999 -9999 -9999 -9999 -9999 -9999 -9999 -9999
0.34648889312859 0.265341553400934 0.147900551667378 0.211763502735627 0.256793895151393 0.276605926453039 0.30540877641506 0.26951895088074 0.210850970739718 0.26960985046146 0.230404507892746 0.204035734511085 -9999 -9999 -9999 0.0502545915776052 0.175672084020638 0.216728038877476 0.240280444186974 0.188356253615341 -0.0166902743201536 0.0723313882526311 0.0928764170362155 0.178776255055676 0.0966634081193633 -0.00374090666524609 0.376442414809231 -0.14608898332052 -0.113055503318053 -0.100657179325174 -0.0380767936874872 0.0504136915380918 0.173627181764033 0.0405666252319302 0.105348290380858 0.0624583472244967 0.163453225399793 0.179086557677081 0.119827492178148 0.00729905440245405 -9999 -9999 -9999 -9999 -9999 -9999 -9999 -9999
0.290141741727926 0.247013391009022 0.150992570192367 0.184282854022993 0.367079121700583 0.356240834740392 0.258103181259442 0.256169485102888 0.260102396619505 0.240089308110007 0.241994363338557 0.221101977753168 0.173059653937534 0.406922896222115 0.184955770646698 0.10848487165263 0.138810871149415 0.14034187117054 -9999 0.0296371081993671 0.00971941633669036 0.161739756073197 0.120847752040125 0.172242760944875 0.14199348741034 0.0258834926417332 0.363541469898494 0.375657710784283 -9999 0.0137892959934587 -0.0874465921259231 0.135275352524579 0.0589241295388761 0.16354384965318 0.136553736769128 0.0787167013140255 0.12170334997383 0.169233911823226 0.052312995819954 0.131669744749089 -9999 -9999 -9999 -9999 -9999 -9999 -9999 -9999
0.291343470936346 0.311495478522406 0.230216896901887 0.11685026580398 0.306657793059189 0.209919038132598 0.24460501648307 0.233226940535636 0.215370092609423 0.239157040817969 0.262852957598104 0.269483392072919 0.208365890211094 -9999 0.208081731626376 0.208994105124735 0.15699590941146 0.0373552822504449 0.085811672128531 0.101469079504016 0.102707389545435 0.106202207129344 0.0821757055336573 0.130906969495621 0.170417050412385 0.0254303006338723 -9999 -9999 -9999 0.0817523399696816 -0.0917407617824759 -0.0507755003495687 0.103965501482854 -0.0184916673844127 0.132743072278339 0.0633765526963514 0.0969656340770712 0.23533861290914 0.297933951998491 0.209035198782158 -9999 -9999 -9999 -9999 -9999 -9999 -9999 -9999
0.27892214450478 0.29504596773769 0.32212496229674 -9999 0.143808463487143 0.191693927453782 0.255593425498336 0.184867859550899 -9999 0.232832717423906 0.174351844689287 0.140525137690099 0.174330875924064 0.13680021919483 0.0895315073531203 0.0837632193970193 0.132848093579733 0.103279459035657 0.113284147100035 0.132256975079823 0.0680452428876566 -0.0264473213234704 0.123485267879089 0.152113860353884 0.136372098495467 -0.0696113051481142 -0.0631192004074079 -9999 -0.217434057013793 -0.222226533795063 -0.0483914263850968 0.0300837696735682 0.0624647325033398 -0.00245574446158468 0.0158013252895544 0.0508042439359582 0.102703873420354 0.172285575316388 0.332387194431879 0.336514481145641 -9999 -9999 -9999 -9999 -9999 -9999 -9999 -9999
