data/rasters/s8.11.08.li.2_xyz_08_.asc
NCOLS 100 
NROWS 100 
XLLCORNER -4 
YLLCORNER -4 
CELLSIZE 0.08 
NODATA_value -9999 
[rows 66 to 87 of 100, columns 48 to 95 of 100]
-0.230388740149575 -0.151269666908273 -0.165924364380867 -0.149394956188226 -0.135943724069178 -0.14858695553437 -0.124261641326588 -0.0452004177271271 -0.0187014187582969 0.0229808610004349 -0.0537525915841086 -0.0891333958294799 -0.108204064058276 -0.113372337116447 -0.0873778056564148 -0.0676428326911838 -0.0553717241818671 -0.090694989479504 -0.138891530477561 -0.15549729054416 -0.154615103507164 0.00381212682927716 -0.137754510146726 -0.106190576451837 -0.107935061660018 -0.0573713379209495 -0.0901472511626962 -0.0662292234980531 -0.0367301480577686 -0.0795324134648228 -0.030508569537987 -0.0283398696992704 -0.0891604360269875 -0.0721735132862661 -0.00848695913147811 -9999 -9999 -9999 -9999 -9999 -9999 -9999 -9999 -9999 -9999 -9999 -9999 -9999
-9999 -0.181941065911004 -0.169324696038281 -0.13589101214032 -0.0745271568165429 -0.0443104732247265 -0.0903139049168851 -0.0619746744593916 -0.0467107314514209 -0.110089060591679 -0.215759833827585 -0.174036170969794 -0.151051824806738 -0.0925147398716659 -0.0267785983768016 0.0145768897084638 -0.10060777164605 -0.091060552091189 -0.0737874540506559 -0.11067555270733 -0.148446467458744 -0.0944945091607014 -0.0742520647941772 -0.118047146922901 -0.0763276925593519 -0.0719266118883272 -0.0956588788412988 -0.0932785016853717 -0.0243487740212005 -0.042011144592122 -0.0507577191892786 -0.137222101211716 -0.0755695852594134 -0.0520436598866513 -0.00828099516538206 -0.0329281615208155 -9999 -9999 -9999 -9999 -9999 -9999 -9999 -9999 -9999 -9999 -9999 -9999
-0.126114350561125 -0.117834698569551 -0.109044146991569 -0.0652079303609947 -0.0688537946279347 -0.00175187194699145 -0.0386709194859292 -0.0874232455094783 -0.172810097010606 -0.279283330999225 -0.222186723915058 -0.132737540566569 -0.169913223644531 -0.109665861813868 0.0199183974742698 -0.0735999867780753 -0.0387098116934354 -0.115271186277108 -0.132327677606883 -0.138139062785383 -0.111748592631276 -0.0940171687290743 -0.113698793404529 -0.0711329037951046 0.0166855484106569 0.02451331961518 -0.0695777920301243 -0.0551376040614562 -0.0109163988653226 0.0115281503981995 0.00631604409244787 -0.050670003919313 -0.0981097018721502 -0.0663833154279199 -0.00844031685603797 0.120643695226687 -9999 -9999 -9999 -9999 -9999 -9999 -9999 -9999 -9999 -9999 -9999 -9999
-0.0703680221143417 -0.0620255645937275 -0.03032103958743 -0.0214554909770437 -0.00696008799056053 -0.0401460464712619 0.00453692703199033 -0.0578617136923198 -0.234501344256162 -0.1175637336955 -0.310934254183307 -0.256625616464598 -0.211924991163628 -0.253404288250871 -0.13886914529671 -0.0531463139950355 -0.0468132021343221 -0.139108621593383 -0.149995222476194 -0.13976679161687 -0.0470396599187715 -0.0918099275302223 -0.0723298616216697 -0.0986184943013455 -0.0239958003835916 0.0556519290138767 0.0677315094834763 0.0408291776421275 0.0918955094669835 0.0397625226352246 -0.0489370501880293 -0.0133855890304703 0.00323251570550673 -0.015807615960235 -0.0659706966247293 -0.0324567858813849 -9999 -9999 -9999 -9999 -9999 -9999 -9999 -9999 -9999 -9999 -9999 -9999
-0.0533183199169895 -0.0493152338050533 -0.139874386628156 -0.0977384979322416 -0.0171663185293443 -0.0151243655376554 -0.0794055754568509 -0.133630034135239 -0.255560595510639 -0.415525915186877 -0.355949924969163 -0.361723099680173 -0.308454741818959 -0.328840588992809 -0.157228754850867 -0.137263560547688 -0.121624912714203 -0.133472808184018 -0.114517343497669 -0.131441683158057 -0.0715749026543324 -0.0489092354555254 -0.054112548273066 -0.0858858798944127 -0.099259755547401 -0.0043085311909464 0.135662578183341 0.190830059615899 0.0801967620102788 -0.0277733665039229 -0.0762920502007896 0.0241558029825406 -9999 0.102833897488101 -0.119416631203658 -9999 -9999 -9999 -9999 -9999 -9999 -9999 -9999 -9999 -9999 -9999 -9999 -9999
-0.12674984574099 -0.100411153710723 -0.133302681274562 -0.144188906303566 -0.0909149092101567 -0.053459888441931 -0.190936184278312 -0.285520463996449 -0.318499612352769 -0.380327748454213 -0.333930315338763 -0.315995365656229 -0.274228397985773 -0.226597180400931 -0.18517181945251 -0.164990707656703 -0.149842849791645 -0.0703746124630277 -0.0723490318852445 -0.0472460194506144 -0.0246705846910164 -0.0985634660625887 -0.111204660711882 -0.125477000412402 -0.0372425720626476 -0.013751663430865 0.0719115775367527 0.144638069379504 0.0771408650061699 -0.021449866059457 0.00161335336853872 -0.0046461871591257 -9999 -9999 -9999 -9999 -9999 -9999 -9999 -9999 -9999 -9999 -9999 -9999 -9999 -9999 -9999 -9999
-0.169177142770588 -0.144699762734442 -0.139523275657366 -0.145495490044576 -0.134170299582833 -0.144942901651357 -0.261854564685533 -0.252889324047123 -0.258862716315125 -0.385854682218108 -0.370765590727842 -0.334061010060974 -0.304839514783226 -0.196049542210754 -0.132763813592705 -0.0879425249611922 -0.14162089344954 -0.0099436115535676 0.0416040182899229 -0.0316877231544043 -0.0329300579331277 -0.123188238596206 -0.0698097611954299 -0.135551977728234 -0.089931876663848 0.0204841429948531 0.0315408457317512 -0.0176862009896353 0.0845591392391251 0.0581895123695325 0.039181630923147 0.0426247189325146 -0.0235805702985256 -9999 -9999 -9999 -9999 -9999 -9999 -9999 -9999 -9999 -9999 -9999 -9999 -9999 -9999 -9999
-0.208170042281795 -0.152485810894625 -0.0828881262534213 -0.0619193826527955 -0.176324978870148 -0.232503135591704 -0.169890438341013 -0.185518488581315 -0.221868631668768 -0.299265484116101 -0.310468476875348 -0.288398634830512 -0.230945113857053 -0.0921681437343935 -0.00620859559111999 0.0186385496783438 -0.0710635880867664 -0.0481312886452605 0.0556500252999912 -0.0541395671666994 -0.0479446591474318 0.00238548696674915 0.0119989505949592 -9999 -9999 0.0466410215809044 0.0111073993199243 0.0847499238209622 0.107803098804715 0.106066031454486 0.10712800685873 0.200831789479353 0.0830353511513223 -9999 -9999 -9999 -9999 -9999 -9999 -9999 -9999 -9999 -9999 -9999 -9999 -9999 -9999 -9999
-0.19900661017222 -0.100629200856112 -0.0738995178212669 -0.0344732032118272 -0.0275428258341967 -0.162946717904515 -0.132935723321682 -0.204764955343487 -0.220703243565292 -0.186700934881411 -0.215825282213423 -0.206306689962607 -0.0940311989967436 0.024145967257383 0.0359274392547737 0.0508518185812364 -0.0193190872831957 -0.0536204230105696 -0.0627146628868138 -0.0594790334034755 -0.0683067751943724 -0.0333759626144667 0.00905668603089962 -0.0103370808996298 0.00294941176098682 0.0490420343592445 0.042543995859968 0.135724080204372 0.142522910531986 0.0919823646904909 0.126286456357615 0.0700867536523443 0.0428877687058825 -9999 -9999 -9999 -9999 -9999 -9999 -9999 -9999 -9999 -9999 -9999 -9999 -9999 -9999 -9999
-0.0407499381410118 0.00277998334659502 0.0195960246210971 0.0443242369798894 0.0566789298650895 -0.00597616769751417 -0.0407080098659087 -0.145149900628227 -0.112024534887027 -0.11469102327832 -0.162077657851381 -0.176301873870074 -0.0666369685318243 -0.00702727804884092 0.000683383203420077 0.0138495916602861 0.0213444771719705 0.170358685361618 -0.0361120499436822 -0.0458732748969394 -0.0403679560814104 -0.030135214376784 -9999 -0.0461487504583876 0.022610027829415 0.101830467584638 0.0654374700392298 0.148044006114796 0.195946320294194 0.240555123783321 0.191119290375696 0.288674949930426 -9999 -9999 -9999 -9999 -9999 -9999 -9999 -9999 -9999 -9999 -9999 -9999 -9999 -9999 -9999 -9999
0.0774473149515246 0.0122873959835933 -0.0174873289483046 -0.00238294198669955 0.0848563501124969 0.101900370741363 0.0664886235081054 -0.0189792836774181 -0.0527001820144258 -0.0467587696219028 -0.141473181586528 -0.136770234529718 -0.0315981325938383 -0.0269311352371136 0.0449446211315661 -0.0151992381421765 0.166692087432101 0.0644539666755566 0.0184369251655347 -0.0458580199639752 -0.0512866686439071 -0.00833371447896274 0.0334856301473351 0.00860969775673118 0.0983452203422859 0.0706272219326904 0.0813293664491092 -9999 -9999 -9999 -0.148242336705024 -9999 -9999 -9999 -9999 -9999 -9999 -9999 -9999 -9999 -9999 -9999 -9999 -9999 -9999 -9999 -9999 -9999
0.0815160342906939 0.0240041414464635 0.0292177105832287 0.0995785645757025 0.113753318931396 0.182832256316643 0.112484420432648 0.0715046743183077 0.0689517807591913 0.0478095752738358 0.0593391455640559 0.0390325074971003 0.0398492855217601 0.0329268976929565 -0.0308478990786646 0.316426109284524 0.129279231148249 0.0992624767952887 -0.0378709438754888 -0.0615425317376095 -0.00203086270180569 0.0188976209039169 0.0765668481942273 0.0408979620067068 0.125116060245968 0.142666073052998 0.157096295776388 -9999 -0.130055145295554 -0.0667654154505332 -9999 -9999 -9999 -9999 -9999 -9999 -9999 -9999 -9999 -9999 -9999 -9999 -9999 -9999 -9999 -9999 -9999 -9999
0.0928470375344699 0.0558537978212704 0.0427568961178621 0.0281405661611225 0.0878547410417163 0.0757989211887589 0.184376433286372 0.0972593785187336 0.120380693466072 0.143986104471987 0.0146363546291533 0.0405741283476742 0.0704623634313125 0.0491984522332239 0.00522803382422413 -9999 0.0357999844649446 0.160971142611228 -0.0226868890510496 0.165134772637812 0.13328416556599 0.157689394787621 0.110493097243244 0.11225714764656 0.151175959471336 0.127524299010812 0.113725732001419 -0.05817653723154 -0.0707766980947634 -9999 -9999 -9999 -9999 -9999 -9999 -9999 -9999 -9999 -9999 -9999 -9999 -9999 -9999 -9999 -9999 -9999 -9999 -9999
0.0500149955141476 0.0784659529962413 -0.0448038835990512 -0.0172859145907086 0.0498135514995366 0.165937898954763 0.121676086275811 0.138273258828947 0.152622006757357 0.129955431561207 0.0676520144704731 0.0718150904254917 -9999 0.139843028028359 0.0605755291622176 -0.0554491413167047 -0.0852401915941106 -0.0996914794144794 -0.0180482399012053 0.0574761197487784 0.0724453152686277 0.160709289475708 0.0512815750536634 0.0821634180201495 -9999 0.272025942512355 0.140417769989374 -9999 -9999 -9999 -9999 -9999 -9999 -9999 -9999 -9999 -9999 -9999 -9999 -9999 -9999 -9999 -9999 -9999 -9999 -9999 -9999 -9999
0.100421255882602 0.17750097686331 -0.00273454771170517 -0.0310563414946841 0.0508003239600043 0.0544270864512041 0.0740140877942565 0.135557147050456 0.140551311709118 0.158467793212176 0.0704397404658334 -9999 -9999 0.178421153138226 0.181876458195717 -0.0418583776782577 -0.152758150203439 -0.0194643380603004 0.0683758543313943 0.0404955199713127 0.0117402312251826 -9999 0.0825197538983293 -0.0974905977419823 -0.152723124773851 -0.0985516809016506 -0.0520292917926413 -9999 -9999 -9999 -9999 -9999 -9999 -9999 -9999 -9999 -9999 -9999 -9999 -9999 -9999 -9999 -9999 -9999 -9999 -9999 -9999 -9999
0.113637981326009 0.121563777823786 0.0608170761179742 0.0738386655961156 0.0482456699672862 0.043110869511531 0.0234528270714799 0.101975960238124 0.0988568435854038 0.0937525309699095 0.00462329126370898 0.0262601398447424 -0.0311388166443569 -9999 0.327436479444564 0.18259206064229 -0.0221683849191787 0.0762211271355624 -9999 0.0791345182834899 0.0678678969423799 0.141840475879286 0.088978329906383 0.0859390236343798 -0.0797570726841824 -9999 -9999 -9999 -9999 -9999 -9999 -9999 -9999 -9999 -9999 -9999 -9999 -9999 -9999 -9999 -9999 -9999 -9999 -9999 -9999 -9999 -9999 -9999
0.120245571004603 0.061652818073112 0.0295314132541361 0.17147253565544 0.0798792068663742 0.0813247371898671 0.00980969762215772 -0.00717052556565719 0.0227601752509704 0.0433628654511401 0.0086885399574743 0.0467691145839258 0.0573771257842178 -9999 0.12089246887034 0.404072387911509 0.141648114045125 -9999 -9999 0.150372648264129 0.127647787022784 0.160221632522824 0.00592225414824634 0.00828222330516713 -9999 -9999 -9999 -9999 -9999 -9999 -9999 -9999 -9999 -9999 -9999 -9999 -9999 -9999 -9999 -9999 -9999 -9999 -9999 -9999 -9999 -9999 -9999 -9999
0.161349387979406 0.0811674998002113 0.199721426828861 0.165323038254731 0.0754206472187939 0.100529256550766 0.0238515029536976 -0.0051644639018555 -0.0349217661006921 0.034952715393669 0.0660155997139875 -0.00169016074052477 0.0864017930043011 0.13098886901804 0.093431886749828 0.133459382180333 0.0927294611739989 -9999 -9999 0.123292707222962 -0.00948234146058616 -0.0308629493469599 -9999 -9999 -9999 -9999 -9999 -9999 -9999 -9999 -9999 -9999 -9999 -9999 -9999 -9999 -9999 -9999 -9999 -9999 -9999 -9999 -9999 -9999 -9999 -9999 -9999 -9999
0.30993752947131 0.0422146872944678 0.0753734134144398 0.0503598827716421 -9999 0.134340506322579 0.0571948357354641 -0.0597067223465589 0.0939098051120619 0.160666833038006 0.187162312648617 -9999 0.10683022690175 0.24338689463076 0.140577044530925 0.209850404075453 0.105336873363356 0.0424682481995478 -0.0557218673135085 -0.0349852171018982 0.121467339688051 -9999 -9999 -9999 -9999 -9999 -9999 -9999 -9999 -9999 -9999 -9999 -9999 -9999 -9999 -9999 -9999 -9999 -9999 -9999 -9999 -9999 -9999 -9999 -9999 -9999 -9999 -9999
0.100010044287911 0.123063638396606 0.0956127430281618 0.0552805408209459 -9999 -9999 -9999 0.0256851796682034 0.106639634753044 -9999 -9999 0.186930516019349 0.221831208431511 0.26508873793761 -9999 -0.0253559348268612 0.0358932915617118 0.0696663653664174 -0.0747707502956507 -9999 -9999 -9999 -9999 -9999 -9999 -9999 -9999 -9999 -9999 -9999 -9999 -9999 -9999 -9999 -9999 -9999 -9999 -9999 -9999 -9999 -9999 -9999 -9999 -9999 -9999 -9999 -9999 -9999
0.195984623571052 0.165023937157514 0.0757152652200914 0.131239334730541 -9999 -9999 0.0881855560395063 0.0539944361118278 0.0391152022614309 0.0231001398024565 -0.169487465274202 0.295553402556951 0.144943677797264 0.0614439973002559 0.0696317034692465 0.00295368977076339 -9999 -9999 -9999 -9999 -9999 -9999 -9999 -9999 -9999 -9999 -9999 -9999 -9999 -9999 -9999 -9999 -9999 -9999 -9999 -9999 -9999 -9999 -9999 -9999 -9999 -9999 -9999 -9999 -9999 -9999 -9999 -9999
-9999 -9999 -9999 -9999 -9999 -9999 0.0158941062999837 0.0612386004770605 0.141393087611732 0.0816351773935314 -0.00112835504134954 -0.115483363206213 -0.0501907532403292 -9999 -9999 -9999 -9999 -9999 -9999 -9999 -9999 -9999 -9999 -9999 -9999 -9999 -9999 -9999 -9999 -9999 -9999 -9999 -9999 -9999 -9999 -9999 -9999 -9999 -9999 -9999 -9999 -9999 -9999 -9999 -9999 -9999 -9999 -9999
