data/rasters/s8.11.08.li.4_xyz_08_.asc
NCOLS 100 
NROWS 100 
XLLCORNER -4 
YLLCORNER -4 
CELLSIZE 0.08 
NODATA_value -9999 
[rows 22 to 43 of 100, columns 50 to 99 of 100]
-0.253841872615178 -0.174745412284989 -0.145813490623291 -0.160292902335475 -0.173684880629938 -0.219564923513925 -0.260011120299596 -0.28857281644366 -0.465178925092088 -0.442713420681539 0.125119133013524 -0.0699105547018431 -0.302917752761359 -0.329079007126129 -0.438116168458849 -0.409222394167664 -0.349067970435385 -9999 -9999 -9999 -9999 -9999 0.144051557467454 -0.108851075210056 0.0102931216987926 0.133288024595809 -9999 -9999 -9999 -9999 -9999 -9999 -9999 -9999 -9999 -9999 -9999 -9999 -9999 -9999 -9999 -9999 -9999 -9999 -9999 -9999 -9999 -9999 -9999 -9999
-0.187569974913532 -0.0786562621609541 -0.165923289246825 -0.182941227938362 -0.211994963224363 -0.277364628349784 -0.341703580077934 -0.314280968770078 -0.31100901305475 -0.385368838656062 0.10066646756004 0.513998849392813 -0.0618881506327652 -0.403913395047344 -0.370839257048044 -0.424086356705197 -0.337962375275018 -0.37055541963329 -0.363489389558164 -0.187924144158402 -9999 -9999 -9999 -0.13258411012225 -0.190392771567663 -0.296088416309049 -0.302207256626955 -9999 -9999 -9999 -9999 -9999 -9999 -9999 -9999 -9999 -9999 -9999 -9999 -9999 -9999 -9999 -9999 -9999 -9999 -9999 -9999 -9999 -9999 -9999
-0.218062069783324 -0.151529535961078 -0.150157897123651 -0.190250345311263 -0.209847884667607 -0.216203311639357 -9999 -0.0808411748518613 -9999 -0.258896272887322 -9999 -0.437779004337355 -0.421380922681519 -0.346295108687196 -0.414099091117086 -0.408752462630375 -0.361811417128646 -0.395724536910258 -0.395874590755332 -0.133260594633329 -9999 -9999 -9999 0.0992338126666439 0.0783692205213169 -0.233462123106499 -0.115744674444433 0.045877605571068 -9999 -9999 -9999 -9999 -9999 -9999 -9999 -9999 -9999 -9999 -9999 -9999 -9999 -9999 -9999 -9999 -9999 -9999 -9999 -9999 -9999 -9999
-0.223038346462346 -0.208504251298623 -0.133332451867477 -0.130714242291411 -0.160679770432316 -0.188643344465774 -0.216645411790067 -0.280648411952076 -0.266636947968061 -0.324505192306974 -9999 -0.512408148918883 -0.382530153847733 -0.379313722845947 -0.300450586890992 -0.348274836953361 -0.355744416318182 -0.413590248189726 -0.419220700579644 -0.348604572789309 -0.274510800542309 -9999 -9999 0.123124488241272 0.126773378867773 -0.0649066918000168 -0.084181275043377 -0.201893835354854 0.0961660599449944 -9999 -9999 -9999 -9999 -9999 -9999 -9999 -9999 -9999 -9999 -9999 -9999 -9999 -9999 -9999 -9999 -9999 -9999 -9999 -9999 -9999
-0.198817660090474 -0.168896633100957 -0.200247541717835 -0.154233701383372 -0.115941811391534 -0.0877033322681472 -0.138180707345897 -0.26492123240448 -0.273711812579485 -0.374816625018642 -0.261566231031345 -0.34175633044116 -0.378008452098171 -0.262034983804206 -0.229533253623909 -0.306161213560959 -0.359179954754243 -0.168927697295049 -0.255485259139889 -0.307096062247895 -0.261364210349509 -0.0457234894129882 0.0585653125579047 0.137613283852627 0.132461617730738 0.0731002508410999 0.0908877393171345 -0.178453324287256 -0.078570984320129 -9999 -9999 -9999 -9999 -9999 -9999 -9999 -9999 -9999 -9999 -9999 -9999 -9999 -9999 -9999 -9999 -9999 -9999 -9999 -9999 -9999
-0.180944357229395 -0.161754226313591 -0.18660464602663 -0.0267854380517378 -0.0971665698508696 -0.189796393265896 -0.201199548076675 -0.123112078775659 -9999 -0.275937409223093 -0.357367429151697 -0.331278926727268 -0.39755402022044 0.295764880392827 -0.0457239491352177 -0.33813533476932 -9999 -0.225267763947452 -0.274320190500766 -0.230049245062042 -9999 -0.0161350139308851 0.0613103230526202 0.166761481285027 0.192237817282979 0.14118846328281 0.0739337315215686 0.014218807939705 -0.269917463806212 -0.280466327752996 -0.359130622474759 -9999 -9999 -9999 -9999 -9999 -9999 -9999 -9999 -9999 -9999 -9999 -9999 -9999 -9999 -9999 -9999 -9999 -9999 -9999
0.224615478415049 -9999 -9999 -0.0269879281153794 -0.105511415486719 -0.142697573704091 -0.194910773133272 -0.106403311645148 -0.167640469794066 -0.262678714171449 -0.201639715121044 -0.398371877071298 -0.334994814237049 0.0749549170529481 0.614725292149137 -9999 -9999 -0.24902829258905 -0.176570440628565 -9999 -9999 -9999 0.00743140048092 0.0436414931837438 0.0429659055396678 0.0715458583936592 0.0698258043497978 0.0248904906195182 -0.160487524048503 -0.241636707987362 -0.166771913508115 -0.31550844439149 -9999 -9999 -9999 -9999 -9999 -9999 -9999 -9999 -9999 -9999 -9999 -9999 -9999 -9999 -9999 -9999 -9999 -9999
-9999 0.181768052040074 -9999 -9999 -9999 -0.0930199218253559 -0.107633557335466 -0.125476824349387 -0.166150886713221 -0.0605301824973378 0.0162451098602963 0.722401570086981 0.361607540643279 -0.325931290024242 -0.255939276994899 -9999 0.748150465493567 -0.140130359276412 -0.166611933443483 -9999 -9999 -9999 0.161613918666996 0.154829737539354 0.107440766733746 0.136306869431357 0.0885814699067496 0.050069179786457 0.0508280980791072 -0.273495337384947 -0.15586422327581 0.0780486919826009 -9999 -9999 -9999 -9999 -9999 -9999 -9999 -9999 -9999 -9999 -9999 -9999 -9999 -9999 -9999 -9999 -9999 -9999
-0.0856007127350756 -0.165293828573605 -0.0807342213974425 -9999 -9999 0.0253296661468337 -0.000560578616309227 0.0757409041007701 0.449200912925946 0.52654298663505 0.40777464512041 -0.302088798616996 0.441140415625123 0.367754999846177 0.686544816302479 -9999 -9999 -9999 -9999 -9999 -9999 0.121251212817118 0.161240716456157 0.0805130675651577 0.119891955311276 0.181265323828878 0.148004713852217 -0.0096602972360707 0.0402033055558039 -0.0687039039638392 -0.132858289144673 0.0556067834598592 0.140445068289003 -9999 -9999 -9999 -9999 -9999 -9999 -9999 -9999 -9999 -9999 -9999 -9999 -9999 -9999 -9999 -9999 -9999
-0.108314549259063 -0.180464602312384 -0.150825060984815 -0.00950041507385484 0.106322540496084 0.0726282098578275 -0.0199625785067639 0.00133545552214118 0.044857859572717 0.43282515860836 0.337279254392706 -0.222777993644775 0.696434059735432 0.715945481405892 0.740058452260587 -9999 -0.00742370118185664 -0.0762140247833589 -0.107522457205995 -9999 -9999 -9999 0.222202324494952 0.12258275260298 0.163543826415891 0.222197806617627 -0.103731555959513 0.0850958757762075 0.128462930169515 0.19666042070646 -0.147441554733534 -0.0878371878508799 0.0320054924486615 0.152130967354185 -9999 -9999 -9999 -9999 -9999 -9999 -9999 -9999 -9999 -9999 -9999 -9999 -9999 -9999 -9999 -9999
0.0321287695381366 -0.0749310981678736 -0.0822806884424592 -0.0319192994548748 0.0400147842179079 -0.0334741960599687 -0.0561223793256095 -0.0192098904167481 0.11453535778505 0.191481095164404 -9999 -9999 -9999 0.754476520398212 0.733607618409316 -9999 0.0388774800023672 -0.00375674836741696 -0.018737665398117 -0.0338974230228738 -9999 -9999 -9999 0.230601288770107 -0.0468644790856224 -0.2757509187688 -0.158145878213365 0.0762336626173121 0.137365918204484 0.177217096525137 0.177408848061075 -0.0646552413935876 -0.158039784455014 0.0770552896869954 -9999 -9999 -9999 -9999 -9999 -9999 -9999 -9999 -9999 -9999 -9999 -9999 -9999 -9999 -9999 -9999
0.191878920836117 -0.0251976014977686 -0.0623488593562175 -0.00513774654843218 -0.0146424658759264 -0.00254841619297182 -0.0212069637764885 -0.0288062317853504 -9999 -0.00702557100283902 -0.03866799800602 0.0366015567440991 0.935816889648336 -9999 -9999 -9999 -9999 0.00811026447678278 0.03048091097943 -0.0190438356874916 0.134714526176769 -9999 0.260961591678617 0.289590155714 0.256504465825257 -9999 0.149992688680421 0.174031284600492 0.196777320366066 0.178527636597344 0.165834336170206 0.0775762622148956 -0.228781292968865 0.037165796937647 0.371462829813251 -9999 -9999 -9999 -9999 -9999 -9999 -9999 -9999 -9999 -9999 -9999 -9999 -9999 -9999 -9999
0.0124596614307544 0.0338423573967101 0.0674944259663584 0.167042765751788 0.121401275004922 0.0816032229298801 -0.011765098627059 -0.0264371341320533 -0.0243399192431125 0.0595507995941697 0.0391768247669817 0.119473629412767 0.80273418378857 0.867217727021072 -9999 0.0298980366477895 0.0694602057660606 0.220018111035747 0.177248911453532 0.366474601135813 0.656035491841584 -9999 -9999 0.0836809027766243 0.174585352589446 0.382235653940858 0.179405391030706 0.234477435232602 -9999 0.125660630522514 0.15654943713771 0.159265351755985 0.050107835342662 -0.0125410698432488 0.146591132217989 -9999 -9999 -9999 -9999 -9999 -9999 -9999 -9999 -9999 -9999 -9999 -9999 -9999 -9999 -9999
0.0316614794233213 0.0104868891557586 0.0144267489677868 0.124973348432318 0.308306001194205 0.084224870703482 0.0835689572301581 0.0689454396326006 0.220754932849662 -9999 -9999 -9999 0.904738095157031 0.888006141491634 -9999 0.0374559712614115 0.134594047238606 0.243580164698255 0.229385793806994 0.194555666155651 0.222514585987107 0.246237702631809 -9999 0.313959147301744 0.265760682822683 0.288629685539338 0.342637323328873 0.211456321776012 0.204055736502 0.162585195300243 0.172483216432893 0.229236748953125 0.121826329471043 -0.0920757461189023 -0.0084299231371095 -9999 -9999 -9999 -9999 -9999 -9999 -9999 -9999 -9999 -9999 -9999 -9999 -9999 -9999 -9999
0.0660521074631334 0.0678493190580015 0.145677247416836 0.17607257020866 0.175337060783748 -0.00520499641765064 0.0827688766846148 0.0720587355274299 0.0919836833387702 -9999 -9999 -9999 0.0544523874876683 0.882244006521225 -9999 -9999 0.227044834288099 0.252269168700683 0.183523396653441 0.144876848606558 0.199107059692114 0.210032019280791 -9999 0.342790652854092 -9999 0.305075535389836 -9999 -9999 0.146122776754731 0.175641884889143 0.16337557764009 0.136939988823967 0.14872898844622 -0.0575833253234108 -0.0462281377560814 0.180982513425452 -9999 -9999 -9999 -9999 -9999 -9999 -9999 -9999 -9999 -9999 -9999 -9999 -9999 -9999
0.0570209711259786 0.167028763374273 0.117908571137667 0.0932391079270769 0.16923108846957 -0.00727117701339926 0.108978385879963 0.0997118303377478 0.0379600080347976 -9999 -9999 -9999 0.0740924848943247 0.133000737935647 0.18517399256335 0.031836732853264 -9999 0.267168905014546 0.243967978422926 0.257970349504241 0.250069671418633 0.187038806167342 0.249179914764365 0.311627860349063 0.385994882049122 0.241131130909241 0.257172554646271 0.260469712808327 0.221372050283823 0.239714943287074 0.18646418607392 0.171906625324823 0.209057293069297 0.0790755537688536 -0.142772401035707 -0.139799370945053 -9999 -9999 -9999 -9999 -9999 -9999 -9999 -9999 -9999 -9999 -9999 -9999 -9999 -9999
0.0522606930166465 0.0827284613329427 0.11535852839793 0.100854479500662 0.228606999482544 0.112663749379517 -0.0231359842583556 -0.0314913305052164 -0.00709931408684472 -0.0232770696769513 -9999 0.987793612652218 0.970536526436887 0.424284768451825 0.13420132675859 0.0413465666341167 -9999 0.332836909941972 0.286698188331318 0.24933506485545 0.26225011303556 -9999 0.173865692495822 0.205435931931801 0.412088274352755 -9999 -9999 -9999 -9999 0.251002899735322 0.222164034814906 0.0379679957699407 0.0795259904389687 0.0478295793487756 -0.0436616462107574 -0.174907930100674 0.368348009880658 -9999 -9999 -9999 -9999 -9999 -9999 -9999 -9999 -9999 -9999 -9999 -9999 -9999
0.705835240039674 0.0757792508157003 0.0821840917016628 0.0925934416830577 0.0829819211104672 0.00896730627931854 -0.000948870907363971 0.0327299611605482 0.140508692052126 0.622469656996066 0.891250170510207 1.00334043363366 0.948822289819402 0.901121323176978 0.0728261936020329 0.148736575856401 0.182298170737736 0.293842707077064 0.247922171264528 0.383403170113848 0.188657914990838 0.230482513254449 0.225582047561903 0.199732287566879 0.260270509790511 0.863401240034722 -9999 0.34371526517477 0.500646691071202 -9999 0.178975083105389 0.0727562388613568 0.0783343036150844 -0.0148939212679596 -0.0620360884894266 -0.13780153362225 -0.132710694337523 -9999 -9999 -9999 -9999 -9999 -9999 -9999 -9999 -9999 -9999 -9999 -9999 -9999
0.433041143835003 0.264724527849792 0.187969195410198 0.128223892231133 0.0430965309535266 0.0453335811495624 0.0992953724740732 0.679291388304216 0.29763624764658 0.365339048166199 0.87339961827443 -9999 -9999 -9999 0.0954072989479402 0.167636442856437 0.293398126519356 0.235402177020759 0.173335965395395 0.225617565791096 -9999 0.244452238260351 0.226499881863556 0.270364142355915 0.169492300161811 0.220487602301255 0.606846532520726 0.403630444730064 0.375904456596369 0.321335630308813 0.599364858447991 0.445071886120394 -9999 -0.0238839484777134 -0.0515143660356286 -0.237401029377945 -0.0741296037680663 0.0164794218099109 -9999 -9999 -9999 -9999 -9999 -9999 -9999 -9999 -9999 -9999 -9999 -9999
0.137845541179174 0.184053275793682 0.144285565284287 0.175575194195559 0.12006813788374 0.00558371834447588 0.677037130231916 0.800947507993017 0.592230832137365 0.834766615369709 0.884031173038938 -9999 -9999 -9999 0.290912893076053 0.200658061891736 0.169603848102766 0.226699432546591 0.0698448242299442 0.015337553776222 -9999 0.226032877247564 0.228619312962551 0.169254864013665 0.107485005730714 0.188389688090509 0.216623384917845 0.156878235118465 0.162754162808871 0.281369188451029 0.213688584119109 0.279058576162339 0.189515669933888 0.0335181094485707 0.0410490375249458 -0.128627316606765 -0.2657736816624 0.000442499204905725 -9999 -9999 -9999 -9999 -9999 -9999 -9999 -9999 -9999 -9999 -9999 -9999
0.112075098275834 0.199042024693354 -9999 -9999 -9999 -9999 0.91834555596139 0.885104972840487 0.844225109685638 1.01049471437836 -9999 -9999 -9999 0.214321918098702 0.0839544364051536 0.173967863757907 0.137717461271518 0.0918745869741243 0.0549942815174832 0.102024556305373 0.197545261827027 0.212760964444257 0.218070711450043 0.209567985056716 0.119049806328269 0.239995159985176 0.277011746645257 -0.0260531218163981 0.0383002886043343 0.257584660164808 -9999 0.233511561489002 0.196209860634532 0.123248593883531 0.119319144529825 -0.130809915562723 -0.346160422635372 -0.113638185957078 -9999 -9999 -9999 -9999 -9999 -9999 -9999 -9999 -9999 -9999 -9999 -9999
0.212887188338315 0.291417815472337 0.338368573628254 -9999 -9999 -9999 -9999 -9999 -9999 -9999 0.0673879265365281 0.23225926195186 0.135312022319937 0.212632543749577 0.172673597555664 0.098887296408356 0.133786123353191 0.0874025230631153 0.0772769673207715 0.104089795761936 0.213504913531257 0.246776456914656 0.177686690473146 0.125199075223851 0.200737960361471 0.297700637255606 0.0319108060765502 -0.0799003145253291 0.18259129217113 -9999 -9999 0.176419484546775 0.171060467755957 0.141111224577103 0.130136183395745 -0.00246913769127623 -0.342191537144959 -0.261684610980766 -9999 -9999 -9999 -9999 -9999 -9999 -9999 -9999 -9999 -9999 -9999 -9999
