data/rasters/s8.11.08.li.1_xyz_08_.asc
NCOLS 100 
NROWS 100 
XLLCORNER -4 
YLLCORNER -4 
CELLSIZE 0.08 
NODATA_value -9999 
[rows 22 to 43 of 100, columns 0 to 48 of 100]
-9999 -9999 -9999 -9999 -9999 -9999 -9999 -9999 -9999 -9999 -9999 -9999 -9999 -9999 -9999 -9999 -9999 -9999 -9999 -9999 -9999 -9999 -9999 0.232554231212501 0.352220828941695 0.449764046276532 0.365501713170999 0.315218144473518 0.339492534301358 0.237906356593686 0.0649861885755242 -0.000764866910862358 0.0116769430087807 -0.0062641339219943 0.185456565215863 -0.020812911021467 -0.0831858484936348 -0.058374171530057 -0.12219225985613 -0.0692670521920172 -0.0920785694345727 0.372686956143405 0.207079770407304 0.272917546700243 0.26192322267261 -0.0304493940789158 0.119679530633381 0.155479496660394 0.101226789505689
-9999 -9999 -9999 -9999 -9999 -9999 -9999 -9999 -9999 -9999 -9999 -9999 -9999 -9999 -9999 -9999 -9999 -9999 -9999 -9999 -9999 -9999 0.187618873469857 0.196841157758323 0.298928459860855 0.300772180219915 -9999 0.328932583935976 0.267083390223471 0.220496094695698 0.0183909078364889 -0.00646414566272337 -0.0497756977639632 -0.0508176508515017 -0.0604318157880898 -0.0541377920923697 -0.125186793130112 -0.137737068198369 -0.137006139943524 -0.0928360888718649 -0.121995096144103 0.384263081999884 0.220701527004769 0.123711399416531 0.124289891121052 0.0484957486786731 0.00921141804096074 0.0252744654734818 0.116313118316939
-9999 -9999 -9999 -9999 -9999 -9999 -9999 -9999 -9999 -9999 -9999 -9999 -9999 -9999 -9999 -9999 -9999 -9999 -9999 -9999 -0.0911719691795594 0.138397052954641 0.202649473785524 0.195811690068455 0.204578647594205 -9999 -9999 0.211817187277529 0.178642425829113 0.104512636889088 -0.0114747148269634 -0.10051415775324 -0.0997730365678071 -0.0295750365097217 -0.0765077848300305 -0.106203884434076 -0.10216345051101 -0.122539989486961 -0.118736019355834 -0.100733147292832 -0.112885505837473 -9999 -0.00586131427974504 -0.0622021026044114 0.0474144051252297 0.000580286263084667 -0.00528575923518745 0.10904872644483 0.188419371250263
-9999 -9999 -9999 -9999 -9999 -9999 -9999 -9999 -9999 -9999 -9999 -9999 -9999 -9999 -9999 -9999 -9999 -9999 -9999 -0.0473731437365961 -0.052714225735478 0.0511163388367312 0.0988849224399214 0.167298929544984 0.195014953297185 -9999 -9999 0.23426791764167 0.101316009244837 -0.0204747030298618 -0.0696657637736144 -0.0120133487466814 -0.100737963713742 -0.0730185950765972 -0.0382173506447309 -0.0890901821240103 0.014222742512803 -0.0548658456467861 -0.0758294600083486 -0.172236393960955 -9999 -0.225023312171944 -0.155201249777953 -0.0893900884027585 -0.0483773659874385 0.00121813644121236 0.0128629662960878 0.00366613926273229 -9999
-9999 -9999 -9999 -9999 -9999 -9999 -9999 -9999 -9999 -9999 -9999 -9999 -9999 -9999 -9999 -9999 -9999 -9999 -9999 -0.0691379916325295 -9999 -9999 0.0512584511512018 0.0738768892759264 0.0641858171458242 -0.050916718317715 0.216258223565496 0.261687371977926 0.0377130581523834 -0.0470892891624796 -0.00471615460326688 -0.0441695091765125 -0.0740273988009272 -0.0673021430895858 0.0136876243412745 0.0227798846902317 -9999 -0.0714974871142739 -0.0953485285150764 -0.0464581064876773 0.0123455837584861 -0.13492607862616 -0.120549680422136 -0.0736838291069123 -0.0318844521497772 -0.0607003973519201 0.0212672486952814 -9999 -9999
-9999 -9999 -9999 -9999 -9999 -9999 -9999 -9999 -9999 -9999 -9999 -9999 -9999 -9999 -9999 -9999 -9999 -9999 -0.0512578106160257 -0.0716308085097385 -9999 -9999 0.0943957539063155 0.0344206311187911 -0.000438416312082617 -9999 0.242628164184482 0.255077142543689 0.0339053526057115 -0.153170900598625 -0.0471422871504027 -0.0752229037597631 -0.0567504255332099 -0.0655518291474694 -0.0787781141546379 -0.0821485318239681 -0.175022491846399 -0.120514003130529 -0.0744001633420164 -0.0197633865450841 -0.00497595551434062 -0.0962265596283383 -0.143885054441496 -0.108281451232728 -0.0728572945686287 -0.0851494550121719 0.0362777553304406 -9999 0.0866766829142078
-9999 -9999 -9999 -9999 -9999 -9999 -9999 -9999 -9999 -9999 -9999 -9999 -9999 -9999 -9999 -9999 -9999 -0.00196269351827016 -0.00450885759613734 -9999 -9999 -0.0298622245280525 -0.00723557402573856 0.0473820690562536 0.0243026082058356 0.0581749879130722 0.245949959127575 -9999 -9999 0.0683572087168954 0.0192105246470805 -0.0799555710736102 -0.113321860237363 -0.074947082531895 -0.141418757912436 -0.0940272389401338 -0.180400708114375 -0.0873064105526274 -0.0207346379835916 -0.114444541080024 -0.0226608358680305 -0.115335485288986 -0.156131315742513 -0.123260075420085 -0.075512527028568 -0.0576374776612027 0.0177479134912096 0.0183134092026813 0.0895539936365484
-9999 -9999 -9999 -9999 -9999 -9999 -9999 -9999 -9999 -9999 -9999 -9999 -9999 -9999 -9999 -9999 -9999 -0.0197873945261817 0.0313558188098091 -0.00529319214165114 -0.0118045166114158 0.0173244207008612 -0.0244245260260837 0.0429117014018345 0.044437068923829 0.0515532919577721 0.0815139189004868 0.0757086720784722 0.136233030501826 0.100260052962338 0.0501305744330297 -0.000852517720772141 -0.0666077592483129 -0.0920381298988607 -0.0912828083255474 -0.148103910326449 -9999 -0.0371875136039834 -0.129420831263461 -0.161696903928614 -0.0971629688004955 -0.14326745806804 -0.128741345091735 -0.112415193258972 -0.0753190774800783 -0.0415387555731112 -0.0565515249501255 -0.0192842926825919 0.0999442107583487
-9999 -9999 -9999 -9999 -9999 -9999 -9999 -9999 -9999 -9999 -9999 -9999 -9999 -9999 -9999 -9999 0.00634027776295985 -0.00493885230395193 -0.020699794530184 -0.00421978052756506 0.00509255793582248 -0.00481090245586988 -9999 -0.000365831261103186 -0.0417680484221246 0.0609098369953295 0.0656730655011645 0.0428149843710419 0.0437673998018015 0.109263405513288 0.0945773224605027 0.0554417246254952 -0.0222868050478789 -0.0748804609605204 -0.09431723686948 -0.0312116303584817 0.015861974870336 0.0912016446054531 -0.0930551588036969 -0.12783655678436 -0.107755342217044 -0.127589156156593 -0.12523367125141 -0.100021009723031 -0.0342460075914145 0.00615243421729207 -0.0505597609998657 0.15583347800008 0.1478589066207
-9999 -9999 -9999 -9999 -9999 -9999 -9999 -9999 -9999 -9999 -9999 -9999 -9999 -9999 -9999 0.0836551840380957 0.0335165618424329 0.0274608262517895 -0.00584632194175816 -0.0218416104140595 -0.0174491902757243 0.038631378082151 0.10647741440411 0.0444599130009145 0.0174425903167354 -0.184964856674359 -0.0452181752573415 0.12062401919563 0.170816854553811 0.087990207906288 0.072228847495745 0.124852088868091 0.0203267813854117 -0.141229547698714 -0.0814568922592834 -0.0458713001529486 -0.0679541103090481 -0.0162458450723362 -0.088866583150024 -0.150807783525324 -9999 -9999 -0.103994157750922 -0.121102653456327 -0.0657378165359984 -0.0407091857431988 0.0887068078167205 0.0521684221473766 0.0620567022381242
-9999 -9999 -9999 -9999 -9999 -9999 -9999 -9999 -9999 -9999 -9999 -9999 -9999 -9999 -9999 -0.055044126155375 0.0070251492029901 0.100022438305457 0.0222404567539334 -0.0137862040769651 -0.0169422844438944 0.0107312868544388 0.0859146975936204 0.0312921112153015 0.0102055636245092 -0.359805643733875 -0.202805568587863 0.244149249431258 0.259436488759568 -0.110162030474143 -0.118833398587028 0.0563229893229801 -0.0497046816710301 -9999 -0.0675270337900609 -0.0844478901468094 -0.0690373626469174 -0.0830951324979912 -0.10205833125498 -9999 -9999 -9999 -0.046761213236934 -0.0426835138417302 -0.0203463932498437 -0.0735634015200677 0.00444171369310953 0.187717756231898 -0.017203738515588
-9999 -9999 -9999 -9999 -9999 -9999 -9999 -9999 -9999 -9999 -9999 -9999 -9999 -9999 -9999 -0.175372367477453 -0.03170768190977 0.0240139722478732 0.057623416567385 0.0214614091599594 0.0504266020861819 0.0253045992501302 0.048037478711089 -0.0467942522771655 -0.0633517641134945 -0.0746954516437075 0.13351289697206 0.258470574221915 0.206829565966786 0.0704385402607106 0.0329636422220458 -0.0371468016389177 -0.0620959540422713 -9999 -9999 -0.0741140732035481 -0.159807714483446 -0.0478714784340648 -0.189290788865511 -0.170924242485034 -9999 -0.222607275829913 -0.0101001030930127 0.0673604206958994 0.062453695482445 -0.00349468218164306 0.351080320947723 0.340528727098435 -9999
-9999 -9999 -9999 -9999 -9999 -9999 -9999 -9999 -9999 -9999 -9999 -9999 -9999 -9999 -0.354348673891929 0.0750061003214355 0.0918919137710938 0.0680846760345962 0.0794899017862307 0.0424697201209994 0.00278645977234084 0.0211036180629897 0.0232519147967462 -9999 -9999 0.0510586748790549 -0.102168159295267 -9999 -0.0321169243276575 -0.0216047656402065 -0.00119174091936115 -0.0743448771583218 -0.0233664304585501 -9999 -0.104318725396853 -0.123499808764252 -0.148540262916418 -0.0473174924838375 -0.100306364495118 -0.0419035350136325 -0.16410551002147 -0.118131536550197 -0.0799233207309319 0.103940310098845 0.0694245431967111 0.0100509356489884 -0.0467508659287025 -0.0544313312012398 -0.136391613318443
-9999 -9999 -9999 -9999 -9999 -9999 -9999 -9999 -9999 -9999 -9999 -9999 -9999 -9999 -9999 0.164951226411214 0.0315415964423001 0.0635815079577173 0.0668185038658177 0.0460047009027608 -0.0140454171328189 0.0542945678290013 0.0147779804726838 -0.0298907799235879 -0.0210783152714931 0.0457289047451362 0.0601259120294868 0.191811033391438 0.156632897303793 0.0386112185176933 0.0143699549293662 0.00753524330723814 -0.0594591563566914 -9999 -9999 -0.149992521768427 -0.0623249854048795 -0.118439252773396 -0.184781269138238 -0.196799718947305 -0.198017647854613 -0.0992544225427396 0.0489469226084755 0.144739385527175 0.0959418095003309 0.0644625018489861 0.0482619225913712 0.0817239627226264 -0.0427883916563336
-9999 -9999 -9999 -9999 -9999 -9999 -9999 -9999 -9999 -9999 -9999 -9999 -9999 -9999 -9999 -9999 0.127485400810976 0.114825753319622 0.0459771125954502 0.0303167573708974 -0.00409938944521209 0.0551263623143671 0.0590091545368053 0.0363182062013992 -0.0332715261514393 -9999 -9999 0.172326024605631 0.145422756219777 0.192378671965731 -0.00984032999277803 -0.0764400743148324 -0.107418686999019 -0.119256489285209 -0.112948190583182 -0.184661331384246 -0.102737494900059 -0.180276134290248 -0.168249460424701 -0.189116424107197 -0.177071367287611 -0.204618787872117 0.109761714201578 0.166110315802994 0.250731955786116 0.2336861690819 0.0790886485898416 0.0160255590109917 -0.0253960381507901
-9999 -9999 -9999 -9999 -9999 -9999 -9999 -9999 -9999 -9999 -9999 -9999 -9999 -9999 -9999 0.188926491994514 0.168444625323999 0.0672129011245077 0.0581732615518464 0.177378114820429 0.110951026575966 -9999 0.113745891595662 0.112077880276272 0.104153548434991 -9999 -9999 0.198520983799322 0.247198727171858 0.158178728308979 0.0333158161610571 0.211496524345648 -0.143162340880495 -0.138919980493917 -0.135099027963785 -0.0911014867273809 -0.0560991239790524 -0.0940353078826386 -0.171066581797821 -0.295694889422589 -0.388981230520969 -0.078720664778574 0.0491439429283527 0.184035949296093 0.263333379636627 -0.0348253590118878 -0.0511505555051018 -0.0885141623150141 -0.026462156634834
-9999 -9999 -9999 -9999 -9999 -9999 -9999 -9999 -9999 -9999 -9999 -9999 -9999 0.00549277549137302 0.114334740019653 0.18719983787652 0.0786283778688368 0.0849427533323356 0.0628839518137396 0.131201918639911 0.0701670726046313 0.168128140567622 0.116706580662328 0.139072095402823 0.0583691763841024 -9999 0.185576100752903 0.095221950699439 0.204848330266287 0.158914966095783 0.0523702459609949 -0.00116477266985862 -0.109332248174814 -0.173994217717957 -0.146843840409197 -0.104077007948505 -0.12338262687053 -0.0274303745159641 -0.153138593872635 -0.682100621406246 -0.543713830136279 -0.0269135421296922 0.00106670883349608 -9999 0.287656508615343 0.182852111753533 -0.213838367252856 -0.0950795348841026 -0.00281050212353407
-9999 -9999 -9999 -9999 -9999 -9999 -9999 -9999 -9999 -9999 -9999 -9999 -0.00763706355963521 0.0347920723805232 0.0821712467819208 0.136300003804468 0.0387146216919719 0.0871798682397221 0.100468274517133 0.0827991515780181 0.0226024047009361 0.297358810862923 0.106537736631895 0.137614624282115 0.125756444426101 0.153461231892118 0.151974368732106 0.107269404726044 0.0536455677788139 0.0457832992527748 -0.0565549679079663 -0.0495778707601044 -0.0826783341848929 -0.150897271964975 -0.19886225673285 -0.177239722473564 -0.156078916555914 -0.0642788830088705 -0.143327085895257 -0.181881267937238 -0.236862121455249 0.217900515310254 0.238938209079935 -9999 -9999 0.274232650773685 -0.0552831812941807 -0.0182642675147366 0.0288181725316605
-9999 -9999 -9999 -9999 -9999 -9999 -9999 -9999 -9999 -9999 -9999 -9999 -0.0410329529786634 -9999 -0.00274366260563406 0.132795511155383 0.227876161633234 0.0362479259354383 0.0179312128624396 -0.00766344136475711 0.0697888599414336 0.0420140312403988 0.0967011545057359 0.178058177198199 0.215620860933316 0.197568372344901 0.200422345334988 0.189265106489825 0.12302714499215 0.0493495409847723 -0.0676265492854673 -0.0155341674931878 -0.0741587353886485 -0.128514955607741 -0.112855568821973 -0.152926180647932 -0.101727857060596 -0.0909183776159525 -0.131767845313704 -0.141540649501668 -9999 0.320935977008796 0.268487003946024 0.023608765022313 0.275256904704868 0.214304652713266 -9999 -9999 -0.0153728220910345
-9999 -9999 -9999 -9999 -9999 -9999 -9999 -9999 -9999 -9999 -9999 -9999 -0.0284381764830966 -0.0793255668127004 -0.092808405415343 -0.0188519523285685 -0.0716743591114292 -0.0787733109146688 -0.0514529909908641 -9999 0.0326015033038658 0.0415390778506831 0.139972348248297 0.212231710086791 0.201137993950481 0.175139465622531 0.162659002968268 0.212378995985973 0.111488931007263 0.0597583625981232 -0.029483719767509 0.0125086847166874 -0.0884784787995417 -0.0583568569034785 0.0900105190485436 -9999 -0.1116128764679 -0.115982943004286 -0.132093272831424 -0.139440856832307 -0.145284646354653 0.344497858062686 -9999 0.133581856311598 0.183912415750848 0.133924929344085 0.202990430266355 0.00867069093653502 -0.00836314960626498
-9999 -9999 -9999 -9999 -9999 -9999 -9999 -9999 -9999 -9999 -9999 -9999 -0.0744304942867683 -0.0830048902655957 -0.105990713283526 -0.0393506354125675 -0.0824536975015203 -0.049601514863937 -0.0228811960007857 -0.0686781160612402 0.0633853018183871 0.0997609006642513 0.151831409076468 0.196771455910807 0.213738099192272 -9999 -9999 -9999 0.13943537580054 0.121124959234203 0.111948929483326 0.0226637320023591 -0.128025246776759 -0.0746093856048025 -0.0724722219893094 -9999 -0.149283667222932 -0.1710139599784 -0.152446193790925 -0.180635226111755 -0.0878457123219058 0.1345952595847 -9999 0.166131301146987 0.1316363241414 0.149970062432314 0.123815486036593 0.0422005484901432 -0.0108386986871158
-9999 -9999 -9999 -9999 -9999 -9999 -9999 -9999 -9999 -9999 -9999 -9999 -0.0439764983152045 -0.0401391077519659 -0.0721251446122932 -0.0482795998456159 -0.00144803878600523 0.0473328404020665 -0.0670370159279827 -9999 0.087296297770089 0.0642992502193354 0.198849202475128 0.171679782391733 0.240217404811658 -9999 -9999 -9999 -9999 -9999 -9999 -9999 -0.0353841544675376 -0.0354209341846026 -0.0802218686846112 -9999 -0.00378291155217524 -0.0569578662577833 -0.174489900487499 -0.173826270807026 -0.03879129862048 0.0689412898329312 -9999 0.0171581413227952 0.0142759824550612 -0.555379961295469 -0.287468635921733 -0.0786524607085444 0.155136080127138
