data/rasters/s8.11.08.cu.2_xyz_08_.asc
NCOLS 100 
NROWS 100 
XLLCORNER -4 
YLLCORNER -4 
CELLSIZE 0.08 
NODATA_value -9999 
[rows 44 to 65 of 100, columns 0 to 49 of 100]
-9999 -9999 -9999 -9999 -9999 -9999 -9999 -9999 -9999 -9999 -9999 -0.391223164396108 -0.356584971135734 -0.271813727873682 -0.255811580695788 -0.268430704145783 -0.262270603888252 -0.210460503603914 -0.222829498906052 -0.234546737756268 -0.281498305425609 -0.305485039188782 -0.312836918601883 -0.341933244539861 -0.241141973188242 -0.152948142722526 -0.185403793348088 -0.120543029661868 -0.0921374900816874 -0.0768476602832868 -0.129767715195078 -0.0093085623825725 -0.129150703356847 -0.0933113963202467 -0.0535908855365745 -9999 0.103476695186053 -9999 -9999 0.141864898325071 0.127030543178724 0.107082109456769 0.0827897732455053 -0.00789725752486692 0.00342866610651983 0.00550298511519282 0.0508301166750505 -9999 0.0644859047775242 0.072894473680525
-9999 -9999 -9999 -9999 -9999 -9999 -9999 -9999 -9999 -9999 -9999 0.0503301618630845 -0.0116727332291801 -0.0381321498400622 -0.18948231046776 -0.23493431167537 -0.222937325488616 -0.177872996935404 -0.156473236742686 -0.137595639282968 -0.192217614528585 -0.251642420308664 -0.281833181501015 -0.131853278753313 -0.225869198732606 -0.21458068812122 -0.135826512240637 -0.0963080561303307 -0.101202505201596 -0.071116571008256 -0.077577025971462 -0.124110028300206 -0.120543434681555 -0.0522509661350478 -0.0140633575793777 0.0483127679520861 0.115060643261935 0.235313587696343 0.00251391068952993 -9999 0.123804003935767 0.117009888738234 -0.00563427283445128 0.0754606456706741 0.0192734081053193 -0.0337789270211217 0.209963515383503 0.0502772010185821 0.0627817484642557 0.0987521319160349
-9999 -9999 -9999 -9999 -9999 -9999 -9999 -9999 -9999 -9999 -9999 0.0999019614994518 0.127700303349868 0.0180881014365216 -0.0567661236087938 -0.153998450476692 -0.119010110955383 -0.1450410256718 -0.113724293442332 -0.0882036145259895 -0.143927526618414 -0.233501949470063 -0.208937791028144 -0.154248950232705 -0.185446343184773 -0.179319064145906 -0.149041317466797 -0.0867867223641893 -0.0579837443187356 -0.0877864719747251 -0.0852544602933583 -0.066923190882326 -0.0648797661663201 -0.0565429928287972 -0.0351010785894432 0.0317517655823652 0.0445204686650752 0.138213989813396 0.0685680245042585 0.279270294562961 -9999 -9999 0.194786751795597 0.165283442946875 0.0974989093130671 0.114550174427838 0.0857918840661834 0.0514664124422115 0.0480248438334133 0.116652702870229
-9999 -9999 -9999 -9999 -9999 -9999 -9999 -9999 -9999 -9999 -9999 0.0902919783068012 0.167655993893129 0.109979036545933 0.0462750006264558 -0.0171899814147184 -0.0264616048269639 -0.0520379353695904 -0.0625547582473826 -0.0725701518005636 -0.0960683871616536 -0.18433747012584 -0.185039872101674 -0.189489399643005 -0.196216697026263 -0.198584468740318 -0.1870116908196 -0.0113126595632964 -0.0942175200675039 -0.0211795649374234 -0.0222665041761452 -0.0120556600100422 -0.078590879254041 -0.0605848943374393 -0.053379157614745 0.0294892346080464 0.0454033392647229 0.0757811223285985 0.0984742740549883 0.289412369847756 0.245255673432814 0.265979065978118 0.221053658357167 0.269382137021538 0.259447735691607 0.195142645826704 0.152631837089291 0.158500494832902 0.057200001947323 0.0747631992629683
-9999 -9999 -9999 -9999 -9999 -9999 -9999 -9999 -9999 -9999 -9999 -0.313509267715421 0.190117225585516 0.189689870241112 0.143455201388041 0.0597537719070242 0.0913109818297086 0.0144271460838414 -0.0491945731944802 -0.0936556820045558 -0.145616489449323 -0.276583321365301 -0.276614966633677 -0.123743346190992 -0.192369736399443 -0.230887074355798 -0.289329455546513 -0.148200685816275 -0.0739852809583328 -0.0115528231835943 -0.0103123357562645 -0.0123037802184942 -0.00887056223656466 -0.0442391730037106 0.0108317191744658 -0.018428084448798 -9999 0.256451991346281 0.144431406985935 0.177353238915166 0.311097345292807 0.313182858882306 0.301377740348967 0.367912237811064 0.363856095248299 -9999 0.276481485673991 0.192456464848317 0.0811384841460345 0.0716922586585255
-9999 -9999 -9999 -9999 -9999 -9999 -9999 -9999 -9999 -9999 -9999 -0.460997119955457 -9999 -9999 0.30096788562243 0.177702556031457 0.157567987908201 0.114180126567432 -0.0282868089805585 -0.139982116604838 -0.24163171081548 -0.257753952252809 -0.244078974139234 -0.236863384891638 -0.22530653294802 -0.275702935791762 -0.290415583811326 -0.135984276102844 -0.161414168982364 -0.12697190687192 0.0127152598398876 0.0139194822249987 -0.00227100293752312 0.0835818272830349 0.0794825872813662 0.0439346536489451 0.15243024694883 0.17053752295034 0.2400636894144 0.282481395808634 0.362870750601463 0.393323835956177 0.413758990454604 0.419311173397603 0.507468288902231 -9999 0.343264804108842 0.219454270337838 0.140822408340648 0.17947839899608
-9999 -9999 -9999 -9999 -9999 -9999 -9999 -9999 -9999 -9999 -9999 -9999 -9999 -9999 0.193619164871715 0.172866906262059 0.205159571897484 0.183125883351741 0.124136786395578 -0.0300061559272156 -0.204759365351714 -0.225157076320234 -0.210873535055267 -9999 -0.250937746106727 -0.314821839245966 -0.218005735108065 -0.0691985817479847 -0.165725388135442 -0.103997327255253 -0.0017311042897362 0.0779737908860587 0.0852490698158376 -0.0346626222042552 -0.0340268375685172 -0.117223651841482 0.151157130043221 0.211706702216262 0.338640208312744 0.395083099431576 0.403605684144595 0.510223021437078 0.502067631585019 0.461930532361865 0.448161697790252 0.320285165684849 0.294878518672569 0.215139168473672 0.156999977930816 0.059810535177662
-9999 -9999 -9999 -9999 -9999 -9999 -9999 -9999 -9999 -9999 -9999 -0.331906755251846 -0.378428713299322 -9999 0.160087588613269 0.152967659095017 0.151045026301411 0.16453121477282 0.0751662271198148 -0.0283670997232859 -0.115592065291081 -0.16644685975341 -0.179196087579055 -0.205822906544804 -0.327296283565925 -0.339325031776613 -0.216360613968582 -0.0249705824904202 -0.183221158874547 -0.115426615099798 0.0540087881765688 0.109432769643324 0.0265435755084965 0.128313750196462 0.227745389163159 0.270010181840379 0.133156691107762 0.264440046010801 0.357203352847421 0.488675844975072 0.467694193495928 0.516316146833692 0.456538561521587 -9999 -9999 0.310928462450198 0.316903811652555 0.152209507197612 0.0997416888533478 0.0682283559466842
-9999 -9999 -9999 -9999 -9999 -9999 -9999 -9999 -9999 -9999 -9999 -0.0862682139940665 -0.0691320896444228 -0.0700597312423947 -9999 -0.156904417414823 -0.155718554541181 0.130462983032825 0.0539910028334789 -0.0506057784145969 -0.174527525368764 -0.153268301823218 -0.103706203341504 -0.229012853048878 -0.32378062944353 -0.222023058645812 -0.279707072544848 -0.244302285202758 -0.227658408310696 -0.170079963075269 0.0964858431472213 0.0495362183765395 0.229204957704115 0.24598375806244 0.225512554309817 -9999 0.259408489536882 0.246938887759073 0.362984017898878 0.497566948840835 0.483164943872039 0.506269278716291 -9999 -9999 -9999 0.257848394549661 -9999 0.139818664942443 0.0796542350468704 0.0843767360022097
-9999 -9999 -9999 -9999 -9999 -9999 -9999 -9999 -9999 -9999 -9999 -0.180122136135491 -0.0649503373952993 -0.116001038717023 -0.186928101000564 -0.21121799881385 -0.157133866458915 0.11187650166651 0.00351073695942527 -0.0629104342327974 -0.182677574577848 -0.194315392387345 -0.106798850420259 -0.226556128254525 -0.228520744841536 -0.209036806537001 -0.157524385349325 -0.1491422715698 -0.200571054660678 0.0651515253681356 0.0634110404688186 0.0935738043056908 0.282540734459127 0.281964146200374 0.261488910193838 0.322215341944047 0.275891149662046 0.258845630892529 0.318768989870178 0.457874390783 0.525060270742171 0.483387790468178 0.348202385134091 0.280838728991686 0.254508021856342 0.206837737190524 0.163781257478502 0.134869538821752 0.163112895628024 0.181038149477512
-9999 -9999 -9999 -9999 -9999 -9999 -9999 -9999 -9999 -9999 -9999 -0.226726087663988 -0.151449007633565 -0.153142776886764 -0.224731851924968 -0.225381588676025 -0.156446150163968 -0.0436149990220144 0.00189607644109924 -0.0476162733461748 -0.133649013894397 -0.163438770038437 -0.115683816005673 -0.160870245087329 -0.196109212859732 -0.168416412566733 -0.111919929521755 0.024103913256743 0.21445708109503 0.0921466589373492 0.141925194951806 0.17251197283007 0.215227107503742 0.30506271018727 0.299771548498677 0.265451101076901 0.219172684918529 0.257113427689816 0.287108979082927 -9999 0.498452364357134 0.662947137338121 0.370269391897903 0.297625194521078 0.200373650510596 0.16730427081484 0.131525966930512 0.294026991055241 0.190998068200123 0.216552363732721
-9999 -9999 -9999 -9999 -9999 -9999 -9999 -9999 -9999 -9999 -9999 -0.211040885868487 -0.243641874227786 -0.233756608843014 -0.200965897577036 -0.252522945755316 -0.181049046830626 -0.0837841964003513 0.045484422564597 -0.00156821650614039 -0.0625800927233712 -0.0950704192925646 -0.0893271349029519 -0.141572759578512 -0.141955070530799 -0.115693737869473 -0.050871702095872 0.0333266289911257 0.175737817133341 -9999 0.172417559752719 0.187294622454604 0.233138328980542 0.260141267230487 0.240558387529391 0.162957659360667 0.28758762659462 0.317844215969926 0.267721404634875 0.540939853792108 0.43965032225613 0.45101100816027 0.343890512453701 0.309276323894041 0.202328096055873 0.283159329703667 0.132006976958063 0.0871260571619139 -9999 0.315655211781801
-9999 -9999 -9999 -9999 -9999 -9999 -9999 -9999 -9999 -9999 -9999 -0.190045746910512 -0.231482607404067 -0.211120740442822 -0.211462758463539 -0.177236065866348 -0.0457154950841701 -0.0700166604297905 -0.0211175653676838 0.0745261805690999 0.0420100524585422 -0.0190636768849282 -0.0334011613264528 -0.0496735175959465 -0.057784489857491 -0.0361903798497578 0.00718575178880004 0.0485057521810624 0.107581666056273 -9999 0.135079320476683 0.238267821311951 0.281086988191639 0.247466411874879 0.189843120918123 0.161737201100846 0.0219506983513214 0.275738930642572 0.145879892595502 -9999 0.284722332978857 0.293099404742974 0.193682545426141 0.14728605568059 0.224503437482501 0.326049951481432 0.139011742995352 0.00903335244089237 -9999 -9999
-9999 -9999 -9999 -9999 -9999 -9999 -9999 -9999 -9999 -9999 -9999 -9999 -0.232718450129468 -0.187044255602143 -0.176199321848945 -0.138955228760226 -0.0980890837680922 -0.0798871508003693 0.0421115298358476 0.0576313073011915 0.0799410179952578 0.0640086508224182 -0.0135967755234843 0.0136564739905522 0.0785245696020532 0.106618109707273 0.0805746882710264 0.0577652883720416 0.0808086691655611 0.230034882147906 0.277270510954806 0.217169783932929 0.23667425369056 0.167958926433477 0.104112998433198 0.0541225268723373 -0.0849886427655635 -9999 0.122843718845467 0.118336600281388 0.256485861456514 0.230910166279267 0.136465991724822 0.144486805953612 0.0758721204610869 0.00688925607695763 0.00756769106132455 0.00534923370969081 -0.000341362423275301 -9999
-9999 -9999 -9999 -9999 -9999 -9999 -9999 -9999 -9999 -9999 -9999 -9999 -0.261426065883175 -0.148949828630588 -0.148108931205157 -0.172464327244932 -0.141712521518639 -0.089335671017319 0.148224486104483 0.188380994955183 0.0883409219180648 0.180064494376739 0.159384028171487 -9999 0.24139342353547 0.204962358172289 0.125771145547869 0.0972254883247747 0.0972711963983872 0.181800646387753 0.152776695436355 0.218162378652846 0.217567268653683 0.125160730483624 0.0694502887229508 0.0368918306226448 0.0487772729731773 0.123430246467085 0.0550632969620499 0.0876881991546392 -9999 -9999 0.0701259114650201 0.070705379655209 0.0158933651122717 -0.0436468245661556 -0.0317730461066939 0.106427125170854 -0.00101855321926855 -9999
-9999 -9999 -9999 -9999 -9999 -9999 -9999 -9999 -9999 -9999 -9999 -9999 -0.228702114729094 -0.246508463675346 -0.13373501719713 -0.138909380395623 -0.113696492613032 -0.0573193691537067 0.0230263974944112 0.145802763299861 0.167537303853983 0.207341000043011 0.214063967553001 0.297336960916944 0.290727070779284 0.280502528463896 0.214198247746859 0.12099176465337 0.0867822256889239 0.111699628103407 0.212606640705612 0.151604681875831 0.133600468988334 0.0734657475299217 0.0934068215838777 0.0764607037540251 0.0485971506988226 0.114637684314771 0.0973439056954316 0.107357845429842 0.101091059683218 0.101575244353722 -0.00516206488701984 0.0931670913865621 0.113886947210076 0.0241514040251127 -0.00910441598921497 0.167166073386374 -9999 0.245139970727268
-9999 -9999 -9999 -9999 -9999 -9999 -9999 -9999 -9999 -9999 -9999 -9999 -9999 -0.2282177971465 -0.203067267972242 -0.185188591779532 -0.117882014430601 -0.0931775863120177 0.0467364227481448 0.161233855345851 0.22085437318297 0.269917999024265 0.372337371586737 0.348315027246502 0.318689209389901 0.329557244324639 0.235532217959883 0.119394120973892 0.0600422403628652 0.0619770956411574 0.0483947545165878 -0.0465783042503716 -9999 0.0254975452963378 0.0752875011651387 0.0754436606355001 -0.0160668823830223 0.204597878255884 0.204817485486212 0.126869379147154 0.115932296714354 0.138604486242179 0.0725744451535303 -9999 0.0921630979678171 -0.0346349469776482 -0.0228656570422054 -9999 -0.0840806285816025 -0.036987517102602
-9999 -9999 -9999 -9999 -9999 -9999 -9999 -9999 -9999 -9999 -9999 -9999 -9999 -0.242685698781243 -0.212714078046685 -0.170799078366663 -0.0719247016267984 -0.102527958447608 0.0384737675107346 0.217789349681539 0.206428096865179 0.220830522933916 0.258424260965712 0.36858610490388 0.390177968911824 0.380056278976558 0.318939415007555 0.168635686912344 0.0698084356229068 0.0158554480695806 0.0199813249535981 0.0273111089329294 0.199918940059225 0.10721309429257 0.0456310427780154 0.0385336004532855 -0.000193466060824903 -0.0504101494177492 0.17335138129722 0.162987352536376 0.150852583923943 0.161737483922579 0.045960715114833 -9999 -9999 -0.0336563552473943 0.0908425816826515 -0.0185973386134865 -0.026230040345067 -0.0685805887654986
-9999 -9999 -9999 -9999 -9999 -9999 -9999 -9999 -9999 -9999 -9999 -9999 -9999 -0.252352414410493 -0.300427275735586 -0.183509285551006 -0.113568711471354 0.0380137115591487 0.0600497236338592 0.122870641203889 0.284827440740613 0.357457994718557 0.408388589441315 0.382669264716739 0.356203104908502 0.382777448355836 0.372264652720113 0.286769292684682 0.210607179482757 0.0643654734563689 0.00347874497095821 -0.0177214087128204 -0.0359886684740426 0.0382113981406359 0.0430372653801334 0.019065565239315 -0.00923164965325429 -0.00140687266757334 0.148853216559792 0.178311466295876 0.137767291599327 0.079636179743035 0.105440980449187 0.162741944061842 0.0613793864847712 0.194933016624203 0.088384193386037 0.0637260008818716 0.0487727850008388 0.0326497658445539
-9999 -9999 -9999 -9999 -9999 -9999 -9999 -9999 -9999 -9999 -9999 -9999 -9999 -9999 -0.305115288189993 -0.362312644003413 -0.0935854243326757 -0.0603010631752154 0.0788154839398055 0.202963035434252 0.328201884639273 0.41900254695274 0.416266083936984 0.414265250007522 0.401603923902353 0.402927276117669 0.381625488780814 0.356360193732674 0.261037091861839 0.143955341472613 0.0499267693484002 0.0202975001242847 0.00372055336839686 0.0200129359108351 0.0431037000461785 0.0426408208862974 0.0560478025258962 0.0682500181174042 0.187504673661638 0.220334127601888 0.149672723791691 0.125228928370692 0.0829371756411496 0.175371769290394 0.0753592919217645 0.0991876769467236 0.123556635756606 0.0996314092183385 0.105950681867296 0.107499018460639
-9999 -9999 -9999 -9999 -9999 -9999 -9999 -9999 -9999 -9999 -9999 -9999 -9999 -9999 -0.155152202225675 -0.218783075940265 -0.142226768792456 -0.0821454983990512 0.121168341558633 0.1899197559136 0.323758263142131 0.331197687409717 -9999 -9999 0.53113220334075 0.455540253856896 0.420450836892526 0.374699872504761 0.260457791429135 0.23136726220886 0.0959604975978954 0.0669961403425795 0.0343085153991793 0.106981462730424 0.131514677311097 0.140664088855126 0.0988631860892868 0.136533267874155 0.264402819804938 0.214372423270526 0.16057016030457 0.095316441687793 0.130662998953845 0.0967406257398301 0.243749163429235 0.190018277083685 0.158774458107862 0.167585417282981 0.173833082884899 0.170513052424521
-9999 -9999 -9999 -9999 -9999 -9999 -9999 -9999 -9999 -9999 -9999 -9999 -9999 -9999 -0.171576909028101 -0.258360432105006 -0.379931391952018 0.057786348474578 0.212106955412606 0.163488942683792 0.207490239682448 0.24425338178351 0.271431051153266 0.306729228188737 0.441945262007079 0.388057074123139 0.43569774171721 0.428572069855017 0.323424021760229 0.185795388322685 0.130990931353506 0.156153659655361 0.0759181717701486 0.207034865038756 0.248224324414476 0.207555987269967 0.177873410491295 0.175516289473033 0.307918535829981 0.202149283586787 0.166742213814756 0.141339944233277 0.0979995321107406 0.0989428043423503 0.177827360872085 0.320295654829357 0.275674821928993 0.220708345634827 0.277235437647813 0.295897104956677
