data/rasters/s8.11.08.li.4_xyz_08_.asc
NCOLS 100 
NROWS 100 
XLLCORNER -4 
YLLCORNER -4 
CELLSIZE 0.08 
NODATA_value -9999 
[rows 22 to 43 of 100, columns 0 to 49 of 100]
-9999 -9999 -9999 -9999 -9999 -9999 -9999 -9999 -9999 -9999 -9999 -9999 -9999 -9999 -9999 -9999 -9999 -9999 -9999 -9999 -9999 -9999 -9999 -9999 -9999 -9999 -9999 -9999 -9999 -9999 -9999 0.180853089540542 0.163771653766282 0.0985041025524299 0.0233138937332675 -0.0278140690656252 -0.0418473964563504 0.0144561289906408 -0.0568398091793286 -0.00963669392623826 -0.0138761009733532 0.000776000582191045 -0.00429238777670266 -0.0549339959302442 -0.0173768843816701 -0.0303677098460015 -0.0885316788470634 -0.0937734326428172 -0.163615812302258 -0.18148118691498
-9999 -9999 -9999 -9999 -9999 -9999 -9999 -9999 -9999 -9999 -9999 -9999 -9999 -9999 -9999 -9999 -9999 -9999 -9999 -9999 -9999 -9999 -9999 -9999 -9999 -9999 -9999 0.0799411723309807 0.0706351264612348 0.0762921069644924 0.189811260720943 0.205043720533337 0.173271191904753 0.131080572834396 0.0641352243319731 0.0969341495112503 0.086713507243181 0.00808234485666548 -0.0271733175150555 -0.0415780207530542 0.0370513738120942 0.0205372229603094 0.0261793614220768 -0.0172726738794254 -0.0319670142397583 -0.0717220343429537 -0.0648278774592145 -0.113782643303039 -0.209896672228181 -0.20523646672574
-9999 -9999 -9999 -9999 -9999 -9999 -9999 -9999 -9999 -9999 -9999 -9999 -9999 -9999 -9999 -9999 -9999 -9999 -9999 -9999 -9999 -9999 -9999 -9999 -9999 -0.0278043899236313 0.012721212814589 0.0154113459123979 0.085973703109165 0.0478276963279522 0.0993944132869554 0.126672434415907 0.164970695776728 0.0571490909257473 0.0924709163152092 0.0513496853707492 0.0229302157614811 -0.0229722071843526 -0.0802507037739203 -0.125240083303601 0.0208416324333813 0.00595804368303488 -0.050590811693165 0.0329031867326366 0.1033841164856 -0.0781429928772051 -0.133539039063311 -0.120013183765475 -0.180833479595967 -0.163321015736487
-9999 -9999 -9999 -9999 -9999 -9999 -9999 -9999 -9999 -9999 -9999 -9999 -9999 -9999 -9999 -9999 -9999 -9999 -9999 -9999 -9999 -9999 -9999 -9999 -0.13262357416058 -0.0982668878689272 -0.0711902241726106 -0.0435940734901795 -9999 -9999 -9999 -9999 0.161974034900496 0.0877150432017456 0.103259623347837 0.103332367682337 0.00976782741827732 0.00910450423577894 -0.0951907778978773 -0.125458650168753 -0.0821286291462535 -0.0288999698601496 -0.0725552243674255 -0.084020609934079 -0.162800372926592 -0.135841627960843 -0.172115690440156 -0.129157007985835 -0.0460060955509101 -0.164385211055969
-9999 -9999 -9999 -9999 -9999 -9999 -9999 -9999 -9999 -9999 -9999 -9999 -9999 -9999 -9999 -9999 -9999 -9999 -9999 -9999 -9999 -9999 -9999 -9999 0.663428985149581 0.585409823139368 -9999 0.248001669530244 0.295228967542226 -9999 0.0265857279606937 0.0680738618243486 0.125203961140989 0.166803370114921 0.0875839703668391 0.0137002018534601 -0.0190022642070597 -0.01256376104914 -0.0501317606426137 -0.0650516613849211 -0.0718186546189131 -0.049695886479121 -0.0558312274161568 -0.158929465006379 -0.14393006424109 -0.139351479556191 -0.114998809065662 -0.105394592262692 -0.159339026719179 -0.156118668690067
-9999 -9999 -9999 -9999 -9999 -9999 -9999 -9999 -9999 -9999 -9999 -9999 -9999 -9999 -9999 -9999 -9999 -9999 0.190186847977554 -9999 -9999 -9999 -9999 0.719699209015362 0.686764259981941 0.60120585807724 0.264134651030295 0.271170426389797 0.333656903473782 0.517621798258715 0.0509618627239832 0.0291218575276599 0.0826707313339802 0.108787679879009 0.119169668720236 0.0204120198989729 -0.0311179090195611 -0.0387202891944627 -0.0312179836637003 -0.0499560723075125 -0.0578576240766589 -0.0826149670134161 -0.074767402863388 -0.125858144322396 -0.168908259030092 -0.169260383931508 -0.175606328910171 -0.140723801395804 -0.213889294637668 -0.15870186897317
-9999 -9999 -9999 -9999 -9999 -9999 -9999 -9999 -9999 -9999 -9999 -9999 -9999 -9999 -9999 -9999 -9999 -9999 -9999 -9999 -9999 -9999 0.0155280457043957 0.108239784608633 0.689289617601314 0.388114573770233 0.19130407049395 0.306297410818957 0.378478078213758 -0.232007062206726 -0.162004409653315 -9999 -0.145420131625492 -0.124772360587182 0.00629834416514571 -0.0483338091924694 0.108717411722059 -0.0749518809968983 -0.0482777026560187 -0.0469088807666841 0.0135883948458585 -0.109792568184647 -0.100016576477938 -0.12091700310304 -0.181295024133809 -0.150562034866329 -0.14330730831878 -0.190556399286353 0.0281173649456285 -0.0368023032926431
-9999 -9999 -9999 -9999 -9999 -9999 -9999 -9999 -9999 -9999 -9999 -9999 -9999 -9999 -9999 -9999 -9999 -9999 -9999 -9999 -9999 -9999 0.00982703698881585 -0.0264975231676538 0.0665661211716278 0.039588719437966 0.119011115361159 0.375769841061036 0.171842630110891 -0.102978615765331 -0.0926736047124392 -0.110918876020327 -0.11556756164604 -0.075947197950757 -0.0156580384103165 0.0147543247548715 -0.024543051896073 0.0047156986902796 0.028185420677226 -0.069860755385278 -0.0529398772519033 -0.092796479917606 -0.0882672438757007 -0.123385877717219 -0.134528377382783 -0.189025622280649 -0.148520075342325 0.115383889830876 0.23122453237069 -0.0309287605285649
-9999 -9999 -9999 -9999 -9999 -9999 -9999 -9999 -9999 -9999 -9999 -9999 -9999 -9999 -9999 -9999 0.321271530960669 0.3932502933228 -9999 -9999 -9999 -0.00815997070092322 0.0172456636275863 0.0223565931782389 -0.0168031388887033 0.0533034283833947 0.0192065716466431 -0.126966813351671 -0.109238576693808 -0.0647932634988267 -0.0112192965777268 0.0597885581032884 -0.105432080341089 -0.0787892649088779 0.0059236046578229 -0.0729396829146815 -0.0287363282915374 -0.113517588329108 -0.0555946379826527 -0.0260768709154659 -0.0693409665017919 -0.156748810035914 -0.105177664888269 -0.0847676527102446 -0.116621354017494 -0.138966300829338 -0.0846231791893365 0.0287611260902646 0.250529009436298 0.113106090154295
-9999 -9999 -9999 -9999 -9999 -9999 -9999 -9999 -9999 -9999 -9999 -9999 -9999 -9999 -9999 0.337140695979698 0.304698600623745 -9999 -9999 0.00619495778032254 0.0398665850731324 -0.0928232030976449 -0.0721195747228388 -0.116847198646097 -0.125720868711601 0.0306372531312819 0.08988934751 -9999 -0.0616134562638297 -0.0523052586156329 -0.0429347051339309 0.00523248242243618 -0.114246578972554 -0.0917913149282415 -0.0809509220377623 -0.0625359422218502 0.00803204528157498 -0.0616268746583309 -0.0979938685985398 -0.043135801212475 -0.0584055368699458 -0.0236432496674992 -0.0391232907925675 0.0118718998606536 -0.042984260133998 -0.0924201862407774 -0.0889115266871083 -0.120379073098883 -0.0581463282388009 -0.0593148804579232
-9999 -9999 -9999 -9999 -9999 -9999 -9999 -9999 -9999 -9999 -9999 -9999 -9999 -9999 -9999 0.505395371494142 0.423213254217605 -9999 -0.0398973849056316 0.00742972993319988 0.0303170282820804 -0.038013546434461 -0.0586761323565717 -0.0361453686613093 -0.0691448417272031 -0.00277926547456278 -0.03303713448156 -0.102697817023943 -0.120622032408022 -0.0247855794807873 -0.024898732935319 -0.0455485206114399 -0.204935040978574 -0.250972991849163 -0.0625190612580558 0.0530911142097731 -0.100956545579438 -0.0663794673129136 -0.0832378506105374 -0.0372130542813605 0.0162013656908762 0.0180938649244606 0.0513561039997083 -0.0476501366549189 -0.0823927131193335 -0.0695233509773031 -0.0779040393742437 -0.12331102588517 -0.176555552353866 0.0496678403926556
-9999 -9999 -9999 -9999 -9999 -9999 -9999 -9999 -9999 -9999 -9999 -9999 -9999 -9999 -9999 0.471667623353065 0.420661212097061 -9999 -0.0527203955719125 0.0170151700769401 0.0299355155553574 -0.00198383729434129 -0.0409246555996115 -0.0355195199043842 -0.0533582969459071 -0.0981152202173053 -0.116290723597841 -0.0398428769782002 -0.0822816911629495 -0.0784351092303519 -0.135337291675863 -0.140356814728446 -0.141437353697585 -0.171465158629092 -0.177726822103705 -0.103796267786159 -0.109899545043547 -0.0180352009841653 -0.0682992659421214 -0.104443871637659 0.00379637215682594 -0.04339254490842 -0.06484929388541 0.0123401879569453 -0.00113689903842943 -0.063484267388469 -0.146231394136233 -0.0867966938873944 0.0133894716001975 0.0692585575900329
-9999 -9999 -9999 -9999 -9999 -9999 -9999 -9999 -9999 -9999 -9999 -9999 -9999 -9999 -9999 0.400842411784625 0.43840666955011 0.466011897289994 -0.065552035388826 0.118108255260528 0.128753322155117 0.0715908498653258 0.000210736607434066 -0.0306098835436208 0.047254773991508 -0.0939239146949369 -0.131966377739182 -0.113404621601616 -0.0574867313845409 -0.0372126001923819 -0.14153114257603 -0.149660641233564 -0.111842018219059 -0.12772562920799 -0.0831255628296836 -0.0760713623518819 -0.122651739070437 -0.0877642594441937 -0.0753502373891256 -0.0208268819584217 -0.0631257283106194 -0.0990235654917048 -0.0161138090428795 0.122122564931836 0.0593246659264711 -0.0207198568410825 -0.031692707272238 -0.0398456131917988 -0.00318322317702999 0.0254623950660283
-9999 -9999 -9999 -9999 -9999 -9999 -9999 -9999 -9999 -9999 -9999 -9999 -9999 -9999 -9999 0.441692360278901 0.469792689761509 -9999 -9999 0.184931717082695 0.18996235569532 0.114108177487366 0.0110563547559664 -0.019648156108062 0.0210199764506553 -0.0379012583050432 -0.132944879703648 -0.158954532438897 -0.0938232827220565 -0.0975502777267225 -0.207022074729734 -0.127608742239574 -0.0902737848519355 -0.189430095381253 -0.0362028638977031 -0.116854738532305 -0.133836158924795 -0.0599750160968846 -0.0838560174782197 -0.0461834098205485 -0.0446802863107632 -0.0634026108212035 0.0432529179232189 0.00138221078779502 0.0313304061348711 0.0292297053135387 -0.0431306785105758 0.0300653794327462 0.388324744817508 0.0843663466705249
-9999 -9999 -9999 -9999 -9999 -9999 -9999 -9999 -9999 -9999 -9999 -9999 -9999 0.446168832334967 0.379187477086554 0.149314828546349 -9999 0.0713464688009782 0.0776879178690793 -9999 -9999 0.0400616214284641 0.0295331481588976 0.0243544955031922 -0.0444730481369974 -0.0618435574585272 -0.109276737955526 -0.123540602178896 -0.0761264863883541 -0.172849488351589 -0.111151047624632 -0.145689363940983 -9999 -0.109469661433817 -0.0643841746354511 -0.142466616196993 -0.125427623290045 -0.056529727114155 0.023769842987567 -0.0795167399488063 -0.0654460918318461 0.0160229501903097 0.0505566872059916 -0.0141310293233569 -0.00461534887482771 -0.0887992326827552 -0.0190335196924612 0.0322135108885739 0.338938154041956 0.198802035369454
-9999 -9999 -9999 -9999 -9999 -9999 -9999 -9999 -9999 -9999 -9999 -9999 -9999 0.439859761882511 0.345863670008826 0.168613354370599 0.0888774230511946 0.0650406248380671 0.294235246317947 0.29131586272074 0.150392375348129 0.10581947926616 0.0321083222661997 0.00927885538111253 0.0481165596697099 0.019501007082638 -9999 0.410527522751823 -0.0837694583333769 -0.0341829317104861 -0.0202606228383599 -0.171855781373708 -0.166082873370289 -0.110820712609848 -0.0638272876147605 -0.150341377899614 -0.085460728278673 -0.10753613549804 -0.0777596072458888 0.0387744313588691 0.124797754192735 0.0218525906796497 0.0524866736914908 0.0566327170727132 0.0420671512724441 0.0988734715605324 0.146864525693018 0.10696702355954 0.0823996074466174 0.0322919574298513
-9999 -9999 -9999 -9999 -9999 -9999 -9999 -9999 -9999 -9999 -9999 -9999 -9999 0.525130492765006 0.269683361653533 0.225790349563434 0.186849640112519 0.449885210668542 0.264112833172942 0.13334435708321 0.124959863732765 0.0406652177914941 0.0185955419987221 -0.00857995658050385 -0.0839747918443238 -0.123995221979752 -0.143467500909241 0.253599440478202 0.289859448520936 0.196972025264407 -0.27174532987178 -0.20469170557747 -0.0535674290264214 -9999 -9999 -0.0140550680249109 -0.0611093658240168 -0.102485443729896 -0.0831416514518619 0.0411708505256886 0.0124827399979387 -0.0128035437121557 0.0498578323607089 0.0192694585457353 0.0903478716728335 0.094062255147641 0.11223643752626 0.0831782406641521 -9999 0.0217960556101238
-9999 -9999 -9999 -9999 -9999 -9999 -9999 -9999 -9999 -9999 -9999 -9999 0.223677617990589 0.152998929273375 0.111591624855925 0.172080215480148 0.154023051844527 0.220170430725762 0.167853718401645 0.0680435861055846 0.0963691636471439 -9999 0.136456081623309 0.0362141236541122 -0.0161797686336697 -0.0567809754656001 -0.161776829928327 0.104649367863032 0.162933459935093 0.188384237765842 -9999 -0.164908109499033 -0.102415058977418 -0.113391062342394 -0.0208938498029599 -0.0349415026427977 -0.108594727219199 -0.0362570099286014 -0.066966984160654 -0.115662213622791 -0.0276518866381433 -0.0571829645791745 0.0450297944641833 0.0915251436613635 0.11097614999132 0.0760122429364084 0.0550037265159119 0.0309035082692104 0.666097685517922 0.649949496060616
-9999 -9999 -9999 -9999 -9999 -9999 -9999 -9999 -9999 -9999 -9999 -9999 -9999 0.152347646139776 0.163423220608652 0.196948705981073 0.154327654267636 -0.0249068450836284 -0.0416482563558849 0.0218892366837956 0.0779760708770331 0.210622253225943 0.195788379247781 0.122154341327336 0.210280681372758 0.192042670665372 0.169905073333821 -0.0337974383030763 -0.0394167233372203 0.196366827398624 -9999 -0.0131671781982814 0.0507186615773823 -0.121608295080528 -0.0584588339597228 0.0284110875693152 -9999 -9999 -0.0231311926508694 -0.0910671905892991 -0.0757477617595617 0.0299297137249164 0.0336022826678541 0.0914817600479838 0.14519677126487 0.0279283917675776 0.0239413582725583 0.0929195337294164 0.0706537608245957 0.348436378210393
-9999 -9999 -9999 -9999 -9999 -9999 -9999 -9999 -9999 -9999 -9999 -9999 -9999 0.0210901247506634 0.0337405668171366 0.255267757077371 0.176687209867919 -9999 -9999 -9999 0.190791541536637 0.204583011110126 0.212861182627428 0.163107746296635 0.189605927377728 0.291007300079505 0.199787086608642 -0.0966832348808158 -0.0708295490222183 -9999 -0.0229989499901315 -0.0339666258386868 -0.0423103758473535 0.0914707244045212 0.0711840621054212 -9999 -9999 -9999 0.0668619923619115 0.161590875613923 0.275596646580234 0.0557519207858517 0.0277326351379362 0.104299694671539 0.0965954984326818 0.104160784365206 0.116395166465859 0.110217085001098 0.163299078023377 0.176447743042366
-9999 -9999 -9999 -9999 -9999 -9999 -9999 -9999 -9999 -9999 -9999 -9999 -9999 0.0636113914607742 0.217866554897664 0.257368290842978 0.250566051994876 -9999 -9999 0.0969084748332219 0.100123685051758 0.123589934052369 0.199095919004069 0.156731094937842 0.124247852729905 -9999 -9999 0.129671282248735 0.00368036788435434 0.00537711544216832 -0.00541211707308268 -0.037770066792319 -0.00972411233798592 -9999 -9999 -0.0353945924112918 0.0301727183318103 0.0314933126296239 0.00718190141453942 -0.00153966678331835 -9999 0.109431822884638 0.0955341147764641 0.146269684684625 0.0940249007994071 0.137622314523217 0.218571810896236 0.73083955828252 0.216628040910997 0.215554015391912
-9999 -9999 -9999 -9999 -9999 -9999 -9999 -9999 -9999 -9999 -9999 -9999 0.0263189839822534 0.00796404433842053 0.0836262794230475 0.286043848779861 -9999 -9999 -9999 -0.000612062313684394 -0.00588075864173706 -0.0252236996639418 0.0689614271597263 0.116478073171202 -0.00760528108749359 0.0852281094403015 -0.00156301605513238 0.0445463905411738 0.0199926789348525 -0.0108349739330283 0.0457109271932752 0.140612854004734 -9999 -9999 -9999 0.00919684574462042 0.0369611243018086 0.0104326861798453 0.0747363750212431 0.063352675909107 -9999 -0.0612550921461356 0.0696931861477913 0.112765889694144 0.124719418950679 0.204916904877927 0.288327479776819 0.468910708205801 0.345336160537595 0.195241212394598
