data/rasters/s8.11.08.li.4_xyz_08_.asc
NCOLS 100 
NROWS 100 
XLLCORNER -4 
YLLCORNER -4 
CELLSIZE 0.08 
NODATA_value -9999 
[rows 44 to 65 of 100, columns 0 to 49 of 100]
-9999 -9999 -9999 -9999 -9999 -9999 -9999 -9999 -9999 -9999 -9999 -9999 -9999 0.0504919326396852 0.100478156600198 -0.129363076213336 -0.0853243500938667 -0.0927848212454759 -9999 -0.0590799081898532 -0.0355893979556569 0.0532581936249353 0.136076638002854 0.00838530692498865 0.0380016668992219 0.0228446547093443 0.0410205877398658 0.129024930074721 0.0711008043813728 0.0454035272016654 0.0357938294066367 -0.00626197388366552 0.0206197518097324 -9999 -9999 0.0608137674742883 0.0363938733985373 0.0671672898469373 0.0419446687766174 -0.0483782375809142 -0.0894077470250166 -9999 -9999 -9999 0.201943572148997 0.223232134714718 0.246726839879908 0.738333463151656 0.3730772800143 0.211375427983596
-9999 -9999 -9999 -9999 -9999 -9999 -9999 -9999 -9999 -9999 -9999 -0.0706537858288504 0.058026531292651 0.149014036450987 -0.0163310648008302 -0.0882654355261764 -0.0529124350673642 -0.0509136365371056 -0.00831676593837635 0.0471005013878003 0.0754182488385258 0.0530828801037033 0.0913093542935359 0.0593629027553018 0.0175874925400631 -0.00593364369000521 0.200936393803387 -0.030646843443751 -0.0601349852274458 -0.00203810499906598 -0.0154124544386832 -0.0735378671750026 0.0370763338068442 0.112055272742682 0.102233738557246 0.16245918476326 0.114045435455977 0.0450902291706188 0.431748523276463 0.0218202957280348 -0.0706693227533421 -9999 -9999 0.144454592659665 0.178370266486251 0.471201235753058 0.834534708726404 0.408445121160397 0.145287354083088 0.140118753982605
-9999 -9999 -9999 -9999 -9999 -9999 -9999 -9999 -9999 -9999 -9999 -0.0440665790095262 0.0463735716090584 -0.00278669604093212 -0.00998769614528214 -0.0900984067747184 -0.0811186586761244 -0.0661179234985893 0.00740273482340702 0.263331342671444 0.0108931371690164 0.00433807564772686 0.00395292711520479 0.0728436093370322 0.083591746762242 0.00601369905950284 -0.0614131098161163 -0.0698401832663876 0.0392986443842008 0.217359947061704 -9999 -9999 -9999 0.139578659991945 0.147929181662328 0.111574902348122 0.125418237516326 0.0591212586922116 0.094742833837141 0.369091840396723 0.478189270722021 0.0257337201057724 0.0691219456130528 0.116288724169634 0.537166230799389 0.381965112564244 -9999 -9999 0.133142102756857 -9999
-9999 -9999 -9999 -9999 -9999 -9999 -9999 -9999 -9999 -9999 -9999 -0.0345097315159073 -0.000842288215413356 -0.0444171133666965 -9999 0.0404249978543803 -0.0163059475266488 0.0549511988696691 -0.0151394620386379 0.048716437178337 0.232227934813939 0.0135374159275284 0.0863039493230324 0.00777759598449133 -0.0989927435717905 -0.0468574138077064 -0.00471987675199429 0.406957801904544 0.378623062147489 0.332563288924975 -9999 0.00903242359808643 0.0129231278554344 0.140531361020305 0.1372924641457 0.066055402190959 0.122361809487841 0.0354559107729154 0.229714384492882 0.40324488318198 0.398845998905822 0.0604855698488438 0.0720161214532111 0.631051341607242 0.318804789342066 0.294193568514115 0.186901088721188 0.0432084982522741 0.111388843263238 0.107428913996739
-9999 -9999 -9999 -9999 -9999 -9999 -9999 -9999 -9999 -9999 -9999 -9999 -9999 -9999 -9999 -0.00826515498284561 0.061531219474138 0.0982445264679808 0.1284666581679 0.0554461170650163 0.159018024484545 0.0440699878073724 0.0117473190990895 -0.0560291984151648 -0.0561078829779577 0.011528321476012 0.182150276534329 0.34498077849587 -0.0500957583331155 -0.142252118514137 -0.0139623696828007 -9.65390316057749e-06 0.0217851542660512 0.107560563500545 0.172471236195698 0.10273735318432 0.0687393302511309 0.18585731381914 0.13801620203092 -9999 -0.0359176016103437 0.0220980282869906 0.0634727399859872 -9999 0.0819599923776285 0.397839111985212 0.489306039760669 0.0231536119551174 0.0933856011873507 0.11106760047388
-9999 -9999 -9999 -9999 -9999 -9999 -9999 -9999 -9999 -9999 -9999 0.0490525732683257 -0.0156649290679393 -0.093807425016492 -9999 0.241373777071006 -9999 -9999 0.14443738071999 0.0913864283521477 0.0145849866048089 0.0524581910034047 0.0941538920120402 -0.0499550420521616 -0.0544346453613018 -0.0598663366443383 0.00218926903304812 0.108793220586461 0.051592801674436 -0.0857681737124657 0.148021992389159 0.0487778946777783 0.00546867554781317 0.00308182755655185 0.044318384694579 0.189658917210229 0.0999188444761638 0.0854230257856164 0.0695007734936173 0.114747931038276 -9999 -9999 0.0933690553221607 0.481547344093191 0.476953403928711 0.499300250880877 0.235168086220092 0.0814233474952867 -9999 -9999
-9999 -9999 -9999 -9999 -9999 -9999 -9999 -9999 -9999 -9999 -9999 0.0340637962785939 -0.0107660588825992 -0.0966157643663565 -9999 -9999 0.0466676163273017 0.115359038134562 0.174179921333571 0.0819669345666761 0.0365662342170214 0.0821106011995368 0.1725141198304 -0.00734844117273428 -0.00539246048153523 0.0236574791417188 0.10335868957543 0.198795331248769 0.2963488888128 -9999 0.0716125236641486 0.0247257685468982 -0.0134668551984343 -0.0613121671008704 -0.0442470546362973 0.219926464830098 0.286373317569884 0.0499500915819515 0.0771755306223927 0.125668318968332 0.0337052258877037 -0.0200894636652771 -0.041287346014039 0.457806642618231 0.519253426037134 0.540793808798078 0.078406329305965 -0.01249661786619 0.000727946525051414 0.0981624827547096
-9999 -9999 -9999 -9999 -9999 -9999 -9999 -9999 -9999 -9999 -9999 -0.000817316517990776 -0.019053719493271 -9999 -9999 -9999 -9999 0.113979174035241 0.158506136882276 0.18260297229273 0.209284785304378 0.186643511030401 0.18542119117286 0.101173193523577 0.0208721114683848 0.00377452848994612 -0.0212742265781235 0.247665326655448 0.235836327030113 0.122492373911672 0.149014845914735 0.152754609162137 -9999 -9999 -9999 -9999 0.0769604880068929 0.0818445344621089 0.0901232421274581 0.0538133837434663 0.0848793721571544 0.0077472541247043 -0.0581621443492254 0.0198217687279885 -0.000887601763916843 0.0442840474237835 0.615964065166532 -0.032880904079941 0.0754585105076675 0.0806071654284626
-9999 -9999 -9999 -9999 -9999 -9999 -9999 -9999 -9999 -9999 -9999 -0.0020158953957145 0.00896779121664743 -9999 0.254036106756545 0.335573051644967 -9999 0.454882100816726 0.224143578470233 0.304004474970756 0.285713620901423 0.21836623263939 0.137355259697007 0.174096608025176 -0.00976967459126333 -0.0272672449576848 0.0740079493369769 0.0756724657619315 0.067406973884398 0.0193907175268949 -0.0018362841698184 0.216134822845219 0.221029336233312 0.195018594637323 -9999 -9999 -9999 0.0370390348607765 0.00272208641289635 0.00785437521326795 0.0938630542733306 0.0992417948594988 0.103406793323146 0.171117137619876 0.255095483686483 0.425097735685023 0.595536887244873 0.54445973539246 0.218929760463493 -9999
-9999 -9999 -9999 -9999 -9999 -9999 -9999 -9999 -9999 -9999 -9999 0.0524541713752205 0.00931046386734354 0.2312111153019 0.229172466413712 0.271728169472913 0.330516748551884 0.251221904388707 0.310026824099714 0.311644790274322 0.281059142053111 0.193240854529008 0.137259911622378 0.0180312463415148 -0.00238929218905346 -0.0634721333540847 -0.0799678590334633 0.037528036660814 0.0281079642113961 0.00926541422680187 0.107365224604782 -9999 -9999 -9999 -9999 0.0667738331324432 0.0480859393211726 0.0388645508433331 0.0419900849912213 -0.0541691542504384 0.0459248595168142 0.0712405644742519 0.0463453859452062 0.086088645908119 0.0519629147989875 0.337667632036298 -9999 -9999 0.502023947927092 -9999
-9999 -9999 -9999 -9999 -9999 -9999 -9999 -9999 -9999 -9999 -9999 0.138423805388041 -9999 0.183212644945755 0.187702659654813 0.382612717466106 0.401491462216264 0.267013752553355 0.244667053395813 0.326546438418223 0.283832829661459 0.154053311378483 0.185435818879891 0.00101274980480499 0.0698746826113952 0.10112506587254 -0.0359065603591771 -9999 0.183725714582635 0.0060100878324437 0.100768453857223 0.00509626769100312 -9999 -9999 -9999 0.0642930867264598 -0.0267547607736963 0.0292193018699463 0.00928823382343224 -0.0794750648644289 0.130648633677728 0.0554772287689677 0.0478435088388668 0.058982314759837 0.106327552372377 0.205375299946666 -9999 -9999 -9999 -9999
-9999 -9999 -9999 -9999 -9999 -9999 -9999 -9999 -9999 -9999 -9999 0.094105873422962 0.142530959256073 0.203521163395583 0.161518251894794 0.371364834222747 0.360684759647996 0.198592743313973 0.243265976134569 0.283929944578924 0.196180128524117 0.208696082421589 0.0131099509593547 0.054983539704131 0.068008893236692 -9999 -0.0043562880908989 -9999 0.0386748285579187 -0.0567128040742917 0.0414978296894994 0.046842021683036 -9999 0.0130775332509771 -0.0193537938130315 0.0674297864988359 0.0498117742691596 0.0155909213286895 0.105977720053843 0.0865657480352958 0.019843419374537 -0.00875936426184111 0.175581324410493 0.00841742060891661 0.227549647884742 0.0322973406138051 -0.003071809815367 -9999 -9999 -9999
-9999 -9999 -9999 -9999 -9999 -9999 -9999 -9999 -9999 -9999 -9999 0.0536478157006502 0.103804788250618 0.191693865997001 0.2530426551458 0.269169804768245 0.28828552114798 0.308536949574272 0.245728520578643 0.246566221452167 0.263611639460274 0.238257387041573 0.111398131102112 0.0458252125036469 0.0655572212034621 -0.0077489389587957 0.0773994323259173 -9999 0.0324716029176395 0.0334254653771921 -0.0808874512259567 0.0570766899177741 0.0986328018380978 0.124183864969789 0.0473743871217531 0.0121149130523514 0.159637377518832 -9999 0.160963836418978 0.132810750261606 0.120671829275778 -9999 0.0329008700726557 0.0165056438688165 0.0665005623529721 0.057976123352305 0.0653054000932592 0.374014686677566 0.0306637702675096 0.0820913187822594
-9999 -9999 -9999 -9999 -9999 -9999 -9999 -9999 -9999 -9999 -9999 -9999 -0.0209808330897619 -9999 0.414098939281608 0.308228967594846 0.183779004126916 0.235888209589683 0.219726750951402 0.161357796345436 0.265243159901019 0.174247764811421 0.189914583301338 0.100207959851281 0.00333636755438 0.0180255716800925 0.0532911289569298 -9999 0.0305830549411743 0.0555008794273878 0.0785694721351964 -0.0377358505241537 -0.0239946290183878 0.0213229682890301 -0.0402042071589575 -0.0792925762885067 -0.0312781472002646 -9999 0.210793072297327 0.169743529189827 0.0826550309416548 -9999 0.0873612894577516 0.0245146742003473 0.123446257869992 0.0776648104892552 -9999 -9999 -9999 0.0760414324361095
-9999 -9999 -9999 -9999 -9999 -9999 -9999 -9999 -9999 -9999 -9999 -9999 0.22170357117923 0.265277859472391 0.255815136226528 -9999 -9999 -9999 0.126143802467035 0.107894724065104 0.149223340532807 0.0297175050970817 0.0977982786261815 0.0820212191027844 -0.0327809955386382 0.0225230007328912 0.0988159130377362 0.0158733061373834 -0.0373276245254922 0.0313849964740673 0.00244375401182834 -0.0921323865013881 -0.0825988199477311 0.0140060869555708 -0.0490867806229143 -0.0705491421457846 -0.0148707490427729 0.184963166712575 0.0804309674174034 -9999 -9999 -9999 -0.0217139954903823 0.0381943051451294 0.0269563608740199 0.0660202011180815 0.158074245770187 -9999 -9999 0.0143657546050307
-9999 -9999 -9999 -9999 -9999 -9999 -9999 -9999 -9999 -9999 -9999 -9999 0.224508457158394 0.143292015047325 0.236725499747515 -9999 -9999 -9999 -9999 0.089144330033393 -0.0494379960638568 0.0496760925618809 0.0239944855539379 -0.007010092221598 -0.00522791397973418 0.0703447097503716 0.0469340935560103 -0.00434623667829761 0.0416077592788283 -0.0158468420739158 -0.0562691760970079 -0.154778236458489 -0.138283898659412 -0.0222144850926335 0.0186610712058625 0.134816041769986 0.190805094707925 0.204470784631472 0.297331710904718 -9999 0.0482536562512848 -9999 -9999 -0.034673793114148 -0.0253661149992492 -0.0122409753562463 -9999 0.337514079482588 0.319085465217215 0.49263452638489
-9999 -9999 -9999 -9999 -9999 -9999 -9999 -9999 -9999 -9999 -9999 -9999 -0.0912639851097049 -0.0712299509703078 -0.0593527717665246 -0.00897764789302235 0.0160035311089267 0.0892796547978387 0.020976566998744 0.0899170633466355 0.0232836113778511 0.0353880666142762 0.00123052172181445 -0.0131996754232249 0.0582168764267482 -0.044391248518373 -0.135493152874655 -9999 0.0219151570221795 -0.0857423667714942 -0.100129130474394 -0.106194258815132 -0.00229134636215891 0.0417034548584935 0.0801758032491888 -9999 -9999 0.171748646828215 0.242269051109117 0.237602765598196 0.0400218441251837 0.0546073097481201 -0.0403674900332364 0.00624501322777641 0.0394413605647105 -0.0391084533080223 0.0888653405356589 0.157567754882696 0.259970854730455 0.0447057495190991
-9999 -9999 -9999 -9999 -9999 -9999 -9999 -9999 -9999 -9999 -9999 -9999 -9999 -0.0691790331971158 -0.0512925294146196 0.062008242219515 0.00545236527147485 -0.0673152855160815 0.00634546640658232 0.0975751397397344 -0.0251570158755222 0.00423016179718465 -0.0876937183132455 -0.0840007613334065 0.0310800173530524 -0.0561691071690677 -0.0417648967358838 -0.0743892363698097 -0.133440348691014 -0.109863216703881 -0.113016709806307 -0.0534939959993362 -0.0198231003305393 -0.0474400892879185 0.158615976645729 -0.134584914218747 -0.0240108508132204 -0.0811841048423091 -0.0629823987988642 0.0955486957465686 -0.0675555789994428 -0.0277872093319459 -0.049435834249963 -0.0115494903378545 0.00443395049398281 0.101273272024849 0.195724802103874 0.0716515760063894 0.19275475047106 -9999
-9999 -9999 -9999 -9999 -9999 -9999 -9999 -9999 -9999 -9999 -9999 -9999 -9999 0.028181372234322 0.067594587226236 0.134758272061962 0.0845481308098643 -0.147822014042659 -0.103487045365557 -0.198983656965722 -0.142637337575648 -0.153251477900115 -0.201309783180495 -0.0868129556420722 -0.0861672538082334 -0.0525184599682455 -0.114276311342505 -0.124829737832837 -0.0928828925626181 0.00835858509280099 -0.119425528086147 -0.135542995133651 0.0469034710392797 -0.0821320185941394 -0.279362671852046 -9999 -0.0862762825115115 -0.133217038221717 0.0141109408908339 -0.0448414789094787 -0.00900803496227254 -0.0639415781502156 -0.0838330525871019 -0.0287300224213191 -0.0181351349822794 0.291272560947976 0.234115980701453 -0.0176687871426699 0.0682349115387342 0.0870516142956977
-9999 -9999 -9999 -9999 -9999 -9999 -9999 -9999 -9999 -9999 -9999 -9999 -9999 -0.0801514937514457 -0.0733941358798952 -0.0690506450415318 -0.192036125149344 -0.108691272448727 -0.172450161795568 -0.129076723236462 -0.222509917417014 0.0609460932721943 -0.19110352664647 -0.111865794941629 -0.123611823575503 -0.191933787506584 -0.172569694862783 -0.124396631141061 -0.139996720846333 -0.0953217172336917 -0.115326404794464 -0.144324460470199 -9999 -9999 -0.257259744656671 -0.238089753834165 -0.0910174476867432 -0.102851794280897 -0.142264729355342 -0.051171867896733 0.114563552873673 0.143265072536089 -9999 0.0846250325744259 0.13828301882959 -9999 -9999 -9999 -0.0414125056994709 -0.0495553682634531
-9999 -9999 -9999 -9999 -9999 -9999 -9999 -9999 -9999 -9999 -9999 -9999 -9999 -9999 -0.11420970780172 -0.0957506316397141 -0.188974692143319 -0.105586306714179 -0.110882855839501 -0.0554601352000684 -0.242772102304181 -0.34845870819952 -0.245997360946631 -0.131229982448145 -0.0752481940804357 -0.10233634718435 -0.127377911986946 -0.034847279869836 -0.0163818801415741 -0.124623027704116 -0.139323421856655 -9999 -9999 -9999 -0.149826016897213 -0.204637760796082 -9999 -0.262079753168281 -0.100139434557194 0.0614664355969885 0.0298999073072305 -9999 -9999 0.168844974532755 0.151399563374127 0.232499210682493 -9999 -9999 -0.0183963115141496 -0.039727065699055
-9999 -9999 -9999 -9999 -9999 -9999 -9999 -9999 -9999 -9999 -9999 -9999 -9999 -9999 -9999 -0.238669620816087 0.072525792062129 -0.120817794679402 -0.072767390480549 -0.119748060992719 -0.203837339668475 -0.350602983139728 -0.214945368716013 -0.169103425950431 -9999 -0.0255247258250847 -9999 0.0263719096195603 -0.199672588889625 -0.153537615923577 -0.137081464031211 -0.0841291109654272 0.0872394036737401 0.0478969036187154 -0.0192118105619261 -0.0709055689518407 -0.0748666557526981 -0.0637855060550367 -0.0536476535929457 0.0120746809390709 0.0201161957858292 0.0494420408473862 0.13616859508697 0.184756794664264 0.156305553162874 0.167608152865171 -9999 -0.133989872680423 -0.0563393105824556 0.0889531852584788
