data/rasters/s8.11.08.li.1_xyz_08_.asc
NCOLS 100 
NROWS 100 
XLLCORNER -4 
YLLCORNER -4 
CELLSIZE 0.08 
NODATA_value -9999 
[rows 44 to 65 of 100, columns 49 to 97 of 100]
-0.052829498797224 -0.0865208236924682 -0.0542238689032946 -0.0830986885514643 -9999 -9999 -9999 -0.0768043601445661 -0.114523433032648 -0.158595539283693 -0.0687378182867402 -0.130039028133458 0.0921659000690444 0.103667629373464 -0.112242454390215 0.107899387282847 0.114261840734604 0.137493655862616 0.0531009327202018 0.0258797862582311 -9999 0.129966793567841 -0.0168845465930127 0.0149033864626852 -0.0644624420847123 -0.000747039150600833 0.0273952361166429 0.0634158927223837 -9999 0.0679905226325418 0.152132328726945 0.149372938243094 0.0712704292445707 0.0635046311297767 0.0322090285293939 -0.0827654532320364 -0.118845755532049 -0.107823954811582 -0.145038918921964 -0.107855300289233 -9999 -9999 -9999 -9999 -9999 -9999 -9999 -9999 -9999
-0.187189138403771 -0.0707681805297726 -0.0627935924807044 -0.00847563072258493 0.00975512118658898 0.0573822747506519 0.0293034591959536 -0.0227250356611597 -0.0648194538079129 -0.100917017233712 -0.0665541105063132 0.137832724518157 0.0764406484136491 -0.066750775046803 -0.0962922634520444 -9999 0.16207564889364 0.147104347910729 0.0987521489878148 0.030334020970668 -9999 0.0674561815377778 -0.0521531869147193 -0.0698852125769442 -0.0649515592507777 0.0487499709891192 0.0475291656235627 0.0472533707363912 0.0939916691793801 0.0918279967908561 0.121916807126519 0.0785366389211852 0.115994650748975 0.11554013282627 0.0292933367107516 -0.11538632363604 -0.107826160310847 -0.0859985410217156 -0.181907265943879 -0.122064851082434 -9999 -9999 -9999 -9999 -9999 -9999 -9999 -9999 -9999
-0.0861587164407382 0.00930308747932443 0.0285336688379959 0.0112735483007975 -0.0613478529326442 0.0401760766313541 -0.0304508722046158 -0.0662008160146083 -0.0755135516137971 -0.206899258726091 -0.0941368107235178 -0.0764606774742234 -0.122891934423519 -0.106581112493604 -0.133154357862821 0.155286879734245 0.228412114128587 0.145676384938235 0.105736343405533 0.0773838491427606 0.148596634181157 0.0784229640897196 0.0108567684184428 -0.070327403834903 -0.0337896119742402 0.0457397087485739 0.0344007285945798 0.166875809221415 0.160905582167637 0.24719081855369 0.0839907594328419 0.0870817440936801 0.0246196059253129 -0.0436553071677579 -0.077125842110244 -0.0940254274664679 -0.12073601528107 -0.147714351926487 -0.132775970795329 -0.115296906793919 -9999 -9999 -9999 -9999 -9999 -9999 -9999 -9999 -9999
-0.116304801864636 -0.01594859060731 0.100237974868753 0.130888235320193 -0.0354918168168077 -0.0143714511077361 -0.0579268617035452 -0.0975364961717882 -0.13141853945984 -0.146749316774751 -0.151017955606588 -0.16591508194078 -0.0882737920333653 -0.129810900305559 -0.172349277077 -0.00816672847238918 0.0767478353088436 0.0711782084578507 0.117570739225979 0.15320273552361 0.202471440701531 0.120506002351903 0.0752651376633929 -0.00422747317787709 -9999 -9999 -9999 0.310831485979626 0.384157555971225 0.35785013982355 0.219385996475238 0.0362705941738433 0.0125317507389521 0.00199910733266582 -0.0227543974843669 -0.0508592437534408 -0.103491297620568 -0.126160302587642 -0.139158557641597 -0.138319410790326 -9999 -9999 -9999 -9999 -9999 -9999 -9999 -9999 -9999
-0.154153630976747 0.120567952848641 0.0801286564085873 0.0985156250552553 0.0247204635047702 0.0110224062757241 -0.0215823342398279 -0.0734731845369274 -0.118279860711381 -0.141501351164001 -0.194527345962685 -0.127897269279088 -0.0505623664754472 -0.13853686963085 -0.0751877702422476 -0.0307516622539724 -0.109071127669865 0.0628725786303345 0.236621854143948 0.170444737712719 0.246577200530747 0.14068298215923 0.115678666128758 0.0613492138606537 -9999 -9999 -9999 0.388406440360883 0.405570222006716 0.378144459981793 0.168620372885492 0.0282894478206629 -0.00448006512499474 -0.0159028687481402 -0.0670280730414076 -0.0989193001765705 -0.14004293558944 -0.110383009785262 -0.154202531051692 -0.180334113608918 -9999 -9999 -9999 -9999 -9999 -9999 -9999 -9999 -9999
-0.00202314265148861 0.0823859448520088 -0.0369364680002245 -9999 -0.0257229904472586 -0.047076671224806 -0.00859362309519564 -0.0802716917789085 -0.112999763949928 -0.136511480299689 -0.11949030046108 -0.113802667000581 -0.0973609993253827 0.0214630084177252 -0.036834254168828 0.0396279708235677 -0.0887681373949455 0.289910581995151 0.328914391759112 0.25480398245421 0.17922078829019 0.190865164725218 0.124203378158161 0.132839956524275 -9999 -9999 -9999 0.394831320483604 0.363087775942609 0.316241837287851 0.152464113863981 0.0881507985641729 0.0538588257225239 -0.0438774378798034 -0.0697260274114306 -0.0614888545556256 -0.101518092597634 -0.151417355554343 -0.209480277298939 -0.197197004122506 -9999 -9999 -9999 -9999 -9999 -9999 -9999 -9999 -9999
0.0690883881991179 0.057524147196757 0.0285586555288383 -9999 -9999 0.0144939296177042 0.0243669796535712 -0.0514268225193189 -0.0737481083882948 -0.108910615922124 -0.127082907873964 -0.116540148625824 -0.0096425391013624 -0.0446149004985854 -0.0692639706345486 -0.000713402298578493 -0.000785676655953338 0.161438540656355 0.285403241387122 0.27144461042393 0.213401402846544 0.151342869222134 0.171590476885952 -9999 -9999 -0.324322003838374 0.213389867095304 0.408579953493219 0.348448116181037 0.177679366836457 0.0444079923626069 0.114003021486333 -9999 0.0557129000822896 -0.0737296228965494 -0.0264514152615985 -0.0639871323885212 -0.114559649339626 -0.171336842698491 -0.171314757602678 -9999 -9999 -9999 -9999 -9999 -9999 -9999 -9999 -9999
0.0107098520365263 0.0876018291415548 0.133989298207449 -0.0311382237656895 -0.00163879434925047 0.0176110663923191 0.0469717694055068 -0.0654458595647833 -0.0405480423750299 0.0661722487453538 -0.116731166927561 -0.129987830264347 -0.0105005952480924 -0.0897524184501526 -0.0844188246524418 -0.0410324502834064 -0.00913419996758264 0.148467159070108 0.186861122363824 0.237204914857346 0.177526917616389 0.187679314438489 0.135898448224381 0.148659734901559 -9999 -0.150205035769779 0.141747948770931 0.287407571484889 0.21018657966965 0.058779685815797 0.0998585551183819 0.207857762755104 0.229252961352742 0.248701251645914 -0.0598062770794399 -0.0662808334003701 -0.0409378124817335 -0.110825541895299 -0.140726948174489 -0.0568125890411657 -9999 -9999 -9999 -9999 -9999 -9999 -9999 -9999 -9999
-0.0670215862643149 0.1586229981955 0.16250641134373 0.111164684649647 0.0174926539366532 0.0859812203612971 0.156772912833685 0.0727107398509981 -0.0315520885571069 0.0453259777101869 -0.140285114264493 -0.192620420055755 0.00259003530984289 -0.0088983916675668 0.119703184292373 0.114006983115226 0.0641557255251919 0.0314187882457164 0.0766814978462226 0.156904524204115 0.146827913965293 0.122585561964122 0.178656016492554 0.0879666425948036 0.0631438353397206 0.0853551618716597 0.171774572963209 0.206159896009595 0.174601123621454 0.0850135735201764 0.144560647723277 0.247425609418821 0.239343021817868 0.250086137506712 0.00789953821843245 -0.0909704296488796 -0.0536459076652982 -9999 -0.116311847643642 -0.0677577895052196 -9999 -9999 -9999 -9999 -9999 -9999 -9999 -9999 -9999
-0.0342447008288561 0.159928625135093 0.15476574531885 0.136987915656833 0.184211379641303 0.156893624123462 0.300123200470479 -0.00998288759828675 0.00621697191497097 -0.0197033524714847 -9999 -9999 -0.0496637278400759 -9999 -9999 0.143406128870343 0.122785708116831 0.105879291335432 0.127600602459743 0.143280238322736 0.145781781758882 0.0916507567510702 0.109709890071293 0.094204278678255 0.0488721395399675 0.0924614853025114 0.129393029398092 0.170496451301064 0.170639951764236 0.0972618070430255 0.211326876441884 0.209596472227534 0.106080243597811 -0.00893147548610147 -0.0345209329677944 -0.046776505778621 -9999 -0.0655967664151136 -0.10059629370431 -0.140866229605193 -9999 -9999 -9999 -9999 -9999 -9999 -9999 -9999 -9999
-0.0163125985995147 0.0851997931965618 0.139739356590964 0.197033308257276 0.240374913953992 -9999 -9999 -9999 -0.00860679563547073 0.0390059069703372 0.201236773639881 -0.00950588296989033 0.0708445605756356 -9999 -9999 0.188191842179821 0.146148175783723 0.124054287003941 0.181211958308838 0.156998727582917 0.0938562983406335 0.0571129878038578 0.171033018771 0.17810660665975 0.140692751261961 0.158954160264309 0.135380358440331 0.0693609204558559 0.0395166398174813 0.0406400629562592 0.180362619653091 0.142554703425616 -0.104856365551682 -0.0712805224723642 0.0142220382899952 0.00373154838251509 -0.120059750756237 -0.0945545567859926 -0.0814102539691585 -0.0338420113937779 -9999 -9999 -9999 -9999 -9999 -9999 -9999 -9999 -9999
0.0214167640013865 0.0225710737753077 0.0153360614071192 0.22614034844779 0.201592386185243 -9999 -9999 0.0614203710699529 0.0233246308784854 0.101235232576584 0.265712275868789 0.259214872533303 0.258175635396848 0.25391746421646 -9999 0.214250435679308 0.155242069539948 0.184474935771533 0.173619379582192 0.137824955528683 0.10440232466929 0.0921632222611852 0.0756230411462005 0.0921812756468322 0.0736539357313258 0.114314530253153 0.0706699242170895 0.0633225645962089 0.0468890271701891 0.248404012028112 0.315784969548298 0.159250506608622 0.0244746210690041 -0.0960872145587762 -9999 0.0742372387988442 -0.0475209818469815 -0.0981425720998707 -0.086017191649972 -0.112525850977147 -9999 -9999 -9999 -9999 -9999 -9999 -9999 -9999 -9999
0.163803366581192 0.00269620980101904 0.0903997566200258 0.246459831481717 0.236109390105974 0.333019991902564 -9999 0.140050343217753 0.276341496694019 0.236716866577255 0.297172729577662 0.283656566411951 0.267394824754955 0.3710352706713 0.485705539658895 0.188916532742399 0.185993892077089 0.263716634705097 0.172190645583037 0.160328710523098 0.150507221798082 0.0884349406542296 0.0926572480959536 0.128374724388853 -9999 0.186389936554254 0.0906860327380767 0.112823928842539 0.10826438346793 0.126890321998601 0.0749279294779261 0.046934357775676 -9999 -9999 -0.0138682478428548 -0.0298140927012091 -0.00697943257331209 -0.077523425019659 -0.0948206659073718 -0.107716531537906 -9999 -9999 -9999 -9999 -9999 -9999 -9999 -9999 -9999
0.239658918173404 0.00984708645475454 0.000756225300476167 0.387479018660139 0.292132753655806 0.365111910640266 0.323267392098542 0.290993470433353 0.213121322043077 0.223311940997482 0.28382731560193 0.296184351437034 -0.11776973335174 -0.322908607064539 -0.0931955050573641 -9999 0.262147753129119 0.428719793483181 -9999 0.234789187311554 0.168070293202491 0.101674450925988 0.101989960216303 0.126352409423585 0.0954834120714739 0.0952327898085791 0.110401514625022 0.107992068417437 0.158902041212646 0.113823052346595 0.0364410502003032 -0.0177818699994976 -0.0401841928129611 -0.00643249050837903 -0.0637252170373269 -0.141632646534268 -0.0629869175560318 -0.00480386415064476 -0.0197623586771318 -9999 -9999 -9999 -9999 -9999 -9999 -9999 -9999 -9999 -9999
0.472545029262677 0.0197382112742135 0.0171678242596615 0.278364429605723 0.301792754894674 0.32677787784797 0.35589258555141 0.397840960379174 0.310964048982568 0.224496812560315 0.274502701381617 0.344780683174784 0.0485962197404949 -0.177708016507427 -0.148307766730017 0.59013358338761 0.505602666004696 0.474100496440747 -9999 0.137172602126815 0.143256654020878 0.133178227553825 0.118346705679853 0.102819231168614 0.0796878322368055 0.125806857334824 0.0589191640440994 0.0466779451064435 -0.063213134502158 0.0267900219487082 -0.023937826506912 0.00776435238446928 -0.113736033970763 -0.0929888061281513 -0.0577367160060405 -0.0943071681383528 -0.119794073340663 -0.0725312094603971 -0.0887906886638374 -9999 -9999 -9999 -9999 -9999 -9999 -9999 -9999 -9999 -9999
-9999 -9999 0.308612849214374 0.238330243711109 0.27659753087545 0.33181865436914 0.417067424380527 0.499548865681595 0.550697133566288 -9999 0.175659072279348 0.283462908119672 0.152577171478345 0.0494655940659792 0.257327908055613 0.50125528941737 0.452259977470668 0.372992053396047 -9999 0.141468928517426 0.144270769162068 0.131607061488842 0.165980591877007 0.124018446459388 0.0936110456517034 0.147013377075496 0.0140559475519133 -0.0128399464800466 -0.0624749011670996 -0.0512781236082503 -0.0985138583026396 -0.0650672477145346 -0.0674862456493588 -0.0693710839608454 -0.0560512538395458 -0.064528797041545 -0.0721562582320712 -0.120813884333144 -0.146400839124853 -9999 -9999 -9999 -9999 -9999 -9999 -9999 -9999 -9999 -9999
-9999 0.42105581764798 0.36046948627239 0.363000113319892 0.243960005999158 0.360193761585392 0.52800522508394 -9999 0.0341947924830186 0.114299039614922 0.10627112870616 0.181141023787472 0.144008396097087 0.168936093892915 0.331897396340522 0.382409595917756 -9999 -9999 -9999 0.323020432141168 0.104373350689848 0.173020947869961 0.480029763370146 0.273197989227615 0.0798764470802308 0.0979554750145276 0.0816584181559161 -0.0686780222750344 -0.0983927213529045 -0.146372106248218 -0.19275553002507 -0.0550546203731097 -0.160612553217821 -0.049481944397406 -0.0566319784098512 -0.0681304746334163 -0.0719892451804786 -0.101676315960874 -0.121201945938021 -9999 -9999 -9999 -9999 -9999 -9999 -9999 -9999 -9999 -9999
0.551455476859308 0.469823202188592 0.468916938571139 0.310084944966833 0.196904769678774 0.18796577657068 0.211566877449352 0.0937202786962793 0.0416508788942584 0.140014370326351 0.14953002910739 0.173258987312489 0.126156753636786 0.149976374913889 0.286558276997003 -9999 0.315363917955322 0.318794001531583 0.428537908641439 0.412974178933013 0.232977592678385 0.338657191467059 0.473944077088538 0.280757859891581 0.343372640798455 -0.280137403609572 -0.266854415284128 -0.250209467175475 -0.129320530002031 -0.145441047560258 -0.104947709030541 -0.135879724137813 -0.159597447921199 -0.130406673939721 -0.0959265689812314 -0.121437707620686 -0.197504930264677 -0.0750736565782742 -9999 -9999 -9999 -9999 -9999 -9999 -9999 -9999 -9999 -9999 -9999
0.539330408925359 0.476131351909854 0.434604955799353 0.458613989174297 0.181312660458378 0.22516148242862 0.0940516299402821 0.149553917846817 0.0829445520295863 0.1587782732353 0.20273595734094 0.229067619828193 0.172551017365688 0.163520133865253 -9999 -9999 0.311804477620931 0.347684978775877 0.349767993722991 0.287914100717387 0.235348186529848 0.362043922330525 0.359304491245319 0.365119362369766 0.266192735284305 -0.601046819680415 -0.58817904816745 -0.298881355641089 -0.158146567849058 -0.148878848211896 -9999 -0.114018990667394 -0.0927020050176547 -0.0502176371795683 -0.107332951753316 -0.152147329049912 -0.211891815252772 -0.0945754245484716 -9999 -9999 -9999 -9999 -9999 -9999 -9999 -9999 -9999 -9999 -9999
0.559788660248142 0.532470911506675 0.488699608729638 0.432188612655423 0.371869752518719 0.172927334982505 0.17953200669796 0.109398422271069 0.103392018075369 0.109788652577216 0.00240625722233245 -0.0103045282402179 -9999 0.106959963890244 0.142866100151898 0.205512051499013 0.263448703882097 0.307963170492832 0.304368309982985 0.275613578338343 0.394337037837036 -9999 -9999 0.446585682048094 0.374496446956678 0.198956441241194 -0.539134992414547 0.170588819073601 -0.113611219801445 -0.0935246166288797 -0.109378895215471 -0.193543405540144 -0.115751933978307 -0.0729950601159349 -0.131935642067656 -0.108202183471283 -0.122399806819876 -9999 -9999 -9999 -9999 -9999 -9999 -9999 -9999 -9999 -9999 -9999 -9999
0.605535323431146 0.576251965111347 0.589194534271668 0.408941204113348 0.392983933634171 0.23825573124069 0.273224724530407 -9999 -9999 -9999 0.0739975278959403 0.043271900896677 0.181462280138014 0.090320624919476 0.188896689340481 0.238260080846521 0.296678902211786 0.307394839552576 0.21316115538461 0.256962595840176 0.339933152919386 0.583336414068606 -9999 -9999 0.501216301270937 0.406714671033068 -9999 0.15087195362451 -0.0607037626495327 -0.160061585569912 -0.186205313651054 0.0868573088980478 -0.10785809724672 -0.113864949156317 -0.190306177323888 -0.135701489963548 -0.0853056319658771 -9999 -9999 -9999 -9999 -9999 -9999 -9999 -9999 -9999 -9999 -9999 -9999
0.576428408041413 0.549893896510321 0.600858842680433 -9999 -9999 -9999 0.297642127127894 -9999 -9999 0.0730064223940251 0.0847580714036519 0.107181030576565 -9999 0.109006088944692 0.164273323488206 0.233121950293505 0.16808485090179 0.151894695614297 0.31524995768575 0.265011386534872 0.286592372316034 0.577307218828351 -9999 -9999 -9999 0.410444028504489 0.279980346552163 0.0360894309423166 -0.498152637694756 -0.356207579558174 -0.115797195731586 0.0369111935848879 -0.0533323660876545 0.0283582662937987 -0.105584209055175 -0.0398099535653558 -9999 -9999 -9999 -9999 -9999 -9999 -9999 -9999 -9999 -9999 -9999 -9999 -9999
