data/rasters/s8.11.08.cu.2_xyz_08_.asc
NCOLS 100 
NROWS 100 
XLLCORNER -4 
YLLCORNER -4 
CELLSIZE 0.08 
NODATA_value -9999 
[rows 22 to 43 of 100, columns 0 to 49 of 100]
-9999 -9999 -9999 -9999 -9999 -9999 -9999 -9999 -9999 -9999 -9999 -9999 -9999 -9999 -9999 -9999 -9999 -9999 -9999 -9999 -9999 -9999 -9999 -9999 -9999 -0.421514996270267 -0.43559616413597 -0.381020736533628 -0.240462622458282 -0.144881280453334 -0.0734108619654935 -0.125822544961044 -0.27128053263037 -9999 -0.203294076262509 -0.357809122755563 -0.345624677967966 -0.446031999715545 -0.392435616358724 -0.33355704782411 -0.323032076768804 -0.240923472274264 -0.0719262695295764 0.000265533969534808 0.0696586322670752 0.0661302744014039 0.0345082425143951 0.0969350882207525 0.183270893401781 0.223749985043053
-9999 -9999 -9999 -9999 -9999 -9999 -9999 -9999 -9999 -9999 -9999 -9999 -9999 -9999 -9999 -9999 -9999 -9999 -9999 -9999 -9999 -9999 -9999 -9999 -0.34828675959312 -0.373518591039795 -9999 0.00912942242521793 -0.210284684316434 -0.0868338467094794 -0.119328241639244 -0.127944064033367 -0.153556744944573 -0.186627436169796 -0.235483040839039 -0.330756991243884 -0.334271966076231 -9999 -0.397415786527938 -0.286016830201593 -0.0683642444634986 0.0376266742401184 -0.0492215284027969 0.00965629852593581 0.0828612065606075 0.370818488848692 0.089479679444442 0.35161120235334 0.381877766977339 -9999
-9999 -9999 -9999 -9999 -9999 -9999 -9999 -9999 -9999 -9999 -9999 -9999 -9999 -9999 -9999 -9999 -9999 -9999 -9999 -9999 -9999 -9999 -0.417396474026058 -0.346712437063881 -0.30433532629012 -0.318617335538777 -0.0338977154378607 -0.0629455166365165 -0.139500558931952 -0.0808783957048879 -0.0950127660546073 -0.118702792475966 -0.134652170612744 -0.17683210343005 -0.351096962152301 -0.397135373962238 -9999 -9999 -0.312945394666221 -0.293098842541987 0.0134395125400191 0.127419344894843 0.0721254649152977 0.0449000105206301 0.100442105938103 0.317690465137676 0.144156440950648 0.157245437782939 0.326635273617768 -9999
-9999 -9999 -9999 -9999 -9999 -9999 -9999 -9999 -9999 -9999 -9999 -9999 -9999 -9999 -9999 -9999 -9999 -9999 -9999 -9999 -0.299973978785705 -0.288430422565203 -0.359481700184972 -0.165047495635455 -0.186372044139337 -0.282683645556543 -0.188430125981772 -0.0562526094367231 -0.0498081106911424 -0.00984093926354581 -0.0207440026399491 -9999 -0.140495976548102 -9999 -9999 -9999 -0.210315506146282 -0.29232636806455 -0.320255164703449 -0.245843784826683 -0.128550208037416 0.225966596930214 0.132164002126599 -9999 0.686172772768984 0.542393706307148 0.472892566723853 0.545778471536864 0.491157819388895 0.567792046646867
-9999 -9999 -9999 -9999 -9999 -9999 -9999 -9999 -9999 -9999 -9999 -9999 -9999 -9999 -9999 -9999 -9999 -9999 -9999 -0.195749610020598 -0.288932803764249 -0.367185426384947 -0.382047191041843 -0.434417720332288 -0.395842097596304 -0.293267657184308 -0.0695996272281671 -0.127527888393018 -0.0636336058485431 -0.0432179588941646 -0.208248247474536 -0.264360439694026 -0.21492326106129 -0.330627264045365 -0.238177631740083 -0.312528505623598 -0.292481404294218 -0.358658993714134 -0.30418138805867 -0.174658410738043 -9999 0.171256346225693 0.150198404249742 -9999 0.592674871776503 0.509492673110981 0.490870824666854 0.526801117372999 0.524326037036889 0.558165890800696
-9999 -9999 -9999 -9999 -9999 -9999 -9999 -9999 -9999 -9999 -9999 -9999 -9999 -9999 -9999 -9999 -9999 -9999 -0.103530084181205 -0.240506015703394 -0.27533247585194 -0.433942968719077 -0.429326261423961 -0.440502540850816 -0.441119115330117 -0.424228451829105 0.0559940641854076 -0.100838797591193 -0.16559757034829 -0.181085526906102 -0.152803427561207 -9999 -9999 -0.350874491806446 -0.393088954917924 -0.378022909962703 -0.379240151077518 -0.338029646022213 -0.282527197143495 -0.071712296229701 0.368801019881977 0.386275263346398 -9999 -9999 -9999 0.570021634092229 -9999 0.562071167697183 0.521842568470165 0.590980961559455
-9999 -9999 -9999 -9999 -9999 -9999 -9999 -9999 -9999 -9999 -9999 -9999 -9999 -9999 -9999 -9999 -9999 -0.0663328642499233 -0.132458831673565 -0.278054466025001 -0.386636840760929 -0.364902744189702 -9999 -0.439693311517728 -0.437418878353491 -0.413934025697539 -9999 -9999 -9999 -0.16481350735145 0.0403932677581511 -9999 -9999 -0.316609155722397 -0.377702697294872 -0.365150784775002 -0.314839174106096 -0.251249931980669 -0.185560189838358 0.23228237588984 0.386359849685986 0.416643594443836 -9999 -9999 0.555863140797621 0.577804418892165 -9999 0.518763939869895 0.572612723134483 0.605274957904786
-9999 -9999 -9999 -9999 -9999 -9999 -9999 -9999 -9999 -9999 -9999 -9999 -9999 -9999 -9999 -9999 -9999 -0.0978219476310424 -0.148187228632124 -0.246354201789503 -0.349212043867911 -0.383372817318739 -0.399254819611235 -9999 -0.414301729698492 -0.447585482866465 -9999 -9999 -9999 -9999 -9999 -0.320733868383681 -0.324762055703195 -0.185114276324812 -0.401154150850552 -0.344189823471919 -0.11551960918182 0.0161078830632949 0.0399357452822921 0.114180361455668 0.379889635993363 -9999 -9999 -9999 0.524344846859459 -9999 -9999 -9999 -9999 0.595739967043101
-9999 -9999 -9999 -9999 -9999 -9999 -9999 -9999 -9999 -9999 -9999 -9999 -9999 -9999 -9999 -9999 -9999 -0.227644014361764 -0.269844146654949 -0.269839285966522 -0.288311542123318 -0.342904361716984 -0.397400215739121 -9999 -9999 -9999 -9999 -9999 -9999 -9999 -9999 -0.244954448881273 -0.278839583999869 -0.29719716477951 -0.246486463738467 -0.244402747144224 -0.175479672627432 -0.0829140128024046 -0.0444364297133539 -0.199240057818317 -0.16058569062327 0.40406688069471 0.642557295909709 0.541499568890019 -9999 -9999 -9999 -9999 -9999 -9999
-9999 -9999 -9999 -9999 -9999 -9999 -9999 -9999 -9999 -9999 -9999 -9999 -9999 -9999 -9999 -9999 -9999 -0.227633141070077 -0.228498619075293 -0.239561470968516 -0.266502950130055 -0.335481171640421 -9999 -9999 -9999 -0.318813087001722 -9999 -0.255220247957927 -9999 -9999 -0.354773989649556 -0.34944257947942 -0.285302932162777 -0.227912102634363 -0.224783126016384 -0.264568513269905 0.231287350935911 -9999 -9999 -9999 0.529661180372213 0.447059759771147 -9999 -9999 -9999 -9999 -9999 -9999 -9999 0.41821334879092
-9999 -9999 -9999 -9999 -9999 -9999 -9999 -9999 -9999 -9999 -9999 -9999 -9999 -9999 -9999 -9999 -9999 -9999 -0.131352169260664 -0.235641973226692 -0.308066492915959 -0.347201382368689 -0.362677280049247 -0.381279440434185 -0.407416396163016 -0.373331724228445 -0.305193784063937 -0.258435020018924 -0.317705875383845 -9999 -0.149457937990373 -0.304467868233638 -0.251703803422617 -9999 -9999 -9999 0.263016236594417 0.277232309806924 0.743082612149627 -9999 0.446209861690376 0.443100858836454 0.48412333509246 -9999 -9999 -9999 -9999 -9999 0.305491044179702 0.366824923512535
-9999 -9999 -9999 -9999 -9999 -9999 -9999 -9999 -9999 -9999 -9999 -9999 -9999 -9999 -9999 -9999 -0.254598657450359 -0.273216994851173 -0.183174904766751 -0.198670273506445 -0.211046391109297 -9999 -0.379584444352313 -0.341754768987825 -0.356118705804283 -0.331791629612766 -0.273236306880524 -0.265265248816683 -0.26996830001999 -9999 -9999 -0.214339073077922 -0.174878534764119 -0.246856550449886 -9999 0.280184171196231 0.178479481325192 0.291848021675114 -9999 0.33930680599831 0.32844927367505 0.447209699449624 0.561180225334944 -9999 -9999 -9999 -9999 0.496472190174259 0.249911029555525 0.307245484380518
-9999 -9999 -9999 -9999 -9999 -9999 -9999 -9999 -9999 -9999 -9999 -9999 -9999 -9999 -9999 -9999 -0.295776543303448 -0.291016372777186 -0.163912947700374 -0.183788641089563 -9999 -0.277971660731982 -0.146834684672194 -0.213119311009973 -0.295579926809951 -0.290550312376898 -0.280709400942431 -0.238668223422588 -0.239858628233632 -0.219194171164038 -9999 -0.166132104390676 -0.174944316617789 -9999 0.378988283732008 0.147378602077308 0.0746322776587582 -9999 -0.0336668616489598 0.262294273474183 0.357373187634414 0.37256133874362 0.542427544701551 -9999 -9999 0.541491085139103 0.54456996265369 0.536463595630864 0.356769041204529 0.35668610682386
-9999 -9999 -9999 -9999 -9999 -9999 -9999 -9999 -9999 -9999 -9999 -9999 -9999 -9999 -9999 -0.0631648285234181 -0.266683865690549 -0.265362605105651 -0.178849376066645 -0.127574829613229 -0.188792310326887 -0.205925686866578 -0.219637146343127 -0.224872547248515 -0.228707303121586 -0.253663881019898 -0.267807421371171 -0.214264476975611 -0.211710042856114 -0.243643721449312 -9999 -9999 -0.275113385579171 -0.241252699965804 -0.196278510251435 -0.067826103649177 0.0736782060706218 0.116902305147714 0.099847351570663 -9999 0.387186690556919 0.376647883505184 0.457501862284477 -9999 0.51012704033616 0.497869031761758 0.475460425486516 0.512290756925789 0.639713160054484 -9999
-9999 -9999 -9999 -9999 -9999 -9999 -9999 -9999 -9999 -9999 -9999 -9999 -9999 -0.418644297514809 -9999 -0.167991951306185 -0.240458074184475 -0.270541426288358 -0.0794974987256733 -0.125929322014958 -0.190473220397904 -0.200154627241446 -0.226870165771804 -0.211319555539993 -0.236252834939252 -0.251065305831372 -0.252939366718819 -0.144278708453103 -0.155492139197665 -0.241084965192309 -0.314259497910611 -0.310169257576452 -0.304965120863139 -0.251589570615772 -0.186425372447973 -0.199312607214766 0.0595524903650391 0.0917697090122072 0.221276355719264 0.213863492076247 0.263214334227206 0.368024661984469 0.425496503755312 0.384869374553562 0.443023865708895 0.435996021573468 0.470983844319315 0.482397209349968 -9999 -9999
-9999 -9999 -9999 -9999 -9999 -9999 -9999 -9999 -9999 -9999 -9999 -9999 -9999 -0.250473648049491 -0.405305583203083 -0.245582223641505 -0.165556230440072 -9999 -0.232686090045027 -0.187746057766672 -0.220726743407658 -0.315123005987585 -0.313313719831761 -0.327996497321419 -0.0778406058558224 -0.160249221775973 -0.210227399693008 -0.238098569967782 -0.194240081806901 -0.145385467493546 -0.226986685784527 -0.337399175023792 -0.307121656926762 -0.275005300335737 -0.189023310811038 -0.140414506084167 -0.108859978000663 -0.11861344185904 0.0924215143684066 0.0308396018397124 0.310973008177008 0.390765627859319 0.384714564025465 0.325905771113727 0.268052594619526 0.257566177063518 0.471681753778143 -9999 -9999 0.180547580867305
-9999 -9999 -9999 -9999 -9999 -9999 -9999 -9999 -9999 -9999 -9999 -9999 -9999 -0.301430918428724 -0.350004550581083 -0.262905722186437 -0.311477987090094 -9999 -0.212733212061328 -0.203338048498662 -0.263337351469276 -0.337783877985202 -0.397247721967802 -0.352609214109229 -0.339102356640194 -0.367200377615916 0.0105074387350176 -0.198105814221701 -0.160870229350405 -0.127988334748103 -0.172083488036292 -0.269350443707535 -0.26017848502378 -0.155162184612841 -0.234832562610651 -0.146992853735358 -0.129677239311047 0.174696610832183 0.0949784480517809 0.111508198234608 0.299567577184115 0.356646978067183 0.29907023636239 0.239869192397969 0.200973052791429 0.207881106171667 0.0649725309603681 0.0778548749620069 0.0674199758852381 0.273444677303543
-9999 -9999 -9999 -9999 -9999 -9999 -9999 -9999 -9999 -9999 -9999 -9999 -0.240361111978098 -0.169337734102223 -0.290409595882524 -0.2521312025134 -0.271358743452828 -9999 -0.239192040526108 -0.203964220093068 -0.257843077790543 -0.352746337452501 -0.318073029882884 -0.321734331089726 -0.3208673853832 -0.290069587855787 -0.166849192387277 -0.164096027272642 -0.179710196957675 -0.112747189788461 -0.0872818357212321 -0.198733883696246 -0.197758317364021 -0.196819502665137 -0.261098156905343 -0.184478201627073 -0.141147628170152 0.0818402465262646 0.155181171996618 0.243885239004055 0.386512110739514 0.331260734246533 0.267890729847203 0.224388228030442 -9999 -0.00534018834026239 -0.0200397374365017 0.0837200254336004 0.0698490457287363 -9999
-9999 -9999 -9999 -9999 -9999 -9999 -9999 -9999 -9999 -9999 -9999 -9999 -0.237703326883259 -0.254732085768297 -0.2739941124422 -0.296385625314027 -0.346042769061326 -9999 -0.2894050065534 -0.29125264002259 -0.24985305227266 -0.318976341960567 -9999 -0.278425041323399 -0.268787482156362 -0.29945476039458 -0.233870884379606 -0.239753096134391 -0.169692629806069 -0.0984996820490152 -0.0844080090987092 -9999 -0.187568633114874 -0.152062131327911 -0.214183702923711 -0.150058529412194 -0.0692601285151921 0.0704261949613427 0.127472188840719 0.32316462770988 0.259296042758705 0.277555729395299 0.236617590059068 -0.029866439131361 0.146470912883883 0.11647826931869 -0.0142417005061544 0.0211539262908711 -0.00779715783671259 -9999
-9999 -9999 -9999 -9999 -9999 -9999 -9999 -9999 -9999 -9999 -9999 -9999 -0.254389070196312 -0.196994728139293 -0.31267105936482 -0.290067516405539 -0.410836907722782 -9999 -9999 -0.280726373471721 -0.32563983946141 -0.367107328229491 -0.414231747792086 -0.261122713636854 -0.245723509239628 -0.290283166313691 -0.279385386218829 -0.302961910856009 -0.124888718674732 -0.103383281603791 -0.0993874072875968 -0.125283740516061 -0.147983863175907 -0.170208556218078 -0.180189553301312 -0.169614497709438 -0.0392776051990104 0.00728647246122185 -9999 0.343529299003414 0.271735481927401 0.238057893766844 0.209400614430843 -0.0627758162963655 -0.0513755550703223 -0.0513785976814213 0.00866123128916713 0.00938921103246374 0.0522886472067119 -9999
-9999 -9999 -9999 -9999 -9999 -9999 -9999 -9999 -9999 -9999 -9999 -9999 -0.225297887885502 -0.340186466856918 -0.38740770380487 -0.375171865154459 -0.337552872368743 -0.3717092141086 -0.363167943578052 -0.294733527060266 -0.300785713976086 -0.280512296148263 -0.354865802232952 -0.353133245351861 -0.342495894203714 -9999 -0.142624747350357 -0.163130357666605 -9999 -9999 -0.103353357247991 -0.134443073983669 -0.176549137387922 0.0954870992064626 -0.145361852790153 -0.0651897624510556 -0.0595943919010311 -9999 -9999 0.160740150445015 0.17789832862965 -9999 0.0542865580977164 -0.03403782291003 -0.0535271496306756 0.00867924599490945 -0.0111260396824931 0.0206379990305544 -9999 0.0670769397859378
-9999 -9999 -9999 -9999 -9999 -9999 -9999 -9999 -9999 -9999 -9999 -0.329783280313056 -0.329652804798947 -0.295449404898363 -0.345887713616084 -0.347460477973302 -0.289484462708461 -0.313428085635145 -0.31626862336561 -0.308902340320987 -0.283884109930545 -0.23841516222512 -0.357590201884332 -0.342574869863288 -0.357554685780985 0.0100560494847642 -0.139263175499211 -0.181038030970613 -0.0850792731027673 0.0315616982322462 -0.0868703559918713 -0.108691133735403 -0.174454338678822 -0.0964648613547348 -0.087249501049916 -0.0366963137452452 -9999 -9999 -9999 0.138001718071179 0.10696722611894 0.0941958932047348 0.0676345130541378 -0.00880167540336119 -9999 0.0102381811240497 0.0349423916697686 0.0320885390978091 0.133414613876254 0.0513813463572887
