data/rasters/s8.11.08.cu.4_xyz_08_.asc
NCOLS 100 
NROWS 100 
XLLCORNER -4 
YLLCORNER -4 
CELLSIZE 0.08 
NODATA_value -9999 
[rows 22 to 43 of 100, columns 0 to 48 of 100]
-9999 -9999 -9999 -9999 -9999 -9999 -9999 -9999 -9999 -9999 -9999 -9999 -9999 -9999 -9999 -9999 -9999 -9999 -9999 -9999 -9999 -9999 -0.172735496520735 -0.188755678405298 -0.166749622834128 -0.124217620370277 -0.177976558900432 -0.199829230359398 -0.11262342844783 -0.173149242997098 -0.100632951127334 -0.109339265397451 -0.0582809302383153 -0.127095704890902 -0.141672884403431 0.0196427704465595 0.101583229778677 0.230734533872876 0.31693534884416 0.320874141711354 0.436725109826351 0.429954019488072 0.403788256898624 0.349779945052261 0.256609675564045 0.265966159482228 0.225487633889139 0.144346665098574 0.103985311295911
-9999 -9999 -9999 -9999 -9999 -9999 -9999 -9999 -9999 -9999 -9999 -9999 -9999 -9999 -9999 -9999 -9999 -9999 -9999 -9999 -9999 -0.14036891825248 -0.247030953972897 -0.361189208727591 -0.259056089549051 -0.144232629011674 -0.170649526141362 -0.28399864664937 -0.163039021879064 -0.159020290389362 -0.0773587688304217 -0.0723378036920737 -0.073067565782418 -0.120697043980631 -0.156017755031092 -0.0458811561770651 0.0731978480162763 0.293686200054451 0.330066521257594 0.405087662869966 -9999 0.422271303779765 0.446425822610947 0.379004151500141 0.249748933387243 0.223994517418111 0.194292721408954 0.0811437868682393 0.0446821649954641
-9999 -9999 -9999 -9999 -9999 -9999 -9999 -9999 -9999 -9999 -9999 -9999 -9999 -9999 -9999 -9999 -9999 -9999 -9999 -9999 -0.113031584619346 -0.181653093938959 -0.29836520504452 -0.390005038999937 -0.408422691824006 -0.411117766128368 -0.381193915518416 -0.276276831705007 -0.159858273535179 -0.062572562469995 -0.155477499417702 -0.120702029511753 -0.109016158917028 -0.111187422971657 -0.145233133169713 -0.143660540326653 0.0336159952317365 0.297068025738323 0.18377623834576 0.323622456894103 0.352220749139575 0.544774203294417 0.435919039058766 0.365170490915883 0.245519749919098 0.192059248167086 0.176030320708322 0.0960095369763176 0.0707906962536683
-9999 -9999 -9999 -9999 -9999 -9999 -9999 -9999 -9999 -9999 -9999 -9999 -9999 -9999 -9999 -9999 -9999 -9999 -9999 -9999 -0.131546740872773 -0.198783845478731 -0.316345146955487 -0.401309939905854 -0.381554859780896 -0.393573294738762 -0.263600674134875 -0.327344444246427 -0.168629255522825 -0.193973835868669 -0.229504327887431 -0.100574295140207 -0.119315510514971 -0.129038571516391 -0.171084162716289 -0.190973042159752 -0.048675294593914 0.0111869323343367 0.0582758824672243 0.297260728672291 0.337484837384476 0.251424347754637 0.255685392805483 0.225828522981938 0.271342957287601 0.21571337609812 0.118846566006083 0.0442011319323276 0.0565787149162444
-9999 -9999 -9999 -9999 -9999 -9999 -9999 -9999 -9999 -9999 -9999 -9999 -9999 -9999 -9999 -9999 -9999 -9999 -9999 -0.109730050091674 -0.16181694065472 -0.275734616815219 -0.374258038977158 -0.383577341121777 -0.376966508302821 -0.525545016186183 -9999 -0.387549176241741 -0.304800447676734 -0.277652929719422 -9999 -0.109577585380703 -0.118375098586161 -0.151729844893288 -0.177005390137379 -0.170723795678295 -0.174200940310673 -0.0638131817720473 -0.033138232544082 0.0860853259081163 0.348370553198732 0.215848735679748 0.212204118744543 0.237432963641302 0.213478747349671 0.193992840742953 0.0722673450268777 0.0403830649055628 0.11036590390567
-9999 -9999 -9999 -9999 -9999 -9999 -9999 -9999 -9999 -9999 -9999 -9999 -9999 -9999 -9999 -9999 -9999 -9999 -0.118845356521741 -0.161791799437272 -0.184841896203029 -0.313018838205109 -0.349140035404553 -0.403022252738235 -0.423991131732476 -0.427480718223462 -0.234274346437917 -0.423593617775868 -0.419179053904019 -0.397636299547878 -0.0893809205070489 -0.151553295545933 -0.139329569253071 -0.143614122749581 -0.155322487209107 -0.167615324207278 -9999 -0.0419826873691364 0.0534185850629346 0.156825878824287 0.222698712994141 0.199200544839957 0.189778775169551 0.259128101233368 0.209833098410173 -9999 0.107401697661798 0.205975630238054 0.219071881524879
-9999 -9999 -9999 -9999 -9999 -9999 -9999 -9999 -9999 -9999 -9999 -9999 -9999 -9999 -9999 -9999 -9999 -0.139190822293494 -0.144487722209382 -0.183615253244769 -0.210844049157934 -0.225550955322519 -0.282638935479884 -0.297475426058425 -0.363173698041488 -0.35909126138894 -0.344479015809252 -0.383527912530723 -0.41652277370081 -0.201009123853926 -0.100100134953288 -9999 -0.112512271149984 -0.143932173890095 -0.145007261031323 -0.163578640611898 -9999 -0.0405919408106544 -0.0101446205576794 0.111724858258724 0.134460810167498 0.119959154449315 0.148184265053237 0.156211824909854 0.271287806596874 0.261386380816682 0.290766690354024 0.276822421464319 0.296448558075965
-9999 -9999 -9999 -9999 -9999 -9999 -9999 -9999 -9999 -9999 -9999 -9999 -9999 -9999 -9999 -9999 -9999 -0.107680558289814 -0.133208148244542 -0.209679486863907 -0.216670469159061 -0.224476324564049 -0.25362320769929 -0.283456817046274 -0.300805116157031 -0.334444290447188 -0.425471734321518 -0.306854717624586 -0.25188170473969 -0.158591329755177 -0.124402897549651 0.00883217146038289 -0.0474648280436404 -0.0836466544871588 -0.080983126747086 -0.128065632912116 -0.0538792298282171 -0.0730783475581207 -0.0230980404789541 -0.010526475066467 -0.0473706823969865 -0.0356752022922973 -0.00159962379377302 0.15415477296043 0.177337915150771 0.15998144251542 0.123394093280888 0.141140105466723 0.26566723297467
-9999 -9999 -9999 -9999 -9999 -9999 -9999 -9999 -9999 -9999 -9999 -9999 -9999 -9999 -9999 -9999 -0.0686495049779403 -0.0588206647505443 -0.0681081361689689 -0.196641085694815 -0.19350429382056 -0.270027832954342 -0.301942055080397 -0.328561164105302 -0.34407962175953 -0.363651492289321 -0.362419607321511 -0.239800210224758 -0.146206358217439 -0.0662190611773064 -0.132388923732967 -0.0113246595058452 -0.0190701133482533 -0.077687686403493 -0.135181555249737 -0.136992197476373 -0.0891741807328759 -0.0888363248684383 -0.0585076716001078 -0.00193062594327704 -0.0726058050497122 -0.0907592173802632 -0.0690360826933916 0.0553248265759742 0.209002104044118 0.0640519142872957 0.022049109772272 -0.00520653823976796 0.071623392670181
-9999 -9999 -9999 -9999 -9999 -9999 -9999 -9999 -9999 -9999 -9999 -9999 -9999 -9999 -9999 -0.0762048534775149 -0.101958185216079 -0.0616713015880679 -0.182765941938621 -0.186635652029553 -0.206550213050599 -0.355024463841487 -0.313488686149665 -0.300231155703675 -0.28910356836923 -9999 -0.248370125064682 -0.250965832486755 -0.17941844851088 -0.0891472558917772 -0.117176660170301 -0.00449172385122241 -0.0431833766194764 -0.112496271842513 -0.195543373951134 -0.193222453048296 -0.125228367204654 -0.0651558843076672 -0.0833934015366486 -0.167706225062977 -0.0952101354737697 -0.137139810117291 -0.11295910660571 0.219018649562945 0.0549307743969323 -0.0332872377286289 -0.100458114392445 -0.102145705434707 -0.0388874410940988
-9999 -9999 -9999 -9999 -9999 -9999 -9999 -9999 -9999 -9999 -9999 -9999 -9999 -9999 -9999 -0.0711360057852957 -0.112776584830279 -0.0910286741745848 -0.12887248829341 -0.168800655975023 -0.254273861726435 -0.311807527621896 -0.321693211257203 -0.328133598003719 -0.208120654368698 -0.313335717077769 -0.271714159810439 -0.247524914017689 -0.213700015051408 -0.0324950987819599 0.0350516784349443 0.0106761360298822 -0.0555470785227527 -0.13359922608163 -0.182753750889455 -0.246339184749362 -0.251431715461715 -0.152528025608441 -0.0893241244602644 -0.146369456955324 -0.176431458836118 -0.185813451072862 -0.226096375507158 -0.0714720645145602 -0.0458145525758567 -0.0426224081009922 -0.116707121681623 -0.0883378437021641 -0.0228836543628222
-9999 -9999 -9999 -9999 -9999 -9999 -9999 -9999 -9999 -9999 -9999 -9999 -9999 -9999 -0.0615366127642895 -0.0670486140439778 -0.115495095683294 -0.0687508395306165 -0.0733647569276152 -0.103066146850641 -0.238427859813083 -0.302616300595842 -0.360291700497538 -0.347255135258705 -0.309042974574605 -0.255495762429009 -0.295748668212706 -0.269450969343907 -0.170673028012429 -0.0741389943318876 0.0300776244125513 0.0235521289293306 -0.0268008232848977 -0.0659009137021432 -0.16272897880726 -0.220736499886048 -0.218555104501246 -0.146584251193821 -0.116000205281193 -0.168818721368163 -0.225430771913131 -0.229340510451052 -0.164167058590862 -0.0617764395428535 -0.148501497489582 -0.119905138779186 -0.121085594694083 0.0172008562067068 -0.0536546565650239
-9999 -9999 -9999 -9999 -9999 -9999 -9999 -9999 -9999 -9999 -9999 -9999 -9999 -9999 -0.00976006673882172 -0.0302924999000301 -0.0930935750867449 -0.0515201477727326 -0.0267456024161033 -9999 -0.210198456340186 -0.179486163942543 -0.324232545217465 -0.351313756927455 -0.298077279936318 -0.29338996521781 -0.286916732716452 -0.222730881974653 -0.108679118819487 -0.059214022339391 -0.0227827716384158 0.0758015322332293 -0.00431115913999107 -0.0605116797302835 -0.1413257479512 -0.195194945613552 -0.151852735431254 -0.0515392643795675 -0.0714660697289719 -0.116816309106764 -0.150923376035666 -0.182660040386455 -0.169965283463786 -0.156789201289123 -0.101679429833315 -0.095067703212046 -0.108903513508534 -0.105983279396199 -0.079892315562708
-9999 -9999 -9999 -9999 -9999 -9999 -9999 -9999 -9999 -9999 -9999 -9999 -9999 -9999 0.205161613645147 0.0381080287607473 -0.0590787059757949 -0.00235084152253559 0.0788974482270568 0.0543693482604053 0.0352402627575395 -0.027847684597834 -0.172700831071009 -0.0573401776817119 -0.0614758069657563 -0.228291518174052 -9999 -0.172201611073012 -0.181879062263493 -9999 -9999 -9999 0.0256778216443205 -0.0306087229701889 -0.0873696605713929 -0.080970363653969 -0.0772555050288403 -0.0603012918338857 -0.0288126689366565 -0.0681425605339796 -0.141558435336926 -0.158423342264046 -0.174371165303115 -0.110788246477854 -0.0583427997567152 -9999 -0.0662306298592825 -0.0347224077794849 -0.108289881150327
-9999 -9999 -9999 -9999 -9999 -9999 -9999 -9999 -9999 -9999 -9999 -9999 -9999 -9999 0.331061115496394 0.215450973859941 0.141914361845057 0.176779035077534 0.177170859015566 0.0880366403693674 0.0130974724552014 -0.161420956640209 -0.216717462739397 -0.256504313540232 -0.182991755199081 -0.125298659977646 -0.171973387357214 -0.16862811276358 -0.207858563495791 0.137893549082478 0.139809896721355 0.16512983452818 0.111032156733316 -0.0214179554649969 -0.0595589303489535 -0.0737468458852102 -0.0492376115936718 0.00416782099575183 0.0185178785984755 0.0303297550482361 0.00661442226942834 -0.0698179697395572 -0.136488089721008 -0.113735382837857 -0.0638256371126762 -0.0392692047285462 -0.0169182108844673 -0.0489720025695305 -0.0815654763154894
-9999 -9999 -9999 -9999 -9999 -9999 -9999 -9999 -9999 -9999 -9999 -9999 -9999 -9999 -9999 -9999 -9999 0.183029422170326 0.16876804780359 0.10338826893899 0.0239250187444167 0.0149718215743943 -0.128669016408759 -0.188876291355059 -0.214315464645412 -0.153604490533133 -0.138725044365106 -0.164670946378706 -0.242596721966664 0.115117396411348 0.167941742387125 0.147905858759031 0.101853612119188 0.00256901061436048 -0.0534809400941583 -0.0810920318971922 -0.0203505191732396 0.0335552545544068 0.161383732951532 0.0446021266214326 -0.00264149632799475 -0.0662676166242865 -0.0913244524016751 -0.12429262588537 -0.13541849276495 -0.100361099627912 -0.0542283762200689 -0.0811599623791809 -0.0943166778089771
-9999 -9999 -9999 -9999 -9999 -9999 -9999 -9999 -9999 -9999 -9999 -9999 -9999 0.42638719150128 -9999 0.190481373419362 0.144468469477675 0.206103579452769 0.0622407581840027 0.0452532815999717 0.0442414862554586 0.0435457199250343 -0.0352542534590522 -0.179945712569373 -0.202213107075412 -0.147450372937032 -0.103449024923994 -0.0182256517868484 0.0693352628308056 0.0990670510802633 0.0892031745691747 0.0764481367609266 0.0884949997240101 0.0155600744677206 -0.00333603950736633 -0.0221408366363614 0.032058085037844 0.0373706360148344 0.0999815978657377 0.0943800710057015 0.0464580618277197 0.0499676091272731 -0.0727090534709542 -0.142118730399116 -0.130595550411402 -0.104618093788149 -0.162758383020592 -0.22648629645465 -0.200232228263354
-9999 -9999 -9999 -9999 -9999 -9999 -9999 -9999 -9999 -9999 -9999 -9999 -9999 -9999 -0.118329348856572 -0.0511213546650911 0.0579536960295722 0.0162689264757427 0.0260332690932902 0.0275816778786563 0.0691551218107381 -0.000752557132116648 -0.115576078928221 -0.180720600747695 -0.206233757947962 -0.16570042307233 -0.145644589500162 -0.209497710529207 -0.0771394354744564 0.0572285126581573 0.0317532660295743 0.0202865638639721 0.0353570259697228 0.0088697523006685 0.0283634174075898 0.0311231980986147 0.039572542043273 0.0969206563310619 0.106367646146267 0.11447262533142 0.111014564344684 0.00819272377249289 -0.0623372379276058 -0.227884062291768 -0.167045722780868 -0.126860561857115 -0.131281965470044 -0.125616110785155 0.0939816218240025
-9999 -9999 -9999 -9999 -9999 -9999 -9999 -9999 -9999 -9999 -9999 -9999 -9999 -0.0364830754126059 -0.0873105903446411 -0.143360640082734 -0.108296583118635 -0.0618517025684933 -0.0422129815670165 -0.0108728023348089 0.0432497185922646 -0.032864182185907 -0.156116256858427 -0.204320430215269 -0.275680196138013 -0.279579980064243 -0.287672758203638 -0.182779647520441 -0.200840052394522 0.0544843156738656 0.00875789792844378 -0.0072433813132441 0.0199495321833336 0.0114158885875067 0.0286183347202483 0.0540664324606136 0.0181614961515782 0.0590144356322617 0.144240087193141 0.176091505344807 -0.0315017504541949 -0.0176493473588555 -9999 -0.1188866307691 -0.16315691875753 -0.169483408644476 -0.112031355544463 -0.0757747600156202 -0.0047969949242922
-9999 -9999 -9999 -9999 -9999 -9999 -9999 -9999 -9999 -9999 -9999 -9999 0.266044727485277 -0.0319660638562938 -0.0564713877135333 -0.126994111799844 -0.173093681253116 -0.168752190711433 -0.154058745075864 -0.0569080816295821 0.0108774837713848 -0.0903721488070306 -0.154732447140759 -0.319592194034306 -0.284742842785187 -0.343228551774499 -0.351078726501968 -0.312873101326192 -0.259809407969465 -0.138446068122891 -0.00991762423696958 0.00727113838478036 -0.00959520830229412 -0.0106579304450279 -0.0417262707005759 -0.0500140594717188 0.00304096732963352 0.0789107698293161 0.0967214027612054 0.116006905666784 0.0645781873829152 0.00670419074643943 -9999 -0.119294284462903 -0.174227718752096 -0.200206840526348 -0.139054915029521 -0.0827472382343499 -0.0538443554451202
-9999 -9999 -9999 -9999 -9999 -9999 -9999 -9999 -9999 -9999 -9999 -9999 0.119932783593341 -0.0748684021219045 -0.122524497904146 -0.153850625165864 -0.136729876643072 -0.145209311678117 -0.173876019404357 -0.0909833820445908 -0.0702403560580982 -0.132193669198887 -0.248872406332608 -0.323375769012167 -0.385661570156109 -0.412831788720366 -0.372516650851851 -0.313452133950844 -0.322293723364115 -0.292047238327665 -0.0873380430637331 -0.0159025071417593 -0.0556639810664739 -0.103537138054183 0.0400605369636645 -0.0405703356961342 0.0256970254612619 0.00973531655715563 0.0231795095452012 0.116862573582402 0.10948362821477 0.0404101613674806 0.0417870983844798 -0.0367991525031208 -0.217503813963171 -0.120844299029157 -0.0861458280200716 -0.0672795882678164 0.0267626212214561
-9999 -9999 -9999 -9999 -9999 -9999 -9999 -9999 -9999 -9999 -9999 0.092091395087921 0.0943437390371208 -0.0433437799220839 -0.0767750171721232 -0.206521264265993 -0.180390891992309 -0.221279824087855 -0.196813906067374 -0.18112555015766 -0.324333477456145 -0.356912493111738 -0.349964684914174 -0.37703145744146 -0.408625197622354 -0.398785733651132 -0.39459674727486 -0.386716938935677 -0.392134637685502 -0.299852443410041 -0.147612773662955 -0.102493940326396 -0.227569778069915 -0.269175975441595 -0.047138174564035 -0.0343958531660347 0.0253481358784724 0.0533014809841085 -9999 0.107065104748263 0.108124691226609 0.0388376402149293 0.0534077588712715 -0.0308726723742694 -0.0611084715476413 -0.0582256160776145 -0.00945388793134315 -0.0090854530650858 0.0773159744863317
