data/rasters/s8.11.08.li.2_xyz_08_.asc
NCOLS 100 
NROWS 100 
XLLCORNER -4 
YLLCORNER -4 
CELLSIZE 0.08 
NODATA_value -9999 
[rows 44 to 65 of 100, columns 48 to 95 of 100]
0.153152612745907 0.154332259676054 0.211126440286891 -9999 0.0966445529938983 0.178795460967701 0.120314205371387 0.0681514050236487 0.131256949189031 0.153581597243453 -0.11735103052348 0.0705482053769048 0.12149787447729 0.147050051018485 0.0127093422981822 0.120137797988892 -0.129541186036099 0.0691440341302062 0.0576241277927092 0.140695893914819 0.201716300559922 0.16576895065931 0.232904811210701 0.139773056127329 0.177059528992598 0.0978122139586111 0.0656530368335101 0.0847548979601545 0.0619186008579939 0.0382025374255936 0.0625589462036163 0.0220503426091399 0.11259591493537 0.167160149602274 0.0651247978428102 0.0347651480143833 -0.0415024513352533 -0.0288880656322291 -0.00676684688694 0.0234935331905068 -9999 -9999 -9999 -9999 -9999 -9999 -9999 -9999
0.128000473662776 0.0852538413666661 0.384798473415222 -9999 0.157453952540122 0.3135260234552 0.237199843628975 0.102932521021847 0.182308990871755 0.145312780273085 -0.104728339017707 -0.108475544403589 0.188292441846899 0.0313676717506954 -0.013521061770068 -0.000696303808770096 -0.0658174551075297 -0.0878468529282293 -0.0128879692226012 0.265198127214409 0.146475138268559 0.168071910758149 0.107722962404114 0.17059544078715 0.0702109883655175 0.0427422519483371 0.0624651709137416 0.117948023643414 0.0284109146809787 0.0596498495824656 0.0932034665369241 0.0747420384057418 0.0949882077667096 -0.0319541067951073 0.0432381954085662 0.0992573353163993 0.00517650458897371 -0.0513944677533444 -0.00189078094739257 0.0113616923320079 -0.0586780411372405 -9999 -9999 -9999 -9999 -9999 -9999 -9999
0.0654092899024367 0.0518396962369593 0.0474969658132629 0.0814486698464935 0.118299017702828 0.137306139367886 0.152651145030059 -9999 -9999 -0.0409965180731872 -0.0721801505337557 -0.14674178225776 -0.20201619992702 -0.0170980746090004 0.0437621486648567 0.0516433792311499 -0.0314062935914991 -0.120669871110651 -0.0570250668957128 -0.0849026886424723 0.178519721953293 0.100125539565668 0.0740347521958071 0.047584658029521 0.0206649703575619 0.0525864747676413 0.0765799620773962 0.049131680147615 -0.00356343539078133 0.020197958950644 0.0809882172779552 0.0740862511484949 0.0753886839651461 0.0462290911745656 0.102889370121291 0.045402420654003 -0.0241021437063948 0.0321259749424468 0.0108590467922007 0.0575967317266496 0.0373018918764941 -9999 -9999 -9999 -9999 -9999 -9999 -9999
0.0565461012396056 0.0910264701423169 0.0615041865478096 0.0447803526295182 0.0725283694142863 0.0970489721304444 0.0469009255708054 -0.0206973333526121 -0.0414123882497191 -0.0299007051931629 0.142682106486098 -0.0878230310212527 -0.185810693018045 -0.124542156562091 -0.0618049010353344 -0.0926293651681455 -0.0467396815634867 -0.111260516975832 -0.106802262073449 -0.0778855615948517 0.0792175821423525 0.0867156003022245 0.0373570916119732 -0.0175953786636682 0.0118917170412314 0.0231301851136227 0.114819769186909 0.0731496254977439 0.0409682951043135 0.0323246220914166 0.0090736862823499 -0.018107682235452 0.0357081829420136 -0.0352084188939354 -0.0302082828061584 0.00528417075042309 0.0664202391586621 0.0549306530687729 0.0577534597076032 0.0421048964543588 0.0702783819717353 -9999 -9999 -9999 -9999 -9999 -9999 -9999
0.0946762225775141 0.0919964906672614 0.0970387963873394 0.0583816389720659 0.0769494045125168 0.096682034914778 0.0707538375961011 -9999 0.01229249700951 0.00418554161650903 0.0989302652825535 0.0226527045137 -0.141784157057631 -0.150528339165532 -0.111631141759168 -0.0734568851750718 -0.102795435553524 -0.0796480564331433 -0.0959262258023876 0.00339827436511636 0.0718848022145779 0.0806856079353789 0.116248483667152 -0.0172738507492516 -0.0572914819242487 0.0132866098639641 0.110571661480927 0.0779996003861843 -0.000418003703319195 0.0310126025247895 -0.00778529887001938 0.00639684059069863 0.0631348310406083 0.0196416190410991 0.0276394508084329 0.0256201772504718 0.0785807110364226 0.0749769903765408 0.0436481939602371 0.0356171679547062 0.0559903848606695 -9999 -9999 -9999 -9999 -9999 -9999 -9999
0.006989796855542 0.0314704000512383 0.012088061342331 0.065504762289836 0.108220102879263 0.195960792442435 0.133852561343643 -9999 -9999 -0.0120904911241319 -0.0513267212084977 0.133930549279767 -0.0726460870884384 -0.179373584596903 -0.166981700509947 -9999 -0.0743736499553097 -0.0949686941874499 -0.0835105165738146 0.00819726112983032 0.0500208698036353 0.176241164180503 0.138703141493399 0.0394332866534695 -0.0784328545890648 0.0265555992553769 0.0620062533910957 0.0038471186159252 -0.00343441726611408 -0.0220908454043105 0.0144038726049134 0.0437499803978237 0.0435030819460249 0.213857583684109 0.160229525284274 -0.0057893242069073 0.029807899981087 -0.00437305493975419 0.0560222277517476 0.0552350495023794 0.141096601825365 -9999 -9999 -9999 -9999 -9999 -9999 -9999
-0.0212060101568996 0.0419909357303524 0.00522687655926955 0.0126998271663848 0.0369967505570004 0.162195649346708 0.156801779486543 -0.0248552816416833 -0.0594135262456924 -0.0366688213001727 -0.0641216790387726 -0.1217995329094 -0.0555228542092772 -0.113800362626346 -0.137798847052361 -0.108883553014516 -0.127203456602622 -0.125906191025454 -0.179464427609551 -0.0561143102457547 -0.0240315602982248 0.102435896851102 0.115157335872191 0.0923177288164024 -0.048264595741242 -0.0656622924153999 0.0613907374814395 0.0530685142865803 -0.0804148877253315 -0.0797441860078958 -0.0965778643146868 0.0372326986026345 0.176455377135996 0.204841984620314 0.156806827776083 0.0569258460035634 0.0451169944876241 -0.0216732593097645 0.0671489382515288 0.0957304814132565 0.0479175448642208 -9999 -9999 -9999 -9999 -9999 -9999 -9999
-0.0210216910205628 0.075625099807316 -0.039929336303058 -0.172013850460267 -0.162014173334566 -9999 -9999 -0.0347985950922135 -0.0836936323512778 -0.0935023437918338 -0.140924523876611 -0.145893880584493 -0.195497761564558 -0.150909843792 -0.159709014055337 -0.145761346438926 -0.0421361445527233 -0.0957085570866457 -0.133702610893066 -0.0481966044892522 0.00686233180700147 0.0273302946553122 0.0358595188165106 -0.0123709371206567 -0.0386389648440241 -0.109014213254379 -0.00414867982055762 0.0314180850571162 -0.0825878386751796 -0.0472864254306283 0.0690525118928099 0.0430889389152268 0.039688822959626 0.09722282862873 0.0604268664463977 0.0735460781246339 0.0294664794979784 0.0135907247572588 0.0711783848384442 0.0551970403606491 0.0747281922210504 -9999 -9999 -9999 -9999 -9999 -9999 -9999
0.0451822831684412 0.0684601626381966 0.0310828522803516 -0.10557450550131 -0.0873128065815222 -0.0705468843297859 -0.0814410862010451 0.170372974911394 -0.0459770064992403 -0.100589209501527 -0.181591033950637 -0.221888120281167 -9999 -9999 -0.241938241985711 -0.0513361937941713 0.0498315416784405 -0.137267985300441 -0.139173653238459 -0.0660661314645933 -0.0388792530063325 -0.0704312420269132 0.0120335638742942 -0.0240023365023355 0.00983572270861451 -0.0549026162867719 -0.100183157225849 -0.0813366903181125 -0.0881570199833774 -0.13449772225154 -0.0262986649573314 -0.0034926044875954 -0.0506846420222318 -0.050014640287607 0.0165570285884406 0.0636347672603872 0.0771422639570175 0.0739543683812915 0.0737145502723325 -0.00829397349326533 0.0878478876496206 -9999 -9999 -9999 -9999 -9999 -9999 -9999
0.149792151157086 0.053198905777128 -0.0199422292397063 -0.0105155976075393 -0.073798207462078 -0.076394813987501 -0.0959593601693239 -0.0896294480183891 -0.0967324499699956 -0.0484636396060009 -0.142076427635498 -0.202130354542911 -0.247929934211866 -0.229692132465001 -0.185218669114801 -0.135071293195601 -0.139183745808125 -0.175483783332984 -0.162612586970731 -0.136603071637455 -0.116804551529679 0.00138069755573298 -0.0852453378572206 0.0256601869485809 0.080420153402882 0.0175150760578626 -0.13942428945977 -0.108595140414144 -0.131063788689654 -0.12031352696141 -0.0478827333291001 -0.0832822117629307 -0.0472705454316597 -0.0386070787035976 -9999 0.18846589306027 0.055515131047415 0.0380489191588606 0.0329722347925591 0.0572471333603702 0.0566473096252528 -9999 -9999 -9999 -9999 -9999 -9999 -9999
-0.062210008410833 -0.0292620089133175 -0.114235057152924 -0.15223235393564 -0.0144662625471085 -9999 0.0068431537093353 -0.0601029692128941 -0.0782952303292209 -0.184285134871503 -0.175746505448043 -0.104702718950443 -0.179050257158249 -0.205698726509507 -0.125106346065417 -0.15183843116983 -0.13539972090427 -0.165245793802576 -0.122979328008216 -0.207369180588887 -0.122431447074994 -0.0993515502414144 -0.100676006815663 -0.0288800681914634 0.0943136120215764 0.00644749481893083 -0.0994000128415179 -0.0973649725002792 -0.125303935578359 -0.117312282782888 -0.0469938450494777 -0.144253047506709 -0.0844440386794879 -0.0168637528684555 -0.0316539986505047 0.148859872549727 0.158265598409646 0.0920290877745138 -9999 0.1202694125182 0.140157744757691 -9999 -9999 -9999 -9999 -9999 -9999 -9999
-0.144281398218102 -0.127633445512667 -0.106315874391932 -0.0886639240029671 -0.0661518131442651 -9999 0.00968346804996411 -0.0181218817216599 -0.0216375127624549 -0.128808675613778 -0.133592502140181 -0.103255780303435 -0.111302694857128 -0.175743176562098 -0.191046073137939 -0.240366537810957 -0.0953912074434727 -0.0336223806040463 0.0161316246055308 -0.0489797122769751 -0.0276102710827402 -0.0278858246360492 -0.0385054846975329 -0.0827993526630407 -0.0644687237739628 -0.0436995568279815 -0.0726826825479637 -0.125671716644448 -0.133579390161903 -0.0799309672474265 0.0160934237755984 0.0772641388241779 0.0332269834809852 -0.0397547242953878 -0.0830520916296605 -0.0210721504062979 0.176497647300063 0.172534310811364 0.16433857109181 -9999 -9999 -9999 -9999 -9999 -9999 -9999 -9999 -9999
-0.167632606104968 -9999 -0.165788625249557 -0.119699954773005 -0.028105195615959 -0.111556626295263 -0.118081810319161 -0.105958530320847 -0.0808674120201984 -0.0711139015888073 -0.126045458632349 -0.131756690320776 -0.128771194489365 -0.122576444001874 -0.127431537667614 -0.280542734381294 -0.183247792506801 -0.101396038124202 0.0476299585564256 -0.103494205661411 -0.168330192004254 -0.0754654621462161 -0.0915282704750635 -0.121663374459754 -0.129784254927796 -0.114812490081985 -0.0906119377876549 -0.13393689502962 -0.128850659581429 -0.0547627564963197 -0.036249767959177 0.0993970570668246 0.105804010815269 0.0859334401439879 0.0389367261012248 0.239488791745841 0.186724377969042 0.205228836757896 0.268344437407087 0.256663919580403 -9999 -9999 -9999 -9999 -9999 -9999 -9999 -9999
-0.163471356054856 -0.105560733546375 -0.104874452901356 -0.129205494300328 -0.101904461115557 -0.0588314864763431 -0.0917032747665178 -0.135858622845347 -0.109057098710234 -0.140460651192393 -0.14845586747101 -0.0388461162651713 -0.128542899718805 -0.0952665271701272 -0.152501655004359 -0.176194346454476 -0.258523995378973 -0.226722390533933 -0.135896505250237 -0.156932154886695 -0.225187431381381 -0.178143757206049 -0.122432340262261 -0.122281499152154 -0.0759868379163133 -0.0649483034035075 -0.0832453954264887 -0.103003742347419 -0.0541445504801026 -0.0429755325537864 0.0170332034003528 0.0400890978290066 0.112357546727213 0.0956272476186557 0.0870554907861611 0.126824345419605 0.267950772070875 0.262320069090672 0.208819864026804 0.256025132828997 -9999 -9999 -9999 -9999 -9999 -9999 -9999 -9999
-0.0869589982560826 -0.080274029495655 -0.0758508447511563 -0.0913006887281491 -0.074981447172282 -0.116329735094694 -0.158698487837242 -0.174160739782548 -0.0950843234233564 -0.167835001534116 -0.093742389204631 -0.02984553110624 -0.0996101325486411 -0.178566054185126 -0.137160914874832 -0.160511878443816 -0.21148832090908 -0.24763839233287 -0.196812594113942 -0.155617515109911 -0.137669093666852 -0.0976430777113833 -0.146861057536142 -0.101505058005406 -0.0335426416092484 -0.0463723358451765 -0.00803805179621179 -0.102060185530399 -0.0880636983170912 -0.0247995515530975 -0.0377210760227342 0.139041138218321 0.123997826294367 0.112257310330573 0.0586693630104293 0.0583062579293334 0.163724788566468 0.233403122068991 0.206388766265204 0.363627787956069 -9999 -9999 -9999 -9999 -9999 -9999 -9999 -9999
0.0320597696452627 -0.194203735821482 -0.0775153042441018 -0.0642495760604013 -0.0442413439906713 -0.0609520687809254 -0.102338135133376 -0.14878656833941 -0.0996092991249181 -0.0516885279182735 -0.0663286085562987 -0.123414619101648 -0.153167094697639 -0.209508748525267 -0.175674161607694 -0.144914603160619 -0.167049715440637 -0.232801482502021 -0.314137424615333 -0.224793643290694 -0.104520367572353 -0.149478048980154 -0.148220739494796 -0.119280201414147 0.00958223401190208 0.0200968036555509 -0.0366648195770224 -0.127151027048654 -0.0759250755587509 -0.0436263935403487 -0.0639966272137097 0.127871113137051 0.113275994250762 0.0953616121730432 0.0129621703099256 0.0209185275069854 0.169701651800913 0.187873933734488 0.282071191276687 0.466604912793644 -9999 -9999 -9999 -9999 -9999 -9999 -9999 -9999
-0.151358197921767 -0.090695745719185 -0.126618036800666 -0.0792656655390758 0.00278869204228188 -0.00958938496621198 -0.0607422486012379 -0.140248854450702 -0.0558284245860866 0.0480263283252328 0.00198585490613144 0.0107487344450112 -0.0301594437352674 -0.238103735645853 -0.203251443780773 -0.19300721673572 -0.185514307169745 -0.246694581635251 -0.257240150005426 -0.243292533108013 -0.187023207614947 -0.176217959932419 -0.12907439941694 -0.127436282025451 -0.173988674435587 -0.212944668965406 -9999 -0.0407990048077938 -0.0745839240744992 -0.0693690073167662 -0.0890569448191035 0.0259988465186918 0.106928302518907 -0.000275707467444665 0.0107284134815212 0.0351082801101441 -9999 0.126388056691095 0.335522070353446 -9999 -9999 -9999 -9999 -9999 -9999 -9999 -9999 -9999
-0.222448578986066 -0.173823456078279 -0.170750543023376 -0.142192612536549 -0.0427421088861816 -0.00513004809552825 -0.11845416045372 -0.145350297434931 -0.124386573261633 0.00355399701432018 -9999 -0.0499373731233205 -0.108717752125604 -0.154712247758643 -0.145869851704504 -0.218338398488736 -0.195710157699258 -0.166374322604498 -0.205836848872885 -0.135836747099177 -0.144152574972574 -0.116007538299872 -0.151454472505273 -0.128574335517577 -0.114548754366805 -0.162480631274465 -0.126643574865356 -0.0607564942808924 -0.0584970906930389 -0.0527734080502591 -0.0744040492719467 -0.0506944857406428 -0.00418561392725601 -0.00629343133332548 -0.0590937189389829 -0.00515861628695071 0.0815843032628475 0.0566682266593131 -0.12890290529479 -9999 -9999 -9999 -9999 -9999 -9999 -9999 -9999 -9999
-0.00206880127359428 -0.228787874071664 -0.254015330265255 -0.0480486120654501 -0.0599702895596752 -0.132658574477298 -0.109334207418964 -0.0574871864897212 -0.101450246282591 -0.0908924848345891 0.010831501643897 -0.0206299372780391 -0.128780665309051 -0.0872673278677158 -0.0425876052432898 -0.0714032362573573 -0.0523189895836225 -0.129832732239082 -0.161947747695391 -0.204537130886464 -0.15181380834825 -0.150750822852225 -0.16021124290174 -0.0745360459920667 -0.0348960778215842 -0.0576870342302622 0.0112797723371284 -0.00225023422874999 -0.0426272235075493 -0.0146437623327901 -0.0265480053875621 -0.0250735691383889 0.0542803612221231 -0.0201697694946948 -0.0395766495544216 0.00505719576507593 0.0292729414267426 -0.0449404315766848 0.0183193619423777 -9999 -9999 -9999 -9999 -9999 -9999 -9999 -9999 -9999
-0.108856549610315 -0.184922635192043 -0.00886109714603896 -0.0865992607017029 -0.0827120725465726 -0.0872157107801661 -0.0746248092544377 -0.0626059208577109 -0.0780839638700164 -0.0649735062657082 -0.0324670413397079 -0.00248048173669173 -0.0500929411173284 -0.0542135298729483 -0.0928887949541609 -0.0750786464458303 -0.084725989182176 -0.0916935441564817 -0.176838255629726 -0.19058877957515 -0.147029269630608 -0.172172618785841 -0.145263789512802 -0.0513357634779847 -0.0423790585455099 -0.0915522029650867 -0.129778703318089 -0.0872955455188306 -0.105486544073264 -0.0860117763614883 -0.129772533600435 -0.0622217714385179 -0.035823693512765 -0.0475540926087099 -0.108139542326531 -0.019421443937859 -0.0566361376650388 -0.0581464897605758 -0.0163593993092301 -9999 -9999 -9999 -9999 -9999 -9999 -9999 -9999 -9999
-0.206177519738304 -0.152122996796185 -0.150514448920737 -0.145464352042921 -0.0916077954670421 -0.0910620074389483 -0.0273729769409389 -0.0666460534261433 -0.0620311632834715 -0.0884680332433019 -0.0797960828346602 -0.0608808680487064 -0.0270761510036243 -0.0232927897957754 -0.151298140879641 -0.167431887581326 -0.104169790227233 -0.164458622225534 -0.220625756955864 -0.160053009225705 -0.148833374287188 -0.147468427874498 -0.154670462440014 -0.104555882456751 -0.104099182943939 -0.10628895092241 -0.120217206767686 -0.0981767188097541 -0.0707730291389068 -0.0468063878163069 -0.0713691814352032 -0.064840591076935 -0.081437891558753 -0.0248846557611543 -0.0773213616922431 -0.0137244203327248 -0.0187387026776805 4.24655869325141e-05 -9999 -9999 -9999 -9999 -9999 -9999 -9999 -9999 -9999 -9999
-0.241744802955908 -0.190473765859058 -0.142300057936195 -0.15902013096692 -0.147241375829715 -0.17178245180873 -0.18571374159521 -0.0747383709400219 -0.00442721180581067 -0.025901873304534 -0.0446115999985013 -0.0432710260199228 -0.0587198706710908 -0.0251892906184014 -0.036070395098431 -0.0616864536413185 -0.0936645127118512 -0.129036241741866 -0.122055385970918 -0.163887614119573 -0.164646412317089 -0.125201543173984 -0.146532307854997 -0.0777233115137416 -0.0497730606244024 -0.11812985442801 -0.119828235272805 -0.0700674138476111 0.0515554469338751 0.0677757321520217 0.0250185385588259 -0.00924948677324736 -0.0745887130569542 -0.107469468486806 -0.0728807863662838 -0.0431214379108689 0.0158718033770063 -0.0563427222261402 -9999 -9999 -9999 -9999 -9999 -9999 -9999 -9999 -9999 -9999
