data/rasters/s8.11.08.cu.1_xyz_08_.asc
NCOLS 100 
NROWS 100 
XLLCORNER -4 
YLLCORNER -4 
CELLSIZE 0.08 
NODATA_value -9999 
[rows 42 to 62 of 100, columns 47 to 93 of 100]
0.16734843604303 0.162838671208259 0.0770253895007131 0.0674186380234109 0.152125810786849 0.288893096175849 0.35225255894818 0.317847418351591 0.225373323566397 0.278411936819123 0.29032227725597 0.204380133935881 0.105537737535059 0.0843325971745442 0.12641690538414 0.101034445462915 0.156639381953107 0.231902260592111 0.283459061976397 0.301423462552995 0.238743402041534 0.243583184414057 0.412589290052685 0.216705279912044 0.153578244470019 0.0831422443817386 0.0796099707049921 0.0251219265244447 -0.21449030014705 -0.263545562360741 -0.259475752320102 -0.310269571897501 -0.288342973148938 -0.347056410114251 -0.430465997806094 -0.388183865813153 -0.363644468123402 -0.360821015045777 -0.325886560685975 -0.29279197332775 -9999 -9999 -9999 -9999 -9999 -9999 -9999
0.207861150840944 0.234321650203762 0.120435417167277 0.0819007655140106 0.130680647530113 0.187855254601898 0.2523921432041 0.3654802110446 0.36280682986168 0.404770604243735 0.481673864828003 0.372756811705226 0.233086155172057 0.154596933864052 0.174795323039683 0.116539181410122 0.196763046616689 0.338259260037147 0.340514347835615 0.358950385907009 0.292648861286271 0.331411318680706 0.305557665370386 0.254788221742354 0.0819725086302588 0.0105683525788244 0.00528915314619141 -0.0335336611351033 -0.0651862287461175 -0.0701875000614441 -0.19430467975687 -0.273885200792812 -0.255460458096315 -0.286653202572477 -0.351019833318074 -0.361904460208287 -0.394343420938264 -0.362953112321233 -0.306340134282652 -0.309383475021406 0.179704095652583 0.167571620760405 -9999 -9999 -9999 -9999 -9999
0.292538371582413 0.220470262355855 0.170231974382206 0.111467443320318 0.157506519795248 0.184713451469395 0.177913982309873 0.473235253533308 0.443478488006684 0.661069055006371 0.664281483176182 0.350063446668546 0.350849531106346 0.262641145815607 0.192866170956618 0.296171419610495 0.42513093463686 0.418180328217599 0.606033758335239 0.620654024022542 0.291008217514204 0.173518003253155 0.196739518886728 0.144663782092312 0.145650669501994 -0.0398001178460577 -0.074101768237137 -0.0682394175820248 -0.064187140028415 -0.0357707468941004 -0.137464176759524 -0.232855322862517 -0.279435000335126 -0.259851837565228 -0.196539091406405 -0.25399813576328 -0.278513666678197 -0.279150017567724 -0.243362081461808 0.0133545167199232 0.0907487175241247 0.226650018436897 -9999 -9999 -9999 -9999 -9999
0.288999624336298 0.290684924461678 0.171750644722122 0.106946515092431 0.176025744830387 0.193162539247404 0.280391920737404 0.394357282006306 -9999 0.655042914726829 0.655986756231827 0.614200469241378 0.634308166131116 0.399677255766081 -9999 -9999 0.522859788136058 0.551645576522235 0.497171324886734 0.420968923280178 0.195729276450102 0.0691668922085575 0.0367094585213679 0.0238985325846828 0.0384326669922657 -0.0203022706036915 -0.0422675015170015 -0.0911364156850787 -0.0870592695667024 -0.00494838051747903 -0.117082858042242 -0.16937665861824 -0.239996340186285 -0.243027352908115 -0.17227704652562 -0.172022285457348 -0.187978718902975 -0.199749046500438 0.35980322414036 0.169286019603687 0.192262052273768 0.256665508507498 -9999 -9999 -9999 -9999 -9999
0.24873897025221 0.236947468377886 0.172901241928146 0.086516131679409 0.11773979816918 0.13924342157084 0.323466224196514 0.424044692531755 0.455394560330844 0.432537104918617 0.537230398699263 0.638031519807709 0.655314063373981 0.615598842115807 0.653080673026224 0.738040395735736 0.640743052642753 0.464298466422621 0.210707925783618 0.164068597680095 0.100256445255825 0.0701023089472401 -0.0520772856870244 -0.0776229386190055 -0.0282871469200293 -0.0750700789099113 -0.0523503315971815 -0.13492489738289 -0.0936249399373123 0.0525105450914887 0.0616126644227156 0.16708161913473 0.0983693319501209 0.0116258513683822 -0.131497035055078 -0.158531958513642 -0.202353215541159 -0.199941894101585 -0.136867653264787 -9999 -9999 -9999 -9999 -9999 -9999 -9999 -9999
0.150125451521463 0.135914401108962 0.138427135265212 0.0864077677476696 0.0994122749045853 0.120185437242119 0.15840152171898 0.181770068247149 0.22079513269216 0.228739292212658 0.174922249988526 0.358307793529979 0.26365091060059 0.52123664241797 0.647161566123648 0.647914239124431 0.584711349294347 0.34476724915471 0.176842045584743 0.125571309334523 0.0915262649057905 0.0791927511766528 -0.0280068321593396 -0.0665219445483412 -0.00425637134902527 -0.0689934825185155 -0.0879065114563937 -0.11463135215609 -0.0306251493197535 0.095967716363257 0.128968440730928 0.245630167835641 0.281638970257853 0.158231053227826 -0.0425358843927784 -0.0568044238249784 -0.0757453545671561 -0.177255429432847 -0.122775711727812 -9999 -9999 -9999 -9999 -9999 -9999 -9999 -9999
0.109702257868606 0.120707958722099 0.13122095993361 0.166542892389635 0.15012512964546 0.20442313218643 0.199882454983414 0.186470986668264 0.0988015034580327 0.0963625875031197 0.170699294655588 0.144306081276155 0.212909493763012 0.320700100187124 0.525016179127701 0.587186210896136 0.427173196658376 0.250865944593469 0.174214645267458 0.216532280124223 0.17101532151479 0.137306482625726 0.0665254022367567 -0.00354713662667746 -0.0850631997169786 -0.0133193700462883 -0.0284492108221458 -0.0646586160728317 -0.115823604679908 -0.00488973160592065 0.114243999888652 0.162774748149873 0.399770402342427 0.408898836067926 -0.0813610396971332 -0.0793640404527681 -0.104635202848224 -0.163620047690449 0.0390402091595864 0.0560637672162067 0.163546720204313 0.242426602465801 -9999 -9999 -9999 -9999 -9999
0.119927802078304 0.104745503187252 0.163123177721205 0.218860523255866 0.184808383699274 0.158335436083127 0.190331266466491 0.183943534002783 0.0939820631242087 0.062333938611403 0.169696887389225 0.134099721487445 0.103734594507677 0.276989057057572 0.203333031087647 0.258825714612169 0.128415607329139 0.166644509543682 0.153665685471894 0.270215025623841 0.372162899184062 0.32487131295955 0.379923137305507 0.359219748708201 -0.0498705642736946 -0.0195078400403881 -0.0408531295558938 -0.0652612093716888 -0.108425501118921 -0.00965283510112324 0.101874088032352 0.105074781697288 0.299951474997464 0.43323387149571 -0.159678972025927 -9999 -0.0147481762501323 0.151241649857305 -9999 0.0341620335687055 0.0589457425964303 0.0564635836039187 -9999 -9999 -9999 -9999 -9999
0.151638996724172 0.181748319526409 0.18500144830531 0.16325983140387 0.186050915161238 0.16901130160868 0.157032488910101 0.141969794422358 0.0380795948358948 0.0542827041242161 0.0698437556605912 0.0215141105863528 -0.0457339275048571 -0.089704148180764 -0.107996181283863 -0.0544951284443773 -0.0178611488396532 0.0813262214442452 0.187620923674519 0.329619029973875 0.396545165103813 0.454630528408498 0.415200139406258 0.299096626195299 0.109480143899852 -0.0150696298164458 -0.0637561845989609 -0.0913005726765336 -0.0322524977784686 0.107159148769812 0.0928018766979806 0.100251089805992 0.145823772979784 0.0980832315180124 0.0708575915858038 -9999 -0.0621174994692773 -0.00426326811700529 -0.00768996943205097 0.0683332182631443 0.0532933145002131 0.0109102278908232 -9999 -9999 -9999 -9999 -9999
0.191951112956982 0.260842340514293 0.156549337159691 0.121001231677118 0.135543461253698 0.145167927993312 0.139790072032257 0.0660588926451185 0.0465577837320849 0.0390107957519371 -0.0219495001681517 -0.0421863436236104 -0.0738292453830538 -0.126904851804849 -0.121335427516105 -0.098330262114623 -0.108032042261676 0.0610726414573093 0.18419936156037 0.156186655198763 0.310455959201147 0.384056167597141 0.327697501994331 0.255270785000905 0.116276684040344 -0.00546667076097914 -0.0700107686559973 -0.0306163897024994 0.148891276158917 0.131594589409436 0.103072137384913 0.152402166981131 0.0929400800958562 0.0272298173601714 0.0615606606665853 -0.00913896412853905 -0.0390414406891854 -0.0685951493915114 -0.0469154556588878 -0.0218320304564977 -0.0227895131829172 -0.110815626530477 -9999 -9999 -9999 -9999 -9999
0.0870055395142597 0.148175474846578 0.117590525514455 0.096476035219491 0.155556483099669 0.151648833034714 0.109752076830494 0.0437108317138825 0.0450449753078044 0.0786634538901478 0.0973681299901327 0.0699725946407695 -0.0206613346409184 -0.0704719011916342 -0.0927057215122122 -0.104964104396739 -0.121065843782128 -0.0249634959157355 0.0878133440112761 0.0805320379459438 0.163597101781601 0.264703673908083 0.270397647029155 0.298111694294377 0.13903753237829 0.0231557989524409 -0.01048435965833 0.000891506431016745 0.110093723573751 0.0971530719599527 0.059056649457632 0.0649575950537651 0.0200307909948789 -0.00556590941942903 -0.0157043194760804 -9999 -0.00342851936020633 0.0351630218406109 0.0732103265219739 -0.0231807191078044 -0.104930687123771 -0.170555964476047 -9999 -9999 -9999 -9999 -9999
0.0323031534017397 0.0482269763004761 0.09866943353763 0.100571540661468 0.157159349957094 0.148753319650315 0.081111044222239 0.0646789298802022 0.00183096731826723 0.0630812276901284 0.147067036163539 0.131278824990755 0.0382965403538052 -0.0362630662567503 -0.0856564503936692 -0.109315239698883 -0.106313192474965 -0.0633696070708275 0.0263779739251216 -0.0265074947201705 0.0873371016438842 0.152466563218195 0.197229780733031 0.332378231453377 0.14491489432571 0.0489050440542259 0.0470093793029056 0.06787313244936 0.0570720590592156 0.0110682878792034 0.00310745871393132 0.0312652183886482 0.0510280671158721 0.0997449697041617 0.218316608527386 0.308680922879074 0.359629843336933 0.233840146784194 0.0975797927599497 -0.026492499101776 -0.112077426846043 -0.117987436310745 -9999 -9999 -9999 -9999 -9999
-0.0129003884697019 -0.0083578142726781 0.0177889146411536 0.00614334208796001 0.10209744477867 0.155669256808559 0.116225259167506 0.0287454347516043 0.0678905410181814 -0.00540331454354079 0.185806798018731 0.173964675084145 0.091865973208499 0.0263671979345812 -0.0240637341233776 -0.0367570163388306 -0.0482234467758198 0.0280155698028394 0.00190277302848878 -0.0232587018463182 0.115936834194737 0.129291685495449 0.166840764918732 0.236101217897277 0.241405655057908 0.0952062625150375 0.116040097139774 0.129517028493713 0.0653215710347708 -0.063149068641253 -0.0527614808547643 -0.0513206060558803 0.0420970193229929 0.126554235037225 0.146614123383482 0.133338349941515 0.171485570465843 0.00574446775995761 -0.0434650303315808 -0.0923071119157659 -0.0405427292879529 -9999 -9999 -9999 -9999 -9999 -9999
-0.116505254835933 -0.0633266663348502 0.0255983836703327 -0.0252588697003281 0.0701902950433644 0.149414806548256 0.162333576430243 0.247087437581783 0.188916931271756 0.130431899749478 0.173786621831978 0.233449695843766 0.136636794908308 0.0739060853920796 0.0438172995023356 -0.052991603396367 -0.0222415398297964 0.0300671832388325 0.0389228526984489 0.0374700126551863 0.105127257876838 0.152468782545951 0.163225545078085 0.156129904569646 0.165032258898268 0.1523995107474 0.116608239678422 0.0956582729208083 0.0222902325911662 -0.0419260026933553 -0.106346237332181 -0.125056649523103 -0.0338596487177459 -0.00176869824277874 0.0667664448115284 0.0727468203320989 0.0963905816455058 0.00108698044885253 -0.0715111868781105 -0.0356708067317109 0.00633636975142524 0.0499104363860542 -9999 -9999 -9999 -9999 -9999
-0.145552566586273 -0.0640983863036647 -0.0099718424950787 -0.0227751541693312 0.0297020426669558 0.130955409006714 0.114481190122634 0.17085141737293 0.173103571194842 0.16562716539236 0.189856013934784 0.15903150019675 0.0909226626067893 0.00143406798029021 0.00658303838914617 -0.0380072514596816 -0.0501487751512454 -0.0135399675139516 0.0294710642951144 0.100409928419856 0.111807712904687 0.130949766991358 0.0779052257729234 0.0885192815243911 0.156282652651344 0.158448545750656 0.0435041120309879 0.0134659677675651 0.0156957675718627 -0.0484608121321705 -0.0221194035818817 -0.00145068719166996 0.0358752551499714 0.0344526460197352 0.0470376642316045 -0.00391730119761877 0.0193493103742239 -0.0617757022903374 -0.117676952270051 0.0241164570864518 -0.0131135932795142 -0.00285605260436448 -9999 -9999 -9999 -9999 -9999
-0.102984502731815 -0.0172627854803699 0.0151886497275962 -0.0138379351244221 0.0530819668850033 0.0585727599753499 0.0362905624796787 0.0933911133218767 0.157936670474735 0.0918896356706357 0.138885335439146 0.0378058265424163 0.00281139675671936 -0.0493882043335838 -0.0663745351819093 -0.0595315088990731 -0.0691417284653515 -0.0844750121280023 0.00163784818206759 0.0641499472222829 0.0811687054772283 0.125789538361815 0.0946009434302244 0.0872670652671608 0.166365017262015 0.15932328255738 -0.0115384040907596 -0.0633165741902642 -0.0487856852025696 0.00246315989873116 0.0362796434657549 0.0831709814078343 0.104110512663163 0.0264272135855029 -0.0146337984989523 -0.0736640391579817 -0.179055044285265 -0.2093895034472 -0.203629130969743 -0.117850572946776 -0.114203657902731 -9999 -9999 -9999 -9999 -9999 -9999
-0.0348973729726123 0.0158701292889168 0.0825830293311006 -0.000225234068672656 0.0299498565676454 -0.00251359358547972 -0.0189740925110733 0.0594564732990812 0.0321511855424452 0.0172473422001773 -0.0352340500097734 -0.0546141596152419 0.0263200620034015 -0.00790191256579078 -0.0815165858843728 -0.0388681699401298 -0.0594779900423445 -0.0657657577352783 0.0181611301677815 0.0317622728127628 0.0622314843214816 0.134694904941166 0.138386056098341 0.152844754291002 0.139344553411975 0.119147987177526 0.00920660780149431 -0.0295981750672385 -0.0212444213648368 -0.0066640065021851 0.0610260079025891 0.107337700868293 0.13374591325181 0.0386254246630585 -0.0667756360664089 -0.0908826275556037 -0.156741893506001 -0.217311260994901 -0.209647811411781 -0.264080362087126 -0.270068798213775 -9999 -9999 -9999 -9999 -9999 -9999
-0.0898744027499848 -0.048118340972268 0.0508312670830882 -0.0437608126452549 -0.0307853164983911 -0.0364925277286359 -0.050173833544659 -0.0373527023554042 -0.0213494919932583 -0.0430912978321794 -0.0543670367303332 -0.00864623855275695 -0.00560049302233407 -0.0404128665431027 -0.0576969504865712 -0.0776890578308081 -0.0917868432736972 -0.0368446980525287 0.0867274856650618 0.14460536334094 0.123906137474445 0.110556663103746 0.162645340792895 0.234412256909408 0.254920513505349 0.206946690985804 0.150548975639039 0.0378593753216406 0.0385849182131932 0.00712481476168889 0.0171684425868847 0.0736608992245778 0.129332711162882 0.0499784289519969 -0.0679771888139885 -0.149004947503775 -0.175894211196411 -0.210658898915891 -0.240014301745049 -0.270444947040309 -0.277645259269751 -9999 -9999 -9999 -9999 -9999 -9999
-0.0856080416594556 -0.0399969944019354 -0.0322504127076749 -0.0589165010124452 -0.09139925437259 -0.0737526292202353 -0.111517038469935 -0.0878553305640197 -0.0472333026880579 -0.0556495625407963 -0.0790073569589579 -0.080553980777899 -0.0769532936032862 -0.0890686276168775 -0.113755317170292 -0.121276205756595 -0.0596309512127408 0.0797913474090386 0.0450471206188869 0.0432834793406939 0.100284395992336 0.0760360353497997 0.183610426355155 0.284308192749989 0.255219926025614 0.211604237324679 0.165705577430024 0.0687074419642797 0.0484171611315132 -0.0387014115304087 -0.011034491433945 0.0538158079583142 0.0157531358715129 -0.0489070445143254 -0.161298283303224 -0.264916826380164 -0.264550305434342 -0.228289374062867 -0.205827958043683 -0.195447756650333 -0.209119805287294 -9999 -9999 -9999 -9999 -9999 -9999
-0.045161842981863 -0.0207482848287536 -0.0530016031590735 -0.0965937663689774 -0.106103001808281 -0.117221975761159 -0.0451015135157895 -0.0361974428827995 0.0021682680015071 -0.0395974840674818 -0.0736073992293906 -0.0767211275161621 -0.072046037600106 0.0241247665568241 0.0149908857312322 -0.0493734614332797 -0.00649742024822648 0.0362695064547154 0.0287294971972145 0.0438229055369239 0.0423330760057838 0.0961014443000342 0.136854233531131 0.17382306855284 0.170215201530547 0.0264685727403375 0.132887176971437 0.064755533006144 0.0126229956644008 -0.0215091660116295 -0.0430325068698591 -0.0450042812724415 -0.0680451828308353 -0.0524106230721801 -0.16915782272564 -0.205669413604601 -0.186230511657701 -0.15851455499986 -0.168602366946677 -0.192174020670783 -9999 -9999 -9999 -9999 -9999 -9999 -9999
-0.0522178598777533 -0.0996306261643329 -0.106291908509852 -0.0852994159051881 -0.113942431877711 -0.17436803449117 -0.152515575385325 -0.102788666713819 -0.00662695284815504 -0.0414034545293037 -0.0663647988596399 -0.025112044333057 0.0153658683786785 0.0572860210386199 0.0927737644014132 0.0205609736690911 -0.0492068210262576 -0.044430360323488 -0.000252841067636048 0.108260898841315 0.165075394836071 0.0141389069642905 0.0962774765616529 0.0102702219558878 -0.0508863977453221 -0.0455068199287792 0.0498355202884481 -0.00911213165555725 -0.0665847451297989 0.00148024988950749 -0.0372198889292435 -0.0717454694979163 -0.0640384516307312 -0.123200496015442 -0.220931519504375 -0.179770943001938 -0.071390434325036 -0.0472874510017873 -0.146304044546972 -0.212798306297739 -9999 -9999 -9999 -9999 -9999 -9999 -9999
