data/rasters/s8.11.08.li.2_xyz_08_.asc
NCOLS 100 
NROWS 100 
XLLCORNER -4 
YLLCORNER -4 
CELLSIZE 0.08 
NODATA_value -9999 
[rows 44 to 65 of 100, columns 0 to 47 of 100]
-9999 -9999 -9999 -9999 -9999 -9999 -9999 -9999 -9999 -9999 -9999 -0.115413773631611 -0.125667250959217 -0.0958282101189083 -0.105438705546426 -0.11948370089217 -0.13967417309549 -0.0996701388908366 -0.0923097606765084 -0.0466987354705454 -0.139347632413695 -0.154820448975828 0.0336278386446907 -0.060524738829875 -0.0916271247804321 0.0251054220502349 0.018306865214794 0.231150452379141 0.182190946291797 0.072233586281913 0.210549383091157 -9999 -9999 -9999 0.234729964024247 0.22524888452438 0.144900002274574 0.0804721403827828 0.140184358071378 -9999 0.133065063579016 -9999 0.0694454900472954 0.0914684533913565 0.111863867230198 0.192836658641684 0.174642090593982 0.146786476567962
-9999 -9999 -9999 -9999 -9999 -9999 -9999 -9999 -9999 -9999 -9999 -0.0520586789082357 -9999 -0.125380620318211 -0.0743613165989888 -0.182916924626526 -0.224122596690337 -9999 0.164619518719007 -0.0161958821234707 -0.106693626329908 -0.0999082680398847 -9999 -9999 -0.125243999565344 -0.0790719276147641 0.0750687985989262 0.137332237004181 0.137321587195999 0.173629862835109 0.244190670875922 0.286058559461277 0.573172395853123 0.516998574266035 0.408847854655928 0.291579392333394 0.133971830364601 0.121761288714273 -9999 -9999 -9999 0.186136097012573 0.0769262419300475 0.0601534415259839 0.122294015397666 0.183020161194491 0.151368487581713 0.115915809077387
-9999 -9999 -9999 -9999 -9999 -9999 -9999 -9999 -9999 -9999 -9999 -0.183282479801779 -0.196966907306463 -0.0327214097162212 -0.0400751207137283 -0.281004942805667 -0.226471642779471 -0.105967845646295 -0.213288890101553 -9999 -0.110678984666623 -0.113707757155152 0.0369716996665193 -9999 -0.0592833273842101 -0.0756669969626967 0.00883986123805462 0.0121126155407966 0.000646343410190356 0.220514446199959 0.356554186204728 0.313521785989826 -9999 0.584374312650251 0.506364513124671 0.509617254432774 -9999 -9999 -9999 -9999 0.157398146451815 0.139669074771687 0.14993296025598 0.177356063142277 0.18145305490808 0.107475985701574 0.07574507910524 0.0124090508169333
-9999 -9999 -9999 -9999 -9999 -9999 -9999 -9999 -9999 -9999 -9999 -9999 -9999 -9999 -9999 -0.195316071832311 -0.116563250031181 -0.0794921916574787 -0.162435396301736 -0.153015562735417 -9999 -0.10196066069103 -0.0569966549643525 -9999 -0.0916285213746722 -0.117145691508129 -0.0907078966197711 -0.0636044161456779 -0.0220738457237445 0.0935691883617854 0.460699111430668 -9999 0.44092536733833 0.436890454753178 0.424944844172347 0.44127050970824 -9999 -9999 -9999 -9999 0.191151421095391 0.179095492419755 -9999 -9999 -9999 0.0545160840104683 0.0482030236943967 0.0121265760612093
-9999 -9999 -9999 -9999 -9999 -9999 -9999 -9999 -9999 -9999 -9999 -9999 -9999 -9999 -9999 -9999 -0.151760184740044 -0.0906304922184658 -0.173419690625819 -0.25810284684143 -0.0504936367502931 -0.0465754399551176 -0.078018106982669 -0.147169090191041 -9999 -0.156401907352126 -0.121256145342568 -0.136064574692764 -9999 -9999 -9999 -9999 -9999 0.549795922663608 0.4443391194747 0.206310469591701 -9999 -9999 0.131429261475115 0.159400602595404 0.0267365338638398 0.293581676294477 -9999 -9999 -0.0606519874158181 0.0359155665738801 0.152161685764867 0.0428582086332553
-9999 -9999 -9999 -9999 -9999 -9999 -9999 -9999 -9999 -9999 -9999 -9999 -9999 -0.0131732525912972 -9999 -9999 -0.185204949397459 -0.051717154895694 -0.188320701898629 -0.219792399758453 -0.171173676850347 -9999 -0.0447734217512729 -0.0935609534774371 -9999 -9999 -0.148666662903353 -0.118692058878234 -9999 -0.00247788756122977 -0.0489845330700117 -9999 -9999 -9999 0.270304956905458 0.288906742227445 0.22273530376734 0.0629070192787533 0.0544441324850338 0.050753284025943 0.0497958524896985 0.0406757397493602 0.0484754892475977 0.0120141507330351 -0.0537548698049467 -0.0312068420878339 -0.169533248356403 -0.120446339688215
-9999 -9999 -9999 -9999 -9999 -9999 -9999 -9999 -9999 -9999 -9999 0.0457505908315331 -0.119148086135926 -0.096141552184573 -0.155447248707176 -0.182109520682379 -9999 -0.0427071655123217 -0.0730710731961897 -0.191490354572009 -0.231954142712554 -9999 -0.0401016364730679 -0.0383543139883617 -0.113667277903464 -0.207444157206306 -0.164537147192174 -0.0360838002311121 -0.0781830813741437 -9999 -0.016605420994911 0.0310269289699039 0.0401154201862755 0.159215438922122 0.130425958867242 0.259370053232794 0.228051351349487 0.0624685778281392 0.0516461668812979 0.0837093725217638 0.0828067734554387 0.106657828352266 0.0226750934605784 -0.0199400335006609 -9999 -0.0147768815380142 -0.150166425105389 -0.133226491636674
-9999 -9999 -9999 -9999 -9999 -9999 -9999 -9999 -9999 -9999 -9999 0.144464636272233 -0.0204835268151836 -0.0226621740494271 0.00364433765435242 -0.0347377934761174 4.77829721168796e-05 -0.0173282512939939 -0.0508302382654302 -0.0731961442121568 -0.130233170316918 -0.0637000260954357 -0.0196336633048951 -0.104894778245753 -0.113551475618388 -0.177563647177899 -0.169283308252174 0.0672332070629856 -0.0530150451204437 0.0621935904493923 0.0690260542688213 0.08911227493998 0.0183454420702332 0.00939931348999754 0.0579394197332367 0.204859493951725 0.378987832429963 0.147996033771092 0.112335509281105 0.143801269488611 0.0700655523300831 0.0549793379919995 -0.010403932369336 -0.0816847772621405 -0.00172451276052967 -9999 -0.0767660713447763 -0.0818070548304558
-9999 -9999 -9999 -9999 -9999 -9999 -9999 -9999 -9999 -9999 -9999 0.08015726676996 -0.0242189926647072 0.0617900622352626 -9999 0.0718433876997326 0.0243737915680013 -0.0193848992131472 0.0368931046291675 -0.0736932539767726 -0.133771323561345 -0.0979412319362964 -0.0986355439137739 -0.0713821178178657 -0.135025128892794 -0.128819978867497 -0.0624280800755727 0.234410564979813 0.0319114942950757 0.114490858538649 0.0622459109814397 0.0572039174323602 -0.0853303320740278 0.0861138360091466 0.141519006457841 0.350485177771473 0.181116381953511 0.198902287956814 0.181334150789829 -9999 -9999 0.108778225443523 0.106525857785092 -0.0268556245345318 -9999 -0.0717835313283463 -0.0520304946964539 -0.0649332807286267
-9999 -9999 -9999 -9999 -9999 -9999 -9999 -9999 -9999 -9999 -9999 -9999 -0.0412760186459116 0.233979533138085 -9999 0.0849252150744544 0.0259754515701792 -0.0388404164615572 -9999 -9999 -0.0378185712229183 -0.105701821350575 -0.199332777400448 -9999 -0.129085062912802 -0.078455092274204 -0.0490523699697841 -9999 -9999 -9999 -0.0211551071929133 -0.0369558646497967 0.0140294205488056 0.144530527245829 0.183765618341366 0.176700075695504 0.137627792016025 0.16441205545449 0.190017584316796 0.184536977957515 -0.000531152927397085 -9999 0.0703113130499159 0.119683711403982 0.0985113120022943 -0.112850226802687 -0.0942597474372317 -0.0887141511923446
-9999 -9999 -9999 -9999 -9999 -9999 -9999 -9999 -9999 -9999 -9999 0.290418142033021 0.240351444754249 0.0872582686604203 -0.0269012269713379 -0.0800397489223083 0.136792581145224 0.0887218167372458 -9999 -9999 0.078697618843891 0.0216590603469918 -0.0707317876549603 -0.0940800622861999 -0.12301130212928 -0.0586779857254024 -0.0611984709903913 -0.0991602015982352 -9999 -9999 0.0184720027464752 0.018138159119846 0.0893302889002551 0.085922696765115 0.112693646792357 0.210497381738648 0.120764324015594 0.140019826314181 0.146444423253428 0.281704020516884 0.012641792070964 0.140277108159646 0.164945012073661 0.169534774170666 0.0434210352793241 -0.103015226940554 -0.146838649145306 -0.124910555261871
-9999 -9999 -9999 -9999 -9999 -9999 -9999 -9999 -9999 -9999 -9999 0.316226685438123 0.329860790144065 0.191264669258553 0.103088458262806 0.114761791462489 0.235538667538895 0.193159128154404 0.0748922774200954 -9999 -9999 -9999 -0.0594259961811623 -0.0915070021503519 -0.0505829462461882 -0.0443834147285127 0.101949297224596 -0.00151176462353293 -9999 -9999 0.0102211660794964 0.00676942756780539 0.0561378859844511 0.072341705812324 0.0115255913967338 0.10699572992503 0.125212785193033 0.136041620706625 -9999 -9999 0.047844005584489 0.109552308129153 0.161474244883902 0.0825486220430473 0.0451347515498528 -0.018154137226986 -0.0997792816477807 -0.221454951063063
-9999 -9999 -9999 -9999 -9999 -9999 -9999 -9999 -9999 -9999 -9999 -9999 0.347707499601917 0.216993957437095 0.20321678450848 0.170554224792367 0.20047239421339 0.152500823166092 0.0809808448832132 -9999 0.0294778662641203 0.0375115383653896 -0.0228846354232476 -0.0251402946126611 -0.0170889564549145 0.045566969666016 -9999 -9999 -9999 -9999 -9999 -0.0348748060538716 -0.0175063805707147 -0.0553262887434842 0.101072868609613 -9999 0.212293621335639 0.174688844638739 -9999 -9999 -9999 0.0531598700775531 -9999 0.0058895552084446 -0.0197842297960567 -0.0329374231191988 -0.0747575188204403 -0.107179827255909
-9999 -9999 -9999 -9999 -9999 -9999 -9999 -9999 -9999 -9999 -9999 -9999 0.303241153036585 0.156504714902148 0.246932497693948 0.253484325656307 0.340164430702861 0.301167342562872 -9999 -9999 0.090814925184922 0.129029792294123 0.0360859999541222 0.00756091361496606 0.0179668192529043 -0.00354588879357273 -9999 -0.111436497886692 -0.11223138864031 -9999 -9999 0.0394986732136084 0.0756814055677393 -0.0328056701285962 -9999 -9999 0.282843658008293 0.141813794011613 0.143434821239478 0.125593587022924 -9999 -9999 -9999 0.00547216616583636 0.018833035530412 -0.0783574408881094 -0.0647003783053009 -0.14920189216094
-9999 -9999 -9999 -9999 -9999 -9999 -9999 -9999 -9999 -9999 -9999 -9999 -9999 0.135790276869293 0.163363034868619 0.193968739785444 0.309730550932202 0.396453642372153 0.281580821267714 0.22910839036858 0.348112713022027 0.307170386912619 0.019412475829817 0.0165008291804402 -9999 -0.0177519666273124 -0.0236053871291234 -0.0495764457433492 0.0198794225483405 -9999 -9999 0.0723063425041111 0.0230520043951393 0.0499713673422207 0.168104614791007 0.273657539562513 0.179774538437766 0.276035835203487 0.181138970410349 0.181928652162655 -9999 -9999 -0.0238158816203119 0.0523412207844721 0.0251548645179086 0.0122420990868558 -0.0108187242907322 -0.0710071815091036
-9999 -9999 -9999 -9999 -9999 -9999 -9999 -9999 -9999 -9999 -9999 -9999 0.130757298588844 0.126476300596876 0.296593080056442 0.0483764560262896 0.434873567601099 0.191299856595472 0.204328462243551 0.286926019396993 0.298852364783791 0.423290258627905 0.017516225081915 -0.00173046772195122 -0.0153294591494584 -0.111224449346236 -0.0745785411380755 -0.0863274283130327 -9999 -9999 -9999 -9999 -0.0418695979169313 -0.0922038578380942 0.18108706931136 0.152439842853923 0.242997011532603 0.264772235832639 0.188904466872956 0.273295653913952 -9999 -9999 0.0773002513195749 0.105969137850522 0.0505104064812458 -0.164146270667935 -0.122047004308115 -0.0815976086604732
-9999 -9999 -9999 -9999 -9999 -9999 -9999 -9999 -9999 -9999 -9999 -9999 0.0376352611022929 0.131556519005389 0.186975964196232 -9999 0.180692285183734 0.160783475033587 0.225214228307741 0.300844067295192 0.351690111894224 0.368103916377004 -0.0278367095280958 -0.0401191600682077 0.19296834206195 0.0765378926047078 0.149483777524815 -0.0421742338124523 -0.0417451740290364 -0.0707891153023267 -0.114168796020787 -0.0777819570332647 -0.092713882990286 -9999 0.201913923680159 0.157340566309767 0.181831414511838 0.174774131749909 0.185527782913603 0.109053087849484 0.127162421591688 -9999 0.156748121198218 0.134665846651886 -0.112051920092565 -0.22595160557409 -0.31841241395376 -0.254681915297556
-9999 -9999 -9999 -9999 -9999 -9999 -9999 -9999 -9999 -9999 -9999 -9999 -9999 0.171083543610397 0.173837204734497 0.0938752663564161 0.0998920407184627 0.0883520954560092 0.0921336121957727 0.102552408385689 0.0456218066406955 -9999 -9999 -0.0677496399669127 -0.00936169909726955 -9999 0.0434525241277903 -0.0443320906280205 -0.0908015236428871 -0.0763298782945308 -0.0781288136066891 -0.013122596336907 -0.0149418327694638 0.0334121611357887 0.132770486866836 0.106160970102075 0.182833873528872 0.148120468077098 0.222013185421372 0.176154745961996 0.263926339094164 0.217420969114292 0.165781204481181 0.0565156131622753 -0.111766094496751 -0.108584685158165 -0.201974024335502 -0.214018987646179
-9999 -9999 -9999 -9999 -9999 -9999 -9999 -9999 -9999 -9999 -9999 -9999 -9999 0.131277458419497 0.139048783652671 0.149903670331835 0.116727809376327 -0.00816747298374084 -0.0364529405113728 0.160734457397776 0.0377490643148426 -9999 0.0941691150703044 -0.0122230748212224 -0.0908620486709507 -0.27847482773293 -0.0929291700567617 -0.0737369317329194 -0.116455618133297 -0.118986902954851 -0.0166118670507423 0.120352338300583 0.129976557152152 0.196089932360133 0.184108760712035 0.112037229480574 0.104766345152367 0.256760647013382 0.284369039208391 0.286140257308137 0.26929004032427 0.187632280363102 0.148660604078811 -9999 -0.123846361835755 -0.210969493451803 -0.18976269936021 -0.0771578081583673
-9999 -9999 -9999 -9999 -9999 -9999 -9999 -9999 -9999 -9999 -9999 -9999 -9999 0.0774833234119817 0.0335141822688437 0.221643219337485 0.198182708702849 0.200505252021873 0.0724328122220691 0.00874559487123069 0.00976350127708721 0.0774889774328337 0.174474574779284 0.12250484850799 -0.278264213671884 -0.0993742774203635 -0.0615361439723554 -0.129244891963816 -0.106450349504689 -0.0980818366856593 -0.063751845126846 0.0220714090923406 0.151064099754629 0.171916573512768 0.227540097745876 0.177109353030884 -9999 0.176917460377869 0.224136254210558 0.266740432904857 0.270286213478958 -9999 -9999 0.229523093780577 -0.0809438141929739 -0.0195759488381568 -0.19813413500343 -0.167752071428008
-9999 -9999 -9999 -9999 -9999 -9999 -9999 -9999 -9999 -9999 -9999 -9999 -9999 -9999 0.0444209995067141 0.0378799610962231 0.15510947943504 0.16346738972032 0.174009820994913 0.00054680749104218 0.0210177961879574 0.0348527973222005 -0.315531676778754 -0.199399676644001 -0.291290123793257 -0.255925877861906 -0.150735589330042 -0.0607368548814036 -0.0508197595539532 0.0146693365474715 -0.0241489550761322 -0.0492281282385649 -0.00635326075183434 -0.0030935935568738 0.0421678579296115 0.119131110010727 0.170916115593202 0.184096034932132 0.198734939957554 0.202639500986615 0.358924995248788 0.120277312308696 0.180425155296479 0.238612809009234 0.0401375037443819 0.0217754474929121 0.188682508475287 -0.210288127089845
-9999 -9999 -9999 -9999 -9999 -9999 -9999 -9999 -9999 -9999 -9999 -9999 -9999 -9999 0.0267995637375486 0.00867633539667726 -9999 0.159225680534314 0.166416885104261 -0.00789674815778724 -0.0684092769315297 -0.0656320828933746 -0.17918671947512 -0.270679772696697 -0.212901341796322 -0.233839289586496 -0.0983143050293928 -0.0719906755635043 -0.154290121869181 -0.29479181039308 0.0366764913866279 0.0808215744126745 0.0303945582431879 0.0343137811039085 0.0483657086094432 0.121941797775346 0.157401598248954 0.275095708280856 -9999 -9999 -9999 0.19800240261476 0.260465435481564 0.0460906001292408 -0.0640086337813679 -0.124306671401103 -0.163847702067255 -0.224083571447313
