data/rasters/s8.11.08.cu.1_xyz_08_.asc
NCOLS 100 
NROWS 100 
XLLCORNER -4 
YLLCORNER -4 
CELLSIZE 0.08 
NODATA_value -9999 
[rows 21 to 41 of 100, columns 0 to 46 of 100]
-9999 -9999 -9999 -9999 -9999 -9999 -9999 -9999 -9999 -9999 -9999 -9999 -9999 -9999 -9999 -9999 -9999 -9999 -9999 -9999 -9999 -9999 -9999 -0.279558263845619 -0.194598943127508 -0.151341270242038 -0.295762155774059 -0.325898604898519 0.041249613273677 0.134990607913679 0.373869039855304 0.287696510589296 0.238996829867484 0.169207680371857 0.0743324903456458 0.0602206521896251 0.121003154846537 0.143995274341373 0.139848459009735 0.105461116025709 0.11000514319896 0.110300456942619 0.128663428395729 0.130808812888286 0.0762252117594475 0.0346080915690123 0.0169785809839785
-9999 -9999 -9999 -9999 -9999 -9999 -9999 -9999 -9999 -9999 -9999 -9999 -9999 -9999 -9999 -9999 -9999 -9999 -9999 -9999 -9999 -9999 0.0358808325446477 -0.0870500207708384 -0.205576489723634 -0.313661038359152 -0.303165808211535 -0.107587533471124 -0.0145975092192782 0.0505500651381602 0.337793584530826 -9999 0.257324058249449 0.204778522015308 0.0510020633554643 0.0390357095391501 0.118117302895996 0.164291565986975 0.16444371886049 0.125498039592573 0.074420408540632 0.086524247745622 0.113697360713276 0.0694142274184463 0.0142017589301141 0.029587667021546 -0.00237648700912785
-9999 -9999 -9999 -9999 -9999 -9999 -9999 -9999 -9999 -9999 -9999 -9999 -9999 -9999 -9999 -9999 -9999 -9999 -9999 -9999 -9999 -0.264632688971623 -0.126151635474984 -0.0599473378773404 -0.14656494728113 -0.185862487231866 -0.158513067658565 -0.159029938442931 -0.086633342019944 -0.011405782389869 0.229202577143031 0.230418393261139 0.233801034750086 0.234716883568242 0.12335406199072 0.174234257607761 0.196998471956825 0.180075813929333 0.175582917433811 0.0743155312570352 0.0745924822765363 0.0478876931490359 0.0535301698706111 -0.0110083467230646 -0.0967117217923559 0.0199012378339403 0.0616695107737407
-9999 -9999 -9999 -9999 -9999 -9999 -9999 -9999 -9999 -9999 -9999 -9999 -9999 -9999 -9999 -9999 -9999 -9999 -9999 -9999 -0.280814856234534 -0.264748414159488 -0.152118590090206 -0.150147674502626 -0.20691238191123 -0.163780397783361 -0.0893037010371264 -0.115981859676844 -0.0669265751031166 0.00672507704086677 0.263207484129756 0.205404017682683 0.204365870994881 0.189148302199148 0.220216821096618 0.233539706894809 0.207194942417665 0.0988454381693005 0.037022030479238 0.0231070987819803 0.0903719898987984 0.0861281839047837 -0.00554490499801976 -0.134462870065026 -0.0551918904740919 -0.101009196728873 -0.106307939500141
-9999 -9999 -9999 -9999 -9999 -9999 -9999 -9999 -9999 -9999 -9999 -9999 -9999 -9999 -9999 -9999 -9999 -9999 -9999 -9999 -0.330880295453013 -0.263260959266363 -0.159919028145708 -0.217284169304755 -0.246658220133968 -0.101221860082771 -0.0906662287246421 -0.0525387651815634 -0.0153713242253912 0.0243316297368765 0.295757351689468 0.240247536745916 0.219146856488126 0.181878419443477 0.266247335549919 0.226991232482421 0.124600536375494 -0.00192400623407219 -0.0643437726298866 -0.0778686208148065 0.0136907514559749 0.057743249546014 0.0406182282525077 -0.046863099177175 -0.0258585720654971 -0.197238742258487 -0.200515632791135
-9999 -9999 -9999 -9999 -9999 -9999 -9999 -9999 -9999 -9999 -9999 -9999 -9999 -9999 -9999 -9999 -9999 -9999 -9999 -0.505528448875423 -0.3713938501629 -0.289635738888322 -0.213615197257576 -0.203501202483228 -0.190057852344898 -0.198991225778778 -0.252395244681319 -0.127423269705124 -0.056563806426567 0.190002693309284 0.304800062456134 0.259555083437056 0.197801754249827 0.157207318274604 0.205817082961307 0.239352223064278 0.0410811403498115 0.113631819874883 -0.112493339986403 -0.146841591892516 -0.0646661834756382 -0.0585313661720352 0.0294863528631543 -0.0263104948172598 -0.115257262689039 -0.190657445039173 -0.189873634188016
-9999 -9999 -9999 -9999 -9999 -9999 -9999 -9999 -9999 -9999 -9999 -9999 -9999 -9999 -9999 -9999 -9999 -9999 -0.517903640407361 -0.497615029416533 -0.51018256398144 -0.405930731718859 -0.348018342444494 -0.276372015641682 -0.239600411611735 -0.232520777289321 -0.228792753253677 -0.188228145332593 -0.137800812281689 -0.0104320361257785 0.149594034840688 0.213210814363044 0.186531217342988 0.151780292645015 0.125344348194804 0.139630527234529 0.0520877195747633 0.0241782154652347 -0.114771213182168 -0.175461588657189 -0.153929773687497 -0.140671553757854 -0.117769780847528 -0.0459892895149367 -0.102396391221237 -0.174098261877737 -0.217195430304192
-9999 -9999 -9999 -9999 -9999 -9999 -9999 -9999 -9999 -9999 -9999 -9999 -9999 -9999 -9999 -9999 -9999 -0.518606601114546 -0.54028196526855 -0.511382020505899 -0.539470935636283 -0.447672261865357 -0.357958482012353 -0.354995041357462 -0.297778184958815 -0.25400466400874 -0.217097904971137 -0.208612416217896 -0.12333146001056 -0.0637194878635256 0.159971489438857 0.184045839128537 0.194412723582468 0.250297207316175 0.0837776778530202 0.0704501027175724 0.0330697860432908 -0.0597556662715013 -0.0923514247890355 -0.171508225124195 -0.159975016113624 -0.15621887188763 -0.131850910591008 -0.129475820503532 -0.175901504023106 -0.253227967567312 -0.233027023657269
-9999 -9999 -9999 -9999 -9999 -9999 -9999 -9999 -9999 -9999 -9999 -9999 -9999 -9999 -9999 -9999 -9999 -0.598362525889372 -0.592811083196694 -0.498483715654543 -0.473433613907171 -0.438966452248252 -0.368627172028278 -0.30073434724365 -0.315157084342984 -0.280531170406735 -0.252382707187148 -0.161004485235509 -0.109788034982396 -0.0217228130016185 0.085313189177598 0.149518316774696 0.26294821291942 0.278607851837482 0.0671550268100483 0.0204690784231661 -0.064395604899859 -0.119372865728211 -0.170844182023847 -0.168136791671292 -0.151816559615695 -0.178272849676909 -0.187967413471948 -0.199341316583622 -0.185876183117159 -0.248770206447801 -0.18901594676627
-9999 -9999 -9999 -9999 -9999 -9999 -9999 -9999 -9999 -9999 -9999 -9999 -9999 -9999 -9999 -9999 -0.512898254508248 -0.533740483342083 -0.5225625563823 -0.482212951260858 -0.42738448452988 -0.449291063978454 -0.334747281772255 -0.307369769460375 -0.271214252835293 -0.193926735182499 -0.244839444442204 -0.0787324199921518 0.00793637750650904 -0.0209808155100006 0.0882235230134694 0.0660183485202443 0.0841008408381983 0.0686494445577994 0.0583621964394001 -0.0510260980717982 -0.0974595387097146 -0.208758551401856 -0.234476483088843 -0.203389753698674 -0.17882031953684 -0.21730110730688 -0.239355107818263 -0.262452685791082 -0.188658455188467 -0.113305243596961 -0.0630704909074121
-9999 -9999 -9999 -9999 -9999 -9999 -9999 -9999 -9999 -9999 -9999 -9999 -9999 -9999 -9999 -9999 -0.469770157420166 -0.481898377765732 -0.522229186136082 -0.445570485893373 -0.454499469052936 -0.375113677137254 -0.251769472797181 -0.17141268467177 -0.143444518567517 -0.0962091186063815 -0.0071608371695884 0.125199214024223 0.107929790759554 0.109929120119576 0.166245338716369 0.154431170336657 0.0658903997571299 0.0617177836355636 0.0471378774076499 -0.0831511946399941 -0.104200293887249 -0.194890507343146 -0.195450888183844 -0.164800962383576 -0.186471587431703 -0.259067594751381 -0.265021991359329 -0.200307892640346 -0.171567233796779 -0.0826493046181728 -0.0473183622212821
-9999 -9999 -9999 -9999 -9999 -9999 -9999 -9999 -9999 -9999 -9999 -9999 -9999 -9999 -9999 -0.460304421453097 -0.412976974411435 -0.356896214008626 -0.34456788386132 -0.384315386055012 -0.379267441814242 -0.334023295790242 -0.297981826240401 -0.136228726349589 -0.111020897758316 -0.0804283231866291 0.0676022881332749 0.193867295340777 0.21934753006604 0.22561565474316 0.184329408385765 0.17828445967935 0.117601601397352 0.109362818108675 0.0810497600122995 -0.0485044754207345 -0.133702102072139 -0.193002578563874 -0.178634938499297 -0.116406667540199 -0.0933935297226247 -0.325025162322194 -0.116925585518659 -0.1716058292519 -0.192736562268305 -0.0644523116029132 -0.0276921899717864
-9999 -9999 -9999 -9999 -9999 -9999 -9999 -9999 -9999 -9999 -9999 -9999 -9999 -9999 -9999 -0.210873139473477 -0.36637422336779 -0.364556982852593 -0.34740990431394 -0.324624305056565 -0.287801652699882 -0.238837949527242 -0.221796642265999 -0.0886061245635261 -0.0626117950035614 0.0124670125516607 0.0872284733590279 0.201630520804462 0.253415056792268 0.195948494671371 0.141062248028877 0.135214052108953 0.141107156482709 0.102715017758446 0.0778486705102977 0.055141453936016 -0.200115207140259 -0.181430651402222 -0.124324219983295 -0.102792021713623 -0.13358949714487 -0.0827700272198292 -0.044733814020302 0.0134465953961525 -0.0522670573391983 0.010456548992094 0.0963082315590896
-9999 -9999 -9999 -9999 -9999 -9999 -9999 -9999 -9999 -9999 -9999 -9999 -9999 -9999 -0.0248167349457384 -0.237028057439829 -0.297649280944238 -0.345401390125224 -0.303134635759553 -0.292579633351598 -0.257425930750049 -0.246956193740944 -0.166143902798334 -0.128788312538394 0.0100118989656435 0.0548811857912969 0.0756380864374459 0.174736310461065 0.224390211599015 0.157662545452334 0.111103516616967 0.101793193477747 0.10046861757216 0.0804543518387784 0.0928000859703699 0.0898468718071167 0.0289287553951204 -0.148768632692357 -0.144979101149163 -0.118154497342701 -0.176972952779494 -0.116549861218417 -0.0378748941905925 0.00887189242697305 0.129472137060888 0.233280867689804 0.181660470926658
-9999 -9999 -9999 -9999 -9999 -9999 -9999 -9999 -9999 -9999 -9999 -9999 -9999 -9999 -0.134029367174309 -0.175244948835072 -0.223291429589858 -0.173096429648592 -0.224616339233698 -0.257290275187325 -0.222859393717519 -0.236785960241621 -0.248942118111709 -0.185357794673797 0.0150182509715923 0.102811393757023 0.107553354830186 0.144394412591802 0.203847237247996 0.1121219904274 0.0544738340978116 0.0333847737397541 0.0247014902176923 0.0524875195617309 0.0351845389519679 0.10943057223116 -0.0214022736648795 -0.0962196695877916 -0.0712645900945192 -0.142277854221828 -0.0340824154588722 -0.0510006457726631 0.00820163160598796 0.0459842638934514 0.110180574684861 0.215715542071402 0.185509684734314
-9999 -9999 -9999 -9999 -9999 -9999 -9999 -9999 -9999 -9999 -9999 -9999 -9999 -0.111222149946971 -0.159271453805765 -0.236341643439582 -0.241044503582355 -0.160907896106254 -0.180450853023177 -0.201565134979757 -0.202304470019831 -0.22388385714287 -0.299476192437814 -0.246911513844382 -0.10700656695423 -0.00437860450126789 0.139112949572117 0.100630663107122 0.112396684729029 0.0317607120467955 0.00365627331685962 -0.0430476354330514 -0.0641920855349765 -0.0185289642926856 0.013599823012685 0.0153091387370849 -0.00996915829217014 -0.00176294729792248 0.176397593863746 -0.173568219223387 -0.0380094100301935 0.136609266272668 0.0692605033230019 0.0869124561009551 0.190415670600199 0.225627529292444 0.164600841656839
-9999 -9999 -9999 -9999 -9999 -9999 -9999 -9999 -9999 -9999 -9999 -9999 -9999 -9999 -0.164242692773004 -0.205590330742631 -0.217053485848996 -0.174555523082186 -0.164733593724628 -0.168413220221751 -0.212975132774449 -0.279767311243667 -0.256001909564575 -0.20478854059412 -0.189986346349095 -0.111477148760958 -0.0180726084227049 0.039157928454991 0.0687516891232896 -0.030492844740239 -0.0598126140122967 -0.106100045372086 -0.139698348844656 -0.114425196702195 -0.0761582228566401 -0.0729338122387581 -0.0938636151051234 0.0229050842932336 0.085675569597642 0.21574336805735 0.168898031553323 0.147835403183388 0.106761284708876 0.0677725449376382 0.146078659747063 0.207544163470434 0.172224292231048
-9999 -9999 -9999 -9999 -9999 -9999 -9999 -9999 -9999 -9999 -9999 -9999 -9999 0.234396726849927 0.184366694575753 -0.0069215767953608 -0.0928710941693126 -0.103133161532678 -0.106434636295145 -0.252088854818967 -0.297186446564792 -0.313913644836868 -0.197589170640433 -0.199142033694959 -0.175938510194586 -0.136190784487649 -0.0378244261427406 0.00454017989212486 0.0512713382935762 -0.0337596103894999 -0.0624256644657223 -0.10138731142043 -0.137075548359009 -0.127030339654463 -0.102990156731517 -0.106773200851128 -0.100321860838077 -0.0838752558821071 -0.0673211508315089 0.0746078514313477 0.156354553124332 0.0975942459965865 0.0711292370580754 0.000873096565154456 0.0792922460036533 0.124498414200689 0.0774792951701415
-9999 -9999 -9999 -9999 -9999 -9999 -9999 -9999 -9999 -9999 -9999 -9999 -9999 0.347303620929317 0.174993493461088 0.123463579579971 0.0453128462863092 -0.0095268213178142 -0.0909122201100221 -0.105399649214683 -0.262417822381674 -0.302293150035441 -0.206798960308962 -0.153643997539436 -0.153845022820591 -0.0682340773659265 -0.0191644435844308 0.0590839940170035 0.0633637433534408 0.0445540143289243 -0.0099818086016165 -0.0553857354605869 -0.0850588770843116 -0.114190882494538 -0.118284717319318 -0.122610502999115 -0.124132095956789 -0.072825844005377 -0.0578229023797036 -0.0344674272728502 0.0486125142577054 0.0402203792489276 0.0367962973456868 0.0143305040417927 0.117241177157067 0.064869327842368 0.0348689338995324
-9999 -9999 -9999 -9999 -9999 -9999 -9999 -9999 -9999 -9999 -9999 -9999 0.229632383572008 0.315305689099943 0.259447856560899 0.290875202764768 0.129500875353868 0.0529695777963024 -0.0229482440423733 -0.109959698619903 -0.252123059353703 -0.264382063754425 -0.162391236100256 -0.0992085138456309 -0.0972393427286542 -0.0141640972025043 0.017615495649748 0.0656773209409397 0.102893226210709 0.0760277703924593 -0.0022835785214388 0.00271107250812342 -0.0397542429449102 -0.0962095660479803 -0.0909799127602809 -0.14302989471328 -0.154957691500812 -0.0745146161932786 0.0255154989052535 0.0201047888106704 0.0147520112318584 0.00211220639605771 -0.0169412305304365 -0.00960050019009325 0.0420480490491965 0.0534155484915409 0.0034244096817377
-9999 -9999 -9999 -9999 -9999 -9999 -9999 -9999 -9999 -9999 -9999 -9999 0.0861006560755373 0.0953389295092433 0.170818464201492 0.234523481273189 0.086796327426735 0.082390028904758 -0.0637647941744551 -0.164199905136563 -0.167174865274656 -0.0925304468593943 -0.108770065636339 0.0234179208551392 0.0282664789242482 -0.00224877885768524 0.0722641446202987 0.0862271898890527 0.152209529890073 0.133535057134936 0.0382344329133234 -0.0413735809868533 -0.0844025647499064 -0.112616757175554 -0.0919870806486264 -0.138165650766787 -0.0949235597579197 -0.0265990453354713 0.0178850018407959 0.025391418336968 0.0446059694478057 -0.010345108470874 -0.0142277906391227 0.0122281455399737 -0.00214281565417014 0.0330711650771277 0.0123466548228921
