data/rasters/s8.11.08.cu.2_xyz_08_.asc
NCOLS 100 
NROWS 100 
XLLCORNER -4 
YLLCORNER -4 
CELLSIZE 0.08 
NODATA_value -9999 
[rows 44 to 65 of 100, columns 50 to 99 of 100]
0.039692583617887 0.107140199316622 -9999 -9999 0.204996014528366 0.145284292486222 0.0775985148599787 0.0398335725965624 -9999 -9999 -0.197403256845694 -9999 -9999 -0.0770431426658004 -9999 -9999 0.393342842517897 -9999 -9999 0.156994976590775 0.183619507793752 0.204022764983757 0.270398687197466 0.221855613604482 -9999 -9999 0.150656513247734 0.110747189160758 0.091672232745656 0.0495934704906415 0.361120985238193 -0.0263491233818397 0.00706493073616518 0.0260727767284857 -0.028179883948413 -0.035983508650641 -0.0933319992522254 -0.234931897683769 -0.275148945858853 -9999 -9999 -9999 -9999 -9999 -9999 -9999 -9999 -9999 -9999 -9999
0.127311098877081 -9999 -9999 -9999 0.164448428373155 0.11318426331279 0.0557685240576593 0.0399532165708768 -9999 -9999 -0.214709479695128 -0.220058812648021 -9999 -9999 -9999 -9999 -9999 0.031527560883581 -0.154249368026166 -0.0976540490510787 0.307424862901559 0.327542476435025 0.234001405312512 0.21602720023372 -9999 0.198200880065622 0.178160201228787 0.186255469107356 0.163765748261207 0.250692235203142 -9999 0.0421812385212439 0.00709990707778633 0.0547109199142254 0.0769584644118331 0.00708909684630064 -0.066658659647733 -0.224017495048875 -9999 -9999 -9999 -9999 -9999 -9999 -9999 -9999 -9999 -9999 -9999 -9999
0.138447550100197 0.0942243886293439 -9999 -9999 0.15555534527474 0.141668693327221 -0.0112800415606331 -0.0610926492090284 -9999 -0.157433931401928 -0.205456123156854 -9999 -0.251037851230267 -0.260249887711236 -9999 -0.0598932729672143 -0.115023513962766 -0.0911345979726312 -0.182908116203835 -0.112612892322488 0.0854694232313262 0.0799894350959365 0.15355244143059 0.203794559553909 0.261764262832404 0.223614350996548 0.194583852640582 0.222161792795865 0.236810421667467 0.102502546831021 0.00626050944464444 -0.0423213448177205 0.00370005607186144 0.0617045388549713 0.0468693710911767 0.0413496839903572 0.0221674060537585 -0.095620351308606 -0.369201241440741 -9999 -9999 -9999 -9999 -9999 -9999 -9999 -9999 -9999 -9999 -9999
0.117521616322345 0.103346431640089 0.12390198874263 0.0826069759721473 0.1953345639626 0.155821916845815 0.0843583202732442 -0.0672195650803489 0.000477480660910423 -0.146736002530741 -0.196785070706709 -0.195330533673469 -0.240509398780885 -0.232417254682727 -0.158071877587061 -9999 -9999 -0.135327818148306 -0.176886871878429 -0.110610973191439 0.05435110839925 0.0604672094598269 0.0908111261281762 0.200383088853707 0.266511098259475 0.229788571891301 0.205836816121804 -9999 0.0099210050197721 0.106461523940695 0.01125216847451 -0.00526631075105695 0.034245161314337 0.0757486017607984 0.000309450814108398 0.0452376637184191 0.00481296501203891 -0.145327903683715 -0.23177405154155 -9999 -9999 -9999 -9999 -9999 -9999 -9999 -9999 -9999 -9999 -9999
0.0571071647340037 0.0999668340420606 0.18373320089756 -9999 0.173811823514293 0.0811280174399297 -0.0163179870702443 0.0681857772847939 -0.0618378452878982 -0.152751983932097 -0.0942332330396802 -0.0307879986132014 -0.186425859907087 -0.21183161966525 -9999 -9999 -0.187446291057851 -0.212772619979901 -0.164737973081741 -0.101052497469627 -9999 -9999 0.0787656375044395 0.222552934474793 0.340011120360768 0.230583461502405 0.189364514136244 0.0531406426683023 0.0555210132520095 0.00103782179820978 -0.00125604230645172 -0.0065068914279477 -9999 -0.166642482565758 -0.0635924993313212 -0.0261831436655186 -0.00620076313648098 -0.147693037068746 -0.275964706215396 -9999 -9999 -9999 -9999 -9999 -9999 -9999 -9999 -9999 -9999 -9999
0.0529791578631611 0.212565873042461 -0.0133339166992642 0.185203682381787 0.129009947604952 0.356911031620252 0.0873116237570429 0.139150949721897 0.114728484302354 0.00134281031343029 -0.0529235736281044 -0.0302346430722892 -0.0266865724811177 -0.0399109353265737 -9999 0.000352727150418406 -0.153792054284339 -0.136836440092559 -0.136973859122943 -0.195124814803207 -9999 -0.0959082772826997 -0.0448715276619562 -0.0362195866768202 0.0891578348704154 0.251672964801479 0.109567966029613 0.0490654127853037 0.0376756004530142 0.00778675430388276 -0.072217798554495 -9999 -9999 -0.0827370164039809 -0.0993883416353682 -0.0557507571891172 0.00577828088210768 -0.256748451178307 -0.236417833753242 -9999 -9999 -9999 -9999 -9999 -9999 -9999 -9999 -9999 -9999 -9999
0.0373918259963407 0.0242170942163123 0.0121035266729157 0.104461819629705 0.0709339245132627 0.213504429693892 0.257365969387958 0.246248887101536 0.199869467547902 0.0783132837917317 -0.0324410132912951 0.177460158784986 0.0626342468024822 0.0123403044198796 0.0108225804086931 0.0375451177181198 -0.00342172630861883 -0.0972770887739106 -0.104268021426144 -9999 -0.11553236430213 -0.0861248555528139 -0.0153922359005894 -0.0238071842676619 0.00230393567326029 -9999 0.155143751926789 0.140859114635135 0.0235123835228565 0.0366592393988226 -0.0331380084451671 -0.0929251585269764 -0.159435038657156 -0.0163423808668597 -0.159556129779924 -0.183403625495491 0.0409264783496596 -9999 -0.157975275202092 -9999 -9999 -9999 -9999 -9999 -9999 -9999 -9999 -9999 -9999 -9999
0.073155756781185 0.0448629991285879 0.0278038176303508 0.140160543894294 0.213995271748804 0.243696854932338 0.289320524486686 0.26700821951581 0.275424802423999 0.274446451171319 0.30532836845478 0.212016150941294 0.166076416081326 0.0740439494736204 0.0428006114543775 0.00990414421587922 0.0189275542875907 -0.020650118529521 -0.0685235708126106 -9999 -0.0583283897220295 -0.0349965704383657 -0.0338999885227616 -0.0517814094925324 -9999 -9999 -9999 0.123064360219663 0.00291102225321001 0.117906117562686 -0.0939861571447248 0.0794635277208873 -0.160234198587183 -0.105121140791063 -9999 -9999 -0.0508756169400905 -0.0254622147284733 0.00126188558057817 -9999 -9999 -9999 -9999 -9999 -9999 -9999 -9999 -9999 -9999 -9999
0.212619905171917 0.149753112992182 0.121347283165285 0.212233751741 0.218352565740407 0.308841716080536 0.207843314325545 0.268915491052218 0.322893606254654 0.311856322785418 0.335476472484057 0.209249502597739 0.182700986653872 0.113425971873805 0.0560452450147595 0.0458118992444294 0.055089348916495 0.0373161725353714 -0.0158518896077489 -0.0531023648358598 -9999 -9999 -9999 -9999 -9999 -9999 -9999 0.00832482230883234 -0.08249218056963 -0.0749137788715884 -0.0908717965434936 -0.0947217194102275 -9999 -9999 -9999 -9999 -9999 -0.10329320487472 -0.0699165141705244 -9999 -9999 -9999 -9999 -9999 -9999 -9999 -9999 -9999 -9999 -9999
0.187822051597581 0.18743281299632 0.169503130752318 -9999 0.3010673979051 0.245121369793645 0.234185724396612 0.250833884203944 0.268607319959172 0.380454748741727 0.338471111561091 -9999 0.24817789498395 0.157058560876896 0.114065287072218 0.067077417451416 0.0536825159110201 0.183474898396558 0.023535824509121 -0.0531595604614994 -9999 -9999 -9999 -9999 -9999 -9999 -9999 -0.270225952727522 -0.101191444399631 -0.066025942775826 -0.086341603703123 -0.109336150147678 -9999 -9999 -9999 -9999 -9999 -0.138502476972586 -9999 -9999 -9999 -9999 -9999 -9999 -9999 -9999 -9999 -9999 -9999 -9999
0.213052833341856 0.175487197977002 0.186829641473697 -9999 0.29719065730471 0.267921684187614 0.24963250756398 0.236543476139187 -9999 -9999 0.273502817434372 0.241756484308491 0.202961517963999 0.182491597472292 0.104823663761857 0.0427438802097946 0.172457594583657 0.0293946545280056 0.00733603024371695 -0.031558488053143 -0.0441282428432787 0.116259373503333 -9999 -9999 -9999 -0.164159724305015 -0.24763288247051 -0.18389693687954 -9999 -0.013278809569575 -0.117647902357491 -0.0965171960460981 -0.205253276844541 -9999 -9999 -9999 -9999 -0.0581906493223515 -9999 -9999 -9999 -9999 -9999 -9999 -9999 -9999 -9999 -9999 -9999 -9999
0.225497106414414 0.236666163489749 0.177478786830971 0.183477827659212 0.256300389667485 0.271867935152048 0.247068668812578 0.258044600772543 -9999 0.308439574164099 -9999 0.229464720934296 0.188369912579031 0.149011800009484 -9999 -9999 -9999 0.0255372111559649 0.0269330701685696 0.00557434504533028 -0.0663415174989013 -0.116201349200983 -9999 -9999 0.0411002578313676 -0.14498205095447 -0.189337867512314 -0.159707597011271 -9999 -9999 -0.130474645289261 -0.168545649478011 -0.137522103827369 -0.215256928519147 -0.268885852985302 -0.189697931082064 -0.24965284284266 -0.111306775033077 -9999 -9999 -9999 -9999 -9999 -9999 -9999 -9999 -9999 -9999 -9999 -9999
0.393189715077856 0.369811526545036 0.167674348156211 0.148158657505276 0.155480282459342 0.139943211583022 0.226432464294764 0.263803126133352 0.144029231949285 0.179821742963239 0.144256138397884 0.107680393632821 0.194964615135509 0.0710844249204524 0.0660489202716602 -9999 -9999 0.0496771620148122 0.0271093903916088 0.0190376487873296 -0.0520949348029174 -0.101333148630772 -0.071275064627478 -9999 -0.230400845694815 -0.152194490758543 -0.153219797426723 -0.040003305298678 -0.0819782005226766 -9999 -0.140102662851169 -0.16712291554254 -0.149080236001724 -0.166478248699702 -0.277365673144341 -0.229854257358258 -9999 -9999 -9999 -9999 -9999 -9999 -9999 -9999 -9999 -9999 -9999 -9999 -9999 -9999
0.0302028002765989 0.0445069622914361 0.105556132487324 0.156017116091132 0.132117492708528 0.104536026677815 0.118061219328159 0.168186169662749 0.0889650365579145 0.1708067059881 0.114992452636888 0.112522027414295 0.127173024027062 0.0346713929586013 0.0633160267607177 -9999 -9999 -9999 0.0531291361677335 0.0742786102010911 0.0825410366790684 -9999 -0.119904283129669 -0.072791777934545 -0.185253556361036 -0.113897708005855 -0.176445141558097 -9999 -0.116350412857346 -0.10691307184502 -0.135233351443387 -0.177724344127097 -0.184834754427238 -9999 -0.355207874012052 -0.295999379477357 -9999 -0.059346167733869 -9999 -9999 -9999 -9999 -9999 -9999 -9999 -9999 -9999 -9999 -9999 -9999
0.00412716721021696 -0.0113768817172286 0.0502600365963071 0.0530096327360441 0.0374307250422609 -9999 -9999 -9999 0.0752979032982239 0.14209451174507 0.130124451556355 -9999 -9999 0.0852477050552326 0.045506105271359 -9999 0.228664508369595 0.20896506945177 -9999 0.127570469776581 0.0571179334411022 -0.0261941242951104 -0.0886448869261964 -0.0579940305139891 -0.116907939950957 -0.156878402446571 -0.0962673252446011 -9999 -9999 -0.100144921704464 -0.119902719602301 -0.186150519024013 -0.18809636073962 -0.129348407560953 -0.369934899179438 -0.3712174370829 -0.443350120531944 -0.467997684231926 -9999 -9999 -9999 -9999 -9999 -9999 -9999 -9999 -9999 -9999 -9999 -9999
0.141636880659549 0.119936445558806 0.0144192008530697 0.055515268625344 0.00707779201525191 -9999 -9999 -9999 -0.137406888162608 -0.0631473231456319 0.0281592124750745 -9999 -9999 -9999 0.0613861662384627 0.0487343782784198 0.0808566216163388 0.172822242529621 -9999 0.145119689857056 0.0759045666607859 -0.00977687649875571 -0.0207122441124015 0.000744325527421967 -0.0925236043450407 -0.0953078887047343 -0.0269542269860323 -9999 -9999 -0.107874994728171 -0.126252964337774 -0.17400263679421 -0.184925660220535 -0.205866468717177 -0.283433380275659 -0.386826273452608 -0.426710335865632 -0.449627269611055 -9999 -9999 -9999 -9999 -9999 -9999 -9999 -9999 -9999 -9999 -9999 -9999
-0.00574480299505174 -0.0267695148549906 0.0284841870024528 0.0278822813099815 0.0429321567932164 0.0365821572674612 0.010985657900953 -0.0771095343351023 -0.08182613578967 -0.00182071399400205 -0.00100762623923243 0.0168588577614003 0.0381509994841824 0.0187872556194238 0.0415402512860049 0.0736836722444838 0.135033101630654 0.13853981661029 -9999 -0.00353263994028562 0.00686056000524348 0.0223869773633505 -0.00111313553738433 -0.0329900963461584 -0.0612485569085831 -0.0497199664225125 -0.065881491177187 -9999 -9999 0.00421451174370819 -0.132834353036601 -0.192647734920016 -0.215722930141684 -0.118517234812154 -0.385747618034622 -0.357080190492957 -0.389496165196399 -0.401446509859994 -9999 -9999 -9999 -9999 -9999 -9999 -9999 -9999 -9999 -9999 -9999 -9999
-0.0480948178390365 -0.0220654586513366 -0.0102319747158051 0.0426906295072887 0.0641607124025296 0.0486435205737595 0.000981556714893986 -0.0783555384738352 -0.0759017801570093 -0.00980958344785572 -0.00923815414365509 0.056801447201913 0.0477452309790682 0.0510480913841618 0.057656053973989 0.14988953356445 0.182789891798812 0.0850264973013673 0.078197791988623 0.0479322274309737 0.00857359685239837 -0.0561434777651456 -0.0670292652076838 -0.0897694295205945 -0.015095140959354 -0.0755195224806966 -0.00408576037074397 -9999 -9999 -0.0961423424595528 -0.12010209309132 -0.172780901158956 -0.196906559693691 -0.299520547846018 -0.140427413156751 -0.320526694532494 -0.370744634413853 -9999 -9999 -9999 -9999 -9999 -9999 -9999 -9999 -9999 -9999 -9999 -9999 -9999
0.0378213832821912 0.0149160186357709 0.00878843675511324 0.132779789012089 0.102256335351975 0.0752064391860017 0.0404443304267533 -0.0154858582121426 -0.0897653173473067 -0.0378919333356089 0.0228424911419711 0.0330447326956511 0.0609542109964633 0.0626202505489136 0.13330799381935 0.0961555233856374 0.157802973476401 0.171456281215015 0.059005415199005 -0.0707849000664716 -0.0187014279382567 -0.0129404172693437 -0.0772073038771093 -0.0288053511904471 -0.151656086320433 -0.137249167636161 -0.173741426620308 -0.180150338414404 -0.124816807819783 -0.13069616248726 -0.110540119811244 -0.165327003675471 -0.141110539531672 -0.192756677158009 -9999 -0.341229794670586 -0.323308177468796 -9999 -9999 -9999 -9999 -9999 -9999 -9999 -9999 -9999 -9999 -9999 -9999 -9999
0.130820347668591 0.0956967401213739 0.129193676459053 0.178320413095713 0.182520130956311 0.160398485031195 0.163989651323212 0.102581155900506 0.00176648182206864 -0.00601365743811301 -0.00697230789916951 0.0225452218312669 0.0288100865253452 0.0946982235286628 0.166806182565955 0.156659589244165 0.176594236201995 0.150039122142589 0.177314106622648 0.11461915797374 0.331693106468515 -0.0427286629318237 -0.0533312215502544 -0.0868931158875572 0.0558764136801966 -0.136941467854774 -0.148419843986491 -0.121065352212077 -0.0903913581234152 -0.111981946265494 -0.154692465765966 -9999 -9999 -0.342114598925236 -0.322737905716071 -0.276837842385159 -0.275644735005814 -9999 -9999 -9999 -9999 -9999 -9999 -9999 -9999 -9999 -9999 -9999 -9999 -9999
0.21707427610333 0.247468148665775 0.249681919748442 0.254543516623679 0.238250917914891 0.304575293962011 0.264115491105114 0.165662422967803 0.104677190653868 0.0715468693168527 0.0606330524725992 0.0487550193999925 0.0649104117610504 0.117702719267868 0.184390932412468 0.181667620175974 0.207257489859934 -9999 -9999 0.138088009843751 0.0236986412141155 -9999 0.0438637669657224 -0.0795430409642714 -9999 -0.188881204764223 -0.154711204037797 -0.106876806464145 -0.0930731295050385 -0.133376285893941 -0.159249641546289 -9999 -9999 -9999 -0.273157397826794 -0.2491847610179 -9999 -9999 -9999 -9999 -9999 -9999 -9999 -9999 -9999 -9999 -9999 -9999 -9999 -9999
0.303965009310061 0.320507502310476 0.28540509978238 0.266284951289798 0.298190633033135 0.297675042678107 0.305201407537475 0.190181243354809 0.18047710181934 0.180479474848996 0.168223887300719 0.118960762295991 0.0850475832952742 0.113506545443482 0.154510693502205 0.201125930936882 -9999 -9999 0.0833361006969386 0.0925896942417469 -0.0101941831021624 -0.0519145875638975 -0.0722985531675967 -0.0865189196643815 -9999 -0.159456570001368 -0.0922803370694229 -0.122411079460833 -0.109865786744939 -0.14996282108866 -9999 -9999 -9999 -9999 -0.0302551407485277 -0.00987186489957454 -9999 -9999 -9999 -9999 -9999 -9999 -9999 -9999 -9999 -9999 -9999 -9999 -9999 -9999
