data/rasters/s8.11.08.li.1_xyz_08_.asc
NCOLS 100 
NROWS 100 
XLLCORNER -4 
YLLCORNER -4 
CELLSIZE 0.08 
NODATA_value -9999 
[rows 66 to 87 of 100, columns 49 to 97 of 100]
0.434818597012662 0.619581479375106 0.521850001675162 0.37677684511904 0.385139264757507 -9999 -9999 -9999 -0.0684148928520024 -9999 0.0044760312991114 0.0106229653179398 0.0541671872384424 0.0836321237953004 0.131522472943719 0.166425688907406 0.178310453849867 0.251295326424184 0.31590965043073 -0.241987993964217 0.0743391278880461 0.148072303590226 0.546447549674813 -9999 0.398698366498362 0.395524341181327 0.355821117229792 -0.705102194324802 -0.608314938195232 -0.392144721301489 -0.0430851971326657 0.238814050513268 0.114418700109342 -0.00577021697228985 -0.0103670447802004 0.0693863067887652 -9999 -9999 -9999 -9999 -9999 -9999 -9999 -9999 -9999 -9999 -9999 -9999 -9999
0.395124364928991 0.63983002502008 0.374055495279084 0.386483066409691 0.364588954574778 0.489195040765899 0.35421880491085 -0.160454701359946 -0.253201767762837 -0.072429847411284 0.0308341814318789 0.0225024235462423 0.0621593976774576 0.0602116258593799 0.0729869804211236 0.169188294265774 0.217257326450181 0.229762120460228 0.385416653421002 0.329174878713344 -0.381315774639649 -0.116855791819342 0.154294714203599 0.411806925210655 0.263561654078443 0.367238016070707 0.313576357742374 -0.333476903086187 -0.102645092538198 -9999 0.298293309912932 0.28502982169601 0.108869190263728 -0.00913775699079312 0.0331404807512255 0.140863688507399 -9999 -9999 -9999 -9999 -9999 -9999 -9999 -9999 -9999 -9999 -9999 -9999 -9999
-9999 -9999 0.444875597311647 0.406412694010813 0.350229517136087 0.365135724898711 0.40637410223377 -0.116736466058644 -0.0788444031248793 -0.0184394225358444 0.00596480844613399 0.0247254488384833 0.00659515469525717 0.0281453891746814 0.0991581849705334 0.129437866241859 0.188710001446935 0.165436332484516 0.268796974689532 0.421785293749549 -0.0227816278507772 -0.108131168722347 0.156254034887717 0.397349699769218 0.115310217775495 0.144363509947231 0.224690305342232 0.128649965906831 -9999 0.379420003985048 0.347975261133269 0.2688630591629 0.0489202094600704 0.0611798476759215 0.0922595759296302 -9999 -9999 -9999 -9999 -9999 -9999 -9999 -9999 -9999 -9999 -9999 -9999 -9999 -9999
0.319925025865613 0.246666124373139 0.467189786056029 0.508895859364348 0.475438382171486 0.489729831844717 -9999 0.412754174835228 0.1059314982606 0.222236925212789 0.0182041925816229 -0.0127912054456935 0.103257127088464 0.166085038678802 -0.115947175439021 0.0845630173770574 0.176937990390968 0.213676519826586 0.258789031591507 -9999 0.0360135807951956 -0.0157852351799974 0.0460807416437828 0.00629798068527016 0.122759164034298 0.157541750876133 0.0347707958917065 0.0214336010319292 0.292652383678209 0.446171576433982 -0.035353518970837 0.00386583486028281 0.0386739440624213 -9999 0.0664132066180632 -9999 -9999 -9999 -9999 -9999 -9999 -9999 -9999 -9999 -9999 -9999 -9999 -9999 -9999
0.310844509719464 0.27631788100679 0.295350845668815 0.522354775027558 0.533237175050654 0.287749462938807 -9999 0.383107805093607 0.419900464306084 0.0290164131279902 0.150678119858466 0.0219085173650337 0.184373247542064 0.0918990200464663 -0.357856783978568 -0.1456086969932 0.0255675547905528 0.275484697081234 0.162014624430471 0.168330335393653 -9999 0.103506647952357 0.0447794600566582 0.0785530220776088 0.145595826301337 0.0790085301438685 -0.0508745920946667 -0.17714410769471 0.0819537029243107 0.207937010358439 0.126753537366528 0.0385627076412085 0.0534410604428722 0.0565351189334816 -9999 -9999 -9999 -9999 -9999 -9999 -9999 -9999 -9999 -9999 -9999 -9999 -9999 -9999 -9999
0.316066820520849 0.208393844595263 0.244873355817418 0.542980152484983 0.238138624466867 0.268686320733176 0.386732905109273 0.451197434679041 0.433966478150289 0.298087738044541 0.11990645088022 -9999 0.314237660684488 0.228105484198988 -0.212978864795478 -0.089060339061625 -0.103141397946511 -0.287921242254447 0.185155268761855 0.290640505415858 -9999 0.125696731602179 0.0713032545280298 0.0966572550777635 0.153538501215924 0.0413281499315512 -0.0369887313770407 -0.0577594786282589 -0.291756363123259 -0.184513558321384 -0.3045283823996 0.0626367684754154 0.056872730871832 0.0402384311578759 -9999 -9999 -9999 -9999 -9999 -9999 -9999 -9999 -9999 -9999 -9999 -9999 -9999 -9999 -9999
0.420381666169595 0.222836615323774 0.182323785611474 0.265492876201384 0.25503701419707 0.171524744443498 0.368031784484128 0.550426282211789 0.247570687786663 0.255184833098685 0.241834822262792 -9999 -9999 0.532089317291958 0.624055068036838 -0.496749911322083 -0.534501031272925 -0.265604628273062 -9999 -9999 -0.0224373540519413 0.0195848648406413 0.0126534798325532 0.091284218884312 0.0247800808541305 -9999 -0.00909203374437121 0.0372790810530002 -0.14327668260576 -0.242707279130872 -0.203977494530312 -0.0794021164818855 -0.0174654842673417 -9999 -9999 -9999 -9999 -9999 -9999 -9999 -9999 -9999 -9999 -9999 -9999 -9999 -9999 -9999 -9999
0.377045145144133 0.203424560111959 0.215786510882167 0.242240244431028 0.190972289958095 0.138664302498383 0.554434240575236 0.58083328364446 0.326816561433407 0.234813431319307 0.243404967444276 0.292133575313557 -9999 0.548712927464257 0.581705969903751 -0.354602852393821 -0.309083692074698 -0.103658077282552 0.0712468749820425 -0.0541096545507619 -0.00804740524198682 0.0259643434298667 -0.00706487331902228 -0.0190180304430854 0.0123668368991525 -9999 -0.0471173345988902 -0.0415466974558424 0.0453968371011804 -0.338365165781515 0.055696151610776 -0.00379042999218315 -9999 -9999 -9999 -9999 -9999 -9999 -9999 -9999 -9999 -9999 -9999 -9999 -9999 -9999 -9999 -9999 -9999
0.207624012898602 -9999 0.268183181358281 0.247209145503791 0.158480168856787 0.119706981174602 0.117858524756032 0.107502556859855 0.197690609993152 0.189801458574505 0.155520289838409 -9999 -9999 -9999 -9999 0.300094912243966 0.242200424809465 0.129806159487942 0.169328342537104 0.04702523862936 0.0435518029789665 0.0208732901603573 -0.0302679473287861 -0.0059704037768959 -0.039339111770804 0.0366934859236843 -0.00692976744034466 -0.0170842524762827 0.0406737467935956 -9999 -9999 -9999 -9999 -9999 -9999 -9999 -9999 -9999 -9999 -9999 -9999 -9999 -9999 -9999 -9999 -9999 -9999 -9999 -9999
0.179077817772353 0.12615616008077 0.034217582227092 0.126117472882534 0.0662417003844452 0.133544150449027 -0.0471943495259786 0.148250396775792 0.196508767583069 0.165334349716379 0.113004416637595 -9999 0.308720221390254 0.374342795397254 0.483491366363655 0.300250425823761 0.141959114797268 0.0354613907471132 0.0321718580751301 0.127393785431553 0.0240463774558485 -0.0288768038421191 -0.0519111762425785 -0.0577205867982852 -9999 -0.0732939331795578 -0.0403312718123981 0.0504582679275414 0.00183087881189709 -0.0336783510610164 -9999 -9999 -9999 -9999 -9999 -9999 -9999 -9999 -9999 -9999 -9999 -9999 -9999 -9999 -9999 -9999 -9999 -9999 -9999
0.0642148309627108 0.067217779179568 -0.0298425209463896 -0.00354364239305904 0.0413452579278075 0.0153280760884718 0.0929989059797983 0.138629686828968 0.113768425476959 0.122510389290632 -0.479960302062536 0.148851499356103 0.271292106076193 0.414948204911601 0.419321375420988 0.180393957188567 0.0326544409124739 0.0700645025458752 -9999 0.0272709499559667 -0.0601596444678719 -0.113493922877603 0.0280083483179282 -0.0208216026126542 -0.0727234936717992 -0.035345173912793 -0.00135562824619906 -0.00682526205810196 -0.0176398442587712 -0.0500522780089289 -9999 -9999 -9999 -9999 -9999 -9999 -9999 -9999 -9999 -9999 -9999 -9999 -9999 -9999 -9999 -9999 -9999 -9999 -9999
0.0125620205101634 0.0397740924411339 0.0127733144976451 0.0223549701260617 0.00262270457837829 0.0315831043432127 0.0867937831811371 0.14485995688583 0.128367184885921 -0.151780021658423 -0.471811798688259 -0.47493857630981 0.304063881920201 0.0152480419198908 0.0389345977688855 0.0462338311362831 0.0544947864144424 0.0792060896479328 0.0170419277989839 -0.040941394702897 -0.353889041780454 -0.480227040723833 -0.252943737749089 -0.0394802270966485 -0.0703759241375549 0.00145558058658729 -0.00319674645328986 -0.0602454515191906 -0.0978367876236051 -9999 -9999 -9999 -9999 -9999 -9999 -9999 -9999 -9999 -9999 -9999 -9999 -9999 -9999 -9999 -9999 -9999 -9999 -9999 -9999
0.155221377764007 0.0247325362476797 -9999 0.0292422487372309 -0.0145597832875491 0.0382140145557014 0.1012001922535 -0.398256389739231 -0.194607319463469 -0.223778218935866 -0.202612127881419 -0.107764124486278 -9999 0.0467463496999881 0.0110448176028171 -0.00956065551466324 -0.127829826051173 0.0567429066551196 0.0912534371412387 -0.673408777176985 -0.455913675975495 -0.342126674737825 -0.228055746724536 -0.0992965269356208 -0.113603629198122 -0.0966710344282804 -0.0136914224143513 -9999 -9999 -9999 -9999 -9999 -9999 -9999 -9999 -9999 -9999 -9999 -9999 -9999 -9999 -9999 -9999 -9999 -9999 -9999 -9999 -9999 -9999
0.239585797885186 0.201665762118298 0.103859151166192 -0.00736342864967822 0.00985088147861534 0.115337727356574 0.0974580698309379 -0.325214370743124 -0.208939740055881 -0.0652494708085776 -0.0549522673570415 -0.052598820014523 -0.0646124570814975 0.0533353798999308 -0.0102124127876667 0.0350020052514407 0.00470157525918536 0.0563142079414613 -9999 -0.663258743260493 -0.584830300045591 -0.344292630170313 -0.151643803024286 -0.027973342717458 -0.051370535163114 -0.0796780917146287 0.0643436506312757 -9999 -9999 -9999 -9999 -9999 -9999 -9999 -9999 -9999 -9999 -9999 -9999 -9999 -9999 -9999 -9999 -9999 -9999 -9999 -9999 -9999 -9999
0.129916880870275 0.00200569335554356 0.0284864530234972 -0.0408982604745768 0.00478764918042704 0.0184531151711083 0.0922770940264349 -0.148462840792007 -0.166033892958894 0.00545131399758429 -0.0346932710812049 -0.108964049079996 -0.0547870101836052 -0.0568914810060596 -0.0494858949636822 -0.0815116915449272 -0.100288007950148 -0.0399809555115485 -0.0198291467139075 0.0986742630544623 -0.520182195932981 -0.467996579005406 0.0416395600489896 0.0922580670782654 0.0842983935859486 0.0120278114828434 -9999 -9999 -9999 -9999 -9999 -9999 -9999 -9999 -9999 -9999 -9999 -9999 -9999 -9999 -9999 -9999 -9999 -9999 -9999 -9999 -9999 -9999 -9999
0.0141083987265827 -0.111525609998822 -0.150064559624383 -0.0505275869420843 0.0323257121590616 -0.0169758840841076 -0.0112896291803443 0.0114910735341172 0.045044472973611 0.0213136645143905 -0.0619735899785737 -0.0539539401922711 -0.0360030175428483 -0.0526287933562431 -0.0117619131650798 -0.0875918768827077 -0.0359368105155769 -0.0654287472802564 0.0566010370142407 -0.174152789522518 -0.390730601389388 -0.419712454962492 0.15113784650083 0.135834567465281 -9999 -9999 -9999 -9999 -9999 -9999 -9999 -9999 -9999 -9999 -9999 -9999 -9999 -9999 -9999 -9999 -9999 -9999 -9999 -9999 -9999 -9999 -9999 -9999 -9999
0.0413171956173122 -0.412123243580249 -0.382616726028308 -0.328270756950316 0.0367069986930963 -0.0746458240019363 -0.0307714163259632 -9999 -0.075352233792787 -0.0652750460264699 -0.0738331808195434 -0.0509559696592131 -0.063947033517487 0.0844630135023589 0.183148443790071 -0.0555534625916825 -0.0522116249445693 -0.0836179155056027 -0.0351712786070171 -0.162639197511989 -0.221170322901676 -9999 -9999 -9999 -9999 -9999 -9999 -9999 -9999 -9999 -9999 -9999 -9999 -9999 -9999 -9999 -9999 -9999 -9999 -9999 -9999 -9999 -9999 -9999 -9999 -9999 -9999 -9999 -9999
0.0106297923470574 -0.0659906684577122 -0.22521872026607 -0.152561339756578 0.0688884339273572 0.0782670890785871 -0.0192336284071536 -0.103901070128464 -0.10799162030665 -0.0235122384602133 -0.11372472352476 -0.120444188988926 -0.109239465791722 0.0165236455774057 -0.197636481842407 -0.10593279684775 -0.0541284266891234 -0.0714704737302267 -0.175763564094083 -0.176372055718154 -0.108571275777948 -9999 -9999 -9999 -9999 -9999 -9999 -9999 -9999 -9999 -9999 -9999 -9999 -9999 -9999 -9999 -9999 -9999 -9999 -9999 -9999 -9999 -9999 -9999 -9999 -9999 -9999 -9999 -9999
0.0856723230309157 0.109326519660105 -0.00167980408411525 -0.0297055843560183 0.235384512273048 0.153741814342168 -0.0475168546488407 -0.0492000772625331 0.0331911513374057 0.0324471583468949 -0.155931679780693 -0.13319922712839 -0.0808359026465815 -0.18126754585182 -0.0982716315013375 -0.151140346904711 -0.149772147343344 -0.117061060899472 -9999 -9999 -9999 -9999 -9999 -9999 -9999 -9999 -9999 -9999 -9999 -9999 -9999 -9999 -9999 -9999 -9999 -9999 -9999 -9999 -9999 -9999 -9999 -9999 -9999 -9999 -9999 -9999 -9999 -9999 -9999
0.0866392925157788 0.0748545906395415 -9999 -9999 0.33019139522879 0.254972090618986 -0.0221824188508981 0.0433201318705692 0.0468644067865306 -0.0130599469485439 -0.132143895907763 -0.11082749555873 -0.0952962055626892 -0.0523310200039211 -0.131101873440148 -0.122386756187586 -0.151529450169533 -9999 -9999 -9999 -9999 -9999 -9999 -9999 -9999 -9999 -9999 -9999 -9999 -9999 -9999 -9999 -9999 -9999 -9999 -9999 -9999 -9999 -9999 -9999 -9999 -9999 -9999 -9999 -9999 -9999 -9999 -9999 -9999
0.0670359629934302 0.132332723999051 0.117137272761478 -9999 0.308383360542091 0.269157202067583 0.156459957025023 0.107919738297484 -0.0586071013538007 -0.125918047375084 -0.123726526983788 -0.0758373752743529 -0.151245304706293 -0.0978552846535619 0.0153505853491309 -9999 -9999 -9999 -9999 -9999 -9999 -9999 -9999 -9999 -9999 -9999 -9999 -9999 -9999 -9999 -9999 -9999 -9999 -9999 -9999 -9999 -9999 -9999 -9999 -9999 -9999 -9999 -9999 -9999 -9999 -9999 -9999 -9999 -9999
0.0915084808836026 0.0422512184943171 0.149082518360468 0.136833079108727 0.218032507788367 0.252488442553842 0.185041723105533 0.0976042442308478 -0.143465222811001 -0.124179665213358 -0.0319546915571796 -0.0628100759953317 -9999 -9999 -9999 -9999 -9999 -9999 -9999 -9999 -9999 -9999 -9999 -9999 -9999 -9999 -9999 -9999 -9999 -9999 -9999 -9999 -9999 -9999 -9999 -9999 -9999 -9999 -9999 -9999 -9999 -9999 -9999 -9999 -9999 -9999 -9999 -9999 -9999
