data/rasters/s8.11.08.cu.5_xyz_08_.asc
NCOLS 100 
NROWS 100 
XLLCORNER -4 
YLLCORNER -4 
CELLSIZE 0.08 
NODATA_value -9999 
[rows 42 to 62 of 100, columns 49 to 97 of 100]
0.292752995039174 0.425187912969028 0.407294923326275 0.409374597394781 0.341787271517401 0.324231921131177 0.303628815860343 0.296767493191954 0.31105605287208 0.260921723775309 0.196656985957823 0.179245392398027 0.276785499008298 0.132115392709819 0.0650126233449637 -0.0559098934722063 -0.138923178186841 -0.10593678667176 -0.158836922919894 -0.305635316950002 -0.315446066854171 -0.240497828502252 -0.288659071734879 -0.237404736042366 -0.19710941932307 -0.0222445264269442 0.0230043785185143 0.0207384198901239 0.155013591772846 -9999 0.0638921161119532 -0.0411106224725242 -0.0328360445545099 -0.0492951694719039 -0.0605871862070417 0.0913035828285082 0.0625328500921753 0.0692938072822745 -0.0502202433491282 -9999 -9999 -9999 -9999 -9999 -9999 -9999 -9999 -9999 -9999
0.0607063954397354 0.450100841858037 0.348666467702652 0.416575302661748 0.313998800698315 0.314374131272239 0.315998076249209 0.335822456256832 0.247455325686821 0.186094513742127 0.208025442983222 0.214458788388945 0.242982292967614 0.218697626709025 0.149307208732508 0.0962436016143511 -0.0035643569184462 -0.10882998835321 -0.0807030497990626 -0.28232536050871 -0.292724345809298 -0.2962603691116 -0.226379273280722 -0.128271764080613 -0.0856361217598618 -0.0956818617079463 0.00514677090475148 -0.0100998379062736 -0.0188474601590352 -0.151125921252448 -0.051051014648784 -0.0824628470293596 -0.104895926942242 -0.0867456189686953 -0.0877383695634246 -0.00253109278829488 0.0769692818117347 0.082846733730553 -9999 -9999 -9999 -9999 -9999 -9999 -9999 -9999 -9999 -9999 -9999
0.360998223355258 0.326834089562487 0.304331876921817 0.561793705007185 0.353514721493799 0.351702182469063 0.397713677020827 0.405752121672509 -9999 -9999 0.164580437889173 0.228542115484497 0.190822103866847 0.17448526453763 0.135898374137023 0.0255977361207493 -0.0388875430061031 0.00417744090484557 -0.150796002625716 -0.201989072197407 -0.221745897750489 -0.148530838137687 -0.185294279722418 -0.183219824728192 -0.205217012601517 -0.0749778536297397 -0.0694283633169292 -0.0496895987629334 -0.0849358056828342 -0.0417183950715292 -0.0672920273995041 -0.0314619368590047 -0.140662838603011 -0.0591799243232452 -0.114295919201088 -0.0619273223280351 -0.0378912987880768 -0.0609610483465601 -0.125029266707832 -0.0874198571956561 -9999 -9999 -9999 -9999 -9999 -9999 -9999 -9999 -9999
0.068748657573974 0.107830897434382 0.0811378629320608 0.32024486025895 0.397901913362236 0.235140270601006 0.277529586901721 0.150763797401905 0.212838623713885 0.327116977360423 0.233215360632062 0.21156585346445 0.185024608264302 -9999 0.385644352744418 0.197479475549103 0.0100388754579435 0.104175411650218 -0.0706740669425631 -0.0659267218531361 -0.098809977278196 -0.0326726805858202 -0.100052092924649 -0.108122838376428 -0.0907374056853629 -0.0671874492734273 -0.0382879910573816 -0.0692998384601117 -0.0740228775322905 -0.130384724739757 -0.188170822594686 -0.166381751405965 -0.211201244422741 -0.0280992652493953 -0.0576301080845872 -0.148282452620824 -0.0655950441445664 -0.0431968078538119 -0.0609421872312979 -0.0607274436529711 -9999 -9999 -9999 -9999 -9999 -9999 -9999 -9999 -9999
0.433751047004376 0.0133749360376506 0.0285614055148214 0.0822329786198454 0.208405444365225 0.222528030488781 0.222905073229903 0.229334264134257 0.137695080490284 0.166397361458619 0.16845993357123 0.12441583650851 0.169295935119087 0.275883534386069 0.159239898642552 0.0760024792458939 0.151525939168614 -0.0449476199241531 -0.059877550173099 -0.081646831803302 -0.0382788567796035 0.0623691088721378 0.0348481607201235 -0.161160031099387 -0.0994612915691536 -0.174266479072286 -0.20308298696374 -0.323415624675139 -0.108238239470716 -0.209409909489913 -0.154298954001464 -0.142352112759642 -0.138020834638987 -0.100576238887218 0.050795658630915 -0.0527488843880244 -0.0979531473524056 -0.0444759816095896 -0.0704898331039111 -9999 -9999 -9999 -9999 -9999 -9999 -9999 -9999 -9999 -9999
-0.0128275449918145 -0.0096143097585224 -0.0227466548841898 -0.000207523481450918 0.0334978395184365 0.118940490149572 0.146599072412499 0.177278546429469 0.178242824908645 0.187547445273378 0.219130983498422 0.065523129954541 0.142193293940733 0.138115594699012 0.171822486770189 0.181856585963922 0.148494679922451 0.180381246863731 0.0367381273028893 -0.0661664723255339 -0.151887850866331 -0.0984024522581228 -0.0800105581150959 -0.140085325679968 -0.156018221084 -0.268135163568856 -0.295101210182348 -0.356127944793847 -0.361888053125221 -0.262708276770357 -0.218560517210751 -0.209502242074261 -0.209679248818849 -0.146926674675464 -0.0497825622421203 -0.133596527271728 -0.117803308380425 -0.117388781150303 -0.0881910724850941 -0.10809441045229 -9999 -9999 -9999 -9999 -9999 -9999 -9999 -9999 -9999
-0.0751242597707881 -0.0484850317606674 -0.0262342003323592 -0.00455138620759576 0.0594286690327594 0.122175306722917 0.209028128941912 0.163477581173081 0.19689383652038 0.17703353662446 0.102077473963427 0.097653965857816 0.123086128821586 0.104893496371551 0.105596460833237 0.244980856712997 0.200805943597111 0.0146687859583851 0.223576619521103 0.000839329571037341 -0.043280392986621 -0.0976501818937465 -0.152778670137004 -0.215762862409864 -0.279500512393773 -0.319773255228464 -0.37287363034713 -0.426340604315768 -0.384919666925774 -0.342336239119236 -0.260174891562095 -0.195107488636238 -0.314384016977636 -0.146402294822044 -0.193634974973334 -0.0916198083295552 -0.160010992456676 -0.0795527919953672 -9999 -9999 -9999 -9999 -9999 -9999 -9999 -9999 -9999 -9999 -9999
-0.083434073631319 -0.0908575588199345 -0.0941437639433701 -0.0484705603265356 -0.0261129950517768 0.027657980526256 0.157813527298839 0.173404165055665 0.269767162281739 0.362280517681429 0.207243828262551 0.178597015917956 0.171630982349277 0.178194830774162 0.204684930167374 0.227363870827857 0.134848208718163 0.0468381034083893 0.194767884446038 0.15882832750919 0.0117209168139688 -0.121847121755517 -0.18453378824041 -0.304596031483253 -0.335894629539588 -0.337749125130167 -0.330939858005014 -0.363260335701669 -0.431178292392266 -0.307938062897109 -0.327817114007656 -0.207271372173919 -0.249898079799882 -0.227749351497857 -0.192376303622318 -0.157173105109492 -0.129219925290626 -0.0827253908471984 -9999 -9999 -9999 -9999 -9999 -9999 -9999 -9999 -9999 -9999 -9999
-0.0828681719399931 -0.149353613531994 -0.0956950493381721 0.137923281638681 -0.00606244760960353 0.00393536737627712 0.0760652036944383 0.152851266258507 0.234585467588822 0.301686997809261 0.277105367321255 0.245984233327933 0.229617573603087 0.181475718226685 0.239446181184185 0.265477642284455 0.184223083980836 0.218337846166724 0.203722357619442 0.0651022611983046 0.105363644743723 -0.109883608335938 -0.187193150374806 -0.228866760940316 -0.405687773554181 -0.353171346288892 -0.395450935316195 -0.423343308561946 -0.447984765153411 -0.377672026249931 -0.360185383402425 -0.355897238900633 -0.300942475285295 -0.449705875193488 -0.257153577128693 -0.10747994241392 -0.0774677063260281 0.30464379880173 0.169617017071374 -9999 -9999 -9999 -9999 -9999 -9999 -9999 -9999 -9999 -9999
-0.11348546356361 -0.133216509013149 -0.00023402466085786 -0.0697223435448819 0.00318251169408568 -0.00750847199169569 0.03532988052496 0.111922413132378 0.189818981817896 0.235783318905948 0.294103493313081 0.213761514626332 0.277651272187025 -9999 0.470422726783611 0.197138188547965 0.226670667395181 0.200796448409422 0.0681196629378969 0.180172388894673 0.10564907269976 -0.0770971872059821 -0.167227158682758 -0.258633268263125 -0.295681971967502 -0.412782252077756 -0.538552385053875 -0.471971520439608 -0.338496036998262 -0.415297511547611 -0.398774733613877 -0.375297197675719 -0.336292163006629 -0.313835020712343 -0.0805230052332534 -0.0284060370129111 0.14770130105819 0.126774117634381 0.163456039073667 -0.00673176413096597 -9999 -9999 -9999 -9999 -9999 -9999 -9999 -9999 -9999
-0.130184722466765 -0.183097447472031 -0.0925163176379122 -0.0621965265023172 -0.0685318489121522 0.152516575135504 0.0295682968793957 0.0385712226314578 0.150781904648929 0.246648434847055 0.251304580658298 0.199523263586429 0.0921831332752785 -9999 0.434654165453062 0.299675091925997 0.175647515626059 0.418041915144857 0.133972676176981 0.175728861417522 0.0325480152632307 -0.20545171819043 -0.225469858946996 -0.258953956150406 -0.369505232190073 -0.44966560514061 -0.547986358853599 -0.341407562713095 -0.468516493681793 -9999 -0.405799994495839 -0.379467267452189 -0.31453606737401 -0.181687009995259 -0.132031372833853 0.0188456345127784 -0.00615596285223896 0.134656748380278 0.20975529699152 0.162227650199177 -9999 -9999 -9999 -9999 -9999 -9999 -9999 -9999 -9999
-0.0674862522769741 -0.102938865508606 0.0151138692926493 0.0897296099899721 -0.0160714016223485 0.129644343590998 0.186664696738558 0.194263840244142 0.207308529518378 0.201523293337022 0.197915858747468 0.174786051243717 0.119120183587848 0.396866406063939 0.430353552441332 0.386034795568019 0.301206242927345 0.405372006672227 0.280182089732103 0.216701939255975 0.0277404779651208 -0.259053452528816 -0.30636637090961 -0.26040283733193 -0.352079021410466 -0.440813497236685 -0.410609097401362 -0.427569812941443 -0.488347137906365 -0.517106656385086 -0.443269049285767 -0.323974529457143 -0.331973115554195 -0.209273302388015 -0.127338351825614 0.104752320848962 0.133123081554967 0.180527931418965 0.0556677034246243 0.13808579272955 -9999 -9999 -9999 -9999 -9999 -9999 -9999 -9999 -9999
-0.072701280357155 -0.0783333868062764 -0.0383345189646824 -0.0926766008369371 -0.0687313055161184 0.177632334372866 0.258872704575631 0.304770340965173 0.265497236389532 0.184282935491375 0.146539757461046 0.242645844456206 0.131502850837019 0.251296788173754 0.238525312605218 0.276991012020935 0.219917571337309 0.17515792289641 0.215929796066103 0.230712279906632 -0.0196764311317036 -0.144012136380733 -0.401953638722195 -0.418233899512913 -0.46984466619341 -0.492912920621892 -0.381908692348634 -0.475607601425636 -0.506557803541479 -0.470211179940502 -0.404501759161708 -0.335213269836604 -0.237278617138095 -0.166771605308016 0.00594162088737057 0.0723626261126133 0.0743143044727434 0.232469541456846 -0.0708491696770134 -0.0813876991845841 -9999 -9999 -9999 -9999 -9999 -9999 -9999 -9999 -9999
-0.0675779271832799 -0.0875905253331932 0.00357946749980631 0.0476435512991468 -0.0710427915361718 0.113908311885142 0.245834064798464 0.248233413561515 0.215213657194026 -9999 -9999 -9999 -9999 0.178495459077154 0.096586509420383 0.15096753823424 0.215056859263356 0.263065948589049 0.255364772904149 0.107841625161197 0.0957265636999356 -0.0111590037558318 -9999 -0.52599029412007 -0.370535136499839 -0.345654696681991 -0.461903288015404 -0.506916053210212 -0.621119720773974 -0.502626993675249 -0.335399110854601 -0.324235776931635 -0.304317937026304 -0.115132729105664 -0.0292068222691941 0.126408423825807 0.0623675871875801 0.110917832683625 0.100415243077484 0.0344177487221753 -9999 -9999 -9999 -9999 -9999 -9999 -9999 -9999 -9999
0.0191702470758619 -0.0415766721330301 0.00952972893454444 0.0319142731667635 0.113322398835162 0.103386578329808 0.167318625743093 0.210235059701374 0.238783651390882 0.17921097911774 0.0559348301980353 -9999 0.0482996638056061 0.114988114785309 0.0969282829148239 0.0814418857517531 0.0759063007649561 0.121985459750623 0.250252184884358 0.201142254609806 0.171350856052254 -0.107771452609778 -0.187524485680262 -0.237657337206393 -0.224966359764042 -0.272249640638008 -0.469272485947843 -0.426566822025588 -0.459537274438614 -0.496288932555802 -0.454874162530835 -0.255762700057315 -0.297207521072193 -0.0917743049278266 -0.0132519963863294 0.0263846712361915 0.0161135337177091 0.0263929400708515 -0.0480088632771206 -9999 -9999 -9999 -9999 -9999 -9999 -9999 -9999 -9999 -9999
0.152185658341085 0.0307024502575093 -0.0218591807279622 0.122320000229228 0.106168984311006 0.185245455360901 0.112000569987259 0.188274743699679 0.223954216722169 0.119042949947072 0.0299123455231686 -0.0106446909152045 0.0910128474702112 0.0828488472560566 0.0494948543600073 0.0315362628909525 0.0155100513167653 0.046037572270858 0.183732065603081 0.251560406563218 0.249136468056766 0.173638437290506 -0.0653116251230507 -0.0563159564921152 -0.0826467352776147 -0.191327541728994 -0.236611302212213 -0.444725173311223 -0.232429456643524 -0.185505095319172 -0.232514155814952 -0.180228546102441 -0.154043450806035 -0.0927384206486291 -0.0345465812261539 0.0196852451640172 -0.00954269531318472 -0.00846120939516339 -0.156924606342028 -9999 -9999 -9999 -9999 -9999 -9999 -9999 -9999 -9999 -9999
0.313803709177482 0.212230136304848 0.474211111641561 0.249692183994072 0.228646550983315 0.138855395004169 0.130150968206159 0.138412450551761 0.115985836929238 -0.0154653700026802 -0.00744122189325897 -0.125951154553241 -0.0829218892088948 0.0148963240727143 -0.0360047164917445 -0.0416896272316532 -9999 -0.0337550141136129 0.0731898371029796 0.239687396997884 0.235610826726238 0.292201093174159 0.0629578412112626 -0.00736187321924301 -0.115763956640991 -0.0833763503551465 -0.206145609022068 -0.153336437831824 -0.211835192959891 -0.150034712855985 -0.116008400062271 -0.0725278287650486 -0.159876705281398 -0.0169272116378089 0.00218169573934587 -0.0494671312679587 0.00232066686872049 -0.0891505572937783 -9999 -9999 -9999 -9999 -9999 -9999 -9999 -9999 -9999 -9999 -9999
0.145708611357598 0.169020509787286 0.422723812455511 0.320404078959003 0.253128213759813 0.27643083829441 0.212607057219101 0.185436157891317 0.14605964962194 0.0500490782449075 -0.0242010326805049 -0.164697665659072 -0.130603431909826 -0.0765037194476616 -0.090135842647022 -0.0687864855209591 -0.0298793511680103 0.0420916673747945 0.179754765912638 0.234796621761832 0.20294725121204 0.129395978219564 0.187250919885019 0.19315794202717 0.070743248718165 -0.0461723206173442 -0.0192748700679009 -0.0163975502249588 -0.0917790082359951 0.00603207850719033 0.0347631150611654 0.0536064626584333 -0.0134130640860394 -0.0120169296886447 -0.0227128126049822 0.0648250213800042 -0.0165973089473554 0.170358117863146 0.299096453915697 -9999 -9999 -9999 -9999 -9999 -9999 -9999 -9999 -9999 -9999
-0.0360569519949976 0.147184888597699 0.0971067527616987 0.203269256953842 0.26099814179297 0.232436805956558 0.144507978329093 0.128410128189898 0.0625914736782219 0.0638559347723686 0.0403638435908422 -0.126649487920364 -0.185624767923336 -0.109503426756 -0.242577936688785 -0.104333058899182 -0.0199196852794244 -0.00552084167944718 0.165188057846011 0.390712887286705 0.404831362106561 0.304286127673179 0.213709333558595 0.17221712875342 0.0652445414441796 0.151096856791022 0.127932009505074 0.0490246368475504 0.11331556098253 0.225468102539566 0.251149815721953 0.0950808757628241 -0.0170284288595387 0.0513925703268442 0.0904568984034048 0.120292072232631 0.108213750773038 0.179662959617887 -9999 -9999 -9999 -9999 -9999 -9999 -9999 -9999 -9999 -9999 -9999
-0.0528032513214208 -0.00736358378287799 -0.0271184474384147 0.180298041792079 0.156479388783675 0.266778542114442 0.172541129929712 0.181897775663947 0.146249789377409 0.0689903799987778 -0.0402172941857944 -0.0509743535744973 -0.217975835145271 -0.10881269253509 0.084340400622925 -0.133248102882853 -0.114837760743946 0.00671038016471519 0.190881530789664 0.238627293364361 0.281442031420199 0.262054325443016 0.183260134172071 0.252591327434811 0.321671975705328 0.394801240630165 0.236663575494972 0.310942068563632 0.318945226549896 0.26273431569952 0.25569741944956 0.167340382350907 0.0418459530235424 0.00114540702592819 0.0720776294232884 0.036033680931553 0.137321339098381 0.165064316036067 -9999 -9999 -9999 -9999 -9999 -9999 -9999 -9999 -9999 -9999 -9999
-0.0597815471411453 -0.036295873414267 -9999 0.103951606038857 0.190578742159685 0.321956430316353 0.208915304425931 0.173076918788859 0.184285383713858 0.0486891240123039 0.0115932916331548 -0.0119447980123604 -0.0904425719456388 -0.0760524590097605 -0.0103320892165594 -0.0990582359434379 -0.1466905567694 -0.0283611561626629 0.121335007710406 0.165456246855192 0.192328094301553 0.331852528526301 0.328939087647386 0.350739516871965 0.433448155290012 0.390436180381232 -9999 -9999 0.358114242106024 0.341102846328818 0.250702842795062 0.076666670114714 0.0388875212929383 0.121215676524605 0.0612119829478456 0.108094343573812 0.138505965598701 0.0615539520062968 -9999 -9999 -9999 -9999 -9999 -9999 -9999 -9999 -9999 -9999 -9999
