data/rasters/s8.11.08.li.3_xyz_08_.asc
NCOLS 100 
NROWS 100 
XLLCORNER -4 
YLLCORNER -4 
CELLSIZE 0.08 
NODATA_value -9999 
[rows 44 to 65 of 100, columns 48 to 95 of 100]
0.265471410594175 0.262543602049094 0.30882783506346 0.242203841873008 0.222096229772526 0.22951757729599 0.270894584443276 0.108137779331936 0.0304671183126645 0.214354628869064 0.146125907570711 0.148017047775737 0.158806205604707 0.176964590401283 0.14737440516421 0.0876254041556681 0.151073280863084 0.119039547062255 0.0970831307461568 0.096358069516126 0.012984713237959 -9999 0.117292278512852 0.0768824342228516 0.00264902961954188 -0.00539661227479008 -0.0665811025199768 -0.135472246620491 -0.182573835073441 -0.228071304989289 -9999 0.000916782663215278 -0.0746120549390744 -0.10025489009213 -9999 0.0556102047661745 0.14181347295335 0.205014442259858 0.195174882183883 0.170338431086239 0.0996532523603376 -9999 -9999 -9999 -9999 -9999 -9999 -9999
0.236462409652041 0.273895027728199 0.175086465322 0.152148909786607 0.159281721336027 0.228666763551221 0.173718562407156 0.0997747670784011 0.14354889788492 0.195415348152825 0.15768685051192 0.105423562216261 0.185394806599704 0.154114392137006 0.14370242015774 0.151369694666346 0.201930695574117 0.0912859563489273 0.00354456926571177 -0.0103999011719957 -0.0443080622985096 -0.052015456413114 -0.0402074266394585 -0.0868899744836416 -0.0330206586105677 0.131672281568381 -0.00506958907479437 -0.133655999381936 -0.14506783976106 -0.158904281907439 -0.142075892300313 -0.0714072228395149 -0.0794359050123638 -0.109400705196814 -9999 -0.0660851778174287 -0.082766381727357 -0.00690083587507344 0.0755101461120464 0.117935206246442 0.144225728129443 -9999 -9999 -9999 -9999 -9999 -9999 -9999
0.211845332625954 0.17257903786763 0.129980481598982 0.192861668286136 0.192912782407279 0.287828642325007 0.350021975291266 0.236273849237579 0.0646304093853646 0.121846971327002 0.162420102231141 0.223863936868824 0.154434253568783 0.176308972309413 0.249974995892711 0.160552275733708 0.186543804340428 0.140095365871419 -0.0279356576616246 -0.0735617491797522 -0.0550781198174003 -0.0475282659455828 -0.0843574348359151 -0.165399890139909 -0.218426523758012 -0.180048466697184 -0.123507841425191 -0.0253064175594939 -0.111195149419253 -0.111697365140161 -0.0626522464029383 -0.0530725307337981 -0.0762850228831662 -9999 -0.250674185356596 -0.123126535658466 -0.090437808355606 -0.00877911402906037 0.117013799379492 0.120478603146777 0.140210659286671 -9999 -9999 -9999 -9999 -9999 -9999 -9999
0.169964851227477 0.147844255526533 0.222631874294001 0.215726367701059 0.166465308336563 0.134412948599151 0.14929934453672 0.174389268030604 0.15665759809748 0.087960737665361 0.0739215638308915 0.150145382366848 0.196986730093489 0.279168480331859 0.163961425082734 0.0986640037873464 0.187101980030161 0.165620604180863 -9999 -0.00123516568500799 -0.00529476866477397 -9999 -9999 -9999 -0.139208469955347 -9999 -9999 -0.0938673217090731 -0.208373226087376 -9999 -0.134178494033092 -0.198284775885262 -0.194515510592189 -0.151079887626028 -0.243904472332541 -0.131021818395889 -0.0679643507980696 -0.0246219784621366 0.176479314821127 0.171172006306991 0.149813301663659 -9999 -9999 -9999 -9999 -9999 -9999 -9999
0.278263397703835 0.305216152076215 0.30651115402869 0.326525403862555 0.181586222955885 0.147828301690406 0.102392786894329 0.162238435324857 0.152114088415408 0.0351584009703074 0.103582947807231 0.0818033030744444 0.0753865340242384 0.0752583862481718 0.143948570726659 0.225867827105195 0.201570930184302 0.155199475243494 -9999 0.077901616407904 0.0800066643383769 0.173451951290567 -0.0438428596353539 -0.166579746363588 -0.0546490100621899 -9999 -9999 -0.28093630064572 -0.267977298191065 -0.214488300902555 -0.230594532588554 -0.206002159570009 -0.0964816005898532 -0.162705933153754 -0.22087247983999 -0.243990275202263 -0.131939481259948 0.0138938768643354 0.171037614752418 0.0742184937597718 0.0642568504419547 -9999 -9999 -9999 -9999 -9999 -9999 -9999
0.234547360609293 0.239686664913883 0.313552846951412 0.233412388338039 0.238916412208783 -9999 -9999 0.273305351367058 -9999 0.143151578347511 0.146925020832741 0.00706152975226197 0.130764205236465 0.166424456139174 0.0828692730033923 0.205778136282813 0.1342846839399 0.147101781743055 -0.0397942238610303 0.0151182610515314 -0.0242149461811082 -0.0691105377584941 -0.11860921217817 -9999 -0.176601239992241 -0.178798362742232 -0.271232673903063 -0.276520010214798 -0.210192677000274 -0.233477705135822 -0.200926079206889 -0.111340180395205 -0.160264949183126 -0.162622043758712 -0.202735572188033 -0.196558523535873 -0.0751743522150111 -0.0162312909605193 0.0498640614524594 0.0157575703390375 0.0872499118954005 -9999 -9999 -9999 -9999 -9999 -9999 -9999
-9999 0.357152236144567 0.252541721541265 -9999 0.0920041683727696 0.136582105653155 0.115274016775133 0.0863788193377686 0.399975358343819 0.221099292480204 0.170504327771962 0.0960493696467821 0.0880112802890826 0.175921905829285 0.122656907204359 0.149443650234556 0.0996969954489493 0.0570730589833709 0.0826032335916135 -0.0364926527566841 -0.149340985783646 -0.197091723225269 -0.212125179482034 -0.281462180359909 -0.206146941800324 -0.233083222000842 -0.23895783957792 -0.267241024867069 -0.0732337010257438 -0.154087336928735 -0.187013183226723 -0.174432809227496 -0.117374107805363 -0.207843047646405 -0.116519637581473 -0.130344086458244 -0.0646777896900976 -0.0146111137025251 0.0481384758280984 0.0516223173709721 0.0316098671506606 -9999 -9999 -9999 -9999 -9999 -9999 -9999
-9999 -9999 0.176522505852468 0.130491300806624 0.110368918874741 0.155356575114417 0.12725833656266 0.0829217374839173 0.131403462394514 0.0943645047476392 0.145876145878753 0.16178698390944 0.123079807038392 0.158662603085216 0.0931314526431166 0.167006485078835 0.125466128276384 0.146069737339742 -0.0673457432248771 -0.0732502795545678 -0.201292088437293 -0.16107869791082 -0.215734056850935 -0.328355460322503 -0.290687831828711 -0.231853049161536 -0.185104930575985 -0.178038834401984 -0.0782174834368712 -0.108851826145216 -0.0589810358787688 -0.0731619818990589 -0.112707153351011 -0.115123061863601 -0.0594057079353977 -0.0577227653624498 -0.0760080856417103 0.0132929107604935 0.0653168845333771 0.0264304938699713 -0.0123992941207296 -9999 -9999 -9999 -9999 -9999 -9999 -9999
0.149467641015159 -9999 -9999 0.0699455412992946 0.270109093185328 0.276088164795697 -9999 0.169193785344061 0.198060670172264 0.125496541997648 0.152271034648009 0.171137264381854 0.142881440297506 0.219076588742511 0.0827405292620431 0.140824189747486 0.0838717634339322 -0.0148392282286768 -0.021770555242304 -0.0785314948852797 0.00919744489449446 -0.132171173153186 -0.000742721857217756 -0.166588089511104 -0.189917918893551 -9999 -0.0742736241871881 -0.112613413699209 -0.135544067297166 -0.0320981760456423 -0.025924169342357 0.0239312508374542 -0.0607268802764907 -0.0736078632911763 -0.138605017211858 -0.150013174408253 -0.0983066659023418 -0.00348205333870584 -0.0686709543254076 -0.0164455500583809 -0.0348018902702075 -9999 -9999 -9999 -9999 -9999 -9999 -9999
0.015962775441532 0.175363354045397 0.182324442621657 0.0843205243501401 -9999 -9999 -9999 0.0275409619002144 0.0816627350417429 0.0329609365737372 -9999 0.12929907645079 0.148310185973331 0.153545281959503 0.108081979016122 0.0815138784399559 0.0973725241176555 0.0715489320132466 0.0413656756698876 0.0196102526487628 -0.108262057585538 -0.0441998878815704 -0.0176251768576135 -0.0034643924751739 -0.0846080706926853 -0.102982251399283 0.0632833875624171 -9999 -0.110392362174945 -0.123628497935895 -0.106262584217673 -0.0525181238176054 -0.0394435184618071 -0.0821443631641878 -0.0358988114452915 -0.258608175737037 -0.10817062837526 -0.0190211499847484 0.0683754355539634 -0.0362088742074021 -0.00164521975151335 -9999 -9999 -9999 -9999 -9999 -9999 -9999
0.0808853625512548 0.124942377502621 0.169208767549444 0.146552329864747 0.0815821303549559 0.109932659369541 0.0827401568025779 0.0468301770022699 0.102233768388854 0.102391471082217 0.22415598767787 0.251440221402192 0.228110477675089 0.162621056567747 0.130010551914024 -0.00420055469482973 0.0147762804762391 0.0739042981541062 0.192523316308001 0.104363842535451 0.0147557323610923 -0.0482141643285569 -0.249588408085247 -0.0723328926615678 0.0244840850445786 -9999 -9999 -9999 -0.108752868616963 -0.0639506350136835 -0.0423584830899489 -0.0527670129185836 -0.110419089513908 0.116250882107442 -0.0724690789975703 -0.209901240228177 -0.170893657090751 -0.164446969917236 0.0515779561135535 -0.0339266003866606 -0.0683520035185975 -9999 -9999 -9999 -9999 -9999 -9999 -9999
0.0604750826254898 0.0867280287671388 0.0619843040913405 0.136550136924603 0.0668967572491747 0.0479410743545007 0.0454809112608771 0.0854524082618093 0.166381278571508 0.191042657511392 0.33837112723552 0.308207964182702 0.194840682976032 0.158176697374892 0.132283370698162 0.111528822092606 0.0217177422720983 0.0538156031918293 0.102868550799372 0.127148316791647 -0.0132874232260594 -9999 -9999 -9999 -0.130088262868312 -0.184756437985967 -9999 -0.177915734443389 -0.0847211695687226 -0.194781243285782 -0.183034997192568 -0.133110195746202 -0.101606014362085 -0.0598238356141725 -0.108223136536305 -0.0747976874945587 -0.152477006851004 -0.128820353208426 -0.0754053540299439 0.0178840868090472 -9999 -9999 -9999 -9999 -9999 -9999 -9999 -9999
0.0149210113236139 -9999 0.00163763930564066 0.0467574008273717 0.0388863784121283 0.0227105327808906 0.0394191479951528 0.0100441560199629 0.22872388751048 0.204623993716388 0.232701628785761 0.174376698813731 0.215279968198399 0.151800354857329 0.0611078997114202 0.0591767885438531 0.0464615412178056 -0.0219521105142599 0.207852935155746 -9999 -9999 -9999 0.00175608502400483 -0.282060385149848 -0.23012674766126 -0.234099763992329 -0.260266140551199 -0.143751781828603 -0.195427185279701 -0.256636859717377 -0.272557027811373 -0.100277925413311 -0.0744856721541676 -0.0778737083090312 0.0332087476900561 0.0617131252707979 -9999 -9999 -0.159379159678278 -0.0910874949778033 -9999 -9999 -9999 -9999 -9999 -9999 -9999 -9999
0.150399654912902 0.0934428319204165 0.0521362979913656 0.089526654931289 0.0306230142726223 0.105733076878475 0.162331429613785 0.161886931563834 0.182971631758861 0.202421120777488 0.219279279265873 0.157736620305474 0.178840960379921 -9999 0.111360337449518 0.0928472756935553 0.0246695226802772 0.0238398523392785 -0.0673332111730737 -0.0766487330702447 -0.092590588691818 -0.123281878693494 -9999 -0.191536346925328 -0.217545909620526 -0.24031781661847 -0.217842334543179 -0.1967438922232 -0.115501429567099 -0.200294470426093 -0.147503954730893 -0.0572493276811979 -0.053623846630373 0.0220087275483378 -0.023731430457848 -0.0558138090805216 0.0475383740782215 0.0203004318906783 -0.156733040648459 -0.106828460127802 -9999 -9999 -9999 -9999 -9999 -9999 -9999 -9999
-0.139317792801777 -0.119412716990161 0.0310624719899765 0.0455294384598548 0.0241169977222075 -9999 0.229038176996835 -9999 0.185821812707114 0.229367644008928 0.126694559277193 0.209535517975315 0.108745497936884 0.025742071033099 -9999 -0.0335701343082144 -0.0145285182718172 -0.0413872349239112 -0.157703186816551 -0.150970428746033 -0.160723895130969 -9999 -0.26995980564331 -0.228039451070419 -0.246108960381255 -0.205948558408384 -0.213624287048703 -0.190549023417456 -0.242863001194867 -0.235836728669966 -0.156602259467356 -0.141695722607293 -0.142598170771096 -0.056858282623418 -0.0768925048793677 -0.0858469454777489 0.0257114504288793 0.0020885511170293 0.0734904799651491 0.111438338486513 -9999 -9999 -9999 -9999 -9999 -9999 -9999 -9999
0.0529504245717396 -0.0247916897673606 -0.00250042256503995 0.00786182820520925 -0.0117851812308213 0.0641996925449964 0.0973375239370019 -0.00472237413267932 -0.081607298491875 -9999 -9999 -9999 0.0178607162942987 0.0746728181297111 0.186132914734592 0.13920881025957 0.0100969298719681 -0.040496373715417 -0.124920314666465 -0.160134448520776 -0.163600593763016 -0.371083334010409 -0.322612998905373 -0.217307352317321 -0.198343541120267 -0.153921998464424 -0.182319776488198 -0.133651893146015 -0.1773561992144 -0.148822085994008 -0.151081350763317 -0.220367004225814 -0.0978632843575682 0.00864657392784783 -0.00672348578916322 -0.0597109836781767 -0.00606450897403187 0.0814341373884228 0.0922842552774399 0.0453419711153297 -9999 -9999 -9999 -9999 -9999 -9999 -9999 -9999
-0.0228975222039834 -0.0432851952260658 -0.0720447187820218 -0.0484159826528514 -9999 0.0753136506717284 0.084329011806816 0.0464808601917335 -0.0131659265976918 -9999 -9999 -9999 0.0513899755091677 0.0739331240618487 0.0696155658602273 0.0611995983187325 -9999 0.0162979668555123 -0.0110646718026504 -0.0200325615226874 -0.132118928048953 -0.244127888065716 -0.237329624904112 -0.216834385858127 -0.221449518458542 -0.204143647822814 -9999 -9999 -0.182657415770055 -0.206465518871997 -0.198480006099324 -9999 -9999 0.0142130971080913 -0.00831680669725909 -9999 0.0790159392809959 0.113958468794016 0.154963062606955 0.0441905033756673 -9999 -9999 -9999 -9999 -9999 -9999 -9999 -9999
-0.102124997133389 -0.0747734418429898 -0.0298885248052387 -0.0429750940795391 0.0189591075049033 0.0775453185706937 0.0330200417052306 0.0485583115898956 0.0389091459365808 -9999 -9999 0.0699442140079221 -9999 0.0256394463873997 0.0048947040959281 -9999 0.0964215841753591 0.132643808066466 0.0452872807427663 -9999 -9999 -0.21202945296591 -0.171938150829044 -0.219488921104672 -0.265127663208274 -0.203256931654512 -0.345811746158674 -0.275276906962183 -0.131191821878537 -0.218277723058959 -0.0513866764161761 0.0242743399640367 -0.0488770791855823 -9999 -9999 -9999 -9999 0.158683864163446 0.161859346021356 -9999 -9999 -9999 -9999 -9999 -9999 -9999 -9999 -9999
-0.0476883285227667 -0.0196469476295081 0.0278260552960752 -0.06431628417386 0.0117297636902641 -0.0289386856572443 -0.000792598236333144 -9999 -9999 0.0207535204728561 0.0363302894609985 0.0469581110942712 0.103853917605871 -0.000488520902903071 0.00145336786815972 0.103066949313607 -9999 0.0569813574917191 -0.0104621483490051 -0.0104432430718839 -0.100337318470014 -0.138463489807143 -0.0561447184189231 -0.200424742847867 -0.205600326387425 -0.338522330912247 -0.348124400894894 -0.275738526505587 -0.190620256591108 -0.199032437212417 -0.118149601167667 0.0689145378899271 0.12373041275486 -9999 -9999 -9999 0.163805047351662 0.0997501246910111 0.219150902728052 -9999 -9999 -9999 -9999 -9999 -9999 -9999 -9999 -9999
-0.0570621589345176 -0.0536251870784155 -0.0852605800489547 -0.0751429844420618 -0.015659487798236 -0.0257266470686159 -0.00500601565159369 0.0612921925530842 -0.0240319106511701 -0.00368727285867889 0.00382721713350885 0.0857308622332449 0.0288866815987671 0.0308668431980283 0.0595417805842421 0.0516156728798809 -0.0690879142609672 -0.0501656780830518 -0.0695280989519928 -0.27566204690126 -0.154935784880616 -0.168010130052952 -9999 -0.132924294472593 -0.197767138946296 -0.357969057839515 -0.45406925566793 -0.368074467752973 -0.145986439889898 -0.120076306114235 -0.237816556126913 -0.0722390639709758 -0.0836450526554759 -0.116354593237194 -0.0916330616869951 -0.213012899333427 0.310722959836078 0.265991573693647 0.262834708534345 -9999 -9999 -9999 -9999 -9999 -9999 -9999 -9999 -9999
-0.114490656211619 -0.0129137382673389 0.0135015831571472 -0.0592052528306906 -0.0395110756553668 0.076651273855746 -0.0282440509148297 0.149224692552332 0.167104305879971 0.0218840222070039 -0.0372692749754887 0.0809911690139302 -0.0517121081420716 -0.00284557054006044 0.0325933295978036 -0.0363942044272058 -0.0742696120358356 -0.0658896380694174 -0.0229507419113658 -0.0459064149649441 -0.0284508945697728 -0.0378613159073774 0.173038010380034 0.0109083270340819 -0.160264726973453 -0.283991338337603 -0.409653670632539 -0.432172300428827 -0.305502999067682 -0.177156853165393 -0.0340091609539945 -0.0264471443634316 -0.0194130671868655 -0.092649304149037 -0.0825155035530188 -0.0804157067239041 0.0106502807166605 0.0374039475988681 -9999 -9999 -9999 -9999 -9999 -9999 -9999 -9999 -9999 -9999
0.0871309161505361 0.0150454467569406 0.0438113381899169 -0.0867420961674574 -0.0913294496917942 -0.0557576178085464 0.169101378422554 0.341832752823083 0.00637350174182156 -0.0149250399009634 0.127249208473321 0.0736485984804248 0.0231018583391795 0.029423745031725 0.0804195999705285 -0.0316287307451171 -0.0947125311016798 -0.0923235053872833 -0.0878410868352449 -0.0764745894974947 -0.0677595476660051 -0.00344415410442364 0.0719741842928439 0.000700519186475069 -0.150790192746357 -0.182866015151742 -0.561177450080768 -0.496835013054299 -0.377562068320305 -0.315265215438771 -0.0967801119266649 0.0722909974649709 -0.00721830025330657 -0.0820213255471491 -0.00916934857516645 -0.0747856008053123 -0.00793744826122541 0.0306807000292827 -9999 -9999 -9999 -9999 -9999 -9999 -9999 -9999 -9999 -9999
