data/rasters/s8.11.08.li.3_xyz_08_.asc
NCOLS 100 
NROWS 100 
XLLCORNER -4 
YLLCORNER -4 
CELLSIZE 0.08 
NODATA_value -9999 
[rows 22 to 43 of 100, columns 0 to 47 of 100]
-9999 -9999 -9999 -9999 -9999 -9999 -9999 -9999 -9999 -9999 -9999 -9999 -9999 -9999 -9999 -9999 -9999 -9999 -9999 -9999 -9999 -9999 0.274263272291014 0.406152534599913 0.15535622098535 0.0912633202775999 0.0956112014747914 0.0807698563844221 -9999 -9999 0.118183360407539 0.125890029325597 -9999 -0.0318009556100954 0.0110857085453435 0.0619210694540532 0.0741912289691977 0.143399789796303 0.110594053096171 0.0893688865700867 0.0744033394367233 -9999 -9999 -0.125404775657672 -0.148675527796519 -0.161194312483007 -0.112371689637919 -0.275560207819092
-9999 -9999 -9999 -9999 -9999 -9999 -9999 -9999 -9999 -9999 -9999 -9999 -9999 -9999 -9999 -9999 -9999 -9999 -9999 -9999 -9999 -9999 0.266801469887956 -9999 0.41405061608946 0.345084202955632 0.220529521691402 -9999 -0.0166422041227435 0.0631769321531297 0.134313161228779 -9999 -0.00143105545856664 -0.00605421265510014 0.0132675006710223 0.0207262387529225 0.023821593080759 0.0718084783172955 0.120253541370144 0.0522884300644871 0.0307447673485324 -0.00216905412375734 0.03417957708962 0.0543545974601659 0.0107211486325642 -0.166576476642228 -0.13813030205616 -0.141643763987802
-9999 -9999 -9999 -9999 -9999 -9999 -9999 -9999 -9999 -9999 -9999 -9999 -9999 -9999 -9999 -9999 -9999 -9999 -9999 -9999 0.328116819792809 0.29411644990252 -9999 -9999 -9999 0.376885604118386 0.217979993580413 -9999 -0.0710378600743626 -0.0111343875257646 -9999 -9999 -9999 0.0690522610183758 0.0626421856250463 0.0482071784706622 0.0781017884874507 0.0861324441994529 0.0486031255082341 0.058009789092759 -0.000501162003724892 -0.0320750334927182 -0.0163304718977313 -0.0122211007217311 -0.0408328901699522 -0.122663101937133 -0.140792050512142 -0.115535823519272
-9999 -9999 -9999 -9999 -9999 -9999 -9999 -9999 -9999 -9999 -9999 -9999 -9999 -9999 -9999 -9999 -9999 -9999 -9999 -9999 0.276552423413495 0.350435970467681 -9999 -9999 -9999 0.341555072649757 0.224371026579135 -9999 -9999 0.00601315561106459 0.110992954506202 0.0714665158821985 0.0184669214922621 0.0904203434391254 0.246715740430836 0.12976308081231 0.0556282893591582 0.123007673284318 0.108082938041982 0.0955273831448016 0.028183978673576 0.0164043345425895 -0.0253901604630314 -0.115771626233951 -0.208240966947177 -0.164334733496195 -0.170796552083118 -0.18881816238796
-9999 -9999 -9999 -9999 -9999 -9999 -9999 -9999 -9999 -9999 -9999 -9999 -9999 -9999 -9999 -9999 -9999 -9999 -9999 0.163965277930939 0.155475860354672 0.00259058755280467 -9999 -9999 0.259453441042249 0.162536793694338 0.178605524688368 -9999 -9999 0.0755280238508539 0.0857416112816927 0.0230355420658345 -0.0133267065466302 0.0512453966864929 0.134073295670676 0.145185727537853 0.11254861699744 0.14827084271225 0.093427319496058 0.0653988100255801 0.000656689002735326 0.0945616129547981 0.169961976886139 -0.111438531444177 -0.0402485216102544 -0.159103532820333 -0.177676804781361 -0.138524385024798
-9999 -9999 -9999 -9999 -9999 -9999 -9999 -9999 -9999 -9999 -9999 -9999 -9999 -9999 -9999 -9999 -9999 -9999 0.20911210156842 0.217566873259255 0.203703111082781 -9999 -9999 0.18273677124606 0.151888804632903 0.0927550056541105 0.0921613204621569 0.136739482890404 0.113145450231844 0.0904161587543466 0.147453437017546 0.17763378550458 0.101069381306311 0.0786175596276581 0.144432208437596 0.0799395781934983 0.0801939044854138 0.166343826100307 0.172528866441093 0.0731734407430646 0.00491397801465615 0.0216024881741063 -0.072100418953135 -0.129170734485072 -9999 0.045858891483646 0.212143469197551 0.0468623764169443
-9999 -9999 -9999 -9999 -9999 -9999 -9999 -9999 -9999 -9999 -9999 -9999 -9999 -9999 -9999 -9999 -9999 -9999 0.298924950063056 0.273579051845721 0.24352249067031 0.231915637060179 0.339623008712956 0.186295191946589 0.0828245850310777 0.152016203643521 0.129437697741732 0.106410867991812 -9999 0.056391742447958 0.130353445212828 0.111905047012499 0.15209702858243 0.108912239512303 0.0562884687815764 0.0175591153988692 0.165148072287008 0.17981018387358 0.0650708919880358 -0.0143094819306833 0.0706328484264744 0.102139753645335 -0.108136724188936 -0.126569272984862 -0.0592089827716713 0.0521417278063226 0.0471525164449095 0.072802796719449
-9999 -9999 -9999 -9999 -9999 -9999 -9999 -9999 -9999 -9999 -9999 -9999 -9999 -9999 -9999 -9999 -9999 0.16318652871414 0.233665455254279 0.377093120665148 0.212725507256833 -9999 -9999 -9999 0.0461696559964636 0.0989245932736374 0.11527901815413 0.158585700127024 0.128631971642574 0.142397613880094 0.0892095318969265 0.160186064223046 0.180910758597207 0.153364248232473 0.138200705699511 0.0680656463135788 0.13906046771924 0.0779823215758821 -9999 0.0184432750363292 -9999 -9999 0.136887842933138 0.118463627649171 -9999 0.0583994130636355 0.0101130318069052 0.108603837367977
-9999 -9999 -9999 -9999 -9999 -9999 -9999 -9999 -9999 -9999 -9999 -9999 -9999 -9999 -9999 -9999 0.221649547602268 0.167477931658617 0.257732486889148 0.301997744947023 0.212358330133421 -9999 0.155862524239109 0.129347922836308 0.0852937840227819 0.0978576748687136 0.0856440812829385 0.123199162030917 0.159904117327333 0.176757006996275 0.045785859078094 -0.00496595651292564 0.108690971083927 0.152136800685059 0.132789345619763 0.0287956276196742 -0.0328478959421037 -9999 -9999 -9999 -9999 0.0818698511853272 0.0999904999101425 -9999 -9999 -0.0373383427719406 -0.0207340616031847 0.198600423912548
-9999 -9999 -9999 -9999 -9999 -9999 -9999 -9999 -9999 -9999 -9999 -9999 -9999 -9999 -9999 0.241041133127433 0.240517550054691 -9999 0.328304289744755 0.223651817775959 0.135345307824192 0.148751328637378 0.137261115665353 0.111660393193574 0.0894006080171213 0.126004383326514 0.133614997444614 0.101869351192342 0.130209206068966 0.158620746333623 0.300249203550154 -9999 -9999 0.0863190317160731 0.0845615001081771 0.0363895511248821 0.00348554877282496 -0.00328688100301822 0.0569815402512495 -9999 -9999 0.194222910214705 0.104817839223742 0.125002153208112 0.0306004521638806 -0.0247437494005399 0.151076356629655 0.198041850660504
-9999 -9999 -9999 -9999 -9999 -9999 -9999 -9999 -9999 -9999 -9999 -9999 -9999 -9999 -9999 0.127074772153246 0.0368962482271023 0.301460399450714 0.209097589973358 0.193104416269622 0.204094512640601 0.221283496001878 0.168820758512473 0.131608389794065 0.167349751309559 0.156201037875637 0.149745012619365 0.231798164945535 0.16601102403437 0.250794346293273 -9999 -9999 -9999 -9999 0.0230378759328357 0.0516944882657924 0.000170441423509526 -0.115107578254048 -0.117933215757529 -9999 -9999 -9999 0.11195104001846 0.0367067663882346 -0.0306254844017714 0.0304221231885426 -0.00785805079721846 0.147681340594126
-9999 -9999 -9999 -9999 -9999 -9999 -9999 -9999 -9999 -9999 -9999 -9999 -9999 -9999 0.217084432601236 0.203774956379049 0.262377097384368 0.222682318036591 0.188191057974057 0.179687399311195 0.223342116542034 0.230502761551039 0.135762128481272 0.148464945040213 0.141434516073569 0.274932610516345 0.190005359207135 0.175454999769178 0.148345261139107 0.119317976290288 -9999 0.220536369494281 0.175370135602546 0.0737253450434844 0.0789692694781948 0.0831667677249897 -0.0107548203291219 0.0179674947118798 -0.0154677821195809 -9999 -9999 -9999 -0.104222438785803 -0.073067354997795 -0.0675332766855153 0.183754649133056 0.163428924438274 -9999
-9999 -9999 -9999 -9999 -9999 -9999 -9999 -9999 -9999 -9999 -9999 -9999 -9999 -9999 -0.354858974568508 0.176788244831454 0.128299713177834 0.145669862690735 0.268750978781799 0.19270253061202 0.0844019312102817 0.0613411539305425 0.0417573676338531 0.0882280949901586 0.170722030169658 0.320071481667023 0.159516507101655 0.177580718755284 0.125552843758214 0.116398059322674 0.110500987948896 0.202515698643091 0.116909503757353 -0.0951637590426887 0.122506296342808 0.0899586361631916 0.0324674703589803 -0.0625062932264205 -0.0976743750110911 -0.0892387814801896 -0.0402078685581333 -0.078758011392831 -0.10842538734758 -0.0887424955239351 -0.029612369826966 0.0489015698774473 0.162751601501327 0.159230759578381
-9999 -9999 -9999 -9999 -9999 -9999 -9999 -9999 -9999 -9999 -9999 -9999 -9999 -9999 -0.0834219807392648 0.0393804937796544 0.0689232003028559 0.129711346756736 0.155098211433125 0.121324423086844 0.0374415888530538 0.0633601398133729 0.103750471811454 0.0521451923978287 0.0550203554962764 0.175492439933354 0.0954205695026083 0.103629630508383 0.185211435718425 0.17714104743895 -0.0179156843005701 0.0555174427055978 -0.0479650334076519 0.0139259517321426 0.0582997203209314 0.0187420549643837 -0.0688206733877803 -0.0761500139597721 -0.0649925905549366 -0.0937348076883738 -0.0657917950274013 -0.110440610328325 -0.159188237153036 -0.137050540613754 -0.122578389798336 0.00590512507498912 0.0868377155619039 0.147432387872337
-9999 -9999 -9999 -9999 -9999 -9999 -9999 -9999 -9999 -9999 -9999 -9999 -9999 -0.339577416167342 -0.152065555175605 -0.00150223078255725 0.0663259295595112 0.000368205542284721 0.105838465844173 0.145978775006679 0.0662186905653885 0.0424423680424598 0.0915464212932235 0.0426749645969231 -0.186889532110632 -0.0670276927731517 0.0943808979602705 0.285715011314156 -9999 -0.0737103568379501 -0.0284525164856734 0.0248428574005521 -0.0210498401501145 -0.0570689063398706 -9999 0.168614825197167 0.143413152896559 0.182725436453305 -0.0814776662402119 -0.0893960849675716 -0.0869105727097849 0.00288240850226546 -0.0147417533708213 -0.0107236715737571 0.0216360183617811 -0.0344623221003651 -0.02716995160758 0.0380662055874068
-9999 -9999 -9999 -9999 -9999 -9999 -9999 -9999 -9999 -9999 -9999 -9999 -9999 -0.130630309652953 0.0423116356574783 0.0799967272895629 0.0485501463855123 0.00147840502928865 0.0907251965427565 0.128637025624117 0.067339827791715 0.0522433391538564 0.0824503663395689 -0.0141987647032302 -0.221598812081926 -0.0900585516372363 0.0384226396890597 0.132386989040341 0.131980696180729 0.22111907578778 0.188356541966505 -0.00199717617829261 -9999 0.0359078718935012 0.0318443037754475 0.0363553098844895 0.0248037282510085 0.198874044876608 -9999 0.134526690857251 -0.065433179290939 -0.0365848204891715 -0.0841807342821057 0.114851001265651 0.0736832488597832 -0.00799555825933959 0.0380422806294979 0.125761021552128
-9999 -9999 -9999 -9999 -9999 -9999 -9999 -9999 -9999 -9999 -9999 -9999 -9999 -0.152881254479 0.0184217551088832 -0.0111192242235487 -0.0309081845447037 0.053933322323033 -0.0100696829809113 0.046517142221162 -0.0149626023881527 0.0624437552337554 0.100310401426249 0.0512974719519011 -0.00161622762108233 0.0182330162643986 0.040524705005883 0.0141350486938553 0.0625348160239413 0.124036653845939 -9999 -9999 -9999 0.011321160362769 0.00827729171349802 -0.000215743782064798 -9999 -9999 -9999 0.0529893202821653 0.0302450398043495 0.00690769617397109 -0.0420931703301843 0.287228826220034 0.0535002382006285 0.247944000595108 0.168317104373459 0.210993678225227
-9999 -9999 -9999 -9999 -9999 -9999 -9999 -9999 -9999 -9999 -9999 -9999 -0.173440781084732 0.00918769288652012 0.0105917960741517 -0.0413660697104437 -0.0775317687786831 0.00667058880808298 0.0398290029246644 0.0018427149248381 0.0219966420265999 0.0190550348910409 0.0751537951890649 0.0528980332955908 -0.018538124960663 0.0296843713356276 0.1578363077835 0.0959375802535717 0.0413095747649091 0.0746521532647119 -9999 -9999 -9999 0.0468532432339827 -9999 0.0172308655805524 0.037387773168419 0.00926149079895522 -9999 0.0819376897798084 0.0194064344086106 -0.0166293051848764 -9999 -9999 -0.0871522314419181 0.237740034903197 0.247098960981776 0.176974617420032
-9999 -9999 -9999 -9999 -9999 -9999 -9999 -9999 -9999 -9999 -9999 -9999 -0.224131855739536 0.0105476838864989 0.0687608083320936 0.0166263482275084 0.0976462433681745 -0.0580811253898402 -0.0447846806946716 -0.0549642092845592 -0.0387145383927424 -0.0301987802183772 -0.0489986053245979 0.0105684283462828 0.0865451183656642 0.118835169384325 0.14826333249388 0.0925873822723287 0.150428664993486 0.161386540354845 0.19715183700749 -9999 0.118015454182325 0.112987972079307 0.119477796618873 0.00963377328787152 0.0185924797184752 0.0687825106199274 0.0216239927742776 0.0131138636393573 0.00823260093586587 0.0163135192363476 -0.0371868695047928 0.214003579520141 -9999 -9999 -9999 0.304816368529946
-9999 -9999 -9999 -9999 -9999 -9999 -9999 -9999 -9999 -9999 -9999 -9999 -0.176715217199455 -0.0202246482449567 -0.0673636185160715 -0.13901022471767 -0.107339821162498 -0.139941972969392 -0.0754233044153155 -0.0405343682735186 0.00538149838524728 0.0016708957830036 -0.0384588645861782 -0.00225483990826996 0.0687377534765238 -9999 0.1559496522867 0.0651503324014508 0.13049953711392 0.0918239004062982 0.0969454374096663 0.222219773958546 0.0966227010150897 0.113099086325133 0.0991034104246962 0.104080047363818 0.0217427064808489 0.0112911241470923 0.0135452859620319 -0.0283841873794093 0.0106207418640749 0.134905693530308 -0.0190436756105712 0.00793974845272841 0.231848966922764 0.175485779540464 0.20980583932066 0.311831950483905
-9999 -9999 -9999 -9999 -9999 -9999 -9999 -9999 -9999 -9999 -9999 -9999 -0.0628865526553922 -0.0145605378896054 -0.0228628419547982 -0.137246992619627 -0.0860539839538199 -0.0817021572457283 -0.0175242884083814 0.0142809774199225 0.0383309863447606 -0.0367067988472941 -0.0188632229095203 -0.100584839653993 -0.0265079405145407 0.0906903431787167 0.110287798443518 0.0829125243187242 0.100048186684128 0.132595730779101 0.0914364667149715 0.0383606116641967 0.0574199195256964 0.0861344488819416 0.0723352602949395 0.107151786483094 0.0985379332292581 0.0760248969052146 0.0966088517561251 0.000310401744646965 0.209961583608165 -9999 0.0550728108011323 0.315993214206078 0.244245184911481 0.221638118538956 0.257147676594122 0.293158278395197
-9999 -9999 -9999 -9999 -9999 -9999 -9999 -9999 -9999 -9999 -9999 -0.200513306677877 -0.0606954847240307 0.0327224885243695 0.0831537566657231 0.0375261214880522 0.0713715787100014 0.0342599562788033 -0.0168285311121585 -0.00386042528781763 -0.00795847032618365 -0.0196641678985675 -0.014929063745904 -0.0449933980785839 0.0103427879736827 0.0648618946992672 0.0564883711290548 0.0400826830024339 0.0660310774059011 0.151289417505859 0.0786155037920446 0.063266658996111 0.128119031178136 0.135089697242214 0.151657901147552 0.120836504813046 0.16022846532522 0.215310424645631 0.141577896740583 0.133858788076036 0.116144759041802 0.171636558445442 0.200548072426165 0.175149663430635 0.202187127566404 0.255473853084241 0.251890096751139 0.279848319910162
