data/rasters/s8.11.08.li.3_xyz_08_.asc
NCOLS 100 
NROWS 100 
XLLCORNER -4 
YLLCORNER -4 
CELLSIZE 0.08 
NODATA_value -9999 
[rows 44 to 65 of 100, columns 0 to 47 of 100]
-9999 -9999 -9999 -9999 -9999 -9999 -9999 -9999 -9999 -9999 -9999 -0.285204137240785 -0.0808053976458314 0.13590733106248 0.117402193209002 0.156907183357064 0.100039790279768 0.0422864071292547 0.0367204608837161 0.226593853981845 0.0188105903017751 -0.0401771102635652 -0.0151449417298585 0.0459477306320497 0.0254628480741114 -0.00439765987868938 0.00830695352538388 0.152398399023175 -9999 0.113730148457124 0.122660362661194 0.101487465999103 0.186104315515035 0.185986354667923 0.200529937310023 0.180089053630485 0.164407664379256 0.13303027978073 0.16172844403779 0.164330546129472 0.188491754238535 0.196721226610882 0.185880327603334 0.177070418264312 0.193101443994123 0.266282328548618 0.319756177535881 0.297645056384179
-9999 -9999 -9999 -9999 -9999 -9999 -9999 -9999 -9999 -9999 -9999 -0.189908425068865 0.0143451476143165 0.106098206332731 -9999 0.104377969990581 0.0933265664437425 -0.0103251797050265 0.0240818372674106 0.134389097942993 0.0628336584120103 -0.101979717847142 -0.0204496226783741 0.0496645833874228 0.150073209386977 0.144934010796364 0.0467585804451277 0.0976054151124284 0.118599041521122 -9999 -9999 0.0953406195378643 0.0659656554455339 0.11528731837934 0.182049567571514 0.189135704270159 0.102575236517416 0.102517977089547 0.10267005073741 0.153835319630154 0.180372045233707 0.17665714623701 0.205706886566882 0.245017351112643 0.119353446497883 0.194007325799169 0.264175449505053 0.221324635215455
-9999 -9999 -9999 -9999 -9999 -9999 -9999 -9999 -9999 -9999 -9999 -0.133787998467432 0.0707180889284032 0.126526300915566 0.0464430490611597 0.0890726409307097 0.0216378071425837 0.0209067653220953 0.08407605343069 -9999 -9999 0.0444186269046039 0.0555892463423033 0.110877231626389 0.108926657397596 0.147649068495853 0.202915294100471 0.120889755474985 0.0746120890940986 -9999 0.0286916990970185 0.0567813798787861 0.0224542018747463 0.178847293481371 0.0875633292285326 0.11787465534619 0.120238488212978 0.120122924998005 0.132218773344707 0.141450928062644 0.227640978622111 0.195883445374033 0.185665658040459 0.193825058089637 0.0834340581324922 0.156066355776959 0.249900927979413 0.25555923557213
-9999 -9999 -9999 -9999 -9999 -9999 -9999 -9999 -9999 -9999 -9999 0.120574461644572 0.0930807498266633 0.0236336550621662 0.0373626402840388 0.0502248608654129 -0.0170610526774211 0.03672814659891 0.134218436109554 0.159047101478835 0.0183949891000676 0.0170061578886232 0.0180821389006013 0.135497672288012 0.095292459950876 0.126632503673882 0.060708495757568 0.0344097003387662 0.0364895259190504 -0.0110295257933208 0.0552248764069582 0.162470554361656 0.161407576992392 0.24681124564289 0.0993532566804616 0.208802403756984 0.163834791072801 0.16325893161408 0.12606134717492 0.195505206888337 0.184481755907555 0.204799530757115 0.0924698152490687 0.173596951186105 0.0535400664844636 0.226669903072281 0.241485718083509 0.207526250456462
-9999 -9999 -9999 -9999 -9999 -9999 -9999 -9999 -9999 -9999 -9999 -0.307562716222967 0.146554831287192 0.0284506300175899 0.00112122477204233 0.0456440945775989 0.0345977409581703 0.0234547215423172 0.0251209105565714 0.0170705451925445 0.00617977925053838 -0.029355011612819 -0.0115828709353871 0.00745514328350384 -0.083123696509584 -0.0622521025354721 -0.129801497311401 -0.231281314525531 0.0414280012445742 0.0145770743213678 0.0713651890247572 0.145328553322956 0.129934591434754 0.0827398684442601 0.245604852180979 0.17922669847484 0.171004154360694 0.176450016824088 0.144520674852547 0.13370237478939 0.205649217112951 0.14618577366367 0.0836215409626044 0.0635025335837063 0.0450840523259451 -9999 0.198878132910921 0.232845781116259
-9999 -9999 -9999 -9999 -9999 -9999 -9999 -9999 -9999 -9999 -9999 -0.169150506371118 -0.144027358754901 -0.111740235057046 0.0434434286540034 0.000839873166785366 0.0165929557437754 0.0788566827297537 0.0612481656885006 0.00467771458430911 -0.0357207742827894 -0.0331147684596634 -0.0707281805263112 -0.0173535345136279 -0.328825856151302 -0.149503926384467 -0.09426830534555 -0.109461595434098 -0.00998700888174048 0.0197198836165943 -0.02057886228094 0.0705705438300159 0.0423508852362411 0.0762109747954583 0.172062343220023 0.163956606315294 0.0978379317188467 0.139649734561623 0.163599455943973 0.175982466861314 -9999 0.106326106489078 0.142985901066029 0.0873411500994979 0.0675126684926268 0.134641782274136 0.219358042031224 0.219680412872074
-9999 -9999 -9999 -9999 -9999 -9999 -9999 -9999 -9999 -9999 -9999 -0.332979979827014 -0.382337206910855 -0.255695106518277 -0.041646439643177 -0.0299046869976922 -0.00248402996974319 0.0663375320028133 -9999 -9999 0.00613629514409515 -0.0586098523720964 -0.0515126745876304 -9999 -0.0238226502103886 -0.147894196310129 -0.194098729684804 -0.134068165450396 -0.067504542943214 -0.0569902464696424 -0.112912599697221 0.0790703970997562 0.104310461765666 0.0350569659986037 0.0847913407581121 0.207725574951631 0.144399542764254 0.123750629555695 0.109970919774263 0.107842290320111 -9999 0.105461120487197 0.129383346787078 0.111637553095965 0.0890155480672121 0.235906641536751 0.146164550526069 0.140688794246666
-9999 -9999 -9999 -9999 -9999 -9999 -9999 -9999 -9999 -9999 -9999 -0.313727669968875 -0.391934903991013 -9999 -0.0379077825063844 -0.0320370419741545 -0.0252142597981506 0.0410191331702932 0.0331457897487076 -0.104697424252937 0.0874509133097438 0.0634521740989236 -0.219827368530041 -0.0842130341761329 -0.100122863147523 -0.252492206310498 -0.159372730102441 -0.215127156991745 -0.0411958140920378 -0.0773779456453871 -0.127479959863336 -0.12586117722567 0.0873434720769684 0.110817069092187 0.096332997614355 0.12309404297388 0.0937174865740084 0.127285121027718 0.113317529916417 0.0939352427611856 0.10896713119042 0.102971602959938 -0.0276747813715773 0.0612239952544564 0.0684614478480268 0.240912812145453 0.223623521606437 -9999
-9999 -9999 -9999 -9999 -9999 -9999 -9999 -9999 -9999 -9999 -9999 -0.28255639131849 -0.350898963565603 -0.0846887744864027 -0.0478301588551534 -0.0200219865800055 0.0368603338999789 -9999 -0.143363231508079 -0.118758591753153 -0.192095171614422 -9999 -0.129460012954346 -0.0764201696314574 -0.129435687835049 -0.00382790555271055 -0.180431325509731 -0.141951227786968 -0.222215042407542 -0.215812969287498 -0.17650213332957 -0.329465301566723 -0.261586343458084 0.0500323029522657 0.026876954061193 0.0647709276046057 0.04926162815289 0.137193349015901 0.134654077837333 0.133203706379102 0.15554229736457 0.120181051485026 0.0782257755688131 -9999 -9999 0.0360793753446563 0.103246370587632 0.155261290256008
-9999 -9999 -9999 -9999 -9999 -9999 -9999 -9999 -9999 -9999 -9999 -0.170199052635598 -0.0222003888512108 0.0146864607889739 -0.0436401127768387 0.00705962621619663 0.0371038017034352 -0.0110496700577658 -0.184030687029708 -0.0998822744810974 -0.193420078867954 -9999 -0.129246805095649 -0.131454478140848 -0.0406728325593171 0.0168182952269875 -0.227395469763864 -0.140655167126519 -0.117451966642799 -0.150822699129778 -0.198923410452942 -0.213991191348644 -0.00319409399097186 0.00959407177488644 0.0117775252315986 0.0556785880929313 0.0535661334349031 0.185095604349695 0.170836658328264 0.16381742043429 0.145153009647003 0.164927325793649 0.111705202411433 0.0952227981640084 0.0435551281883571 0.0168356797314913 0.00239052441661967 0.0276969286390465
-9999 -9999 -9999 -9999 -9999 -9999 -9999 -9999 -9999 -9999 -9999 -0.193850609696718 -0.0824265153589815 0.0461746192313956 -0.0629352864731463 -0.0254838835442484 0.0680327544120937 0.0979178361970805 0.000198966396756995 -0.0955970835240381 -0.153820141325091 -0.172468995275095 -0.0707920232762655 -0.108942832525749 -0.126039069189662 -0.201371401704729 -0.146409839354086 -0.129782194540031 -0.0748953516009601 -0.134410729907651 -0.120821084329172 -0.100229458005245 -0.00715271944976354 0.0341350519240161 0.0179983310949025 0.0328800025430499 0.118271943902841 0.138828002987617 0.0898697974294308 0.131633580509578 0.131842803032009 0.164062957399671 0.218854606289152 0.147926565910701 0.0729495644236415 0.0281365058862959 0.0575657940070051 0.0518947166470214
-9999 -9999 -9999 -9999 -9999 -9999 -9999 -9999 -9999 -9999 -9999 -0.258441532887897 -0.132503913055574 -0.187566591631544 -0.182864508921865 -0.00986920127404046 0.112070277846265 0.104612021727577 0.0671188165039459 0.000607198938351393 -0.12182302854493 -0.0834548528783041 -0.120874733862568 -0.115806707242429 -0.0775849957333002 -0.117749575474917 -0.124734243232427 -0.103704419812796 -0.0890656136954354 -0.0822877569097614 -0.127801936576254 -0.110231091858986 -0.0331318225936089 0.00120490720388968 0.0409518697016306 0.0730605947356674 0.0518441615857323 0.0712253251811732 0.0685898570486006 0.122106014301382 0.104026180988523 0.141000720564979 0.209055545260372 0.163363418934205 0.0731760942365432 0.0577532370950366 -9999 -0.0179151063473911
-9999 -9999 -9999 -9999 -9999 -9999 -9999 -9999 -9999 -9999 -9999 -0.285991394307777 -0.0532666074035283 -0.0722064441698446 -0.0998108741800461 -0.0282611461810276 0.0151188383022302 0.0094810593446311 0.0189707052427367 0.0386708371469047 -0.030711943686684 -0.00243008644988262 -0.0868828432416452 -0.159158288090759 -0.201009409971051 -0.192678519348555 -0.122379851604929 -0.055762557520258 -0.0895318463165968 -0.1259549615296 -0.104292023422456 -0.117650075923596 -0.0201097004136036 0.00949090607477572 0.0540916074076457 0.142127509467687 0.0777782245322852 0.0973767076415195 0.180035510822032 0.137317119543192 -9999 0.130237450092097 0.168692582049322 0.100993161511965 0.102762553628241 0.0897676329790552 0.0423469854526497 0.0590398988470649
-9999 -9999 -9999 -9999 -9999 -9999 -9999 -9999 -9999 -9999 -9999 -9999 -0.147862545366745 -0.112322226963131 -0.0814000509339109 -0.111384752407438 0.0447137135095444 0.0555757284343392 -0.00964496767467978 -0.00561983437090905 -0.000357284285276773 -0.0439547505373623 -9999 -0.169644000347284 -0.0399514073260188 -0.160663799434155 -0.140885299142537 -0.172764743736579 -0.129472911942479 -0.113353747801027 -0.0560795083694908 -0.195562548709266 -0.0272789735079206 0.0150094672396022 0.179315974522968 0.189152075936229 0.121868386450537 0.0784564079164186 0.140725681483715 0.102765533967632 0.100153609764785 0.163685865898478 0.101134137868658 0.0564616320708028 0.0493073437948703 0.0934891468679568 0.0815316603118489 0.0846525527364004
-9999 -9999 -9999 -9999 -9999 -9999 -9999 -9999 -9999 -9999 -9999 -9999 -0.245023256033623 -0.131416815830171 -0.0186666433722566 0.0165623954736128 0.122664292519677 0.0667041127845318 -0.0779384329349282 -0.0839957757240942 -0.0320118903164115 -0.0235288378549734 -0.0534155049191397 0.0162252656324679 0.0411639881626707 -0.0341026120159992 -0.173954445208593 -0.209325683778567 -0.166068956479305 -0.188352474290582 0.0023908472689458 0.0155993476043877 0.0753876288283969 0.0378862100543577 0.126465211930353 0.150590031468122 0.158500304070028 0.0931195465774654 0.0547421236254589 0.0856200755361036 0.0852387134994768 0.109163349091709 0.145828744513802 0.242064384147801 0.291794150214682 0.114626578916392 0.00806708967817858 0.065326367753788
-9999 -9999 -9999 -9999 -9999 -9999 -9999 -9999 -9999 -9999 -9999 -9999 -0.232405554645049 -0.00244823027772163 -0.0525367270364675 0.08403017041873 0.151593744491256 -9999 -0.0661023762852058 -0.00349706848607667 0.00272694475404262 -0.0177210344227648 -0.0432829162211886 0.00937256891313001 0.0434587082835652 -0.0615643797428343 0.0502797823257405 -0.0690207622832932 0.0095878156103066 -0.0620735227522954 -0.0984063630023059 0.00702538044951821 0.0822084164149565 0.102023603634814 0.226037354508363 0.261378866912246 -9999 0.0872372537028384 -9999 0.225102652899971 0.205842671987337 0.409723449448644 0.120044405154164 0.100025579868401 0.110521858901699 -0.0680479300706372 -0.0242381416093833 0.0101773203745911
-9999 -9999 -9999 -9999 -9999 -9999 -9999 -9999 -9999 -9999 -9999 -9999 -0.241339067483872 -9999 0.0420735105325891 -0.00607440985922776 -9999 0.323925253290571 0.0698123721673471 0.0240411517559551 0.0372902194600251 0.0161370901853044 0.182652905514666 0.075743991460542 -0.0211506859961574 -0.0790586307693642 0.0555291370736298 -0.0200918663395483 0.0701164361133953 0.0329882941120626 -0.00175879433093581 0.168136246094213 0.239093620082768 0.162589972905848 0.11252090716713 0.310959807815263 0.319354988172626 0.282076531774213 0.275524516389743 0.209137441412171 0.234057598711631 0.156983586774561 0.129401203476676 0.195681946878452 0.216170444194504 0.0137040472921343 -0.0400581934527921 -0.0921521037836677
-9999 -9999 -9999 -9999 -9999 -9999 -9999 -9999 -9999 -9999 -9999 -9999 -9999 -0.349207284061653 0.285780687420324 0.31783853500796 0.192806410740389 0.188154500733552 0.180159935873915 -9999 0.119967609575569 0.157401143655429 0.123497205387714 0.0434713978293684 -9999 -0.0712835953674998 0.0289877215456788 0.00818158467418261 0.0539345035751799 0.0705748693117944 0.114988485188653 0.153941721101628 0.256071975146991 0.165894393683063 0.0868508188824692 0.335123471376293 0.291819672879872 0.261937284777709 0.209390470181105 0.240334677908132 0.183174005929293 0.139308244906046 0.121829888887973 0.198636287824686 -9999 -0.180340037651942 -0.205704438459707 -0.137107220447239
-9999 -9999 -9999 -9999 -9999 -9999 -9999 -9999 -9999 -9999 -9999 -9999 -9999 -0.219598387768274 -0.0850840797256036 -0.0542386840538508 0.130428064516726 0.171152909124503 0.195479780561265 0.191346743073544 0.161521290445148 0.151632909535036 0.16984091274242 0.0932966823911554 0.0552643925900203 0.0570604670278853 0.0721813084432895 -0.0211665625289875 0.108266939494832 0.103851257688 0.081230123738194 0.172090546399111 0.161928743709393 0.129079130175379 0.255145974826747 0.191387232840437 0.17344370564611 0.300618684443446 -9999 0.0890097563771545 0.164377779618356 0.175416762449584 0.302875189377238 0.289947614701805 -9999 -0.0603124192418851 -0.0334983739329023 -0.0292069877449571
-9999 -9999 -9999 -9999 -9999 -9999 -9999 -9999 -9999 -9999 -9999 -9999 -9999 -0.376108390699747 0.108437480177075 0.0894825967042529 0.18119673347328 0.143441884640167 0.107122658755467 0.112405227098389 -9999 0.207740595448215 -9999 -9999 0.0689708471472224 0.0658215898025485 -0.0218982966741345 -9999 -0.0363962126597142 -0.00811683952654948 0.0444698190818531 0.117363054017201 0.0876148613187271 0.120131658050923 0.123288600639361 0.132733631181124 0.203262223953796 0.177900715872191 0.387700386250845 0.168884158118703 0.0811571761414066 0.0761446972209043 0.047914993944925 -9999 -0.018932564412506 -0.000679979918933448 0.0113444214041852 0.0300558951000123
-9999 -9999 -9999 -9999 -9999 -9999 -9999 -9999 -9999 -9999 -9999 -9999 -9999 -9999 0.22290454307219 0.232202047363662 0.385568950376293 0.133947311604121 0.180290280544236 0.0860280859878706 -9999 0.00351663323710901 -9999 0.0482205934399596 -0.0883474948941415 -0.133730117175738 -0.0433555070632603 0.015073798215943 0.00889959320299289 -0.047177385361698 0.0369259337754015 0.0168705080759684 0.00690656928036669 -9999 0.17727731361209 0.192551504570109 0.165081015952641 0.150380490819534 0.0345996436269663 0.0326723531627833 -9999 0.00122584354114784 0.122974290410069 -0.0468970908560744 -9999 0.0281375531547266 0.0489150874297701 -0.0381483837146772
-9999 -9999 -9999 -9999 -9999 -9999 -9999 -9999 -9999 -9999 -9999 -9999 -9999 -9999 0.185038712819608 0.155724399972366 0.219360847059268 -9999 0.144996123106021 0.0695314105691796 -0.131437192472379 -0.0243427037941971 0.0289278173374181 0.0641445089840024 -0.122673954453133 -0.10849327613404 -0.0632705157515348 -0.0431750713674695 0.0723901745133511 0.0316924215513938 -0.0129236020289556 -0.0122028099317366 -0.0274674339917096 -9999 -9999 0.139331611083354 0.0834686978878036 -9999 0.011845769086723 0.0531005616832319 0.0956661519507915 0.0826936025620913 0.024010901258158 -0.0583279756990402 -0.052626408250537 -0.0675362884885824 -0.0489233440648792 0.0566289768864408
