data/rasters/s8.11.08.cu.4_xyz_08_.asc
NCOLS 100 
NROWS 100 
XLLCORNER -4 
YLLCORNER -4 
CELLSIZE 0.08 
NODATA_value -9999 
[rows 44 to 65 of 100, columns 49 to 97 of 100]
0.097688713998794 0.100947652327624 0.137864809921191 0.101392337480252 0.0910081366117061 0.190865034146143 0.199578879827113 0.107273146594385 0.0678535519033879 0.0747503141049859 0.133177010131332 0.140813898369591 0.0402022396820208 -9999 -0.0163281376927565 -0.0385883711828477 -0.0872893601582071 -0.134631328203639 -0.201927860510203 -0.22470107411158 -0.333240814355745 -0.31194957779899 -0.244112549915697 -0.100396108707866 -0.131806924786489 -0.127748231918711 -0.107346710427692 -0.127373979263562 -0.172085590667078 -0.122963658305296 -0.210486861730997 -0.0250646022394433 -0.0972029746542099 -0.0481451149706076 -0.19121349203061 -0.304721353471693 -0.363068814376313 -0.346734842615837 -0.314625935926051 -0.345711206634841 -9999 -9999 -9999 -9999 -9999 -9999 -9999 -9999 -9999
0.0943876195803001 0.132425077868824 0.0513258535002288 0.0361178917201298 0.0640932332409275 0.0934188644148387 0.0972420658891119 0.166753043141991 0.170625681685292 -9999 0.172871586066604 0.16409872309933 0.0783086414872394 0.0335246450516414 0.0402634819304953 0.0795524310219816 -0.0632279289334445 -0.143644662536822 -0.233889719922548 -0.28810549039327 -0.336214873572741 -0.355416903122521 -0.392644637686711 -0.262185567096527 -0.228393759886976 -0.180923201845866 -0.120530050240865 -0.0592312207813578 -0.0919878241555975 -0.11849176789582 -0.0570792756258004 -0.0942271788669149 -0.0395840151453262 -0.0975538809933513 -0.229432233603699 -0.378959775658795 -0.309891265647634 -0.374793743996007 -0.318767317899121 -0.322574506799503 -9999 -9999 -9999 -9999 -9999 -9999 -9999 -9999 -9999
0.143141494998265 0.109931699715308 0.0371418840914973 0.0218399464480577 0.0114988318495204 0.0141881327543376 0.0227663196089659 0.111181727131137 0.265240507224604 0.020901891378831 0.135294520104425 0.162234580648492 0.0784690528647129 0.078420546114831 0.0580268568074337 -0.0204540195639618 -0.0573065747603167 -0.208334394009395 -0.26415907901183 -0.304886713927163 -0.318861512430498 -0.3374481011928 -0.300730053966305 -0.263676198988336 -0.156304589299784 -0.277205678727565 -0.166467340519108 -0.0428544367690874 -0.0921452589496564 -0.12543717981753 -0.0819676098246201 -0.0557712889151604 -0.0769718805664409 -0.19893865103758 -0.275699401581311 -0.381879239811875 -0.409067506238527 -0.394865730774475 -0.39165270219669 -0.425863641403841 -9999 -9999 -9999 -9999 -9999 -9999 -9999 -9999 -9999
0.0818848642847861 0.110446935345838 0.0627870716421758 0.0897493888808449 0.057121582880268 0.0463336352453779 -9999 -0.0120715126589901 0.0392170391012912 0.0053899001324413 0.0309350526957088 0.0143191071171468 0.143918321197555 0.115406250173438 0.0693418504331096 0.0116560524877057 -0.129497221524209 -0.248224667852576 -0.321231981611771 -0.309658738310074 -0.272491129419801 -9999 -0.369219288545337 -0.10809847188251 -0.319876661645069 -0.318629872511055 -0.254107320946065 -0.125243154597157 -0.142796871444059 -0.124464351965223 -0.101588301028034 -0.031096101584879 -0.125261676606288 -0.118392044829349 -0.350386982061097 -0.376247806986728 -0.356363026332236 -0.413157854793394 -0.455256904010628 -0.420374269071106 -9999 -9999 -9999 -9999 -9999 -9999 -9999 -9999 -9999
0.0875109149597095 0.0959516200312876 0.172164449461686 0.0795860583084928 0.077175562418823 0.120429093459876 0.121569343251301 0.000170245390033958 -0.0431511769676194 0.237527117962355 0.245777607645115 0.110682822821088 0.151621100678429 0.156988801159003 0.111688054554162 -0.035659950010526 -0.0755114338864554 -0.161840481729177 -0.187095181962274 -0.242414412999686 -0.290858697041632 -9999 -9999 -0.352695291098036 -0.277439416728348 -0.358600013186492 -0.259378668575988 -0.151463498812755 -0.0833890157594298 -0.121140322081384 -0.0953108875343115 -0.0589305865974237 -0.104592142384438 -0.114501324776977 -0.25282671161959 -0.292592700194079 -0.315213130971807 -0.368616786546966 -0.378851945294407 -0.353441987160484 -9999 -9999 -9999 -9999 -9999 -9999 -9999 -9999 -9999
0.127179094239052 0.345412214428388 -9999 -9999 0.063813700263449 0.0969021731693274 -0.0144807587476866 0.00293754087606416 -0.0420142992372476 -0.0589288544518128 -0.0569371887312448 -0.0332264405876238 0.138813235212351 0.116158125476657 0.0896736998984383 0.0322215287813767 -0.0111761816772935 -0.0528913656637197 -0.0913102645461479 -0.271631362439558 0.33545686380628 -9999 -0.300765447391059 -0.207048158608804 -0.248274371284757 -9999 -0.159534139641216 -0.0938776526874396 -0.115014724928786 -0.125744813349477 -0.121239365388971 -0.0600982647997266 -0.0659052167229142 -0.123763156286239 -0.205490745501578 -0.250452418200555 -0.294072727516337 -0.237085953965526 -0.267285877823398 -0.239573369751872 -9999 -9999 -9999 -9999 -9999 -9999 -9999 -9999 -9999
0.170776594910809 0.236651857062473 0.0984667732840288 0.154214265619932 -0.000779298571092949 -0.0372466593028677 0.0522939447436354 -0.0328068253363904 -0.105130219648116 -0.091433200042581 -9999 -9999 -0.0159458456629308 -0.00881618474196466 0.0692874765617211 0.120996486809629 0.133795212532319 0.092845390404719 0.0309063459046082 -0.0643988534412597 0.000690362806590729 -0.152549804735258 -0.145202586008579 -0.131856207388568 -0.078928919400833 -9999 -0.0600510533056993 -0.0770227204355996 -0.135141539592177 -0.170927481292354 -0.118329363463332 -9999 -0.199208834982292 -0.136865227105651 -0.0768292677348106 -0.190080157676982 -0.172314154299916 -0.237101815120684 -0.23455952089708 -0.232304734256934 -9999 -9999 -9999 -9999 -9999 -9999 -9999 -9999 -9999
0.222352504272781 0.222493094992793 0.189783938846925 0.120702989250515 0.00542134688082139 0.0272587692878395 0.0338293487698287 -0.00464141186005672 -0.099746750125 -0.127597148533329 -0.176464056947511 -0.0726026698807408 -0.0545613690179287 0.0395177133365392 0.0816195997434411 0.116689116310272 0.143724608156798 0.0873202044586104 0.0183193266514142 0.0413526676809422 -0.0695224959455028 -0.0888171935997573 -0.0970204759236962 -0.0451858506597186 -0.0564946507424889 -0.0532263265728687 -0.0755970177419039 -0.139376669515356 -0.116699798473507 -0.0713186273074239 -0.025369956101 -9999 -0.0135324076209331 0.0126550819009216 0.0021919842585474 -0.0583495180843929 -0.125474517099507 -0.134170838684655 -0.127714740374907 -0.130906367775276 -9999 -9999 -9999 -9999 -9999 -9999 -9999 -9999 -9999
0.154188262259436 0.163855823759625 0.127177546344728 0.0767062534479009 0.0143284588587787 0.0150688259406656 0.0217407346385405 0.0164123580748763 -0.0489666666076348 -0.127416026151731 -0.121557216533689 -0.0391923278005845 0.0499157943211461 0.0686492322013236 0.121901886599614 0.155924371492144 0.152805725008998 0.11253532668481 0.0829337225305818 0.0987012134373757 0.00140608201105693 -0.00429425098012274 -0.0274263608873663 0.0347521206146167 -0.0625385555574879 -0.0565492772822492 -0.101592883476823 -0.161891528264852 -0.207827755148645 -0.115780343282245 -0.00898138080941461 -0.0741262897045378 -0.0532592659719662 0.0048280861970926 0.050367962641435 -0.00324010853442174 0.00484877761052147 -0.04205739068348 -0.125337096844344 -0.0512914177793411 -9999 -9999 -9999 -9999 -9999 -9999 -9999 -9999 -9999
0.125128424857013 0.161414067633445 0.0398179820117849 -0.00808935456057131 -0.0577437957381985 -0.0581919129255827 -0.069784917000129 -0.100538272523823 -0.14145853544954 -0.152046717418216 -0.0223692079366258 0.0704474176804652 -9999 0.0554034659922184 0.0648417557329415 0.169061144152123 0.180781486378938 0.106118272678994 0.146534162454054 0.145481451460725 0.110702030485248 -0.0993428290823091 -0.0811936505384955 -0.0250771331970216 -0.0287369916851781 -0.0579143625785848 -0.145356270782583 -0.231845939913132 -0.247381826812046 -0.274587470538055 -0.180318836227922 -0.195480392869448 -0.155115413752063 -0.0890256232303999 -0.0608538101937574 -9999 0.0467817068271149 0.0140389110980286 -0.0797329808362532 -0.0678901550706548 -9999 -9999 -9999 -9999 -9999 -9999 -9999 -9999 -9999
0.049941428062985 0.0832994187969026 0.0913004272656602 0.136743918256678 -0.106277905655738 -0.112109131004197 -0.157260657593709 -0.196540746902793 -0.142569878102285 -0.053199947031064 0.0351834551104083 0.0487407121749119 -9999 -9999 -9999 0.206327034496599 0.192123536392063 0.123794929983876 0.143815381093571 0.124416349355429 0.037011538254323 -0.125314089497698 -0.134963193142651 -0.146215571335105 -0.0233861882532826 -0.1042319259908 -0.214899839910172 -0.313801059089164 -0.328909052039823 -0.353112768743467 -0.283604522803312 -0.341907105572936 -0.200357257932039 -0.0999770980415613 -0.0743492750607987 0.0467066307648093 0.0548578127275082 -0.00482267019930203 -0.0414601880436286 -0.111945334817028 -9999 -9999 -9999 -9999 -9999 -9999 -9999 -9999 -9999
-0.00608429116473317 -0.00877595570730419 0.0179216944375802 -0.0180348189910662 -0.0627634980862337 -0.152101030123826 -0.18188247380911 -0.127037017209713 -0.132354179533166 0.153521164498238 0.12582056116829 0.200009453478875 0.162871446773153 0.187759696297625 0.130101462184 0.168465236023836 0.154301454734335 0.129976987705282 0.130512634813922 0.0921588196417771 -0.0518764095810355 -0.0294453589095069 -0.177507911263056 -0.174197858137263 -0.104929190997324 -0.206950192239337 -0.20497759002181 -0.320451960594035 -0.299364331383316 -0.345985029983315 -0.383909668862329 -0.300180213056246 -0.198924888096062 -0.110473502240649 -0.00679671366331715 0.0473409022290001 0.0942247539553876 -9999 -9999 -9999 -9999 -9999 -9999 -9999 -9999 -9999 -9999 -9999 -9999
-0.0367505411508295 -0.0155518801780286 -0.0416508534866522 -0.0199070794324211 -0.046796604030887 -0.0266925000680669 -9999 -9999 -0.184462560001002 0.124195948490912 0.211566265829597 0.238117047159387 0.230913401570249 0.25635490706449 0.173587994421973 0.164472022560216 0.126428699681653 0.110114488665609 0.154036260107308 0.0641281212979407 -0.0470226687692561 -0.143840066407219 -0.135359493624811 -0.207495708944737 -0.186090131499024 -0.170913895630681 -0.135007956346768 -0.106236021133773 -0.20929997672241 -0.331810108609315 -0.278532462217424 -0.157556220050131 -0.197990731583869 -0.0781692412260746 -0.0554150889783672 -0.0197369557297708 -0.220086182997891 -0.268289191972491 -0.147286579456337 -9999 -9999 -9999 -9999 -9999 -9999 -9999 -9999 -9999 -9999
-0.0566238449672498 -0.0215830143771747 0.0827900912124065 0.0120918304933282 -0.0170141436159757 -0.0296912528731176 -9999 -9999 -9999 0.185921471567196 0.238964713275886 0.260998452698929 0.239782045763071 0.296173471982739 0.180895381864595 0.147423263908852 0.137578807000558 -9999 0.123369920236875 0.0475679381340032 0.0269065475567743 -0.052759114781848 -0.107861964576196 -0.162656397422934 -0.160356274263185 -0.155121343034112 -0.155915064942102 -0.150123124433513 -0.0255356328114132 -0.312445109926031 -0.339048514559598 -0.30286163155448 -0.0422422469599241 -0.068388810239686 -0.0806202224298056 -0.145239894484592 -0.212545131280586 -0.220982857770946 -0.198850413552951 -9999 -9999 -9999 -9999 -9999 -9999 -9999 -9999 -9999 -9999
0.0660382105868971 0.0321697731885452 0.0836080983416337 0.136675188038311 0.198272266169354 0.00594572344866583 0.0544745867676285 0.086604431869909 0.0793069181463091 0.137090672552033 0.23435810062718 0.132517423659044 0.154022826870094 0.20833229362689 0.192832054561511 0.188693922733915 0.188370214603174 -9999 0.109264892804798 0.0684549836551189 0.000943453045264599 -0.0303176678382865 -0.0825218268753075 0.0108371683903228 -0.102952843598116 -0.108415189983129 -0.10589599805133 -0.146302045122556 -0.127531058823349 -0.0686572146555525 -0.0240880467739609 -0.0283675151372973 -0.101716159714889 -0.0563501982713872 -0.0775654948193443 -0.0716511323944105 -0.212674427506835 -0.241990645804557 -0.299592161605466 -9999 -9999 -9999 -9999 -9999 -9999 -9999 -9999 -9999 -9999
0.110558316534253 0.157061552186659 0.154677985865988 0.119258132732385 0.110834871441625 0.0576378874433627 0.109529438138898 0.114135747830915 -9999 -9999 0.0881389091072462 0.192902303540062 0.178254717422703 0.20293806860573 0.0639967877414048 0.174017534389255 0.272365151418086 -9999 -9999 0.19385715712562 0.112893112029775 0.216107362835577 0.344589949415548 0.0220966743218242 0.014111794554178 -0.0153763617419265 0.0311938865540125 -0.0964325091841934 -0.101339760121588 -0.0888944632679815 -0.0836465664707412 0.0757231357507882 -0.0598152401543961 -0.0862816488550752 -0.0818862229575617 -0.0451013877518492 -0.103248234519831 -0.310705375560339 -0.315457224116356 -9999 -9999 -9999 -9999 -9999 -9999 -9999 -9999 -9999 -9999
0.0690040465737632 0.163033570307546 0.14609059835501 -9999 0.108243388763412 0.127012922244256 0.118314879634809 0.207462143414333 -9999 -9999 0.0941257444552346 0.0200877567811969 0.0598558271749492 0.0504387315289528 0.0290144379208942 0.0792314455686046 0.264055166867338 0.356879786136126 0.370087765843712 0.387945477655016 0.273115663512139 0.195523838453009 0.171855664612738 0.0921152373371964 0.0227951817332906 -0.0183476373384816 -0.00463376764636585 -0.0661885766739847 -0.138475133155463 -0.170076695654455 -0.128753685385894 -0.123742488496413 -0.10579941882194 -0.0578548313994065 -0.00597836028578786 -0.00123998109670872 -0.0806730154552746 -0.143566998530618 -0.330562932924513 -9999 -9999 -9999 -9999 -9999 -9999 -9999 -9999 -9999 -9999
-0.0171222635807809 0.0696710794887644 0.0100304668347394 0.0279784623350832 0.0734831680694036 0.137695063859966 0.111446013270401 0.158791590204462 0.0673674283412557 0.0450621685755713 0.0691715656327506 0.0759342516695504 -0.0160843817768403 -0.043794521518732 -0.0480899787780413 -0.00516901446880517 0.342400974645243 0.336170367934262 0.375676877164448 0.41243012910177 0.245436608050856 0.185560134080751 0.230869570881513 0.194078078071287 0.0212793848517059 0.0703945911612642 -0.0325046454052833 -0.167148026340149 -0.233171629406239 -0.147282533208629 -0.123428244722649 -0.289505759269539 -0.191635264497695 -0.0775710686759966 0.00430357553826705 -0.0119195172980896 0.0165991978777539 -0.18120413764975 -9999 -9999 -9999 -9999 -9999 -9999 -9999 -9999 -9999 -9999 -9999
-0.0217840100122202 0.00760112250327843 -0.0113572931223985 0.213646872112248 0.115182365439829 0.0747213966309862 0.100410634269328 0.0897212102889544 0.0528589284210573 0.0142099653053686 -0.0527898930093939 -0.0614155641488695 -0.0819328737508017 -0.0430785861194067 -0.0304902950763783 0.157167819780266 0.200494345914768 0.249596237003796 0.260391864730077 0.249402706044284 -9999 -9999 -9999 0.133195353391282 0.29067094307142 0.181719043350419 -0.0182819121827942 -0.181915486099236 -0.155818887216526 -9999 -0.29925521193851 -0.31880734038687 -0.219187474334153 -0.0939041736043311 -0.0330497252303477 -0.0363108812907025 -0.0362345020334458 0.0198188469000782 -9999 -9999 -9999 -9999 -9999 -9999 -9999 -9999 -9999 -9999 -9999
-0.0162541968772354 0.0379608969829818 -9999 0.298649651920789 0.0933691031397762 0.0895989804469044 0.143478482968092 0.0828201413344933 0.0743119039241209 -0.019481801988734 -0.0443019259083997 -0.0954173357812821 -0.0845052642089415 -0.0591243692505272 -0.0212667895226784 0.15526929092597 0.160153531743132 0.208691420881898 0.225004553298912 0.183550381393416 -9999 -9999 -9999 0.094023175909775 0.284887733784305 0.114234195538049 -0.0817384221795802 -0.152217318864609 -0.279341803805769 -0.286266221518705 -0.270781912556505 -0.267487110412127 -0.237857363612048 -0.173507999496766 -0.154460425520008 -0.133904909493818 -0.029780833389124 -0.0720167842304432 -9999 -9999 -9999 -9999 -9999 -9999 -9999 -9999 -9999 -9999 -9999
-0.0736913897323655 -0.0303510410476179 -9999 0.419534294223127 0.0301044158258838 0.0769277569405997 0.153062805269853 0.112523151090607 0.130914604096821 0.0538475568828614 -0.00214590643803432 -0.0956114377938756 -0.134331183856183 -0.0221640758189753 -0.0147287222069556 0.0981878697888026 0.130645354017262 0.244123817586205 0.268427596938105 -9999 0.460511623273625 0.140084577488146 0.234899334225032 0.431220312208588 0.318693585783784 0.000181854446239198 -0.147100508111133 -0.235162309342506 -0.236061786869876 -0.251472980621018 -0.217396442789418 -0.296143075581844 -0.29676041789469 -0.192723342475202 -9999 -0.18777423467723 -0.0940651954590871 -9999 -9999 -9999 -9999 -9999 -9999 -9999 -9999 -9999 -9999 -9999 -9999
-0.18950026967222 -9999 -9999 -9999 -9999 -9999 0.126417278299287 0.129630334558195 -9999 -9999 -9999 -9999 -0.140581423505444 -0.0490083544984055 0.0987714282995558 0.108293912503296 0.0757221156995716 0.246095740244629 0.356593107923922 0.523422767599723 0.422896595987791 0.277691187283009 0.0969304308743053 0.184039657681851 0.00396264403296584 -0.0285783735931752 -0.103280270816874 -0.199796833689576 -0.279251655921186 -0.281006756463228 -0.266984447731153 -0.285293422046644 -0.272615706883017 -0.129658300441315 -0.216432056510281 -0.159449408350355 -0.020796753536534 -9999 -9999 -9999 -9999 -9999 -9999 -9999 -9999 -9999 -9999 -9999 -9999
