data/rasters/s8.11.08.cu.1_xyz_08_.asc
NCOLS 100 
NROWS 100 
XLLCORNER -4 
YLLCORNER -4 
CELLSIZE 0.08 
NODATA_value -9999 
[rows 42 to 62 of 100, columns 0 to 46 of 100]
-9999 -9999 -9999 -9999 -9999 -9999 -9999 -9999 -9999 -9999 -9999 -9999 -0.0450788763606252 -0.0226867517689995 0.065414690008566 0.213641772132716 -9999 0.0444503096250612 -0.0491331153521838 -0.173017460512227 -0.183309592850699 -0.179630297311464 -0.118815973350649 0.0134530458667367 0.222370396293726 0.39480908893552 0.288940082905197 0.196216901210263 0.257317602382773 0.196765611211116 0.0899988418958827 -0.146859939180451 -0.146187440338299 -0.0712402052368344 -0.0889558040772912 -0.169492769947358 -0.126500209035215 -0.126624678562194 0.068895470537705 0.0618742088773782 0.114959031440358 0.0831587509516004 0.0390533931202837 0.0921001350973117 0.128337879995207 0.112398336975074 0.147169759558596
-9999 -9999 -9999 -9999 -9999 -9999 -9999 -9999 -9999 -9999 -9999 0.051177212035442 -0.0401169541947431 -0.056384346656551 -0.0925747631379547 -0.0947814394992052 -0.0740417774264821 -0.0325555017360774 -0.0707496341597545 -0.175388898412467 -0.189426481587246 -0.117187962660912 0.00153409614264257 0.0447984282022825 0.141972048766436 0.344409739909647 0.322098439012139 0.420649223599975 0.362631212585439 0.316290256849541 0.192249975046914 0.108558363580426 -0.018730971428559 -0.114650664916164 -0.109713947033446 -0.190025467804839 -0.247726207440547 -0.156616953571778 -0.069462648078047 0.149561357339215 0.167269036245706 0.107478401355824 0.0615083193051202 0.088047153075405 0.250889579995548 0.265147984421196 0.129386812333128
-9999 -9999 -9999 -9999 -9999 -9999 -9999 -9999 -9999 -9999 -9999 -0.0351492509478391 -0.0539694935528645 -0.139605187858731 -0.162550157689184 -0.136125907983042 -0.107817508659565 -0.0765818796515067 -0.138527292293024 -0.191508127794409 -0.202048649852404 -0.143075054773077 0.0830773406400765 0.275375312310373 0.352414318818105 0.498725313130211 0.565072636893207 0.599326803939794 0.353435354096328 0.139528871122749 0.191407420537461 0.0441395348463799 -0.107832721417489 -0.167387225534995 -0.0520576244125247 -0.246940738643647 -0.297795736426436 -0.244587635305 -0.129783906475205 0.0389261036280186 0.106638822743907 0.15680068422535 0.104202187534798 0.0686106881620924 0.239699117711109 0.43121655531088 0.393536228179371
-9999 -9999 -9999 -9999 -9999 -9999 -9999 -9999 -9999 -9999 -9999 -0.110911834048715 -0.0833005133876706 -0.200047385548637 -0.209793644676928 -0.193570966695511 -0.1303247431786 -0.125231925412291 -0.139038244919274 -0.208900281646898 -0.146109329566829 0.109795483152147 0.314694349324379 0.326025202831042 0.392755957814074 0.418581291414176 0.503654097589022 0.565939558226367 0.173237915315122 0.223187352299703 0.00883110501723369 -0.0736828803027324 -0.232255930646863 -0.32806841267468 -0.323704125076006 -0.259542387221757 -0.291305552777175 -0.190552413187008 -0.204672637303299 0.017906222430746 0.137551909891206 0.249127502194941 0.133028068126984 0.128131786059128 0.189782666551868 0.368953048785916 0.365380469662468
-9999 -9999 -9999 -9999 -9999 -9999 -9999 -9999 -9999 -9999 -9999 -0.195002190545743 -0.20572738274645 -0.194981878116479 -0.251553464334481 -0.21200171337999 -0.162624013068873 -0.223857496504708 -0.176456639700299 -0.226314402336752 -0.17347591224767 0.125262197076851 0.207099211657683 0.291961481937243 0.342950094968994 0.390379017776238 0.476414408964251 0.466645616599316 0.307603973715556 0.161931792949813 -0.0600503121756901 -0.140753897387042 -0.224547817592858 -0.390416231226173 -0.443927091995543 -0.462701497380671 -0.315845825442342 -0.2849851941485 -0.0472702972758658 0.0451619593990273 0.271242612654526 0.320188926663429 0.259499753686848 0.193142603960023 0.304191997870652 0.26076330445345 0.255159372672303
-9999 -9999 -9999 -9999 -9999 -9999 -9999 -9999 -9999 -9999 -9999 -0.163374691366704 -0.20922981197459 -0.208080951840313 -0.208117401472038 -0.21726944871002 -0.259874629432962 -0.306929315331795 -0.2583173806666 -0.244071513915747 -0.221880240280337 0.0149782274457287 0.151936500077696 0.185853168276049 0.286104689677252 0.341062914056281 0.403759836986731 0.412849396813295 0.300084457973613 0.136504929544024 -0.00138088920795415 -0.178140739831787 -0.300358043930615 -0.328469990706113 -0.447084590835409 -0.422537250414548 -0.372704819653849 -0.315755666213509 -0.111193557346474 0.0158470392743475 0.159088830681677 0.223816496760313 0.1924124970379 0.289020636972775 0.251691695541704 0.263712345717966 0.231364882123679
-9999 -9999 -9999 -9999 -9999 -9999 -9999 -9999 -9999 -9999 -9999 -0.00168819301034442 -0.0460715116407201 -0.111196739311103 -0.144004587548264 -0.195744585115942 -0.222920581338586 -0.284803685758816 -0.279424299147486 -0.265145524090439 -0.173121195690528 -0.1307591085787 -0.0076438021588723 0.213229775029167 0.247561407606628 0.255597928519454 0.316318370368001 0.278577054364174 0.261147844755017 0.165785813407733 0.0271925411383947 -0.0674023367415167 -0.302197775354015 -0.239374432970245 -0.377223696913452 -0.381873182378887 -0.474550936600848 -0.408590306345118 -0.340851027554994 -0.0903816944622394 0.0506712051258887 0.0876549926295821 0.0434362053300228 0.153678084782208 0.128388946199569 0.158113513708168 0.132848406632629
-9999 -9999 -9999 -9999 -9999 -9999 -9999 -9999 -9999 -9999 -9999 0.30683873040646 0.164752594042223 -0.0313230066276297 -0.203600664942896 -0.228285841734146 -0.234441673777198 -0.272514612949795 -0.26444394995212 -0.212444227972518 -0.23783459016453 -0.156632255207819 -0.0538045681957378 0.141502739684338 0.17348081945778 0.265733698601373 0.293123750879218 0.217549393968807 0.187160420790798 0.0453546840909307 0.0801915296650699 -0.0342420255782789 -9999 -0.36164547520379 -0.448047391316013 -0.429381577864245 -0.49184393637714 -0.422345550755754 -0.409059484655312 -0.381750621889814 -0.18225572079366 -0.236360626452199 0.0509545431993406 0.0256250037754611 -0.0484407165616899 0.0149450820611825 0.0766910283454771
-9999 -9999 -9999 -9999 -9999 -9999 -9999 -9999 -9999 -9999 -9999 0.315978635599492 0.30900906172593 0.10073655569389 -0.178543152323546 -0.240353995438444 -0.249983995765841 -0.27445673849347 -0.24525749561006 -0.223620825253524 -0.112951255956939 -0.0596559216255791 0.00686866252496601 0.0362630782092477 0.157146028956355 0.162815027695327 0.208349032652351 0.201083888237787 0.188012647106382 0.200346474671263 -9999 -0.341606108474462 -0.322389051272872 -0.361490762527427 -0.477961984270812 -0.451392838394285 -0.487022308931228 -0.259418299838437 -0.282241794085844 -0.240535776763606 -0.230569761598153 -0.246619446630078 -0.262429977463386 -0.124898616856421 -0.04407434233179 -0.0451322819458999 0.0442888367956029
-9999 -9999 -9999 -9999 -9999 -9999 -9999 -9999 -9999 -9999 -9999 0.220204962626186 0.207386298306872 -0.0100722747501325 -0.167292583785255 -0.216778273508379 -0.157833580012663 -0.172074073238742 -0.157223129879517 -0.16839372809792 -0.0138163379608257 0.0275571636291722 0.0593386898741494 0.0446108553284112 0.0835844457334897 0.116674025069807 0.144194558435025 0.12780632105185 0.171869723190436 0.223014774813494 -0.321645499025828 -0.272529079281671 -0.334147335964474 -0.33146681405765 -0.388271104197422 -0.496276569981096 -0.44870065683434 -9999 -0.496143689215846 -0.387491870924603 -0.175749558289093 -0.174428328320505 -0.175312090877885 -0.11058806966045 -0.0757947677594688 -0.0325240060049049 0.0714862501237827
-9999 -9999 -9999 -9999 -9999 -9999 -9999 -9999 -9999 -9999 -9999 -0.131312502004382 -0.0422292747003578 -0.0961041735626445 -0.240341178778276 -0.205584632762264 -0.165697876881419 -0.182818469926451 -0.0945014220468751 -0.0853541385259517 -0.0363963034868505 0.135851987444365 0.175061563090937 0.0668469739786648 0.0894098790610321 0.230054607107271 0.208384921819763 0.207326670401635 0.225942955935813 0.212223593560328 0.0437238344822538 0.131341490191427 0.100970896881583 -0.231692184910656 -0.329032937131651 -0.343068891025167 -0.421385860335889 -9999 -0.302433011316475 -0.192773870372094 -9999 -0.151714501857301 -0.056878770273374 -0.054595190525529 -0.00389115780580269 0.0107444837773543 0.0528314596169093
-9999 -9999 -9999 -9999 -9999 -9999 -9999 -9999 -9999 -9999 -9999 0.0680946121997661 -0.0393323266490922 -0.12588517201106 -0.155037885931889 -0.179823504051072 -0.154683907580295 -0.106510419810817 -0.0862488752896022 0.00631329905288135 0.0959733298636194 0.184091214236387 0.198778497955068 0.489633802778548 -9999 0.296990190101949 0.507762352054926 0.306143796757664 0.230205324996485 0.25914176298992 -0.0428453208685021 -0.108431618891453 -0.166962520584896 -0.319661289241558 -0.36389989675372 -0.411697435971328 -0.370843213631008 -0.337815079819522 -0.308153037694886 -0.145762776822038 -0.165393793398011 -0.157169080537261 -0.0518793965317809 -0.11481667741907 -0.0506054015481207 0.0604905153708998 0.0448570090035454
-9999 -9999 -9999 -9999 -9999 -9999 -9999 -9999 -9999 -9999 -9999 0.0621689022737324 -0.0473889404859397 -0.131700193379157 -0.143318303256815 -0.157862783400996 -0.135479360009268 -0.0928624018664579 0.00940431319750936 0.116568055008765 0.367656289815672 0.253010028172536 0.364223409812618 0.488096690959685 0.482377303856716 0.444532281593537 0.429484864972982 0.334964835376114 0.234984741790268 0.388292918180901 0.283826870503477 0.0235266893007583 -0.119112420939333 -0.167463062510702 -0.271722912919091 -0.290750309741151 -0.312204469644527 -0.289639954702909 -0.320404247944072 -0.290217170709093 -0.317385359910309 -0.24450005749301 -0.167955373298871 -0.130945503089122 -0.0970232100799672 -0.0455985662904422 0.00383034887504617
-9999 -9999 -9999 -9999 -9999 -9999 -9999 -9999 -9999 -9999 -9999 -0.147945655222572 -0.157334204039085 -0.225673552809081 -0.174423672711737 -0.150261506388008 -0.136612521612441 -0.0545112268073976 0.0798700616772595 0.218045735706621 0.341196526244002 0.446291268958755 0.350293797482478 0.403948591467867 0.441689484254277 0.437859388612955 0.414451999089132 0.344480028921935 -9999 0.337484233695397 0.279724548788041 0.0997958870907063 0.0105938064617821 0.00364311797568627 0.0184449576617559 -0.148020930215559 -0.0924855281082229 -0.250673187398257 -0.350401841899717 -0.315176980227633 -0.267266484751503 -0.286392650757588 -0.196686791065583 -0.134462218775332 -0.122220233783558 -0.085596734367531 -0.109447634041471
-9999 -9999 -9999 -9999 -9999 -9999 -9999 -9999 -9999 -9999 -9999 -0.161424684862185 -0.196454654024453 -0.236543663941686 -0.257405804136456 -0.1831049118026 -0.121819909068941 -0.0439773403707359 0.0828217639495947 0.172197696290207 0.234596081666067 0.403104883831102 0.20579709652779 0.352482723228323 0.48048598272064 -9999 0.292433043445292 0.19652446737767 0.229168773392602 0.276931501445577 0.142265704982439 0.0958808942186297 0.0969999152224461 0.120342327002746 0.157081296313563 0.163055509677481 -0.0149935064521721 -0.135448039245788 -0.28764046083801 -0.289925721565798 -0.296637932811258 -0.292812118854029 -0.17798636977703 -0.115313729703159 -0.0721556605060991 -0.140665454361896 -0.114536966176003
-9999 -9999 -9999 -9999 -9999 -9999 -9999 -9999 -9999 -9999 -9999 -9999 -0.291323540187696 -0.271397854090311 -0.307368478074961 -0.283110364811961 -0.213240031111199 -0.259346995788577 -0.0308809192797545 0.0266401117758102 0.0963423780331445 0.249668871433385 0.218326407766069 0.324076320548091 0.407241806100689 0.360494032082928 0.0694865782440617 0.0327089638431371 0.068384015238547 0.144971550257728 0.0697096730679839 0.0891762783196628 0.154648108844787 0.246902558875074 0.279803377017645 -9999 -9999 -0.137223824029416 -0.129192407681262 -0.269382931910254 -0.0540599699608216 -0.0868379172532236 -0.0945602399739716 -0.129045819071439 -0.0798764126745264 -0.0539805346336888 -0.0929706135872693
-9999 -9999 -9999 -9999 -9999 -9999 -9999 -9999 -9999 -9999 -9999 -9999 -0.372929667009324 -0.336762704705861 -0.34092171218123 -0.374215736137105 -0.307933505581683 -0.225106145027448 -0.177030060686835 -0.0381976346481508 0.117492649925719 0.1695308619875 0.123220125434549 0.280944340159295 0.373835245251607 0.153085696122353 0.0407511273834236 -0.0277780526581092 -0.00554258570128915 0.00227548173587352 -0.151713419800559 -0.0992536705743543 0.12630603534071 0.231987739696056 0.33524004249294 0.330572673735468 0.108466062597167 0.0483749303696667 -0.0486483235074596 -0.0706923387268536 -0.0466009246697672 -0.043255646054816 -0.0811798648092137 -0.0972542599397559 -0.102490133901949 -0.0982186336182949 -0.0734718937886162
-9999 -9999 -9999 -9999 -9999 -9999 -9999 -9999 -9999 -9999 -9999 -9999 -0.370030558557823 -0.380420661985466 -0.378181654034727 -0.313761369733429 -0.27645383220854 -0.26847467705727 -0.196880930408371 -0.00872875076245154 0.0930677254801333 0.162953858828273 0.0741161297798305 0.206850252980595 0.104448076944759 0.0834966669215509 0.0179784342214118 -0.0409388152413484 -0.0204222529170759 -0.218711469200206 -0.18006194229976 -0.119495423049576 0.0992466689210345 0.178576621477271 0.362359173980454 0.336924650647009 0.0445432632554953 -0.0917684962337413 -0.132641499413564 -0.0898678691639934 -0.0839572902796811 -0.087277156253784 -0.0816047171585638 -0.0611647796860534 -0.060447701330124 -0.0895930150783783 -0.113433974464224
-9999 -9999 -9999 -9999 -9999 -9999 -9999 -9999 -9999 -9999 -9999 -9999 -0.342693330959556 -0.356726331970249 -0.387015620762086 -0.315485349024431 -0.277659744890589 -0.252715472944121 -0.162458204312555 -0.0012992569762949 0.0976391544104304 0.117569895400428 0.0825827515793091 0.0326430736592452 -0.00128453663001617 -0.0103872346546543 -0.0398003260779068 -0.0197356500039182 -0.0354060271487318 -0.158370396810748 -0.202364557416201 -0.115688944829415 0.096362851595006 0.260096127306385 0.316026155868813 0.0818939491946316 -0.0251916985146338 -0.166090103292472 -0.199992986293341 -0.14963772365222 -0.169142021875952 -0.209778368373727 -0.163155270809921 -0.0876999172580727 -0.0611337652154916 -0.084416302780695 -0.0778697803700408
-9999 -9999 -9999 -9999 -9999 -9999 -9999 -9999 -9999 -9999 -9999 -9999 -9999 -0.308494937352553 -0.336337643255636 -0.312990889970853 -0.132870726268619 -0.169722008265774 -0.0344380109411671 -0.00490539848053222 0.0726307739010496 0.0235372075163896 -0.0514513499651196 -0.130125810128151 -0.0885789208699477 -0.128467283511596 -0.0962967166099611 -0.0372321740522544 -0.125627104873475 -0.158349808734565 -0.161570045149395 0.00591789024243103 0.161876254432071 0.16674650780262 0.18313190311926 0.179511328977415 -0.0753821713040006 -0.199883516209907 -0.258628426406529 -0.30264743206963 -0.270261321112678 -0.247280536629755 -0.180139010660385 -0.0493498506331421 -0.044411337290182 -0.0596027699721141 -0.0633684957161617
-9999 -9999 -9999 -9999 -9999 -9999 -9999 -9999 -9999 -9999 -9999 -9999 -9999 -0.317415762774731 -0.350837861364375 -0.295175724236511 -0.208106714571857 -0.0717249000565021 -0.048857893008272 -0.0406402560665125 0.0216910244339411 0.033076096502207 -0.0335837786951559 -0.127559061129982 -0.135264224854908 -0.196012413127067 -0.161599710170496 -0.131342413545369 -0.199527411429242 -0.238046529577181 -0.165760630153771 -0.198592760260547 0.106776071923099 0.07860850362635 0.115534539674918 0.0973116704833712 0.0804868745108144 -0.0480227693268909 -0.265274749355495 -0.300907459046021 -0.308081728540966 -0.269687125085644 -0.219926010896554 -0.107735723215593 -0.0501018276493555 -0.0344250338823476 -0.0622423423282325
