data/rasters/s8.11.08.cu.5_xyz_08_.asc
NCOLS 100 
NROWS 100 
XLLCORNER -4 
YLLCORNER -4 
CELLSIZE 0.08 
NODATA_value -9999 
[rows 21 to 41 of 100, columns 49 to 97 of 100]
-9999 0.0827375349321228 0.0936762846149968 0.0234403786908868 0.0173525793260508 -0.0410902474943362 -9999 -9999 0.159670918705984 0.0513580929084616 0.0785160544377039 0.0456171218679585 -0.00280620412124788 -0.00537014962549179 -0.00726468453746541 0.077341407796185 0.0913093989338796 -0.0105831080677686 0.287437127341838 -9999 0.32286303493291 0.151589106350281 0.162177531210813 0.239589136065114 0.315778666757285 0.111276691439677 0.161283392916444 0.02359688724468 -9999 -9999 -9999 -9999 -9999 -9999 -9999 -9999 -9999 -9999 -9999 -9999 -9999 -9999 -9999 -9999 -9999 -9999 -9999 -9999 -9999
0.10968527032788 -9999 0.20894827673426 0.100807443766434 -0.0262812835385267 -0.134311967905025 0.233185774222356 0.264029439731078 0.216840981926562 0.0669729516623569 0.0592066606063324 0.00226637785273957 -0.0254936954992552 -0.0551884223630551 0.0208808180549481 -0.0601670352116369 -0.0688774185355284 -0.0161853667331889 0.295033058866273 0.163566834142898 0.107399112343608 -9999 0.181403477781671 0.226750532381749 0.177023347822591 0.325040785082387 0.308618102709448 0.114510929697844 0.0285140700198444 -9999 -9999 -9999 -9999 -9999 -9999 -9999 -9999 -9999 -9999 -9999 -9999 -9999 -9999 -9999 -9999 -9999 -9999 -9999 -9999
0.0662178316428797 0.0755642419009687 0.120761609100987 0.0747962501281444 -0.0301431343293739 0.146783136757995 0.321647091354117 0.173672771985607 0.187897808499924 0.0425560478666437 0.0445585442489765 -9999 -0.026948881685953 -0.0469488934865771 -0.0721953533161729 -0.091614384717539 -0.076758761451538 -0.0979376377852579 0.110976874384008 0.338110521497126 0.170833229600313 0.256460430417254 -9999 -9999 0.191246237856876 0.268339528989868 0.159114970305275 0.180214739106813 0.00249814586047839 -0.142584597007896 -9999 -9999 -9999 -9999 -9999 -9999 -9999 -9999 -9999 -9999 -9999 -9999 -9999 -9999 -9999 -9999 -9999 -9999 -9999
0.0789389111734722 0.124662414511372 0.0675888286041659 0.0159955306112723 0.0553055608698087 0.0768528495172979 0.0681784462023382 0.0983009675812971 0.0913920923547556 0.0837962439495121 -0.0103580676311901 -0.0163420055372686 -0.0988095674267973 -0.1192811402333 -0.147230646993352 -0.160462921351238 -0.172093950724346 -0.106525804784206 0.00361561788353339 0.00645369207164945 0.114705380628073 0.114179189938145 0.184588598610887 0.405099443584097 0.348075972262731 0.355543963551369 0.13725210547709 0.125181627533598 0.164805136310088 -0.143421311051692 -0.193574032156826 -9999 -9999 -9999 -9999 -9999 -9999 -9999 -9999 -9999 -9999 -9999 -9999 -9999 -9999 -9999 -9999 -9999 -9999
0.180796814409696 0.0945918846461809 0.0619174101442279 0.0210235844934672 -0.0237069830490492 -0.0685844132062279 -0.0251859515778817 0.0748848000503482 0.0959031862336958 0.0280592111274117 -0.0316474831986831 -0.166415731963259 0.20397477756929 -0.167999633779241 -0.227033756807198 -0.193395193387606 -0.174323504075484 -0.218632276890739 -0.271646479303998 -0.163505268209775 -0.0681397324805671 -0.0168748323389693 0.0377905256347221 0.207710905234252 0.177276570106487 0.158716111958972 0.0865550898324965 0.106965165620749 0.129178295409205 0.13942768833235 0.039443072217509 -0.00675719591395096 -9999 -9999 -9999 -9999 -9999 -9999 -9999 -9999 -9999 -9999 -9999 -9999 -9999 -9999 -9999 -9999 -9999
0.0261087962575397 -9999 -9999 -9999 -9999 -0.101074297836937 -0.02617106400145 0.0312405272609598 -0.00735018741202236 0.00599683629181526 -0.0247866806950795 -0.0425721110330041 -0.177596522504261 -0.144137169165477 -0.264384414587923 -0.288691819065154 -0.212432779151542 -0.286532635456262 -0.268034293985871 -0.224616391570204 -0.0633489806926873 -0.116951721090305 0.0175597162569596 0.0321916305277408 -0.00731995807485354 0.0999024699736921 0.0219707013312612 -0.0443851398236193 -0.0373545680434298 -9999 0.0546313272338003 -0.0524164218684326 -9999 -9999 -9999 -9999 -9999 -9999 -9999 -9999 -9999 -9999 -9999 -9999 -9999 -9999 -9999 -9999 -9999
0.0194123924431476 -0.06114712333386 -9999 -0.0413456663203562 -0.0827754784905022 -0.0834663558143346 -0.0678277431287272 -0.0332174278349223 -0.0332675099919408 -0.00841489910188382 -0.0397568983003391 -0.0282661837569153 0.0186801683295448 -0.110797666056442 -0.154866391695341 -0.191055617205048 -0.343970946478742 -0.318588787207517 -0.374905190361436 -0.328634828946742 -0.278144442671941 -0.121657873251385 -0.120849056764704 -0.0765599420113719 -0.138176797790297 -0.104591824149101 -0.0497565344329175 -0.0653071623758568 -0.0378203828861914 -9999 -9999 -0.163605699397808 -0.158633441524252 -9999 -9999 -9999 -9999 -9999 -9999 -9999 -9999 -9999 -9999 -9999 -9999 -9999 -9999 -9999 -9999
0.0322345870487477 -0.00864362292434338 0.0413217967167084 -0.0323229037477388 -0.0841555505532756 -0.0990159861271161 -0.0506474790572326 -0.0157821778446299 -0.0498958406412595 -0.0790227779402996 -0.117492870223307 -0.0198246630028972 -0.117262525625394 -0.160130395125094 -0.189245147375551 -0.196902248167473 -0.334841489963071 -0.353523533975732 -0.3813274692628 -9999 -0.335248883991711 -0.284190904972004 -0.113598650429461 -0.0374516141881054 -0.0370082579268221 -0.165698087234187 -0.093256736863394 -0.0203320596657584 -0.147988318230444 -9999 -0.0282684214932274 -0.103489703222393 -0.229621390153873 -0.214019794622064 -9999 -9999 -9999 -9999 -9999 -9999 -9999 -9999 -9999 -9999 -9999 -9999 -9999 -9999 -9999
0.130021457819352 -0.0303268124229176 -0.00646051361500748 -0.0276206760136278 -0.0473812157799386 0.00267836204137779 -0.135575198416528 -0.0673752275210668 -0.0227730729672899 -0.0261325131095703 -0.150741394396556 -0.00837584542859313 -0.0111776954522958 -0.154884370706704 -0.207614280044483 -0.3267836549093 -0.307298242903955 -0.35723779015355 -0.269683884377809 -0.0273738571108705 -0.250124305724156 -0.282440541605626 -0.269837028566931 -0.118220208724845 0.00948018362495044 -0.074899848297501 -0.117037384970536 -0.00308041457584808 -0.0678717652997397 -0.0695967186429309 -0.00916278897276861 -0.0944075767717483 -0.136227222063976 -0.216594370822185 -9999 -9999 -9999 -9999 -9999 -9999 -9999 -9999 -9999 -9999 -9999 -9999 -9999 -9999 -9999
-0.0145464960896392 -0.00803489782451003 0.030332712164275 -0.0202160628312889 -0.0577515999242523 -0.125143471579379 0.115041347757557 -0.0402695662891645 0.0496628540220995 0.0715646601739216 0.0315995281864527 -0.0256145669531381 -0.107182826510762 -0.232571839262232 -0.24836005899314 -0.326534667064036 -0.0977665290636697 -0.38987578113883 -0.298725583123322 -0.182282151025674 -0.266563415009807 -0.268692134889353 -0.138818199269913 -0.150548501314952 -0.0390504502807936 0.098378198655926 -0.126049721856422 -0.120194706900572 0.0346233030385975 -0.0723693467353702 -0.151547187503062 -0.12223715211618 -0.0842413778392769 -0.262313601003437 -0.300868857929535 -9999 -9999 -9999 -9999 -9999 -9999 -9999 -9999 -9999 -9999 -9999 -9999 -9999 -9999
0.0521406317323686 0.0215045744477948 -0.0275568856208455 -0.04449885961044 -0.0270282470634601 0.162966194543361 0.170055527243997 0.108688475800567 0.105533236968869 0.0499327572990095 0.336735792377139 0.00670559403271295 -0.0457001745897384 -0.148431509037749 -0.158040063776957 -0.250421405804986 -0.405207956411351 -0.356546307205993 -0.285126331789538 -0.347976298301862 -0.287621185508298 -0.193505793391969 -0.137737083728067 -0.0199901811985736 0.000901751155847826 0.000260053758023488 -0.0907072096473691 -0.0572096531853453 -0.0441566748559296 -0.125521829845145 0.0687390266586273 -0.183245537569021 -0.153875100213002 -0.0532130766798562 -0.317130936964544 -9999 -9999 -9999 -9999 -9999 -9999 -9999 -9999 -9999 -9999 -9999 -9999 -9999 -9999
-0.0457923756684618 -0.028610544545563 0.0478252222772614 0.134800282123518 0.203249186581946 0.185770215164993 0.238362327743698 0.0938704127493276 0.289569184860521 0.0869886442090497 0.00655984433112406 0.0698047572922442 -0.0514706245424991 -0.12363156157445 -0.250124183298736 -0.246884813690579 -0.282342617555813 -0.402998216816996 -0.40670603254055 -0.302897003056639 -0.253087062105925 -0.244654933728112 -0.0849231030481976 -0.00786224646260707 0.0125796648214366 -0.053392726037401 -0.0528972175342842 -0.0885871600455304 -0.0785079528326471 -0.0998006882317477 -0.104290850747429 -0.0979130220892997 -0.0155211632079867 -0.213035789556499 -0.203991041620017 -9999 -9999 -9999 -9999 -9999 -9999 -9999 -9999 -9999 -9999 -9999 -9999 -9999 -9999
-0.1727003411487 -0.0762969796685125 -9999 -0.245603052105253 -0.0899378693395847 0.143917719939381 0.227187166989326 0.146201264845736 0.185254203933027 0.146973820407272 0.0897621743333009 -0.001111613817829 -0.0164130872336132 -0.00706461502656362 -0.124900942898496 -0.183264587640706 -0.375978149891701 -0.318386974564394 -0.36102295611337 -0.257847287256952 -0.184474727746125 -0.237650288585328 0.0262147036832596 -0.0793687935539789 0.0783978376834984 0.0555404155529542 0.00663113978646319 -0.158363770236641 -0.126261609917821 -0.129758931276897 -0.195524669480604 -0.120138000942238 -0.109724144588599 -0.0612517169058335 -0.120815170809725 -0.211902489926445 -9999 -9999 -9999 -9999 -9999 -9999 -9999 -9999 -9999 -9999 -9999 -9999 -9999
-0.0783155198242071 -0.225805888069592 -9999 -0.44922898726017 -0.461611475295653 0.158702472939141 0.241770499280057 0.236242730098015 0.183982058384078 0.182477595990015 0.234883427075186 0.142951481339899 -0.0081717653346706 -0.0726502942616695 -0.154501690180803 -0.156864825839268 -0.283603021005588 -0.26590145194376 -0.170680002094226 -0.263191998919758 -0.322977389179945 -0.149131427339709 -0.140937794355197 -0.080230781798819 0.0728174574506659 0.0213857276300035 -0.0244955417694704 -0.0705318954917689 -0.144724729144473 -0.143196198624671 -0.183119582946223 -0.168025515478647 -0.150507043886395 -0.151345852670456 -0.16814751909023 -0.164836975714296 -0.25681575720966 -9999 -9999 -9999 -9999 -9999 -9999 -9999 -9999 -9999 -9999 -9999 -9999
0.0282621524061366 -0.0475837395383281 -0.161873211221157 0.393188752839892 0.313307173372815 0.352054815011495 0.268587048771402 0.337386103194106 0.351561410513913 0.263869384657926 0.296273629525113 0.294492308753656 0.109565644933537 -0.0424931683214216 -0.0511285373462988 -0.116667050694568 -0.213823796870796 -0.0472667140074708 -0.256678518946207 -0.0998858011162759 -0.154099305566138 -0.183099414679416 -0.156152756442751 -0.00200540173642669 -0.0168464199822991 0.0485999735403851 -9999 -0.113596523395632 -0.166021009243381 -0.0939502490943073 -0.166092530490258 -0.148774695833544 -0.17730801752071 -0.132595824212108 -0.125209760256781 -0.0956616631093125 -0.0433538445525405 -9999 -9999 -9999 -9999 -9999 -9999 -9999 -9999 -9999 -9999 -9999 -9999
-0.0545802206644011 -0.14462035387661 -9999 0.649465231614174 0.41713553667192 0.316222889290387 0.25098342351671 0.285048610219662 0.15345234300135 0.274674237627509 0.370471078124055 0.284339562678568 0.246388273641927 0.135097099621216 -0.126170886918686 -0.0827267618578175 -0.183726946055848 -0.089071751364719 -0.0200865309766034 -0.00528682601427402 -0.210626028453561 -0.141273180832533 -0.153013698917339 -0.0283492793671592 -0.026250915271086 0.0433742710891385 -0.0196941005720668 -9999 0.172413784251102 -0.00295295977191447 -0.232862249042178 -0.196354911952995 -0.123978850480849 -0.17358422738201 -0.162592626072978 -0.133562821673636 -0.143924461329097 -0.221471875570702 -9999 -9999 -9999 -9999 -9999 -9999 -9999 -9999 -9999 -9999 -9999
-0.141798197771125 -0.0206475131180239 -0.0257458639613505 -9999 0.428661497667611 0.390979476480807 0.360781902815418 0.457278707442295 0.369907892165952 0.379642284912239 -9999 0.365184613761909 0.350846985833955 0.308683053826762 0.0976517324639659 0.101140538289891 -0.101519769007748 -0.0301214455547014 -0.0421646582267186 -0.0824731549832292 0.0454112626426087 -0.145911374994853 -0.0438220292294121 -0.000617151861883347 -0.0337742867131461 0.0270045315743509 -0.0059104594535623 -0.00949420147676348 -0.0920242597066569 -0.0728788626650443 -0.153375610989401 -0.16819671601218 -0.119991176230622 -0.154496699722255 -0.215066473118034 -0.161486257366236 -0.207328249752878 -0.274608712316613 -9999 -9999 -9999 -9999 -9999 -9999 -9999 -9999 -9999 -9999 -9999
0.157500314333415 0.142707022352265 0.301087274740513 0.43252313884704 0.374976215884102 0.279804226181941 -9999 0.424113123571752 0.355674471785461 0.357046583275119 0.316060925176076 0.350474650185683 0.291255755625082 0.191407976626337 0.13986605672838 0.0412788163667874 -0.0647260485952498 -0.121611589946285 -0.162616136712705 -0.111432729409698 -0.167285292050636 -0.192182089862638 -0.1984785354756 -0.132789447445452 -0.133849667147804 -0.0688227116239117 0.00833363955999826 -0.0654955000234875 -0.0456014268514796 -0.0530572656474215 -0.108335603124412 -0.281011741846976 -0.147746253572257 -0.151769256643533 -0.109168304216123 -0.108529764271003 -0.0126467185393715 -0.0605055230248549 -9999 -9999 -9999 -9999 -9999 -9999 -9999 -9999 -9999 -9999 -9999
0.296739626064312 0.307643933319143 0.544401913373925 0.43416431132901 0.451267519255177 0.468771239613841 0.257275770087472 0.347495800105991 0.409848364843671 0.410174025742521 0.383689289553937 0.393527183607049 0.288667663713206 0.164761900835729 0.133872789209006 0.0419575720599469 -0.0321038244754865 -0.194271597320029 -0.201480586042189 -0.223633291196143 -0.215479990864444 -0.149282547692502 -0.303773131226144 -0.155291677871721 -0.0782392520696423 -0.0634254082261008 -0.0375648232162491 -0.0246632994042427 -0.0876957506516015 -0.0822965225257127 -0.0586148138123465 -0.154854609252912 -0.0873855912684046 -0.120817993243747 -0.081181586140275 -0.0926922644706871 -0.135623309756421 -0.100627462215313 -0.103057695437677 -9999 -9999 -9999 -9999 -9999 -9999 -9999 -9999 -9999 -9999
0.3507741348738 0.239440375922576 0.499116523641431 0.476908359747395 0.464280051960038 0.399290413065091 0.391158948275504 -9999 0.456517280210561 0.293937991292912 0.328679417934308 0.30277704083236 0.21860560892167 0.135316526183386 0.102151497706002 0.0654734030661262 -9999 -9999 -0.219999056735359 -0.267190853934451 -0.214464505832275 -0.211644365036325 -0.202050658449796 -0.26839403495893 -0.227267154805274 -0.0850946370693549 -9999 -0.0306682889207041 -0.00457979980684688 -0.0999700464796014 -0.0892850508780406 -0.154845563547485 0.00388584624567296 -0.0287284833834167 0.0127774584080346 -0.0563741017569101 0.0291258228655245 -0.0770963833626133 -0.27046558298474 -9999 -9999 -9999 -9999 -9999 -9999 -9999 -9999 -9999 -9999
0.251578295189121 0.155050719966991 0.557917763552554 0.503650506730514 0.454128472275899 0.423904036023983 0.388419579743301 0.284306706371414 0.323578871625725 0.289212133608235 0.187946598749877 0.242585147955961 0.211020996708824 0.115983734508184 0.0751844191386444 -0.0566380299634877 -0.0524379475536115 -0.0731397258975983 -9999 -9999 -0.285730171282067 -0.271904470997578 -0.280952355439146 -0.16493313708925 -0.132119980338659 0.0225784272083322 -0.0755950852669312 -0.0997839189267766 -9999 -9999 0.0143183790791847 -0.109009220094711 -0.049724260976346 -0.0825736033025784 -0.0106624272584276 0.0414604293967782 0.0259390770854863 0.11460991466856 -0.321249601997138 -9999 -9999 -9999 -9999 -9999 -9999 -9999 -9999 -9999 -9999
