data/rasters/s8.11.08.li.4_xyz_08_.asc
NCOLS 100 
NROWS 100 
XLLCORNER -4 
YLLCORNER -4 
CELLSIZE 0.08 
NODATA_value -9999 
[rows 44 to 65 of 100, columns 50 to 99 of 100]
0.304797417605911 0.268690164543302 0.243923212497192 -9999 -9999 -9999 -9999 0.228499430371992 0.280888654283309 -9999 0.113741570135901 0.132044783502231 0.112490911807538 0.186330261774216 0.249159531763095 0.200014845402079 0.0185958154783259 -9999 0.034198199858508 0.0813106989194904 0.147392479572443 0.113794327631318 0.103056339720502 0.178225363423779 0.237608135488791 0.336458102044551 0.193535535127691 0.09284470942714 0.164402481590061 -9999 -9999 0.114626625335493 0.155692276372461 0.103338157087073 0.0981328268657147 0.0148298646757503 -0.187658757073328 -0.194986179988153 -0.0736733932032172 -9999 -9999 -9999 -9999 -9999 -9999 -9999 -9999 -9999 -9999 -9999
0.287078184917434 0.312257331332167 0.207332184304443 0.281097607819383 0.174112869039637 0.289408119915437 -9999 0.226626778256403 0.216904814119507 0.212879221666558 0.236304545704077 0.193440253862432 0.114770371137728 0.104617255546211 0.187822005054346 0.140498913791609 0.0623992875575369 0.112060462156178 0.108456706724684 0.0935729025023238 -0.0698100754986282 -0.0321497642864771 0.125503233056053 0.119038807843691 0.159769595991059 0.146270870139643 0.15943164965871 0.122891658452842 0.107669030936618 0.321167678636299 -9999 0.0521318680352238 -0.122828856145461 -0.0371800761439931 0.0697479018817978 0.0267381642735167 -0.107996633194636 -0.233785039899843 -9999 -9999 -9999 -9999 -9999 -9999 -9999 -9999 -9999 -9999 -9999 -9999
0.341843879174569 0.25233954522072 0.28119625783811 0.191430026204475 0.188786487204192 0.165758227215064 -9999 0.199985352953812 0.216934091668758 0.114558679850855 0.176576876421713 0.182924822200714 0.162528818820767 0.0841408674913035 0.0519202222495148 0.0119857198104214 0.0522717596436251 -0.0141124231010339 -0.02599111015662 0.0478447995503643 0.0106670086843101 0.117465423412127 0.0682980767993959 0.0334310038928628 0.158393159264301 0.166559052410931 0.10787641592646 0.0780963326972238 0.0986406023121267 0.149937278027637 -9999 -0.081303795432609 -0.0504797897521288 0.0676980731077172 0.0157782170680055 -0.0330252738301944 -0.12763783394246 -0.329065774017163 -0.0845124787942991 -9999 -9999 -9999 -9999 -9999 -9999 -9999 -9999 -9999 -9999 -9999
0.147973286134202 0.250205871659602 0.214798925307997 0.264022317186239 0.185089189295399 0.150636125311124 0.175893371101551 0.179233960101134 0.255285505399122 0.212937845597933 0.215709081398262 0.145221610406928 0.120750966851626 0.0713500440915254 0.038175234292871 0.000346417780611256 0.0687129606758154 -0.0388213802586277 0.059851804683861 0.0702349971878194 0.0962899903767513 0.0984624918371877 0.148686696413421 0.127715700554192 0.157282078976653 0.161954941488954 0.126775759045542 0.199130627556885 -9999 0.138129049229954 0.161711002483795 0.142223028959473 0.167463570124089 0.0877194270495953 -0.0196389131249377 -0.120991471851791 -0.141975582143545 -0.226335432189634 -9999 -9999 -9999 -9999 -9999 -9999 -9999 -9999 -9999 -9999 -9999 -9999
0.215460921335298 0.223509495877816 0.343302171391429 0.698419469119368 0.312942561536471 0.17259512447027 0.167385844508758 0.147171142471474 0.336905800474453 0.256133302392161 0.307889263154764 0.263352043022433 0.258978612263562 0.0899355079766546 0.0585740359064018 0.00485442463026977 -0.01264018061229 -0.0276774835948279 0.0233579148878013 0.0323567497178573 0.0861040331317351 0.115654890498292 0.0860788677857796 0.0855732470676764 0.072956410684069 0.159573145383272 0.0355696521753714 0.00901954038402268 -9999 -9999 0.139905078281899 0.149452678474498 0.332868147053772 0.0888945240756153 0.0178142499098333 -0.137109237039216 -0.35319079359298 -0.20287138068814 0.00329730939498928 -9999 -9999 -9999 -9999 -9999 -9999 -9999 -9999 -9999 -9999 -9999
0.275159911217065 0.675647991717252 0.572169387457378 0.426703866601443 0.556713690674307 -9999 -9999 0.2056936583062 0.316091315051724 0.215485108479336 0.17520024330806 0.146071089926309 0.185437510231653 0.211339495205149 0.170385677306657 0.0428880203436217 0.0470982473233758 -0.0279803219014062 -0.0144033726402516 0.0614590257108405 0.0594307452044279 0.0333674886688563 0.0669384282705306 -9999 0.0237447782560355 0.0890315425875978 0.104888528018475 0.0571291776796964 0.0938169988594382 -9999 -0.0564307958719107 -0.0112945527442449 0.135447188259045 -0.0361246024743504 -0.0155249616320455 -0.0173903276982727 -0.233275717703983 -0.199271528169053 0.00356496689003285 -9999 -9999 -9999 -9999 -9999 -9999 -9999 -9999 -9999 -9999 -9999
-9999 0.499377672282336 0.733263502156728 0.701603063383375 -9999 -9999 0.18966345506447 0.246123706016296 0.255879985234216 0.178383237565388 0.142303886285095 0.105450178869844 0.115423903206135 0.120468265825766 0.18612146778258 0.0664986729744194 0.144578031490047 0.0821781073257292 0.0123392342996065 -9999 0.0518568448472378 0.0545076371947931 0.163488078787057 0.256090838384436 0.0679747498136006 0.0859180952999543 0.116670395051178 0.0956611389653748 0.00773800120246438 -0.0852260105585954 -0.0875383944096576 -0.128149155190982 0.0829561798018362 -0.0206921531135974 -0.0615498762277292 -0.147055271510977 -0.244783765819008 -0.156723123464759 -0.192428040916894 -9999 -9999 -9999 -9999 -9999 -9999 -9999 -9999 -9999 -9999 -9999
0.268061641313971 0.317098620000317 0.215129754767704 0.341527729129435 0.159266856924171 0.240983131454297 0.230506258871149 0.331731077536604 0.366167210235758 0.0691113415127248 0.211218850484338 0.307013791631892 0.101778597050937 0.10856396503777 0.0806446748345241 0.050171315768865 0.0176826873833709 0.344482744500678 0.0827172219113869 0.00642501583791861 0.0649025030520951 0.0968520159970582 0.186724094509804 -9999 0.0694988941441086 0.0789660906670147 0.143601073220634 0.177247679912834 -0.0512084398099812 0.0156504793611294 0.0273653118668948 -0.14249101018305 -0.102477823323903 -0.103793363676865 -0.0702536603247628 -0.0195563007241675 -0.341854717529052 -0.223654890414403 -0.196575925906631 -9999 -9999 -9999 -9999 -9999 -9999 -9999 -9999 -9999 -9999 -9999
0.297996753712171 0.363581229861395 0.198644341637296 0.121486587443498 0.227248175870861 0.267402879981653 0.366956404514378 -9999 0.191945516905421 0.246938356933861 0.303633900106288 0.326448519964389 0.192528289581677 0.123523442088818 0.095170214101215 0.034525332318294 0.0909958983834129 -0.0247630653741128 0.0296107298603739 0.064688023947962 0.116257115587423 0.123591982393439 -9999 -9999 -0.0778397394417225 -0.0805314864596387 0.000695469547099943 0.0166354231257895 -0.0753584820459035 -0.0289078943467093 -9999 -0.140609855460709 -0.148038165009874 -0.0512877738245452 -0.520196796922367 -0.590017708000213 -0.280028702455562 -0.232730823261873 0.00944658906147138 -9999 -9999 -9999 -9999 -9999 -9999 -9999 -9999 -9999 -9999 -9999
0.282777453299203 0.213777405522905 0.146251015074258 0.135448287965113 0.173646132624092 0.280498163181375 -9999 -9999 0.212350345359195 0.242519962409301 0.348727422150289 0.380863684739786 0.121090155174929 0.135531520546851 0.120781409903708 0.215358652070321 -9999 -9999 0.133756568539673 0.207157729574242 -0.00249272941448531 0.157030016555175 0.225195183719289 -9999 0.064450275249035 0.00939476555062464 0.13203620119918 0.017568688554036 -9999 -0.0721359410839803 -0.0782425897131235 -0.142748395790433 -0.124108239313752 -0.170261495682257 -0.259674317333768 -0.391278530172146 -0.327310617381631 -0.232605890162684 -0.310716798075744 -9999 -9999 -9999 -9999 -9999 -9999 -9999 -9999 -9999 -9999 -9999
0.101779113040589 0.140206910624045 0.0999006314910743 0.156016409714609 0.165414244957853 0.217861032967529 0.206477746394159 0.173229164925317 0.127588591493671 -9999 0.224678702305161 0.230538240157428 0.152105942553936 -9999 0.0305137562883516 -9999 -9999 -9999 0.130378700628136 0.283884522977492 -9999 0.00643758921412473 0.304443874061918 0.366777618898645 -0.00147154127501219 0.162338949935604 0.22100582213823 0.00705448513495474 0.132550991906966 -0.0934492006710203 -0.0909624072855814 -0.191109640120962 -0.152179808043237 -0.326490498359629 -0.381334305420892 -0.296469775768179 -0.352682526286423 -0.126843513928687 0.0387833956304465 -9999 -9999 -9999 -9999 -9999 -9999 -9999 -9999 -9999 -9999 -9999
0.0720088692090349 -9999 0.203987007888806 0.211372295353996 0.214253467230975 0.228875487669784 0.225424120926758 0.196083616855262 0.13206161837889 0.191910878403753 0.164833039137407 0.168013954476869 -9999 -9999 -9999 -9999 -9999 0.0978751759175348 0.138146209025348 -9999 -9999 0.0126768403614441 0.121257513332174 0.127027476521015 0.0938356141706134 0.143175775963758 0.213795998561516 0.00207705951325291 -0.00138970678296001 -0.10463276731263 -0.0833907328284698 -0.0295091690608999 -0.0938171296602815 -0.107408069537566 -0.359722496450809 -0.397018033871982 -0.275187986093788 -0.137196623717683 -9999 -9999 -9999 -9999 -9999 -9999 -9999 -9999 -9999 -9999 -9999 -9999
0.142664488673582 0.139566557634096 0.166050465179977 0.162164485922725 0.179476877591746 0.22452982455477 0.218446944906869 0.17451018944186 0.172388695066403 -9999 0.183071267734493 -9999 -9999 -9999 -9999 -9999 -9999 -9999 0.137667005380357 0.228332860012385 -9999 0.232407660072126 0.0926709527189709 0.0295785758245747 0.0881907331516586 0.0341166287967803 0.012115267200102 0.0749683257674772 -0.0949276999243428 -0.0849277177379432 -0.0062504850883935 0.0410711535435871 0.0837700025082075 -0.657553689101217 -0.601735907366499 -0.495199770949429 -0.429163373538052 -9999 -9999 -9999 -9999 -9999 -9999 -9999 -9999 -9999 -9999 -9999 -9999 -9999
0.0801518310695548 0.0810009327185179 -9999 0.217380139495216 0.116621667162647 0.246930841856021 0.0399730814588281 0.0300422153263016 0.534699468350626 -9999 0.803416555298167 -9999 -9999 -9999 -9999 -9999 -9999 0.203167315670486 0.209443362474003 0.263634795277368 0.254716884192696 0.22246440330912 0.203417686053378 0.233619687659474 0.22405914785994 0.0233878372522525 0.0460254473764583 -0.0203277002504131 -0.0352428147256563 0.0279809052372574 0.00226971390764916 -9999 -9999 -0.744694563744505 -0.0989267080291928 -0.223087699470905 -0.0633717495113036 0.115654102566625 -9999 -9999 -9999 -9999 -9999 -9999 -9999 -9999 -9999 -9999 -9999 -9999
0.0794391194765983 0.148743241333423 0.296784335685717 0.221092798991228 0.0759882968923773 0.113963077018489 0.303588903583503 0.58535503782293 0.631498714687591 0.638601509476514 0.800747093044835 0.765341953417329 0.778866233101997 -9999 -9999 -9999 -9999 0.239565608916682 0.214555172432293 0.185461843908855 0.235533469090727 0.198129850420014 0.170559770857417 0.215190723186682 0.170196359745644 0.0381764315560141 0.0957186037244197 0.0558385584156245 -0.0627436706276127 -0.0559026805589166 -0.00675726496288661 0.0355934385494177 -9999 -9999 -0.0839062414154979 -0.00191988026512445 -0.226505566764497 -0.148966770534169 -9999 -9999 -9999 -9999 -9999 -9999 -9999 -9999 -9999 -9999 -9999 -9999
0.461291156486337 -9999 0.280061156604691 0.276688359468798 0.0408000378551345 0.0523272567115914 0.0798524714346569 0.0559196245234264 0.634929059460309 0.516670231989721 0.590319553304018 0.717311625460158 -9999 -9999 -9999 -9999 0.203704964920107 0.224684092676013 0.231384608239789 0.214929055486988 0.213527445789028 0.266524575897597 0.204221889349159 0.306352390745551 0.334902492671713 0.122594891508947 0.0654302477468395 0.0424717393432786 0.0397588761879658 0.0285312964036062 -0.0522640668515637 -0.0107715349033474 -0.0822388859451497 -0.0388767556823668 0.0776020906261948 0.0609148069128374 -0.279268124613853 -0.0590381740318016 -9999 -9999 -9999 -9999 -9999 -9999 -9999 -9999 -9999 -9999 -9999 -9999
0.413111995281044 0.284455801711949 0.324646291516818 0.391912149767606 -9999 0.0997086901834213 0.0670741960000894 0.0666372185561494 0.248084027338214 0.177477055516155 0.733787367573352 0.709037768521421 -9999 -9999 0.292228922649348 0.32626413646198 0.367675199776386 0.287479915209404 0.314896850463906 0.279041415220467 0.256275787010298 0.229749959793292 0.169165631479165 0.13642145722531 0.190702800632975 0.267053190831201 -0.0206377227294838 0.00455423164726132 0.147571907331129 -0.042492500752169 0.00275504809187542 0.0419717201854461 0.0115384924276684 -0.0739899603401061 0.0692817757028087 -0.260374921496206 -0.308460250787421 -0.252480908793076 -9999 -9999 -9999 -9999 -9999 -9999 -9999 -9999 -9999 -9999 -9999 -9999
-9999 -9999 0.363914072435512 0.427089972994486 -9999 0.0379567002367363 0.276212593812561 0.0832986963596793 0.237651459088453 0.343871701132833 0.702978239958851 0.529528792061244 0.651683622453992 0.267946811990657 0.317039599960511 0.410728941523386 0.420337127658146 0.29437448285457 0.220241711052664 0.229947253070339 0.213345644767367 0.225099549396404 0.155224259403835 0.282208282059656 -9999 0.258414141233961 0.526585387706672 -9999 -9999 -0.0438252192130664 0.0265452491175827 0.0103695834435722 0.0616338222179206 -0.219066223951216 -0.192277370304397 -0.132559839799629 -0.192547106947133 -9999 -9999 -9999 -9999 -9999 -9999 -9999 -9999 -9999 -9999 -9999 -9999 -9999
0.0574603831881737 0.083073155698672 0.224252489489867 -9999 -9999 0.0312053754120281 0.285557070499489 0.323484570326056 0.472550048538416 0.319154820214886 0.23252807038543 0.280358839162389 0.254368830538141 0.328721279418501 0.355559914190165 0.429794613311135 0.34540633229646 0.324835236882213 0.270592105204232 0.282095232620048 0.372052714214065 0.278927733525129 0.25642185130158 0.232311231746989 0.362400701608613 0.389460034763664 0.505952627158198 -9999 -9999 -9999 -9999 0.0176744046668587 0.0134949965060163 -0.0399128985468386 -0.229180023246976 -0.100387072302455 -0.123449139983318 -9999 -9999 -9999 -9999 -9999 -9999 -9999 -9999 -9999 -9999 -9999 -9999 -9999
-9999 0.0423264046907712 0.123611017558172 0.175229393897312 0.0600789289577938 -0.0175668820164901 0.355039458438692 0.316398663177444 0.532135712596869 -9999 -9999 0.190252377785525 0.294073572880815 -9999 0.247388710784485 0.246926205048912 0.307740393444286 0.316310581180607 0.338082671960909 0.321215169161148 0.390656935975843 0.353159690782011 0.281339206600607 0.265479855909591 0.281940836649386 0.381653949831155 0.480455153571501 -9999 0.211296850272581 0.26501923556709 0.258129597992184 0.0454269269636265 0.0835878251656849 -0.564156111619582 -0.122035784662763 -0.187463682510998 0.0295078015856774 -9999 -9999 -9999 -9999 -9999 -9999 -9999 -9999 -9999 -9999 -9999 -9999 -9999
-9999 0.259996306071152 0.127454822222907 -0.0381862384684354 -0.130275942842119 -0.0444075963031615 0.059791461653424 0.462579537572849 0.472887044394148 0.43941173367334 0.105390757934354 0.146713633531195 -9999 -9999 0.302821517902103 -9999 0.285786997541957 0.252888031534589 0.381775385834666 0.339048483219507 0.356021809570267 0.444853874576782 0.276961445500778 0.261223677471007 0.336992862278209 0.353527960293915 0.448721198811277 -9999 0.192306593520035 0.231379227021916 0.179996225071649 0.0719282487532442 0.142449177644988 -0.224646691025439 -0.358139614498667 -0.115297468968558 -9999 -9999 -9999 -9999 -9999 -9999 -9999 -9999 -9999 -9999 -9999 -9999 -9999 -9999
-9999 0.0719533275073851 0.0273921750910839 0.0227299488820124 -0.0445738465570392 -0.063239637923771 -9999 0.58851703632141 0.483790916963008 -9999 0.137964396683756 0.145859597473802 0.0294136986634688 -9999 -9999 0.152565664757712 0.192640969803079 0.226472041762123 -9999 0.21430566908328 0.279238793455465 0.333986758092109 0.329815140798353 0.301150827037047 0.308548371962537 0.304049067431611 0.345823013603165 0.456058908395138 0.219018034551078 0.245553229323748 0.297479885438861 0.105721116846838 0.0289179526088743 -0.013577526836833 0.0509278695775404 0.049817279463597 -9999 -9999 -9999 -9999 -9999 -9999 -9999 -9999 -9999 -9999 -9999 -9999 -9999 -9999
