data/rasters/s8.11.08.cu.1_xyz_08_.asc
NCOLS 100 
NROWS 100 
XLLCORNER -4 
YLLCORNER -4 
CELLSIZE 0.08 
NODATA_value -9999 
[rows 63 to 83 of 100, columns 0 to 46 of 100]
-9999 -9999 -9999 -9999 -9999 -9999 -9999 -9999 -9999 -9999 -9999 -9999 -9999 -0.178877232985293 -0.21863548522604 -0.258115795643041 -0.139664685590029 -0.140688947197389 -0.106909324916531 -0.0577622149078806 0.0461029095866843 0.100311876826102 0.0839084637956786 -0.23081640091255 -0.248679185866429 -0.236155581307203 -0.198041295107353 -0.243025448500256 -0.302680253350442 -0.292524091618372 -0.230710005617826 -0.267763480695178 -0.26014197945429 -0.0510672792574617 -0.0352591657357407 -0.00515961720497434 -0.0833692096279029 -0.161210230990207 -0.234801463842393 -0.292379509022234 -0.342107167517785 -0.283200013164361 -0.202329477527044 -0.190830207509432 -0.123630276227954 -0.0701162678711159 -0.0245397678437921
-9999 -9999 -9999 -9999 -9999 -9999 -9999 -9999 -9999 -9999 -9999 -9999 -9999 -9999 -0.125298789034235 -0.0775942381660953 -0.0511047869127896 -0.118599055900573 -0.0460097991119387 -0.0243745280594888 0.100712060728904 0.156086434191363 0.140481592949224 -0.0992528218960987 -0.194970552434844 -0.236833173203301 -0.175265788277498 -0.166980854846891 -0.212501120544959 -0.215907615319133 -0.152677857440331 -0.203701074348589 -0.121047123619579 -0.128662224193495 -0.0793469942229278 -0.0643592980318603 -0.261377077362114 -0.303869199002941 -0.254080734306941 -0.295870871626379 -0.32268251855372 -0.320171812155178 -0.269848760915614 -0.156026441563429 -0.115010449976127 -0.0723397086041156 0.0274761173442155
-9999 -9999 -9999 -9999 -9999 -9999 -9999 -9999 -9999 -9999 -9999 -9999 -9999 -9999 -0.0636991176319348 -0.0416219753460153 -0.00803838737871248 -0.0214647239559509 0.00387328746679682 0.227772911094799 0.19526608574124 0.203555624903992 0.179075531759569 -0.179307431629079 -0.200020127506086 -0.203282156865915 -0.140927179619978 -0.155307947339925 -0.196693496701441 -0.278687599439471 -0.178002190732591 -0.152515792492631 -0.118060462330247 -0.0906098157820667 -0.0287243593194174 -0.119372993165693 -0.203559651771223 -0.272958922997563 -0.30240359517728 -0.250822240948146 -0.255502785558619 -0.269216984030516 -0.190237149449154 -0.0745093601323262 -0.0676817544117808 -0.0828136732203535 -0.0226815940024541
-9999 -9999 -9999 -9999 -9999 -9999 -9999 -9999 -9999 -9999 -9999 -9999 -9999 -9999 -0.0440734743323035 0.00495928241341074 0.0207911651744051 0.0331222663065085 0.0416094678107504 0.267757455842179 0.251074987162132 0.246363432413973 0.334415980131002 -9999 -0.0800647826494191 -0.0757236272577729 -0.124085081580033 -0.199938106303552 -0.169187576750124 -0.21824279916307 -0.170721419676121 -0.168701289408374 -0.155461530274607 -0.165951408037905 -0.117498552976728 -0.200939732503126 -0.211502691897276 -0.23639196219961 -0.237156272265487 -0.234537550524316 -0.219129076018897 -0.26096192251365 -0.231659287035391 -0.219298811054631 -0.0925465990013083 -0.104695069787675 -0.084027457482128
-9999 -9999 -9999 -9999 -9999 -9999 -9999 -9999 -9999 -9999 -9999 -9999 -9999 -9999 -9999 0.123381962996056 0.130637808939375 0.262522771836049 0.246914044202402 0.299031218607932 0.259791916166236 0.33775311215158 0.137811140662449 0.000985129442206162 -0.0606692777165166 -0.101976829384014 -0.111124504533604 -0.152588382882039 -0.153486317827435 -0.203742816771512 -0.198633806979613 -0.157782107492681 -0.120785930251625 -0.156219857075297 -0.16672102499536 -0.187394867787909 -0.11929439238102 0.00984750817309325 -0.160568327935326 -0.273687059939704 -0.215747136696907 -0.137092896277144 -0.114492205765082 -0.169841325850707 -0.0651624546497824 -0.0756812584808227 -0.0380342552118162
-9999 -9999 -9999 -9999 -9999 -9999 -9999 -9999 -9999 -9999 -9999 -9999 -9999 -9999 -9999 0.165123506584742 0.26410878360942 0.241130219460271 0.215622866355786 0.218227287452386 0.323272667173636 0.341065511725181 0.159361371859151 0.127585868108672 0.0518761867851785 -0.0555991961318285 -0.0181590227432382 -0.0300913404751016 -0.0725578977559761 -0.0465785863005273 -0.0614945652892252 -0.135198976227161 -0.054235276905895 0.0690838358515273 -0.0160059328422663 -0.0453651797037526 0.0165862008875496 0.0276340947434901 -0.0933038102680912 -0.201992422462509 -0.177589643462691 -0.0490086927805892 0.0997247556228197 0.0582069139148887 -0.021040434205706 -0.0650307142754728 -0.0461477575293843
-9999 -9999 -9999 -9999 -9999 -9999 -9999 -9999 -9999 -9999 -9999 -9999 -9999 -9999 -9999 -9999 0.227497153180863 0.274178565094876 0.30973885130688 0.353140693540504 0.324754281696136 0.350694243975348 0.383848121048712 0.174546230744353 0.124458166876242 0.0674367652637732 0.0114410284883194 0.0370123228829158 -9999 0.118223674862778 0.0709694836484994 0.0109580336468652 0.0901021574206838 0.128060420416845 0.066191135458811 0.0231528846523983 0.00690033696843048 -0.00116186583394443 -0.0995168715651132 -0.166862042069742 -0.126468099628614 -0.111148481299284 -0.0572252058547383 -9999 0.0558087560581714 0.0363475858295503 0.0193976828867599
-9999 -9999 -9999 -9999 -9999 -9999 -9999 -9999 -9999 -9999 -9999 -9999 -9999 -9999 -9999 -9999 -9999 0.472803356160582 0.459950282381274 0.396365161049754 0.412678743528472 0.458512763051975 0.418127309715008 0.288189207496788 0.186227330868062 0.118675545013381 0.0546613919213022 0.142099788673908 0.224554401383838 0.255285898936287 0.177130927284856 0.126479157265751 0.144022031541891 0.0957395923287803 0.041212442957342 0.016485844974308 0.0101496674329044 -0.0241461785075244 -0.0489019108112983 -0.0597209287036916 -0.049093999243795 -0.0150861921271966 0.0665827646760987 0.176858922858748 0.191561416305965 0.0974776996178897 0.0899844563770388
-9999 -9999 -9999 -9999 -9999 -9999 -9999 -9999 -9999 -9999 -9999 -9999 -9999 -9999 -9999 -9999 -9999 0.573710448583841 0.619418110847336 0.642391090908969 0.640436960033104 0.440719108408447 0.32817583610291 0.277893223678484 0.223467290775995 0.163057112512359 0.112218629896216 0.238578434059484 0.243972837597465 0.245046864019068 0.186528246409075 0.151789696666835 0.101408326005491 0.0511578576579038 0.0162481016975893 0.029129400308955 0.002394284473773 -0.0101489550414947 0.0403200625177546 0.0281088180702002 0.0355890853765718 0.0738907455008379 0.109819622641455 0.236321647817244 0.214516521109472 0.204536968767364 0.0912316974805322
-9999 -9999 -9999 -9999 -9999 -9999 -9999 -9999 -9999 -9999 -9999 -9999 -9999 -9999 -9999 -9999 -9999 -9999 0.667328547776012 0.620170196784801 0.622051634338992 0.664253673695504 0.330752716263531 0.306819583563922 0.277754507706423 0.247071150660849 0.159937996264331 0.146978826023903 0.140200064645135 0.160061118916356 0.164430757185688 0.149696144115627 0.0760782975135247 0.0291686761601599 0.0176400336751266 0.0448192884691526 0.0490917385147997 0.0738955077826767 0.120935196487993 0.154839335558761 0.122737945928602 0.0617664599086846 0.129677078660399 0.239087805893607 0.246540339898341 0.24784525043509 0.0943172177708428
-9999 -9999 -9999 -9999 -9999 -9999 -9999 -9999 -9999 -9999 -9999 -9999 -9999 -9999 -9999 -9999 -9999 -9999 -9999 0.555345020211661 0.623433249559114 0.631281898397468 0.476220036750835 0.496201521872987 0.379363438686054 0.300945371166494 0.208462422472086 0.249854945699752 0.234895510620475 0.172012889213045 0.171424496183539 0.186765761294402 0.124415184273642 0.0375114840869626 0.0338557040519152 0.0629275275865244 0.0950489887501731 0.132161795827157 0.147651064746237 0.145416783851421 0.144996515910226 0.161711241844445 0.210540138109072 0.223612471296047 0.238656191388893 0.142291745953121 0.161171689145458
-9999 -9999 -9999 -9999 -9999 -9999 -9999 -9999 -9999 -9999 -9999 -9999 -9999 -9999 -9999 -9999 -9999 -9999 -9999 0.500818001153591 0.549715840103857 0.534778808516606 0.536270414021385 0.440152971240478 0.402704166967254 0.392294017133206 0.413465673888149 0.427327052750202 0.309365392154865 0.29895817553667 0.259272064937057 0.238443332983148 0.218531703066097 0.226339098266031 0.0997734233810277 0.158070819894247 0.185593543190633 0.229944762162958 0.215632855303418 0.147190196826309 0.178612659949923 0.182514752578659 0.208933677612336 0.139854774251151 0.142899335481679 0.071890709811711 0.028325418249125
-9999 -9999 -9999 -9999 -9999 -9999 -9999 -9999 -9999 -9999 -9999 -9999 -9999 -9999 -9999 -9999 -9999 -9999 -9999 -9999 0.342998048007715 0.344736023984473 0.39509531862925 0.349167977153568 0.360586145195368 0.309924139748693 0.315436806166291 0.308025652163636 0.474591535793923 0.389120980018403 0.400178394496323 0.402402810953848 0.356837436272063 0.347510371047675 0.0932757864667251 0.248630461805554 0.271607487305243 0.28270334446571 0.301539855369604 0.186129018204664 0.179879025705488 0.162653891728207 0.136824521649568 0.0683757312873698 0.0409889925995978 0.0158828917779535 0.0101536535459223
-9999 -9999 -9999 -9999 -9999 -9999 -9999 -9999 -9999 -9999 -9999 -9999 -9999 -9999 -9999 -9999 -9999 -9999 -9999 -9999 -9999 0.170897608503565 0.232811789454598 0.280397253669282 0.198953007161134 0.232897594125085 0.245340584062826 0.219758486045174 0.488106914570441 0.433530362892391 0.406224561673347 0.475500723127093 0.413037025880633 0.269173241139368 0.233230778716847 -9999 0.326187660042443 0.360419486018431 0.378737152126501 0.293733311974765 0.135876209678615 0.140865866787122 0.0958416882936999 0.0696620337467116 0.0239415310440784 -0.031963071353734 -0.0467825342470718
-9999 -9999 -9999 -9999 -9999 -9999 -9999 -9999 -9999 -9999 -9999 -9999 -9999 -9999 -9999 -9999 -9999 -9999 -9999 -9999 -9999 -9999 0.209137216946614 0.183421343878921 0.13081889305663 0.188747459847452 0.151941592733228 0.416547195176419 0.458699276543979 0.438209164195181 0.399463824616846 0.331990893774496 0.295870570888792 0.214837984524099 0.195533836139051 -9999 0.276530855371137 0.246806098327384 0.266724349182858 0.259607010538949 0.137335653495437 0.0967556379156742 0.033288213004535 0.0648957553788568 0.0390694947199411 0.0122543255814878 0.0430337151676353
-9999 -9999 -9999 -9999 -9999 -9999 -9999 -9999 -9999 -9999 -9999 -9999 -9999 -9999 -9999 -9999 -9999 -9999 -9999 -9999 -9999 -9999 -9999 0.118090648839131 0.0488210214158597 0.157603544731021 0.190880362680638 0.309399565376442 0.30758516628676 0.303199581003054 0.305306583623951 0.229668260389766 0.260594087767155 0.159350830283181 0.143946310337065 0.115288177947197 0.166886229839575 0.140078515198053 0.0957824646316486 0.0585625665062589 0.0355532865084502 0.0400666339957249 -0.0519784001884983 0.028402686487731 -0.00507996775805752 -0.0245770947398093 0.0598371006511568
-9999 -9999 -9999 -9999 -9999 -9999 -9999 -9999 -9999 -9999 -9999 -9999 -9999 -9999 -9999 -9999 -9999 -9999 -9999 -9999 -9999 -9999 -9999 -9999 0.0377094697973189 0.042149049039479 0.09998300789291 0.133993450622195 0.139966117643214 0.146209793225469 0.140249682944364 0.142448130287228 0.118205560686549 0.103893989290633 0.134147524748456 0.119488550199963 0.0920852352852646 0.0239394882885803 0.0203968438525608 -0.0218749003944147 -0.046358885163138 -0.110257002921103 -0.15922870994209 -0.112432479807716 -0.0804406366142581 -0.0804461324706217 0.0700157427537308
-9999 -9999 -9999 -9999 -9999 -9999 -9999 -9999 -9999 -9999 -9999 -9999 -9999 -9999 -9999 -9999 -9999 -9999 -9999 -9999 -9999 -9999 -9999 -9999 -9999 -0.0404001259952327 0.0532075796945468 0.152863146743439 0.164200928872567 0.187734650785067 0.212226674774871 0.176207685360211 0.138679461775392 0.0663132432492062 0.073760817271444 0.0861115308333056 0.0892700187999127 0.0601403137724698 0.0106526320035221 -0.0436392352579436 -0.11260361974002 -0.156931879739616 -0.171236589956638 -0.159837813440138 -0.127632197986319 -0.0544194367960687 0.0559623836625213
-9999 -9999 -9999 -9999 -9999 -9999 -9999 -9999 -9999 -9999 -9999 -9999 -9999 -9999 -9999 -9999 -9999 -9999 -9999 -9999 -9999 -9999 -9999 -9999 -9999 -9999 -9999 0.18950992003162 0.247834206752464 0.249876368058163 0.22623897931754 0.217052177484892 0.145325619346731 0.143738334787701 0.0864442756110061 0.0954501342408353 0.115588990842858 0.0772506978456092 0.11184097892147 -0.0435132936003274 -0.10061065950171 -0.121959292915608 -0.135327052316251 -0.196866172666853 -0.119103944261474 -0.0681636246602975 -0.0643109795855787
-9999 -9999 -9999 -9999 -9999 -9999 -9999 -9999 -9999 -9999 -9999 -9999 -9999 -9999 -9999 -9999 -9999 -9999 -9999 -9999 -9999 -9999 -9999 -9999 -9999 -9999 -9999 -9999 0.266520567785472 0.279642332232768 0.304629739171272 0.224827174236658 0.175524008546146 0.0989819885007307 0.10770165333996 0.134282524105339 0.14075979124669 0.147326382959275 0.19250411427071 0.0672560773098931 0.00750545408697877 -0.0831704049767479 -0.109869929265381 -0.174935186570149 -0.0731477976744021 -0.100164864803046 -0.0834745362856188
-9999 -9999 -9999 -9999 -9999 -9999 -9999 -9999 -9999 -9999 -9999 -9999 -9999 -9999 -9999 -9999 -9999 -9999 -9999 -9999 -9999 -9999 -9999 -9999 -9999 -9999 -9999 -9999 -9999 -9999 0.326665309698112 0.345602135363259 0.182454199130408 0.113784950388867 0.104852070197531 0.125873825189746 0.12554404047043 0.142818945469719 0.168478167548021 -0.00311783282603888 -0.100718301212249 -0.144925264470744 -0.106879706788407 -0.0341826887226561 -0.0324021253183518 -0.0180456794823068 0.0483515600058363
