data/rasters/s9.26.09.li.3_xyz_08_.asc
NCOLS 100 
NROWS 100 
XLLCORNER -4 
YLLCORNER -4 
CELLSIZE 0.08 
NODATA_value -9999 
[rows 44 to 65 of 100, columns 0 to 50 of 100]
-9999 -9999 -9999 -9999 -9999 -9999 -9999 -9999 -9999 -9999 -9999 -9999 -0.00635208049138348 0.018234588079213 0.00955982504215238 0.00100243435918743 0.086757543701025 0.0619695663867041 -9999 -9999 0.0581820414082373 0.0909508087519024 0.163248767382253 -9999 -9999 -0.105019701262774 -0.0175796519261166 -0.0372220830497195 -0.0348602187812767 0.0429651703694463 0.0157417073413451 -0.0404418896032126 0.0360505238570226 0.0563329970918691 0.174794727522168 -9999 0.0484459429880521 0.0644096781785424 0.0246796955536661 -0.0242512030805563 -0.0401704170623184 0.0926895670443508 0.0418072548023192 -9999 -0.244151921924039 -0.107596061243142 -9999 -9999 -0.305713260417466 -0.307694719147704 -0.191334958271237
-9999 -9999 -9999 -9999 -9999 -9999 -9999 -9999 -9999 -9999 -9999 0.0651512904328224 0.0147140403606964 0.0411061383331959 0.156089947914407 -0.0847469245016417 0.0675441420740053 0.0646267229460171 0.0786329732878595 0.0414872285903924 -0.0283641378148747 -0.0938887954502098 0.00385969509156857 -9999 -9999 -0.0686045372092216 -0.035729444176529 -0.0228928497417795 0.063664607765511 0.0499370765691296 0.040346597360953 0.063061466789219 0.132044716956242 0.108399758587403 -9999 -9999 -9999 -0.0748923252323083 -0.0439099914308053 0.0194222978773847 0.0330062962954151 -0.0436138216811023 -9999 0.0354883527131355 0.119463595170125 -9999 -9999 -9999 -0.305850781236823 -0.315196586757548 -0.261243742585887
-9999 -9999 -9999 -9999 -9999 -9999 -9999 -9999 -9999 -9999 -9999 0.0391594772650562 0.0334863658679933 0.00972197618243633 -0.00912549242749313 -0.0627999017688803 0.0196891228276344 0.0344685046963001 0.0581741757322424 -0.0201207593027245 -9999 -0.162776678139907 -0.16605433973293 -0.176498028038128 -0.063143850043028 -0.0990740982482865 -0.0560975865100846 -0.0670663744568976 -0.0807184798546347 -0.0499278978816787 -0.0325384963517396 0.122732733452241 0.1489065994246 0.102838528491467 -0.303731129739499 -0.0890263124947652 -0.0914530845946883 -0.133770489786197 -0.0975752508505005 -0.0400988112878215 -0.0328222234282485 -0.0575124155856045 -0.0127476875416836 0.0455623281027143 0.00868734165298243 -0.021243917142859 -9999 -9999 -9999 -9999 -0.0822835062562242
-9999 -9999 -9999 -9999 -9999 -9999 -9999 -9999 -9999 -9999 -9999 -0.0274713700894105 -0.03433174775818 -0.0571366754029314 0.00661537638482984 -0.0433147515285586 0.0397834088265338 0.0437246069115733 0.0818735702531379 0.101852427509825 0.155773991879369 0.0572066480255849 0.0458720848812055 -0.0807110878006389 -9999 -0.0634046772725649 -0.0500865036685572 -0.0751995895185114 -0.0593164751092265 -0.0127228543932979 -0.0270593139285437 0.0926937598623831 -9999 -9999 -9999 -0.0611207732561823 -0.10266708376081 -0.0530883402682823 -9999 -9999 -0.0783683253310606 -0.0458164305593881 -0.0555806331771816 -0.102903385924635 -9999 -0.15148528361601 -0.182540475263653 -0.200275133444157 -0.134074291946464 0.155790826397288 0.11450165443253
-9999 -9999 -9999 -9999 -9999 -9999 -9999 -9999 -9999 -9999 -9999 -9999 -0.0870425128686716 -0.0696364451305192 0.0125998896980609 -0.0085477303017545 0.102611840573409 0.0660704655544599 0.0719683909970702 0.0714722852599248 0.114096086225254 0.0965697570382696 0.0226442862879667 -0.0726976942880262 -0.176495954817442 -0.107237729381746 -0.118127714162785 -0.0786742556060685 -0.0946770715454249 -0.0509267388870157 0.0118739887271125 0.0944079122138836 -0.24171424210796 -0.193303200255036 -0.120592559410254 -0.0773577292395462 -0.0936340015085516 -0.100371679782745 -0.341294557933247 -0.304085516927492 -0.0611260879352462 -0.0768648436506439 -0.0334661950267425 -9999 -9999 -0.0480603849498336 -0.114094301685772 -0.231995285674994 -9999 0.0525638625587543 -0.0175391796955045
-9999 -9999 -9999 -9999 -9999 -9999 -9999 -9999 -9999 -9999 -9999 -9999 -9999 -0.00190603499844873 0.0301551086535764 -0.0337894530246317 0.0144469325941423 -0.0329277814816594 0.0174477402895995 0.0329291398886772 0.084705905166743 0.0138131628940218 -0.0489734875064512 -0.183265762223833 -0.177898037389781 -0.0742590460394887 -0.0406119731367825 -0.0780200573387496 -0.13887523175106 -0.140113101335007 -0.113075446654629 -0.17602190708464 -0.259699731627619 -0.237634899552583 -0.0569392086586092 -0.111090609385167 -0.126317929945211 -0.210976066547121 -0.261379901820842 -0.218283366677154 -0.130568278047928 -0.0477865745288617 -0.0280977838285541 -9999 -0.0181516905227666 -0.12048832985694 -0.147249015123157 -0.212060514951348 -0.330017028818613 -0.0875474578884853 -0.18352664737056
-9999 -9999 -9999 -9999 -9999 -9999 -9999 -9999 -9999 -9999 -9999 -9999 -9999 -9999 -0.0192910950419309 0.0170602982915374 0.00975926807913321 -0.0681306143977863 -0.0372339177469577 -0.00179666347231552 -0.0111421064866499 -0.0997654642542521 -0.100465366159677 -0.120670420644367 -0.198041046344787 -0.14825503266794 -0.0534672159710458 -0.137151748971484 -0.172271518707399 -0.0767802149320292 -0.0543870355563427 -0.282650272570373 -0.259003160973373 -0.263887374110984 -0.0685729799823182 -9999 -0.22128861559235 -0.165119420892033 -0.204447123181434 -0.211874509369316 -0.169978470096184 -0.0272698594883942 -0.108021330871188 -9999 -0.0378426138036942 -0.0887710469513438 -0.1741645299179 -0.169451029786636 -9999 -0.00541153769777927 0.0668558437081242
-9999 -9999 -9999 -9999 -9999 -9999 -9999 -9999 -9999 -9999 -9999 -0.0737567654513863 -0.0412436441399028 0.0172325595243385 0.0290321243276594 -0.0267590942044999 0.0279182789683799 -0.0237460301161049 -0.0184611535522254 -0.0697827786148708 -0.109329756870584 -0.111292161724636 -0.0740574047222444 -0.0959356467134753 -0.129723872689768 -0.23436838466569 -0.128053441122054 -0.148419535735053 -0.147152577223071 -0.024084816536013 -0.174130145026153 -0.417474930632326 -0.264869231387496 -9999 -9999 -9999 -9999 -0.155749560330736 -0.187904893211481 -0.208197730910468 -0.246042447825256 -0.24329934194159 -0.150535673211479 -9999 -9999 -0.103742025627584 -0.136356582983581 -9999 -9999 0.0419414832487761 0.0369444177841874
-9999 -9999 -9999 -9999 -9999 -9999 -9999 -9999 -9999 -9999 -9999 -0.0195781849697409 -0.0547705082776786 0.0351056382876431 -0.0321228888921717 -0.0657039087826908 0.00936356380831346 0.00288897877947583 0.0309496488795381 -0.00274652020747925 -0.0714347843653858 -0.0997549826197423 -0.0800383371528101 -0.116274224561049 -0.101255269041029 -9999 -9999 -0.134833139930683 -0.158579849675196 -0.102286649704032 -0.0112277304653668 -0.0148393729288814 -0.228055518101614 -9999 -9999 -9999 -0.200173850244076 -0.197514583778191 -0.24231467698208 -0.224874170133218 -0.245663482479487 -0.128929863305269 -0.127628737064942 0.0754089443075691 -9999 -0.0444173586174007 -0.0966530498447213 -9999 -9999 0.045055196176916 0.0356200225341338
-9999 -9999 -9999 -9999 -9999 -9999 -9999 -9999 -9999 -9999 -9999 0.0189602360892404 -0.0321205513383619 -0.0272532351745921 -0.139953332014622 -0.0749491046783746 -0.018662457802959 -0.0572639866399083 -0.0293082638591199 -0.0205885808930614 -0.0628399905063556 -0.0958602900425222 -0.0924083303428242 -0.0919639883406196 -0.0716709835436609 -0.114719147960823 -9999 -0.117073266866474 -0.140994063172425 -0.0988626263860562 -0.0188125777268918 -0.0670088890078577 -0.183289182014682 -0.133167266790016 -0.221165756280113 -9999 -0.266468782514268 -0.315185270066577 -9999 -9999 -0.319155967320145 -0.231919622540005 -0.133435200078183 0.050302314175612 0.0975679429352238 0.0477715813339927 -0.0163395618842221 -9999 -9999 0.0533691057311043 -0.0834142337946536
-9999 -9999 -9999 -9999 -9999 -9999 -9999 -9999 -9999 -9999 -9999 0.0471846169249616 0.0562926961664951 0.0386773252284564 -0.0565142153377598 -0.0997309407197 -0.162862909551881 -0.0584034221667647 0.0160869272823387 0.0499405056446563 -0.0317081866856059 -0.0372309707459287 -0.0684632013745993 -0.100371740806041 -0.0990303243485176 -0.0648430844231169 0.00822754883894289 -0.190668185027708 -0.0318408306278193 -0.0856501291566512 -0.0856924422423463 -0.0785075857032807 -0.318287529531066 -0.133561849369005 -0.13735997412512 -0.0578290349285284 -9999 -9999 -9999 -9999 -0.208031331632582 -0.248860514721988 -0.0927264534306031 0.0330671653870509 0.0555751250202208 0.0414626028505714 -0.0575659023363216 -9999 -9999 -9999 0.019937124529231
-9999 -9999 -9999 -9999 -9999 -9999 -9999 -9999 -9999 -9999 -9999 -9999 -9999 -9999 0.0238352762545604 0.0705936277535116 0.0835948279637845 0.114186594572067 0.0935458518434905 0.0942819861953395 0.069084072174614 0.022170296737993 0.000506795897062652 -0.0423268313853877 -0.0545076889436332 -0.011637591205551 0.022893852237235 0.0152308067895998 -0.0147577619475039 -0.110732782701299 -0.110287508511625 -0.092394668183032 -0.150082902077759 -0.154120225039572 -0.41764919681088 -9999 -9999 -0.207804414296725 -9999 -9999 0.042515708658672 -0.0108927448232755 -0.08483782358195 0.0445445754392194 -9999 0.00857026545853891 -0.121226461625632 -0.235712432418314 -9999 -9999 -9999
-9999 -9999 -9999 -9999 -9999 -9999 -9999 -9999 -9999 -9999 -9999 -9999 -9999 0.0927188215711227 0.088784240843458 0.0832449467963939 0.10189170567134 0.0784656248143255 0.111152127752925 0.0844414223091541 0.018567436666359 0.059665458004137 0.0719885320546712 0.0656640244727362 -0.00434835443967692 -0.0173905972429199 -0.0323135276284837 -0.0270657974637854 -0.124397219366429 -0.190540543942533 -0.155312306437452 -0.143611027573665 -0.31964100747177 -0.244718282279428 -0.182971778242448 -0.0842078813338622 -0.119325999274499 -0.127721112978433 -9999 -0.0584073627455347 0.100812213574406 0.0165591777079429 -0.0502019466821174 0.0423567733114104 0.0293917427254069 0.0575509440959479 -0.0609555891945251 -0.182161596694342 -9999 -9999 -9999
-9999 -9999 -9999 -9999 -9999 -9999 -9999 -9999 -9999 -9999 -9999 -9999 -9999 0.0576638383907002 0.132297905763318 0.0857363495871331 0.0612887793149994 0.0993501954659691 0.0859288989285117 0.073074556564686 0.00038294837034552 0.00933375961884053 -0.00271868804238975 0.098797879009024 -0.0186663337813841 -0.0160695520215582 0.00867612631835324 -0.0547690881669435 -0.0822045669157271 -0.147001151049381 -0.190342731173854 -0.168853135093655 -0.166833983571054 -0.223756339523795 -0.257776534844439 -9999 -0.027935995860705 -0.0443837104472209 -0.0422517360899793 0.0351015281372094 0.0290189869693876 -0.0415668202640429 -0.0250041433323785 0.0150024050277399 -0.0796789059369995 -0.0223362277780282 -0.0437278496210303 -0.203904333174507 -9999 -9999 -9999
-9999 -9999 -9999 -9999 -9999 -9999 -9999 -9999 -9999 -9999 -9999 -9999 -9999 0.114096035448227 0.125963827620617 0.0795826386126728 0.074296188183782 0.0570086606641183 0.0519292532587779 0.0610952105507458 -0.0778461294715233 -9999 -0.0546417873578136 0.0211033114007889 0.0858323939477735 0.155023652080762 0.0167230641107496 0.00508088285973993 -0.187678603015577 -0.133154752706082 -0.0780267683014835 -0.0252049649234705 -0.140208788986371 -0.107029898502899 -0.131401568506556 -0.087174251511938 -0.0521248121256521 0.0490375532136667 -0.000969192695463502 0.0244727133143598 -0.0302793380547267 -0.104756797584654 -0.0743637967551305 -0.0155991347630033 -0.0271430032589596 -0.0774570585660402 -0.115133442713763 -0.0719628491075015 -0.0734945151565419 0.0451044817727472 -9999
-9999 -9999 -9999 -9999 -9999 -9999 -9999 -9999 -9999 -9999 -9999 -9999 -9999 0.00459732115294488 0.0928245704464652 0.0748903434463251 0.0397288658495322 0.047510723592068 0.175395627560574 -9999 0.159439935467531 0.117998693101309 -0.194360145215667 -0.0761740773857187 0.0431730251033571 0.0401521745786495 -0.00670269763356121 -0.040033427322381 -0.110919569574902 -0.0842407991191421 -9999 -9999 -9999 -0.24338319265659 -9999 -0.0311547855924756 -0.132927552090425 -0.066629239076272 0.00819887648876743 -0.0403064433444882 -0.0301306254765739 -0.0730915031187652 -0.0553378635591355 -0.0922694985972102 0.00359552089735964 0.03719461028333 -0.0590355917034238 -0.0291317467738444 -0.0545333395233998 0.022399356405032 -0.0574814970169191
-9999 -9999 -9999 -9999 -9999 -9999 -9999 -9999 -9999 -9999 -9999 -9999 -9999 0.01215058494721 0.066674720332526 0.0718075271388751 0.0637639467930569 0.103908552824196 0.075412463807616 0.0688577065578694 0.0525649170246222 0.0224924325792051 -0.0987705099888762 -0.115819882645484 0.0995420888465477 0.0497657609715166 0.089745631099745 0.0426527996038222 -0.124541117538674 -0.122207515798633 -0.173517435116054 -0.252614959518784 -0.129142923483053 -9999 -9999 -0.116677865165448 -9999 -0.12345575173193 -0.0450742651322411 -0.076614408864652 -9999 -0.109910418443044 -0.0810742909613669 -0.0382656275692713 -9999 -9999 -9999 -9999 -0.0901275896719749 -0.0466559713422737 0.0104972004043343
-9999 -9999 -9999 -9999 -9999 -9999 -9999 -9999 -9999 -9999 -9999 -9999 -9999 0.0795845144228836 0.0877165450130838 0.0877027125748725 0.102339860990375 0.082153138283956 0.110721859787336 0.0623227697204957 -0.0386997775689856 -0.0822238461658814 -0.118080139833733 -0.103767211433875 0.0840183475231519 0.141793849420318 0.0599513145152121 7.84455679461006e-05 -0.0655577728367269 -0.127635212822311 -9999 -0.0345577863221472 -0.0789067995687801 -9999 -0.274059862535497 -0.132406369921768 -0.219417539766715 -9999 -9999 -9999 -9999 -9999 -9999 -0.0375907820853387 -0.0431462439185819 -0.0633972702759042 -9999 -0.103562371925013 -0.113901662530252 -0.0718299935487014 -0.00339622449288836
-9999 -9999 -9999 -9999 -9999 -9999 -9999 -9999 -9999 -9999 -9999 -9999 -9999 0.0302816560724038 0.0441441164947424 0.0527952107951155 0.0620318532693211 0.120203613611298 0.107440217441444 0.0898274700650692 -0.0606805421029311 -0.070185096794008 -0.0931177440122354 -0.0733641580903525 0.00734446733860281 0.0607477843897564 0.0761116387145921 0.00353712299858785 -0.0143224330500747 -0.0860990272799525 -0.0668383734191476 -0.0556596757874949 -0.11313709702523 -9999 -0.233726524792209 -0.224966453065769 -0.22053533975314 -9999 -0.222106312382459 -0.206720007712598 -0.126026637507914 -9999 -0.112902237243019 -0.0864922878537148 -0.0513968187979402 -0.0799598885528442 -0.166416821857328 -0.205734423426138 -0.165516973876017 -0.148893194103799 -0.0784754092440266
-9999 -9999 -9999 -9999 -9999 -9999 -9999 -9999 -9999 -9999 -9999 -9999 -9999 0.0343523309367417 0.0462981604640578 0.0431957229241965 0.105095371694802 0.126719516364366 0.180279953363164 0.148251900182247 -0.0181943027257255 -0.0752985807246853 -0.107898605942985 -0.100520313224501 -0.109118304880354 -0.0604740054968473 -0.0184971524650894 0.0206978658776986 0.0560981928711505 -0.214569034968366 -0.0525601520145659 -0.0454223631989093 -0.0592355970843679 -0.00215262531167814 -0.177474946754008 -0.141339259382533 -0.125011504180117 -0.136659696221341 -0.198603498419214 -0.18484762186524 -0.254581288767409 -9999 -9999 -0.161852366829199 -0.101125985741133 -0.101635080725974 -0.238338501568196 -0.211285741668438 -0.205963185377793 -0.197507383249079 -0.130735087539827
-9999 -9999 -9999 -9999 -9999 -9999 -9999 -9999 -9999 -9999 -9999 -9999 -9999 -9999 0.0437817421572365 0.0317866551849344 0.04029237340371 -0.00896532976986113 0.0783175266373179 0.169071581658475 -9999 -0.0303355098982687 -0.145269322085722 -0.118403031625 -0.114422127604157 -0.0985849256398762 -0.0404141010423317 -0.0475345921120761 0.00199811138057407 -9999 -0.0771633643345646 -0.00861063019838437 -0.0621394594550652 -0.0482811984079922 -0.0707032062001538 -0.156773641142237 -0.227845092997523 -0.189328066651908 -0.212090670401992 -0.216790365464411 -0.209570847126608 -9999 -9999 -0.170485508158904 -0.216196291651022 -0.123411563830735 -0.256213961860233 -0.221255170833924 -0.202124910917967 -0.195484583068295 -0.221552337519084
-9999 -9999 -9999 -9999 -9999 -9999 -9999 -9999 -9999 -9999 -9999 -9999 -9999 -9999 -0.0907060809631163 0.0306738989167372 -0.0119515444837525 0.000327760828844049 0.0604115495949415 0.104771857049282 0.0817783901060117 -0.195472741429324 -0.0556502582552743 -0.127142281832672 -0.113100578165527 -0.0857388847773405 -0.0506501006013847 -0.0808311375758379 -0.169616633899819 0.00192950702512516 -0.0964733610442619 -0.0195292799793839 -0.069192615767172 0.0273761637144494 0.0254987806469476 -0.0931162555135248 -0.0910675049376041 -9999 -0.245918653889918 -0.295589900885916 -0.360815423266642 -9999 -9999 -0.0909680996726057 -9999 -9999 -0.287906120965701 -0.208607415854272 -0.228467034681993 -0.241640014624836 -9999
