data/rasters/s9.26.09.li.1_xyz_08_.asc
NCOLS 100 
NROWS 100 
XLLCORNER -4 
YLLCORNER -4 
CELLSIZE 0.08 
NODATA_value -9999 
[rows 22 to 43 of 100, columns 49 to 97 of 100]
0.0376515210275174 0.0947420533131176 -0.0953007782882885 -0.0136222425473142 -0.0813208356014622 -0.0857445099414342 -0.112992610063509 -0.0585142775316883 0.0203434298861183 0.0597161937935066 -0.0202666982749282 -0.00823619855874641 -0.173934201367391 -0.100632676319004 -0.0751679763731382 -0.0859512576893262 -0.0450572965652829 -0.0414264970173763 -0.132126055705698 -0.190931883718685 -0.183357816269208 -9999 -0.103481824338962 -0.114923221785899 -0.0686451454429606 -0.13074524677969 -0.19468293794412 -0.243306351275957 -9999 -9999 -9999 -9999 -9999 -9999 -9999 -9999 -9999 -9999 -9999 -9999 -9999 -9999 -9999 -9999 -9999 -9999 -9999 -9999 -9999
0.0526258993869817 0.0454792154563424 0.0453309908701249 -0.0338237938163694 -0.10927857171311 -0.160673965758909 -0.0673898042981072 0.0450507391032496 0.0357913967094512 -0.0419751833761548 0.0410064530243541 -0.034019878733253 -0.0964992160611987 -0.166940946261653 -0.0453598561189107 0.0213056346180903 0.025470434826567 0.0282772826730638 -0.110596815462184 -9999 -0.0506839102552102 -0.155234337729129 -0.120430492669047 -0.0570291673611635 -0.161711554191709 -0.207108260298089 -0.182716367754668 -0.13707025812346 -0.110577267918601 -9999 -9999 -9999 -9999 -9999 -9999 -9999 -9999 -9999 -9999 -9999 -9999 -9999 -9999 -9999 -9999 -9999 -9999 -9999 -9999
0.140719655020333 0.128190964883075 0.0994040564933306 -0.000463895624340597 -9999 -9999 0.039972553687882 -0.000654754599911293 -0.0841128019365328 -0.141187433972895 0.0411317050566551 -0.003743006085481 -0.111296574591732 -0.131475642955891 -0.0393256204084343 0.0598012121970918 -0.0531257502570389 -0.0150425564036667 -0.0706000515412535 -0.193863898390305 -0.0575663513257079 -0.0651261202205704 -0.184499840023932 -9999 -0.130677092000224 -0.1461601724195 -0.10039588808753 -0.0453174988353587 -0.0384409907431793 -9999 -9999 -9999 -9999 -9999 -9999 -9999 -9999 -9999 -9999 -9999 -9999 -9999 -9999 -9999 -9999 -9999 -9999 -9999 -9999
0.151610400932351 0.173610016015834 0.1563894100646 -9999 -9999 -9999 -9999 -0.318318645585462 -0.129673548130443 -0.11084501429473 -0.120479110988343 -0.0506683876407738 -0.149240206567939 -0.0956242124843613 -0.0880009609084461 -0.0617485280150093 -0.0701032183866491 -0.0384888214681941 -0.0899705166604916 -9999 -0.0943326079720102 -0.0560830590869118 -0.186414022028252 -9999 -0.130480014730117 -0.174123838450904 -0.0921542062449947 -0.0144192267722227 -0.0321750045795397 -9999 -9999 -9999 -9999 -9999 -9999 -9999 -9999 -9999 -9999 -9999 -9999 -9999 -9999 -9999 -9999 -9999 -9999 -9999 -9999
0.153311292939847 0.222728540117489 -9999 -9999 -9999 -0.133313649715878 -0.0955094955079183 -9999 -0.174356696559959 -0.299355663468927 -0.240786591896164 -0.203232226048193 -0.197160155391737 -0.0941317494904978 -0.0412426484611662 -0.00273665861872048 -0.0662897743741032 -0.131447663206786 0.0220989052485798 -0.0271660795760706 0.00203775941272126 -0.043930590414289 -0.0877367939722305 -0.0438993397355251 -0.0681431605593326 -0.0872007393065196 -0.0597010400209592 -0.0388600651285623 -0.0197489725522979 -0.0187089801076708 -0.188035178372812 -0.216377327585921 -9999 -9999 -9999 -9999 -9999 -9999 -9999 -9999 -9999 -9999 -9999 -9999 -9999 -9999 -9999 -9999 -9999
0.135998426236104 0.106809636361592 -9999 -9999 -9999 -0.061105230686899 -0.0527441829487506 -9999 -0.227336591665496 -0.239246055802755 -0.238053445433058 -9999 -9999 -0.103581467342283 0.0172525550570022 0.0357038606008307 0.0198686951799745 -0.00405035532792332 -0.0254398223989099 -0.0942592586908239 -0.118659827818261 -0.0866846696555922 -0.0583406121307008 -0.0684201484979749 -0.0687597045227212 -0.11942332860644 -0.0409326335430981 -0.0778844299178207 -0.0739411617821911 -0.0316796530707534 -0.15469116188285 -0.190898822078773 -0.166291734246788 -9999 -9999 -9999 -9999 -9999 -9999 -9999 -9999 -9999 -9999 -9999 -9999 -9999 -9999 -9999 -9999
0.0512064563964275 -9999 -9999 -9999 -9999 -9999 -9999 -0.219425755177198 -0.187120243339806 -0.193952632187951 -0.242408222106798 -0.218528742720391 -9999 -0.0686376980063527 0.045087147268094 0.0497769814466293 -0.039058832878587 -0.0853105022887133 -0.160237819021969 -0.11227084857068 -0.0921208166631024 -0.0360213167106656 -0.109503695202929 -0.117129169999056 -0.054401525804833 -0.12082506634261 -0.109861994314039 -0.133542330769265 -0.102139150880295 -0.109409680031294 -0.0949673250041913 -0.0641777526671002 -0.144093085909581 -0.107706103204336 -9999 -9999 -9999 -9999 -9999 -9999 -9999 -9999 -9999 -9999 -9999 -9999 -9999 -9999 -9999
0.0382682843030944 -0.0914510670950222 -0.00849489395569923 -0.0507934207964397 -0.0423230442716224 -0.121180237346445 -0.0714162594237235 -0.0408559780920673 -0.0625345298217508 -0.193284875239833 -0.309331424135247 -0.278942810065244 -0.255536968625211 -0.162725114619342 -0.221718029582982 -0.210808589117691 -0.0145564091941763 -0.0817292033250821 -0.016230835224704 -0.120945975428491 -0.083950279696996 -0.0700088314617838 -0.0198063581153244 -0.204448812279945 -0.211499906695183 -0.218377728434906 -0.198702886468464 -0.165956433142529 -0.122578074335807 -0.131939374219207 -9999 -0.0980453951498104 -0.182166106623613 -0.186683347506838 -9999 -9999 -9999 -9999 -9999 -9999 -9999 -9999 -9999 -9999 -9999 -9999 -9999 -9999 -9999
0.0360747165166234 -9999 0.00549340587578008 -0.0323287497784952 -0.18853009482348 -0.154317732231504 -0.0835359259259323 -0.0517517298460371 -0.035809076618255 -0.376059049669553 -0.279748703056942 -0.2831359279967 -9999 -0.262022996014597 -0.152820857002815 -0.0472781233180517 -0.0416545436124057 -0.148219327489606 -0.0307791217690246 -0.0276627645431297 -0.124569137100101 -0.106583640753126 -9999 -0.161310091602995 -0.167285611923993 -0.200639890245789 -0.243192600068119 -0.175268434728512 -0.163843201229906 -0.13855798662652 -0.0513402602924934 -0.100122454372076 -0.141678580682633 -0.141836232733121 -9999 -9999 -9999 -9999 -9999 -9999 -9999 -9999 -9999 -9999 -9999 -9999 -9999 -9999 -9999
-0.0683723356305991 -9999 -0.171702658425585 0.132103392995872 0.24360561598196 0.220815663593798 0.30917018004074 -9999 -9999 -0.420635835992416 -9999 -9999 -9999 -0.3095001516696 -0.30183402168567 -0.316038855611495 -0.261068951834508 -0.187497179293765 -0.121718303566997 -0.108469955728288 -0.0757475853378238 -0.0861180276507855 -0.115188096172721 -0.116096638998664 -0.095130010664727 -0.140539172618738 -9999 -0.204690197533591 -0.184534462894785 -0.112346312948922 -0.103178108455393 -0.033426926744308 -0.0857619246365155 -0.18336473728192 -0.0191641331984311 -9999 -9999 -9999 -9999 -9999 -9999 -9999 -9999 -9999 -9999 -9999 -9999 -9999 -9999
0.0900449781428999 0.235644424478898 0.210637472737403 0.11251828849957 0.245302090778234 0.147970990036861 0.209253381947369 -0.0474298935031071 0.0100419469340033 -0.112363904062689 -0.131354440404999 -9999 -9999 -0.246388905617695 -9999 -0.205534188294407 -0.0905620013142064 -0.0900409298254521 -0.0762045180325052 -0.0746097376604947 -9999 -0.00817930836454664 -0.0752738116579095 -0.130467275363154 -0.107675375233699 -0.170753321187069 -9999 -9999 -9999 -0.214740325274992 -0.148604953799726 -0.0759390463423748 -9999 -0.0884787067325924 -0.0353283636033114 -9999 -9999 -9999 -9999 -9999 -9999 -9999 -9999 -9999 -9999 -9999 -9999 -9999 -9999
0.129196870530114 0.123213895040049 0.190200675788666 0.191391999681315 0.195872578506708 0.187710580369218 0.047376627034869 -0.022063367077285 -0.0206871780944611 -0.0775204021462834 -0.119128768364842 -9999 -0.344780776858114 -0.284872000951776 -0.231811058762463 -0.234533685371781 -0.0138150799320197 -0.179700277450064 -0.0156805442675539 -0.0195928699404501 -9999 -0.0295774386519697 -0.0645975256937693 -0.0957176019151126 -0.0291490068040394 -9999 -9999 -9999 -9999 -9999 -0.166833625496642 -0.297390481739299 -0.104966889769633 -0.119396497958274 -0.161367870822085 -9999 -0.174766886295702 -9999 -9999 -9999 -9999 -9999 -9999 -9999 -9999 -9999 -9999 -9999 -9999
0.131380068764108 0.141900315896162 0.1347745884825 0.145687740038529 0.156212446215052 0.116629778518702 -0.0958324615227227 -0.0490354172601742 -0.0745436715710827 -0.118084829077897 -0.364382797004393 -0.267782497685724 -0.249795432096011 -0.20322936521496 -0.224024087231066 -0.445896344221881 -0.0198841437466257 0.0197860290638663 -0.0812378621008115 0.0451073792306176 0.0643157401638424 -0.0627934828058465 -0.024045538841819 -0.0804514896358594 -9999 -9999 -9999 -9999 -9999 -0.150927123711592 -0.163625222861046 -0.118116515801641 -0.0975930597413579 -0.218109977668299 -0.174157862550464 -0.135699570073205 -0.155054223878556 -9999 -9999 -9999 -9999 -9999 -9999 -9999 -9999 -9999 -9999 -9999 -9999
0.146941136903212 0.103181585884104 0.128573126317823 0.150742121624791 -9999 -0.206387158037894 -0.161053469595748 -0.0236189193343738 -0.0251813859981523 -0.0464940906192248 -0.141032995543616 -0.140772993915068 -0.213616750428244 -0.173946784477342 -0.26799507161625 -0.220074106795441 -0.0592918433219358 0.0182916676314274 -0.0902008989539232 0.103408700050079 0.0975713950729632 -0.137236808941421 -0.128130611896457 0.0015188745810553 -9999 -9999 -9999 -0.109788639650569 -0.202266763809214 -9999 -0.189585051201719 -0.207266459460843 -0.159486477492439 -0.244874273427062 -0.0785200667893915 -0.127095378731141 -0.140387195060173 -9999 -9999 -9999 -9999 -9999 -9999 -9999 -9999 -9999 -9999 -9999 -9999
0.119783890893041 0.0949428257141219 0.112164938483043 0.0616213111710046 -0.0401206717036093 -0.0257841971832787 -9999 -0.0493496341942853 -0.125870455212375 -0.00872413724434548 -0.114114671181783 -0.0684651411212211 -0.153959647437849 -0.247499465365072 -0.306524357416785 -0.292734198617815 -0.08891622578005 -9999 -0.0269513963943346 0.278082885906113 0.261510441704358 0.0428055310443343 0.0665932180853052 -9999 -9999 -9999 -0.135869336837405 -0.0569504484625521 -0.165934792076928 -0.149450960153588 -0.181180895267046 -0.226907365776018 -0.212084277795226 -0.187407239758001 -0.106893960578607 -0.208478889481779 -0.144264766549836 -9999 -9999 -9999 -9999 -9999 -9999 -9999 -9999 -9999 -9999 -9999 -9999
-0.101477831041179 0.197335477597178 0.156493078568364 0.00643059377091766 -0.127930622517614 0.012347570750823 -0.0202811488741817 -0.109377546771737 -0.257549069336924 -0.36496648955341 -0.0486927042181487 -0.0477838245567926 -0.0312155179364098 -0.0716628731953084 -0.329451490630509 -0.283383146322872 -0.154236111087287 -0.109148219616174 -0.041086629531878 0.0256062544988934 0.0536408662339293 0.0509914353133223 -0.0327192087120499 -9999 0.00433145885541928 -0.0176475697808752 -0.0612544899524362 -0.215215054113115 -0.178343542573882 -0.13366338235132 -0.125795840935194 -0.1334844302129 -0.181108270551525 -0.129289804752723 -0.163230495049699 -0.16969413097791 -0.181792583355683 -0.0846882335326743 -9999 -9999 -9999 -9999 -9999 -9999 -9999 -9999 -9999 -9999 -9999
0.139208115376662 0.209467668545015 0.0485814218779405 -0.0374362015783462 0.0175333967592147 0.125616804050611 0.0790053978582943 -0.248765800811707 -0.241925663912111 -0.159362640872248 -0.0666705228098087 -0.0701755835772165 -0.116843713450709 -0.212323806026676 -0.26477100512897 -0.281975565457915 -0.129623820285256 -0.106103998492655 -7.59886561789576e-05 0.0436940561397044 -0.024431236354774 -0.00672538625949619 0.0024842866226879 -0.0735866177026167 0.0185848833785195 0.0113523436682502 -0.00567821635691091 -0.0809862783328261 -0.057932612522267 -0.0852028166080479 -0.118612734824949 -0.232817093882153 -0.165093066988447 -0.106628968447496 -0.0790984991473921 -0.127742341196667 -0.0620323602197804 0.00478579235661439 -9999 -9999 -9999 -9999 -9999 -9999 -9999 -9999 -9999 -9999 -9999
0.115920943379298 -0.0222298225854526 0.118117459295276 -0.00846476232510264 -0.0151313619412763 -9999 -9999 -9999 -0.234159434919338 -0.106830275480656 -0.0446263041548345 -0.104689378852435 -0.153355586753195 -0.161347062540208 -0.126900710870826 -0.186810964003763 -0.217774508832789 -0.0399308563122009 -0.0407725825803262 -0.0655317202445969 -0.00466676080238439 0.0200860714058618 0.0731918047220438 0.0316950678028809 -0.00524791706725665 -0.00310370169952984 0.0614216813008977 0.0271350713942885 -0.034736712106003 -0.18710314944882 0.0292380940162012 0.0121606781102557 -0.146368388409401 -0.078726614526493 -0.160684087779725 -0.041994650875599 -0.0520540496339354 -0.0124882330876276 0.0382064894320083 -9999 -9999 -9999 -9999 -9999 -9999 -9999 -9999 -9999 -9999
0.08923530355736 -9999 -0.304414088778733 -9999 -0.120828912114048 -0.125159693654204 -0.119258421937522 -0.197216088447289 -0.189000498958248 -0.0865261313955209 -0.0475720265154644 -9999 -0.225957329173794 -0.200049614849798 -0.145172500942176 -0.127567668001308 -0.167131785110687 -0.039798588246682 -0.0104393255405638 -0.0455303095689355 0.0202709188491064 0.0551613774519359 0.104663034423261 0.0593548964163862 0.04300044884848 0.0144766689251976 0.0750481692793293 0.000179098968009989 -0.0801015325425862 -9999 0.0381776783623935 -0.0790691042533239 -0.139030295130964 -0.133272449005137 -0.128061616179545 -0.0704964857573642 -0.0894804734543135 0.0226264771481964 -9999 -9999 -9999 -9999 -9999 -9999 -9999 -9999 -9999 -9999 -9999
0.082071307344369 -9999 -9999 -9999 -9999 -0.0736880878645593 -9999 -0.268239361900809 0.0138493410121099 -0.0337540072805297 -0.0997608416886418 -0.0874597419429824 -0.13449370198387 -0.201362930359398 -0.225553442531379 -0.162060209437609 -0.356718461548524 -0.369029173601477 -0.0318130027445625 -0.0742671257487595 0.028184875686632 0.0952080351195927 0.115969080907307 0.0500187726238974 0.101404070537081 0.0593135695315664 0.0919831786424379 0.0513245099205387 -0.0196409827017476 -9999 -9999 -9999 -0.0982427304806086 -0.135099581934321 -0.150125471606408 -0.133365833309724 -0.127555146147108 0.0817408420585553 0.110104530121716 -9999 -9999 -9999 -9999 -9999 -9999 -9999 -9999 -9999 -9999
-9999 -9999 -0.142446202881609 -0.161229543799132 -9999 -0.219160668927559 -9999 -9999 0.0130790074140027 -0.0413117709011097 -0.141964534455626 -0.138368273780311 -0.273959132214675 -0.111657493928712 -0.0933196303063734 -0.055873993665752 -9999 -9999 -9999 -9999 0.0868160382290266 -0.0144578090602148 0.0155799206239662 -0.0129956177226692 0.060667101502046 0.105857057455622 0.0367218443680058 -0.00767409754376652 -0.0430535561398253 -0.0274509126628916 -0.0416361710107767 -9999 -9999 -0.155733608477165 -0.199219030743715 0.0790459979860123 0.0376280429682534 0.137388914517849 0.0453274032418996 -9999 -9999 -9999 -9999 -9999 -9999 -9999 -9999 -9999 -9999
-0.0154619528116239 -0.14440760041034 -0.134770895105101 -0.147396243975553 -0.208899893119607 -0.253301187741806 -0.229947368321344 -0.228833466100193 -9999 -9999 -0.0408661157930789 -0.100477452108968 -0.210829957548616 -0.0608864624851943 -0.0611818191083816 -0.0871453786290563 -0.191747222158098 -9999 0.0170486186113811 -0.0507559516415259 -0.0990785139492092 -0.0450746042272353 -0.0964407955288997 -0.0131665124130264 0.107832256162994 0.0960460983199379 0.0399034042137879 0.0495868085131146 -9999 -0.112988677028754 -0.157699422392635 -0.136385200027977 -0.197300611669248 -0.106468768512927 -0.15138518349981 0.109416573937841 0.0496634526073027 -9999 0.106434982950402 0.184812422363788 -9999 -9999 -9999 -9999 -9999 -9999 -9999 -9999 -9999
