data/rasters/s9.26.09.li.1_xyz_08_.asc
NCOLS 100 
NROWS 100 
XLLCORNER -4 
YLLCORNER -4 
CELLSIZE 0.08 
NODATA_value -9999 
[rows 22 to 43 of 100, columns 0 to 48 of 100]
-9999 -9999 -9999 -9999 -9999 -9999 -9999 -9999 -9999 -9999 -9999 -9999 -9999 -9999 -9999 -9999 -9999 -9999 -9999 -9999 -9999 -9999 -9999 -0.111788385254291 -9999 -0.217859285216382 -0.140528143395916 0.0139022234491571 0.0264162895429174 -0.048181020623412 0.0313933006048274 0.0979513977919955 0.0422886163141743 0.0480777191283301 0.0452435863838526 0.0994379633338689 0.11112998965061 0.0942545648130645 0.107776579362709 -9999 -0.0363571039086331 0.0415255825598163 0.1225094174897 0.0898987844056791 0.101586962050838 0.147982914322071 0.125882064883142 0.199312122044514 -0.0332212381716149
-9999 -9999 -9999 -9999 -9999 -9999 -9999 -9999 -9999 -9999 -9999 -9999 -9999 -9999 -9999 -9999 -9999 -9999 -9999 -9999 -9999 -9999 -0.0586746700472473 -0.0946075415975711 -0.151651240061908 -0.191203498105336 -0.1495812352339 -0.0551727278465632 -0.0614177602073212 0.044388449495864 0.011137797263601 0.146239055054461 0.0492832610903823 0.0355077580035065 0.0939731993059286 0.113973652795465 0.0631979649723643 0.107105497669249 -9999 -9999 -9999 -0.0541415835046724 0.0781765524390243 0.134418655806285 0.136704642290013 0.1358683579029 -9999 0.262841471660656 0.0409559230875903
-9999 -9999 -9999 -9999 -9999 -9999 -9999 -9999 -9999 -9999 -9999 -9999 -9999 -9999 -9999 -9999 -9999 -9999 -9999 -9999 -9999 -0.0627555008949959 -9999 -9999 -9999 -0.22089095221546 0.000815408924030493 -0.00215515101888748 -0.061806362526792 -0.0257738373249964 -0.0169784711576628 0.142930409860799 -0.0458895379294457 0.0350468578777239 0.120892063213721 0.132851451932444 0.0657139921602071 -0.0283906560766683 -0.00376782977351803 -0.0269410631741385 -0.128465079210382 -0.0846038659692814 0.130452783878262 0.125190105836316 0.106257149613365 0.120001961065694 0.13061615176743 0.270660516995414 0.272722932319255
-9999 -9999 -9999 -9999 -9999 -9999 -9999 -9999 -9999 -9999 -9999 -9999 -9999 -9999 -9999 -9999 -9999 -9999 -9999 0.0113452361944514 0.0357293106604307 -9999 -9999 -9999 -9999 -9999 -9999 -0.0679148021467352 0.0687798381044855 -0.0999236245542143 -0.0994950379599142 0.00661497145106658 -0.0516661404188867 -0.0311058387994762 -0.0403367793594573 0.111258128471742 0.0958924399895738 -0.0513093767353094 -0.0835023559154447 -0.0640509328787728 -0.0654879931115302 -0.0620920738777579 0.0980427488352186 0.188408383386306 0.113665594952822 0.218863913963227 -9999 0.288774119770215 0.228574217598966
-9999 -9999 -9999 -9999 -9999 -9999 -9999 -9999 -9999 -9999 -9999 -9999 -9999 -9999 -9999 -9999 -9999 -9999 -9999 0.036669263980569 0.0285007388059402 0.067590285552587 -9999 -9999 -9999 -9999 -0.0915032177566586 -0.0916855284000796 0.0531202840257333 -0.0531880878018251 -0.0997209342368606 0.0371788563364072 -0.0187345241460727 0.0147818960294006 0.132679531241575 0.155855363242591 0.0363453693945836 0.00260674448200583 -0.0240831765493433 -0.0884655955803785 -0.0818350240076698 -0.0794466879813503 0.0624511577590011 0.0511074305888822 0.108855862874461 0.179554528702664 -9999 0.189197689692008 0.124857605064968
-9999 -9999 -9999 -9999 -9999 -9999 -9999 -9999 -9999 -9999 -9999 -9999 -9999 -9999 -9999 -9999 -9999 -9999 -0.0637609703665711 -0.075793480915734 0.080352759176403 0.114494300583507 0.127001114452126 -9999 0.135376271491082 -9999 -9999 -0.0783138485592651 0.0261582650051456 0.00506263191710783 -0.206323596261653 -0.0522797236595337 0.0561283861397876 0.0135318362428781 0.033457708352278 0.122725410896984 -9999 0.0790663295591018 0.102637707526463 0.0838687502609268 0.093416652521009 0.0431394244148422 0.0498222959503607 0.0381926870085449 0.0944899829475352 0.134977831279506 0.0832467242989236 0.118499361089192 0.110510941815662
-9999 -9999 -9999 -9999 -9999 -9999 -9999 -9999 -9999 -9999 -9999 -9999 -9999 -9999 -9999 -9999 -9999 0.0956070360252663 0.0656446141816151 0.00214546298727408 0.0891231520168457 0.0961639649377152 0.0965634322911113 0.151392166542927 0.130826645452634 -0.057869665271181 -0.00200554798217516 -0.440790583165268 -0.00342687975604523 -0.00912533639152576 0.00476635400769502 -0.0904445659375278 -9999 0.0488651426874986 0.00824469656685602 -0.00666686922035042 -9999 0.17183868045033 0.0720332674986374 0.235240484231165 0.167589306298016 0.0964868331219595 0.0639055885120038 0.166864426345299 0.213024975883962 0.141207871361324 0.0516550260716052 -9999 0.0855053487129794
-9999 -9999 -9999 -9999 -9999 -9999 -9999 -9999 -9999 -9999 -9999 -9999 -9999 -9999 -9999 -9999 -9999 0.00578312808727483 -0.0706613740355678 -0.0143105773135269 0.0140476536565482 0.0445883079241205 -9999 -0.0933614356262019 0.0352499089408096 0.0676279295742923 -0.004965487500763 -0.162020918805378 -0.0623276214473553 -0.00578384151333591 0.0072017208784876 -0.0554734408863752 -9999 0.0616471058326262 -0.0294184229405416 -0.0812315160670169 -9999 0.259459708072984 0.209524187419841 0.213227919394234 0.227075831611432 0.228961895473653 0.20434912220038 0.106668692234653 0.115213048156456 0.15319559004717 0.0141790505857378 -0.0482865675719678 -0.055161544355697
-9999 -9999 -9999 -9999 -9999 -9999 -9999 -9999 -9999 -9999 -9999 -9999 -9999 -9999 -9999 -9999 -9999 -0.185550536225479 -0.231174966199193 -0.0783104422740516 -0.0697313651719667 -0.0536771283264994 -0.149833082279766 -0.0127220908195504 0.00222399248528398 -0.0311989532363528 -0.0278661039655033 -0.0643069296446616 -0.0225943441216591 -0.079632406472235 0.0443844667911491 -0.000337925644210187 -9999 0.0746670287696937 -0.00341709909811139 -0.112954515610082 -9999 -0.0290568219550128 0.00139802647993841 0.183931608623282 0.0599931402101989 0.287121896090107 0.250278237208523 0.114638232974976 0.0411135508019339 -0.0801665504065492 -0.0120964565470762 0.0151729840253526 -0.0462639564194896
-9999 -9999 -9999 -9999 -9999 -9999 -9999 -9999 -9999 -9999 -9999 -9999 -9999 -9999 -9999 -9999 0.058176946026769 -0.175131725145336 -0.139191535138804 -0.114843554377402 -0.294323734184453 -9999 -9999 -0.0929705803072084 -0.131840568946533 -0.122386234174229 -0.117217345026207 -9999 -0.169819887335625 -0.0225179496252202 -0.0235006751751197 -0.0776367696217218 0.0582207566473961 0.0597915077171152 0.0919828287726742 -9999 -9999 -0.0150422424563431 0.0349157966841106 0.114773953244522 0.0922468386271671 0.139381863033762 0.147042472549314 0.0573895609053389 0.0583448791263107 -0.0258141375909603 0.0039611741567673 -0.0606461926841433 -0.0502164579180919
-9999 -9999 -9999 -9999 -9999 -9999 -9999 -9999 -9999 -9999 -9999 -9999 -9999 -9999 -9999 -9999 -9999 -9999 -0.186411235965625 -0.176879126944136 -0.283995282929067 -0.107606801158732 -0.0854202109008756 -0.0684232304925058 -0.0882922447192575 -0.0270377863888743 -9999 -9999 -0.102651564147976 0.00736350091779521 0.0260315048673074 0.0467012832252147 0.0208663050536181 0.0136632597292227 0.0283582859375202 -9999 -0.090887910089363 -0.00730527336105212 -0.0308792475675599 0.0579660319887247 0.0822482576329801 0.117386217993102 0.114136071795387 0.0992606637859087 0.0555516422894922 -0.0255224178250788 -0.0115887647612118 -0.140714390843609 -0.0418721778908187
-9999 -9999 -9999 -9999 -9999 -9999 -9999 -9999 -9999 -9999 -9999 -9999 -9999 -9999 -9999 -0.172892054907252 0.0276875276032758 -9999 -0.112120717735373 -0.139516692757668 -0.234575268145791 -0.0352452018363596 0.0187405072145088 -0.129137306288077 -0.136197676227464 -9999 -0.219902739178378 -0.146392032642298 -0.185157223821146 -0.14946951959719 -0.037922665197422 0.0242962348760883 -0.0453786108756642 0.0358684227224534 -0.057149408895854 0.0552549609230405 -0.0494843575542696 -0.0553223320367265 -0.060984272845566 -9999 0.104214513549669 0.108600927842848 0.0188341956177766 0.0433205342777733 0.0386387306886568 0.0249584067721428 -0.0160052966512925 -0.0223148015228369 0.0699106647875802
-9999 -9999 -9999 -9999 -9999 -9999 -9999 -9999 -9999 -9999 -9999 -9999 -9999 -9999 0.0890526557361973 -0.0362757154624482 0.0286589611520212 -9999 -0.0883831514009161 -0.00124044201911695 -0.204222436626631 -0.0967816774963553 -0.1019875837426 -0.122503744919598 -0.132550337448651 -9999 -0.180296778687355 -0.0599535800876709 -0.112949846810623 -0.0128175853375223 -0.00445918223445041 -0.00392686847816584 -0.0463533902826253 0.00375587236232973 -0.061520114519945 -9999 -0.0764578734737673 0.0554448509828108 0.0562943832009746 -9999 0.16533567963921 0.123994850202676 0.0724845569209857 0.0981515119606782 0.0841035029200214 0.0782728807811393 -9999 -9999 0.0610350039460603
-9999 -9999 -9999 -9999 -9999 -9999 -9999 -9999 -9999 -9999 -9999 -9999 -9999 -9999 0.0447937314286686 0.0144470542216083 0.0405528284574336 -9999 0.0992780459467241 0.0968977673666838 0.310226969191479 0.348124278068242 -0.193812475326961 -9999 -9999 -9999 -0.0770873964555909 -0.0423256028300084 -0.0217296986950997 0.00656366873770666 0.000710667098723622 0.0308318087207691 -0.0932003056188818 -9999 -0.17827811781024 0.017220059651393 -0.0588828578675381 0.0733158256924214 -0.0253941902443636 -0.125553613574672 -9999 0.0810280347685525 -9999 0.111203814714113 0.12266604678342 0.100809636427739 -9999 0.030869339526067 0.0603143835090146
-9999 -9999 -9999 -9999 -9999 -9999 -9999 -9999 -9999 -9999 -9999 -9999 -9999 -9999 0.0565792003746089 0.0197825471600765 0.00544750403966251 0.0413208186990683 0.152657373338492 0.203877548640479 0.257023266009511 -0.0742949642867339 -0.178168597725942 -9999 -9999 -0.195023778437376 -0.128727914307748 -0.0877427890788256 -0.0796270946236139 -0.0159657544229956 -9999 0.00838252201438202 -0.0112274381434029 0.0348524839521237 -9999 0.0661684893488116 0.0042671142485272 0.0307319147766718 -0.0221439544076946 -0.012434694815883 -9999 -9999 0.00113193903793032 0.00603364051789721 0.0634337900895715 0.13827199360551 -0.0281225375945568 -0.0151002104449719 0.135674043382583
-9999 -9999 -9999 -9999 -9999 -9999 -9999 -9999 -9999 -9999 -9999 -9999 -9999 0.0273794831404438 0.0275689604825108 0.0362620163029067 0.0211314130556774 0.0968165152655345 0.168489842513748 0.180970623704282 0.0940975003552185 -0.302026291399974 -9999 -9999 0.0883915640716785 -0.184247460870586 -0.145213019873777 -0.115779111268662 -0.258705533332165 -9999 -9999 0.00628915672298623 0.0666458816208456 0.0395593938307318 -0.0629845841269325 -0.0580377583062461 0.0150803737957595 0.0715520224244846 0.101490003689896 0.050750734451095 -9999 0.00567332012433926 0.0117020860041145 -0.0793861583611993 -9999 -0.0568836551113033 0.0229593703228858 0.0373090135897742 0.14792755091098
-9999 -9999 -9999 -9999 -9999 -9999 -9999 -9999 -9999 -9999 -9999 -9999 -9999 0.0390758712540003 -0.0187402623437749 0.0822801861749449 0.0834367551181649 0.136638061568164 0.108400116569236 0.0372341204042998 -0.144397642609342 -0.305060425470807 -9999 -0.00592791605174978 0.0711758411063709 -0.0968716244272966 -0.0444395783305372 -0.155160931994065 -0.269518916810704 -9999 -9999 -0.000757289853871497 0.0436480061409901 0.0270045931100968 -0.00244826730416184 -0.179428597718034 -0.0303568644083833 -0.0393685926009543 -0.106505585613785 -0.0788126702312805 -0.0743408561880927 -9999 -9999 -9999 -0.106952037299803 0.0195644165256582 -0.0175485504166514 0.0268469205706819 0.0781191073173931
-9999 -9999 -9999 -9999 -9999 -9999 -9999 -9999 -9999 -9999 -9999 -9999 0.0600421758899961 0.000935122617759652 0.133954708153487 0.0285494009245468 0.0998874313334867 0.0902539816231992 0.0295082660582749 -0.0503623626813372 -0.173125542658336 -0.190557670639737 -0.278149374075132 -0.0567983648049435 -0.0971791113264666 -0.149757298894273 -0.0878015760484473 -0.19221658938774 -0.156889039141699 -9999 -0.0206461405032596 0.0257063501022252 0.0457234334929208 0.0534262839787265 0.0273981178965646 -0.0220749271906898 0.0149373893445659 0.00404632339582547 -0.0782593391995403 -0.0760693030014869 -0.0827868296472458 -0.0785351772782576 -0.00977764596091514 -0.00858996888237107 -0.0122728812036298 0.0479487330589131 0.0312707444482986 0.0207441735027724 0.0436439234617174
-9999 -9999 -9999 -9999 -9999 -9999 -9999 -9999 -9999 -9999 -9999 -9999 0.0107576004360959 0.0469196424090309 0.038683203598524 0.105381925022649 0.0857888212059716 0.000399964126887517 0.0259424359576777 -9999 -0.217563854058366 -0.203347686480832 -9999 -0.0574248040810168 -0.0480670369087821 -9999 -9999 -0.155474090108801 -9999 -9999 -9999 0.0379939247711737 -0.00913829452984983 -0.0118440849781477 -0.0513349721479453 0.0600830544067973 0.0563802864156205 0.0829278015611761 -0.0372466948961367 -0.0665470905063796 0.0155173478675274 -0.0339016070964345 -0.0438003215496162 -0.0671521287961299 -0.0718955586425138 0.0950866817657338 0.0629256131174637 0.0271903745380384 -9999
-9999 -9999 -9999 -9999 -9999 -9999 -9999 -9999 -9999 -9999 -9999 -9999 0.016245273107844 0.051211942423076 0.0712911429671165 0.0451475928681771 0.00649624908918608 0.0101576269880263 -0.110992958042248 -0.184601732946235 -0.174015830133722 -0.0449958582886399 -0.0498306668729877 -0.0236228428534477 0.0522913112526712 0.0379073242235743 -0.00427167849981356 -0.0245837119287451 0.166770828104871 0.174894762423911 0.200561776634409 0.134215897254158 0.0874315733979251 0.0829937742433478 -9999 -0.149017331226301 0.077363806984264 0.0626303671447289 -0.0392382996584639 0.0041012088537585 0.0143680416231224 0.0460490380099085 -0.00577887972084501 -9999 -9999 0.0779561595374169 0.0570378582548684 0.0131777077976508 -9999
-9999 -9999 -9999 -9999 -9999 -9999 -9999 -9999 -9999 -9999 -9999 -9999 -9999 0.0708251481858294 0.0939080231005786 0.0876490093830871 0.0594540053277801 0.0462614903487163 -0.0172621167314225 -0.320357422677924 -0.330908205680681 -0.205920789603204 -0.140891430843795 0.0243486023506298 0.06909434053526 0.0654967628573372 0.105971962638173 0.0389488946961979 0.197166286415702 0.220429741137961 0.181960757459438 0.246994125407091 0.0599314884805416 -9999 -9999 -9999 -9999 0.073721986762355 -0.0981435766979797 -0.0465604557381051 -0.0693963333591952 -0.236442028990198 -9999 -0.0518220369737714 -9999 -9999 0.089230565328748 0.110129095321057 -9999
-9999 -9999 -9999 -9999 -9999 -9999 -9999 -9999 -9999 -9999 -9999 -9999 0.0205965938580993 0.0350701186542826 0.0427656718843828 0.13675418060323 0.0216501663004537 0.0224623873555985 0.0404421949207579 -0.251615165139094 -0.324611401687333 -0.309478270935625 -9999 0.0213573458763033 0.0648991371061164 0.124202174802154 0.0433165899340152 0.0657620227197723 0.221781413744045 0.0871292086765277 -9999 0.219803756614104 0.0910878353010487 -9999 -9999 -9999 -9999 -9999 -0.0654964329352599 -0.0417809010050034 -0.0712330994468796 -0.145785246507119 -0.0511671216601805 -0.0633325679528256 -0.0896455706325066 -0.0993441281511311 -0.0376707325368891 -0.0392480501337138 -0.0046045269868509
