data/rasters/s9.26.09.li.3_xyz_08_.asc
NCOLS 100 
NROWS 100 
XLLCORNER -4 
YLLCORNER -4 
CELLSIZE 0.08 
NODATA_value -9999 
[rows 22 to 43 of 100, columns 0 to 50 of 100]
-9999 -9999 -9999 -9999 -9999 -9999 -9999 -9999 -9999 -9999 -9999 -9999 -9999 -9999 -9999 -9999 -9999 -9999 -9999 -9999 -9999 -9999 -9999 -0.0519645130004265 0.0363926040027526 0.0392666536047036 0.109113625760228 0.150763589803859 -9999 -9999 0.0256943368763836 0.00568583460590314 -9999 0.0446645630067426 7.42684462335011e-05 0.150036265854713 0.0183496035826073 0.325454053717244 0.354080208866832 0.310669808283509 0.337050643195649 0.273743948516527 -9999 0.109843915867523 0.147637792974827 0.194544568104197 0.150983651347449 0.0395974107490871 -0.207504411545501 -0.303735171905766 -0.316593687083036
-9999 -9999 -9999 -9999 -9999 -9999 -9999 -9999 -9999 -9999 -9999 -9999 -9999 -9999 -9999 -9999 -9999 -9999 -9999 -9999 -9999 -9999 -9999 -0.0393253107376567 0.110835853286378 0.15095915842957 0.0839657712126518 0.167229072140729 0.264214220024064 0.0271868726295145 0.0154324218700862 0.0149577916670838 -9999 -9999 -0.218273302671528 0.0656992430634461 0.0275621337808273 0.0390719467338745 -9999 0.312025175562211 0.311251078301783 0.315079610598687 0.367655821589908 0.166286906091476 0.169786608410179 0.205190869786901 -0.120816261769762 -0.0921899291410391 -0.12138211599971 -0.353169050026582 -0.332423412290502
-9999 -9999 -9999 -9999 -9999 -9999 -9999 -9999 -9999 -9999 -9999 -9999 -9999 -9999 -9999 -9999 -9999 -9999 -9999 -9999 -9999 -9999 0.193685424982078 0.141626666537438 0.111206511739771 0.18089290216384 0.0778708758558524 0.180703483932039 0.224008011076508 0.0232471147364489 0.0241646664831 -0.0177707283307335 0.0362225124026272 0.015030748023092 -9999 -0.0474655100951729 -0.00505468337240057 0.0249246352708031 0.0978764148309093 0.404623198794639 0.278203814069504 -9999 -9999 -9999 0.0645763794727426 -0.00485900338853567 0.0269009766292469 -0.0954079241881105 -0.212469204080739 -0.350130799043852 -0.365022098699767
-9999 -9999 -9999 -9999 -9999 -9999 -9999 -9999 -9999 -9999 -9999 -9999 -9999 -9999 -9999 -9999 -9999 -9999 -9999 -9999 -9999 -9999 -9999 0.098078788623326 0.0735501556347838 0.193082834927087 0.193672413765192 0.149319145742162 0.121822085894787 0.0694596159895958 0.013643633371632 -0.0593031156856814 -0.0417144691182967 -0.0524471519084862 -0.061695798603069 -0.103718371163214 -0.0411763505739401 0.138518988821507 0.0960134271611092 -9999 -9999 -9999 -9999 0.0327286359335459 0.00625114484999272 0.128987578118644 -0.0224872272267194 -0.0772150326575304 -0.183449687377556 -0.273438436861869 -0.378645822249172
-9999 -9999 -9999 -9999 -9999 -9999 -9999 -9999 -9999 -9999 -9999 -9999 -9999 -9999 -9999 -9999 -9999 -9999 -9999 0.273604957924246 0.333667566703313 -9999 -9999 -9999 0.247773013661296 0.23828623555858 0.140414239817794 0.151509348420961 0.116890226015766 0.125490090521728 0.0185005412995261 -0.0822547173935697 -0.00601185005606808 -0.0865473465109963 -0.114249834334976 -0.0929083075012026 0.00731263261138525 0.105216509949949 -9999 -9999 -0.0453868193880044 -9999 -9999 -9999 -9999 -9999 -0.0726544627112078 -0.124724226369316 -0.139470943428024 -0.26471125832726 -0.347493005879461
-9999 -9999 -9999 -9999 -9999 -9999 -9999 -9999 -9999 -9999 -9999 -9999 -9999 -9999 -9999 -9999 -9999 -9999 0.308061038351953 0.277092460240055 0.251418378177512 0.267901867181666 0.293022534630644 0.262078923382572 0.232215754126098 0.308137913522197 0.18790887339516 0.103550341719616 0.0748066545954984 0.0972312436313557 0.0615250225324172 0.0222175454681233 0.0625084838168174 -0.114047589068274 -0.148747601501134 -0.0589211004514795 0.126684198054118 0.0704995835187924 -9999 0.0110532537774062 -0.00060531428432096 -0.0666872632419322 -0.006968468558065 -0.106503292853715 -9999 -0.0915850875834515 -0.0470064808149084 -0.149057232010509 -0.170770955243009 -0.317711411341433 -0.227108625930562
-9999 -9999 -9999 -9999 -9999 -9999 -9999 -9999 -9999 -9999 -9999 -9999 -9999 -9999 -9999 -9999 -9999 0.160558148452542 0.234817758475217 0.241573568824321 0.265718436488174 0.25760956794095 0.261655558590315 0.221238119075564 0.226034167202314 0.273832318953937 -9999 0.105366577893599 0.0547226228354338 0.018027189453077 0.0418150026571685 0.0323400080407617 0.0419176230041091 0.031121357545147 -9999 -9999 -9999 -9999 -0.110734840274837 -0.0782870661259678 -0.0606542797550773 -0.0501257089107821 -0.0500021099158009 -0.0997927017237228 -9999 -0.0925074486176081 -0.114698090290205 -0.151775829929634 -0.150740739567504 -0.154945553778256 -0.231319790459329
-9999 -9999 -9999 -9999 -9999 -9999 -9999 -9999 -9999 -9999 -9999 -9999 -9999 -9999 -9999 -9999 -9999 -9999 0.226284434445714 0.232173460833174 0.268504102432114 0.294422702955331 0.194911041730502 0.225905272860398 0.282271227264163 -9999 -9999 -9999 -9999 -0.0296667294066725 0.0725771756364166 -0.0161992510235121 0.00622653948333476 -0.00281544860388835 -9999 -9999 -9999 0.0455234340221031 0.0221224630790855 0.0430991783602798 -9999 -9999 -0.0634271235794722 -0.000895728741569147 0.132274803992514 -0.0511955476258906 -0.125367639849523 -9999 -0.159452056000591 -0.153740580170191 -0.162509588098215
-9999 -9999 -9999 -9999 -9999 -9999 -9999 -9999 -9999 -9999 -9999 -9999 -9999 -9999 -9999 -9999 -9999 -9999 0.245174948356575 0.228459188859762 0.257519812492284 0.335583231323064 0.234589328166592 0.251553731541177 0.272228337086494 0.237264778342704 -9999 -9999 0.0621042078011284 0.0962068434516468 0.0532246975115403 0.0577780784978188 0.0119604844449937 0.066547471229792 0.141336892645318 -9999 -9999 0.0275668738276463 0.0228316372636988 0.0414074491631761 0.0601466975689692 0.0645621480844812 0.0684033200796715 0.00482321602199968 0.00263552023388292 0.00717308784145222 -9999 -0.0764440242618485 0.0347760854733037 -9999 -0.175900949442595
-9999 -9999 -9999 -9999 -9999 -9999 -9999 -9999 -9999 -9999 -9999 -9999 -9999 -9999 -9999 0.253789248936942 0.27931582569079 -9999 0.269726217874558 0.199815876216704 0.217812879913184 -9999 0.205389505518862 0.263492359085355 0.238463038958647 0.263474486674569 0.323563919191874 0.304816113772181 0.0784962461186126 0.130246683699488 0.0873352343230289 -0.00147114160199745 0.0622126299504819 0.060282523753321 0.0278699431821439 0.0118154216249756 -9999 -9999 -9999 -9999 0.127528315422755 0.126950962007769 0.137828867610853 0.0554425231406654 -0.0326125510088892 -0.0731708793410021 -0.0941592892138743 -0.00851150008392398 -0.0539926408882678 0.00654254195480982 -0.0157597613759896
-9999 -9999 -9999 -9999 -9999 -9999 -9999 -9999 -9999 -9999 -9999 -9999 -9999 -9999 -9999 0.217046242209711 0.229869490287301 0.303085739754092 -9999 -9999 -9999 0.301507162521051 0.351480270824428 0.334816853972299 0.210302469069183 0.300607709730948 0.235755589511926 0.28775395222312 0.113349192696555 0.142931160917215 0.144647692714983 0.0651125947862115 -0.0143001291659493 0.131960100143325 -0.0463360539733109 0.033107269324594 0.0770755753881966 0.0698526503895371 -9999 0.151834811939516 0.0813042003992797 0.123026308899745 0.184883640497019 0.16057010997155 0.0714297540366514 0.0331804352024421 -0.0170758080210122 0.0121246573305452 -0.00599022339912228 -9999 -0.151863605355767
-9999 -9999 -9999 -9999 -9999 -9999 -9999 -9999 -9999 -9999 -9999 -9999 -9999 -9999 -9999 -9999 0.218788958204548 0.213436359628285 0.223725238581499 0.199521083254794 -9999 0.288682134499225 0.338199417271806 0.284223275520197 0.322363133626517 0.35963681394495 0.295281717503291 0.311340316149233 0.112800461519869 0.185015442506965 0.107987597210039 0.172778477193343 0.162594486112349 0.11051589766267 0.0761420465357351 0.0127302632802711 0.100069514445122 0.110184798520872 -9999 0.0824243023698054 0.0846915725994844 0.148921317760281 0.161850774252671 0.198143876465019 -9999 0.0720991416677102 0.146655952145656 0.051493329824724 -0.0153028297080273 0.0734006791650619 0.0578089326423635
-9999 -9999 -9999 -9999 -9999 -9999 -9999 -9999 -9999 -9999 -9999 -9999 -9999 -9999 -9999 -9999 0.145930507152031 0.21845660030828 0.216063230282053 0.22974519117255 0.258846455674481 -9999 -9999 -9999 0.33354907316006 0.344704805880302 0.198430798035436 0.20713390817737 0.24982555100188 -9999 -9999 0.14781974023795 0.105681803486819 0.099762982502553 0.0549284355497058 0.0564328638391664 0.101669712375963 -9999 -9999 -0.0510860168609858 0.253194353733965 0.241973101940861 0.157409568862391 0.164894755546571 0.162811092735131 -9999 0.0142786562929001 0.0460881375325456 -0.000654275044327087 0.0165186024551178 0.0430729763759696
-9999 -9999 -9999 -9999 -9999 -9999 -9999 -9999 -9999 -9999 -9999 -9999 -9999 -9999 0.184831801558867 0.196292563470071 0.181432398153016 0.263977067250755 0.189307228671698 0.242956135057176 0.276681620162604 -9999 -9999 -9999 -9999 -9999 0.118441234938572 0.179166708783784 0.254504690536326 -9999 0.140036227610016 0.144913691224362 0.132812676575626 0.149457686633951 0.0917166290624577 -9999 -9999 -9999 -9999 -9999 -9999 0.177418937276374 0.201017328909431 0.194287465781417 0.0631033015072089 0.143500434389937 -9999 0.0495645329670423 0.0652665374569775 0.0759704071360424 0.18771035995829
-9999 -9999 -9999 -9999 -9999 -9999 -9999 -9999 -9999 -9999 -9999 -9999 -9999 0.333207061563654 0.231592902394167 0.210884366974634 0.190852874688708 0.181555503284918 0.120771675451087 0.241941885376362 0.25601149667887 -9999 -9999 -9999 -9999 -9999 0.163320914043388 -0.0275408181392763 0.199965761238263 0.142867704845759 0.116378708242274 0.162786711034047 0.222717066267726 0.0946124998292103 0.135747007742996 0.166213089834667 0.064498981114868 -9999 -9999 -0.0064887951738262 0.0060365729004512 0.128978614388552 0.146095230642795 0.174798469660435 0.145831876690179 0.136384248323158 -9999 0.0916355028676505 0.0385259181912378 0.0320531088039839 0.0623026505007981
-9999 -9999 -9999 -9999 -9999 -9999 -9999 -9999 -9999 -9999 -9999 -9999 -9999 0.225855061316727 0.257437507921068 0.222140571147167 0.138555100273356 -0.0105820410015988 0.114968099070318 0.175868770393451 0.0208903781590003 0.173395924866051 -9999 -9999 -9999 -9999 -0.0967929795202589 -0.034045999890588 -9999 -9999 0.2061499742819 0.231157673495735 0.284195276010071 0.401011894400459 0.219404957209937 0.210809624938974 0.0659628503450093 -0.0118684755093809 -0.0793944964294827 0.0106553172225883 0.0585400622833132 -0.11678256644159 0.13583724444947 0.258247600749002 -9999 -9999 0.123055787098502 0.0309585505713288 0.0822123751080664 0.0881199446646038 0.107995477507484
-9999 -9999 -9999 -9999 -9999 -9999 -9999 -9999 -9999 -9999 -9999 -9999 -9999 -9999 0.188672363672382 0.129412543694944 -9999 0.0354419398743429 0.0895022520770648 -9999 0.143922363547418 0.153075376774024 0.323961713337187 -9999 -9999 0.0448627989137866 -0.0283730830340639 -0.0261610344118455 -9999 0.240004773382689 0.225584639268758 0.23887777411679 0.346494115524186 0.420590105617448 0.345055172330781 0.229738934292419 0.0655833212421718 0.0245637010831839 -0.0448076346754936 0.108431562238991 0.104053169948133 0.114446792972294 -9999 -9999 -9999 -9999 0.229564582014008 0.137695289232762 0.0788845135731157 0.14732076479318 0.115716052458139
-9999 -9999 -9999 -9999 -9999 -9999 -9999 -9999 -9999 -9999 -9999 -9999 0.189167029103784 -9999 0.11684025920155 0.0284960465552711 0.0397883021159138 0.114558583805246 0.113605292630564 0.137820955662289 0.16197112551995 0.18479614638119 0.33148845655154 0.274765487582458 0.0960709969199941 0.0278871614374887 -0.0160316902913973 -0.0498741585707506 -9999 -9999 0.239636775064722 0.264974615954171 0.312462232299484 0.147646910017308 0.191170223687508 0.173071142205593 0.0733274941559199 0.0268858660848327 0.0991401973310241 0.133189871945415 0.0840514573316154 0.103595289631609 -9999 -9999 -9999 -9999 0.0105431980559614 0.130986566591825 0.134063750575643 0.2103524439036 0.141383690064888
-9999 -9999 -9999 -9999 -9999 -9999 -9999 -9999 -9999 -9999 -9999 -9999 0.178895953303635 0.230222871781219 0.0749017873043668 0.00808122091095338 -0.0260320368653589 0.0846031605476509 0.0703527254661434 0.158697574905485 0.155952606278664 0.197153249197934 0.280486009752307 0.112915341666458 0.103721900117484 0.00192268870948947 0.0222542774524182 -0.00547828310312298 -0.038685715096706 0.0474679940903577 -9999 0.201959994297476 0.208388358251384 0.121145454517289 0.177659852743586 0.108079278315717 -0.0965256570432514 0.128546026233687 0.165898469611728 0.110705674422344 0.0715287409369468 0.116343773687789 0.181339357526213 0.195952674476005 0.113516223008459 -9999 0.0236257772898941 0.0193793141528018 0.093326732345578 -9999 0.208376367550283
-9999 -9999 -9999 -9999 -9999 -9999 -9999 -9999 -9999 -9999 -9999 -9999 0.130878359685309 0.157592656528269 0.223007345785533 -0.105195828571925 -0.120251623271271 0.16671329977235 0.177206359345419 0.214189109933928 0.128154953626637 0.148070983150171 0.121020681781698 0.110238802014246 -0.0445453833211449 0.0741986900518161 0.0196400105294877 -0.0135798140945401 -0.0123562696565627 0.0181679721830141 -9999 0.0844618991095849 0.159073568416987 0.174016423228616 0.199978690099413 0.15601571918938 0.029500476659639 0.124161396405 0.0859265243366211 0.119500304699452 0.0692365664039065 0.0324376365777052 0.159303188321869 0.165521599876211 0.0861319356250998 0.0378972695349202 0.0549822073478941 -0.033063733700038 0.0499738592376577 0.0902812433775491 0.173391187456332
-9999 -9999 -9999 -9999 -9999 -9999 -9999 -9999 -9999 -9999 -9999 -9999 0.103024073869319 0.147067056811541 0.13850792099849 -0.0737141139283297 -0.0996404264610957 0.139119067062199 0.109907753564939 0.0810822795992793 -9999 0.156909912556865 0.165162582605338 -9999 0.0639113763839895 0.0518607157006913 -0.00732321836919285 -0.0250930158222621 -0.0617512656704256 -9999 0.0417585198324098 0.102336725243735 0.218941767568036 0.246561666113775 0.147241477771971 0.122614269513712 0.0208379021340244 0.0966121969086986 -0.0556129900146481 0.0228242460431243 0.0433216012830727 0.0335003029292845 0.0609813194520816 0.0884363181882844 -9999 -0.0791559463063789 -0.0204210857127742 -0.111488755841103 -0.053087952548606 0.0149129766357213 0.00124173648047556
-9999 -9999 -9999 -9999 -9999 -9999 -9999 -9999 -9999 -9999 -9999 -9999 0.0674907859956792 0.0890010977990206 -0.0185054867035028 -0.0570854000428699 0.0530973126158176 0.0808594082062577 0.141466452976569 -9999 0.161503843543997 0.147514050047764 -9999 -9999 -9999 0.0382454308210278 0.0374114949998484 -0.00994815340090045 0.00575796981453238 -0.0974268836719602 0.035700290904202 0.0579496228706687 0.0919452582928516 0.0992494648393402 0.0810543342219833 -0.0579684308546992 0.107984498538856 0.120239276934528 0.0393085689507399 -0.013028831123493 -0.00131908853919144 0.0852943007705697 0.101926156709954 -0.310371118354225 -0.270655791111684 -0.210103345416377 -0.137895547654676 -0.0433471279380202 -9999 -9999 -0.0732221695030095
