data/rasters/s9.26.09.li.5_xyz_08_.asc
NCOLS 100 
NROWS 100 
XLLCORNER -4 
YLLCORNER -4 
CELLSIZE 0.08 
NODATA_value -9999 
[rows 44 to 65 of 100, columns 0 to 48 of 100]
-9999 -9999 -9999 -9999 -9999 -9999 -9999 -9999 -9999 -9999 -9999 -9999 0.000903977953046241 -0.13058996145808 -0.260465753949343 -9999 -9999 -0.043412144260339 -0.0179991373759745 -0.0752643842810884 -0.0901333129416647 -0.040149731414946 -0.0530762340471894 -0.0637240278730126 -0.0416957780295793 -0.0674352392018154 -0.076386703893769 -0.0873621808722306 -0.158476447412108 -0.155675620033 0.0996313851861861 0.0159964749145182 0.0602231533276695 0.0257711851316614 -9999 -0.129187650728548 -0.0419321214775495 -0.0982325266242573 -0.142167088450392 -0.263263067057217 -0.161009483444121 -0.0986717288752411 -0.121191294945544 -9999 -0.0487303282342335 0.0912264027816936 0.0514388786600671 -0.114429362846265 -0.000177651014816076
-9999 -9999 -9999 -9999 -9999 -9999 -9999 -9999 -9999 -9999 -9999 0.0635149333371835 -0.158667978997175 -0.154163411422891 -9999 -0.225601300892902 -0.161891573834555 -0.182640446125193 -0.127498932907442 -0.14576292817329 -0.110441005260279 -0.078174766629257 -0.109237856125557 0.0298616206979211 -0.0238037977439157 -0.0789020825967097 -0.0628473596422495 -0.0592072810010065 -0.0948153574306932 -0.13510935195163 -0.0741937957112253 0.00556488971379162 -0.00198643368964376 0.025662143876823 -9999 -0.0569349009133096 -0.0529349121080671 0.0397241435173739 -0.11706129295614 -0.166653480611343 -0.168210440436625 -0.117933917110548 -0.119995854441743 -0.13061629781089 -0.117697124499383 0.0281442543833698 0.0570100993485331 0.0898190109770862 0.0215247875268349
-9999 -9999 -9999 -9999 -9999 -9999 -9999 -9999 -9999 -9999 -9999 -0.157539217544953 -0.147915135555904 -0.15790984577821 -0.0983755425844692 -0.146538127467478 -0.076305630697659 -0.148550349899414 -0.106599794662079 -0.0732477708688477 -0.12468157087323 -0.177118918748796 -0.110326110681019 -0.201859587117546 -0.137647023919892 -0.135740520698889 -0.0923585552185295 -0.0240813376353373 -0.0922315914837451 -0.0675883951832051 -0.0165495838330716 -0.174838169439092 -0.0498707083091027 -0.0745978083272518 -0.0836515661691606 -0.0505843702550541 -0.0415019930177596 -0.0852336043594758 -0.0638687030369208 -0.122142316596898 -0.136925927479866 -0.131492076433056 -0.083137034677109 -0.185065515140939 -0.017799885687734 0.0896117257227417 0.0584151892553623 0.127703444505206 -0.0397530742081147
-9999 -9999 -9999 -9999 -9999 -9999 -9999 -9999 -9999 -9999 -9999 -0.160745418622665 -0.126617899733664 -0.0526507540361958 -9999 -0.343589473039966 -0.194967350756277 -0.178287902281226 -0.209577421605689 -0.0634439263347801 -0.166388465785445 -0.203759523634355 -0.193297618534328 -0.228915899489742 -0.160059119151296 -0.152119139343052 -0.185819856477101 -9999 -9999 -0.164193085625202 -0.110391363705572 -0.0985113187172219 -9999 -9999 -0.204462345783411 -0.165278993280018 -0.124587716235226 -0.0879047040947561 -0.0721918953787108 -0.0508063205220862 -0.141490845995232 -0.213721951898859 -0.280358580319054 0.00593114930885787 0.121838068740367 0.129941577353303 0.107662858161953 0.114427673526624 0.0790082079076825
-9999 -9999 -9999 -9999 -9999 -9999 -9999 -9999 -9999 -9999 -9999 -0.175243879773339 -0.169961615875836 -0.105389617792005 -0.132371211582215 -0.0912532937855083 -0.0989211997890198 -0.133961534205082 -0.262651819865852 -9999 -0.193427439592674 -0.207811237001397 -0.201706250072104 -0.159165364609631 -0.069489270216167 -0.117701797046607 -0.14852897391386 -0.093166883925458 -0.10132883563159 -0.13922132531561 -0.1227875098973 -0.13207007903779 -0.117072251878315 -0.114028787016825 -0.186007791775294 -0.162234664839239 -0.161826005009435 -0.105046929094087 -0.0552359924344365 -9999 -0.278463223928037 -0.156624814286489 -0.372521263185115 -9999 0.114911801726785 0.156335574955837 0.209364958872543 0.197107615654462 0.0288181302082534
-9999 -9999 -9999 -9999 -9999 -9999 -9999 -9999 -9999 -9999 -9999 -0.195669083577572 -0.115590575653166 -0.0891511726028551 -0.159801679299925 -0.162281467004228 -0.146020722465506 -0.19101404142033 -0.207543347152804 -0.494122883459078 -0.266752167057452 -0.205243301831405 -0.125587117009351 -0.125223379413961 -0.112800510909249 -0.129629178606138 -0.0357123533942185 -0.0180579682537238 -0.0763129121737635 -0.00676086958530405 -9999 -9999 -0.234904043704861 -0.221320967209217 -0.168233114294403 -0.104021357544263 -0.058246187788769 -0.0875738071258001 -9999 -9999 -9999 -0.0633892639520726 0.0134000693782134 0.0624162798466792 0.0609835488228494 0.19915290798075 0.17087160787342 0.123693292214934 0.0681134353768793
-9999 -9999 -9999 -9999 -9999 -9999 -9999 -9999 -9999 -9999 -9999 -9999 -0.11096127603823 -0.108851504501548 -0.0879038123601999 -0.126800290716354 -0.158010428362662 -0.215961126865943 -0.238715946119488 -0.15068116297804 -0.125543392717644 -0.206931657385145 -0.182558714772528 -0.13131658560135 -0.0384674555894559 -0.0656774926889908 -0.0397034586233791 -0.0985009173460925 -0.0957480277706042 -0.0375653310622642 -9999 -9999 -0.34228275090829 -0.272098569355894 -0.201541800396318 -0.138012380846123 -0.103026896163855 -0.0811874485037948 -9999 -9999 -0.0517225688947381 -0.0257963780350074 -0.0231561348086309 0.0352141195290517 0.0559757274698622 0.171525837230381 0.101874246099154 0.082558121864876 0.0519472566990512
-9999 -9999 -9999 -9999 -9999 -9999 -9999 -9999 -9999 -9999 -9999 -0.123645682261999 -0.088058875493186 -0.0894239389742803 -0.109664197659089 -0.135669379234128 -0.112025401892726 -0.17308425144935 -0.131379290152153 -0.154211024572661 -0.131987430396262 -0.227493202946092 -0.224781446608515 -0.153638579018038 -0.0748256130115814 -0.170238690846892 -0.188125474886738 -0.130658107013753 -0.107609651814681 -0.0958594003774054 -9999 -9999 -9999 -0.0104919426930191 -0.220322090543355 -0.180140906173665 -0.0301805832501873 -9999 -0.24514577529742 -0.172879960685203 -0.0455260673696561 0.00852819858223308 -0.226375876267971 -0.236415624552172 -0.0128297833218829 0.0168150649729039 0.0385164793253571 0.0473285785615956 0.0275890006102383
-9999 -9999 -9999 -9999 -9999 -9999 -9999 -9999 -9999 -9999 -9999 -0.133286542994192 -0.181808617105275 -0.160675890445129 -0.168017717493619 -0.189648209782862 -0.132835022877803 -0.12784124112145 -0.193538881390402 -0.213027286285967 -0.164247075499903 -0.191134167056726 -0.247978202618444 -0.142566702887027 -0.133491096604764 -0.326541260601232 -9999 -0.150212068192195 -0.166501227416258 -0.0887815821037469 -9999 -0.161003296338657 -0.0221326632837186 -0.0801162598791902 -0.173895228080946 -0.237646463241611 -0.252471060435539 -0.145533558084244 -0.135106815195726 -0.245459333818775 -9999 0.042520865802605 -0.0319168631893251 -0.203530415573891 -0.213005209454838 -0.175607808522951 -0.099931399827677 -0.0599365074869714 0.000450661162763434
-9999 -9999 -9999 -9999 -9999 -9999 -9999 -9999 -9999 -9999 -9999 -0.117268912249369 -0.196038783807641 -0.224873279245617 -0.190912135831178 -0.168953188657639 -0.17228508444013 -0.188715609603406 -0.127615801664143 -0.0903588182654933 -0.169822786502872 -0.129344788914269 -0.217892965893229 -0.144743596049425 -0.0805502675865774 -9999 -0.1401684386027 -0.181637103534903 -0.258409467375017 -0.150163999555694 -0.0700758446728581 -0.0870981963217406 -0.133422574307569 -0.0162817112122081 -0.0607480019280147 -0.0393373063641392 -0.0411775512989539 -0.0878001520269914 -0.0610341437272775 -0.0360952278029515 -0.0906935326492962 -0.121432790480436 -9999 0.0410406162077778 0.0409497170267794 -9999 -0.0446157262370639 -2.00572909325619e-05 -0.0356107211584486
-9999 -9999 -9999 -9999 -9999 -9999 -9999 -9999 -9999 -9999 -9999 -0.0413821969206922 -0.0293592911546799 -9999 -0.222068247121065 -0.126114339429274 -0.0977174762231367 -0.122947731816943 -0.15131630226648 -0.114919386005009 -0.1073241809249 -0.105372304845511 -0.0579528806677682 -0.0730035079307136 -0.13133705854903 -0.109465072824286 -0.102164490546534 -9999 -0.241161004005386 -0.17418302006025 -0.118532349413016 -0.12090009874222 -0.245287937388181 -0.106778498772335 -0.112670867225403 -0.0411280382128289 -0.0568647862896656 -0.128942880461454 -0.109511586483905 -0.108013261174941 -0.099068637702217 -0.0263800011209625 0.0638451709327862 -0.0390651067795391 -0.0152604752554834 -0.0435267392913309 0.00461616101063329 0.0126939522508644 -0.0929157935908624
-9999 -9999 -9999 -9999 -9999 -9999 -9999 -9999 -9999 -9999 -9999 -0.280401040400467 -9999 -9999 -9999 -9999 -0.131237059588109 -0.317943378899196 -0.279691903786507 -0.106990361159412 -0.165549456808465 -0.0935262600194879 -0.136789207511574 -0.202853875678205 -0.200026581499548 -0.208350027633291 -0.131262332247261 -0.195181984286557 -0.190246105452625 -0.209447832284141 -0.110098887307227 -0.0677297337324455 -0.0651945070490741 -0.0208244157666393 -0.0703528546897896 -0.0648933764989015 -0.0911974072919038 -0.161557765950788 -0.146406572247224 -0.133104840306222 -0.110090326768747 -0.05858677684517 -0.0304413398161357 -0.0621850141376367 -0.0529886352989325 -0.0765473833660563 -0.0634109340393693 -0.045728183672739 -0.0260140001296096
-9999 -9999 -9999 -9999 -9999 -9999 -9999 -9999 -9999 -9999 -9999 -0.301046482247415 -0.271160059733351 -0.238281337846374 -9999 -9999 -0.167636624446076 -0.135120102745847 -0.140477182440264 -0.171456031310828 -0.138225680954932 -0.115575815848142 -0.131149830447162 -0.179986644085792 -0.208305653881124 -0.124666280071919 -9999 -0.301057538645362 -0.286019000815921 -0.155027326984536 -0.144083633550188 -0.0550299349540215 -0.161571521926623 -0.148700896483976 -0.102686207593768 -0.164872529837664 -0.237632209378625 -0.259246590031856 -0.170218115056595 -0.133990890012982 -0.140347485969742 -0.111488464379422 -0.116026259232625 -0.104445268225926 0.00974089051431143 -0.185095183857648 -0.0316968571437475 0.00193219262650897 -0.0764468052479067
-9999 -9999 -9999 -9999 -9999 -9999 -9999 -9999 -9999 -9999 -9999 -9999 -0.407582686909515 -0.351973418350773 -0.227100055268362 -0.220804530327768 -0.176314203578124 -0.160365001940119 -0.145708703696524 -0.0618266464071967 -0.132627334466042 -0.0695088658149182 -0.101535026555867 -0.169553950746082 -0.175542936909281 -0.171774100907588 -0.181484658870047 -0.204026355152264 -0.379598715133041 -9999 -0.128820369627444 -0.119411755901266 -0.138321314294263 -0.107172100502228 -0.121383156066514 -0.155114696488976 -0.238196507914967 -0.142904409279659 -0.120906038825929 -0.19943458216547 -0.0933662493534063 -0.0662778471324335 -0.0923872809776225 -0.153270599216462 -0.100792533129591 -0.122960562210562 -0.0151690894783257 -0.00242273929813033 0.00597334242715736
-9999 -9999 -9999 -9999 -9999 -9999 -9999 -9999 -9999 -9999 -9999 -9999 -0.395993300797577 -0.292004421550738 -0.243661355891224 -0.230727156851159 -0.217443244950534 -0.215256658413789 -0.164943524384517 -0.158911520106229 -0.141222980557182 -0.0605105115869857 -0.0748752541772851 -9999 -0.229011770265135 -0.196452085208212 -0.209762637377266 -0.205095702019528 -0.232648203740261 -9999 -0.118901036454523 -0.0730848437403396 -0.0687646576555833 -0.139288306122931 -0.243517095635433 -0.0970909825445958 -0.0800891941308453 -0.11869271905216 -0.0970608541093397 -0.115582008305241 -0.0134792847920922 0.0244009118622552 0.0253335597930618 -0.200476309020075 -9999 0.114532434273151 0.0400061416743099 -0.00188764759549544 -0.0176377533391694
-9999 -9999 -9999 -9999 -9999 -9999 -9999 -9999 -9999 -9999 -9999 -9999 -0.0488027351573254 0.205174332873643 -9999 -0.313285771512376 -0.273015382626818 -0.21836702722851 -0.286831630058567 -0.352478669575843 -0.165649319109663 -0.0665404480244627 -9999 -9999 -0.216375679540713 -0.225771426508785 -0.272576212544069 -0.267249389504502 -0.239721641481462 -0.200672273484934 -0.120170156982586 -0.125579465440434 -0.0610047494955335 -0.086145386581867 -0.0491976519391422 -0.0123246865114537 -0.111191477285798 -0.0986544624171968 -9999 -0.0690824327801376 -0.0767471642654321 -0.0966168894269594 -0.024759139896134 -0.0627309351563633 -0.0189654904280478 0.128639575131339 0.13028785881007 0.130061730773009 0.127640836059813
-9999 -9999 -9999 -9999 -9999 -9999 -9999 -9999 -9999 -9999 -9999 -9999 -9999 -9999 -0.238649413730226 -0.239657674755977 -0.25431096670138 -0.327973881485628 -0.327418275433612 -0.207790435584104 -0.260526003173037 -9999 -9999 -0.222402171648558 -0.242448804841069 -9999 -0.276033883119486 -0.185271675579648 -0.127903299893842 -0.171771425948691 -0.0681621901692579 -0.0817424832609633 -0.108819959369092 -0.0609150267895279 -0.0461682192737672 -0.0118236904265405 -0.0432410363549056 -0.0149862384006904 -0.195305474622633 -0.132607628909252 -0.0621927499483071 -0.0150341616009382 -0.0455535607402071 -0.0416447687174897 -0.0223515345642303 0.0287458079428667 -9999 0.0406556229620454 0.0282291798394912
-9999 -9999 -9999 -9999 -9999 -9999 -9999 -9999 -9999 -9999 -9999 -9999 -9999 -0.346562349509341 -0.367448308802457 -0.365556814087877 -0.335424516501225 -0.300377399777213 -0.28093058203543 -0.225750882968733 -0.217521128239876 -9999 -0.20969853548364 -0.294218973295661 -0.201514826127798 -9999 -0.31566161696668 -0.142529714138936 -0.122204635265106 -0.0843922316757906 -0.0529293242813098 -0.067771333311106 -0.155371067399139 -0.0437222574453827 -0.0580213900980917 -0.0357173729947554 -0.0695019866440494 -0.0612762760501701 -0.0592652942111638 -0.109280740548624 -0.0708622048508681 -0.0678242015268777 -0.0963623626852875 -0.0604544032575914 0.045917534815237 0.0489330446184107 0.0484630234788306 0.0032387107780618 -9999
-9999 -9999 -9999 -9999 -9999 -9999 -9999 -9999 -9999 -9999 -9999 -9999 -9999 -0.0419408045980362 -0.124535553987014 -0.238749835351108 -0.303421901875395 -0.334987792244981 -0.312947896261875 -0.2750873860423 -0.212763688402203 -0.223972722317419 -0.216179265148425 -0.213270359688863 -0.228091111091363 -0.179834471288827 -0.107989579738472 -0.102795632319826 -0.119695103250676 -0.0730223971874472 -0.0546431538797798 -0.0522593823280211 -0.0751240977709972 -0.0602372537037106 -0.0430639655614574 -0.0186631436928491 0.00303096091060802 -0.0378612824700481 0.0384229614445898 -0.206420023384303 0.0696501883620559 0.0168921053295623 -0.0264454676843569 0.030944390164133 0.0498992509148119 0.050307763293634 0.0561687662283048 0.0612918808593915 0.0655540931118743
-9999 -9999 -9999 -9999 -9999 -9999 -9999 -9999 -9999 -9999 -9999 -9999 -9999 -0.272041273357285 -0.43933067597997 -0.321040430107581 -0.252165803496333 -0.245437379066318 -0.286295666896132 -0.230874482907985 -0.202298329092627 -0.303148708763056 -0.355076690437031 -0.334816150616437 -0.298846288427855 -0.24481962201483 -0.125267324591346 -9999 -0.127556887815877 -0.0108088190088009 -9999 -0.136739582769598 -0.110610746945497 -0.0666865293192429 -0.0843493652276982 -0.0794766889935977 -0.0658090724649461 -9999 0.0423287050544918 0.0648916300558737 0.105229768567626 -0.0132731557025383 -0.0175568861903572 0.0560371276131194 0.0733242972568287 0.0647955228162323 0.0978640919238552 0.0597471947227543 0.085725708404855
-9999 -9999 -9999 -9999 -9999 -9999 -9999 -9999 -9999 -9999 -9999 -9999 -9999 -9999 -0.191428283349433 -0.128798296948311 -0.201051120124114 -0.218742205850921 -0.155164523564119 -9999 -0.199805362318748 -0.201238357558501 -0.172143609558423 -0.179777772974067 -0.230797642174768 -0.280587380762083 -0.21935966980056 -0.21219155240711 -0.0682517171860321 -0.0598907321546016 -9999 -9999 -0.158379071654224 -9999 -0.105773007842112 -0.103732010416016 -9999 -0.0483299138459226 0.0526671015382172 0.0108439825946065 0.00875821123800047 0.0779401723935886 0.0773651643576761 0.0302446082836252 0.113287998583843 0.0870245765310829 0.107473289504836 0.0691951370363281 0.0548860266766177
-9999 -9999 -9999 -9999 -9999 -9999 -9999 -9999 -9999 -9999 -9999 -9999 -9999 -9999 0.16151793576717 0.130261843532438 -0.266979048737503 -0.251981482133942 -0.244285610689194 -0.0782053259391416 -0.0500317444149169 -0.0539623477386748 -0.0384695963732972 -0.158462395929102 -0.0414485234948262 0.0466025453976614 -0.0709978803619854 -0.241924441310123 -0.0180163914379071 0.00775871856201679 -9999 -9999 -9999 -9999 -9999 0.018719170544882 -0.0280126165011858 0.00152043626792028 0.0156161994266808 -0.0195508086081139 0.0188199199240289 0.0519293980920883 0.119492660596387 0.129316067058744 0.136112066570321 0.128627495534808 0.0934693438454606 0.142236188381079 0.0917989625408178
