data/rasters/s9.26.09.li.5_xyz_08_.asc
NCOLS 100 
NROWS 100 
XLLCORNER -4 
YLLCORNER -4 
CELLSIZE 0.08 
NODATA_value -9999 
[rows 22 to 43 of 100, columns 49 to 97 of 100]
0.240769581133975 0.0417392475981139 0.219424649809846 0.246865849909684 0.216124825053444 0.235513227954629 0.131414148253531 -9999 -9999 -9999 0.0132938922088899 0.204939252313495 0.209450250407472 0.173520186334973 0.0724095204799882 0.00620516433391838 -0.0323816165385822 0.00225463862980532 -0.0292554071225791 -0.0217827054970108 0.00150302710999495 0.0217411001904079 -9999 -9999 -9999 -9999 -9999 -0.016119925663423 -0.0808109154508944 -9999 -9999 -9999 -9999 -9999 -9999 -9999 -9999 -9999 -9999 -9999 -9999 -9999 -9999 -9999 -9999 -9999 -9999 -9999 -9999
0.26145702070601 0.332693374748694 -9999 0.255354774372185 0.252632248984357 0.264711438180512 0.132240312925746 0.0881303346689554 -9999 -9999 -9999 -9999 -9999 0.173515059283335 0.176413933718197 -0.00860638768836762 0.0077840021135684 -0.0328961418448782 -0.0856177558624389 -0.0557859017189832 -0.0366177377281593 -0.0759946650011677 -0.0476517445948944 -0.0698769611142251 -0.0698682390015083 -9999 -9999 -9999 -0.018906918788161 0.0286920248196177 -9999 -9999 -9999 -9999 -9999 -9999 -9999 -9999 -9999 -9999 -9999 -9999 -9999 -9999 -9999 -9999 -9999 -9999 -9999
0.149942168655837 0.29087322247719 -9999 0.243603847717501 0.203118644947755 0.146124808219147 0.151818788574266 0.043803635728769 -9999 -9999 -9999 -9999 -9999 0.105996440492445 0.126280169243209 -0.0278328778538224 0.0197938738074735 -0.0213383429686163 0.00752335216010205 -0.0177330082179922 -9999 -0.19513861427033 -0.11518238272697 -0.0890803264265849 -0.0237299391715837 0.106132272692919 -9999 -9999 -0.049978276961019 -0.0267828232285538 -0.0756571698586968 -9999 -9999 -9999 -9999 -9999 -9999 -9999 -9999 -9999 -9999 -9999 -9999 -9999 -9999 -9999 -9999 -9999 -9999
0.208824550597247 0.22229157172726 0.205008656647753 0.24293089564795 0.251638398828064 0.0135143035266981 0.0692074557161097 -9999 0.124414108821906 0.139233752110179 -9999 -9999 -0.00169494980330545 0.0696960853608278 0.0621210923886087 0.0112376019066462 -0.0598254465779552 0.071367777095771 0.066680802052126 0.033403447917763 0.00812654093802495 -9999 -0.0300217134139062 0.000798126625525636 0.015309510027469 0.0803331366892777 0.246011967954788 -0.0441664127866068 -0.0261916680470479 -0.0443260625793736 -0.0347616972068069 -9999 -9999 -9999 -9999 -9999 -9999 -9999 -9999 -9999 -9999 -9999 -9999 -9999 -9999 -9999 -9999 -9999 -9999
0.147323010552952 0.176011481404949 0.156574842816775 0.175514498885832 -9999 0.165098903391577 0.165051617993286 0.0824215233817161 0.124345431260606 0.151237618914011 0.139736209683251 0.0990356483414359 0.176307605318207 0.189319140899882 0.0683994754803599 0.0872596218295374 0.056336982769951 0.113585060548771 0.112341900846626 0.0321877128475767 -0.0549397659926667 -9999 -0.0559200182995846 -0.0028902189346308 3.69148719953675e-05 0.0249861123116576 -0.0300670072417563 -0.0898098307421575 -0.101961041445806 -0.0603871091505665 -0.0721550960689342 -9999 -9999 -9999 -9999 -9999 -9999 -9999 -9999 -9999 -9999 -9999 -9999 -9999 -9999 -9999 -9999 -9999 -9999
-9999 0.190612768046378 0.178937502697164 0.196801595267969 0.207991328496297 0.18183658664224 0.137342637260405 0.236542192597113 -0.0944677132052696 0.101741322645795 0.0255118166795491 0.00852649176541839 0.0577964664938204 0.0841090861917346 0.0505043542201644 -0.0103977860223208 0.0385778192329558 0.186680455209113 0.13903867204052 0.0218790439701175 -9999 -0.0450789171118829 -0.0478323446914033 -0.0256534288613799 -0.068537147659727 -0.036406301800222 9.67432043059269e-05 -0.182969391216263 -0.118069144288753 -9999 -9999 -9999 -0.171093518284308 -9999 -9999 -9999 -9999 -9999 -9999 -9999 -9999 -9999 -9999 -9999 -9999 -9999 -9999 -9999 -9999
-9999 -9999 -9999 0.154498035330088 0.172656585602491 0.139585112244373 0.214283313122183 0.192936150642013 -9999 0.00775798279217684 0.0742102980389537 0.076502183925042 0.0483973627109438 0.0607084395838514 0.0151900053931975 -0.0152299535809769 0.0611665849507258 0.0531156779716073 0.00932748591193644 0.0224961419013521 -9999 -0.0405408362873677 -0.0310260810901216 -0.0474753704858814 0.0132444942371371 -0.0606799820727907 -0.0615042486875142 -0.138094230054384 -0.126136098790482 -9999 -0.125659789163472 -0.103269632934324 -9999 -9999 -9999 -9999 -9999 -9999 -9999 -9999 -9999 -9999 -9999 -9999 -9999 -9999 -9999 -9999 -9999
-9999 -9999 -9999 -9999 0.0810015055277636 0.18966450769258 0.215748305370494 0.222362489174107 -9999 -9999 0.132971528222109 -9999 -9999 -9999 -9999 0.0334204897570207 0.0682675420861811 0.0653489689398421 -0.0203407681033282 -0.0513845043722382 -0.0342231170652706 -0.0533331634457444 -0.0433594801300543 -0.0486328220886729 0.0860199241772324 -0.036400931617498 -0.133356852500325 -0.138221158648258 -9999 -0.181225605553901 -0.14840057563534 -0.134796159894483 -9999 -9999 -9999 -9999 -9999 -9999 -9999 -9999 -9999 -9999 -9999 -9999 -9999 -9999 -9999 -9999 -9999
0.134099786482928 0.158577484352043 0.22357261987014 0.135525971800988 0.102728212260524 0.21321883955595 0.250831597876622 -9999 -9999 -9999 -0.0169831866367755 0.0414589483103659 0.0167662735293697 0.0825423098409391 0.0405997746101116 -0.000555584865340564 -0.0181044650393241 -0.0451216832778185 -0.0562222006666808 -0.071101553984418 -0.186242880656809 -0.101143251801393 -0.0579429020963801 -0.142537343601423 -0.0943757142483694 -0.0283532951441937 -0.125592808342948 -0.150327583139005 -0.105217926564687 -0.142241145424073 -0.203924357819553 -0.209812623870942 -0.204115505960967 -9999 -9999 -9999 -9999 -9999 -9999 -9999 -9999 -9999 -9999 -9999 -9999 -9999 -9999 -9999 -9999
0.100011783560113 0.16749796373948 0.218183975656869 -0.034334987146621 0.0496593345946143 0.187684622042038 0.160967734344474 -9999 -9999 -9999 0.0223808582807001 0.0581019610474026 -0.0522383864124468 0.0207124115757265 -0.0258574921896754 0.0504076942735577 -9999 -9999 -0.0680508567393791 -9999 -9999 -0.100448657293438 -0.0618686873140076 -0.0560597272738937 -9999 -9999 -0.104715209969191 -0.0648887322956787 -0.054176721688374 -0.0345878527906425 -0.0763055435367194 -0.118599360123896 -0.170735557240682 -9999 -0.171085456776529 -9999 -9999 -9999 -9999 -9999 -9999 -9999 -9999 -9999 -9999 -9999 -9999 -9999 -9999
0.109294432582301 0.124816986960861 0.153913220389473 -9999 0.0110595994463934 0.208180918284566 0.226542503761699 -9999 -9999 -9999 -9999 -0.0503959576207641 -0.081202152869633 -0.0106085990288439 0.0100679630988827 -0.00192008413924005 0.00651068352703274 -0.0547752697716403 -0.0978786768637569 -0.248165427370128 -0.164403236973444 -0.154861133697482 -0.132876549487828 -0.114126000405541 -0.0576523795445347 -9999 -9999 -0.0550201302150924 0.0412119064945633 -0.0218347828015126 -0.156760212326198 -0.147333648749265 -0.154011168059156 -0.16033686153528 -0.171895338630301 -0.228128336821251 -9999 -9999 -9999 -9999 -9999 -9999 -9999 -9999 -9999 -9999 -9999 -9999 -9999
0.0979807180831491 0.0622956586208236 0.134845122065267 -9999 -9999 -9999 -0.000114002939244594 -9999 0.123150049805243 0.141492930427936 0.111905330364199 -9999 -0.0698564156769937 -0.0364589371856793 -0.0580830064433595 -0.0132573921746862 -0.0897573985945799 -0.102077678948972 -0.144233610155919 -0.212652266207734 -0.256002041772649 -9999 -0.193139939280812 -0.162669379346194 -0.0395230797431798 -9999 0.0241089996107773 0.0341264212001659 -0.0944920613717676 -0.08039373145825 -0.178124903153011 -9999 -0.156779439025198 -0.141609618928535 -9999 -0.177444057445246 -0.176594805269399 -9999 -9999 -9999 -9999 -9999 -9999 -9999 -9999 -9999 -9999 -9999 -9999
0.0220788130748109 -9999 -9999 0.0119067264238297 -0.0449037838942557 -0.00779741140371522 0.0209398652445287 0.0455478138919292 0.169793723787911 0.143458619130529 0.0922365336134525 -9999 -0.0144392044218249 0.0343793669739971 0.0315279070526326 0.0194182508743401 -0.0724205773967831 -0.105194606558148 -0.0859373535685953 -0.086581524621958 -0.149951709873539 -9999 -0.152415095810376 -0.106104869686668 -0.00878374946219417 -0.00264149444403663 -0.0746974016223393 0.0103161836751238 0.0165609223747802 -0.0615576949936446 -0.0869547012391108 -9999 -0.129632653020035 -0.144242950134628 -0.129522025004927 -0.200781950772797 -0.198636425017768 -9999 -9999 -9999 -9999 -9999 -9999 -9999 -9999 -9999 -9999 -9999 -9999
0.0320793387723869 0.0425244989873187 0.0280176915194254 -0.00774759026412806 0.0319384837471632 -0.0065368135991739 0.0013229584898203 0.0350508453460772 0.0528329567144313 0.124473129347109 0.0204895801075399 0.0121560485439934 -0.0101916961202107 0.0472717688315966 0.00549293970951808 -0.0235687660266871 -9999 -0.125500557429549 -0.0713751009917739 -9999 -0.13513469762441 -0.0558580293186179 -0.133972429212892 -0.130699938552816 -9999 -0.0798948256685827 -0.103717070930706 -0.0241990686210638 -0.0383434658318865 -0.0205122620538171 -0.100816462413429 -0.0811501013738197 -0.0850044422719528 -0.134933727330795 -0.132208255242356 -0.13721166299849 -0.174750854037789 -9999 -9999 -9999 -9999 -9999 -9999 -9999 -9999 -9999 -9999 -9999 -9999
-0.14048146964006 -0.0742929546496585 0.0342923945513794 -0.0645501839591313 0.0422325734350556 0.0388746920984661 0.0398500546515682 0.0506897827315622 0.0385448114316132 -0.0451269662613524 -0.0625620609240424 0.0754639037178827 0.0222730452017158 0.064728099427521 0.0268844463792527 -0.00200804471614902 -9999 -9999 -0.0918369356260195 -0.0660058435868957 -0.0590214962953123 -0.0414212694220186 -0.0577668296615488 -0.127550419765463 -0.129282746006594 -0.0737036337239586 -0.0656769374621108 -0.0501992878045133 -0.0323910686206488 -0.0156057908667929 -9999 -0.0581428021644452 -0.0799866545669218 -0.108917828695518 -0.152885894163979 -0.133095907388095 -0.12495179091534 -0.117256967399793 -9999 -9999 -9999 -9999 -9999 -9999 -9999 -9999 -9999 -9999 -9999
-9999 -9999 -9999 -0.0959503463124984 0.0108699584828725 -0.00444560523227689 0.0413310856330762 -0.371670780669943 -0.332042460179524 -0.144757296459443 -0.0890648225633072 -0.0562055774160802 -9999 -9999 0.0687911410704329 -0.0458248469220763 -9999 0.0892380209889077 0.0932677959080416 -0.0110804578648257 0.0279845549743991 -0.0343856062162899 -0.070291994305352 -0.0441092747589512 -0.0547320504190384 -0.057555765058654 0.0614992407514953 -0.0250071548398893 -0.0140888575181322 -0.0497896020957365 -0.218431796544439 -0.0511746209165303 -0.0424265260662664 -9999 -9999 -0.0849620517484337 -0.157182630732776 -0.120353299570254 -9999 -9999 -9999 -9999 -9999 -9999 -9999 -9999 -9999 -9999 -9999
0.120437779907933 -0.100912002738429 -9999 -9999 -9999 -0.0317137714215181 0.0845582147932153 0.00694805121186518 0.0678162991307623 -0.228180902865381 -0.132728623555707 -0.0615549805920635 -9999 -0.0576180905099639 -0.0947795709956856 -0.0637557911295516 0.111768875255714 0.106149436442894 0.0850198303445862 0.0787668070064186 0.060953462201447 0.0280563208803131 0.0169180148315155 0.0335904082698497 0.04838609348739 0.0575563746504741 -0.261459107007751 -0.100539452220428 -0.0907414245514725 -0.13019432306487 -0.128119325722316 -0.0528052188855796 -9999 -0.13183498295177 -0.163991355743329 -0.113287131375603 -0.12381147411005 -0.207387717865834 -9999 -9999 -9999 -9999 -9999 -9999 -9999 -9999 -9999 -9999 -9999
0.0870538339414598 0.107178052675599 0.0570893510357743 0.0516808000988233 0.0750305980406879 -9999 0.090831625534548 0.0332403637580082 0.0679857104016078 -0.207065240532617 -0.197625443270799 -0.167471913521686 -9999 -0.122742145392841 -0.138181012667314 -0.0492803813238097 0.1064129142005 0.0913823494429423 0.0789277710231988 -0.0716937162437312 -0.0175653671614913 -0.0481916003576179 -0.0232411944384872 -0.0342130276072664 0.0381728967608343 -0.033100395654903 0.00819042029337656 -0.0368122039610349 -0.031149758307471 -0.168381233223282 -0.126564679076419 -0.0357817158173584 -0.00274411803672073 -0.0954816096339358 -9999 -0.0776528898727384 -0.0988083023335206 -0.284306966846377 -9999 -9999 -9999 -9999 -9999 -9999 -9999 -9999 -9999 -9999 -9999
0.0172553764534085 0.00541507628224191 0.0161201399969918 -0.00285589699011332 0.0747365472991318 0.0279630802158069 0.024572458628386 -0.00825588059089341 -9999 -9999 -9999 -0.0221854069005338 -0.0894669713300665 -0.0534093969135739 -9999 -0.0974109573899725 -9999 -9999 -0.000454890305236998 -0.0483563492171469 -0.0554515090504131 -0.0318589737847028 -0.067689000169969 -0.0114898382726046 -0.0207912908808418 0.0364186133297883 0.0317195419205804 -0.0310563191946771 -0.0408223957002624 -0.0817333143914313 -0.0459623134050777 -0.0423447964168402 -0.0851773749807969 -0.120592762497893 -0.119778421478028 -9999 -9999 -9999 -9999 -9999 -9999 -9999 -9999 -9999 -9999 -9999 -9999 -9999 -9999
-0.0312761255814179 0.0206011097109212 0.0466843270968436 -9999 -9999 0.0662857108203595 0.0403844973505241 0.00490644083446092 -9999 -0.195587300157194 -0.0724925142709714 -0.0728145458353979 -0.0595054664735374 -0.0859865350422255 0.035750493061364 -0.045274437754018 0.000115669307244388 -0.0258558269398433 -0.0307939829536454 -0.0753155325517294 -0.0568012800349455 -0.0250434669443245 -0.055684067858437 -0.0775840958310801 -0.0463476692871482 -0.0168684765586351 0.00634340452666701 -0.0698061180442052 -0.0925870572768972 -0.222083584000936 -0.111630577225829 -0.102770391411355 -0.127687628283061 -0.166435035897366 -0.188816337279338 -0.182066915472899 -0.208907917358505 -0.18730583018642 -9999 -9999 -9999 -9999 -9999 -9999 -9999 -9999 -9999 -9999 -9999
-9999 -0.0351022118110968 -0.036321626844171 -9999 -9999 -9999 -9999 -9999 -9999 -0.238159025479423 -0.256306390974789 -0.0965569836142064 -0.09901221249238 -0.0679616755379609 -0.0304146124521794 0.0828141368327931 -0.144357429983146 0.0452514457674455 -0.0442664457342517 -0.062313531432709 -0.0183159618493864 -0.00595990888888907 9.58922041858125e-05 -0.0623872196216856 -0.118639438927856 -0.0836172850032781 0.00718163093319712 -9999 -0.125369504966388 -0.0919429501519764 -0.172172665558611 -0.0374360108097833 -0.150028172282926 -0.150453819667758 -0.156764806054785 -0.176478765469699 -0.168736930464852 -0.179511763016194 -9999 -9999 -9999 -9999 -9999 -9999 -9999 -9999 -9999 -9999 -9999
0.0635534806481749 -0.0204675178297219 -0.0019750622594479 -9999 -9999 -9999 -9999 -9999 -0.130998346335571 -0.0540495960283704 -0.0801466331799485 -0.0178899369938948 -0.0781346073168645 -0.156625895579694 -0.0920127475764768 -9999 -0.0410296379080671 0.00266349509868747 0.00775078727840826 -0.0214939171091094 -0.0775942741790218 0.011769328796813 -0.012198709396258 -0.0356723952033858 -0.0934269850756129 -0.0369324141041691 0.0283808567681975 0.0117657429912078 0.0382219787168582 -9999 -0.10571044829032 -0.0732240376238148 -0.0841595497575711 -0.111243098014245 -0.15980024977268 -0.201460688675163 -0.298125477984832 -0.229701498434772 -9999 -9999 -9999 -9999 -9999 -9999 -9999 -9999 -9999 -9999 -9999
