data/rasters/s9.26.09.li.2_xyz_08_.asc
NCOLS 100 
NROWS 100 
XLLCORNER -4 
YLLCORNER -4 
CELLSIZE 0.08 
NODATA_value -9999 
[rows 46 to 68 of 100, columns 0 to 50 of 100]
-9999 -9999 -9999 -9999 -9999 -9999 -9999 -9999 -9999 -9999 -9999 -0.0524153432007565 -0.129521893044788 -0.0383705114387981 -0.127009672308376 -0.122385717252401 -0.123370516139117 -0.198073323505522 -0.138273630484978 -0.136573774549548 -0.14785813502358 -0.141369818936529 -0.0146515528155523 0.119181348056122 0.10131760178828 -9999 -9999 0.0933488593189887 0.212808251042643 0.170303009092197 0.158501104092181 0.0923079732805926 0.0738283248955066 0.0110434666539513 0.204273275385969 0.129573601511583 -0.00441476629076159 0.105302481491193 0.136436398664016 -9999 0.0118786590774206 -0.0423796848908734 -0.048206317992118 -0.0211994787439115 -9999 -9999 -0.0620716938691342 0.0207727171787961 -0.00889015761548027 -0.0176818758157184 -0.0521096085284002
-9999 -9999 -9999 -9999 -9999 -9999 -9999 -9999 -9999 -9999 -9999 -0.0947164393234356 -0.0833832975343589 -0.0845207033404064 0.0324621062816116 -0.116808939549907 -0.135818016952959 -0.17434854268577 -0.162342697982882 -0.134100604538824 -0.166655845056815 -0.103500789797266 -0.0467162471817802 -9999 -9999 -0.104441261629219 -0.11414154189266 0.0894148339868715 0.109612774467002 0.123307730279355 0.0866032707967854 0.108748262301968 0.072472557644558 -9999 -9999 -9999 -0.0787796986798725 0.00378052047143443 0.000654551108741262 -9999 -9999 0.0412652882014955 -0.118378454680677 -0.0930427998593987 0.0165592007353488 0.0994497135102828 0.0350804364951695 0.13179484529635 0.137758346477416 0.0831752175619505 -0.0386959806059495
-9999 -9999 -9999 -9999 -9999 -9999 -9999 -9999 -9999 -9999 -9999 -0.10271537902216 -0.0370539221884513 -0.141714516798398 -0.172169076955281 -9999 -0.284493285440885 -0.237193561145441 -0.126773335286792 -0.165625383107662 -0.099213228374755 -0.106758184802457 -0.017680101219443 -0.181757681775179 -9999 -0.0962366126684089 -0.11181068509508 -0.0659918108824204 0.0607694516601251 0.0712929274547985 0.0887994063678852 0.198469315633637 -9999 -9999 -9999 -0.0517242487958313 -0.0676726045686641 -0.135793666110225 -0.115178782887692 -9999 -9999 0.0163181046108673 -0.000104427855662327 0.0441929255119283 0.14688794902152 0.168755355485264 0.02578088863031 0.0413279094485988 0.0570250782028975 0.0941661391009678 0.090339982118415
-9999 -9999 -9999 -9999 -9999 -9999 -9999 -9999 -9999 -9999 -9999 -0.119025817690682 -0.1074860171816 -0.181380002443018 -0.175084875705839 -0.19585189461638 -0.214392937822778 -0.201695173264428 -0.149562351223062 -0.138678746858723 -0.112708524033153 -0.0930659349459453 -0.184767419521942 -0.179713146733082 -9999 -9999 -0.116644331683038 -0.0595776280406467 0.0203040969570365 0.0141628028629871 0.0499057627530316 -9999 -9999 -9999 -9999 -0.0656840742120365 -0.123256237546599 -0.0557023644661106 -0.0174939922109267 -9999 -9999 -9999 0.0875685222316322 0.104473227435366 0.129610164691691 0.102903596268512 0.00164189769863347 -0.0143418282847688 -0.0507167984493358 0.010468594663176 0.0369408342955449
-9999 -9999 -9999 -9999 -9999 -9999 -9999 -9999 -9999 -9999 -9999 -0.0191649146922777 -0.137205068864807 -0.191480197358184 -0.15650041759496 -0.177009332084982 -0.169485794165348 -9999 -0.159242557465627 -0.200339581098798 -0.122183287225847 -0.107269002921864 -0.157423599684591 -0.162133387639908 -9999 -9999 -0.0595410103551484 -0.0139799637918664 -0.0596017385469021 -9999 -9999 -9999 -9999 -9999 -9999 -9999 -0.190613968930044 -0.149919905700115 -0.0655469291586455 -0.0429557689319344 -0.0305990547124959 -9999 0.185971722328809 -9999 -9999 0.0642341845921461 0.066759849843644 -0.039534672434466 -0.0426294597275567 0.047836456057575 0.0558098731146281
-9999 -9999 -9999 -9999 -9999 -9999 -9999 -9999 -9999 -9999 -9999 -9999 -0.069286321879447 -0.117202786897454 -0.126038205741499 -0.217932300413743 -0.333918151431503 -0.270395420588773 -0.277341128414109 -0.146438001944201 -0.0853061011179676 -0.0765235981431402 -0.119555718791618 -0.134562966863354 -0.263214532944581 -0.297812229778079 -9999 -9999 -9999 -9999 -9999 -9999 -9999 -9999 -9999 -0.0760392381414861 -0.11467202867693 -0.101856559762882 -0.0929898117604395 0.0241627661558434 0.0695722989334906 0.128531915307944 0.0449472236423732 0.157818855260534 0.163044785008942 0.138154638773555 0.106094073842932 -0.0199132517116862 0.00851000204189666 -0.0180722705099176 -0.100598673308497
-9999 -9999 -9999 -9999 -9999 -9999 -9999 -9999 -9999 -9999 -9999 -9999 -0.027522532820469 -0.0669219424299306 -0.203321472770595 -0.213145250243249 -0.270984905402222 -0.310817901274314 -0.308395537759992 -0.275485157488918 -0.221798342384642 -0.203784886426213 -0.0922413962146361 -0.196464887737394 -0.225547075567606 -0.261489954436527 -9999 -9999 -9999 -9999 -9999 -9999 -9999 -9999 -9999 -0.0876982050155683 -0.0863952380592761 -0.0619377121460881 -0.0792159162501167 -0.00610048377558396 -9999 0.135323217776727 0.106590269618358 0.109641203750421 0.114684385450021 0.122024275648618 0.0172839466455149 -0.00666209059987008 -0.00479316241444052 0.0190932265101596 -0.0485778319373548
-9999 -9999 -9999 -9999 -9999 -9999 -9999 -9999 -9999 -9999 -9999 -9999 0.0242443316010559 -0.0547343865813524 -9999 -9999 -0.289455019481558 -0.230364742638061 -0.3273982370763 -0.14901827979542 -0.236252676835816 -0.193987433422348 -0.20106936151305 -0.195039169878773 -0.202351108363109 -0.192102255411394 -9999 -9999 -9999 -9999 -9999 -9999 -0.00395663598721616 0.159986120789628 -9999 -9999 -9999 -0.0681616523448614 -0.0535903576008312 -9999 -9999 0.10143535675513 0.0676456465398115 0.0466176019750776 0.0185482473943237 0.040274058522389 -0.0604289650042664 -0.0262506882185624 0.0287036106438471 -0.0050060950144772 -0.132766945778449
-9999 -9999 -9999 -9999 -9999 -9999 -9999 -9999 -9999 -9999 -9999 -0.193299580657938 -0.170327318807653 -0.161815425293353 -9999 -0.379027954934734 -0.336895178609277 -0.212192669315594 -0.264804296812191 -0.226767502433289 -9999 -0.189896262171954 -0.286488757828472 -0.230934004793355 -9999 -0.0610543116542737 -0.0661270114286235 0.0154051423016085 0.0318860772559156 -9999 -9999 -9999 0.219226388989955 0.17728044203048 0.178364609360591 -9999 -9999 -0.0466126537406862 -0.0886128932473062 -9999 -9999 -9999 0.112831425273879 0.00413534109817951 -0.00960110901129847 0.049773959047882 -9999 0.0234550364071078 -9999 -9999 -0.187408525819548
-9999 -9999 -9999 -9999 -9999 -9999 -9999 -9999 -9999 -9999 -9999 -9999 -0.105359305945969 -0.356211133041908 -0.453211402511867 -0.320309678711091 -0.309484219242885 -0.2925094246994 -0.269688188509134 -0.316539088754521 -0.239744966303367 -9999 -0.237721120884892 -0.252032502972139 -0.216683892927878 0.0554097029498593 0.0309293936325495 0.208223786228492 0.22171717241284 0.126742373499276 0.306760562994392 -9999 0.23751200632293 0.235633850228908 0.187447888761654 0.0750028396570821 0.0462308535516394 -9999 -9999 -9999 -9999 -9999 0.145158567817541 0.0675105192219517 0.0169950486008236 0.124543436272697 -9999 -9999 -9999 -9999 -9999
-9999 -9999 -9999 -9999 -9999 -9999 -9999 -9999 -9999 -9999 -9999 -9999 -0.193133961960909 -0.38807147884711 -0.375701428732303 -0.283717064636911 -0.266737146603991 -0.251557192920991 -0.316796601272483 -0.361306693800747 -0.284706885627026 -0.257003841366932 -9999 -0.231808355134644 -0.267336942088028 0.0103591739814572 0.0570762949077078 0.0958710450092453 0.110599533568275 0.163115821699729 0.217731150774465 0.118848636085311 -9999 0.211204379967266 0.177715061102083 0.106235940838543 0.0178997563917263 -0.0844540901822912 -9999 -9999 -9999 -9999 -9999 -9999 -9999 0.191516328597429 -9999 -9999 -9999 -9999 -9999
-9999 -9999 -9999 -9999 -9999 -9999 -9999 -9999 -9999 -9999 -9999 -9999 -0.216727423625452 -0.275771359164584 -0.404119397436109 -0.30735387384246 -0.309387542023955 -0.422355223396225 -0.450134235456908 -0.387311628959767 -0.340698985924691 -0.297611290498426 -0.320100186179922 -9999 -0.157149774949239 -0.100275960561147 0.0653526083791447 0.119431244980763 0.0763955374900616 0.106320039912138 0.24081615516062 0.218215309543613 0.236828763843462 0.21276014199274 0.141691437729075 0.127825874120885 -9999 -0.104581610623777 -9999 -9999 -9999 -9999 -9999 -9999 -9999 -9999 -9999 -9999 -9999 -9999 -9999
-9999 -9999 -9999 -9999 -9999 -9999 -9999 -9999 -9999 -9999 -9999 -9999 -0.289020200758329 -0.208484529178347 -0.104359070363383 -0.201304867113563 -0.295653581640766 -0.355112421579367 -0.280307922690772 -0.363147268161088 -0.283629533821171 -0.246508238344138 -0.376143125230217 -9999 -0.207023837674899 -0.147295096857513 0.0322650891729243 0.146550332965462 0.265715196267596 0.188531170545773 -9999 -9999 0.188901432339891 0.146486138558618 0.158944550503268 0.0422660871685574 -9999 0.155115883458756 0.0086440078889876 0.175003611608714 -9999 -9999 -9999 -9999 -9999 -9999 -9999 -9999 -0.0216712764872752 -9999 -9999
-9999 -9999 -9999 -9999 -9999 -9999 -9999 -9999 -9999 -9999 -9999 -9999 -0.266760770329274 -0.234408925618773 -0.228551267937855 -0.292119825544075 -9999 -0.300147715138072 -0.327097423688349 -9999 -0.304041454826076 -9999 -9999 -0.166214715296525 -0.165869408319613 -0.110593962063025 -0.145083731105544 -9999 0.302452714451598 0.20138788933127 -9999 -9999 0.103430460160499 0.0876149029848075 0.0832003789796746 0.10277068941189 0.00472707538740141 0.0544058538015105 0.177923381159343 0.16443389848523 0.2797710985954 -0.0750293885279767 -0.0698638814895019 0.057394152048439 -0.175096416193446 -9999 -9999 -0.0566534288102409 0.00333095781373058 -0.038345317527389 -9999
-9999 -9999 -9999 -9999 -9999 -9999 -9999 -9999 -9999 -9999 -9999 -9999 -0.234645480949627 -0.198299373600573 -0.275882761752853 -0.236086981680259 -0.207120831360148 -9999 -9999 -9999 -9999 -0.0379354434082056 -0.0730842199051657 -0.0613904286900675 -0.0679519079969933 -9999 -9999 -9999 0.190412428440525 0.292754308026287 -9999 -9999 0.132236752789845 0.015130620114519 0.0444409075602819 0.147171372350713 0.132181966946284 0.103893978894639 0.264538005062638 0.166081908622243 0.10647777902195 -0.0424901761040136 -0.113352093934524 -0.0359469705660992 -0.039066507543442 0.138482380486274 -9999 -0.0302524722675599 0.0458735416915804 -0.0296696366542968 -0.00751936982816003
-9999 -9999 -9999 -9999 -9999 -9999 -9999 -9999 -9999 -9999 -9999 -9999 -9999 -0.298566764132427 -0.218340620276316 -0.159719936834488 -0.159493147395458 -0.137746847188422 -0.0264820785399851 -0.0378070486778436 -9999 -0.0857534916265228 -0.028496962876819 -0.118787455121083 -0.0928287706904344 -9999 -9999 -9999 0.150622705323034 0.318989668649758 -9999 -9999 0.0406867423052503 -0.000674204462019074 0.113698099735527 0.140247529187062 0.114243407181369 -9999 -9999 0.428346966621666 -9999 -9999 -9999 -9999 0.14318993711893 -9999 -9999 0.0435677764543064 -9999 0.147400020789356 -0.0870812539886203
-9999 -9999 -9999 -9999 -9999 -9999 -9999 -9999 -9999 -9999 -9999 -9999 -9999 -0.260902845426494 -0.207698185535834 -0.203856681640452 -0.190300937104004 -0.181932762816843 -0.00279106320218948 0.0271325741360441 -0.000190364298442718 -0.0261760977806137 0.00885844805708933 -0.162331863137183 -0.111906944447395 0.00703314453139375 -9999 0.0392112978855744 0.25384673498234 0.15543077645628 -9999 -9999 0.058957652271573 -9999 0.0382673787481202 0.106290626090481 0.188913889613013 0.277442015961963 0.34994200017216 0.377696658660449 -9999 -9999 -9999 -9999 -9999 0.0210385159550212 -0.0762829705017763 -0.127879299634466 -9999 -9999 -9999
-9999 -9999 -9999 -9999 -9999 -9999 -9999 -9999 -9999 -9999 -9999 -9999 -9999 -0.192359140505841 -0.215416385171046 -0.245152731613909 -0.252334116758888 -9999 0.0613965836841767 0.0213673081999166 -0.0443211165084086 -0.0325639421010758 0.206439447425478 -0.063727707295576 -0.0415135176515397 0.0618809750746354 0.108467355006421 0.127961961428708 0.185711362681736 0.176018308094933 0.175834818921426 -9999 -9999 0.0827874556591742 0.0857007420859571 0.0910474141740324 -9999 -9999 0.30085196461987 0.339451241107647 0.37684838867795 -9999 -9999 -9999 -9999 -0.0242126579124769 0.160891484174186 -0.102162258573905 -0.0593115477441858 -9999 -0.10120174931311
-9999 -9999 -9999 -9999 -9999 -9999 -9999 -9999 -9999 -9999 -9999 -9999 -9999 -9999 -0.249392063832193 -0.22531077820192 -0.190945175575071 -9999 -9999 -9999 -0.0385110969902591 -0.0294186490555839 -9999 -9999 0.00170444001233434 0.0182216939018293 0.131960593093519 0.237382421054928 0.174299844863987 0.198102045200121 0.157103920876201 0.155313752479746 0.139120130563984 0.108103836190554 0.104860856184534 -9999 -9999 -9999 0.0584761196023331 0.0488102608002577 -9999 -9999 -9999 -9999 -0.025942412302464 0.188674476310656 0.268018534868941 -9999 -9999 -9999 -0.139683696296525
-9999 -9999 -9999 -9999 -9999 -9999 -9999 -9999 -9999 -9999 -9999 -9999 -9999 -9999 -0.184252422352279 -0.13078653923139 -0.0744337351921103 -9999 -9999 -9999 -9999 -9999 -9999 0.211940236405631 -9999 0.0490043907977414 0.115835451091109 0.248204892216109 0.207652729213752 0.134891993969497 0.191919895926997 0.237550160796696 0.203522438730629 0.0939960025781816 0.0743124208069269 0.134058305667729 0.275460666070368 -9999 0.208895530775998 0.231152241671408 0.297365826226374 -0.0512801364927465 -0.0661267240065742 0.0208788969593151 -0.0189693263440969 0.0269677464707653 -9999 -9999 -9999 0.0266530505472382 -0.0696263327954199
-9999 -9999 -9999 -9999 -9999 -9999 -9999 -9999 -9999 -9999 -9999 -9999 -9999 -9999 -9999 -0.0791632125201781 -0.118114839729902 0.0543705164994917 -9999 -9999 -9999 -9999 0.0841346767710557 0.150693307977456 0.131036500788033 0.122541540375733 -9999 -9999 0.252378334021053 0.186711024524265 0.223914961832494 -0.00789979031146843 0.121213634801448 0.193874981302612 0.191523167043214 0.142953690471854 0.293398359119149 0.290281724800314 0.248396768419799 0.298055360049496 0.333223324458197 0.0771175528966122 -0.0881269033559416 0.0263279634518927 0.0317944390726784 -0.0716158976866507 -0.0926521114004057 -0.0795491576236326 -0.0344879567652436 -0.0408332788153567 -0.0022860331493733
-9999 -9999 -9999 -9999 -9999 -9999 -9999 -9999 -9999 -9999 -9999 -9999 -9999 -9999 -9999 0.0481711044025489 -0.00734605645661895 0.15645730178405 0.0823551991904431 0.143133762105603 -9999 0.0738417775375466 0.184133843835272 0.118112606427006 0.101856736229117 0.130937885831956 0.174980927112204 -9999 -9999 0.167333314000526 0.10261033185843 0.112936079998648 0.0661716097560285 0.136747192484161 0.149588393873792 -9999 0.338324953000385 0.288458533463343 0.234829420417127 0.255843979759994 0.444384957294839 0.272603043253238 0.105297554400474 0.00917365404399227 0.131443010732508 0.105151214936216 -0.120967921994613 -0.115367178297732 -9999 -0.0163160475389351 -0.00986432350847463
-9999 -9999 -9999 -9999 -9999 -9999 -9999 -9999 -9999 -9999 -9999 -9999 -9999 -9999 -9999 -9999 0.13186946279911 0.0801288386221668 0.0739551791892835 0.043772763980137 -9999 -9999 -9999 -9999 0.218068484505575 0.182132705608106 -9999 -9999 -9999 -9999 0.156915833087986 0.20403196040982 0.128792628547912 0.214805128793687 -9999 -9999 -9999 0.259842300577245 0.26080168566206 -9999 0.40918032410137 0.345629058546952 -9999 -9999 0.144337696352576 0.109690694315074 0.0841437289504142 -9999 -9999 -9999 -0.00729167802854991
