data/rasters/s9.26.09.li.5_xyz_08_.asc
NCOLS 100 
NROWS 100 
XLLCORNER -4 
YLLCORNER -4 
CELLSIZE 0.08 
NODATA_value -9999 
[rows 44 to 65 of 100, columns 49 to 97 of 100]
0.0770037412892557 0.00141430666305974 -0.112759715585506 -0.213299305134266 -9999 -9999 -9999 -9999 -0.122947300797815 -0.127842264873618 -0.0180784294174711 -0.0911258937104905 -0.143425267813886 -0.161641244278067 -0.202815024594172 -0.153184977577122 -0.077121067683168 -0.035357986346583 -0.0429771702060832 -0.00599234401421692 -9999 0.0427060534711759 -0.0114371275854814 -9999 -0.103790360405276 -0.154505134757695 -0.00612644263186574 0.00407311989083662 -0.0304489598483942 0.052635201513914 0.0882753365086285 -0.0841908203656574 -0.0610686509435639 -0.0341756485169281 -0.0559895315740495 -0.204197383305282 -0.142869156932932 -0.110572876460145 -9999 -9999 -9999 -9999 -9999 -9999 -9999 -9999 -9999 -9999 -9999
0.0459950944310061 0.0589354080154512 -0.0638854787719936 -9999 -9999 -9999 -9999 -9999 -9999 -0.178735912151423 -0.127634713539915 -0.131960948557097 -9999 -9999 -0.0565931792693413 -0.0203220243767546 -0.0497824488149066 -0.113668952619062 -0.0358551722614393 -0.102769375448556 0.0761559968809399 0.0468089761714404 -0.0242530869647768 -9999 -9999 -9999 -0.0283921138239508 -0.047963284416133 -0.271506195026828 0.011067521816025 0.0354500357458906 0.0176973741451541 -0.0315108036536459 -0.0698766166895059 -0.0822268781440149 -0.110101754461142 -0.0449011363615234 -0.0894834043742875 -0.0767061384293343 -9999 -9999 -9999 -9999 -9999 -9999 -9999 -9999 -9999 -9999
0.0102350425268289 0.00409284743325911 0.0499132087750428 -9999 -9999 -9999 -9999 -9999 -9999 -0.263625586123555 -0.207452621143017 -0.0830010445917693 -0.113796204167435 -0.118010084476465 -0.0871917311312591 -0.13407276978389 -0.1409877361296 -0.0949613815230328 -0.0112858201792794 -0.132397044877522 -0.0181819752991945 0.0122989245721383 -0.0342538291478831 -0.0124830373334872 -9999 -9999 -9999 -0.168969669252801 -9999 -0.00271047270119479 -0.0652450695766663 -0.0290362306263675 -0.143857013458196 -0.356001061633537 -0.13276245296242 -0.158837408939761 -0.135340622138661 -0.157598163648584 -0.139808244015174 -9999 -9999 -9999 -9999 -9999 -9999 -9999 -9999 -9999 -9999
0.00237095239924552 0.0216303951389952 0.0591571046031235 -9999 -9999 -9999 -9999 -0.253588128502445 -0.193842948536355 -0.268771891684289 -0.160967194420084 -0.118138671570605 -0.11437997825365 -0.0929297267627419 -0.148300254167254 -0.156600609648866 -0.120542967691169 -0.0266560679201515 -0.0190300420538561 -0.0562544766177936 -0.0383019008210262 -0.0518237632314191 -0.082407376705296 -0.0924195466254746 0.0366229021017484 0.0713359917096558 -0.00365964370826405 0.0117406613477711 -0.0625925259969171 0.0183441154894827 0.0165110205353982 -0.0288883351915528 -0.0134548622313837 -0.00978643232275551 -0.172410034443955 -0.161567578311613 -0.154970150565958 -0.159986353914253 -0.236048343999434 -0.204050280061722 -9999 -9999 -9999 -9999 -9999 -9999 -9999 -9999 -9999
0.0119101038126897 0.0749183928941044 -0.127099862849831 -0.0594071761262035 -0.0595876427037128 -0.0652313630165164 -0.0571366866322022 -0.0614590602438194 -0.192706577717419 -0.198988999308694 -0.246252805027201 -0.200874288067681 -0.145232168721831 -0.0857535179838283 -9999 -0.172888114313961 -9999 -0.0311375262145345 -0.0410823300353057 -0.032124527761929 -0.109542419484598 -0.0841441862355412 -0.100139392321831 -0.0942108329020024 0.0307207798690831 -0.0109144741220592 -0.00628926633716574 -0.0017417984167861 0.00282345024423762 -0.0695785793098814 -0.02228290608179 -0.087397623643441 -0.0683379735219291 -0.00364215899635045 0.00316475852752369 -0.121106749680032 -0.130743813852272 -0.186896084280641 -0.309613087886216 -0.349821666707367 -9999 -9999 -9999 -9999 -9999 -9999 -9999 -9999 -9999
0.138901924487765 -9999 -0.0485773329569725 -0.0208470093119505 -9999 -9999 -0.155093436514223 -0.170216941637736 -0.176721211899529 -0.125879890651543 -0.220933399402956 -0.16144231464358 -9999 -9999 -9999 -9999 -9999 -9999 0.0417775959770454 0.0675957327030123 -0.185426504236653 -9999 0.0405458146150764 -0.00877164921105014 -0.00797533095315496 -0.0272530409929897 0.0100466007565842 0.0385320689895842 0.046171231922211 0.00482615132688525 0.00542246207783909 -0.0318763880375352 -0.0289525730799581 -0.0141700730245688 0.00667690264441822 -0.0640606112679155 -9999 -0.236428618119875 -0.197533233579357 -9999 -9999 -9999 -9999 -9999 -9999 -9999 -9999 -9999 -9999
0.0551928317647314 0.109021697731652 0.0326547840194619 -0.082854904794238 -9999 -9999 -0.165856832770897 -0.0740539955257667 -0.108577904220225 -0.296589095379687 -0.248606063467583 -0.181365290770311 -9999 -9999 -9999 0.0398489482366744 0.0378500196211396 -9999 -0.0277141255352445 -0.00281442312068088 -0.027397458002581 -0.00389668151796044 -0.0962041974730992 -0.0736499628505344 -0.0318629854175186 0.0297424117275001 0.0471999747101144 -0.0125025489245342 -0.0356385462927536 0.0324589427598703 0.0509464656896839 0.00330092464663208 -0.0169015465604958 -0.0774451253109654 -0.0162209829161332 -0.0796391486149212 -9999 -0.193552415064342 -0.2139117412955 -9999 -9999 -9999 -9999 -9999 -9999 -9999 -9999 -9999 -9999
0.0418555265205813 0.0408914578034064 0.0479227302988282 0.000490848456172666 -0.150136736441127 -0.146803090704233 -0.175661907995823 -0.267101585178837 -9999 -0.264760505722321 -0.2437108584071 -0.227703825006397 -0.237375042993373 -0.315309445205216 -0.179385615067629 -0.00915051404721866 -0.0612343791926918 0.0169027267906845 -0.00953817472710567 -0.00066209073284135 -0.0379407269876892 -9999 -0.0915633920106248 -0.0769823037905241 -0.0543459401792675 0.0206377670665449 -0.0436686439791935 -0.0421867068859237 -0.0347863909190173 -0.0239912442673992 0.0294156513302532 0.0856308669065547 0.0300007844991857 -0.108605893957289 -9999 -9999 -9999 -0.196887506049555 -0.232013247011649 -9999 -9999 -9999 -9999 -9999 -9999 -9999 -9999 -9999 -9999
-9999 -0.152836267424425 0.00340409190456726 -0.0399606222499449 -0.163833279750928 -0.187378417862939 -0.238479549762289 -0.286641229845296 -0.257529800530036 -0.247516406372522 -0.269131928186647 -0.230754807773077 -0.228176858826404 -0.144807010626173 -0.0847796437625559 -0.0365159329720225 -0.0550380709218426 -0.142073706944096 0.0131581359519476 0.0986609533340077 0.147106396670737 -9999 -0.0515249617352971 -0.0389534957006571 -9999 0.0258456049108618 -0.013238747072974 -0.0785687293726329 -0.110099370150447 -0.0964377101607535 0.0103117972450069 -0.0168267778546135 -0.0925882829125181 -0.161258906228355 -0.164171917498981 -9999 -0.281834962821888 -0.195614980497841 -0.130354415297433 -9999 -9999 -9999 -9999 -9999 -9999 -9999 -9999 -9999 -9999
-0.0807363911577676 -0.0893561268315369 -0.0257597209993755 -0.0207361871371499 -0.0271099912613918 -0.13739066648262 -0.155898345364858 -0.136149380664577 -0.255535460221823 -0.230122199968865 -0.189047816958183 -0.17223643536059 -9999 -0.237157501492158 -0.153845640751871 -0.0734704206387177 0.0286414477967669 0.0482906523437455 0.0543905836017114 0.00780151172485574 0.0229730021887028 -0.00968827105693142 -0.00202822930340732 -0.0191312206159455 -0.0077919409276513 -0.0358644603109747 -0.0737968612827313 -0.128886086220903 -0.125582266489158 -9999 -0.0659397732046148 -0.196213970150465 -0.198540008853404 -0.186387543205872 -0.197017479699337 -9999 -0.283901363163098 -0.191926075724682 -0.155744936325691 -0.285884802142463 -9999 -9999 -9999 -9999 -9999 -9999 -9999 -9999 -9999
-0.0938997380649337 -0.0909873571761627 -0.0579927788094258 -0.0649942200610951 -0.0381858061575418 -0.024156650617105 -0.0456692912422306 -9999 -0.264236786363858 -0.227095930809134 -0.201434951194577 -0.244284178362996 -9999 -9999 -0.0691721190517088 -0.00569522016855065 0.122556440684821 0.0841348131201588 0.0184939920460701 0.00166728575521319 -0.075553497213822 -0.0809188327967616 -0.0173180543946077 -0.0754255446101978 -0.0802915137379532 0.00440737168300481 -0.0136558194718379 0.00867396081942474 -0.127460804125143 -0.21602381537083 -0.190530961915579 -0.194720427638293 -0.179018930319896 -0.207764427644013 -0.185523156178208 -0.176504940278645 -0.213794020063919 -0.251060050602611 -0.18379875743585 -0.147014799121851 -9999 -9999 -9999 -9999 -9999 -9999 -9999 -9999 -9999
-0.0622246977457601 0.0456677523028563 -0.0648746022004696 -0.083294878826098 -0.0712516531528353 -0.000356205396704239 -0.0109730110563264 -0.242539778314512 -0.206557056022621 -0.171115698898675 -0.176886630225823 -0.146518408920291 -9999 -9999 -0.0152174064751163 -0.0499948681340153 0.0769382428659893 0.00784923148094282 -0.0118663427726286 -0.0636597898487843 -0.000468092058031636 -0.0125860625666937 -0.00550122910755258 -0.0995936425258605 -0.0473710547353444 0.0378039760461855 -0.0143357280943954 0.0238776225347882 -0.174648653846326 -0.141659820692667 -0.0862181708410452 -0.28539355035079 -0.244317033143563 -0.239170109000618 -9999 -0.209828863633418 -0.112824545749811 -0.159106427855745 -0.131447528397626 -0.223006019503552 -9999 -9999 -9999 -9999 -9999 -9999 -9999 -9999 -9999
-0.082128060429556 -0.127575447304593 -0.0718287343984144 -0.101588633100357 -0.129501454165456 -0.1119361579064 -0.0800213611271443 -0.0187330358136443 -0.276099580001767 -0.109308844564291 -0.0781844896605506 -0.0388499982206836 -9999 -9999 -0.0745516582461474 -0.0706746862411308 0.0762521472745091 0.0928089121368721 0.0514668619089091 -0.0291578883489621 -0.0520041824790044 -0.0298964842046487 -0.0612363484739119 -0.083729066143211 -0.0441013307684294 -0.0157671846048634 -0.0853270881823576 -0.0163332024050902 -0.10761718210698 -0.104357431030524 -0.0953577347264691 -0.0808229652960571 -0.189454508680482 -0.245160348061985 -0.3062706396039 -0.187584103166502 -0.215716872300179 -9999 -0.050887525517219 -0.0944836794051715 -9999 -9999 -9999 -9999 -9999 -9999 -9999 -9999 -9999
-0.0412477607473926 -0.0705681500178919 -0.0321536195891482 0.0172633935381095 0.0300441297642075 -9999 -0.134639690367046 -0.117468021114548 -0.0938028906503998 -0.00587536540340987 0.0318571376092631 0.0176751153375923 0.0869292799058863 -9999 -0.0472287678967534 -0.0589959351782245 0.0665069852152334 0.0585975711886386 0.0756705577370298 0.0497557355455942 -0.0340689231934933 0.00440060460137505 0.0310315444332632 0.00274006732592601 0.0427673714315515 0.0379456872917664 0.0399477862238904 0.00593362736153287 -0.00245751980556632 0.0478190209221371 -0.102745895645004 -0.19235311018329 -0.177393237599451 -0.226536389983158 -0.29560000635938 -0.25007558819189 -0.182624451690358 -9999 -0.0173628230758815 -9999 -9999 -9999 -9999 -9999 -9999 -9999 -9999 -9999 -9999
-0.0683414263269178 -0.113402039989361 -0.0855831467399233 -0.0584636761863173 0.0255523482409476 -9999 -0.31151732504359 -0.176345705298297 -0.086838661184122 -0.0125613479043432 0.00240425794232829 0.0388736804794317 0.0207348546509663 -0.0725642484617214 -0.0891255194248582 -0.0991265741632934 -0.0407602124665296 0.092530588591429 0.195018017773286 0.0982352443484474 0.0309939390197128 0.0405248179600034 0.126967615534911 0.0990741814788026 0.00346226267904764 -0.0515343951653444 -0.0951615231805657 -0.0736449753485811 0.0451660131623164 -9999 0.011622539526141 -0.108478794971737 -0.208270174171023 -0.185244296544955 -0.230024718402771 -0.223984313459147 -0.273949843579275 -9999 -9999 -9999 -9999 -9999 -9999 -9999 -9999 -9999 -9999 -9999 -9999
-0.082991955697238 -0.0356950473197779 -0.0165760460788162 -0.0851195381792693 -9999 -9999 0.0160658277103621 -0.073952102538693 -0.0203180798992714 0.0140409149767121 -0.00460607927341876 0.00978553101293979 -0.00168925339851607 0.0124844704671613 0.0240238355289601 -9999 -0.00395260967809836 -9999 0.147824904304334 0.123624466533605 0.045763569563016 0.016460455067626 0.0391477187210583 0.0399621541600712 -0.0296984435421706 -0.0897537577270773 -0.113933792070364 0.0327991369041561 0.0486711582359072 0.0720907465319622 -0.0254850075987084 -0.118152339813016 -0.215438989382237 -0.178122180802713 -0.0984947381841716 -0.0686632172482461 -9999 -9999 -9999 -9999 -9999 -9999 -9999 -9999 -9999 -9999 -9999 -9999 -9999
0.0110923733675715 -0.000278280326473693 0.0242771224560305 0.0640689815803939 -9999 -0.028197655105161 -0.027913531272678 -0.0281446028795772 0.0551387435121284 0.090514893647262 -9999 -0.0181947208263692 -0.0236280131954087 0.0357861991944742 0.109529916361488 0.0547722484283779 -0.0210018664113274 -0.0254894227259776 0.0511799716906703 0.0456533750909324 -9999 -9999 -9999 0.0293744951304949 -0.0910527943850208 -0.096464819117653 -0.128634212529025 -0.00320768502147613 0.055096844473666 -0.0370131220765651 0.0118752469882317 -9999 -0.165110155300074 -0.132760804866779 -0.121555725264047 -0.11730904144924 -9999 -0.0142610178968948 -9999 -9999 -9999 -9999 -9999 -9999 -9999 -9999 -9999 -9999 -9999
-0.0322155671395641 0.0311223874898539 0.0121277356068218 -0.072393593653154 -0.148296533459687 -0.0665096711285572 -0.0108162666948007 0.0627093214056737 0.102081349557863 0.137966793091966 -9999 0.036304445692805 0.0359029908078363 0.0858641870640552 0.0678577886080361 0.0640716892979386 0.0105573336695291 -0.000359478624652128 -9999 -9999 -9999 -9999 -0.0893925272689289 -0.161682096691432 -0.0885935199800467 -0.13503938195995 -0.128461286462499 -0.0641175803552488 -0.101621507299762 -0.0645869764424055 -0.0350139477610938 -9999 -0.0850037820791081 -0.0968974106919939 -0.133563158008216 -0.192752199587692 -0.0990575523550071 -0.110866669109194 -9999 -9999 -9999 -9999 -9999 -9999 -9999 -9999 -9999 -9999 -9999
-0.00930836635413795 0.0310365969322189 -0.0406388539485847 -0.224010702476491 -0.172414754675271 -0.171462851259172 0.107683500886962 0.0413511299019882 0.0676999651867064 0.0967001732602543 0.158225350159958 0.0727641417348347 0.063491201888572 -9999 -9999 0.0601661451503022 0.124917400479248 0.0997152066021598 0.094413639170214 0.0711314719965252 0.0322312310980477 -9999 -0.0617102364692579 -0.10319806084385 -0.0533572030432162 -0.0916876422151319 -0.138687703224548 -0.1109856255182 -0.10260235780426 -0.0250855108619473 -0.0101290930274939 -0.00864939893271728 -0.160480834524908 -0.136311204990899 -0.112195555100706 -0.0920413651478619 -0.134639995796141 -0.119052530022131 -9999 -9999 -9999 -9999 -9999 -9999 -9999 -9999 -9999 -9999 -9999
0.0369325424814567 0.0321439915095722 0.113445014271231 0.0989140078418251 0.113475553537007 0.104352236883259 0.121540474590952 0.0650274830480418 0.0450455891795059 0.0790654238059921 0.126998951618977 0.108420217014364 0.0981061763754869 0.102866541534025 -9999 0.127251282504551 0.1628175847626 0.0490785230917187 0.0769362131725038 0.0490568926795785 0.00349936902604155 -0.0752025653103158 -0.0378036873622841 -0.0414734787527464 -0.0553695505217785 -0.115479367083183 -0.14665591808522 -0.228333585869495 -0.0530385634568335 -0.0188561800166966 0.0318675498173114 -0.0728847693508753 -0.192845003332019 -0.175810367315022 -0.174182130308978 -0.216352150914394 -0.147976103296112 -0.121812048761418 -9999 -9999 -9999 -9999 -9999 -9999 -9999 -9999 -9999 -9999 -9999
0.0779295637226687 0.112362960630414 0.115399924071543 0.126015980763882 0.0776021040831797 0.0505565178154148 0.115921226116407 0.130712396043919 -0.00437846767539766 0.0423676720160323 0.0837989006524063 0.0626897770490718 0.181256997477502 0.227549021258432 0.17048362921752 0.0933474112776025 0.072261654954132 0.0438730266762366 -9999 0.0618754762638371 -0.00036807549218716 -0.0224569208087928 -0.0757277943207431 -0.0278308296363282 -9999 -0.0978187428149397 -0.100042758475914 0.00347774747634995 -0.0749631654667254 -0.0419695223846642 -0.0202377497161836 -0.191912332177079 -0.195053396399152 -0.186361092404444 -0.149417831455958 -0.221113740653262 -0.203554110095268 -9999 -9999 -9999 -9999 -9999 -9999 -9999 -9999 -9999 -9999 -9999 -9999
0.102760535143588 0.128144843805007 0.195067401805925 0.0314745730454657 0.0726480269366013 0.114415178736043 0.121276035241832 0.216603544712364 0.0576329693833207 0.076773448766553 0.0344668732271422 0.134184737246023 0.115929993562627 0.143018955383055 0.145994752944678 0.126177193441762 -9999 -9999 -9999 0.030396322502214 0.0323523210024537 0.00054293199891641 -0.000805043140094293 -0.0343085767456956 -0.0927709179301511 -0.110160492382681 -0.127109763979334 -0.0374294130480738 -0.0222525271040074 -0.000783053322055684 -9999 -9999 -0.152180951649161 -0.171003910322147 -0.16544827604373 -0.20905847349148 -0.212129602469007 -9999 -9999 -9999 -9999 -9999 -9999 -9999 -9999 -9999 -9999 -9999 -9999
