data/rasters/s9.26.09.li.2_xyz_08_.asc
NCOLS 100 
NROWS 100 
XLLCORNER -4 
YLLCORNER -4 
CELLSIZE 0.08 
NODATA_value -9999 
[rows 23 to 45 of 100, columns 0 to 50 of 100]
-9999 -9999 -9999 -9999 -9999 -9999 -9999 -9999 -9999 -9999 -9999 -9999 -9999 -9999 -9999 -9999 -9999 -9999 -9999 -9999 -9999 -9999 0.23428856998546 0.306347207380644 0.398119667073361 0.480742356982305 0.483233850862573 -9999 0.277534030042647 0.1069578151009 0.0826262081091907 0.195540761118865 0.120091301082082 -9999 -9999 -0.152344403709406 0.00322791379898908 0.0143770895821302 0.0422739574600802 -9999 0.136956479174084 0.113529969435871 0.13531729565786 0.116815566251361 0.115748906146534 0.167085204107226 0.123526942701623 0.0718357314730098 -0.135728513073917 -0.103265578084811 -0.221196604952068
-9999 -9999 -9999 -9999 -9999 -9999 -9999 -9999 -9999 -9999 -9999 -9999 -9999 -9999 -9999 -9999 -9999 -9999 -9999 -9999 -9999 -9999 0.329485680837084 0.36880869743055 0.444266990659242 -9999 -9999 0.27000640470743 0.252778253358421 0.145924630739709 0.0615364559903626 0.10012338614807 0.124136985625787 0.128653885490958 0.197653452238245 -0.0364639107209335 -0.000255924348186962 -9999 -9999 0.0387216298314809 0.0942925279161521 0.109580143684095 0.11105180922301 0.182698694343478 0.117256662496922 0.128119804444373 0.14271882932321 -0.0600189604236508 -0.124945873904419 -0.208907318631986 -0.225872702879515
-9999 -9999 -9999 -9999 -9999 -9999 -9999 -9999 -9999 -9999 -9999 -9999 -9999 -9999 -9999 -9999 -9999 -9999 -9999 -9999 -9999 -9999 0.341787317962925 -9999 -9999 -9999 -9999 0.0903812311672145 0.182583185291474 0.233762106205358 0.116558843190009 -9999 0.0932268017837325 0.0617319420759433 0.00950513639100293 -0.00896803308920316 -0.0334428945358621 0.0272219455040758 0.0496892822372658 0.0703800698354466 0.0932243639718819 0.15567009726278 0.0920027629559082 0.0911212282278833 0.0848799322190249 0.23621119033298 0.195579076074594 0.0212542408911564 -0.182465489429933 -0.172885186809198 -0.177141695792694
-9999 -9999 -9999 -9999 -9999 -9999 -9999 -9999 -9999 -9999 -9999 -9999 -9999 -9999 -9999 -9999 -9999 -9999 -9999 -9999 -9999 -9999 -9999 -9999 0.367397783140586 0.358531122858118 0.326318578569874 0.0378569888291949 0.111644182460959 0.116839490262944 0.0505874847353724 -0.0420543223164441 -0.0121680658812772 -0.047254532611505 -0.116015804754551 -0.0147731392392439 0.148234731983447 0.091545267817997 0.0518865887267979 0.087281975803837 0.0942210563592103 0.102604029764572 0.0745187269836178 0.0436762935451961 -9999 -9999 0.0770212169911158 0.153779096430613 -0.0601746352707091 -0.0798441404973351 -0.031124571787217
-9999 -9999 -9999 -9999 -9999 -9999 -9999 -9999 -9999 -9999 -9999 -9999 -9999 -9999 -9999 -9999 -9999 -9999 0.180217485651353 0.147229246571211 0.245913187152777 -9999 -9999 0.384127183558296 0.298549329541612 0.303666698006186 0.255259355423951 -9999 -9999 -9999 0.11559139568028 -0.0209824091315003 -0.0302306335829328 0.0548460225147908 -9999 0.0997372816213579 0.0607061014859689 0.0714977820114468 -0.00424837837987379 0.0520240192175268 0.0501488382461956 0.054762400936728 -0.0604429174479883 0.095387478888419 -9999 -9999 -9999 -0.0990919292198642 -0.0932066443195978 -0.205825596651523 -0.165210134782729
-9999 -9999 -9999 -9999 -9999 -9999 -9999 -9999 -9999 -9999 -9999 -9999 -9999 -9999 -9999 -9999 -9999 0.140118904013376 0.219280116447105 0.20944317034874 0.25903098495847 -9999 0.474237507472269 0.40320079106214 -9999 0.0934381140020274 -9999 -9999 -9999 -9999 -9999 -0.0465524796878475 -0.019953733389047 0.0983277292308148 -9999 0.0711940538142121 0.0508708387364661 -0.0217665708795387 -0.0257377535824348 0.0242263367616692 -0.000242678088655728 -0.0471201383386614 -0.0922571503760473 -0.0944424986407016 -0.00188792888177813 -9999 -0.114317564608904 -0.0897679684576318 0.172371860029834 -0.129598416567765 -0.165222749999747
-9999 -9999 -9999 -9999 -9999 -9999 -9999 -9999 -9999 -9999 -9999 -9999 -9999 -9999 -9999 -9999 -9999 0.120653629270621 0.183147023394416 0.226928033934703 -9999 -9999 -9999 -9999 -9999 -9999 -9999 -9999 0.0244435213277785 -9999 -0.0508528123518272 -0.0253904870674515 -0.0654454980291963 0.0885986182059886 0.106150021093001 -9999 -9999 -9999 -0.0608375203186611 -0.0540304706482239 -9999 -0.183805771321102 -0.263780961992769 -0.0754588538332877 0.0187834115728696 -9999 -0.108753969231777 -0.0803486255990217 -0.125357093475529 -0.0931348021456893 -0.117277648525941
-9999 -9999 -9999 -9999 -9999 -9999 -9999 -9999 -9999 -9999 -9999 -9999 -9999 -9999 -9999 -9999 0.0729945697984437 0.0349271387221456 0.200882901136534 0.225778425331125 0.132295958669073 0.0512979752801294 0.11483121428014 0.0372758108258196 0.0231809690373107 0.0587556831785872 -0.0708376125197776 -0.0358641512531562 -0.0121024885609486 -9999 -0.089488045993154 -0.00230722093222589 -0.0981518929346764 -0.136713855244969 -0.11127510066795 -0.0146039381613273 -9999 -9999 -9999 -9999 -9999 -0.17433845560369 -0.215256708457504 -0.0878799023590835 -0.0551854325649729 -9999 -0.00405233697492133 -0.0219090388762528 -9999 -0.121996632596048 -0.114979192712866
-9999 -9999 -9999 -9999 -9999 -9999 -9999 -9999 -9999 -9999 -9999 -9999 -9999 -9999 -9999 -9999 -0.0796754159664185 0.0480582009786433 0.135217509485598 0.155443491355608 0.0793877374834582 0.0299600579166579 0.226742500430011 0.0317530029493665 0.0411882674170134 0.116567371246994 0.206217701334543 0.166983972749739 0.0229730981405238 -9999 0.059745228811351 -0.0975802586549485 -0.0956113905979458 -0.146330023834231 -0.115727244294148 -0.104725123202206 -0.180803310891464 -0.152073722771843 -0.0819992244990207 -9999 -9999 -0.116584600972727 -0.101608614992424 -0.0386944869677388 -9999 -9999 -0.0684755457333579 -0.0648531022877358 -0.0553905369738497 0.0284004414325958 -0.111174028919616
-9999 -9999 -9999 -9999 -9999 -9999 -9999 -9999 -9999 -9999 -9999 -9999 -9999 -9999 -9999 -0.0382587272347225 -0.0191223867957889 0.0265995700786402 0.141448593673752 0.0480167954504273 0.0713677810993096 0.00868576852523189 0.0789284075933591 0.0618072748032093 0.107110661770426 0.24188931423619 0.0931074850859325 0.0625770470716267 -9999 -9999 -9999 -0.124655969030209 -0.112500205622042 -0.188879850241922 -0.213105801539823 -0.137237409536401 -0.208554359753924 -0.146108830892944 -0.0701383912842779 -9999 -9999 -0.118339513563626 -0.0892631350807455 -0.0369300218608802 -0.00379030670978147 -0.045204333882948 -0.116887047231694 -0.0805328922288497 -0.055294665699158 -0.0762279793859355 -0.123042466807127
-9999 -9999 -9999 -9999 -9999 -9999 -9999 -9999 -9999 -9999 -9999 -9999 -9999 -9999 -0.0195701099130945 -0.0394380923302558 0.0314332304141864 -9999 -9999 -9999 0.00201718229278754 0.0293082925919547 0.0615873565110472 0.0915983633810828 -9999 -9999 -9999 -9999 -9999 -9999 -9999 -0.0902936263052036 -0.249396077686673 -0.239158110561079 -0.2138871524896 -0.147429927089416 -0.173495179617322 -0.14582144456505 -0.100084376739069 -9999 -9999 -0.131484474406302 -0.117163886659461 -0.0373013898964048 -0.0216573297494937 -0.017939831030562 -9999 -0.110077119342114 -0.11126464073337 -0.0956298673998933 -0.0784392739150129
-9999 -9999 -9999 -9999 -9999 -9999 -9999 -9999 -9999 -9999 -9999 -9999 -9999 -9999 -9999 -0.043350152387476 -9999 -9999 -9999 -9999 -9999 0.0924843508691762 -9999 0.160270970577914 0.205511832062128 0.190516383517741 0.20476979694779 0.171192646688874 0.179956876864477 -0.0232103053782724 -0.00714248377073471 -0.226374648518509 -0.229414874899608 -0.205138111526061 -0.165787945143693 -0.0778093040097777 -9999 -0.155323054803622 -0.234839908798067 -0.183077948582156 -0.13266834333722 -0.151777889043493 -0.0854800998352466 -0.0807603629383362 -0.0674689480969489 -0.0871808152703186 -9999 -0.139843983724927 -0.119131853242717 -0.0864154093086058 -0.0833816542793857
-9999 -9999 -9999 -9999 -9999 -9999 -9999 -9999 -9999 -9999 -9999 -9999 -9999 -9999 -9999 0.00285545739495961 -9999 -9999 -9999 -9999 0.229886232411172 0.136443163272179 0.171182427732587 0.155470518655628 0.0619486011028962 0.248495024530776 -9999 -9999 -9999 -0.038932266953015 -0.0440146297485805 -9999 -0.150169049662911 -9999 -9999 -9999 -0.128166665327226 -0.171011521555973 -0.13176073816572 -0.157440813607965 -0.171683696030242 -0.154818372256421 -0.21654337474302 -0.1105250972751 -0.156468511475717 -0.21242279445492 -9999 -0.132371220230304 -0.0605956078794669 -0.0450708504840592 -9999
-9999 -9999 -9999 -9999 -9999 -9999 -9999 -9999 -9999 -9999 -9999 -9999 -9999 -9999 -9999 -9999 0.159177577076883 -9999 -9999 -9999 0.160231784809039 0.131664597189347 0.0908758418315491 0.103512409367134 0.0251229620098127 -0.0386168982539672 -9999 -9999 0.232572357499623 0.113164675351132 0.0382551044682758 -9999 -9999 0.00713227452021989 -0.0469168348474233 -9999 -9999 -0.164406564030982 -0.172663401692784 -0.190500798654941 -0.1998666822432 -0.195317900940727 -0.100414645464642 -0.140865821641592 -0.16470641813224 -0.169353164902398 -9999 -0.0915838524772122 -0.0912136656261948 -0.12375898715406 0.0543964779066189
-9999 -9999 -9999 -9999 -9999 -9999 -9999 -9999 -9999 -9999 -9999 -9999 -9999 -9999 -9999 -9999 0.00159400158902058 0.0336385094945105 0.0775604143631064 0.207819534138287 0.0840075961475662 0.00469137510826603 0.114420800224363 0.0923027686102344 0.0439711651347068 -9999 -9999 0.171207954727058 0.10739957896063 0.0226084260828063 0.00780450873849892 0.0771673379569901 -0.0443998300110118 -0.0422519506578644 -0.0376817446789453 -9999 -9999 -9999 -0.180218767676768 -0.218219382565213 -9999 -9999 -0.147317467090078 -0.0435251838034176 -9999 -0.225177832046295 -0.157290617765184 -0.0621207982904769 -0.0191664939968754 -0.12396894242012 0.0802149660067913
-9999 -9999 -9999 -9999 -9999 -9999 -9999 -9999 -9999 -9999 -9999 -9999 -9999 0.0105768829475108 0.0282454210475741 0.0862530699053557 0.105425997885103 0.116523712020768 0.125245723861276 0.0660514555204051 0.130765362810527 -0.0726434962873561 0.457511462973034 0.445841519522969 0.436570803810119 -9999 -9999 -9999 -0.0417828839019989 -0.0260081443074987 0.143169814970679 -0.111315820675214 -0.138840298499916 -0.08361614470166 -9999 -9999 -0.173114391895573 -0.146292101723662 -0.144681854942205 -0.201597491319387 -0.183923489085665 -0.153767079298298 -0.156624406314241 -0.158079325057523 -0.153785356734049 -0.163510188205983 -0.0693514271023889 -0.0302750558910098 0.00940455895208394 0.0948578624828432 0.0771426064443086
-9999 -9999 -9999 -9999 -9999 -9999 -9999 -9999 -9999 -9999 -9999 -9999 -0.0295650103339172 0.00226464860204106 -9999 0.0523196530181783 0.0863341083869182 0.140225319237701 0.14583441370008 0.131853600314239 0.111494912230269 0.344030349113784 0.354395409193278 0.405638252016773 0.382774077338287 -9999 -9999 -9999 0.040644614356679 -0.0834770366749217 0.16097815632889 0.139861188248738 -0.0565389342078327 -0.0473119421298001 -0.0126231763539134 -0.176980154273222 -0.105891147158891 -0.130913000936541 -0.102492788022986 -0.0978917941349914 -0.151683157366375 -0.159964251474737 -0.094619711187762 -0.0383533841541335 -0.095340722201844 -0.0862431613859243 -0.162106616589168 -0.00606890511244775 -0.00742950720440084 0.0209101452879067 -0.0479933699538573
-9999 -9999 -9999 -9999 -9999 -9999 -9999 -9999 -9999 -9999 -9999 -9999 -0.0249484662178154 0.0438976143141599 -9999 0.0751204514524788 0.0775130598042607 0.137692967725581 0.139794845767776 0.105864363999829 0.188166454753574 0.29047675427524 0.231292566956569 0.397052499037998 0.375708129199738 -9999 -9999 -9999 -9999 -9999 0.158855387662372 -9999 -0.062053595947568 -0.0956629978797247 0.0413170306259435 -0.123042474800675 -0.139348203759477 -0.124831648572002 -0.118191586508189 -9999 -9999 -0.210951192529722 -0.141520499614521 -0.0741073740132607 -0.118891643574504 -0.147644661970082 -0.0980543252660413 -0.0912329642712395 -0.0772328387530339 -0.0916675407610206 -0.210638647166933
-9999 -9999 -9999 -9999 -9999 -9999 -9999 -9999 -9999 -9999 -9999 -9999 -9999 -0.0513578805905442 0.117053464412755 0.111774826200951 0.14624875643299 0.202781569158487 0.194396425366147 0.0886153868499522 0.166395152672055 0.133289459462233 0.242353168339327 0.317924863894095 0.365122187222814 0.357435602134196 0.233727791844476 -9999 -9999 -9999 -9999 -9999 -9999 -9999 -9999 -0.0185556834098413 0.0249441588279249 -0.0272320651493627 -0.115164177764477 -0.166966008740186 0.111879767135608 -0.252322323720105 -0.225764199200512 -9999 -9999 -0.160510656993869 -0.185702774482701 -0.117768724177108 -0.181888500516762 -0.170832814063039 -0.141512261514302
-9999 -9999 -9999 -9999 -9999 -9999 -9999 -9999 -9999 -9999 -9999 -9999 0.110709303717439 0.0406749622648675 0.0625295346436593 0.0786358087205932 0.13300878574364 -9999 -9999 -9999 0.263242689517869 0.207509056946197 0.225640445001077 0.324225881345917 0.309423696752666 0.295836415587768 0.29694504939983 -9999 0.116285890890725 0.159888863549038 -9999 -9999 -9999 -9999 -9999 -0.08038470881446 -0.046968848132467 0.0186591430949984 -0.0205235612387554 -0.118397493840713 0.0590766032893694 -0.104468666729698 -0.200258604848171 -0.171202108609349 -0.127452490119078 -0.184678792225917 -0.0871140489763363 -0.00805377992041798 -9999 -0.229502276986324 -0.14614563823935
-9999 -9999 -9999 -9999 -9999 -9999 -9999 -9999 -9999 -9999 -9999 -9999 0.0994366952619438 0.131794721151077 -0.0147128684277324 0.102867503335205 0.125896673917851 -0.257168367713494 0.0301722852492214 -0.0137297223009319 -9999 0.166287318995613 0.149057343229353 0.195956807934884 0.174683641665851 0.208808233119572 0.128253514031411 0.0822295898292472 0.188506034231274 0.268218763443364 -9999 -0.128277226587606 -0.157925736004445 -0.0933421963573903 0.0222606315528495 -0.0318227170220945 -0.00908776359228184 0.0369529201340218 0.0592494802470047 -0.0829477255579017 -0.0611395194808335 0.0595844142285372 -0.187329057670533 -0.135481791596697 -0.0975811438462392 -0.0915170563067007 0.0338920001491893 -0.0392177906753744 0.0299290051579144 -0.0975770926917912 -0.178400626659597
-9999 -9999 -9999 -9999 -9999 -9999 -9999 -9999 -9999 -9999 -9999 -9999 0.0348121045831354 -0.06358439178342 0.000942062273660354 0.076017795025085 -0.0151507856384518 0.0444538861118583 -0.0642391811663253 -0.0196862364604001 -9999 0.142621072540559 0.0771469992912964 0.134886333909552 -9999 0.117801294810159 0.137466865839389 0.0963410047477136 0.174122079479515 0.165240049474727 0.251776958575734 -0.0403219083877646 0.00291425678391152 0.062898229564322 -0.00782661498504211 0.0484437302483612 -9999 0.120141342702627 0.226426648609494 -9999 -0.088035404778177 -0.0200714613442021 -9999 -0.0868946748404755 -0.0170991718555712 0.00857987452556197 -0.0102618086497033 -0.048098845472856 -0.0530977236635293 -0.0118796840228699 -0.0372221735489329
-9999 -9999 -9999 -9999 -9999 -9999 -9999 -9999 -9999 -9999 -9999 -0.0959642691214642 -0.183437571583262 -0.103976261724987 -0.121303661285148 -0.0346036393956252 -0.0993834100584145 -0.108842041582488 -0.265134680453495 -0.0575078739466095 -0.0770886667049638 -0.120583633417818 0.117273400473641 0.135849399837258 0.114782918782806 -9999 -9999 -9999 0.154545126604894 0.190273393624792 0.194249294224732 0.138815386118284 0.0885640535997623 0.0741053962956121 0.0914273550862257 0.0927642429153188 0.0631312923430995 0.0601768235026111 0.0862446654106003 -9999 -0.104485352534383 -0.09654644616948 -0.0337826889811605 -0.0200391389258291 -9999 0.00771844409708502 0.00184017198767156 -0.068436862554598 -0.0820409178971102 -0.0852591109308258 -0.103378327761298
