data/rasters/s9.26.09.li.1_xyz_08_.asc
NCOLS 100 
NROWS 100 
XLLCORNER -4 
YLLCORNER -4 
CELLSIZE 0.08 
NODATA_value -9999 
[rows 44 to 65 of 100, columns 49 to 97 of 100]
-0.0592368886753092 -0.144353988731769 -0.112220932256571 -0.113956935067935 -0.18844952724609 -0.17807397080276 -0.146402491548079 -0.157823558670896 -0.0579096058068073 -0.0314012158450569 -0.044490756971854 -0.0742777401713746 -0.247465112114316 -9999 -0.0383476775549218 -0.0595906120688719 -0.19436328765431 -9999 0.0361057381559953 -0.0489542914620288 -0.104309504700301 0.121331869131106 0.128316359472435 0.0206338403140582 0.0768558047217276 0.151243920025177 0.0961256041045548 -9999 -9999 -0.209628573606077 -0.19843009443813 -0.128052731825124 -0.139520441288453 -0.123791301509739 -0.0805699977866789 -0.128183094708152 -0.0767818807440046 -0.108806356445762 0.2238101849767 0.168975012336592 -9999 -9999 -9999 -9999 -9999 -9999 -9999 -9999 -9999
-0.094711028974696 -0.126946855680744 -0.117619654712302 -0.116889981847293 -0.217755865136153 -0.145346741747627 -0.179548602808728 -0.131382561408926 -0.0688295092614452 -0.0839034211445349 -0.193969925905105 -0.152051852428422 -0.157207943932956 -9999 -9999 -0.0641142122796638 -0.0269303544023949 0.0338514946045916 0.045494733705567 -0.0744747711130687 0.0360105163784829 -0.0325016446372994 0.0832366641556981 0.0452000725775347 0.0555664939034227 -0.0159823425734642 0.0167298491130296 -9999 -0.267232792695418 -0.212631724274696 -0.167221174758735 -0.126338360191772 -0.236728495272392 -0.228065790267905 -0.166878370524635 -0.167341291235143 0.0801222556621623 0.0366339656627125 0.141958587486144 0.0868894220498425 -9999 -9999 -9999 -9999 -9999 -9999 -9999 -9999 -9999
-0.172247833853566 -0.145126700432423 -0.109210793783154 -9999 -9999 -0.14789931786958 -0.227693731148075 -0.12857611062113 -0.229153245485047 -0.142025088935633 -0.110029158518447 -0.0800674371236987 -0.082079993326436 0.0204057425933147 0.105486806199966 0.0194294198655657 -0.0183158350466355 0.0350642465875537 0.0296494155336889 0.0372928628618474 0.0654615556598648 -0.0295428023640511 -0.0267277993842384 0.0266902042677137 -0.0424467444646562 -0.0473891101228085 0.000184464329114328 -0.0340939879208267 -0.247563951236459 -0.196044107894173 -0.208016384865147 -0.202806211744369 -0.144485496584308 -0.128876814584305 -0.217220990173696 -0.153240732755734 -0.28812555713265 -0.309147066520387 -0.310083512784618 -9999 -9999 -9999 -9999 -9999 -9999 -9999 -9999 -9999 -9999
-0.19921681525199 -0.124855837951097 -0.105816723720688 -9999 -9999 -0.196331604248408 -0.183032153423495 -0.155714483496789 -0.235684418777115 -0.166314972241473 -0.0436132257949564 -0.0227680270345524 -0.0646476565012579 0.0188700976222837 0.123859760500601 -0.0237037387568323 0.0105288778206783 -0.000282292966309673 0.0113774042447499 -0.0416993768563433 -0.047725030037167 0.0099439867901024 -0.0945159024431558 -0.082000520743402 -0.0368546601054883 -0.0237574406173637 0.0387731831820274 -0.0694038099156451 -0.153520417692028 -0.190340442303663 -0.101297668366441 -0.144399692832726 -0.223509306094805 -0.19797812021717 -0.247959784131887 -0.360082814981455 -0.198267924958119 -0.225805892099985 -0.293498460825046 -0.0526372236570981 -9999 -9999 -9999 -9999 -9999 -9999 -9999 -9999 -9999
-0.0899300023393827 -0.0526874460258034 -0.0377410343218137 -9999 -9999 -0.178356528430379 -0.228581972266973 -9999 -9999 -0.135752434122198 0.0176580802084387 0.0275904393395832 -0.0522621674382325 -0.0162259386640771 0.0816754893859133 0.059586057469075 -0.0324384990594661 -0.0029500825178262 -0.0625561309219011 -0.0312009894004403 -9999 -0.0913533514907478 -0.0951672511033776 0.0161928276382953 -0.014730377661496 0.0162664255599754 -0.0380424448965623 -0.0731130613475113 -0.14160247941711 -0.0786978668313944 0.0865546421182397 -0.203504409864826 -0.208063418771479 -0.232014797949544 -0.343831645263624 -9999 -9999 -0.132376637413354 -0.107028205294636 -0.0124775703751659 -9999 -9999 -9999 -9999 -9999 -9999 -9999 -9999 -9999
-0.0560812364611622 -0.0172627728274225 -0.0842895034987093 -0.0230366422927053 -0.087775059217556 -0.0786098773510332 -0.00807158198438633 -0.106185665449878 -9999 -9999 0.101945694313634 0.0716977613937112 0.00842283457341589 -0.0179879026359742 0.0614068538931752 0.0577771967897464 -0.0142039585766192 -0.0484239135261677 -0.0417978504351292 -0.0294542635233645 -9999 -9999 -9999 0.0712971048348582 0.0711340573552843 -0.0304006617224121 -0.0123086815052167 -0.0351309013824362 -0.0381536536804156 -0.0195166407244925 -0.0410930440973547 -9999 -9999 -0.330508198380155 -9999 -0.259026789993483 -0.0312550775891322 -0.0832601592532422 0.0614562068821418 -0.0543617398503828 -9999 -9999 -9999 -9999 -9999 -9999 -9999 -9999 -9999
-9999 0.0674464720248711 -0.0530518380205392 -0.00410601491062948 -0.15339273331056 -0.0575573668496385 -0.026085525187068 -0.114657125615274 -0.286562839879382 -9999 0.138682067472925 0.0863407883327623 0.0287214108787974 -0.0182251421354586 -0.0559567064215456 0.00379829913463287 -0.00937241312065485 -0.0243657817291441 -0.0128268065039524 -0.0487802660669867 0.0464421667532845 0.0931046165145972 0.0541743004838744 0.0675398319230124 0.0966032459620016 0.0583609236651906 0.00733319563054262 -0.0191432047920274 0.0292778607969264 0.10514659641588 0.0344564807867324 -0.0145741480511823 -0.0641257197915323 -0.255651119730987 -0.209768106564306 -0.156159034483251 0.00607531187375784 -0.0828095624974685 0.0896469596540357 0.0195799034163843 -9999 -9999 -9999 -9999 -9999 -9999 -9999 -9999 -9999
0.0822140433283722 0.0370769324023012 0.0978093302766295 0.0662935942320466 -9999 0.0126882981228729 -0.073470445087241 -0.0945096082567389 -0.211563100524346 -9999 -9999 0.0494364487692654 0.0305825929142823 -0.0817657157788204 -0.0304034945978897 -0.0106177323074746 0.00652545022274176 0.0313244363839104 0.028612981316487 -9999 0.131949690610269 0.13068901147092 0.0720578916443288 0.0991696773271176 0.133673040357616 0.164135180573017 0.0806269338996288 0.0765820193648384 0.121349354296106 0.12651850305862 0.109899736853 0.0905277830282278 -9999 -0.139216144044859 -0.178729047675696 -0.220325395502334 -0.0364111470222951 0.0730953629827974 0.100219764987712 0.00290397968660202 -9999 -9999 -9999 -9999 -9999 -9999 -9999 -9999 -9999
0.0573689568854752 -0.00202797423799373 0.0131391550764519 0.0764535664758946 0.0111175196892257 -0.103043472750484 -0.0296334263433079 -0.0150083278822723 -0.0226232485385965 -0.04435758541495 0.124495671514523 0.0969117681583835 0.0821867497018013 0.0139175913454101 0.0353238725170684 0.027160829751736 0.00758050701457602 0.0523681108037329 0.0540618042283553 0.0780015754581246 0.0824537397965995 0.112653395992635 0.0859839646833701 0.106074805561358 0.138298321624643 0.171069723467323 0.090320511132931 0.109042217626256 0.0514641532166617 -0.0111069018045083 0.0160077520185336 0.0553320349207786 0.0697190038043295 -0.062985299825757 -0.109983219859435 -0.0709616898365605 -0.120719439197287 0.133068144918635 -0.0763459964056821 -0.151099175296 -9999 -9999 -9999 -9999 -9999 -9999 -9999 -9999 -9999
0.0881406454312651 0.0796619998793967 0.0373896052614335 0.0850714391032511 -0.0391484308467847 -0.068450787261606 -0.0376267551092086 -0.154290959790786 0.00711555651933697 0.0142096504323598 0.0883526647832249 0.131790269387459 0.0836177734476515 0.120057049410536 0.0627722322292603 0.0463896269220288 -9999 0.0960185617917587 0.0719528296238382 0.0913736673287 0.100888221507002 0.198793302151105 0.198783652257601 0.117114155493139 0.111163188737517 -0.0434259072197602 -9999 0.0459510353075008 0.0163755562291273 -0.0788339577153647 0.015563040579108 0.0335884699937141 0.0209086260335374 -0.00787953077602194 0.000426423267713602 -0.0204176505139019 -0.216444561471459 0.0206139358780376 -0.0796177127450573 -0.23117012746415 -9999 -9999 -9999 -9999 -9999 -9999 -9999 -9999 -9999
0.115521773247713 0.0533228825335198 -0.0734806964221753 -0.113276754619866 -0.274507641897445 -0.0564620996921163 -0.0305771631342201 -0.0347670825209292 -9999 -9999 0.0154432352504146 0.0194613341834874 0.0145395440682866 -0.0995461289773283 0.0415017701867004 0.0368373467912476 -9999 0.150290671708189 0.0881984309246937 -9999 0.118897020503012 0.164294883607659 0.131931295895949 0.157357466084743 -9999 -0.0957539845456979 0.108546252078884 0.106619833136573 0.00166158703721697 -0.0271995835008983 0.0189855049024878 0.0154747168669886 0.0240556772826938 0.0148530476781938 0.0591876761568054 -0.0816504143568686 0.084077496663586 -9999 -9999 -9999 -9999 -9999 -9999 -9999 -9999 -9999 -9999 -9999 -9999
0.051674840567862 0.0255929469392812 -0.0238940059938237 -0.103216303897144 -0.177582820918845 -0.218619505181185 -0.22028323617156 -0.223034772893865 -9999 0.109163017060759 0.0411202377645142 0.0211568360802955 -0.0134655433627658 0.0655020222230628 0.0724936488739345 0.00894722727600388 -0.0858532575244227 0.0140032754927083 0.0618814240263912 -9999 0.122717670615094 0.160701166887309 0.0667648762840655 0.0909897821890888 0.0592822193617735 0.0162756709947645 0.0666913698942409 0.0564488870591197 0.016004179862327 0.0201463925456274 -0.018298829309296 -0.0158789197132402 0.10545732730968 0.0975626795119571 0.109335147811875 0.0321042502824772 0.0151995441156378 0.00565629970315984 -9999 -0.116704272203655 -9999 -9999 -9999 -9999 -9999 -9999 -9999 -9999 -9999
0.0548986319769588 0.0120146226842745 -0.115271547270024 -0.0834196978461476 -0.125193647715544 -0.233896651138753 -0.253397506576029 -9999 0.078946954469269 0.114022578203012 0.0947185079848083 0.0622747697117027 0.0814848613842147 0.14801018689991 0.146522412175153 0.0903879197901003 -0.0235537941400068 -0.0195113962721558 -0.0275933340079917 -0.0317354252984353 0.176170611744375 0.150228617142312 0.0409432695241573 0.0519760315689237 0.0622665207957372 0.036081847928348 -9999 0.0232761452908737 -0.0458271221435461 -0.00816348449750885 -0.0321547418430789 -0.0629473161506925 0.00784722520873719 0.138615137767498 0.130000895238766 0.00921734612280351 -0.0227455053667313 -0.00011458563694924 -0.0981399929383243 -0.152432559041401 -9999 -9999 -9999 -9999 -9999 -9999 -9999 -9999 -9999
0.0146590579249523 0.0964353875284155 -0.0195679624100735 -0.0944184083235041 -0.145771783252615 -0.169394488407125 -0.287371057861604 -0.110466150968855 -0.210218923732811 0.138193187986376 0.0792790867613044 0.171687997990112 0.109529560638683 0.16248780774424 0.176044046439076 0.0967235912255208 0.0517236532959238 0.00601394995518894 -0.0936307857815156 -0.0572610707198045 0.031977864853694 0.12225131158814 0.101369073897383 0.0654371073877558 0.117777800448088 0.0543851838616984 0.0607757543388142 0.0510540934389978 0.000108039385919075 -0.0422093673084341 0.0777274391738341 0.0631177550429397 0.166276345401232 0.15908089446938 0.0393575348837769 -0.0643278437866895 0.0324586185688702 0.0305352450938033 -0.183528830703576 -9999 -9999 -9999 -9999 -9999 -9999 -9999 -9999 -9999 -9999
-0.0388740748900981 -0.0913021115007747 0.000890230324987048 -0.14691218029176 -0.242538272061539 -0.200444848136192 -0.153597665101666 -0.110652132176129 -0.0203749942127251 0.104699835666221 0.0767443443473012 0.146897935043662 0.147453082815242 0.134244701594597 0.0931908429046883 0.14111653653834 0.0940759522462268 -9999 -0.0711499095771836 -0.0338476338754999 0.0558596812248232 0.065717992140456 0.130791314983312 0.100486317122712 0.0855460109638001 0.135454867716762 0.144121007591415 0.0896319563892095 -0.109058757533807 0.0289104189089377 0.195899608033545 0.182168030814443 0.137144656194682 0.104946925426509 -0.189487853666372 -0.166535585971276 -0.0952758055365521 -0.112892788524169 -0.174414704995511 -9999 -9999 -9999 -9999 -9999 -9999 -9999 -9999 -9999 -9999
-0.105674326204341 -0.085900333026787 -9999 -0.197348946950464 -0.131152381873706 -0.135021204970466 -0.203160802883398 -0.145190286444403 -0.0169492631995636 0.0678761473060898 0.151945491820273 0.140240766981661 0.0962841333877263 0.101901483878575 0.147412429067463 0.140709999270798 -0.0293939165916723 -0.0386385310256873 -0.0420211623460285 0.0410861544810184 0.0149725492502961 0.081643455430809 0.119298943610505 0.118128316210807 0.131382895018801 -9999 0.184094749166754 -9999 -0.188545292431447 -0.00940487082081355 0.186074793396379 0.192399310746574 0.147417746678949 -0.0221434010303063 -9999 -0.152483047430091 -0.0434791763552282 -0.147263461187158 -9999 -9999 -9999 -9999 -9999 -9999 -9999 -9999 -9999 -9999 -9999
-0.0239074557185497 0.0186096864245408 -0.106885418121118 -0.162025116584341 0.00160706417219027 0.0685696006765577 -0.0857656712716248 -0.124604169762042 0.0397298334421238 0.124340726548393 -9999 0.186117731103354 0.163691808968779 0.191126337691055 0.237252162776837 0.226188127658989 0.150625157676711 0.107543143479636 0.0232922314012273 0.0649442344235441 0.0916682571694523 -9999 0.166431668601303 0.163090393203744 0.236797597560228 -0.102859451292078 -9999 -9999 -9999 0.108906724918147 0.15519831428349 0.0906276834790968 0.0432447299350857 -0.00419073653960951 -9999 -9999 -9999 -9999 -9999 -9999 -9999 -9999 -9999 -9999 -9999 -9999 -9999 -9999 -9999
-9999 -0.0448284842453554 -0.136077293807103 -0.224972881542094 -0.0755018930946538 0.00513788553372069 -0.053028053943412 -0.104563701789957 -9999 0.157869005142091 0.140551201685172 0.133333789485019 0.0607534622673098 0.116746198371447 0.210148081744103 0.149219936935239 0.0825239473398933 0.116362488743333 0.107027010547055 0.0839442500807491 -9999 -9999 -0.0106105628687673 -0.0741219018692235 -0.102616545523659 -0.0369079447878692 -0.118651913546352 -9999 0.22998183938834 0.222526290433301 0.128144499441292 0.145051843819353 0.0131709597040228 -9999 -9999 -9999 0.124997361960644 0.112118990214197 -9999 -9999 -9999 -9999 -9999 -9999 -9999 -9999 -9999 -9999 -9999
-0.153359284738641 -0.117421664555213 -0.160374580326082 -0.177271350107421 -0.177500355707374 -0.0415805742785635 -0.0695307556226114 -0.0829852184965304 -9999 0.0881129130771932 0.0434986224690974 0.0378056271200647 -0.00814671977665318 0.0920263626957091 0.170091491578571 -0.00100677918539571 0.167510014913296 0.100969985178737 0.159850160729637 0.0743008879587442 -9999 -9999 -0.0852570716092716 -0.0911755094212913 -0.118530295614736 -0.0593499274884654 -0.0177127948826077 -0.0240146114746623 0.138984311241013 0.0949118616250245 0.135673436534241 0.132610704560625 0.0238058154754001 0.0480796913294515 0.0948408706251818 0.0849693552965405 0.0547431691824115 0.0332994106564421 -9999 -9999 -9999 -9999 -9999 -9999 -9999 -9999 -9999 -9999 -9999
-0.121052100906906 -0.106182276133452 -0.124228930743842 -0.22090381505055 -0.252585965600854 -0.160031287340436 -0.0635592676056034 -0.0616033809881237 -0.120784173961608 -9999 -9999 0.0295850085541362 -0.0468805523240292 0.116447296878494 0.0771873052739937 0.0944825995259509 0.0763099158061554 0.069939365677478 0.131294440726754 0.0373252971346598 -9999 -0.0624227848964005 -0.0686713042385124 -0.104676861651463 -0.0917069149974761 0.00846311909206431 0.00543995291648278 0.0908287851339247 0.132883732172834 0.0795970395242137 0.088735146034643 0.0731350779016191 0.0725751008845597 0.0887196642291821 0.133239351350263 0.15444743883484 0.0339961504600238 0.0345277926343544 -9999 -9999 -9999 -9999 -9999 -9999 -9999 -9999 -9999 -9999 -9999
-0.251153147158791 -9999 -0.161331481193753 -0.169369003878514 -0.149326447589973 -0.126889680136104 -0.141588316736477 0.0249802054645043 -0.042067269388464 -0.115121938646244 -0.0630339385357601 -9999 -0.101265911473765 -0.0787576434302996 -0.095280843318944 0.172573908505473 0.0679917396382715 -9999 0.0273403142215202 0.0706486026283579 -0.025828019969576 -0.0994362290285466 -0.0779030731761733 -0.0560045479655394 -9999 -0.0961812360948289 -0.039338468819809 0.103044751187873 0.145826489664248 -9999 -9999 0.237793037847935 0.110937717894542 0.0991262019547648 0.435518555764317 0.448266266292019 0.382559525075751 -9999 -9999 -9999 -9999 -9999 -9999 -9999 -9999 -9999 -9999 -9999 -9999
-0.211363193234692 -0.163204577902417 -0.120879726381874 -0.150999410464715 -0.080215461523226 -0.0837430941105532 -0.0458090521854528 -0.0659561807859584 -0.0622097586649542 -0.129222426103358 -0.0531038368636504 -0.0714487858348674 -0.0690373340583228 -0.0117533679555139 -9999 0.172599050563494 0.189894297026464 0.201931213139594 -9999 0.0960282405904041 0.028213111811713 -0.0500711006916652 -0.116826863824019 -9999 -0.053272082615316 -0.0816125487174039 0.0231155445616841 -0.0023093488009074 0.0503883044709386 -0.0455509945301726 0.18849928713953 0.111455572310529 0.0243371787252203 0.0468468393526577 0.479331558793665 0.472953490163028 0.274932051028318 -9999 -9999 -9999 -9999 -9999 -9999 -9999 -9999 -9999 -9999 -9999 -9999
