data/rasters/s9.26.09.li.4_xyz_08_.asc
NCOLS 100 
NROWS 100 
XLLCORNER -4 
YLLCORNER -4 
CELLSIZE 0.08 
NODATA_value -9999 
[rows 46 to 68 of 100, columns 0 to 50 of 100]
-9999 -9999 -9999 -9999 -9999 -9999 -9999 -9999 -9999 -9999 -9999 0.235415930394628 0.231367350980944 0.0730140840205392 0.0873175859864844 0.275882946908555 0.276892842944539 0.202941526372214 -9999 0.417121444361553 0.351029126642801 -9999 0.42941779657013 0.430246679158336 0.317806960587386 0.530191008742487 0.50620151425843 0.571881979097178 0.622415086801764 -9999 0.403704550113965 0.443201546188428 0.459118928593023 0.363988171731668 -9999 -9999 -9999 0.301903837933319 0.334737486628183 0.355058186290805 -9999 0.734563019585404 0.660890539061473 0.507152412899213 0.565558416720478 0.42313159310169 0.650434164431471 0.598132725002158 0.532215871170806 0.486155852700563 0.57914208904542
-9999 -9999 -9999 -9999 -9999 -9999 -9999 -9999 -9999 -9999 -9999 0.193635719440469 0.206064719342646 0.134755670162662 0.220708436974656 0.160703696269109 -9999 -9999 -9999 0.382887925181757 0.356728295524082 -9999 0.373057111839663 0.353738192464712 0.331082857584086 0.417117017884428 0.513273181129393 0.621147668473554 0.700507008673436 0.65096044179728 0.573725742131887 0.509256217499942 0.399661711383925 0.241287786650959 0.460140023939782 -9999 0.33540507932526 0.237107260094811 0.326386638079244 0.463512953101841 -9999 0.386004313795594 0.414531566930724 -9999 0.568297254057629 0.492756595037127 -9999 -9999 -9999 -9999 0.521109262087005
-9999 -9999 -9999 -9999 -9999 -9999 -9999 -9999 -9999 -9999 -9999 0.142070475613262 0.20790518858466 0.207044656349863 0.255176030407132 -9999 -9999 0.285837364482406 0.280510275014728 0.311421293424423 0.376832456456676 0.35581028096319 0.354984817606128 0.465500722036535 0.339592461980418 0.443358026121277 0.450710661929142 0.448564482869584 0.368755523688756 0.620424090867279 0.543345672246961 0.495888007988838 0.285356378646177 0.454047756781093 0.478548519074016 0.310091349461903 0.241505057188162 0.211579521504366 0.175347870779737 -9999 0.366518437507235 0.371168684244985 0.379747964199842 0.446628591887138 0.508315450993284 0.527186724185971 0.341757058158692 0.614328504551053 0.641224123181316 -9999 0.633324808847566
-9999 -9999 -9999 -9999 -9999 -9999 -9999 -9999 -9999 -9999 -9999 0.136374571436283 0.17344084604322 0.202803685442606 0.290224083060612 -9999 0.281143867863993 0.277589633230045 0.272264173572857 0.217730191435433 0.30081114342358 0.301992967969674 0.314281666692844 0.312987900445736 -9999 0.563080237376999 0.388588559178531 0.277338758270271 0.248468596555992 0.352012277869752 0.546261181175626 0.474745185604596 0.313284996359941 0.352022244635823 0.3750451800993 0.151231577529854 0.172941392488716 0.142475545311767 0.123688954906986 -9999 0.345434513764038 0.337608894580811 0.399753522971956 0.39268666343707 0.42955410322842 -9999 0.419411187645244 0.488626200295385 0.505501748432396 -9999 -9999
-9999 -9999 -9999 -9999 -9999 -9999 -9999 -9999 -9999 -9999 -9999 0.135595123049108 0.197560732142346 0.223835078243136 0.21174610428775 -9999 0.29650033297853 0.256862000684602 0.173249484944134 0.156178274195536 0.245061654595367 0.312279445799971 0.306608825361445 0.294055063641507 -9999 0.456675530027252 0.346348070400942 0.220599571304586 0.262762455981111 0.299250335213728 0.320067405196785 0.219763269870051 0.26022925709054 0.262861058200065 0.234606237803806 0.222829077185858 0.144942217577069 0.106951788870936 -9999 -9999 -9999 0.368404481570217 0.407252017664842 0.117631507712096 -9999 0.101983145920041 0.409753934942829 0.477044604709251 -9999 -9999 0.561741905093147
-9999 -9999 -9999 -9999 -9999 -9999 -9999 -9999 -9999 -9999 -9999 0.146274895811933 0.219848292593742 0.241201829223875 0.23340897203895 -9999 0.189760851667234 0.164998225965164 0.110533964586317 0.174639872452383 0.234245786447981 0.314913792350883 0.298583898157856 0.260702575353983 -0.00891972092064716 0.346636161756561 0.231694194958292 0.266904643124969 0.318446455120915 0.279125972913555 -9999 -9999 0.266947143374747 0.19462944711403 0.209667328838163 0.238814676300933 -9999 -9999 -9999 -9999 -9999 -9999 0.129784234333442 0.0616007097533909 -9999 0.0686180052575162 -9999 -9999 -9999 0.52157954199529 0.516014229217438
-9999 -9999 -9999 -9999 -9999 -9999 -9999 -9999 -9999 -9999 -9999 0.169437524370251 0.226952154545671 0.212930641798516 0.243997724360848 0.140493212886902 0.0737087418902467 0.0532161525218174 0.0765198427256943 0.110127402496414 0.187425945532378 0.303066844053912 0.215889641564434 -0.0171811110980004 -0.006774108105932 0.138212430105881 0.201234128562115 0.267854165557467 0.318350504205637 -9999 -9999 -9999 0.0943950756723255 0.148325644776358 0.293402968243299 -0.101653016004547 -0.144593007740502 -0.0659247447335776 -0.0419799032133404 -0.149947819160246 -9999 0.0746525542432921 0.0618167528196244 0.0590123880853854 -9999 0.0151485011141321 0.105176344633561 -9999 -9999 -9999 0.202539580882133
-9999 -9999 -9999 -9999 -9999 -9999 -9999 -9999 -9999 -9999 -9999 -9999 -9999 -9999 -9999 -9999 0.147066896759048 0.0535365719919924 0.0681662216605622 0.182993515696983 0.175958477423672 0.338369941963401 0.0563308975875229 -0.0392631650034832 -0.0139358055902865 0.0459149863128561 0.202426548622658 0.292532412717043 0.369953901861059 0.129269368049717 0.181121848494928 0.0330405395301242 0.187567665619638 -9999 -0.0961755790938527 -0.102229888098056 -0.160433775589693 -0.0873140692779225 -0.0700373270545394 -0.0628714892391212 -0.0238423431947026 -9999 0.173071785485352 0.0939906698474143 0.0266016603430633 0.00595899055817722 0.0474562252566247 -9999 -9999 -9999 -9999
-9999 -9999 -9999 -9999 -9999 -9999 -9999 -9999 -9999 -9999 -9999 -9999 -9999 -9999 -9999 -9999 -0.0408316763319158 -0.0407463075972275 0.0590512306849826 0.235775257107012 0.101351786456662 0.0637077325967018 -0.0142633339214666 -0.037512795268069 0.103819957527864 0.0637894159759191 0.0851791463191277 0.320361659067771 0.412873578578208 0.11577751003785 0.151279798035449 0.0979245634458481 0.154558516718068 -9999 -9999 -0.090012707280844 -0.117672868882169 -0.112681858394994 -0.0817780639522625 -0.100598217649762 -0.0867700113859173 -9999 0.0499806826370804 0.0907617071171757 -0.011663570023848 -0.0886187994596344 -0.00316617606130333 0.203547737629475 -9999 0.0130582394477002 0.0259775707453564
-9999 -9999 -9999 -9999 -9999 -9999 -9999 -9999 -9999 -9999 -9999 -9999 -9999 -9999 -9999 -0.0961082658386113 -0.103904900088958 -0.0557711729272944 0.0966088101260796 0.121232385882442 0.0920705989479851 0.0468343123454077 -9999 -9999 0.0476215971788281 0.093972478622841 0.0796021945724311 0.0551451449035302 0.0665437203829346 0.0975902827703868 0.128843244381193 0.173125494696572 0.0988923199783064 0.126683045189183 0.107614752871547 -9999 -9999 -9999 -0.0157201078994173 -0.0214169247405278 -0.0406733823559262 -0.0181277150941562 0.0356656138355901 0.101432749330624 -0.0024933404483017 -0.011962240378613 -0.0233792164195333 -0.0390343080796255 0.0179232724634591 0.007209429175072 0.000115172597329502
-9999 -9999 -9999 -9999 -9999 -9999 -9999 -9999 -9999 -9999 -9999 -9999 -9999 -9999 -9999 -9999 -9999 -0.103965515714802 0.0371192832750958 0.113824880953607 0.0717974759275412 0.056993413764562 0.142217570853149 -9999 0.0908524838669399 0.12347061706498 0.101194841083482 0.0917621727258139 0.0630053471082074 0.0132572317509515 0.0508380023455598 0.0630454944639561 0.0931723610839163 0.0550496724415742 0.0181326319548784 -0.2356803198079 -0.228497383765356 -0.166929722382182 0.00310187576507949 -0.0520153194202212 -0.0474522875617905 -0.0873830347030823 -0.00177021298247611 0.0307934360983438 0.00975093769155746 -0.0353630633454329 0.022028789142549 -9999 -0.0502185656805428 -0.0280076903100103 0.0353883389144486
-9999 -9999 -9999 -9999 -9999 -9999 -9999 -9999 -9999 -9999 -9999 -9999 -9999 -9999 -0.0221948137262579 -0.037464873927348 -9999 -0.0696607834336648 0.0300503370904865 0.112000083948158 -0.0103125967690148 0.0531046241599658 -9999 -9999 0.154503639757595 0.140160542842102 -0.0572674098021247 0.232358229243931 0.199969178916585 0.0285040302374247 0.0675290880821325 0.0705721993489659 0.172387942005209 0.0212790516914539 -0.049877574531932 -0.245995583494588 -0.208444282107133 -0.133922455598801 -0.117410440275979 -0.0749780526334939 0.0419673326741639 -0.141164016744413 -0.0815411460013698 -0.0317439708845064 0.0383989990937963 0.0288517238912461 0.018849033730169 0.0126149700141809 -0.0787920361495101 -0.0829615634205704 -9999
-9999 -9999 -9999 -9999 -9999 -9999 -9999 -9999 -9999 -9999 -9999 -9999 -9999 -0.1598985209938 -0.114407900301202 -0.0642339241365259 -9999 -0.0381306388762567 -0.0213822131877233 0.0229272642048103 -0.0133214239125476 -9999 -9999 -0.0312195480344564 -0.0724389312162292 0.0777674351191789 0.116759313103859 0.208466689469614 0.051480549938403 0.0681146772932173 0.0784974077084327 -9999 0.168554608695508 -0.109953800443288 -0.156343982507387 -0.0401557666827251 -9999 -0.125756126561833 -0.123577479681009 -0.0370093447201825 0.0246058395896179 -0.113398967887476 -0.0925240304066882 -0.0197332851109354 -0.0275389585065976 -0.0649567177549423 -0.0731802997193328 -0.083720285699966 -0.0905174702430181 -9999 -9999
-9999 -9999 -9999 -9999 -9999 -9999 -9999 -9999 -9999 -9999 -9999 -9999 -9999 -0.284453729459234 -0.119994679228804 -0.101264140868451 -0.094682060087129 -9999 -0.0582183531305852 -0.0220981511128192 0.04316023897383 0.0706489055926707 0.157586723718758 -0.0369164613996746 -0.00590228322183434 -0.0995669457522073 0.225172356985721 0.157775793884081 -9999 0.1160417860077 0.140113679878423 -9999 -9999 -9999 -0.201787471707315 -0.201084263403932 -0.14761749878533 -0.151121316914256 -0.145434313202597 -0.0907603181913031 -0.106732383434948 -0.108938921843687 -0.0454409413246584 -9999 -0.0418626169053238 -0.148388457323866 -0.152859230890742 -0.109159648229404 -9999 -9999 0.152698269867299
-9999 -9999 -9999 -9999 -9999 -9999 -9999 -9999 -9999 -9999 -9999 -9999 -0.392813324624203 -0.101734927024758 -0.109449107223191 -0.147247914076423 -0.112081218117136 -0.0732031614241756 -0.0720615076022319 -9999 -9999 0.0656583946486501 0.0376373421925576 0.00553828033869286 0.0470675011672218 -0.0521876776305521 -0.0378588823126612 -0.0302584169749838 0.158541369580857 0.117191915738457 0.160400004982092 -9999 -0.0916143480572639 -0.0550223449046771 -0.0180543615250132 -0.218150478256088 -0.196065735783963 -0.258274619303765 -0.278405277283463 -9999 -0.2218163086718 -0.0891475020745252 -0.00553391079666025 -0.227090368502576 -0.108017547719447 -0.194389631257302 -0.110109440462277 -9999 -9999 0.16541197841692 -0.000293604093058372
-9999 -9999 -9999 -9999 -9999 -9999 -9999 -9999 -9999 -9999 -9999 -9999 -9999 -9999 -9999 0.0152165920142702 -0.106626347084461 -0.102498985518867 -0.00742729591142168 0.0431565878077403 -0.104535350294551 -0.05378763599885 -0.0406073126468098 -0.00552466186165097 5.75234770136181e-05 -0.0476376007331755 -0.0940039143785615 -0.12909483093537 0.169259331942729 0.163952724558716 -9999 0.0499699450722713 -0.026898253060668 -0.030457305765914 -0.0271773206371223 -0.219566461065546 -0.207942272170686 0.0291364652790386 0.00685002034629171 -0.0311610802717389 -0.280861522755804 -0.164981873305133 -0.236995937760717 -0.250521701674185 -0.179270709509623 -0.156211765218903 -0.157875734020733 -9999 -9999 -0.042827253488006 -0.0979140345667754
-9999 -9999 -9999 -9999 -9999 -9999 -9999 -9999 -9999 -9999 -9999 -9999 -9999 -9999 -0.161624599945258 -0.0952271744285164 -0.169662383147153 -0.189844916192535 -0.0901047779463002 0.00532746133849982 0.00908829909313596 -0.147527490892737 -0.172270417670614 -0.0249209291271957 -0.0139792249256498 0.0127114633206907 -0.138701754596528 -0.103862519004749 -0.07306911608445 0.00616136285786301 -9999 -0.0868196856619858 -0.128154355954145 -0.115278437221067 -0.097403528280896 0.0904679403586224 0.0187198957430584 0.00691433107482956 -0.13944669487567 -0.101003085295865 -0.304017229218407 -0.333450405516842 -0.307999939176636 -0.270799139851102 -0.17844640481382 -0.170600682310359 -0.205769475509568 -9999 -9999 -0.0689207359042923 -0.0910340839458265
-9999 -9999 -9999 -9999 -9999 -9999 -9999 -9999 -9999 -9999 -9999 -9999 -9999 -9999 -9999 -0.0721062622669668 -0.289924675481443 -0.35439506956526 -0.15167674497515 0.0202090316898667 -0.138246943182834 -0.250081772338084 -0.200493731655948 0.039349813877704 -0.0210298677452666 0.00782046154494055 -0.118603313302116 -0.134324410370915 -0.186829622440822 -0.180962050542242 -9999 -0.0879573081908664 -0.166645032861433 0.0323854040817613 -0.0545052532970715 -0.0388303827761724 0.0216474180857226 -0.00965223896613223 -0.18146223580134 -0.312400307217232 -0.38742678370225 -0.338309196340564 -0.136138563446552 -0.201819260779843 -0.241670020254341 -0.243595994892305 -9999 -9999 -9999 -0.136462653282163 -0.166514556985561
-9999 -9999 -9999 -9999 -9999 -9999 -9999 -9999 -9999 -9999 -9999 -9999 -9999 -9999 -9999 -0.126145693004621 -0.350333542766315 -0.425941375835068 -0.217230504992235 -0.136612078091125 -0.330544727259994 -0.276615519698322 -0.207858620253929 0.090036668242797 -0.155916820708061 -0.166705742300791 -0.110635759282438 -0.14974734574565 -0.189977030719215 -9999 -9999 -0.120281787419226 -0.154672427626113 -0.05469003038175 -0.0448686760901873 -0.0799114438692126 0.00926933516811468 -0.0342240857431445 -0.313862695431013 -0.342665856251885 -0.370186360411635 -0.297793209033176 -0.24001833266996 -0.256822607442224 -0.316470606424021 -0.362245633163245 -0.192429812190787 -0.0360035788782661 -9999 -0.124964841925019 -0.134334624391125
-9999 -9999 -9999 -9999 -9999 -9999 -9999 -9999 -9999 -9999 -9999 -9999 -9999 -9999 -0.264997328695022 -0.0349336674851377 -0.501114998396306 -0.568900806989611 -0.609354557115197 -0.50404114754693 -0.390406872716717 -0.311578381012142 -0.135218480229984 -9999 -0.130462489675266 -0.160986215568641 -0.12932619877168 -0.247741965594426 -0.24696204516422 -0.174692544102247 -0.209541920372642 -0.157692257738188 -0.242543111057595 -0.269190647212242 -0.0228347157656713 -0.0513128443967095 0.0725547853885887 -0.0187426772320123 -0.265986999857263 -0.358958881130076 -0.320301958320899 -0.287022780801378 -0.18293726698769 -0.25528615414101 -0.336213375415629 -0.362635742622026 -0.0947547689024248 -0.0616028577249442 -0.0138922028017745 -0.0821391787959657 -0.0240959604389777
-9999 -9999 -9999 -9999 -9999 -9999 -9999 -9999 -9999 -9999 -9999 -9999 -9999 -9999 -9999 -0.0829637752950812 -0.582926644212949 -0.62246434377597 -0.659317078803672 -0.690343816814328 -0.46981687315357 -0.289638301472152 -0.1531441148812 -0.0448092625451498 -0.0612112465019905 -0.036272088530859 -0.163172769695294 -0.263350253534355 -0.149049597155942 -0.205772062491873 -0.21685929702148 -0.257549682384428 -0.305400755369924 -0.324799627546926 -0.0798956579275081 -0.0766181564759978 -0.0834765761833787 -0.1709149978198 -0.255748169303815 -0.36411468924833 -0.390668592648561 -0.269940564302996 -0.205736873831326 -0.131620384728719 -9999 -0.121916572122409 -9999 -0.131954671119512 -0.142104481944191 -0.161354670023191 -0.0987311012454105
-9999 -9999 -9999 -9999 -9999 -9999 -9999 -9999 -9999 -9999 -9999 -9999 -9999 -9999 -9999 -9999 -9999 -0.724987104999091 -9999 -0.679838133194551 -0.707601793754739 -9999 -0.109265724176467 -0.0397426814357866 -0.057098507466013 -0.108216978726726 -0.146001179033635 -9999 -0.238395986664306 -0.253223276212537 -0.2006320223156 -0.229235580326208 -0.295007978620354 -0.288615745267433 -0.140809060721242 -0.0558144596989072 -0.106230106535455 -0.275025445911475 -0.182132214178539 -0.320870342012619 -0.416748352750045 -0.254681641125792 -0.224109707460169 -0.153266478017578 -0.115013141661767 -0.139152737503309 -9999 -0.103606102181428 -0.261713230679867 -0.179615866561295 -0.0575520476960526
-9999 -9999 -9999 -9999 -9999 -9999 -9999 -9999 -9999 -9999 -9999 -9999 -9999 -9999 -9999 -9999 -9999 -9999 -9999 -9999 -9999 -9999 -0.0866009475202283 -0.178044461422593 -0.238333830722799 -0.321458333115942 -9999 -9999 -0.331234346027933 -0.310157256797014 -0.197023736050193 -0.183861154401233 -0.217462511898971 -0.298715529655393 -0.150316980491867 -0.0825746487944108 -0.119501419857681 -0.162126739666639 -0.184881725565203 -0.354382887605104 0.0653758539257776 -9999 -0.155502288442743 -0.188355356871448 -0.20434904405926 -0.214741426629614 -0.0701437413188861 -0.107415362796719 -0.113179874771215 -0.183627756050998 0.0556089485954168
