data/rasters/s9.26.09.li.4_xyz_08_.asc
NCOLS 100 
NROWS 100 
XLLCORNER -4 
YLLCORNER -4 
CELLSIZE 0.08 
NODATA_value -9999 
[rows 23 to 45 of 100, columns 0 to 50 of 100]
-9999 -9999 -9999 -9999 -9999 -9999 -9999 -9999 -9999 -9999 -9999 -9999 -9999 -9999 -9999 -9999 -9999 -9999 -9999 -9999 -9999 -0.125943144399007 0.098190236935965 -0.0812825020545317 -0.0214238380407842 -0.0705334683919538 -0.0543341659598744 -0.111074986783351 -0.0938841560328799 -0.210965994505109 -9999 -9999 -9999 -9999 -9999 -0.0492400426364316 -9999 -9999 -0.302226894349308 0.0457018373910623 0.0729510281961095 0.0526923281051154 -0.0131107018798121 -0.0299641137824745 -0.0972284632293502 -0.0469068232976995 0.0148544653331161 -9999 -9999 -9999 0.139765693378967
-9999 -9999 -9999 -9999 -9999 -9999 -9999 -9999 -9999 -9999 -9999 -9999 -9999 -9999 -9999 -9999 -9999 -9999 -9999 -9999 -0.180450147133828 -0.0748687457993628 0.116013821109965 0.0863375472729141 0.0612003853549996 -0.0354445232318648 -0.0597607908758048 -0.0973660951331609 -0.16318327263537 -0.253118163271456 -9999 -0.166602564307468 -9999 -0.0949763197325623 -0.0761141290029373 -0.101395034536635 -0.0403550753962696 0.0305853844597524 -0.123901948062144 -0.00887366813166964 0.0465887246976064 0.0398428369013488 0.134164175809005 0.00119652838132052 -0.0123526264492038 0.0239619521745702 0.124974874618322 0.20317262498214 0.352726470325504 0.43365502523673 -9999
-9999 -9999 -9999 -9999 -9999 -9999 -9999 -9999 -9999 -9999 -9999 -9999 -9999 -9999 -9999 -9999 -9999 -9999 -9999 -9999 -0.108302802765794 -0.0998509145194777 -0.0615908980358489 -0.031278178470113 0.0121190782773297 0.0061463202444652 0.0613127103935711 -0.0141130594317301 -0.224141464149243 -0.231607050698234 -0.221174807607835 -0.185651966935507 -0.124466755404829 -0.115091363780547 -0.030548164475009 0.00105271363460089 -0.0353820661031402 0.0445744138451029 -0.217750060824213 -9999 -0.040533732024205 0.0712182839723584 0.168994139832425 0.0349592567172987 0.0701954121837262 0.111075124133221 0.106328652889798 0.146788675959326 -0.107367610501536 0.241991086632508 0.288107910400107
-9999 -9999 -9999 -9999 -9999 -9999 -9999 -9999 -9999 -9999 -9999 -9999 -9999 -9999 -9999 -9999 -9999 -9999 -9999 -0.209715330279082 -0.0862133176641972 -0.0667208602568728 -0.0461873647688292 -0.0510422564281736 -0.0182212112766108 -0.0495392003383974 -0.0859452251197744 -0.0583161210175173 -0.166424102484105 -0.149012521291015 0.0486751711018564 -0.149814216081958 -0.159820488486241 -0.0983586590414786 -0.0743279205162514 -0.0810610537060424 -0.0580974122017894 -9999 0.0915466882553187 -0.0178376674609955 0.0614081899013938 0.084744215770354 0.118182161588032 0.0668506016767838 0.0841095886437913 0.120581413423493 0.00557761930823098 -0.0710294885429358 -0.129128183212063 0.042506189083471 0.368442903666149
-9999 -9999 -9999 -9999 -9999 -9999 -9999 -9999 -9999 -9999 -9999 -9999 -9999 -9999 -9999 -9999 -9999 -9999 -0.138673599295869 -0.256964546895597 -0.165340957293936 -0.0457482265929631 -0.0703001251058566 -0.0539083207472116 -0.0652664535567591 -9999 -0.0662760030779659 -0.0576659715875952 -0.106221062547435 -0.0802935044337368 -0.182593752318079 -0.187311704999009 -0.160837558393734 -0.0998127457857104 -0.116081787481753 0.0446102832553551 -0.00432087060552349 -0.0231468649633038 -0.0854428685163517 -0.146249593309376 0.121563688692829 0.174739705786218 0.304700457620367 0.326453440707142 -9999 0.302571813637179 0.301483189975552 -0.0714776842634761 0.0196907165229483 0.1903689765972 0.211626935682156
-9999 -9999 -9999 -9999 -9999 -9999 -9999 -9999 -9999 -9999 -9999 -9999 -9999 -9999 -9999 -9999 -9999 -9999 -0.117415208360936 -0.112624221142161 -0.100175764762236 -0.224089638624716 -0.200319220908948 -0.0818828270617634 -0.115423847307292 -0.0989097484622651 -0.132835115002125 -0.0972026457999387 -0.136282389159623 -0.106967740342584 -0.150125550403569 -0.187350694405946 -0.164840177166534 -0.141483700328624 -0.110177557227098 -0.134576599436692 -0.0452915908021364 -0.121312055281708 -0.134040303985917 -0.108670511438343 -0.0991094669788677 0.112125774639344 0.263406599200897 -9999 -9999 0.215324607130843 0.220814535822219 -9999 0.28388162244095 0.234281973872512 0.0773977118520159
-9999 -9999 -9999 -9999 -9999 -9999 -9999 -9999 -9999 -9999 -9999 -9999 -9999 -9999 -9999 -9999 -9999 -0.0617198967319376 -0.12505219180163 -0.066383351546198 -0.144127568377813 -0.274766785006987 0.0700989493633706 -0.174694482410776 -0.0901642071195115 -0.143714493534701 -0.166284610635809 -0.155723298958771 -0.200252564500874 -0.143978329418746 -0.12913751699439 -0.178500079450812 -0.15535331351409 -0.218162379097154 -0.200064853423097 -0.167330785048151 -9999 -0.27235938291744 -0.1470635528607 -0.0473040656256827 0.123428495558269 0.152904231798543 0.261151705958583 0.294398538236308 -9999 0.174227240834818 -9999 0.45361958148601 0.296189899466714 0.219519441584397 0.15605167872428
-9999 -9999 -9999 -9999 -9999 -9999 -9999 -9999 -9999 -9999 -9999 -9999 -9999 -9999 -9999 -9999 0.0100364316757149 -0.0351400476759562 -0.0256569390057566 -0.0065435331473014 0.0644173076161206 -0.218772874611585 -0.146561041674152 -0.0384042371534341 -0.177007242307312 -0.173448079646331 0.272860943070866 0.272247114477788 -0.172511102363472 -0.123896011389369 -9999 -0.167837258073011 -9999 -9999 -9999 -9999 -9999 -0.213615651505838 -9999 -9999 -0.0182223259132316 0.0297668586389487 0.229896543664815 0.287361869728808 -9999 0.0989102423418107 0.134165454094575 0.186264678593524 0.251569134514189 0.216357528167356 0.0449332427147738
-9999 -9999 -9999 -9999 -9999 -9999 -9999 -9999 -9999 -9999 -9999 -9999 -9999 -9999 -9999 -0.0312354070591686 -0.0743358144021248 -0.0940304766713421 -0.0888045983919253 0.0566227383367917 0.0468941235422415 -0.0573499678271971 -0.048902388226629 0.13232642953511 -0.146619160777404 0.107785711453495 -0.0407603364347705 -0.0462512624754514 -0.0693625524556036 -0.0759233298130025 -0.18216283318697 -0.0794553995409393 0.0396335052133133 -9999 0.256214234118392 0.0215515176137006 0.00128056636239897 -9999 -9999 -9999 -9999 0.162045384791659 0.418352431200067 0.309354154734147 0.309342841662314 -9999 0.204675822851975 0.250603182291469 0.272222888887268 0.26165052073686 0.140061077347622
-9999 -9999 -9999 -9999 -9999 -9999 -9999 -9999 -9999 -9999 -9999 -9999 -9999 -9999 -9999 -0.0701564592916385 -0.062727315517882 -0.00580942544128497 0.12198350159269 0.174006181687463 0.0526495627897062 0.119052720831215 0.0164863909147478 0.15670992764502 -9999 0.0658889440448995 0.0138313541006903 -0.0967499551972149 -0.0838758710306117 -0.0760889120961475 -9999 -0.052941370798166 0.0291332725762032 0.0880454180814182 -0.14776588216134 -0.0954492738172928 0.0454422342975714 -0.0165897349321078 -9999 0.218353728925922 0.198208932474689 0.0789358590945657 0.0729403568856658 0.0784529104383168 0.196901335468476 0.148443948030695 0.162596160765263 -9999 0.27866317654772 0.193271176640718 0.144144742092809
-9999 -9999 -9999 -9999 -9999 -9999 -9999 -9999 -9999 -9999 -9999 -9999 -9999 -9999 -9999 -9999 -0.0361055342978487 0.0535136924332596 0.130931445721192 0.13999096802495 0.137882044650894 0.112026599460207 0.077444667323053 0.14113513081554 0.156018101732187 0.015204539060707 0.0107791124862017 -0.104087865676795 -0.160705497127464 -0.0746811545411842 -9999 -0.0828073326676669 -0.014129343348601 0.00555678011455394 -0.0817054251287664 -0.116034211143144 -0.0205508908892728 -0.0593515846541942 0.280921685810311 0.264545724861565 0.151084387994713 0.0610642043737082 0.107180306158086 0.0936724646392911 0.166666494387381 -9999 -9999 -9999 -9999 0.186437412115877 0.141125937189616
-9999 -9999 -9999 -9999 -9999 -9999 -9999 -9999 -9999 -9999 -9999 -9999 -9999 -9999 -9999 -9999 0.110582749026637 0.168017919661578 0.215114632233433 -0.00751232886121879 0.293966127251871 0.184349225688607 0.132001205258636 0.0887656615471401 0.0610540920320635 0.064082904102826 -0.00228565840577932 -0.138771075851801 0.039732391919161 0.0165674775173713 0.0499019415609336 -0.134238624675031 -0.0842099098454791 -0.0139822663920419 -0.122216244014974 -0.169983653474449 0.062345584610326 -0.0367080519955564 -0.0893900733480772 0.0795880192173182 0.226926625115294 0.0834973308514693 0.132441923023192 0.223584742189782 -9999 -9999 0.257196933326333 0.204642918246534 0.150514116716928 0.104509716037552 0.132052807880658
-9999 -9999 -9999 -9999 -9999 -9999 -9999 -9999 -9999 -9999 -9999 -9999 -9999 -9999 0.190188919367575 -9999 0.34420780687402 0.276706660880099 0.273116087984494 0.24846567649901 0.247787692472159 0.309476284930073 0.101937068126066 0.0752125155814805 0.0743369444559032 0.0775101241657206 0.133661117686397 0.0732226213132761 -0.113766372561977 -9999 0.653733889036767 0.659064653726965 -0.141503657201529 -0.0823591194740077 0.0981715116520663 0.0651500672956797 0.17629336505543 -0.0301662202435633 0.0109778628309902 0.0122444176623344 0.128973697489373 -0.0341192181915606 0.131975429741819 0.168422369280898 0.199599716462868 0.174569339130112 0.224008189508248 0.17851319754583 0.135038334989967 0.120183052618989 0.0161023431295221
-9999 -9999 -9999 -9999 -9999 -9999 -9999 -9999 -9999 -9999 -9999 -9999 -9999 0.0264107354268454 0.0602603724039903 0.234503326808982 0.241155692657008 0.230403856572924 0.230906810299837 0.201781437580984 0.457296337077592 0.23180307934503 0.196282805398975 0.175382648068267 0.141601170063034 0.270457981351107 0.137993163926156 0.345920399893057 0.432141153168293 -9999 0.202598009370911 -0.15400400823296 -0.0497920180524359 -0.0715228832372844 -9999 0.0292242014555545 0.128659816057096 -0.0388645386693889 -0.0146467104403323 -0.0157781746762958 0.590340263523118 0.360763816991592 0.249696575570617 0.162553761669696 0.251140115241671 0.213008513753583 0.145142719404695 0.190414248716066 0.0753118910834864 0.0849637305759098 0.02001259236019
-9999 -9999 -9999 -9999 -9999 -9999 -9999 -9999 -9999 -9999 -9999 -9999 -9999 0.075600226946411 -0.000944759825803046 0.250337500360168 0.209197912294543 0.218456487956059 0.214942481677729 0.274302556854917 0.382236350569961 0.18866876311427 0.208376084560521 0.366456896477703 0.464769347992905 0.449865809011899 0.342818782011033 0.388887051827282 0.337900177157237 -9999 0.425763783948167 0.492111305878421 0.329330126551981 0.383323675652592 0.225755240507803 0.210123571585493 0.119352426475989 -9999 0.200071249908406 -0.117594728130141 0.484184845121393 0.444352908687129 0.277043292297586 0.284112001665194 0.289603184733267 0.252000066835587 0.166710930360807 0.153099233676718 -9999 0.111646036067155 -9999
-9999 -9999 -9999 -9999 -9999 -9999 -9999 -9999 -9999 -9999 -9999 -9999 -9999 0.13568359761748 0.0740555965863356 -9999 -9999 -9999 0.337034439395583 0.378706823781134 0.283899086315895 0.361215363975766 0.524510997610538 0.524465177912461 0.237882661598231 0.31328806045697 0.271117976264499 -9999 -9999 -9999 0.350134888878392 0.374665903034638 0.414382062058951 0.385147799935485 0.207134706826815 0.221615266016766 0.196000698126443 0.280832843320317 0.359192499935176 0.411371617177453 0.474623092396467 0.327149152979732 0.232429485472655 0.277262012026531 0.304485001223049 0.30824152283988 0.301296890696299 0.152818559399924 -9999 0.0688550783293938 0.116831616579135
-9999 -9999 -9999 -9999 -9999 -9999 -9999 -9999 -9999 -9999 -9999 -9999 -9999 0.0494741024933743 0.0833310602087514 -9999 -9999 0.34456222027214 0.320723458666123 0.356522849014304 0.319780926533331 0.376718297924747 0.430713391904981 0.469660487670468 0.0964080439336672 0.0917807955730214 0.183081545906752 -9999 -9999 -9999 0.830247433335853 0.365850465257139 0.572385343745277 0.391448743492203 0.346297917540633 0.24713265553234 0.213695033933687 0.259252387819419 0.588546074142572 0.516986094348704 0.425648038525305 -9999 0.319788562396471 0.295538657567525 0.379002212429793 0.453522963860458 0.368562430743489 -9999 0.30248769689794 0.285046864780953 0.138926722862575
-9999 -9999 -9999 -9999 -9999 -9999 -9999 -9999 -9999 -9999 -9999 -9999 0.11804754162139 0.0723757033260288 0.0599647239545159 -9999 0.0489751265919808 0.200902623995172 0.308855726065385 0.331811489026764 0.202985923772187 0.331224181414993 0.406188781235592 0.436526313678719 0.024393808378658 0.0232676487608868 0.833641692920527 -9999 0.888068530877008 0.898735774312144 0.827763434366176 0.705090130458893 0.60836627705055 0.557817261640053 0.443452678907101 0.210607110937513 0.243755230443734 -9999 0.544186665849072 0.475361374681682 0.518934094889246 -9999 0.302581133871684 0.43338320815057 0.430754303514981 0.334468930153613 0.344584810486601 -9999 0.183550419017017 0.155120186718476 0.200016292466339
-9999 -9999 -9999 -9999 -9999 -9999 -9999 -9999 -9999 -9999 -9999 -9999 0.0609650615899012 0.0184603686686194 0.0115199685218062 0.0852816072052167 0.0360507040034674 0.188767426016292 0.217178895333809 0.286187554054424 0.343619115394978 0.377089809592102 0.414731878921502 0.459418692392997 0.0118264021137563 0.214388268641952 0.63365556660443 0.758155407426524 0.847137898615218 0.847625530666448 0.714952628647858 0.714495748150725 0.665749973765829 0.541625375767224 0.476051619132249 0.437267980129662 -9999 -9999 0.394135835788868 0.466734256530453 0.495191742732434 0.416062292329259 -9999 0.438057028266202 0.367320090900023 0.37649618700611 0.631427587452871 0.0356900881716163 0.0506518594012531 0.308884306019828 0.329705251346468
-9999 -9999 -9999 -9999 -9999 -9999 -9999 -9999 -9999 -9999 -9999 -9999 -9999 0.147697668087175 0.0354762770488656 0.046894171299837 0.0475283511956469 0.270620382679052 0.188523319766299 0.320341793285749 -9999 -9999 -9999 -9999 -9999 0.583342584825002 0.685399399363792 0.690234892327639 0.738578179173421 0.752677618748484 -9999 0.655188619590162 -9999 0.546372088373467 0.568562630935637 -9999 -9999 -9999 0.436138677290297 0.5048555730276 0.511844757404713 0.418916676775452 0.404971152116987 0.576234245137897 0.386331669084912 0.370382549358134 0.39198226771323 0.195032820760736 -9999 0.342131632963922 0.363867019196292
-9999 -9999 -9999 -9999 -9999 -9999 -9999 -9999 -9999 -9999 -9999 -9999 -9999 0.229806099632149 0.105180862141104 0.15275226429549 0.0594162985567963 0.291089823473761 0.305919685129759 0.373968739351766 -9999 0.546612789931854 0.44256261835406 0.440674197978549 0.490185225521399 0.51196991636086 0.774177530711371 0.669581956159334 0.696525540156974 0.583144689849821 0.5594734708838 0.617308951441929 -9999 -9999 0.589669615832066 -9999 -9999 -9999 0.430342012842253 0.484759196094445 0.45198564140381 0.413777563226308 0.556398452449683 0.474552777304178 0.46660294000803 0.338307901188506 0.31036431104648 0.228136103633982 0.381936758049984 0.397793210235415 0.451173293196389
-9999 -9999 -9999 -9999 -9999 -9999 -9999 -9999 -9999 -9999 -9999 -9999 0.166522002002402 0.0205150203989405 0.122784381334319 0.0896100538486369 0.248534272964516 0.233997666067316 0.279369341690231 0.391598313082042 0.549122839182444 0.484935574697053 0.489119777303581 0.455478700328685 0.442581356168918 0.430542849175064 0.60377204401479 0.587549978189277 0.620459982911033 0.573754243303121 0.536199877824914 0.48914509559336 0.464638528935883 0.539978413367504 0.577731411079249 -9999 -9999 0.303851486644603 0.314688215835616 0.449034658880193 0.408151629404399 -9999 0.599118050984224 0.47890921108966 0.459093057899704 0.299923030379814 0.257977490126217 0.239288993310933 0.422562586966079 0.457668023415371 0.441760455435201
-9999 -9999 -9999 -9999 -9999 -9999 -9999 -9999 -9999 -9999 -9999 0.283009404599255 0.0806655817395814 0.0649205214921878 0.0251546718923976 -9999 0.200651106751147 0.207018696357953 0.2556819626027 0.398661001398593 0.398419608523918 0.411900702028648 0.443277893820537 0.485549069124358 -9999 0.628501268470229 0.56420837673935 0.599948321663619 0.637600709096807 0.639654436936777 0.450591199393913 0.428715382338492 0.466338536088092 -9999 -9999 -9999 -9999 0.285257900819367 0.37429517737537 0.432364921343064 0.433186618517685 -9999 0.613804269719632 0.529433750756819 0.412288769601181 0.406628762665322 0.470861469006728 0.514560729911786 0.491178155370782 0.495415245197045 0.511637739096125
