data/rasters/s9.26.09.li.1_xyz_08_.asc
NCOLS 100 
NROWS 100 
XLLCORNER -4 
YLLCORNER -4 
CELLSIZE 0.08 
NODATA_value -9999 
[rows 44 to 65 of 100, columns 0 to 48 of 100]
-9999 -9999 -9999 -9999 -9999 -9999 -9999 -9999 -9999 -9999 -9999 -9999 -0.0887847615160126 -0.0476530502324779 -0.047708080532086 -9999 -9999 -0.00251402282766739 0.0415574177610946 -0.19046905321934 -9999 -9999 -9999 -9999 0.00372508322099424 0.0598120035894063 -0.103908349834816 0.0574735397807349 0.202642165964726 0.220242583308416 0.0872137265094511 0.055600097033624 0.0226576302891771 0.0925301745958972 -9999 0.0405282692709462 -0.0438587211597238 -9999 -0.0484395293497802 0.00691981442481117 0.013711951213706 -0.0137138554434326 -0.0601047614006746 -0.0782395929201528 -0.103197845712968 -0.0337468661074913 -0.125496548305776 -0.0718237345713622 -0.0232606491050061
-9999 -9999 -9999 -9999 -9999 -9999 -9999 -9999 -9999 -9999 -9999 0.0262235273253737 0.0646250846920233 -0.0609048311452235 -0.0717868584111754 -9999 -9999 -0.112341418348352 -0.0644338185652456 -0.0882735524349951 -0.084507960923693 -0.0817582265735372 -0.147540981714359 -9999 -0.0185833766332324 -9999 0.0485263043503951 0.0214142900886043 0.190930387543465 0.194313802395458 0.137662149585364 0.14048980451344 0.159253360516871 0.133281438650987 0.0632074246849106 0.0860192114591204 0.0223083127292235 0.0917249251133639 0.00272234872823275 0.0351930930632176 0.0431840245073512 0.0201587509715565 -0.0569479926094905 -0.0563450795557457 -0.155877730724214 -0.0532772938213718 -0.021961680172384 -0.00639871020850389 -0.0799984534787123
-9999 -9999 -9999 -9999 -9999 -9999 -9999 -9999 -9999 -9999 -9999 -0.0608226868996832 0.0840824490691823 0.0262376114768501 -0.0522343349983222 -9999 -0.0948350242016229 -0.048871269262894 -0.0411242512383356 -0.0672647536419454 -0.0766124835998932 -0.0354846685948611 -9999 -9999 -0.227927671694366 0.180870588809189 0.117560649103797 0.134331705494196 0.097724772232295 0.152470043603399 0.116017881071353 0.197834889424681 0.163170067559832 0.0704916786309444 0.0881288161922669 -0.0510731775570746 0.040154819769098 0.0876947853414216 0.00413823450018713 0.0150810386846452 -0.00935335922007343 -0.0233151361661398 -0.0723174291293491 -0.0926447219269859 -0.112847394838893 -0.0339175813468372 0.0504618400715134 0.0339859793877636 -0.115576799926145
-9999 -9999 -9999 -9999 -9999 -9999 -9999 -9999 -9999 -9999 -9999 0.0637601497757321 0.0726743487035978 0.0840814316380599 -0.0458939372112885 -0.127654041227582 -0.0532101143173281 -0.0691287251574749 -0.0593408545638074 -0.0545019113771236 -0.00187233112866634 0.0754080553364809 -0.157626180855421 -9999 -0.0742142567224983 0.0922068042130493 0.144587493123046 0.164962960021248 0.136817817205093 0.0654541936201804 0.0508308062070271 0.0658510976350401 0.0239323800337991 0.0492408692114543 0.00206631203079552 -0.150429153511431 -0.00256337237597096 0.0383521659254821 -0.00822937023160702 0.0595977984641706 0.0499572742115972 -0.0394790790775688 -0.0673530235933757 -0.0736531571444187 -0.125380187762929 -0.126669654299413 -0.013149399774728 0.0191995956758601 -0.1079968883599
-9999 -9999 -9999 -9999 -9999 -9999 -9999 -9999 -9999 -9999 -9999 -0.00627154690859077 0.0222315494468776 0.00631130234956055 -0.0413963991490531 -0.0876992050112674 -0.0772862442116899 -0.0890545083119748 -0.0113138010185991 -0.0734468756993251 0.00100266175295921 0.0423220681327214 0.0379372888682126 -9999 0.220606690649842 0.144446465932968 0.0536877023812465 0.195459132633323 0.198361906113131 0.0737996309466852 0.105288643631377 0.103089981971825 0.0918731031440284 -0.0363691339274408 -0.064215744587467 -0.109962272885088 0.00347675995859017 0.0653224966347624 0.0701061214393715 0.0451247365005061 -0.0333636763737781 -0.0721978885857077 -0.0837772893103664 -0.0885401092133239 0.0436156193149387 -0.254532419188467 -0.000129331691378734 -0.0324092966301676 0.0110124062346441
-9999 -9999 -9999 -9999 -9999 -9999 -9999 -9999 -9999 -9999 -9999 -9999 0.0476089058251858 0.0383274388524676 0.0574188747516546 0.00207338718725309 -0.129738119584169 -0.0583360736390314 -9999 -9999 -9999 -0.145024568553511 -0.178941244338778 -9999 -9999 0.104798198805808 0.108584046401398 0.168466328230608 0.116764802085507 0.0965084278961023 0.165286971521785 0.162519498532912 0.156336157413462 -0.109842609167833 -0.0204433160945045 -0.0688760677807823 -0.0932715177126441 0.108299442882886 0.114460722606938 0.0866123903525232 0.013231846787975 -0.0393441348864077 -0.0857217794908955 -0.0885024831125957 -0.0442785491711081 0.0419439900832188 -0.0279856924456898 -0.0530153443158205 -0.0213807566047192
-9999 -9999 -9999 -9999 -9999 -9999 -9999 -9999 -9999 -9999 -9999 -0.109331925150472 0.12025650667882 0.146173502980525 0.0172800609089662 -0.0206498204704057 -0.0719499512781821 -0.0401905825340483 -9999 -9999 -9999 -0.18438081464797 -0.235451313286868 -0.288584094531671 -9999 -9999 -9999 0.173387056684702 0.181012914133404 0.194437747398999 0.197456634029428 0.15054733412931 0.110086783066029 -9999 0.00851460275577043 0.00834013674832996 0.0305380706717225 0.0047302867864713 0.0682712140526605 0.00871887224020865 0.0248427486454637 0.0428618973635394 -0.158050851488131 -0.136259413599398 0.0585670663972839 0.0110062071262887 -0.0734939414359149 -0.0709837714389588 0.0149316091897471
-9999 -9999 -9999 -9999 -9999 -9999 -9999 -9999 -9999 -9999 -9999 0.0129740234701282 -0.00131602850304618 0.0204880699698826 0.024027613999423 -0.0120161092714343 -0.0627703903064042 -0.0346380012292834 -0.0476798036271703 -0.162093990692232 -0.169430604657678 -0.136867503949893 -0.170122475716014 -0.243332230430369 -9999 -9999 0.1798633659948 0.212324390084267 0.256773458977623 0.182159805169416 0.0971548541435339 0.0334328835298979 -0.0389498099181736 0.0205359364098585 0.0094074810386897 0.0667698596942989 0.00887220952159951 0.0462927716091162 0.068307466562226 0.00293950652533412 0.0220002681777615 -0.0119829633089199 -9999 -0.0321192777653843 -0.0162042474879505 0.0237047180584242 -0.0244189394402425 -0.0146076942491383 0.0699658221851224
-9999 -9999 -9999 -9999 -9999 -9999 -9999 -9999 -9999 -9999 -9999 0.049240013866159 0.0274266130580845 0.0407509663996501 0.00409188918980404 0.0175158951996912 0.00098966890476793 -0.0064848238768478 -0.0792990896790046 -0.1690551114143 -0.133080496069048 -0.117127836208582 -0.177741966722133 -0.21143600643872 -9999 -9999 0.144177217760108 0.157183702731942 0.210932164846901 0.128285699960475 0.106114999783937 0.0588985858127091 0.054202974968115 0.0902938283906107 0.125920536258083 -9999 -0.106641812204038 0.102337787518749 0.0475642814312912 0.0950302877457887 0.104669093852847 -0.0139898712996801 -9999 -9999 0.0177976842365977 0.0349090228380465 -0.0419694484562203 -0.0701129670839364 0.0849749777880866
-9999 -9999 -9999 -9999 -9999 -9999 -9999 -9999 -9999 -9999 -9999 -9999 0.133502576530824 0.0589894054558885 0.0182364425593189 0.0424441893637738 0.0719553605664713 -0.109210760090112 -0.131324736912013 -0.219050488722614 -0.202768769025318 -0.208066025060204 -0.193815685021464 -9999 -9999 -9999 -9999 0.115022822901969 0.201152862861619 0.123962465107 0.0985061072862748 0.0735796530145068 0.0413932610006351 0.132564665663158 0.0182164242403784 -0.0201764415421113 0.117455261860358 0.164144801488687 0.10229016546594 0.130567286164754 0.124688171242371 -0.0081332461013948 -9999 -9999 0.0680704582464538 0.0954309760106499 0.104375378699908 0.105681453074833 0.0239033906256422
-9999 -9999 -9999 -9999 -9999 -9999 -9999 -9999 -9999 -9999 -9999 -0.0462626563215377 0.0999071106829368 0.129715681534144 0.0358524402966212 0.00841720119323762 0.0945999183701118 -0.143511502563189 -0.172682584566672 -0.210011900309357 -0.221115046943573 0.0462115810711258 0.0192131762166503 0.00995632571704912 -9999 -9999 -0.0961755951674172 0.0013271021351524 0.205347929104138 0.0835128843373742 -9999 0.0172277684794581 0.00454589422986952 -0.00450236286968478 -0.00857838998027201 -0.00767615010764786 0.0559658250721687 0.0648220896193329 0.0967142927154858 0.0869594408064078 0.086301739972011 0.0395957880521004 -9999 -9999 0.109667287956568 0.0818864722346372 0.0860571426194247 0.13889248011257 -9999
-9999 -9999 -9999 -9999 -9999 -9999 -9999 -9999 -9999 -9999 -9999 0.0139154941881486 0.107039329625932 0.0853426154486055 0.0373598113204573 0.0746118384727884 0.0670618594053857 -9999 -0.179283746855104 -0.164526355350545 -0.161987247498767 -0.0530912351209048 -0.0193497275981907 -0.00420695106462401 -9999 -9999 -0.0797516214202955 -0.00257678710451878 -9999 -0.0311473322327635 -0.00947821934072171 -0.0010265651289727 0.0876824956314873 0.0351733274729008 -0.00603745055627163 0.021459674367995 -0.0178828559381525 -0.0153923688339786 0.0733756539218267 0.0826127193448067 0.0690864319330453 -0.0772540689902485 -0.0100884736791666 -0.133221564389844 0.126235678253174 0.0867509662135917 -9999 -9999 0.0701335141926696
-9999 -9999 -9999 -9999 -9999 -9999 -9999 -9999 -9999 -9999 -9999 0.0737340716229961 0.0592902764119635 0.124931794017027 0.0595890502199372 0.11689578142545 -9999 -9999 -0.124445358920021 -0.0432217549488729 -0.084393539140281 -0.150860173008288 -0.115339456891128 -0.0394000669874645 -9999 -9999 -0.114707540500053 -0.0371393277596468 -0.0406570112276224 -0.0595681919836436 -0.0720358570076146 -0.00528417593015451 -9999 -9999 -9999 0.10987714472491 0.0766652846988206 0.0793942380018756 -9999 0.127546570543027 0.0642086457558698 -0.0304273171796328 -0.0493003634377962 0.0084406856347639 -0.00421322999182841 -0.04299710228219 -9999 0.0912598971686355 0.085436370095038
-9999 -9999 -9999 -9999 -9999 -9999 -9999 -9999 -9999 -9999 -9999 -9999 0.070749932868035 0.0350270824102007 0.155495347550199 0.229531006591352 0.0417879795152418 -9999 -0.217948498058681 -0.137840010972628 -0.0886506864169909 -0.152270593849112 -0.166410619558947 -0.140219956240256 -0.0717667752758399 -9999 -0.294006509678791 -0.116780556317692 0.0182421252480496 -0.0322106355397754 -0.0511832641945205 -9999 -9999 -9999 -9999 0.127152570834908 0.145474026133871 0.108742498416103 0.0424244072438129 0.104575900561917 0.047664133714407 0.0190606604081436 0.032127271419262 -0.0564307982818961 0.0524907688531401 -0.0259653283374947 0.0782294660262071 0.0214767985313979 0.0191035529438877
-9999 -9999 -9999 -9999 -9999 -9999 -9999 -9999 -9999 -9999 -9999 -9999 0.0488360391470142 -0.00565589381726231 0.0410096707466614 0.0614359296045342 0.0331530923172718 -0.20438841771005 -0.232640501424052 -0.115203517182047 -0.141405615990962 -0.151197860800254 -0.142715613581873 -0.091394454541747 -0.0519669119558896 -0.0618042723319629 -0.114743557656361 -0.0670859268150018 0.0178850655032681 0.0795163327406279 0.0871343488330296 0.104200591956538 0.0653424961953575 -9999 -9999 0.0772731710920218 0.110126758059895 0.0695757823086907 0.0254225706881318 0.101507473901557 0.117082721755697 0.023639943080133 -0.0179441735501431 0.0335098090042406 -0.0908112679774265 0.063169894167534 0.0349042837152991 -0.0479966230748318 -0.0641019475708684
-9999 -9999 -9999 -9999 -9999 -9999 -9999 -9999 -9999 -9999 -9999 -9999 0.0634312225941104 -0.28123410045788 0.0950401594505551 0.0288200473020338 0.0798288578450624 -0.206406272214758 -0.248852862816493 -0.1922675697963 -0.219145310554918 -0.225371164884911 -0.105081670562332 -0.0685726814078925 -0.0884267160526553 -0.16177481583201 -0.216126994846509 -0.100910162721366 0.0217629809546318 -0.205172194013351 -0.100550736235395 0.0739210632369801 0.0272559653270923 -9999 -9999 0.24043409269922 0.257633502069641 -0.0333850880337558 -0.0661864615026922 0.0191663800190574 0.0164167316127791 0.137563292511958 0.0467112992959917 0.0313527789585141 -0.120413910787669 -0.0545969090057257 0.00940920854311929 -0.0265367914347916 -0.0656385784940508
-9999 -9999 -9999 -9999 -9999 -9999 -9999 -9999 -9999 -9999 -9999 -9999 -0.251182963575702 -0.265925598052642 -0.34179883647495 -0.324973552393781 -0.330666294617068 -0.255563035213366 -0.222219388228538 -0.198306393517602 -0.209995393305957 -0.106948166800177 -0.056653573570849 -0.0408947036271685 -0.0080545502766829 -0.0308171371952502 -9999 0.0520814078072567 -9999 -9999 -0.100655711503653 0.0521272706693763 0.0604536280932174 0.46172643979084 0.121546533963631 0.18820838922919 0.256808026433094 0.109813778552036 -0.00425726295093288 -9999 0.00266714480457822 0.14406083680733 0.118141177038379 0.0791920631954319 0.00486277985161539 -0.0882044523716592 -0.145123566669159 -0.116544983118852 -0.0615490953048665
-9999 -9999 -9999 -9999 -9999 -9999 -9999 -9999 -9999 -9999 -9999 -9999 -9999 -0.308380259600462 -0.361884359148857 -0.301974125017238 -0.244001333627531 -0.282917158089424 -0.243892321480728 -0.224195640647189 -0.209091518354424 -0.184679115847758 0.0019144870210446 -0.0185760851507857 0.00942269716818527 -0.0367584844462805 -9999 -9999 -0.252117158016836 -0.246040742712212 -0.105932078798337 0.0775988578455689 0.167620805252173 0.333497945387808 0.514760015503288 0.312465377185363 0.215396142418604 0.116888992392596 0.00830816057317432 -9999 -9999 0.142348530427601 0.144927396189716 0.0730883079595598 -0.00245639637253158 0.00606898637657356 -0.0614907576140877 -0.140458695077872 -9999
-9999 -9999 -9999 -9999 -9999 -9999 -9999 -9999 -9999 -9999 -9999 -9999 -9999 -0.340957420032485 -0.33530260339897 -9999 -0.228160787870917 -0.329015977712617 -0.202410110822922 -0.152174979629351 -0.179780589773671 -0.220137863017579 -0.25149440315187 0.0257728866382518 -0.0460397092187984 -0.150476942771066 -9999 -0.188883626723016 -0.185165027812477 -0.14959959780563 -0.0810068918939982 0.187659840456914 0.345062118872933 0.419536723605564 0.581568169439506 0.270660122345082 0.192328371351042 0.00248304067073546 0.0876272295532088 0.217056299626341 0.175068359367999 0.0985363044867905 0.0401746478769939 0.131897814908549 0.0566537274073213 -0.0506322812982222 -0.0718431270066548 0.0450423823030852 -0.058292910145872
-9999 -9999 -9999 -9999 -9999 -9999 -9999 -9999 -9999 -9999 -9999 -9999 -9999 -0.367087713459039 -9999 -9999 -0.285709831038003 -0.295226475772043 -0.273258225640367 -0.171360459193256 -0.217317549050806 -0.229752500803813 -0.271943890551326 -0.105230411785853 -9999 -0.261776564461051 -0.212565198537344 -0.223427572132431 -0.165958029827125 -0.0843988332934435 -0.00393656049944181 -0.0802225220619778 -9999 -9999 -9999 -9999 -9999 -9999 0.0685734344474599 0.0841720833836828 0.1034888736299 0.0247267060510428 -0.0140425157495947 0.0520148726338719 0.0073646816427805 0.017775679956633 -9999 0.0528836289167369 0.0427507496242109
-9999 -9999 -9999 -9999 -9999 -9999 -9999 -9999 -9999 -9999 -9999 -9999 -9999 -9999 -9999 -9999 -0.253393531670493 -0.30007633553496 -0.235741150100242 -0.195129987175671 -0.316837799971214 -0.233648692146848 -0.264445353900921 -0.335715150001909 -0.276417012213559 -0.298026524403391 -0.250730227918159 -0.218651051317694 -0.141328858603795 0.308500239643508 0.126321885714346 0.224906020744641 -9999 -9999 -9999 0.160168673227636 0.0684642401497355 0.125890212262078 0.10614613360735 -0.00991833452116174 -0.0151133522118588 -0.0534075246017945 -0.0197615257956767 0.115562367867638 0.165572500108709 -9999 -0.0595501216629724 -0.122632738191916 -0.134370994769516
-9999 -9999 -9999 -9999 -9999 -9999 -9999 -9999 -9999 -9999 -9999 -9999 -9999 -9999 -9999 -9999 -9999 -0.339641267647421 -0.259572545160924 -0.143396253110685 -0.220363748055916 -0.230944268348365 -0.259882007812695 -0.313678746063458 -0.269699746013714 -0.153412764485517 -0.178659051796443 -0.224691145177283 -9999 0.481287793897302 0.41973799799428 -0.1299609199702 -9999 -9999 -9999 0.154799908945456 0.0735007375762723 0.146578509369664 0.108714187755578 0.0833831413300446 0.0437885920152617 0.0136562276578191 0.0402348269364726 0.120841525713837 0.18083524258571 0.0893511979885918 0.0814372634747109 -0.083681282007169 -0.169160322048915
