data/rasters/s9.26.09.li.5_xyz_08_.asc
NCOLS 100 
NROWS 100 
XLLCORNER -4 
YLLCORNER -4 
CELLSIZE 0.08 
NODATA_value -9999 
[rows 22 to 43 of 100, columns 0 to 48 of 100]
-9999 -9999 -9999 -9999 -9999 -9999 -9999 -9999 -9999 -9999 -9999 -9999 -9999 -9999 -9999 -9999 -9999 -9999 -9999 -9999 -9999 -9999 0.149192585466891 0.0229874116949702 -9999 0.0216163451649926 0.0653346696133993 0.06811220655704 0.114672723374152 0.0243207871761944 -0.0257479864174999 -0.126947804756783 -0.0912747146308757 -0.157705912848872 -9999 -0.12227832229776 -0.0537348580901996 -0.0476132198807889 0.0977377687298421 -9999 0.123983195458304 0.288110821474818 0.246137522010011 0.187539682836823 -9999 -9999 -9999 0.291629486699589 0.287841091707085
-9999 -9999 -9999 -9999 -9999 -9999 -9999 -9999 -9999 -9999 -9999 -9999 -9999 -9999 -9999 -9999 -9999 -9999 -9999 -9999 -9999 -0.0175408436895051 0.0682614677108475 0.0635306200199957 -0.00514705189472957 0.0228638109625211 0.10773057969281 0.0879014398665959 0.113866839774703 0.0197641005025108 0.107129343212829 -0.0677314352228073 -0.0942474840072189 -0.0670027434883103 -9999 -0.110357983334287 -0.0861367938283228 0.00988014578328708 -9999 -9999 0.16345499916894 0.317961854440468 0.248509580463475 0.143793603949344 -9999 -9999 0.0318654909031126 0.124873919173768 0.211235960378062
-9999 -9999 -9999 -9999 -9999 -9999 -9999 -9999 -9999 -9999 -9999 -9999 -9999 -9999 -9999 -9999 -9999 -9999 -9999 -9999 0.209257023166247 0.0774699434351807 -0.0217874263648842 -0.0141016126662769 0.0115180796856166 -9999 -9999 0.0888484963943941 0.0469691559254082 0.0173038181434804 0.112259931643157 0.0912234178117523 -0.0717084238083438 -0.0791880283349717 -9999 -9999 -9999 0.0373578646722081 0.0198321173011132 -0.0256007698629594 0.0540072830321189 -9999 0.176955393934154 0.187100503484833 0.208551319894021 -9999 -9999 0.217469298118134 0.214327352612122
-9999 -9999 -9999 -9999 -9999 -9999 -9999 -9999 -9999 -9999 -9999 -9999 -9999 -9999 -9999 -9999 -9999 -9999 -9999 -9999 0.0287651363237077 0.0343404408282417 0.0306181631576729 -0.0127327807999908 0.0418770850744082 0.0385156148303385 0.0032638369887001 0.0187546732366377 0.0469446631602144 0.0622658493065538 0.0840457905220654 -9999 -0.0633941567658826 -0.0548944969089037 -9999 -9999 -0.00726593714652581 -0.0106104842226239 0.0687664950128491 -0.0182401086785741 0.0677872147623237 0.179484531056311 0.245656954887799 -9999 -9999 -9999 -9999 -9999 0.250466461912692
-9999 -9999 -9999 -9999 -9999 -9999 -9999 -9999 -9999 -9999 -9999 -9999 -9999 -9999 -9999 -9999 -9999 -9999 -9999 -0.00991690591976771 -0.0331396778035355 -9999 0.0349792398083132 0.00545180577253945 -0.0320737119017711 -0.00389818261806987 -0.063574097436217 -0.00821653655527429 0.0192892347121028 -0.0702212567750003 -9999 -9999 -9999 -9999 -0.0493677042008738 0.0595182036712043 0.0410642233906252 -0.0387524249964871 -0.0220651809914603 -0.00257614838189076 0.137690521474127 0.172276236921507 -9999 -9999 -9999 -9999 -9999 -9999 0.134290859018955
-9999 -9999 -9999 -9999 -9999 -9999 -9999 -9999 -9999 -9999 -9999 -9999 -9999 -9999 -9999 -9999 -9999 -9999 0.0936295656331339 -0.0414036748855603 -0.0261767191552893 -0.0168502078114323 0.0175404132880214 0.0195910065497672 -0.127291182314596 -0.144979890224017 -0.0486692278963441 -0.00565674739237575 0.0133290725772379 -0.0644804501754998 -0.0637128459398742 -9999 -9999 -9999 -9999 -9999 0.0175009181156695 -0.0319799815525087 0.04769575828341 -0.0258333936459758 0.138729120786922 0.259569786588168 -9999 -9999 -9999 0.127780075814901 -9999 -9999 -9999
-9999 -9999 -9999 -9999 -9999 -9999 -9999 -9999 -9999 -9999 -9999 -9999 -9999 -9999 -9999 -9999 -9999 0.088822857242821 0.104237725955881 0.0840015909232813 0.0329475503847009 0.0136771419692126 0.048056019698831 -0.0234577045640079 -0.104688695307403 -0.101337292200469 -0.0425156913786755 -0.0563448613103496 -0.0652861452323698 -0.142869143609859 -0.00730121921104672 -9999 -9999 0.101357603166714 0.0906790962954587 0.0567814120905756 0.0876823291008856 -0.0265681321129231 -0.0161491547781776 -0.0512139834285979 0.129676558244957 0.255106112257002 0.219093891023924 0.20266804419322 0.268822157294138 0.16812086322166 -9999 -9999 -9999
-9999 -9999 -9999 -9999 -9999 -9999 -9999 -9999 -9999 -9999 -9999 -9999 -9999 -9999 -9999 -9999 -9999 0.0742641183871477 0.0692074135451901 0.0397744751974691 -9999 0.00951125443878751 0.000270482830951891 -0.0259226745295143 -0.0805439191609198 -0.0818632505256475 -0.0387914361177978 -0.0881910611914642 0.0524520310295083 0.0860324825179563 0.0606963063194378 -9999 -9999 0.0410166891555793 0.148181058089684 0.190260187111724 0.0327606126373006 0.0623534448245886 0.0774216242920281 0.020782842710392 0.149011935657043 0.209902659713917 0.178807170375938 -9999 -9999 0.17915425173857 0.196595927774013 -9999 -9999
-9999 -9999 -9999 -9999 -9999 -9999 -9999 -9999 -9999 -9999 -9999 -9999 -9999 -9999 -9999 -9999 0.00716600433130619 0.0119944019976965 0.0523006319749792 0.0659536149435808 -9999 0.00458994251274991 -0.0237458571755041 0.144259494501901 -0.128667625347608 -0.0943166904726666 -0.12936211517802 0.152166104660605 0.0375850870896175 -0.036197943404539 0.0747259052894371 -9999 -9999 -9999 0.149602407869913 0.11568534103766 -0.026804987377182 -9999 0.0302251490574772 0.0598054820879739 0.123500200741444 0.19267324778479 0.161737315598671 0.146628719767725 0.246065135193776 0.225565243385661 0.236225922778054 -9999 0.151361752721169
-9999 -9999 -9999 -9999 -9999 -9999 -9999 -9999 -9999 -9999 -9999 -9999 -9999 -9999 -9999 -9999 -9999 -0.00469151183066372 0.0133487883982815 0.0216799610648322 0.141782755034413 0.0773038774136348 0.0666488986324223 0.04326026503254 -0.0600125562355117 -0.0706819763982636 -0.0764376691326213 0.00792689737511464 0.0812259371268887 0.101721366438063 0.052619715584488 0.0445980616521625 0.0750149495874379 0.124155408065688 0.132876919246658 0.0842006094968891 -9999 -0.138462299114162 -0.0473018238885136 0.0448869392262059 0.0866932596392718 0.00285515185768562 0.015810856269294 0.0835825305275529 0.131586524901606 0.202952168747033 0.188649494459916 0.132213778185819 0.145627444795724
-9999 -9999 -9999 -9999 -9999 -9999 -9999 -9999 -9999 -9999 -9999 -9999 -9999 -9999 -9999 -9999 -0.0198687446772912 0.0240233814733999 -0.0365964727320918 -0.00758023386443424 0.0410909268496739 0.0919985843025438 0.0878795491807514 0.0606455402407264 -0.00557533456110702 -0.030941888129474 -0.0159080077211843 -9999 -9999 0.016538963471104 -0.0115407199449057 0.01648970892955 0.0735647310609033 0.115671398424741 0.120179638319058 0.117868975491253 0.0141618447994976 -9999 -0.029723648666137 0.0457948120828241 0.0328976514430437 -0.0241111764725822 -0.0557028223433876 0.0508594672506722 0.161187781970489 0.178912582697332 0.172217296975344 0.156068330013987 0.157945308690919
-9999 -9999 -9999 -9999 -9999 -9999 -9999 -9999 -9999 -9999 -9999 -9999 -9999 -9999 -9999 -0.144119065243704 -0.0586203591980194 -0.023118491238476 -0.0948486776567184 -0.0660541758790987 0.0983486257502793 0.123444138627839 0.11050803973205 0.0737803096807922 -0.0432432366826691 0.0768600936414999 0.0734966844520646 -9999 -9999 -0.0413996226658456 0.0849612936955995 0.117840800208023 0.145989199261817 0.0854015767880227 0.0994271428717971 0.0736574455324115 -9999 -9999 -9999 -9999 -0.00858697778968103 -0.0688208750801014 -0.024000756496159 0.0756912935983157 -9999 0.128877881037037 0.172172128070004 0.144232078739923 0.114199945527887
-9999 -9999 -9999 -9999 -9999 -9999 -9999 -9999 -9999 -9999 -9999 -9999 -9999 -9999 -0.0472856553083442 -0.00311383562166198 -0.0455375112642052 -0.0657924501310499 -0.102004946731702 -0.0845983569518018 0.150311708349936 0.0713524254068288 -0.057080998780332 0.024415885471431 -0.0182613039069349 0.0778710066502295 0.0903249924555091 0.00410676358883028 0.018672780006508 -0.0232215944311571 0.0469293495471595 0.0973947252426088 0.125123689095033 0.00302318448677612 0.00482978078093968 0.058227196441227 -9999 -9999 -9999 0.0600969622559965 0.0216522940500704 -9999 -9999 -9999 -9999 0.109242445492579 0.0550842868882731 0.06583655075535 -0.0215118333169703
-9999 -9999 -9999 -9999 -9999 -9999 -9999 -9999 -9999 -9999 -9999 -9999 -9999 -9999 -0.0657594404661348 -0.0862238884190156 -0.0420776884379912 -0.0317287335622067 0.0262535731095318 -0.0106659693315989 0.0655642614143829 0.0942146674564977 0.0490669683232923 0.108482001772306 0.0151836732013946 0.0556736648646154 0.0598878889460877 -9999 -0.0311363487782768 -0.0758287744375688 -0.212424120380667 0.139038680541999 0.0832395680991517 0.0508590619156258 0.0406615144043313 0.0987281901225944 0.0721977820576068 -9999 -9999 0.0467350935975916 0.0696209660603808 0.0586077027992061 -9999 -9999 -9999 -9999 0.0650181167888475 0.112431308335419 -0.0130730895015145
-9999 -9999 -9999 -9999 -9999 -9999 -9999 -9999 -9999 -9999 -9999 -9999 -9999 -9999 -0.0261654789823958 -0.100562584961605 -0.119077845290287 0.00533061719070848 -9999 0.0410721996765897 0.0486254408015802 0.055183227265717 0.095198316811095 0.0394967302477906 0.0449213684411856 0.0352460822379078 0.0157535943662081 -9999 -0.0469476611444352 -0.0174106319668253 0.103908867076116 0.132264954188242 0.0999129757518671 0.118943453016132 0.0722062959147368 0.114573157739603 0.0428972117678577 0.0571969324499547 -9999 0.0503497000947842 0.0405058388435028 0.0376797000504169 0.032938077326403 -0.0842450972525603 -0.0765390846724975 -9999 -9999 0.00208627114103751 -0.00147246935563669
-9999 -9999 -9999 -9999 -9999 -9999 -9999 -9999 -9999 -9999 -9999 -9999 -9999 -9999 -9999 -9999 -0.0987346723315247 -9999 -9999 0.083722223000169 0.00192768339555422 -0.0285048404533695 -0.031612777463993 0.00610609350187112 -0.0769401639269077 0.00952614218959465 -0.123284826127155 -0.336115150373277 -9999 0.0149198694391053 0.0708571910992784 0.0648050992608685 0.00171872353806599 -0.0799233906473724 -0.0260589111809198 -9999 0.0866241759097771 0.043875997120965 -0.00284642939620823 -9999 -9999 0.0188044886041956 0.0309997192516359 0.00933080893874683 -0.0598364128820184 -9999 -9999 -0.00830626760397057 0.0515349080784194
-9999 -9999 -9999 -9999 -9999 -9999 -9999 -9999 -9999 -9999 -9999 -9999 -9999 -9999 -9999 -9999 -0.0797079475708214 -0.057965939644957 -0.0155396349883095 -0.009840656356245 0.0146471584670892 0.0362077486111479 0.0404813800634944 0.00546795230262033 0.00429627950076313 0.0329636448391235 0.0428591846408513 -0.0507742773632909 -0.125040543134665 -0.111460267544833 -0.0340125914358955 -0.00817292418004251 -0.0178758205549894 0.0458131181842963 0.0475259052129308 -0.0807995776982361 -0.105045088491297 -0.0572872719274985 -0.123359072175388 -0.104648306080188 -9999 0.0195445319142237 0.00687876434497172 -0.0448152276178046 -0.064482799320912 -9999 -0.126453175127009 -0.1141982554179 -9999
-9999 -9999 -9999 -9999 -9999 -9999 -9999 -9999 -9999 -9999 -9999 -9999 -0.0942385621405561 -0.122139263139505 0.00656805767052864 -9999 -9999 -0.0379402858100328 0.0464235173111301 0.0393199417582326 -0.00525887753284569 0.0128110193368563 0.0317313976142392 0.0634108916223931 0.0489340097740876 0.0415682436242541 -0.0857026304498375 -0.042206695442727 0.00355545728744795 -0.0111269386156216 -0.0788357881764427 0.0121503204823864 0.0537544740505711 -0.0265855676264215 -0.00646810996299655 -0.0910859159677311 -0.183420676956177 -0.114448730675077 -0.152845851724464 -0.120310386196761 -0.0769693807551664 -0.0726803341896087 0.052599950075023 0.0378171293792357 -0.0444716858284356 -9999 -9999 -9999 0.0983515835617511
-9999 -9999 -9999 -9999 -9999 -9999 -9999 -9999 -9999 -9999 -9999 -9999 0.0139319428948608 -0.0156656720197637 -0.0788479849516254 -9999 -9999 -0.0463180356584675 0.0280950091639967 -0.00969522202583372 -0.0828424753975484 -0.00971912576339252 -0.0139852099461822 -0.0411273748070886 0.00582605887288343 -0.0891058429476093 -0.0764102248830967 -0.0452579800531017 -9999 -0.092548178849049 -9999 -0.0404746454483105 -0.0867529087188252 -0.131223203326858 -0.133929409495681 -0.0747948207976086 -0.0941806459795542 -9999 -0.176575123935676 -0.191745489065434 -0.157810385605413 -0.167467337013337 -0.026980626352932 0.0555259784780128 -9999 -9999 -9999 -0.0736545502054693 -0.000953304887204941
-9999 -9999 -9999 -9999 -9999 -9999 -9999 -9999 -9999 -9999 -9999 -9999 0.0165953077306181 -0.0124642351211255 -0.0182077616362338 -0.08853232975092 -0.0744340332839564 -0.0357585937391924 -0.0108836705968311 -0.00212939498300716 -0.115533626564044 -0.0976117019320021 -0.0181690511906685 -0.0241128327372734 -0.11272559283452 -0.161507036834622 -0.0206320403445305 -0.0165946553005392 -0.0363825312675986 -0.0711569203695054 -0.0942686319541896 -0.147254204826779 -0.20608237531334 -0.138726168160794 -0.0932812956762119 -0.174310936667317 -0.100837238180292 -0.10150192580673 -0.0445842466821281 -0.200722983483182 -0.11782666850602 -0.173368341359195 -0.132207096208822 -0.0142919545204768 -9999 -9999 -9999 -0.143100303470525 -0.0827610713687598
-9999 -9999 -9999 -9999 -9999 -9999 -9999 -9999 -9999 -9999 -9999 -9999 -9999 -0.0261830411512156 -9999 -0.118734093709827 -0.0738534148733188 0.0233222144371062 -0.0343779171868698 -0.070255552215934 -0.0870448845206589 -0.135084153937262 -0.0828758140349891 -0.0140056907578697 -0.0618170903899221 -0.0566566881919813 -0.050566179452936 -0.0361381739934958 -0.0471524799564183 -0.102337173042353 -0.153350648969898 -0.166945920655304 -0.0778768705185381 -0.0410161393939006 -0.0984201980213966 -0.0865072808283815 -0.082573161969381 -0.0392672676293452 -0.0425226613408425 -9999 -0.189017570556813 -0.178641166040027 -0.163987394863704 -0.0960183209811692 0.0561005771212847 0.101794689671771 -9999 -0.153370183423363 -0.144612327673114
-9999 -9999 -9999 -9999 -9999 -9999 -9999 -9999 -9999 -9999 -9999 -9999 -0.0428021613505652 -0.113548613609185 -0.148052808886 -9999 -9999 -9999 -0.0299198787320368 -0.0585506880578016 -0.0576412281535967 -0.0468258464120694 -0.0505912046671474 -0.0789875612784597 -0.0490596255349361 -0.0389181281844952 -0.0575532118542793 -0.0298647338903094 -0.115813097997865 -0.16677511357831 0.0337277556914032 -0.0607154168313808 0.0177308594087831 0.0254710084009575 -0.054178749756474 -9999 -0.052642409377045 -0.0428317655857733 -0.0492504132151931 -0.162399568281635 -0.14412457963157 -0.217238486168457 -0.215413200342308 -0.249691321799267 -0.17494356025848 0.0908595764745961 -9999 -0.0407696245791013 -0.0567962501107767
